-604.127 -6104.52 294.006 20148 -57.8985
-604.267 -6104.43 294.008 20148 -57.8985
-604.408 -6104.34 294.011 20148 -57.8985
-604.548 -6104.25 294.013 20148 -57.8985
-604.689 -6104.16 294.015 20148 -57.8985
-604.829 -6104.07 294.018 20148 -57.8985
-604.97 -6103.98 294.02 20148 -57.8985
-605.11 -6103.89 294.022 20148 -57.8985
-605.251 -6103.8 294.024 20148 -57.8985
-605.391 -6103.71 294.027 20148 -57.8985
-605.532 -6103.62 294.029 20148 -57.8985
-605.672 -6103.53 294.031 20148 -57.8985
-605.813 -6103.44 294.034 20148 -57.8985
-605.953 -6103.35 294.036 20148 -57.8985
-606.093 -6103.26 294.038 20148 -57.8985
-606.234 -6103.17 294.04 20148 -57.8985
-606.374 -6103.08 294.043 20148 -57.8985
-606.515 -6102.99 294.045 20148 -57.8985
-606.655 -6102.9 294.047 20148 -57.8985
-606.796 -6102.81 294.05 20148 -57.8985
-606.936 -6102.72 294.052 20148 -57.8985
-607.077 -6102.63 294.054 20148 -57.8985
-607.217 -6102.55 294.057 20148 -57.8985
-607.358 -6102.46 294.059 20148 -57.8985
-607.498 -6102.37 294.061 20148 -57.8985
-607.639 -6102.28 294.063 20148 -57.8985
-607.779 -6102.19 294.066 20148 -57.8985
-607.92 -6102.1 294.068 20148 -57.8985
-608.06 -6102.01 294.07 20148 -57.8985
-608.201 -6101.92 294.073 20148 -57.8985
-608.341 -6101.83 294.075 20148 -57.8985
-608.481 -6101.74 294.077 20148 -57.8985
-608.622 -6101.65 294.079 20148 -57.8985
-608.763 -6101.56 294.082 20148 -57.8985
-608.902 -6101.47 294.084 20148 -57.8985
-609.038 -6101.38 294.086 20148 -57.8985
-609.177 -6101.29 294.089 20148 -57.8985
-609.34 -6101.21 294.091 20148 -57.8985
-609.536 -6101.09 294.094 20148 -57.8985
-609.762 -6100.94 294.098 20148 -57.8985
-610.02 -6100.77 294.102 20148 -57.8985
-610.305 -6100.61 294.107 20148 -57.8985
-610.592 -6100.45 294.111 20148 -57.8985
-610.876 -6100.29 294.116 20148 -57.8985
-611.158 -6100.12 294.12 20148 -57.8985
-611.441 -6099.96 294.125 20148 -57.8985
-611.723 -6099.8 294.129 20148 -57.8985
-612.006 -6099.64 294.134 20148 -57.8985
-612.289 -6099.48 294.138 20148 -57.8985
-612.571 -6099.32 294.143 20148 -57.8985
-612.854 -6099.16 294.147 20148 -57.8985
-613.134 -6098.99 294.152 20148 -57.8985
-613.413 -6098.82 294.156 20148 -57.8985
-613.693 -6098.66 294.161 20148 -57.8985
-613.975 -6098.5 294.165 20148 -57.8985
-614.258 -6098.34 294.169 20148 -57.8985
-614.541 -6098.18 294.174 20148 -57.8985
-614.823 -6098.01 294.178 20148 -57.8985
-615.105 -6097.85 294.183 20148 -57.8985
-615.388 -6097.69 294.187 20148 -57.8985
-615.671 -6097.53 294.192 20148 -57.8985
-615.954 -6097.36 294.196 20148 -57.8985
-616.235 -6097.19 294.201 20148 -57.8985
-616.515 -6097.02 294.205 20148 -57.8985
-616.798 -6096.84 294.21 20148 -57.8985
-617.096 -6096.66 294.215 20148 -57.8985
-617.411 -6096.46 294.22 20148 -57.8985
-617.73 -6096.26 294.226 30148 -57.8985
-618.093 -6096.03 294.235 30148 -57.8985
-618.481 -6095.78 294.244 30148 -57.8985
-618.889 -6095.52 294.254 30148 -57.8985
-619.311 -6095.25 294.264 30148 -57.6718
-619.736 -6094.98 294.274 30148 -57.7094
-620.158 -6094.71 294.285 30148 -57.7094
-620.58 -6094.45 294.295 30148 -57.7094
-621 -6094.18 294.305 30148 -57.7094
-621.417 -6093.92 294.315 30148 -57.7094
-621.836 -6093.65 294.325 30148 -59.2264
-622.28 -6093.39 294.335 30148 -58.4653
-622.76 -6093.09 294.346 30148 -56.9916
-623.264 -6092.77 294.359 30148 -56.4576
-623.803 -6092.41 294.372 30148 -57.6997
-624.365 -6092.05 294.385 30148 -57.671
-624.928 -6091.7 294.399 30148 -57.6997
-625.491 -6091.34 294.412 30148 -58.1782
-626.07 -6090.98 294.426 30148 -57.2416
-626.66 -6090.6 294.44 30148 -57.7056
-627.265 -6090.22 294.454 30148 -57.7065
-627.876 -6089.83 294.469 30148 -58.662
-628.509 -6089.45 294.484 30148 -57.7858
-629.165 -6089.04 294.5 30148 -56.7263
-629.843 -6088.59 294.516 30148 -57.694
-630.546 -6088.15 294.533 30148 -57.6944
-631.253 -6087.7 294.55 30148 -57.694
-631.957 -6087.25 294.567 30148 -57.7168
-632.659 -6086.81 294.583 30148 -57.6708
-633.361 -6086.37 294.6 30148 -57.7169
-634.064 -6085.92 294.617 30148 -57.6937
-634.765 -6085.48 294.634 30148 -57.6932
-635.462 -6085.04 294.65 30148 -57.7166
-636.163 -6084.6 294.667 30148 -58.6179
-636.888 -6084.15 294.684 30148 -58.1699
-637.648 -6083.68 294.702 30148 -57.2331
-638.433 -6083.18 294.721 30148 -56.9075
-639.253 -6082.64 294.741 30148 -57.6902
-640.098 -6082.11 294.761 30148 -57.9208
-640.947 -6081.58 294.782 30148 -57.9391
-641.793 -6081.05 294.802 30148 -57.9388
-642.638 -6080.52 294.822 30148 -57.9581
-643.483 -6079.99 294.843 30148 -57.9389
-644.328 -6079.46 294.863 30148 -57.9581
-645.173 -6078.93 294.884 30148 -57.9389
-646.018 -6078.4 294.904 30148 -57.9389
-646.863 -6077.87 294.924 30148 -57.9581
-647.708 -6077.34 294.945 30148 -57.9389
-648.553 -6076.81 294.965 30148 -57.9581
-649.398 -6076.28 294.986 30148 -57.9389
-650.243 -6075.75 295.006 30148 -57.9389
-651.088 -6075.23 295.027 30148 -57.9581
-651.933 -6074.7 295.047 30148 -57.9389
-652.778 -6074.17 295.067 30148 -57.9581
-653.623 -6073.64 295.088 30148 -57.9387
-654.467 -6073.11 295.108 30148 -57.9385
-655.308 -6072.58 295.129 30148 -57.958
-656.152 -6072.05 295.149 30148 -58.2613
-657.012 -6071.52 295.17 30148 -57.9428
-657.893 -6070.97 295.191 30148 -57.6399
-658.792 -6070.4 295.213 30148 -57.9459
-659.704 -6069.83 295.235 30148 -57.9465
-660.622 -6069.26 295.257 30148 -58.2429
-661.558 -6068.68 295.279 30148 -57.6621
-662.511 -6068.07 295.303 30148 -57.9314
-663.48 -6067.47 295.326 30148 -57.7192
-664.436 -6066.86 295.349 30148 -57.9908
-665.368 -6066.28 295.372 30148 -58.0463
-666.272 -6065.72 295.394 30148 -58.0309
-667.15 -6065.17 295.416 30148 -58.3354
-668.011 -6064.64 295.437 30148 -58.0153
-668.856 -6064.11 295.457 30148 -58.0156
-669.698 -6063.58 295.478 30148 -58.0154
-670.542 -6063.06 295.498 30148 -58.0152
-671.389 -6062.53 295.519 30148 -58.0153
-672.234 -6062 295.54 30148 -58.0153
-673.08 -6061.47 295.56 30148 -58.0153
-673.926 -6060.94 295.581 30148 -58.0153
-674.771 -6060.41 295.602 30148 -58.0153
-675.617 -6059.89 295.622 30148 -58.0153
-676.463 -6059.36 295.643 30148 -58.0153
-677.308 -6058.83 295.663 30148 -58.0153
-678.154 -6058.3 295.684 30148 -58.0152
-679.001 -6057.77 295.705 30148 -58.0149
-679.851 -6057.24 295.725 30148 -58.0342
-680.699 -6056.71 295.746 30148 -57.2164
-681.522 -6056.18 295.766 30148 -57.5498
-682.309 -6055.68 295.786 30148 -58.4288
-683.073 -6055.21 295.804 30148 -58.8609
-683.799 -6054.77 295.822 30148 -58.7713
-684.505 -6054.35 295.839 30148 -59.8261
-685.214 -6053.93 295.856 30148 -60.4111
-685.929 -6053.53 295.873 30148 -60.2838
-686.643 -6053.12 295.89 30148 -60.124
-687.356 -6052.71 295.907 30148 -60.1856
-688.072 -6052.3 295.924 30148 -60.2207
-688.79 -6051.89 295.942 30148 -60.3514
-689.506 -6051.48 295.959 30148 -58.9988
-690.193 -6051.07 295.975 30148 -58.8207
-690.848 -6050.67 295.991 30148 -59.0824
-691.468 -6050.3 296.006 30148 -58.8798
-692.06 -6049.94 296.021 30148 -57.3258
-692.621 -6049.58 296.035 30148 -56.2765
-693.154 -6049.23 296.048 30148 -56.8293
-693.656 -6048.9 296.061 30148 -58.2446
-694.135 -6048.6 296.072 30148 -59.0096
-694.579 -6048.34 296.083 30148 -59.0096
-694.997 -6048.07 296.093 30148 -59.0096
-695.414 -6047.81 296.104 30148 -57.4978
-695.838 -6047.54 296.114 30148 -57.4978
-696.261 -6047.27 296.125 30148 -57.4978
-696.658 -6047 296.135 30148 -57.4978
-697.021 -6046.76 296.144 30148 -57.4978
-697.359 -6046.55 296.152 30148 -57.4978
-697.663 -6046.37 296.159 30148 -57.4978
-697.942 -6046.2 296.166 30148 -57.4978
-698.222 -6046.02 296.173 30148 -57.4978
-698.501 -6045.84 296.18 30148 -57.4978
-698.768 -6045.66 296.187 30148 -57.4978
-699.015 -6045.51 296.193 30148 -57.4978
-699.237 -6045.36 296.198 30148 -57.4978
-699.436 -6045.24 296.203 30148 -57.4978
-699.609 -6045.13 296.207 30148 -57.4978
-699.763 -6045.04 296.211 30148 -57.4978
-699.903 -6044.95 296.215 30148 -57.4978
-700.039 -6044.86 296.218 30148 -57.4978
-700.179 -6044.77 296.221 30148 -57.4978
-700.324 -6044.68 296.225 30148 -57.4978
-700.465 -6044.59 296.229 30148 -57.4978
-700.59 -6044.5 296.232 30148 -57.4978
-700.697 -6044.43 296.234 30148 -57.4978
-700.779 -6044.38 296.236 30148 -57.4978
-700.837 -6044.34 296.238 30148 -57.4978
-700.871 -6044.32 296.239 30148 -57.4978
-700.888 -6044.32 296.239 30148 -57.4978
-700.89 -6044.32 296.239 30148 -57.4978
-700.89 -6044.32 296.239 30148 -57.4978
-700.89 -6044.32 296.239 30148 -57.4978
-700.89 -6044.32 296.239 30148 -57.4978
-700.89 -6044.32 296.239 30148 -57.4978
-700.89 -6044.32 296.239 30148 -57.4978
-700.89 -6044.32 296.239 30148 -57.4978
-700.89 -6044.32 296.239 30148 -57.4978
-700.89 -6044.32 296.239 30148 -57.4978
-700.89 -6044.32 296.239 30148 -57.4978
-700.89 -6044.32 296.239 30148 -57.4978
-700.89 -6044.32 296.239 30148 -57.4978
-700.89 -6044.32 296.239 30148 -57.4978
-700.89 -6044.32 296.239 30148 -57.4978
-700.89 -6044.32 296.239 30148 -57.4978
-700.89 -6044.32 296.239 30148 -57.4978
-700.89 -6044.32 296.239 30148 -57.4978
-700.89 -6044.32 296.239 30148 -57.4978
-700.89 -6044.32 296.239 30148 -57.4978
-700.89 -6044.32 296.239 30148 -57.4978
-700.89 -6044.32 296.239 30148 -57.4978
-700.89 -6044.32 296.239 30148 -57.4978
-700.89 -6044.32 296.239 30148 -57.4978
-700.89 -6044.32 296.239 30148 -57.4978
-700.89 -6044.32 296.239 30148 -57.4978
-700.89 -6044.32 296.239 30148 -57.4978
-700.89 -6044.32 296.239 30148 -57.4978
-700.89 -6044.32 296.239 30148 -57.4978
-700.89 -6044.32 296.239 30148 -57.4978
-700.89 -6044.32 296.239 30148 -57.4978
-700.89 -6044.32 296.239 30148 -57.4978
-700.89 -6044.32 296.239 30148 -57.4978
-700.89 -6044.32 296.239 30148 -57.4978
-700.89 -6044.32 296.239 30148 -57.4978
-700.89 -6044.32 296.239 30148 -57.4978
-700.89 -6044.32 296.239 30148 -57.4978
-700.89 -6044.32 296.239 30148 -57.4978
-700.89 -6044.32 296.239 30148 -57.4978
-700.89 -6044.32 296.239 30148 -57.4978
-700.89 -6044.32 296.239 30148 -57.4978
-700.89 -6044.32 296.239 30148 -57.4978
-700.89 -6044.32 296.239 30148 -57.4978
-700.9 -6044.32 296.239 30148 -57.4978
-700.928 -6044.29 296.24 30148 -57.4978
-700.969 -6044.27 296.241 30148 -57.4978
-701.003 -6044.25 296.242 30148 -57.4978
-701.037 -6044.23 296.243 30148 -57.4978
-701.087 -6044.21 296.244 30148 -57.4978
-701.153 -6044.15 296.246 30148 -57.4978
-701.244 -6044.09 296.248 30148 -57.4978
-701.342 -6044.03 296.25 30148 -57.4978
-701.454 -6043.97 296.253 30148 -57.4978
-701.576 -6043.88 296.256 30148 -57.4978
-701.716 -6043.79 296.259 30148 -57.4978
-701.861 -6043.7 296.263 30148 -57.4978
-702.002 -6043.61 296.267 30148 -57.4978
-702.142 -6043.52 296.27 30148 -57.4978
-702.282 -6043.43 296.273 30148 -57.4978
-702.422 -6043.34 296.277 30148 -57.4978
-702.563 -6043.25 296.28 30148 -57.4978
-702.707 -6043.16 296.284 30148 -57.4978
-702.848 -6043.07 296.287 30148 -57.4978
-702.97 -6042.99 296.291 30148 -57.4978
-703.077 -6042.93 296.293 30148 -57.4978
-703.17 -6042.87 296.295 30148 -57.4978
-703.276 -6042.8 296.298 30148 -57.4978
-703.399 -6042.72 296.301 30148 -57.4978
-703.539 -6042.63 296.304 30148 -57.4978
-703.683 -6042.54 296.308 30148 -57.4978
-703.825 -6042.45 296.312 30148 -57.4978
-703.964 -6042.36 296.315 30148 -57.4978
-704.105 -6042.27 296.318 30148 -57.4978
-704.245 -6042.18 296.322 30148 -57.4978
-704.38 -6042.09 296.325 30148 -57.4978
-704.514 -6042.01 296.329 30148 -57.4978
-704.649 -6041.92 296.332 30148 -57.4978
-704.788 -6041.83 296.335 30148 -57.4978
-704.929 -6041.74 296.339 30148 -57.4978
-705.068 -6041.65 296.342 30148 -57.4978
-705.208 -6041.56 296.346 30148 -57.4978
-705.348 -6041.47 296.349 30148 -57.4978
-705.489 -6041.38 296.353 30148 -57.4978
-705.627 -6041.29 296.356 30148 -57.4978
-705.763 -6041.21 296.36 30148 -57.4978
-705.903 -6041.12 296.363 30148 -57.4978
-706.057 -6041.03 296.367 30148 -57.4978
-706.23 -6040.91 296.371 30148 -57.4978
-706.428 -6040.79 296.376 30148 -57.4978
-706.649 -6040.65 296.381 30148 -57.4978
-706.896 -6040.49 296.388 30148 -57.4978
-707.161 -6040.31 296.394 30148 -57.4978
-707.441 -6040.13 296.401 30148 -57.4978
-707.725 -6039.95 296.408 30148 -57.4978
-708.006 -6039.77 296.415 30148 -57.4978
-708.285 -6039.59 296.422 30148 -57.4978
-708.562 -6039.41 296.429 30148 -57.4978
-708.835 -6039.23 296.436 30148 -57.4978
-709.11 -6039.05 296.443 30148 0
