-511.327 -6162.03 293.671 20148 -57.8637
-511.607 -6161.86 293.669 20148 -57.8637
-511.89 -6161.69 293.666 20148 -57.8637
-512.198 -6161.51 293.664 20148 -57.8637
-512.54 -6161.32 293.661 20148 -57.8637
-512.911 -6161.08 293.658 20148 -57.8637
-513.3 -6160.83 293.655 20148 -57.8637
-513.708 -6160.58 293.652 20148 -57.8637
-514.122 -6160.32 293.648 20148 -57.8637
-514.546 -6160.06 293.645 20148 -58.247
-514.973 -6159.8 293.642 20148 -58.247
-515.393 -6159.54 293.638 20148 -58.247
-515.816 -6159.28 293.635 20148 -59.7809
-516.264 -6159.01 293.631 20148 -58.9459
-516.747 -6158.72 293.629 20148 -57.5138
-517.256 -6158.4 293.627 20148 -57.0082
-517.799 -6158.05 293.624 20148 -58.2335
-518.368 -6157.69 293.622 20148 -58.2317
-518.94 -6157.34 293.619 20148 -58.2341
-519.508 -6156.99 293.617 20148 -58.2065
-520.074 -6156.64 293.614 20148 -58.2065
-520.64 -6156.29 293.611 20148 -58.2623
-521.209 -6155.94 293.609 20148 -58.2036
-521.78 -6155.58 293.606 20148 -58.3528
-522.343 -6155.23 293.604 20148 -57.6841
-522.886 -6154.89 293.601 20148 -57.591
-523.421 -6154.55 293.599 20148 -59.2997
-523.981 -6154.22 293.596 20148 -58.3521
-524.579 -6153.85 293.593 20148 -57.298
-525.205 -6153.45 293.591 20148 -58.7201
-525.871 -6153.04 293.588 20148 -59.0237
-526.548 -6152.64 293.584 20148 -59.0534
-527.222 -6152.23 293.581 20148 -59.0092
-527.893 -6151.83 293.578 20148 -59.0569
-528.565 -6151.43 293.575 20148 -59.0326
-529.237 -6151.02 293.572 20148 -59.0331
-529.908 -6150.62 293.569 20148 -59.0569
-530.58 -6150.22 293.566 20148 -59.0324
-531.252 -6149.81 293.565 20148 -59.0323
-531.924 -6149.41 293.564 20148 -59.0328
-532.595 -6149.01 293.563 20148 -59.0323
-533.267 -6148.61 293.563 20148 -59.0079
-533.939 -6148.2 293.562 20148 -59.0567
-534.611 -6147.8 293.561 20148 -59.0323
-535.283 -6147.4 293.561 20148 -59.0328
-535.954 -6146.99 293.56 20148 -59.0567
-536.626 -6146.59 293.559 20148 -59.0323
-537.298 -6146.19 293.559 20148 -59.0323
-537.97 -6145.78 293.558 20148 -59.0328
-538.641 -6145.38 293.557 20148 -59.0323
-539.313 -6144.98 293.556 20148 -59.0328
-539.985 -6144.57 293.556 20148 -59.0567
-540.657 -6144.17 293.555 20148 -59.0323
-541.329 -6143.77 293.554 20148 -59.0318
-542.001 -6143.37 293.554 20148 -59.1038
-542.674 -6142.96 293.553 20148 -59.0582
-543.345 -6142.56 293.552 20148 -58.5737
-544.009 -6142.15 293.552 20148 -57.9116
-544.664 -6141.74 293.551 20148 -57.4645
-545.312 -6141.33 293.55 20148 -57.3424
-545.958 -6140.92 293.551 20148 -57.4425
-546.604 -6140.5 293.553 20148 -57.4427
-547.252 -6140.09 293.555 20148 -57.4675
-547.899 -6139.68 293.556 20148 -57.4427
-548.546 -6139.26 293.558 20148 -57.4677
-549.193 -6138.85 293.559 20148 -57.4428
-549.841 -6138.44 293.561 20148 -57.4427
-550.488 -6138.02 293.563 20148 -57.4675
-551.135 -6137.61 293.564 20148 -57.4178
-551.782 -6137.2 293.566 20148 -57.4675
-552.429 -6136.79 293.567 20148 -57.4428
-553.076 -6136.37 293.569 20148 -57.4425
-553.723 -6135.96 293.571 20148 -57.4679
-554.371 -6135.55 293.572 20148 -57.4436
-555.019 -6135.13 293.574 20148 -57.4689
-555.669 -6134.72 293.575 20148 -57.4934
-556.318 -6134.3 293.577 20148 -57.5176
-556.966 -6133.89 293.579 20148 -57.5171
-557.614 -6133.48 293.58 20148 -57.4922
-558.261 -6133.07 293.582 20148 -57.4926
-558.908 -6132.65 293.583 20148 -57.5179
-559.557 -6132.24 293.585 20148 -57.372
-560.203 -6131.83 293.588 20148 -57.6486
-560.852 -6131.42 293.592 20148 -58.2451
-561.506 -6131.01 293.596 20148 -57.9737
-562.146 -6130.61 293.6 20148 -58.203
-562.735 -6130.25 293.603 20148 -59.9574
-563.291 -6129.93 293.606 20148 -60.074
-563.795 -6129.64 293.609 20148 -62.7895
-564.265 -6129.39 293.612 20148 -62.7895
-564.672 -6129.17 293.614 20148 -62.7895
-565.048 -6128.92 293.616 20148 -62.7895
-565.429 -6128.68 293.619 20148 -62.7895
-565.798 -6128.44 293.621 20148 -62.7895
-566.146 -6128.22 293.623 20148 -62.7895
-566.455 -6128.03 293.625 20148 -62.7895
-566.728 -6127.86 293.626 20148 -62.7895
-566.965 -6127.71 293.628 20148 -62.7895
-567.17 -6127.6 293.629 20148 -62.7895
-567.335 -6127.52 293.63 20148 -62.7895
-567.476 -6127.43 293.631 20148 -62.7895
-567.614 -6127.35 293.632 20148 -62.7895
-567.756 -6127.26 293.632 20148 -62.7895
-567.899 -6127.18 293.633 20148 -62.7895
-568.043 -6127.09 293.634 20148 -62.7895
-568.191 -6127 293.635 20148 -62.7895
-568.336 -6126.92 293.636 20148 -62.7895
-568.456 -6126.83 293.637 20148 -62.7895
-568.541 -6126.77 293.637 20148 -62.7895
-568.599 -6126.74 293.637 20148 -62.7895
-568.624 -6126.74 293.637 20148 -62.7895
-568.626 -6126.74 293.637 20148 -62.7895
-568.626 -6126.74 293.637 20148 -62.7895
-568.626 -6126.74 293.637 20148 -62.7895
-568.626 -6126.74 293.637 20148 -62.7895
-568.626 -6126.74 293.637 20148 -62.7895
-568.626 -6126.74 293.637 20148 -62.7895
-568.626 -6126.74 293.637 20148 -62.7895
-568.626 -6126.74 293.637 20148 -62.7895
-568.626 -6126.74 293.637 20148 -62.7895
-568.626 -6126.74 293.637 20148 -62.7895
-568.626 -6126.74 293.637 20148 -62.7895
-568.626 -6126.74 293.637 20148 -62.7895
-568.626 -6126.74 293.637 20148 -62.7895
-568.626 -6126.74 293.637 20148 -62.7895
-568.626 -6126.74 293.637 20148 -62.7895
-568.626 -6126.74 293.637 20148 -62.7895
-568.626 -6126.74 293.637 20148 -62.7895
-568.626 -6126.74 293.637 20148 -62.7895
-568.637 -6126.75 293.638 20148 -62.7895
-568.692 -6126.73 293.638 20148 -62.7895
-568.772 -6126.67 293.638 20148 -62.7895
-568.889 -6126.58 293.639 20148 -62.7895
-569.036 -6126.5 293.64 20148 -62.7895
-569.185 -6126.4 293.641 20148 -62.7895
-569.349 -6126.29 293.642 20148 -62.7895
-569.54 -6126.19 293.643 20148 -62.7895
-569.759 -6126.08 293.644 20148 -62.7895
-570.009 -6125.95 293.646 20148 -62.7895
-570.28 -6125.79 293.647 20148 -62.7895
-570.555 -6125.6 293.649 20148 -62.7895
-570.841 -6125.43 293.65 20148 -62.7895
-571.147 -6125.25 293.652 20148 -62.7895
-571.486 -6125.04 293.654 20148 -62.7895
-571.851 -6124.8 293.656 20148 -62.7895
-572.251 -6124.53 293.659 20148 -57.7585
-572.676 -6124.27 293.661 20148 -57.7592
-573.103 -6124 293.664 20148 -57.6823
-573.527 -6123.73 293.666 20148 -57.6823
-573.95 -6123.46 293.669 20148 -57.7198
-574.372 -6123.2 293.671 20148 -57.7198
-574.795 -6122.93 293.675 20148 -57.7198
-575.218 -6122.66 293.679 20148 -57.7198
-575.641 -6122.4 293.683 20148 -57.7198
-576.064 -6122.13 293.687 20148 -57.7198
-576.486 -6121.86 293.691 20148 -57.7198
-576.909 -6121.59 293.695 20148 -57.7198
-577.332 -6121.33 293.699 20148 -57.7198
-577.755 -6121.06 293.703 20148 -57.7688
-578.178 -6120.79 293.707 20148 -57.7688
-578.6 -6120.53 293.711 20148 -57.7688
-579.018 -6120.26 293.715 20148 -57.7688
-579.439 -6120 293.719 20148 -59.2841
-579.884 -6119.73 293.723 20148 -58.4928
-580.365 -6119.44 293.728 20148 -57.0598
-580.871 -6119.11 293.732 20148 -56.5291
-581.412 -6118.75 293.738 20148 -57.7404
-581.978 -6118.4 293.743 20148 -57.7412
-582.546 -6118.04 293.748 20148 -57.769
-583.112 -6117.68 293.754 20148 -57.7109
-583.674 -6117.33 293.759 20148 -57.7677
-584.233 -6116.97 293.764 20148 -57.7395
-584.795 -6116.62 293.769 20148 -58.8874
-585.381 -6116.26 293.775 20148 -58.3276
-586.003 -6115.88 293.781 20148 -57.213
-586.65 -6115.46 293.787 20148 -56.759
-587.332 -6115.02 293.793 20148 -57.7461
-588.038 -6114.57 293.8 20148 -57.7467
-588.748 -6114.12 293.807 20148 -57.7575
-589.454 -6113.68 293.815 20148 -57.7832
-590.16 -6113.23 293.824 20148 -57.7367
-590.863 -6112.79 293.833 20148 -57.7582
-591.559 -6112.35 293.842 20148 -57.4313
-592.249 -6111.91 293.851 20148 -57.4094
-592.942 -6111.47 293.86 20148 -57.4159
-593.643 -6111.02 293.869 20148 -57.4203
-594.351 -6110.57 293.878 20148 -57.4162
-595.054 -6110.12 293.888 20148 -57.056
-595.739 -6109.67 293.896 20148 -57.8013
-596.411 -6109.25 293.905 20148 -57.4315
-597.067 -6108.83 293.914 20148 -57.4066
-597.722 -6108.41 293.922 20148 -57.4305
-598.377 -6107.99 293.93 20148 -56.9731
-599.018 -6107.58 293.939 20148 -57.458
-599.641 -6107.18 293.947 20148 -57.4379
-600.236 -6106.8 293.954 20148 -57.8695
-600.812 -6106.44 293.962 20148 -57.4387
-601.373 -6106.08 293.969 20148 -57.4071
-601.931 -6105.72 293.976 20148 -57.4098
-602.492 -6105.36 293.984 20148 -57.4385
-603.053 -6105.01 293.991 20148 -57.4162
-603.61 -6104.65 293.999 20148 -57.4267
-604.17 -6104.29 294.008 20148 -58.6125
-604.754 -6103.94 294.018 20148 -58.02
-605.374 -6103.55 294.028 20148 -56.8977
-606.019 -6103.13 294.038 20148 -56.4633
-606.698 -6102.68 294.05 20148 -57.4355
-607.403 -6102.23 294.061 20148 -57.3006
-608.108 -6101.77 294.073 20148 -57.412
-608.812 -6101.33 294.084 20148 -58.2597
-609.519 -6100.89 294.096 20148 -59.3379
-610.236 -6100.46 294.107 20148 -60.1641
-610.958 -6100.05 294.118 20148 -60.3713
-611.681 -6099.64 294.13 20148 -60.0953
-612.403 -6099.22 294.141 20148 -59.8668
-613.123 -6098.8 294.153 20148 -59.7743
-613.842 -6098.39 294.164 20148 -60.0053
-614.562 -6097.97 294.176 20148 -60.1174
-615.284 -6097.55 294.187 20148 -59.4947
-616.003 -6097.13 294.199 20148 -58.4871
-616.716 -6096.69 294.21 20148 -57.824
-617.422 -6096.25 294.222 20148 -57.5572
-618.102 -6095.82 294.238 30148 -57.6937
-618.804 -6095.37 294.254 30148 -57.6938
-619.506 -6094.93 294.271 30148 -57.6938
-620.208 -6094.49 294.288 30148 -57.7168
-620.911 -6094.04 294.305 30148 -57.6938
-621.613 -6093.6 294.321 30148 -57.6938
-622.315 -6093.15 294.338 30148 -57.6938
-623.018 -6092.71 294.355 30148 -57.6938
-623.72 -6092.27 294.372 30148 -57.6938
-624.422 -6091.82 294.389 30148 -57.7168
-625.124 -6091.38 294.405 30148 -57.6938
-625.826 -6090.93 294.422 30148 -57.6938
-626.529 -6090.49 294.439 30148 -57.7168
-627.231 -6090.05 294.456 30148 -57.6708
-627.933 -6089.6 294.472 30148 -57.7168
-628.635 -6089.16 294.489 30148 -57.6938
-629.338 -6088.71 294.506 30148 -57.6938
-630.04 -6088.27 294.523 30148 -57.6938
-630.742 -6087.83 294.54 30148 -57.7168
-631.444 -6087.38 294.556 30148 -57.6708
-632.146 -6086.94 294.573 30148 -57.7168
-632.848 -6086.49 294.59 30148 -57.6938
-633.551 -6086.05 294.607 30148 -57.6938
-634.253 -6085.61 294.624 30148 -57.6938
-634.955 -6085.16 294.64 30148 -57.6938
-635.657 -6084.72 294.657 30148 -57.6938
-636.359 -6084.27 294.674 30148 -57.7168
-637.062 -6083.83 294.691 30148 -57.6938
-637.764 -6083.39 294.707 30148 -57.6938
-638.466 -6082.94 294.724 30148 -57.7168
-639.168 -6082.5 294.741 30148 -57.6707
-639.87 -6082.06 294.758 30148 -57.871
-640.575 -6081.61 294.775 30148 -57.9205
-641.283 -6081.17 294.792 30148 -57.9659
-641.989 -6080.73 294.809 30148 -56.9764
-642.67 -6080.28 294.826 30148 -57.3873
-643.317 -6079.87 294.841 30148 -58.5067
-643.938 -6079.49 294.856 30148 -59.1246
-644.524 -6079.14 294.87 30148 -57.9482
-645.086 -6078.79 294.884 30148 -57.9478
-645.644 -6078.44 294.897 30148 -57.9482
-646.206 -6078.09 294.911 30148 -57.9201
-646.771 -6077.73 294.924 30148 -57.9491
-647.338 -6077.38 294.938 30148 -57.9488
-647.904 -6077.02 294.952 30148 -56.7337
-648.444 -6076.67 294.965 30148 -57.2401
-648.949 -6076.34 294.977 30148 -58.7141
-649.43 -6076.05 294.989 30148 -59.4745
-649.875 -6075.79 294.999 30148 -59.4745
-650.296 -6075.53 295.01 30148 -59.4745
-650.713 -6075.26 295.02 30148 -59.4745
-651.134 -6075 295.03 30148 -57.9202
-651.558 -6074.73 295.04 30148 -57.9589
-651.985 -6074.47 295.05 30148 -57.9583
-652.41 -6074.2 295.061 30148 -57.9583
-652.809 -6073.94 295.07 30148 -57.9583
-653.173 -6073.7 295.079 30148 -57.9583
-653.513 -6073.49 295.087 30148 -57.9583
-653.818 -6073.32 295.095 30148 -57.9583
-654.097 -6073.14 295.101 30148 -57.9583
-654.375 -6072.97 295.108 30148 -57.9583
-654.655 -6072.8 295.115 30148 -57.9583
-654.937 -6072.62 295.122 30148 -57.9583
-655.218 -6072.44 295.128 30148 -57.9583
-655.5 -6072.27 295.135 30148 -57.9583
-655.783 -6072.09 295.142 30148 -57.9583
-656.069 -6071.91 295.149 30148 -57.9583
-656.352 -6071.73 295.156 30148 -57.9583
-656.611 -6071.55 295.162 30148 -57.9583
-656.834 -6071.41 295.168 30148 -57.9583
-657.033 -6071.29 295.173 30148 -57.9583
-657.197 -6071.2 295.176 30148 -57.9583
-657.336 -6071.12 295.18 30148 -57.9583
-657.472 -6071.03 295.183 30148 -57.9583
-657.612 -6070.94 295.186 30148 -57.9583
-657.754 -6070.86 295.19 30148 -57.9583
-657.894 -6070.77 295.193 30148 -57.9583
-658.035 -6070.68 295.197 30148 0
