-865.817 -5911.37 300.574 40148 -42.3014
-866.054 -5911.14 300.58 40148 -42.3014
-866.294 -5910.91 300.586 40148 -42.3014
-866.531 -5910.68 300.592 40148 -42.3014
-866.752 -5910.45 300.597 40148 -42.3014
-866.967 -5910.25 300.603 40148 -42.3014
-867.167 -5910.05 300.608 40148 -42.3014
-867.362 -5909.86 300.613 40148 -42.3014
-867.542 -5909.68 300.617 40148 -42.3014
-867.712 -5909.52 300.622 40148 -42.3014
-867.872 -5909.36 300.626 40148 -42.3014
-868.04 -5909.2 300.63 40148 -42.3014
-868.214 -5909.03 300.634 40148 -42.3014
-868.384 -5908.86 300.639 40148 -42.3014
-868.541 -5908.71 300.643 40148 -42.3014
-868.698 -5908.56 300.647 40148 -42.3014
-868.868 -5908.39 300.651 40148 -42.3014
-869.044 -5908.22 300.655 40148 -42.3014
-869.213 -5908.05 300.66 40148 -42.3014
-869.371 -5907.9 300.664 40148 -42.3014
-869.528 -5907.75 300.668 40148 -42.3014
-869.699 -5907.58 300.672 40148 -42.3014
-869.877 -5907.4 300.677 40148 -42.3014
-870.03 -5907.24 300.681 40148 -42.3014
-870.171 -5907.11 300.684 40148 -42.3014
-870.305 -5907 300.687 40148 -42.3014
-870.457 -5906.87 300.691 40148 -42.3014
-870.627 -5906.67 300.695 40148 -42.3014
-870.812 -5906.44 300.701 40148 -42.3014
-871.027 -5906.16 300.707 40148 -42.3014
-871.251 -5905.87 300.713 40148 -42.3014
-871.469 -5905.58 300.719 40148 -42.3014
-871.683 -5905.29 300.725 40148 -42.3014
-871.899 -5905 300.731 40148 -42.3014
-872.114 -5904.71 300.737 40148 -42.3014
-872.329 -5904.43 300.743 40148 -42.3014
-872.544 -5904.14 300.749 40148 -42.3014
-872.759 -5903.85 300.755 40148 -42.3014
-872.974 -5903.57 300.761 40148 -42.3014
-873.189 -5903.28 300.766 40148 -42.3014
-873.404 -5902.99 300.772 40148 -42.3014
-873.619 -5902.7 300.778 40148 -42.3014
-873.833 -5902.42 300.784 40148 -42.3014
-874.044 -5902.14 300.79 40148 -42.3014
-874.26 -5901.85 300.796 40148 -42.3014
-874.507 -5901.55 300.802 40148 -42.3014
-874.771 -5901.24 300.809 40148 -42.3014
-875.047 -5900.9 300.816 40148 -42.3014
-875.34 -5900.53 300.824 40148 -40.6581
-875.676 -5900.14 300.832 40148 -40.651
-876.034 -5899.72 300.841 40148 -40.6259
-876.395 -5899.3 300.851 40148 -40.6446
-876.75 -5898.89 300.86 40148 -40.6116
-877.106 -5898.47 300.869 40148 -40.6458
-877.462 -5898.06 300.878 40148 -40.6464
-877.818 -5897.64 300.887 40148 -40.6115
-878.174 -5897.23 300.896 40148 -40.6457
-878.529 -5896.81 300.905 40148 -40.6114
-878.885 -5896.4 300.914 40148 -40.6457
-879.241 -5895.98 300.923 40148 -40.6113
-879.597 -5895.57 300.932 40148 -40.6462
-879.953 -5895.15 300.941 40148 -40.61
-880.308 -5894.74 300.95 40148 -40.6385
-880.661 -5894.33 300.959 40148 -40.7452
-881.016 -5893.92 300.968 40148 -40.8359
-881.379 -5893.5 300.977 40148 -40.9405
-881.761 -5893.06 300.986 40148 -40.4254
-882.161 -5892.59 300.997 40148 -40.5369
-882.579 -5892.1 301.007 40148 -42.1897
-883.019 -5891.61 301.018 40148 -42.5565
-883.469 -5891.12 301.029 40148 -42.85
-883.93 -5890.63 301.04 40148 -42.4028
-884.402 -5890.11 301.052 40148 -42.4265
-884.895 -5889.57 301.064 40148 -42.3236
-885.406 -5889.01 301.076 40148 -42.3485
-885.937 -5888.42 301.089 40148 -41.9997
-886.482 -5887.82 301.103 40148 -42.3635
-887.04 -5887.21 301.116 40148 -42.3832
-887.6 -5886.59 301.13 40148 -41.3938
-888.148 -5885.97 301.143 40148 -40.1877
-888.682 -5885.34 301.156 40148 -40.2119
-889.215 -5884.71 301.168 40148 -40.2147
-889.747 -5884.08 301.18 40148 -40.1879
-890.28 -5883.45 301.193 40148 -40.5856
-890.827 -5882.81 301.206 40148 -40.2198
-891.39 -5882.15 301.219 40148 -40.2253
-891.966 -5881.46 301.232 40148 -40.1973
-892.546 -5880.78 301.246 40148 -39.9323
-893.139 -5880.07 301.26 40148 -39.1784
-893.742 -5879.33 301.274 40148 -39.499
-894.371 -5878.57 301.289 40148 -39.5183
-895.009 -5877.79 301.304 40148 -39.5375
-895.642 -5877.03 301.319 40148 -39.5183
-896.273 -5876.26 301.334 40148 -39.5183
-896.905 -5875.49 301.349 40148 -39.5183
-897.537 -5874.73 301.364 40148 -39.5376
-898.169 -5873.96 301.379 40148 -39.5183
-898.801 -5873.2 301.394 40148 -39.5183
-899.433 -5872.43 301.409 40148 -39.5183
-900.064 -5871.67 301.424 40148 -39.5183
-900.693 -5870.9 301.439 40148 -39.5376
-901.325 -5870.14 301.454 40148 -39.8407
-901.97 -5869.36 301.469 40148 -39.5183
-902.628 -5868.57 301.485 40148 -39.5902
-903.305 -5867.75 301.501 40148 -39.2235
-904.002 -5866.89 301.517 40148 -39.1244
-904.703 -5866.03 301.534 40148 -37.3711
-905.4 -5865.12 301.55 40148 -37.3597
-906.003 -5864.33 301.564 40148 -37.3707
-906.706 -5863.41 301.58 40148 -37.3707
4.914 1230.03 0 0 -37.3707
4.913 1231.03 0 0 -37.3707
4.912 1232.03 0 0 -37.3707
4.91 1233.03 0 0 -37.3707
4.909 1234.03 0 0 -37.3707
4.908 1235.03 0 0 -37.3707
4.906 1236.03 0 0 -37.3707
4.905 1237.03 0 0 -37.3707
4.904 1238.03 0 0 -37.3707
4.902 1239.03 0 0 -37.3707
4.901 1240.03 0 0 -37.3707
4.9 1241.03 0 0 -37.3707
4.898 1242.03 0 0 -37.3707
4.897 1243.03 0 0 -37.3707
4.895 1244.03 0 0 -37.3707
4.894 1245.02 0 0 -37.3707
4.893 1246.02 0 0 -37.3707
4.891 1247.02 0 0 -37.3707
4.89 1248.02 0 0 -37.3707
4.889 1249.02 0 0 -37.3707
4.887 1250.02 0 0 -37.3707
4.886 1251.02 0 0 -37.3707
4.885 1252.02 0 0 -37.3707
4.883 1253.02 0 0 -37.3707
4.882 1254.02 0 0 -37.3707
4.88 1255.03 0 0 -37.3707
4.879 1256.03 0 0 -37.3707
4.877 1257.03 0 0 -37.3707
4.876 1258.03 0 0 -37.3707
4.874 1259.03 0 0 -37.3707
4.873 1260.03 0 0 -37.3707
4.872 1261.03 0 0 -37.3707
4.87 1262.03 0 0 -37.3707
4.869 1263.03 0 0 -37.3707
4.868 1264.02 0 0 -37.3707
4.866 1265.03 0 0 -37.3707
4.865 1266.04 0 0 -37.3707
4.863 1267.05 0 0 -37.3707
4.904 1268 0 0 -37.3707
4.925 1268.81 0 0 -37.3707
4.901 1269.5 0 0 -37.3707
4.859 1270.05 0 0 -37.3707
4.859 1270.54 0 0 -37.3707
4.858 1271.03 0 0 -37.3707
4.858 1271.52 0 0 -37.3707
4.857 1272.02 0 0 -37.3707
4.857 1272.52 0 0 -37.3707
4.856 1273.03 0 0 -37.3707
4.855 1273.52 0 0 -37.3707
4.854 1274.03 0 0 -37.3707
4.854 1274.52 0 0 -37.3707
4.853 1275.03 0 0 -37.3707
4.852 1275.54 0 0 -37.3707
4.851 1276.05 0 0 -37.3707
4.892 1276.5 0 0 -37.3707
4.914 1276.81 0 0 -37.3707
4.891 1277 0 0 -37.3707
4.85 1277.06 0 0 -37.3707
4.85 1277.06 0 0 -37.3707
4.85 1277.06 0 0 -37.3707
4.85 1277.06 0 0 -37.3707
4.85 1277.06 0 0 -37.3707
4.85 1277.06 0 0 -37.3707
4.85 1277.06 0 0 -37.3707
4.85 1277.06 0 0 -37.3707
4.85 1277.06 0 0 -37.3707
4.85 1277.06 0 0 -37.3707
4.85 1277.06 0 0 -37.3707
4.85 1277.06 0 0 -37.3707
4.85 1277.06 0 0 -37.3707
4.85 1277.06 0 0 -37.3707
4.85 1277.06 0 0 -37.3707
4.85 1277.06 0 0 -37.3707
4.85 1277.06 0 0 -37.3707
4.85 1277.06 0 0 -37.3707
4.85 1277.06 0 0 -37.3707
4.85 1277.06 0 0 -37.3707
4.85 1277.06 0 0 -37.3707
4.85 1277.06 0 0 -37.3707
4.85 1277.06 0 0 -37.3707
4.85 1277.06 0 0 -37.3707
4.85 1277.06 0 0 -37.3707
4.85 1277.06 0 0 -37.3707
4.85 1277.06 0 0 -37.3707
4.85 1277.06 0 0 -37.3707
4.85 1277.06 0 0 -37.3707
4.85 1277.06 0 0 -37.3707
4.85 1277.06 0 0 -37.3707
4.85 1277.06 0 0 -37.3707
4.85 1277.06 0 0 -37.3707
4.85 1277.06 0 0 -37.3707
4.85 1277.06 0 0 -37.3707
4.85 1277.06 0 0 -37.3707
4.85 1277.06 0 0 -37.3707
4.85 1277.06 0 0 -37.3707
4.85 1277.06 0 0 -37.3707
4.809 1277.08 0 0 -37.3707
4.786 1277.26 0 0 -37.3707
4.808 1277.59 0 0 -37.3707
4.804 1278.08 0 0 -37.3707
4.786 1278.77 0 0 -37.3707
4.795 1279.66 0 0 -37.3707
4.809 1280.76 0 0 -37.3707
4.875 1282.04 0 0 -37.3707
4.918 1283.5 0 0 -37.3707
4.941 1285.03 0 0 -37.3707
4.964 1286.55 0 0 -37.3707
4.987 1288.05 0 0 -37.3707
5.008 1289.55 0 0 -37.3707
5.027 1291.06 0 0 -37.3707
5.048 1292.56 0 0 -37.3707
5.071 1294.07 0 0 -37.3707
5.095 1295.57 0 0 -37.3707
5.117 1297.08 0 0 -37.3707
5.14 1298.58 0 0 -37.3707
5.164 1300.09 0 0 -37.3707
5.187 1301.59 0 0 -37.3707
5.211 1303.09 0 0 -37.3707
5.233 1304.6 0 0 -37.3707
5.257 1306.1 0 0 -37.3707
5.28 1307.61 0 0 -37.3707
5.303 1309.11 0 0 -37.3707
5.327 1310.61 0 0 -37.3707
5.35 1312.12 0 0 -37.3707
5.373 1313.62 0 0 -37.3707
5.396 1315.13 0 0 -37.3707
5.42 1316.63 0 0 -37.3707
5.443 1318.13 0 0 -37.3707
5.466 1319.64 0 0 -37.3707
5.489 1321.14 0 0 -37.3707
5.512 1322.65 0 0 -37.3707
5.535 1324.15 0 0 -37.3707
5.559 1325.66 0 0 -37.3707
5.582 1327.16 0 0 -37.3707
5.606 1328.66 0 0 -37.3707
5.628 1330.17 0 0 -37.3707
5.652 1331.67 0 0 -37.3707
5.675 1333.18 0 0 -37.3707
5.698 1334.68 0 0 -37.3707
5.722 1336.18 0 0 -37.3707
5.745 1337.66 0 0 -37.3707
5.749 1339.2 0 0 -37.3707
5.719 1340.93 0 0 -37.3707
5.733 1342.83 0 0 -37.3707
5.742 1344.91 0 0 -37.3707
5.795 1347.16 0 0 -37.3707
5.818 1349.6 0 0 -37.3707
5.825 1352.09 0 0 -37.3707
5.835 1354.6 0 0 -37.3707
5.842 1357.1 0 0 -37.3707
5.851 1359.6 0 0 -37.3707
5.859 1362.1 0 0 -37.3707
5.868 1364.6 0 0 -37.3707
5.875 1367.1 0 0 -37.3707
5.884 1369.6 0 0 -37.3707
5.892 1372.08 0 0 -37.3707
5.901 1374.57 0 0 -37.3707
5.868 1377.13 0 0 -37.3707
5.855 1379.82 0 0 -37.3707
5.886 1382.63 0 0 -37.3707
5.937 1385.57 0 0 -37.3707
5.947 1388.58 0 0 -37.3707
5.957 1391.6 0 0 -37.3707
5.968 1394.6 0 0 -37.3707
5.977 1397.6 0 0 -37.3707
5.987 1400.6 0 0 -37.3707
5.997 1403.6 0 0 -37.3707
6.007 1406.6 0 0 -37.3707
6.016 1409.6 0 0 -37.3707
6.027 1412.6 0 0 -37.3707
6.037 1415.6 0 0 -37.3707
6.047 1418.58 0 0 -37.3707
6.057 1421.57 0 0 -37.3707
6.026 1424.63 0 0 -37.3707
6.014 1427.82 0 0 -37.3707
6.048 1431.13 0 0 -37.3707
6.1 1434.57 0 0 -37.3707
6.111 1438.08 0 0 -37.3707
6.123 1441.6 0 0 -37.3707
6.135 1445.1 0 0 -37.3707
6.146 1448.6 0 0 -37.3707
6.158 1452.1 0 0 -37.3707
6.17 1455.59 0 0 -37.3707
6.181 1459.1 0 0 -37.3707
6.192 1462.65 0 0 -37.3707
6.191 1466.21 0 0 -37.3707
6.184 1469.76 0 0 -37.3707
6.176 1473.27 0 0 -37.3707
6.169 1476.76 0 0 -37.3707
6.163 1480.26 0 0 0
