-468.986 -6193.76 294.231 10149 -57.9301
-469.421 -6193.53 294.225 10149 -57.9301
-469.857 -6193.3 294.218 10149 -57.9301
-470.296 -6193.07 294.212 10149 -57.9301
-470.73 -6192.85 294.206 10149 -57.9301
-471.139 -6192.62 294.2 10149 -57.9301
-471.527 -6192.42 294.195 10149 -57.9301
-471.89 -6192.23 294.19 10149 -57.9301
-472.232 -6192.02 294.185 10149 -57.9301
-472.574 -6191.79 294.179 10149 -57.9301
-472.925 -6191.56 294.174 10149 -57.9301
-473.283 -6191.32 294.169 10149 -57.9301
-473.639 -6191.08 294.163 10149 -57.9301
-473.993 -6190.85 294.158 10149 -57.9301
-474.347 -6190.61 294.153 10149 -57.9301
-474.701 -6190.38 294.147 10149 -57.9301
-475.056 -6190.15 294.142 10149 -57.9301
-475.466 -6189.88 294.136 20149 -57.9301
-475.882 -6189.6 294.129 20149 -57.9301
-476.291 -6189.33 294.123 20149 -57.9301
-476.696 -6189.06 294.117 20149 -57.9301
-477.101 -6188.78 294.11 20149 -57.9301
-477.513 -6188.5 294.104 20149 -55.7918
-477.928 -6188.22 294.097 20149 -55.7918
-478.342 -6187.94 294.091 20149 -55.7918
-478.755 -6187.66 294.084 20149 -55.7918
-479.169 -6187.38 294.078 20149 -55.7918
-479.582 -6187.1 294.071 20149 -55.7918
-479.996 -6186.82 294.065 20149 -55.7918
-480.409 -6186.54 294.058 20149 -55.7918
-480.823 -6186.26 294.052 20149 -55.7918
-481.236 -6185.97 294.045 20149 -55.7918
-481.65 -6185.69 294.039 20149 -55.7918
-482.063 -6185.41 294.032 20149 -55.7918
-482.477 -6185.13 294.026 20149 -55.7918
-482.891 -6184.85 294.019 20149 -55.7918
-483.304 -6184.57 294.013 20149 -55.7918
-483.718 -6184.29 294.007 20149 -55.7918
-484.131 -6184.01 294 20149 -55.7918
-484.544 -6183.73 293.994 20149 -55.823
-484.958 -6183.44 293.987 20149 -55.823
-485.372 -6183.16 293.981 20149 -55.823
-485.785 -6182.88 293.974 20149 -55.823
-486.199 -6182.6 293.968 20149 -55.823
-486.613 -6182.32 293.961 20149 -55.7862
-487.027 -6182.04 293.955 20149 -55.7862
-487.439 -6181.76 293.948 20149 -55.7862
-487.848 -6181.48 293.942 20149 -55.7862
-488.259 -6181.2 293.935 20149 -57.3311
-488.694 -6180.92 293.929 20149 -56.5289
-489.164 -6180.61 293.921 20149 -55.0882
-489.659 -6180.27 293.915 20149 -54.6107
-490.189 -6179.89 293.908 20149 -55.7865
-490.741 -6179.51 293.902 20149 -55.7526
-491.292 -6179.14 293.895 20149 -55.8355
-491.843 -6178.77 293.889 20149 -56.9235
-492.416 -6178.39 293.882 20149 -56.3566
-493.023 -6177.99 293.875 20149 -55.1911
-493.655 -6177.55 293.867 20149 -54.8757
-494.322 -6177.08 293.859 20149 -55.7729
-495.014 -6176.61 293.851 20149 -55.2006
-495.7 -6176.13 293.842 20149 -56.2638
-496.381 -6175.68 293.834 20149 -58.5675
-497.062 -6175.26 293.826 20149 -59.4939
-497.743 -6174.86 293.818 20149 -58.5667
-498.425 -6174.44 293.81 20149 -56.2612
-499.105 -6173.99 293.802 20149 -55.0193
-499.785 -6173.51 293.794 20149 -55.7628
-500.473 -6173.05 293.786 20149 -56.6553
-501.167 -6172.59 293.778 20149 -57.8508
-501.871 -6172.15 293.769 20149 -58.7679
-502.583 -6171.71 293.761 20149 -58.9279
-503.297 -6171.28 293.753 20149 -58.7629
-504.009 -6170.85 293.746 20149 -58.7371
-504.722 -6170.42 293.74 20149 -58.76
-505.434 -6169.99 293.735 20149 -58.7371
-506.147 -6169.55 293.729 20149 -58.7604
-506.859 -6169.12 293.723 20149 -58.76
-507.572 -6168.69 293.717 20149 -58.7604
-508.284 -6168.26 293.712 20149 -58.7371
-508.996 -6167.83 293.706 20149 -58.76
-509.709 -6167.39 293.7 20149 -58.76
-510.421 -6166.96 293.694 20149 -58.76
-511.134 -6166.53 293.689 20149 -58.7371
-511.846 -6166.1 293.683 20149 -58.7371
-512.559 -6165.66 293.677 20149 -58.7608
-513.271 -6165.23 293.671 20149 -58.7572
-513.986 -6164.8 293.666 20149 -58.7568
-514.701 -6164.37 293.66 20149 -58.768
-515.407 -6163.94 293.654 20149 -57.9371
-516.093 -6163.51 293.649 20149 -58.2078
-516.758 -6163.09 293.643 20149 -58.6658
-517.411 -6162.7 293.638 20149 -58.2203
-518.053 -6162.3 293.633 20149 -58.2214
-518.688 -6161.91 293.629 20149 -57.7844
-519.309 -6161.51 293.627 20149 -58.2397
-519.911 -6161.14 293.624 20149 -58.6757
-520.493 -6160.79 293.621 20149 -58.2067
-521.059 -6160.44 293.619 20149 -58.2661
-521.622 -6160.09 293.616 20149 -58.2072
-522.187 -6159.74 293.613 20149 -58.2052
-522.756 -6159.39 293.611 20149 -58.2319
-523.327 -6159.03 293.608 20149 -58.2335
-523.896 -6158.68 293.606 20149 -57.0082
-524.44 -6158.33 293.603 20149 -57.5138
-524.948 -6158 293.601 20149 -59.0136
-525.432 -6157.71 293.599 20149 -59.7041
-525.879 -6157.45 293.597 20149 -59.7041
-526.302 -6157.19 293.595 20149 -59.7041
-526.723 -6156.93 293.593 20149 -59.7041
-527.147 -6156.67 293.591 20149 -58.2439
-527.572 -6156.4 293.589 20149 -58.2439
-527.997 -6156.14 293.587 20149 -58.2439
-528.422 -6155.88 293.585 20149 -58.2053
-528.848 -6155.61 293.583 20149 -58.2401
-529.278 -6155.35 293.581 20149 -58.2046
-529.705 -6155.08 293.579 20149 -58.2046
-530.107 -6154.82 293.577 20149 -58.2046
-530.474 -6154.58 293.576 20149 -58.2046
-530.816 -6154.38 293.574 20149 -58.2046
-531.122 -6154.2 293.573 20149 -58.2046
-531.403 -6154.03 293.571 20149 -58.2046
-531.682 -6153.86 293.57 20149 -58.2046
-531.964 -6153.68 293.569 20149 -58.2046
-532.248 -6153.51 293.567 20149 -58.2046
-532.531 -6153.33 293.566 20149 -58.2046
-532.814 -6153.16 293.565 20149 -58.2046
-533.097 -6152.98 293.565 20149 -58.2046
-533.382 -6152.8 293.565 20149 -58.2046
-533.67 -6152.63 293.564 20149 -58.2046
-533.955 -6152.45 293.564 20149 -58.2046
-534.216 -6152.27 293.564 20149 -58.2046
-534.441 -6152.12 293.564 20149 -58.2046
-534.641 -6152.01 293.563 20149 -58.2046
-534.805 -6151.92 293.563 20149 -58.2046
-534.945 -6151.84 293.563 20149 -58.2046
-535.082 -6151.75 293.563 20149 -58.2046
-535.222 -6151.66 293.563 20149 -58.2046
-535.365 -6151.58 293.563 20149 -58.2046
-535.506 -6151.49 293.562 20149 -58.2046
-535.648 -6151.4 293.562 20149 -58.2046
-535.79 -6151.31 293.562 20149 -58.2046
-535.931 -6151.23 293.562 20149 -58.2046
-536.074 -6151.14 293.562 20149 -58.2046
-536.22 -6151.05 293.562 20149 -58.2046
-536.364 -6150.96 293.562 20149 -58.2046
-536.483 -6150.87 293.561 20149 -58.2046
-536.567 -6150.81 293.561 20149 -58.2046
-536.624 -6150.78 293.561 20149 -58.2046
-536.65 -6150.78 293.561 20149 -58.2046
-536.651 -6150.78 293.561 20149 -58.2046
-536.651 -6150.78 293.561 20149 -58.2046
-536.651 -6150.78 293.561 20149 -58.2046
-536.651 -6150.78 293.561 20149 -58.2046
-536.651 -6150.78 293.561 20149 -58.2046
-536.651 -6150.78 293.561 20149 -58.2046
-536.651 -6150.78 293.561 20149 -58.2046
-536.651 -6150.78 293.561 20149 -58.2046
-536.651 -6150.78 293.561 20149 -58.2046
-536.651 -6150.78 293.561 20149 -58.2046
-536.651 -6150.78 293.561 20149 -58.2046
-536.651 -6150.78 293.561 20149 -58.2046
-536.651 -6150.78 293.561 20149 -58.2046
-536.651 -6150.78 293.561 20149 -58.2046
-536.651 -6150.78 293.561 20149 -58.2046
-536.651 -6150.78 293.561 20149 -58.2046
-536.651 -6150.78 293.561 20149 -58.2046
-536.651 -6150.78 293.561 20149 -58.2046
-536.651 -6150.78 293.561 20149 -58.2046
-536.651 -6150.78 293.561 20149 -58.2046
-536.651 -6150.78 293.561 20149 -58.2046
-536.651 -6150.78 293.561 20149 -58.2046
-536.651 -6150.78 293.561 20149 -58.2046
-536.651 -6150.78 293.561 20149 -58.2046
-536.651 -6150.78 293.561 20149 -58.2046
-536.651 -6150.78 293.561 20149 -58.2046
-536.651 -6150.78 293.561 20149 -58.2046
-536.651 -6150.78 293.561 20149 -58.2046
-536.651 -6150.78 293.561 20149 -58.2046
-536.651 -6150.78 293.561 20149 -58.2046
-536.651 -6150.78 293.561 20149 -58.2046
-536.651 -6150.78 293.561 20149 -58.2046
-536.651 -6150.78 293.561 20149 -58.2046
-536.651 -6150.78 293.561 20149 -58.2046
-536.651 -6150.78 293.561 20149 -58.2046
-536.651 -6150.78 293.561 20149 -58.2046
-536.651 -6150.78 293.561 20149 -58.2046
-536.651 -6150.78 293.561 20149 -58.2046
-536.651 -6150.78 293.561 20149 -58.2046
-536.651 -6150.78 293.561 20149 -58.2046
-536.662 -6150.79 293.561 20149 -58.2046
-536.717 -6150.76 293.561 20149 -58.2046
-536.796 -6150.7 293.561 20149 -58.2046
-536.916 -6150.61 293.561 20149 -58.2046
-537.06 -6150.53 293.561 20149 -58.2046
-537.205 -6150.44 293.561 20149 -58.2046
-537.343 -6150.35 293.561 20149 -58.2046
-537.483 -6150.26 293.56 20149 -58.2046
-537.647 -6150.18 293.56 20149 -58.2046
-537.847 -6150.06 293.56 20149 -58.2046
-538.072 -6149.91 293.56 20149 -58.2046
-538.332 -6149.74 293.559 20149 -58.2046
-538.619 -6149.56 293.559 20149 -58.2046
-538.905 -6149.38 293.559 20149 -58.2046
-539.186 -6149.21 293.559 20149 -58.2046
-539.468 -6149.03 293.558 20149 -58.2046
-539.766 -6148.86 293.558 20149 -58.2046
-540.083 -6148.66 293.558 20149 -58.2046
-540.425 -6148.45 293.557 20149 -58.2046
-540.791 -6148.22 293.557 20149 -58.2046
-541.183 -6147.98 293.556 20149 -58.2046
-541.593 -6147.72 293.556 20149 -58.2046
-542.014 -6147.46 293.556 20149 -58.2044
-542.441 -6147.19 293.555 20149 -59.6992
-542.89 -6146.93 293.555 20149 -58.9808
-543.373 -6146.64 293.554 20149 -57.5136
-543.881 -6146.32 293.554 20149 -57.0084
-544.425 -6145.96 293.553 20149 -58.2331
-544.994 -6145.61 293.552 20149 -58.2324
-545.564 -6145.26 293.552 20149 -58.208
-546.128 -6144.91 293.551 20149 -58.2075
-546.692 -6144.56 293.551 20149 -59.3955
-547.282 -6144.21 293.55 20149 -58.8065
-547.907 -6143.83 293.552 20149 -57.6918
-548.557 -6143.42 293.553 20149 -57.2563
-549.243 -6142.98 293.555 20149 -58.2314
-549.953 -6142.54 293.557 20149 -58.207
-550.666 -6142.1 293.558 20149 -58.2314
-551.376 -6141.66 293.56 20149 -58.2331
-552.083 -6141.22 293.562 20149 -58.2348
-552.787 -6140.78 293.564 20149 -58.2333
-553.493 -6140.35 293.565 20149 -59.1436
-554.224 -6139.91 293.567 20149 -58.6743
-554.991 -6139.44 293.569 20149 -57.784
-555.783 -6138.94 293.571 20149 -57.4181
-556.61 -6138.42 293.573 20149 -58.2483
-557.459 -6137.89 293.575 20149 -58.3034
-558.313 -6137.36 293.577 20149 -58.8242
-559.182 -6136.84 293.579 20149 -58.4291
-560.077 -6136.29 293.581 20149 -57.5693
-561.002 -6135.7 293.584 20149 -57.1414
-561.953 -6135.09 293.587 20149 -57.8393
-562.923 -6134.48 293.592 20149 -58.2906
-563.895 -6133.87 293.598 20149 -58.4603
-564.864 -6133.28 293.604 20149 -58.2907
-565.836 -6132.68 293.61 20149 -57.7724
-566.803 -6132.07 293.615 20149 -57.6192
-567.758 -6131.46 293.621 20149 -58.1305
-568.701 -6130.88 293.627 20149 -58.8419
-569.645 -6130.31 293.632 20149 -59.2864
-570.609 -6129.73 293.638 20149 -58.787
-571.592 -6129.14 293.644 20149 -59.0839
-572.593 -6128.54 293.65 20149 -59.0794
-573.598 -6127.94 293.655 20149 -59.0825
-574.6 -6127.34 293.661 20149 -59.0849
-575.6 -6126.74 293.667 20149 -59.0703
-576.601 -6126.14 293.674 20149 -59.1105
-577.603 -6125.54 293.683 20149 -59.0809
-578.601 -6124.94 293.692 20149 -59.099
-579.599 -6124.34 293.702 20149 -60.2333
-580.615 -6123.76 293.711 20149 -56.4716
-581.608 -6123.11 293.721 20149 -54.6347
-582.601 -6122.4 293.73 20149 -52.7663
-583.58 -6121.66 293.74 20149 -55.4868
-584.578 -6120.97 293.75 20149 -57.5931
-585.578 -6120.33 293.759 20149 -59.2262
-586.58 -6119.74 293.768 20149 -57.3737
-587.559 -6119.11 293.778 20149 -57.7357
-588.544 -6118.49 293.787 20149 -57.7524
-589.532 -6117.87 293.796 20149 -57.7523
-590.518 -6117.24 293.805 20149 -57.7464
-591.505 -6116.62 293.817 20149 -57.7663
-592.49 -6116 293.83 20149 -57.7496
-593.473 -6115.38 293.843 20149 -57.4043
-594.452 -6114.75 293.855 20149 -57.438
-595.432 -6114.13 293.868 20149 -57.4061
-596.415 -6113.5 293.881 20149 -57.4235
-597.399 -6112.87 293.893 20149 -57.4414
-598.387 -6112.24 293.906 20149 -57.4074
-599.372 -6111.61 293.919 20149 -56.7334
-600.332 -6110.98 293.931 20149 -57.0489
-601.258 -6110.38 293.943 20149 -57.8078
-602.158 -6109.81 293.955 20149 -58.1977
-603.023 -6109.28 293.966 20149 -57.4191
-603.864 -6108.74 293.977 20149 -57.4362
-604.702 -6108.21 293.987 20149 -57.427
-605.544 -6107.67 294 20149 -57.4408
-606.392 -6107.13 294.013 20149 -57.4392
-607.237 -6106.59 294.027 20149 -56.6306
-608.056 -6106.05 294.041 20149 -56.9758
-608.84 -6105.54 294.054 20149 -58.9022
-609.603 -6105.08 294.066 20149 -57.6798
-610.356 -6104.6 294.078 20149 -55.9246
-611.119 -6104.08 294.091 20149 -53.1898
-611.848 -6103.54 294.103 20149 -56.0766
-612.538 -6103.08 294.115 20149 -56.6634
-613.175 -6102.66 294.125 20149 -58.1647
-613.761 -6102.29 294.135 20149 -60.6043
-614.305 -6101.99 294.143 20149 -58.8883
-614.793 -6101.69 294.151 20149 0
