6.94953e-310 6.94953e-310 0 0 0
-828.306 -5954.65 0 0 0
-828.797 -5954.2 0 0 0
-829.288 -5953.75 0 0 0
-829.779 -5953.3 0 0 0
-830.27 -5952.85 0 0 0
-830.761 -5952.4 0 0 0
-831.252 -5951.94 0 0 0
-831.743 -5951.49 0 0 0
-832.23 -5951.05 0 0 0
-832.721 -5950.6 0 0 0
-833.229 -5950.14 0 0 0
-833.748 -5949.65 0 0 0
-834.278 -5949.17 0 0 0
-834.8 -5948.69 0 0 0
-835.316 -5948.21 0 0 0
-835.838 -5947.73 0 0 0
-836.362 -5947.25 0 0 0
-836.883 -5946.78 0 0 0
-837.411 -5946.29 0 0 0
-837.997 -5945.8 0 0 0
-838.565 -5945.22 0 0 0
-839.167 -5944.59 0 0 0
-839.761 -5943.9 0 0 0
-840.356 -5943.28 0 0 0
-840.92 -5942.71 0 0 0
-841.475 -5942.19 0 0 0
-841.99 -5941.7 0 0 0
-842.502 -5941.2 0 0 0
-843.025 -5940.7 0 0 0
-843.559 -5940.19 0 0 0
-844.095 -5939.67 0 0 0
-844.625 -5939.16 0 0 0
-845.147 -5938.66 0 0 0
-845.678 -5938.15 0 0 0
-846.223 -5937.62 0 0 0
-846.784 -5937.08 0 0 0
-847.347 -5936.54 0 0 0
-847.908 -5936 0 0 0
-848.464 -5935.46 0 0 0
-849.024 -5934.92 0 0 0
-849.6 -5934.37 0 0 0
-850.185 -5933.8 0 0 0
-850.785 -5933.22 0 0 0
-851.388 -5932.64 0 0 0
-851.989 -5932.06 0 0 0
-852.586 -5931.49 0 0 0
-853.185 -5930.92 0 0 0
-853.79 -5930.33 0 0 0
-854.408 -5929.72 0 0 0
-855.037 -5929.07 0 0 0
-855.678 -5928.38 0 0 0
-856.326 -5927.69 0 0 0
-856.947 -5926.97 0 0 0
-857.546 -5926.24 0 0 0
-858.142 -5925.49 0 0 0
-858.737 -5924.76 0 0 0
-859.325 -5924.06 0 0 0
-859.902 -5923.39 0 0 0
-860.483 -5922.75 0 0 0
-861.077 -5922.13 0 0 0
-861.683 -5921.54 0 0 0
-862.278 -5920.96 0 0 0
-862.87 -5920.38 0 0 0
-863.466 -5919.8 0 0 0
-864.061 -5919.22 0 0 0
-864.656 -5918.64 0 0 0
-865.252 -5918.05 0 0 0
-865.847 -5917.47 0 0 0
-866.443 -5916.89 0 0 0
-867.039 -5916.31 0 0 0
-867.634 -5915.72 0 0 0
-868.23 -5915.14 0 0 0
-868.826 -5914.56 0 0 0
-869.421 -5913.97 0 0 0
-870.017 -5913.39 0 0 0
-870.614 -5912.81 0 0 0
-871.213 -5912.22 0 0 0
-871.807 -5911.64 0 0 0
-872.394 -5911.07 0 0 0
-872.972 -5910.52 0 0 0
-873.54 -5909.97 0 0 0
-874.111 -5909.38 0 0 0
-874.675 -5908.74 0 0 0
-875.239 -5908.08 0 0 0
-875.807 -5907.42 0 0 0
-876.372 -5906.75 0 0 0
-876.936 -5906.1 0 0 0
-877.5 -5905.44 0 0 0
-878.072 -5904.77 0 0 0
-878.629 -5904.12 0 0 0
-879.154 -5903.5 0 0 0
-879.659 -5902.89 0 0 0
-880.171 -5902.27 0 0 0
-880.715 -5901.6 0 0 0
-881.274 -5900.93 0 0 0
-881.825 -5900.26 0 0 0
-882.376 -5899.59 0 0 0
-882.927 -5898.92 0 0 0
-366.666 -6258.98 295.807 10149 -58.2404
-367.389 -6258.53 295.795 10149 -58.2182
-368.112 -6258.08 295.784 10149 -58.2406
-368.834 -6257.64 295.772 10149 -58.2181
-369.557 -6257.19 295.761 10149 -58.2406
-370.279 -6256.74 295.75 10149 -58.2181
-371.002 -6256.29 295.738 10149 -58.2181
-371.724 -6255.85 295.727 10149 -58.2406
-372.447 -6255.4 295.716 10149 -58.2181
-373.17 -6254.95 295.704 10149 -58.2408
-373.892 -6254.5 295.693 10149 -58.2176
-374.615 -6254.06 295.681 10149 -58.2389
-375.341 -6253.61 295.67 10149 -58.2175
-376.065 -6253.16 295.659 10149 -57.9266
-376.776 -6252.71 295.647 10149 -58.2395
-377.471 -6252.28 295.636 10149 -58.1818
-378.144 -6251.87 295.626 10149 -58.2903
-378.797 -6251.46 295.616 10149 -58.2537
-379.426 -6251.07 295.606 10149 -58.5615
-380.035 -6250.7 295.596 10149 -57.9741
-380.628 -6250.33 295.587 10149 -57.0449
-381.214 -6249.95 295.578 10149 -57.0807
-381.807 -6249.57 295.569 10149 -57.0584
-382.403 -6249.18 295.559 10149 -57.0833
-382.997 -6248.79 295.55 10149 -57.083
-383.592 -6248.41 295.54 10149 -57.0564
-384.186 -6248.02 295.531 10149 -57.0564
-384.781 -6247.64 295.521 10149 -57.1103
-385.375 -6247.26 295.512 10149 -57.0564
-385.97 -6246.87 295.503 10149 -57.083
-386.564 -6246.49 295.493 10149 -57.056
-387.158 -6246.1 295.484 10149 -57.0843
-387.754 -6245.71 295.474 10149 -57.0888
-388.352 -6245.33 295.465 10149 -57.0597
-388.949 -6244.94 295.456 10149 -56.0226
-389.525 -6244.55 295.446 10149 -56.6354
-390.071 -6244.19 295.438 10149 -57.5234
-390.595 -6243.86 295.429 10149 -58.3209
-391.09 -6243.55 295.422 10149 -57.0887
-391.563 -6243.25 295.414 10149 -57.0863
-392.034 -6242.94 295.407 10149 -57.0578
-392.509 -6242.64 295.399 10149 -57.0936
-392.985 -6242.33 295.392 10149 -57.0932
-393.461 -6242.02 295.385 10149 -57.0595
-393.936 -6241.71 295.377 10149 -57.0932
-394.412 -6241.4 295.37 10149 -57.0932
-394.888 -6241.1 295.362 10149 -57.0595
-395.363 -6240.79 295.355 10149 -57.0932
-395.839 -6240.48 295.347 10149 -57.0928
-396.315 -6240.17 295.34 10149 -57.0932
-396.79 -6239.86 295.332 10149 -57.0612
-397.267 -6239.56 295.325 10149 -57.057
-397.741 -6239.25 295.317 10149 -57.0867
-398.213 -6238.94 295.31 10149 -56.4443
-398.682 -6238.63 295.303 10149 -56.067
-399.149 -6238.32 295.295 10149 -55.6997
-399.607 -6238 295.288 10149 -56.1183
-400.052 -6237.71 295.281 10149 -56.0605
-400.473 -6237.42 295.274 10149 -56.0605
-400.875 -6237.15 295.268 10149 -56.0605
-401.255 -6236.9 295.262 10149 -56.0605
-401.619 -6236.66 295.256 10149 -56.0605
-401.971 -6236.42 295.25 10149 -56.0605
-402.321 -6236.19 295.245 10149 -56.0605
-402.672 -6235.95 295.239 10149 -56.0605
-403.026 -6235.71 295.234 10149 -56.0605
-403.379 -6235.48 295.228 10149 -56.0605
-403.731 -6235.24 295.223 10149 -56.0605
-404.085 -6235 295.217 10149 -56.0605
-404.442 -6234.76 295.211 10149 -56.0605
-404.797 -6234.53 295.206 10149 -56.0605
-405.132 -6234.29 295.2 10149 -56.0605
-405.436 -6234.08 295.195 10149 -56.0605
-405.72 -6233.89 295.191 10149 -56.0605
-405.974 -6233.74 295.187 10149 -56.0605
-406.207 -6233.58 295.184 10149 -56.0605
-406.438 -6233.43 295.18 10149 -56.0605
-406.672 -6233.27 295.176 10149 -56.0605
-406.908 -6233.11 295.172 10149 -56.0605
-407.143 -6232.95 295.169 10149 -56.0605
-407.378 -6232.79 295.165 10149 -56.0605
-407.614 -6232.64 295.161 10149 -56.0605
-407.849 -6232.48 295.158 10149 -56.0605
-408.084 -6232.32 295.154 10149 -56.0605
-408.319 -6232.16 295.15 10149 -56.0605
-408.555 -6232 295.147 10149 -56.0605
-408.79 -6231.85 295.143 10149 -56.0605
-409.029 -6231.69 295.139 10149 -56.0605
-409.263 -6231.53 295.136 10149 -56.0605
-409.486 -6231.37 295.132 10149 -56.0605
-409.695 -6231.21 295.129 10149 -56.0605
-409.893 -6231.07 295.125 10149 -56.0605
-410.088 -6230.94 295.122 10149 -56.0605
-410.283 -6230.82 295.119 10149 -56.0605
-410.477 -6230.7 295.116 10149 -56.0605
-410.672 -6230.57 295.113 10149 -56.0605
-410.867 -6230.45 295.11 10149 -56.0605
-411.062 -6230.32 295.107 10149 -56.0605
-411.258 -6230.2 295.104 10149 -56.0605
-411.453 -6230.08 295.101 10149 -56.0605
-411.648 -6229.95 295.098 10149 -56.0605
-411.843 -6229.83 295.095 10149 -56.0605
-412.038 -6229.7 295.092 10149 -56.0605
-412.234 -6229.58 295.089 10149 -56.0605
-412.429 -6229.45 295.086 10149 -56.0605
-412.624 -6229.33 295.083 10149 -56.0605
-412.819 -6229.21 295.08 10149 -56.0605
-413.015 -6229.08 295.077 10149 -56.0605
-413.21 -6228.96 295.074 10149 -56.0605
-413.405 -6228.83 295.071 10149 -56.0605
-413.603 -6228.71 295.068 10149 -56.0605
-413.795 -6228.58 295.065 10149 -56.0605
-413.973 -6228.47 295.062 10149 -56.0605
-414.141 -6228.35 295.06 10149 -56.0605
-414.313 -6228.23 295.057 10149 -56.0605
-414.5 -6228.1 295.054 10149 -56.0605
-414.69 -6227.97 295.051 10149 -56.0605
-414.873 -6227.84 295.048 10149 -56.0605
-415.072 -6227.7 295.045 10149 -56.0605
-415.322 -6227.55 295.041 10149 -56.0605
-415.604 -6227.36 295.037 10149 -56.0605
-415.932 -6227.13 295.031 10149 -56.0605
-416.292 -6226.87 295.026 10149 -56.0605
-416.703 -6226.59 295.019 10149 -56.2379
-417.13 -6226.31 295.012 10149 -56.1855
-417.553 -6226.02 295.006 10149 -56.2117
-417.974 -6225.74 294.999 10149 -56.2136
-418.395 -6225.46 294.993 10149 -56.2126
-418.816 -6225.18 294.986 10149 -56.219
-419.236 -6224.9 294.979 10149 -56.1831
-419.657 -6224.61 294.973 10149 -56.1831
-420.078 -6224.33 294.966 10149 -56.2199
-420.499 -6224.05 294.96 10149 -56.2208
-420.92 -6223.77 294.953 10149 -56.2199
-421.34 -6223.49 294.947 10149 -56.2208
-421.761 -6223.21 294.94 10149 -56.2208
-422.182 -6222.93 294.934 10149 -56.1812
-422.603 -6222.64 294.927 10149 -56.1753
-423.022 -6222.36 294.921 10149 -55.7932
-423.438 -6222.08 294.914 10149 -57.8806
-423.872 -6221.81 294.907 10149 -60.0937
-424.344 -6221.54 294.9 10149 -59.2568
-424.847 -6221.24 294.893 10149 -58.6888
-425.376 -6220.92 294.885 10149 -58.0043
-425.939 -6220.56 294.876 10149 -58.2794
-426.523 -6220.2 294.867 10149 -57.4997
-427.101 -6219.83 294.858 10149 -59.7222
-427.677 -6219.5 294.85 10149 -63.7568
-428.258 -6219.21 294.842 10149 -65.7066
-428.844 -6218.95 294.833 10149 -63.7861
-429.426 -6218.66 294.825 10149 -59.6959
-430.001 -6218.32 294.816 10149 -57.5266
-430.577 -6217.96 294.808 10149 -58.5005
-431.164 -6217.6 294.799 10149 -57.7485
-431.736 -6217.24 294.79 10149 -57.4181
-432.284 -6216.89 294.782 10149 -58.51
-432.806 -6216.57 294.774 10149 -59.2028
-433.305 -6216.27 294.766 10149 -58.0929
-433.784 -6215.97 294.759 10149 -58.0937
-434.262 -6215.67 294.752 10149 -58.0589
-434.742 -6215.37 294.744 10149 -58.0922
-435.223 -6215.08 294.737 10149 -58.0923
-435.704 -6214.78 294.73 10149 -58.0586
-436.185 -6214.48 294.723 10149 -58.0923
-436.666 -6214.18 294.715 10149 -58.0923
-437.147 -6213.88 294.708 10149 -58.0586
-437.628 -6213.58 294.701 10149 -58.0925
-438.108 -6213.28 294.694 10149 -58.092
-438.59 -6212.98 294.686 10149 -58.0912
-439.075 -6212.68 294.679 10149 -58.0921
-439.556 -6212.38 294.672 10149 -57.5455
-440.025 -6212.08 294.665 10149 -58.0311
-440.478 -6211.8 294.658 10149 -58.0366
-440.909 -6211.53 294.651 10149 -58.0366
-441.322 -6211.27 294.645 10149 -58.0366
-441.708 -6211.03 294.639 10149 -58.0366
-442.07 -6210.81 294.634 10149 -58.0366
-442.412 -6210.59 294.629 10149 -58.0366
-442.752 -6210.36 294.624 10149 -58.0366
-443.104 -6210.13 294.618 10149 -58.0366
-443.46 -6209.89 294.613 10149 -58.0366
-443.815 -6209.66 294.607 10149 -58.0366
-444.169 -6209.42 294.602 10149 -58.0366
-444.523 -6209.19 294.596 10149 -58.0366
-444.878 -6208.95 294.591 10149 -58.0366
-445.232 -6208.72 294.585 10149 -58.0366
-445.586 -6208.48 294.58 10149 -58.0366
-445.94 -6208.25 294.575 10149 -58.0366
-446.295 -6208.02 294.569 10149 -58.0366
-446.654 -6207.78 294.564 10149 -58.0366
-447.01 -6207.54 294.558 10149 -58.0366
-447.345 -6207.3 294.553 10149 -58.0366
-447.65 -6207.09 294.548 10149 -58.0366
-447.935 -6206.91 294.544 10149 -58.0366
-448.191 -6206.76 294.54 10149 -58.0366
-448.426 -6206.6 294.537 10149 -58.0366
-448.658 -6206.45 294.533 10149 -58.0366
-448.893 -6206.29 294.53 10149 -58.0366
-449.13 -6206.14 294.526 10149 -58.0366
-449.366 -6205.98 294.522 10149 -58.0366
-449.602 -6205.83 294.519 10149 0
