-652.914 -6078.44 295.023 30149
-654.475 -6077.47 295.061 30149
-656.034 -6076.5 295.099 30149
-657.589 -6075.53 295.136 30149
-659.141 -6074.57 295.174 30149
-660.697 -6073.6 295.211 30149
-662.278 -6072.64 295.249 30149
-663.885 -6071.64 295.288 30149
-665.506 -6070.61 295.327 30149
-667.135 -6069.6 295.367 30149
-668.771 -6068.58 295.407 30149
-670.437 -6067.54 295.447 30149
-672.128 -6066.46 295.489 30149
-673.862 -6065.36 295.531 30149
-675.599 -6064.26 295.574 30149
-677.309 -6063.16 295.616 30149
-678.997 -6062.11 295.657 30149
-680.662 -6061.07 295.698 30149
-682.324 -6060.03 295.738 30149
-683.995 -6058.98 295.779 30149
-685.688 -6057.92 295.82 30149
-687.404 -6056.85 295.862 30149
-689.125 -6055.74 295.905 30149
-690.857 -6054.64 295.947 30149
-692.576 -6053.54 295.99 30149
-694.272 -6052.46 296.032 30149
-695.965 -6051.38 296.073 30149
-697.688 -6050.28 296.116 30149
-699.445 -6049.2 296.159 30149
-701.192 -6048.12 296.202 30149
-702.905 -6047.07 296.243 30149
-704.6 -6046.02 296.285 30149
-706.301 -6044.98 296.326 30149
-708.005 -6043.93 296.368 30149
-709.725 -6042.87 296.41 30149
-711.453 -6041.79 296.453 30149
-713.212 -6040.67 296.496 30149
-714.974 -6039.55 296.54 30149
-716.723 -6038.45 296.583 30149
-718.474 -6037.32 296.626 30149
-720.229 -6036.16 296.67 30149
-722.011 -6034.97 296.715 30149
-723.799 -6033.79 296.76 30149
-725.561 -6032.62 296.804 30149
-727.317 -6031.45 296.848 30149
-729.047 -6030.29 296.892 30149
-730.76 -6029.16 296.934 30149
-732.463 -6028.05 296.977 30149
-734.167 -6026.89 297.02 30149
-735.899 -6025.69 297.064 30149
-737.664 -6024.45 297.109 30149
-739.472 -6023.2 297.155 30149
-741.282 -6021.97 297.201 30149
-743.077 -6020.74 297.246 30149
-744.862 -6019.52 297.291 30149
-746.648 -6018.31 297.336 30149
-748.437 -6017.09 297.382 30149
-750.24 -6015.86 297.427 30149
-752.06 -6014.62 297.473 30149
-753.932 -6013.36 297.52 30149
-755.808 -6012.01 297.569 30149
-757.697 -6010.59 297.618 30149
-759.614 -6009.11 297.668 30149
-761.544 -6007.57 297.719 30149
-763.413 -6006.08 297.769 30149
-765.267 -6004.65 297.818 30149
-767.094 -6003.3 297.865 30149
-768.907 -6002.02 297.911 30149
-770.717 -6000.81 297.957 30149
-772.557 -5999.58 298.003 30149
-774.432 -5998.28 298.05 30149
-776.354 -5996.93 298.099 30149
-778.276 -5995.46 298.149 30149
-780.226 -5993.93 298.2 30149
-782.232 -5992.37 298.253 30149
-784.216 -5990.83 298.305 30149
-786.159 -5989.33 298.355 30149
-788.074 -5987.8 298.406 30149
-789.983 -5986.26 298.457 30149
-791.906 -5984.69 298.508 30149
-793.819 -5983.18 298.558 30149
-795.702 -5981.71 298.608 30149
-797.561 -5980.27 298.656 30149
-799.344 -5978.84 298.703 30149
-801.107 -5977.4 298.749 30149
-802.886 -5975.96 298.796 30149
-804.684 -5974.49 298.844 30149
-806.488 -5973.02 298.891 30149
-808.27 -5971.57 298.938 30149
-810.027 -5970.11 298.985 30149
-811.808 -5968.63 299.032 30149
-813.623 -5967.11 299.08 30149
-815.463 -5965.57 299.129 30149
-817.284 -5964.05 299.177 30149
-819.065 -5962.51 299.225 30149
-820.786 -5960.95 299.272 30149
-822.52 -5959.38 299.319 30149
-824.247 -5957.81 299.365 30149
-826.098 -5956.13 299.415 30149
0 0 0 0
0 0 0 0
0 0 0 0
0 0 0 0
0 0 0 0
0 0 0 0
0 0 0 0
0 0 0 0
0 0 0 0
0 0 0 0
0 0 0 0
0 0 0 0
0 0 0 0
0 0 0 0
0 0 0 0
0 0 0 0
0 0 0 0
0 0 0 0
0 0 0 0
0 0 0 0
0 0 0 0
0 0 0 0
0 0 0 0
0 0 0 0
0 0 0 0
0 0 0 0
0 0 0 0
0 0 0 0
0 0 0 0
0 0 0 0
0 0 0 0
0 0 0 0
0 0 0 0
0 0 0 0
0 0 0 0
0 0 0 0
0 0 0 0
0 0 0 0
0 0 0 0
0 0 0 0
0 0 0 0
0 0 0 0
0 0 0 0
0 0 0 0
0 0 0 0
0 0 0 0
0 0 0 0
0 0 0 0
0 0 0 0
0 0 0 0
0 0 0 0
0 0 0 0
0 0 0 0
0 0 0 0
0 0 0 0
0 0 0 0
0 0 0 0
0 0 0 0
0 0 0 0
0 0 0 0
0 0 0 0
0 0 0 0
0 0 0 0
0 0 0 0
0 0 0 0
0 0 0 0
0 0 0 0
0 0 0 0
0 0 0 0
0 0 0 0
0 0 0 0
0 0 0 0
0 0 0 0
0 0 0 0
0 0 0 0
0 0 0 0
0 0 0 0
0 0 0 0
0 0 0 0
0 0 0 0
0 0 0 0
0 0 0 0
0 0 0 0
0 0 0 0
0 0 0 0
0 0 0 0
0 0 0 0
0 0 0 0
0 0 0 0
0 0 0 0
0 0 0 0
0 0 0 0
0 0 0 0
0 0 0 0
0 0 0 0
0 0 0 0
0 0 0 0
0 0 0 0
0 0 0 0
0 0 0 0
0 0 0 0
0 0 0 0
0 0 0 0
0 0 0 0
0 0 0 0
0 0 0 0
0 0 0 0
0 0 0 0
0 0 0 0
0 0 0 0
0 0 0 0
0 0 0 0
0 0 0 0
0 0 0 0
0 0 0 0
0 0 0 0
0 0 0 0
0 0 0 0
0 0 0 0
0 0 0 0
0 0 0 0
0 0 0 0
0 0 0 0
0 0 0 0
0 0 0 0
0 0 0 0
0 0 0 0
0 0 0 0
0 0 0 0
0 0 0 0
0 0 0 0
0 0 0 0
0 0 0 0
0 0 0 0
0 0 0 0
0 0 0 0
0 0 0 0
0 0 0 0
0 0 0 0
0 0 0 0
0 0 0 0
0 0 0 0
0 0 0 0
0 0 0 0
0 0 0 0
0 0 0 0
0 0 0 0
0 0 0 0
0 0 0 0
0 0 0 0
0 0 0 0
0 0 0 0
0 0 0 0
0 0 0 0
0 0 0 0
0 0 0 0
0 0 0 0
0 0 0 0
0 0 0 0
0 0 0 0
0 0 0 0
0 0 0 0
0 0 0 0
0 0 0 0
0 0 0 0
0 0 0 0
0 0 0 0
0 0 0 0
0 0 0 0
0 0 0 0
0 0 0 0
0 0 0 0
0 0 0 0
0 0 0 0
0 0 0 0
0 0 0 0
0 0 0 0
0 0 0 0
0 0 0 0
0 0 0 0
0 0 0 0
0 0 0 0
0 0 0 0
0 0 0 0
0 0 0 0
0 0 0 0
0 0 0 0
0 0 0 0
0 0 0 0
0 0 0 0
0 0 0 0
0 0 0 0
0 0 0 0
0 0 0 0
0 0 0 0
0 0 0 0
0 0 0 0
0 0 0 0
0 0 0 0
0 0 0 0
0 0 0 0
