-880.07 -5901.89 300.859 40149 -41.5581
-880.72 -5901.15 300.876 40149 -42.382
-881.394 -5900.41 300.892 40149 -42.3788
-882.071 -5899.67 300.908 40149 -42.3624
-882.746 -5898.93 300.925 40149 -42.3828
-883.419 -5898.2 300.941 40149 -42.3633
-884.093 -5897.46 300.957 40149 -42.3632
-884.766 -5896.72 300.974 40149 -42.3823
-885.44 -5895.98 300.99 40149 -42.3632
-886.114 -5895.24 301.007 40149 -42.3825
-886.787 -5894.5 301.023 40149 -42.3583
-887.466 -5893.76 301.039 40149 -42.3871
-888.135 -5893.03 301.056 40149 -42.3885
-888.784 -5892.31 301.072 40149 -42.3567
-889.425 -5891.61 301.087 40149 -41.7144
-890.066 -5890.89 301.103 40149 -41.6946
-890.727 -5890.15 301.119 40149 -41.6946
-891.396 -5889.4 301.136 40149 -39.7577
-892.035 -5888.63 301.151 40149 -39.5374
-892.672 -5887.86 301.166 40149 -39.5183
-893.308 -5887.09 301.181 40149 -39.4992
-893.944 -5886.32 301.196 40149 -39.5183
-894.58 -5885.55 301.211 40149 -39.5183
-895.216 -5884.78 301.226 40149 -39.5374
-895.852 -5884 301.241 40149 -39.5183
-896.488 -5883.23 301.256 40149 -39.5183
-897.124 -5882.46 301.271 40149 -39.5183
-897.76 -5881.69 301.286 40149 -39.5183
-898.396 -5880.92 301.301 40149 -39.5374
-899.034 -5880.15 301.316 40149 -39.5374
-899.672 -5879.37 301.331 40149 -39.5565
-900.31 -5878.6 301.346 40149 -39.5756
-900.947 -5877.83 301.361 40149 -39.5566
-901.583 -5877.06 301.376 40149 -39.5756
-902.22 -5876.29 301.391 40149 -39.5565
-902.857 -5875.52 301.406 40149 -39.5374
-903.493 -5874.75 301.421 40149 -39.5374
0 0 0 0 -39.5374
0 0 0 0 -39.5374
0 0 0 0 -39.5374
0 0 0 0 -39.5374
0 0 0 0 -39.5374
0 0 0 0 -39.5374
0 0 0 0 -39.5374
0 0 0 0 -39.5374
0 0 0 0 -39.5374
0 0 0 0 -39.5374
0 0 0 0 -39.5374
0 0 0 0 -39.5374
0 0 0 0 -39.5374
0 0 0 0 -39.5374
0 0 0 0 -39.5374
0 0 0 0 -39.5374
0 0 0 0 -39.5374
0 0 0 0 -39.5374
0 0 0 0 -39.5374
0 0 0 0 -39.5374
0 0 0 0 -39.5374
0 0 0 0 -39.5374
0 0 0 0 -39.5374
0 0 0 0 -39.5374
0 0 0 0 -39.5374
0 0 0 0 -39.5374
0 0 0 0 -39.5374
0 0 0 0 -39.5374
0 0 0 0 -39.5374
0 0 0 0 -39.5374
0 0 0 0 -39.5374
0 0 0 0 -39.5374
0 0 0 0 -39.5374
0 0 0 0 -39.5374
0 0 0 0 -39.5374
0 0 0 0 -39.5374
0 0 0 0 -39.5374
0 0 0 0 -39.5374
0 0 0 0 -39.5374
0 0 0 0 -39.5374
0 0 0 0 -39.5374
0 0 0 0 -39.5374
0 0 0 0 -39.5374
0 0 0 0 -39.5374
0 0 0 0 -39.5374
0 0 0 0 -39.5374
0 0 0 0 -39.5374
0 0 0 0 -39.5374
0 0 0 0 -39.5374
0 0 0 0 -39.5374
0 0 0 0 -39.5374
0 0 0 0 -39.5374
0 0 0 0 -39.5374
0 0 0 0 -39.5374
0 0 0 0 -39.5374
0 0 0 0 -39.5374
0 0 0 0 -39.5374
0 0 0 0 -39.5374
0 0 0 0 -39.5374
0 0 0 0 -39.5374
0 0 0 0 -39.5374
0 0 0 0 -39.5374
0 0 0 0 -39.5374
0 0 0 0 -39.5374
0 0 0 0 -39.5374
0 0 0 0 -39.5374
0 0 0 0 -39.5374
0 0 0 0 -39.5374
0 0 0 0 -39.5374
0 0 0 0 -39.5374
0 0 0 0 -39.5374
0 0 0 0 -39.5374
0 0 0 0 -39.5374
0 0 0 0 -39.5374
0 0 0 0 -39.5374
0 0 0 0 -39.5374
0 0 0 0 -39.5374
0 0 0 0 -39.5374
0 0 0 0 -39.5374
0 0 0 0 -39.5374
0 0 0 0 -39.5374
0 0 0 0 -39.5374
0 0 0 0 -39.5374
0 0 0 0 -39.5374
0 0 0 0 -39.5374
0 0 0 0 -39.5374
0 0 0 0 -39.5374
0 0 0 0 -39.5374
0 0 0 0 -39.5374
0 0 0 0 -39.5374
0 0 0 0 -39.5374
0 0 0 0 -39.5374
0 0 0 0 -39.5374
0 0 0 0 -39.5374
0 0 0 0 -39.5374
0 0 0 0 -39.5374
0 0 0 0 -39.5374
0 0 0 0 -39.5374
0 0 0 0 -39.5374
0 0 0 0 -39.5374
0 0 0 0 -39.5374
0 0 0 0 -39.5374
0 0 0 0 -39.5374
0 0 0 0 -39.5374
0 0 0 0 -39.5374
0 0 0 0 -39.5374
0 0 0 0 -39.5374
0 0 0 0 -39.5374
0 0 0 0 -39.5374
0 0 0 0 -39.5374
0 0 0 0 -39.5374
0 0 0 0 -39.5374
0 0 0 0 -39.5374
0 0 0 0 -39.5374
0 0 0 0 -39.5374
0 0 0 0 -39.5374
0 0 0 0 -39.5374
0 0 0 0 -39.5374
0 0 0 0 -39.5374
0 0 0 0 -39.5374
0 0 0 0 -39.5374
0 0 0 0 -39.5374
0 0 0 0 -39.5374
0 0 0 0 -39.5374
0 0 0 0 -39.5374
0 0 0 0 -39.5374
0 0 0 0 -39.5374
0 0 0 0 -39.5374
0 0 0 0 -39.5374
0 0 0 0 -39.5374
0 0 0 0 -39.5374
0 0 0 0 -39.5374
0 0 0 0 -39.5374
0 0 0 0 -39.5374
0 0 0 0 -39.5374
0 0 0 0 -39.5374
0 0 0 0 -39.5374
0 0 0 0 -39.5374
0 0 0 0 -39.5374
0 0 0 0 -39.5374
0 0 0 0 -39.5374
0 0 0 0 -39.5374
0 0 0 0 -39.5374
0 0 0 0 -39.5374
0 0 0 0 -39.5374
0 0 0 0 -39.5374
0 0 0 0 -39.5374
0 0 0 0 -39.5374
0 0 0 0 -39.5374
0 0 0 0 -39.5374
0 0 0 0 -39.5374
0 0 0 0 -39.5374
0 0 0 0 -39.5374
0 0 0 0 -39.5374
0 0 0 0 -39.5374
0 0 0 0 -39.5374
0 0 0 0 -39.5374
0 0 0 0 -39.5374
0 0 0 0 -39.5374
0 0 0 0 -39.5374
0 0 0 0 -39.5374
0 0 0 0 -39.5374
0 0 0 0 -39.5374
0 0 0 0 -39.5374
0 0 0 0 -39.5374
0 0 0 0 -39.5374
0 0 0 0 -39.5374
0 0 0 0 -39.5374
0 0 0 0 -39.5374
0 0 0 0 -39.5374
0 0 0 0 -39.5374
0 0 0 0 -39.5374
0 0 0 0 -39.5374
0 0 0 0 -39.5374
0 0 0 0 -39.5374
0 0 0 0 -39.5374
0 0 0 0 -39.5374
0 0 0 0 -39.5374
0 0 0 0 -39.5374
0 0 0 0 -39.5374
0 0 0 0 -39.5374
0 0 0 0 -39.5374
0 0 0 0 -39.5374
0 0 0 0 -39.5374
0 0 0 0 -39.5374
0 0 0 0 -39.5374
0 0 0 0 -39.5374
0 0 0 0 -39.5374
0 0 0 0 -39.5374
0 0 0 0 -39.5374
0 0 0 0 -39.5374
0 0 0 0 -39.5374
0 0 0 0 -39.5374
0 0 0 0 -39.5374
0 0 0 0 -39.5374
0 0 0 0 -39.5374
0 0 0 0 -39.5374
0 0 0 0 -39.5374
0 0 0 0 -39.5374
0 0 0 0 -39.5374
0 0 0 0 -39.5374
0 0 0 0 -39.5374
0 0 0 0 -39.5374
0 0 0 0 -39.5374
0 0 0 0 -39.5374
0 0 0 0 -39.5374
0 0 0 0 -39.5374
0 0 0 0 -39.5374
0 0 0 0 -39.5374
0 0 0 0 -39.5374
0 0 0 0 -39.5374
0 0 0 0 -39.5374
0 0 0 0 -39.5374
0 0 0 0 -39.5374
0 0 0 0 -39.5374
0 0 0 0 -39.5374
0 0 0 0 -39.5374
0 0 0 0 -39.5374
0 0 0 0 -39.5374
0 0 0 0 -39.5374
0 0 0 0 -39.5374
0 0 0 0 -39.5374
0 0 0 0 -39.5374
0 0 0 0 -39.5374
0 0 0 0 -39.5374
0 0 0 0 -39.5374
0 0 0 0 -39.5374
0 0 0 0 -39.5374
0 0 0 0 -39.5374
0 0 0 0 -39.5374
0 0 0 0 -39.5374
0 0 0 0 -39.5374
0 0 0 0 -39.5374
17.24 34.472 0 0 -39.5374
17.232 35.973 0 0 -39.5374
17.225 37.473 0 0 -39.5374
17.217 38.972 0 0 -39.5374
17.21 40.473 0 0 -39.5374
17.202 41.973 0 0 -39.5374
17.194 43.473 0 0 -39.5374
17.186 44.974 0 0 -39.5374
17.178 46.47 0 0 -39.5374
17.171 47.953 0 0 -39.5374
17.163 49.442 0 0 -39.5374
17.118 50.992 0 0 -39.5374
17.094 52.685 0 0 -39.5374
17.099 54.492 0 0 -39.5374
17.127 56.442 0 0 -39.5374
17.117 58.453 0 0 -39.5374
17.107 60.47 0 0 -39.5374
17.096 62.474 0 0 -39.5374
17.086 64.472 0 0 -39.5374
17.076 66.472 0 0 -39.5374
17.066 68.472 0 0 -39.5374
17.055 70.472 0 0 -39.5374
17.045 72.472 0 0 -39.5374
17.035 74.472 0 0 -39.5374
17.024 76.472 0 0 -39.5374
17.014 78.472 0 0 -39.5374
17.004 80.472 0 0 -39.5374
16.993 82.472 0 0 -39.5374
16.983 84.472 0 0 -39.5374
16.973 86.484 0 0 0
