-895.931 -5875.04 301.345 40148 -38.3424
0 0 0 0 -38.3424
0 0 0 0 -38.3424
0 0 0 0 -38.3424
0 0 0 0 -38.3424
0 0 0 0 -38.3424
0 0 0 0 -38.3424
0 0 0 0 -38.3424
0 0 0 0 -38.3424
0 0 0 0 -38.3424
0 0 0 0 -38.3424
0 0 0 0 -38.3424
0 0 0 0 -38.3424
0 0 0 0 -38.3424
0 0 0 0 -38.3424
0 0 0 0 -38.3424
0 0 0 0 -38.3424
0 0 0 0 -38.3424
0 0 0 0 -38.3424
0 0 0 0 -38.3424
0 0 0 0 -38.3424
0 0 0 0 -38.3424
0 0 0 0 -38.3424
0 0 0 0 -38.3424
0 0 0 0 -38.3424
0 0 0 0 -38.3424
0 0 0 0 -38.3424
0 0 0 0 -38.3424
0 0 0 0 -38.3424
0 0 0 0 -38.3424
0 0 0 0 -38.3424
0 0 0 0 -38.3424
0 0 0 0 -38.3424
0 0 0 0 -38.3424
0 0 0 0 -38.3424
0 0 0 0 -38.3424
0 0 0 0 -38.3424
0 0 0 0 -38.3424
0 0 0 0 -38.3424
0 0 0 0 -38.3424
0 0 0 0 -38.3424
0 0 0 0 -38.3424
0 0 0 0 -38.3424
0 0 0 0 -38.3424
-579.334 -6119.94 0 0 -38.3424
-580.457 -6119.23 0 0 -38.3424
-581.563 -6118.53 0 0 -38.3424
-582.662 -6117.83 0 0 -38.3424
-583.765 -6117.13 0 0 -38.3424
-584.88 -6116.42 0 0 -38.3424
-586.002 -6115.7 0 0 -38.3424
-587.144 -6114.99 0 0 -38.3424
-588.327 -6114.24 0 0 -38.3424
-589.536 -6113.45 0 0 -38.3424
-590.776 -6112.64 0 0 -38.3424
-592.009 -6111.84 0 0 -38.3424
-593.233 -6111.08 0 0 -38.3424
-594.46 -6110.31 0 0 -38.3424
-595.697 -6109.5 0 0 -38.3424
-596.962 -6108.69 0 0 -38.3424
-598.228 -6107.88 0 0 -38.3424
-599.485 -6107.09 0 0 -38.3424
-600.732 -6106.32 0 0 -38.3424
-601.972 -6105.57 0 0 -38.3424
-603.205 -6104.81 0 0 -38.3424
-604.437 -6104.06 0 0 -38.3424
-605.676 -6103.3 0 0 -38.3424
-606.928 -6102.53 0 0 -38.3424
-608.193 -6101.74 0 0 -38.3424
-609.464 -6100.94 0 0 -38.3424
-610.736 -6100.14 0 0 -38.3424
-612.006 -6099.34 0 0 -38.3424
-613.276 -6098.54 0 0 -38.3424
-614.546 -6097.74 0 0 -38.3424
-615.815 -6096.94 0 0 -38.3424
-617.084 -6096.14 0 0 -38.3424
-618.326 -6095.36 0 0 -38.3424
-619.59 -6094.56 0 0 -38.3424
-620.854 -6093.76 0 0 -38.3424
-622.117 -6092.96 0 0 -38.3424
-623.381 -6092.16 0 0 -38.3424
-624.645 -6091.37 0 0 -38.3424
-625.909 -6090.57 0 0 -38.3424
-627.172 -6089.77 0 0 -38.3424
-628.436 -6088.97 0 0 -38.3424
-629.7 -6088.17 0 0 -38.3424
-630.963 -6087.37 0 0 -38.3424
-632.227 -6086.57 0 0 -38.3424
-633.491 -6085.77 0 0 -38.3424
-634.755 -6084.97 0 0 -38.3424
-636.018 -6084.17 0 0 -38.3424
-637.282 -6083.38 0 0 -38.3424
-638.546 -6082.58 0 0 -38.3424
-639.809 -6081.78 0 0 -38.3424
-641.076 -6080.98 0 0 -38.3424
-642.343 -6080.19 0 0 -38.3424
-643.61 -6079.4 0 0 -38.3424
-644.877 -6078.6 0 0 -38.3424
-646.144 -6077.81 0 0 -38.3424
-647.412 -6077.02 0 0 -38.3424
-648.679 -6076.22 0 0 -38.3424
-649.946 -6075.43 0 0 -38.3424
-651.211 -6074.64 0 0 -38.3424
-652.48 -6073.84 0 0 -38.3424
-653.758 -6073.04 0 0 -38.3424
-655.041 -6072.24 0 0 -38.3424
-656.321 -6071.45 0 0 -38.3424
-657.592 -6070.66 0 0 -38.3424
-658.86 -6069.87 0 0 -38.3424
-660.129 -6069.08 0 0 -38.3424
-661.399 -6068.29 0 0 -38.3424
-662.668 -6067.5 0 0 -38.3424
-663.937 -6066.71 0 0 -38.3424
-665.205 -6065.91 0 0 -38.3424
-666.473 -6065.12 0 0 -38.3424
-667.741 -6064.33 0 0 -38.3424
-669.01 -6063.54 0 0 -38.3424
-670.276 -6062.75 0 0 -38.3424
-671.537 -6061.96 0 0 -38.3424
-672.809 -6061.17 0 0 -38.3424
-674.135 -6060.36 0 0 -38.3424
-675.489 -6059.49 0 0 -38.3424
-676.888 -6058.6 0 0 -38.3424
-678.316 -6057.65 0 0 -38.3424
-679.798 -6056.68 0 0 -38.3424
-681.28 -6055.71 0 0 -38.3424
-682.739 -6054.77 0 0 -38.3424
-684.178 -6053.86 0 0 -38.3424
-685.592 -6052.97 0 0 -38.3424
-686.968 -6052.08 0 0 -38.3424
-688.311 -6051.22 0 0 -38.3424
-689.629 -6050.4 0 0 -38.3424
-690.923 -6049.58 0 0 -38.3424
-692.219 -6048.76 0 0 -38.3424
-693.521 -6047.93 0 0 -38.3424
-694.802 -6047.1 0 0 -38.3424
-696.062 -6046.3 0 0 -38.3424
-697.307 -6045.5 0 0 -38.3424
-698.558 -6044.7 0 0 -38.3424
-699.817 -6043.89 0 0 -38.3424
-701.076 -6043.08 0 0 -38.3424
-702.333 -6042.28 0 0 -38.3424
-703.591 -6041.47 0 0 -38.3424
-704.849 -6040.66 0 0 -38.3424
-706.107 -6039.86 0 0 -38.3424
-707.365 -6039.05 0 0 -38.3424
-708.616 -6038.23 0 0 -38.3424
-709.862 -6037.41 0 0 -38.3424
-711.109 -6036.58 0 0 -38.3424
-712.355 -6035.76 0 0 -38.3424
-713.602 -6034.93 0 0 -38.3424
-714.848 -6034.11 0 0 -38.3424
-716.095 -6033.28 0 0 -38.3424
-717.341 -6032.46 0 0 -38.3424
-718.588 -6031.63 0 0 -38.3424
-719.834 -6030.81 0 0 -38.3424
-721.081 -6029.99 0 0 -38.3424
-722.327 -6029.16 0 0 -38.3424
-723.57 -6028.34 0 0 -38.3424
-724.82 -6027.51 0 0 -38.3424
-726.086 -6026.68 0 0 -38.3424
-727.36 -6025.84 0 0 -38.3424
-728.631 -6025.01 0 0 -38.3424
-729.886 -6024.19 0 0 -38.3424
-731.119 -6023.35 0 0 -38.3424
-732.35 -6022.51 0 0 -38.3424
-733.583 -6021.67 0 0 -38.3424
-734.841 -6020.83 0 0 -38.3424
-736.134 -6019.96 0 0 -38.3424
-737.449 -6019.05 0 0 -38.3424
-738.797 -6018.11 0 0 -38.3424
-740.171 -6017.18 0 0 -38.3424
-741.548 -6016.24 0 0 -38.3424
-742.922 -6015.3 0 0 -38.3424
-744.293 -6014.36 0 0 -38.3424
-745.665 -6013.43 0 0 -38.3424
-747.038 -6012.49 0 0 -38.3424
-748.41 -6011.55 0 0 -38.3424
-749.782 -6010.62 0 0 -38.3424
-751.155 -6009.68 0 0 -38.3424
-752.52 -6008.74 0 0 -38.3424
-753.868 -6007.77 0 0 -38.3424
-755.216 -6006.79 0 0 -38.3424
-756.564 -6005.82 0 0 -38.3424
-757.916 -6004.85 0 0 -38.3424
-759.257 -6003.88 0 0 -38.3424
-760.58 -6002.93 0 0 -38.3424
-761.899 -6001.98 0 0 -38.3424
-763.239 -6001.03 0 0 -38.3424
-764.609 -6000.06 0 0 -38.3424
-765.993 -5999.08 0 0 -38.3424
-767.368 -5998.11 0 0 -38.3424
-768.709 -5997.14 0 0 -38.3424
-770.014 -5996.2 0 0 -38.3424
-771.294 -5995.3 0 0 -38.3424
-772.537 -5994.42 0 0 -38.3424
-773.746 -5993.54 0 0 -38.3424
-774.926 -5992.64 0 0 -38.3424
-776.107 -5991.72 0 0 -38.3424
-777.29 -5990.81 0 0 -38.3424
-778.472 -5989.89 0 0 -38.3424
-779.654 -5988.98 0 0 -38.3424
-780.831 -5988.07 0 0 -38.3424
-782.016 -5987.16 0 0 -38.3424
-783.201 -5986.22 0 0 -38.3424
-784.415 -5985.24 0 0 -38.3424
-785.65 -5984.22 0 0 -38.3424
-786.925 -5983.15 0 0 -38.3424
-788.262 -5982.09 0 0 -38.3424
-789.67 -5981.04 0 0 -38.3424
-791.057 -5980 0 0 -38.3424
-792.399 -5979 0 0 -38.3424
-793.72 -5978.01 0 0 -38.3424
-795.048 -5977.01 0 0 -38.3424
-796.34 -5975.97 0 0 -38.3424
-797.633 -5974.92 0 0 -38.3424
-798.925 -5973.88 0 0 -38.3424
-800.218 -5972.83 0 0 -38.3424
-801.511 -5971.79 0 0 -38.3424
-802.804 -5970.74 0 0 -38.3424
-804.109 -5969.69 0 0 -38.3424
-805.382 -5968.66 0 0 -38.3424
-806.616 -5967.66 0 0 -38.3424
-807.815 -5966.68 0 0 -38.3424
-809.027 -5965.66 0 0 -38.3424
-810.278 -5964.61 0 0 -38.3424
-811.56 -5963.53 0 0 -38.3424
-812.827 -5962.46 0 0 -38.3424
-814.097 -5961.39 0 0 -38.3424
-815.385 -5960.31 0 0 -38.3424
-816.647 -5959.17 0 0 -38.3424
-817.912 -5958.01 0 0 -38.3424
-819.164 -5956.85 0 0 -38.3424
-820.404 -5955.72 0 0 -38.3424
-821.627 -5954.6 0 0 -38.3424
-822.843 -5953.48 0 0 -38.3424
-824.07 -5952.35 0 0 -38.3424
-825.315 -5951.21 0 0 -38.3424
-826.566 -5950.07 0 0 -38.3424
-827.819 -5948.93 0 0 -38.3424
-829.067 -5947.81 0 0 -38.3424
-830.324 -5946.67 0 0 -38.3424
-831.606 -5945.51 0 0 -38.3424
-832.909 -5944.33 0 0 -38.3424
-834.235 -5943.13 0 0 -38.3424
-835.592 -5941.87 0 0 -38.3424
-836.905 -5940.61 0 0 -38.3424
-838.216 -5939.35 0 0 -38.3424
-839.528 -5938.09 0 0 -38.3424
-840.852 -5936.82 0 0 -38.3424
-842.188 -5935.49 0 0 -38.3424
-843.54 -5934.13 0 0 -38.3424
-844.916 -5932.71 0 0 -38.3424
-846.265 -5931.27 0 0 -38.3424
-847.566 -5929.84 0 0 -38.3424
-848.856 -5928.46 0 0 -38.3424
-850.163 -5927.1 0 0 -38.3424
-851.511 -5925.76 0 0 -38.3424
-852.868 -5924.43 0 0 -38.3424
-854.173 -5923.11 0 0 -38.3424
-855.481 -5921.81 0 0 -38.3424
-856.779 -5920.48 0 0 -38.3424
-858.076 -5919.14 0 0 -38.3424
-859.383 -5917.79 0 0 -38.3424
-860.69 -5916.41 0 0 -38.3424
-861.994 -5915 0 0 -38.3424
-863.286 -5913.56 0 0 -38.3424
-864.602 -5912.13 0 0 -38.3424
-865.888 -5910.77 0 0 -38.3424
-867.136 -5909.43 0 0 -38.3424
-868.341 -5908.13 0 0 -38.3424
-869.595 -5906.81 0 0 -38.3424
-870.897 -5905.47 0 0 -38.3424
-872.2 -5904.05 0 0 -38.3424
-873.513 -5902.59 0 0 -38.3424
-874.836 -5901.13 0 0 -38.3424
-876.154 -5899.69 0 0 -38.3424
-877.456 -5898.26 0 0 -38.3424
-878.77 -5896.83 0 0 -38.3424
-880.092 -5895.38 0 0 -38.3424
-881.431 -5893.91 0 0 -38.3424
-882.78 -5892.43 0 0 -38.3424
-884.114 -5890.97 0 0 -38.3424
-885.418 -5889.54 0 0 -38.3424
-886.706 -5888.12 0 0 -38.3424
-887.993 -5886.67 0 0 -38.3424
-889.258 -5885.15 0 0 -38.3424
-890.529 -5883.61 0 0 -38.3424
-891.793 -5882.08 0 0 -38.3424
-893.057 -5880.55 0 0 -38.3424
-894.322 -5879.01 0 0 -38.3424
-895.588 -5877.48 0 0 -38.3424
-896.856 -5875.94 0 0 -38.3424
-898.123 -5874.41 0 0 -38.3424
-899.388 -5872.88 0 0 -38.3424
-900.654 -5871.35 0 0 -38.3424
0 0 0 0 -38.3424
0 0 0 0 -38.3424
0 0 0 0 -38.3424
0 0 0 0 0
