-709.968 -6042.43 296.419 30149 -56.6267
-711.355 -6041.52 296.454 30149 -56.5284
-712.742 -6040.6 296.489 30149 -56.9728
-714.155 -6039.68 296.524 30149 -56.7783
-715.602 -6038.74 296.56 30149 -56.28
-717.073 -6037.76 296.597 30149 -56.0906
-718.578 -6036.74 296.635 30149 -56.5247
-720.108 -6035.73 296.673 30149 -56.5146
-721.64 -6034.72 296.712 30149 -56.5246
-723.17 -6033.71 296.75 30149 -56.5244
-724.698 -6032.7 296.788 30149 -56.514
-726.225 -6031.69 296.826 30149 -56.5245
-727.754 -6030.67 296.865 30149 -56.5248
-729.286 -6029.66 296.903 30149 -56.5561
-730.818 -6028.65 296.941 30149 -56.8265
-732.356 -6027.64 296.98 30149 -55.7997
-733.872 -6026.61 297.018 30149 -55.6971
-735.385 -6025.58 297.056 30149 -55.6866
-736.899 -6024.55 297.095 30149 -55.7075
-738.413 -6023.52 297.133 30149 -55.697
-739.928 -6022.48 297.171 30149 -55.697
-741.442 -6021.45 297.21 30149 -55.6866
-742.956 -6020.42 297.248 30149 -55.697
-744.47 -6019.38 297.286 30149 -55.697
-745.984 -6018.35 297.325 30149 -55.697
-747.498 -6017.32 297.363 30149 -55.697
-749.013 -6016.28 297.401 30149 -55.6867
-750.526 -6015.25 297.439 30149 -55.6974
-752.036 -6014.22 297.478 30149 -55.6971
-753.55 -6013.19 297.516 30149 -55.4174
-755.073 -6012.14 297.555 30149 -54.05
-756.592 -6011.04 297.594 30149 -54.2324
-758.126 -6009.93 297.633 30149 -54.05
-759.644 -6008.83 297.672 30149 -54.4003
-761.147 -6007.75 297.71 30149 -54.3201
-762.632 -6006.69 297.749 30149 -54.2155
-764.115 -6005.62 297.787 30149 -53.5033
-765.605 -6004.52 297.825 30149 -52.7564
-767.109 -6003.37 297.865 30149 -52.2559
-768.623 -6002.2 297.904 30149 -52.0762
-770.141 -6001.02 297.944 30149 -52.0277
-771.659 -5999.83 297.985 30149 -52.4515
-773.192 -5998.66 298.025 30149 -52.7289
-774.742 -5997.48 298.065 30149 -53.1387
-776.309 -5996.3 298.106 30149 -52.2735
-777.851 -5995.11 298.146 30149 -52.3721
-779.381 -5993.93 298.186 30149 -52.263
-780.895 -5992.76 298.226 30149 -52.2729
-782.402 -5991.59 298.265 30149 -52.263
-783.915 -5990.42 298.305 30149 -52.4315
-785.445 -5989.24 298.345 30149 -52.2639
-786.993 -5988.05 298.385 30149 -52.1102
-788.557 -5986.83 298.426 30149 -52.2743
-790.141 -5985.6 298.468 30149 -52.265
-791.735 -5984.37 298.509 30149 -52.8897
-793.344 -5983.15 298.551 30149 -53.1948
-794.955 -5981.95 298.593 30149 -53.1895
-796.559 -5980.75 298.634 30149 -52.15
-798.136 -5979.52 298.675 30149 -51.0644
-799.692 -5978.26 298.716 30149 -51.0454
-801.247 -5977.01 298.757 30149 -51.0549
-802.803 -5975.75 298.798 30149 -51.0644
-804.358 -5974.49 298.838 30149 -51.0453
-805.914 -5973.23 298.879 30149 -51.0632
-807.472 -5971.98 298.92 30149 -51.0461
-809.026 -5970.72 298.961 30149 -51.0607
-810.571 -5969.47 299.001 30149 -50.2922
-812.096 -5968.2 299.042 30149 -49.8881
-813.614 -5966.93 299.082 30149 -49.8896
-815.141 -5965.64 299.123 30149 -49.8998
-816.672 -5964.35 299.164 30149 -49.877
-818.201 -5963.06 299.205 30149 -47.5041
-819.675 -5961.71 299.245 30149 -47.4505
-821.148 -5960.36 299.285 30149 -47.441
-822.62 -5959.01 299.325 30149 -47.4504
-824.092 -5957.66 299.365 30149 -47.4498
-825.561 -5956.31 299.405 30149 -47.4506
-827.034 -5954.96 299.445 30149 -47.5951
-828.526 -5953.59 299.486 30149 -47.3911
-830.031 -5952.21 299.527 30149 -47.8293
-831.556 -5950.83 299.568 30149 -47.8294
-833.08 -5949.45 299.609 30149 -47.8201
-834.605 -5948.07 299.65 30149 -47.8288
-836.137 -5946.68 299.692 30149 -48.1624
-837.689 -5945.29 299.733 40149 -46.0663
-839.195 -5943.84 299.775 40149 -46.0758
-840.696 -5942.39 299.817 40149 -45.9011
-842.175 -5940.96 299.857 40149 -46.3601
-843.648 -5939.55 299.898 40149 -46.0785
-845.116 -5938.14 299.938 40149 -45.0983
-846.598 -5936.66 299.98 40149 -44.3362
-848.088 -5935.14 300.022 40149 -43.6825
-849.602 -5933.55 300.066 40149 -42.4704
-851.093 -5931.92 300.11 40149 -43.6589
-852.597 -5930.35 300.153 40149 -44.6793
-854.09 -5928.84 300.195 40149 -45.7728
-855.577 -5927.39 300.237 40149 -44.9985
-857.016 -5925.95 300.274 40149 -46.1612
-858.442 -5924.58 300.309 40149 -45.4663
-859.843 -5923.2 300.345 40149 -44.1703
-861.225 -5921.78 300.381 40149 -43.8809
-862.618 -5920.33 300.417 40149 -44.3618
-864.033 -5918.89 300.453 40149 -45.1009
-865.474 -5917.45 300.49 40149 -44.4776
-866.907 -5915.99 300.527 40149 -43.7963
-868.326 -5914.51 300.564 40149 -44.5003
-869.751 -5913.06 300.6 40149 -45.07
-871.183 -5911.63 300.637 40149 -44.0396
-872.6 -5910.17 300.673 40149 -42.7882
-874.001 -5908.65 300.711 40149 -41.1954
-875.362 -5907.1 300.744 40149 -41.7506
-876.724 -5905.57 300.778 40149 -40.798
-878.06 -5904.02 300.811 40149 -39.8703
-879.389 -5902.43 300.845 40149 -39.4296
-880.722 -5900.81 300.88 40149 -39.6463
-882.067 -5899.19 300.914 40149 -39.6594
-883.409 -5897.57 300.949 40149 -39.6292
-884.747 -5895.95 300.983 40149 -39.3875
-886.082 -5894.33 301.018 40149 -39.9282
-887.428 -5892.72 301.052 40149 -40.9344
-888.794 -5891.15 301.086 40149 -41.575
-890.172 -5889.59 301.12 40149 -39.9699
-891.504 -5888 301.153 40149 -38.0774
-892.787 -5886.36 301.184 40149 -37.6022
-894.058 -5884.71 301.215 40149 -37.7931
-895.334 -5883.07 301.246 40149 -37.8047
-896.611 -5881.42 301.278 40149 -37.76
-897.888 -5879.77 301.309 40149 -37.7314
-899.157 -5878.13 301.34 40149 -38.0238
-900.417 -5876.52 301.371 40149 -38.3975
-901.665 -5874.95 301.401 40149 -39.5662
-902.936 -5873.41 301.431 40149 -39.5662
-904.208 -5871.87 301.461 40149 -39.5662
-491.315 -6179.06 0 0 -39.5662
-492.46 -6178.34 0 0 -39.5662
-493.605 -6177.65 0 0 -39.5662
-494.745 -6176.96 0 0 -39.5662
-495.883 -6176.27 0 0 -39.5662
-497.023 -6175.58 0 0 -39.5662
-498.163 -6174.89 0 0 -39.5662
-499.303 -6174.19 0 0 -39.5662
-500.443 -6173.5 0 0 -39.5662
-501.583 -6172.81 0 0 -39.5662
-502.723 -6172.12 0 0 -39.5662
-503.868 -6171.43 0 0 -39.5662
-505.002 -6170.74 0 0 -39.5662
-506.113 -6170.06 0 0 -39.5662
-507.216 -6169.39 0 0 -39.5662
-508.343 -6168.7 0 0 -39.5662
-509.506 -6167.97 0 0 -39.5662
-510.692 -6167.23 0 0 -39.5662
-511.859 -6166.51 0 0 -39.5662
-513.011 -6165.8 0 0 -39.5662
-514.144 -6165.1 0 0 -39.5662
-515.274 -6164.4 0 0 -39.5662
-516.406 -6163.7 0 0 -39.5662
-517.54 -6162.99 0 0 -39.5662
-518.673 -6162.29 0 0 -39.5662
-519.807 -6161.59 0 0 -39.5662
-520.94 -6160.89 0 0 -39.5662
-522.074 -6160.18 0 0 -39.5662
-523.207 -6159.48 0 0 -39.5662
-524.341 -6158.78 0 0 -39.5662
-525.474 -6158.08 0 0 -39.5662
-526.607 -6157.38 0 0 -39.5662
-527.741 -6156.67 0 0 -39.5662
-528.875 -6155.97 0 0 -39.5662
-530.008 -6155.27 0 0 -39.5662
-531.141 -6154.57 0 0 -39.5662
-532.275 -6153.87 0 0 -39.5662
-533.408 -6153.16 0 0 -39.5662
-534.542 -6152.46 0 0 -39.5662
-535.675 -6151.76 0 0 -39.5662
-536.809 -6151.06 0 0 -39.5662
-537.942 -6150.35 0 0 -39.5662
-539.076 -6149.65 0 0 -39.5662
-540.209 -6148.95 0 0 -39.5662
-541.343 -6148.25 0 0 -39.5662
-542.476 -6147.55 0 0 -39.5662
-543.609 -6146.84 0 0 -39.5662
-544.743 -6146.14 0 0 -39.5662
-545.876 -6145.44 0 0 -39.5662
-547.008 -6144.74 0 0 -39.5662
-548.142 -6144.04 0 0 -39.5662
-549.282 -6143.33 0 0 -39.5662
-550.432 -6142.62 0 0 -39.5662
-551.592 -6141.89 0 0 -39.5662
-552.761 -6141.16 0 0 -39.5662
-553.935 -6140.43 0 0 -39.5662
-555.109 -6139.7 0 0 -39.5662
-556.283 -6138.98 0 0 -39.5662
-557.456 -6138.24 0 0 -39.5662
-558.624 -6137.5 0 0 -39.5662
-559.783 -6136.78 0 0 -39.5662
-560.94 -6136.09 0 0 -39.5662
-562.095 -6135.38 0 0 -39.5662
-563.258 -6134.64 0 0 -39.5662
-564.435 -6133.91 0 0 -39.5662
-565.604 -6133.18 0 0 -39.5662
-566.76 -6132.49 0 0 -39.5662
-567.893 -6131.8 0 0 -39.5662
-569.013 -6131.08 0 0 -39.5662
-570.14 -6130.37 0 0 -39.5662
-571.268 -6129.66 0 0 -39.5662
-572.396 -6128.95 0 0 -39.5662
-573.524 -6128.23 0 0 -39.5662
-574.65 -6127.52 0 0 -39.5662
-575.774 -6126.81 0 0 -39.5662
-576.9 -6126.1 0 0 -39.5662
-578.042 -6125.39 0 0 -39.5662
-579.203 -6124.66 0 0 -39.5662
-580.389 -6123.91 0 0 -39.5662
-581.602 -6123.14 0 0 -39.5662
-582.834 -6122.36 0 0 -39.5662
-584.073 -6121.58 0 0 -39.5662
-585.319 -6120.78 0 0 -39.5662
-586.571 -6119.98 0 0 -39.5662
-587.833 -6119.17 0 0 -39.5662
-589.1 -6118.37 0 0 -39.5662
-590.363 -6117.56 0 0 -39.5662
-591.627 -6116.75 0 0 -39.5662
-592.892 -6115.94 0 0 -39.5662
-594.154 -6115.13 0 0 -39.5662
-595.413 -6114.33 0 0 -39.5662
-596.676 -6113.52 0 0 -39.5662
-597.963 -6112.72 0 0 -39.5662
-599.279 -6111.88 0 0 -39.5662
-600.626 -6111.01 0 0 -39.5662
-602 -6110.13 0 0 -39.5662
-603.385 -6109.28 0 0 -39.5662
-604.761 -6108.44 0 0 -39.5662
-606.126 -6107.62 0 0 -39.5662
-607.495 -6106.78 0 0 -39.5662
-608.879 -6105.93 0 0 -39.5662
-610.28 -6105.05 0 0 -39.5662
-611.691 -6104.17 0 0 -39.5662
-613.104 -6103.28 0 0 -39.5662
-614.516 -6102.39 0 0 -39.5662
-615.925 -6101.5 0 0 -39.5662
-617.332 -6100.62 0 0 -39.5662
-618.742 -6099.73 0 0 -39.5662
-620.168 -6098.84 0 0 -39.5662
-621.61 -6097.92 0 0 -39.5662
-623.066 -6097 0 0 -39.5662
-624.507 -6096.08 0 0 -39.5662
-625.928 -6095.19 0 0 -39.5662
-627.335 -6094.3 0 0 -39.5662
-628.763 -6093.41 0 0 -39.5662
-630.216 -6092.49 0 0 -39.5662
-631.694 -6091.54 0 0 -39.5662
-633.194 -6090.59 0 0 -39.5662
-634.703 -6089.64 0 0 -39.5662
-636.222 -6088.68 0 0 -39.5662
-637.743 -6087.72 0 0 -39.5662
-639.256 -6086.76 0 0 -39.5662
-640.764 -6085.81 0 0 -39.5662
-642.278 -6084.85 0 0 -39.5662
-643.802 -6083.9 0 0 -39.5662
-645.325 -6082.94 0 0 -39.5662
-646.838 -6082 0 0 -39.5662
-648.341 -6081.06 0 0 -39.5662
-649.828 -6080.12 0 0 -39.5662
-651.299 -6079.2 0 0 -39.5662
-652.76 -6078.29 0 0 -39.5662
-654.237 -6077.38 0 0 -39.5662
-655.738 -6076.46 0 0 -39.5662
-657.262 -6075.52 0 0 -39.5662
-658.793 -6074.57 0 0 -39.5662
-660.321 -6073.61 0 0 -39.5662
-661.85 -6072.66 0 0 -39.5662
-663.379 -6071.71 0 0 -39.5662
-664.906 -6070.76 0 0 -39.5662
-666.432 -6069.81 0 0 -39.5662
-667.957 -6068.86 0 0 -39.5662
-669.485 -6067.9 0 0 -39.5662
-671.017 -6066.94 0 0 -39.5662
-672.557 -6065.96 0 0 -39.5662
-674.102 -6064.98 0 0 -39.5662
-675.65 -6063.99 0 0 -39.5662
-677.197 -6063 0 0 -39.5662
-678.744 -6062.01 0 0 -39.5662
-680.291 -6061.03 0 0 -39.5662
-681.838 -6060.04 0 0 -39.5662
-683.384 -6059.05 0 0 -39.5662
-684.931 -6058.07 0 0 -39.5662
-686.477 -6057.08 0 0 -39.5662
-688.021 -6056.09 0 0 -39.5662
-689.559 -6055.09 0 0 -39.5662
-691.098 -6054.09 0 0 -39.5662
-692.638 -6053.09 0 0 -39.5662
-694.175 -6052.09 0 0 -39.5662
-695.704 -6051.1 0 0 -39.5662
-697.231 -6050.11 0 0 -39.5662
-698.757 -6049.11 0 0 -39.5662
-700.288 -6048.11 0 0 -39.5662
-701.822 -6047.11 0 0 -39.5662
-703.352 -6046.12 0 0 -39.5662
-704.881 -6045.14 0 0 -39.5662
-706.408 -6044.16 0 0 -39.5662
-707.935 -6043.18 0 0 0
