-637.262 -6082.7 294.706 30148 -57.6835
-638.525 -6081.9 294.736 30148 -57.7289
-639.789 -6081.1 294.767 30148 -57.9451
-641.054 -6080.31 294.797 30148 -57.9449
-642.317 -6079.52 294.828 30148 -57.9452
-643.583 -6078.73 294.858 30148 -58.1613
-644.864 -6077.93 294.889 30148 -57.9477
-646.167 -6077.12 294.921 30148 -57.7422
-647.492 -6076.28 294.953 30148 -57.9499
-648.829 -6075.44 294.985 30148 -57.9372
-650.156 -6074.61 295.017 30148 -57.9483
-651.468 -6073.79 295.049 30148 -57.9482
-652.778 -6072.97 295.08 30148 -58.1686
-654.111 -6072.14 295.112 30148 -58.0108
-655.465 -6071.3 295.145 30148 -58.1051
-656.847 -6070.44 295.179 30148 -57.9188
-658.243 -6069.56 295.212 30148 -58.1152
-659.652 -6068.69 295.246 30148 -58.115
-661.066 -6067.81 295.28 30148 -58.0997
-662.477 -6066.93 295.314 30148 -58.0192
-663.885 -6066.05 295.349 30148 -58.0307
-665.294 -6065.17 295.383 30148 -58.0077
-666.703 -6064.29 295.417 30148 -58.0192
-668.112 -6063.41 295.452 30148 -58.0193
-669.519 -6062.53 295.486 30148 -58.0195
-670.923 -6061.65 295.52 30148 -57.9617
-672.33 -6060.77 295.555 30148 -58.6645
-673.768 -6059.9 295.59 30148 -58.644
-675.248 -6059 295.625 30148 -58.4568
-676.756 -6058.07 295.662 30148 -58.4638
-678.306 -6057.12 295.7 30148 -59.1719
-679.889 -6056.17 295.738 30148 -59.0659
-681.473 -6055.23 295.776 30148 -58.7073
-683.044 -6054.27 295.814 30148 -58.262
-684.602 -6053.31 295.852 30148 -57.6812
-686.146 -6052.33 295.89 30148 -57.4246
-687.685 -6051.35 295.928 30148 -57.5082
-689.225 -6050.37 295.966 30148 -57.5187
-690.766 -6049.38 296.004 30148 -57.4978
-692.308 -6048.4 296.042 30148 -57.5083
-693.848 -6047.42 296.08 30148 -57.5083
-695.383 -6046.44 296.118 30148 -57.3717
-696.914 -6045.46 296.156 30148 -57.2983
-698.445 -6044.48 296.194 30148 -57.3199
-699.981 -6043.5 296.232 30148 -57.2993
-701.519 -6042.51 296.27 30148 -57.3096
-703.056 -6041.52 296.309 30148 -57.3096
-704.593 -6040.54 296.347 30148 -57.2991
-706.13 -6039.55 296.385 30148 -57.2814
-707.666 -6038.56 296.423 30148 -56.5704
-709.191 -6037.56 296.461 30148 -56.5239
-710.714 -6036.55 296.499 30148 -56.524
-712.238 -6035.54 296.538 30148 -56.5238
-713.76 -6034.53 296.576 30148 -56.5235
-715.28 -6033.53 296.614 30148 -56.5134
-716.802 -6032.52 296.652 30148 -56.6914
-718.34 -6031.51 296.691 30148 -56.5278
-719.896 -6030.48 296.73 30148 -56.5408
-721.477 -6029.44 296.77 30148 -56.5034
-723.079 -6028.38 296.81 30148 -56.5168
-724.71 -6027.3 296.851 30148 -56.3665
-726.366 -6026.2 296.892 30148 -56.5599
-728.041 -6025.09 296.934 30148 -56.8168
-729.721 -6023.99 296.977 30148 -55.8805
-731.374 -6022.87 297.018 30148 -55.7073
-733.019 -6021.75 297.06 30148 -55.688
-734.665 -6020.63 297.102 30148 -55.6976
-736.311 -6019.5 297.144 30148 -55.6879
-737.957 -6018.38 297.186 30148 -55.7071
-739.604 -6017.26 297.227 30148 -55.6879
-741.25 -6016.13 297.269 30148 -55.6975
-742.897 -6015.01 297.311 30148 -55.6976
-744.542 -6013.89 297.353 30148 -55.7074
-746.185 -6012.77 297.394 30148 -55.6879
-747.831 -6011.64 297.436 30148 -55.8485
-749.495 -6010.52 297.478 30148 -55.5449
-751.169 -6009.37 297.521 30148 -54.9653
-752.842 -6008.19 297.564 30148 -54.2229
-754.506 -6006.99 297.607 30148 -54.5811
-756.195 -6005.79 297.65 30148 -54.0206
-757.9 -6004.56 297.694 30148 -54.1292
-759.618 -6003.31 297.739 30148 -54.2201
-761.325 -6002.08 297.783 30148 -53.7278
-763.012 -6000.85 297.826 30148 -53.3332
-764.705 -5999.58 297.871 30148 -52.8804
-766.425 -5998.28 297.916 30148 -52.8314
-768.161 -5996.97 297.961 30148 -52.7104
-769.875 -5995.66 298.006 30148 -53.3933
-771.562 -5994.41 298.05 30148 -53.6482
-773.223 -5993.19 298.093 30148 -52.8925
-774.825 -5991.97 298.135 30148 -52.3223
-776.398 -5990.76 298.177 30148 -52.6651
-777.992 -5989.54 298.218 30148 -52.4704
-779.621 -5988.29 298.261 30148 -51.8392
-781.272 -5986.99 298.305 30148 -52.1236
-782.952 -5985.69 298.349 30148 -52.1136
-784.622 -5984.39 298.393 30148 -52.2576
-786.284 -5983.1 298.437 30148 -52.2848
-787.941 -5981.82 298.48 30148 -52.3767
-789.585 -5980.55 298.523 30148 -53.3327
-791.222 -5979.34 298.566 30148 -53.1838
-792.819 -5978.14 298.607 30148 -53.1897
-794.405 -5976.95 298.648 30148 -51.8176
-795.988 -5975.71 298.69 30148 -51.0223
-797.585 -5974.42 298.732 30148 -50.717
-799.198 -5973.1 298.775 30148 -50.9366
-800.816 -5971.78 298.818 30148 -51.1807
-802.431 -5970.48 298.86 30148 -51.1677
-804.051 -5969.18 298.903 30148 -50.9392
-805.664 -5967.87 298.946 30148 -50.7195
-807.243 -5966.58 298.987 30148 -50.7975
-808.793 -5965.32 299.029 30148 -50.2151
-810.323 -5964.04 299.069 30148 -50.1016
-811.887 -5962.73 299.111 30148 -49.5463
-813.478 -5961.38 299.154 30148 -49.8859
-815.088 -5960.02 299.198 30148 -47.7322
-816.636 -5958.61 299.24 30148 -47.6165
-818.162 -5957.22 299.282 30148 -47.4479
-819.672 -5955.83 299.323 30148 -47.4477
-821.18 -5954.45 299.364 30148 -47.4468
-822.684 -5953.07 299.406 30148 -47.4459
-824.182 -5951.69 299.447 30148 -47.437
-825.682 -5950.32 299.488 30148 -47.5783
-827.195 -5948.93 299.529 30148 -47.8295
-828.72 -5947.55 299.571 30148 -47.8296
-830.243 -5946.17 299.612 30148 -47.8298
-831.764 -5944.79 299.654 30148 -47.83
-833.282 -5943.42 299.695 30148 -47.8812
-834.82 -5942.03 299.736 40148 -46.2237
-836.266 -5940.64 299.776 40148 -46.0626
-837.695 -5939.27 299.816 40148 -46.0729
-839.117 -5937.9 299.855 40148 -46.207
-840.549 -5936.52 299.895 40148 -46.051
-842.007 -5935.12 299.936 40148 -45.092
-843.477 -5933.65 299.977 40148 -44.3158
-844.957 -5932.14 300.019 40148 -43.647
-846.464 -5930.56 300.063 40148 -42.7035
-847.946 -5928.95 300.107 40148 -42.6361
-849.403 -5927.37 300.15 40148 -42.8601
-850.834 -5925.83 300.192 40148 -43.5945
-852.256 -5924.33 300.233 40148 -42.4175
-853.62 -5922.84 300.27 40148 -42.4593
-854.962 -5921.37 300.306 40148 -42.5699
-856.302 -5919.92 300.342 40148 -42.5733
-857.645 -5918.45 300.378 40148 -42.1815
-858.98 -5916.98 300.414 40148 -42.5745
-860.325 -5915.52 300.451 40148 -42.2861
-861.662 -5914.05 300.487 40148 -42.737
-863.009 -5912.59 300.523 40148 -43.4791
-864.382 -5911.14 300.559 40148 -43.003
-865.731 -5909.69 300.595 40148 -43.5477
-867.067 -5908.29 300.63 40148 -44.2401
-868.409 -5906.91 300.665 40148 -44.3353
-869.764 -5905.52 300.7 40148 -43.2242
-871.127 -5904.07 300.734 40148 -42.2111
-872.493 -5902.57 300.767 40148 -42.3879
-873.868 -5901.06 300.801 40148 -42.2222
-875.23 -5899.56 300.834 40148 -42.5433
-876.584 -5898.09 300.868 40148 -42.369
-877.919 -5896.62 300.9 40148 -42.3714
-879.25 -5895.16 300.933 40148 -42.3785
-880.587 -5893.7 300.966 40148 -42.5431
-881.941 -5892.22 300.999 40148 -42.2207
-883.307 -5890.72 301.032 40148 -42.3808
-884.676 -5889.22 301.066 40148 -42.3912
-886.025 -5887.74 301.099 40148 -41.9545
-887.352 -5886.26 301.131 40148 -39.9223
-888.631 -5884.73 301.162 40148 -39.5183
-889.92 -5883.17 301.193 40148 -39.5277
-891.224 -5881.59 301.224 40148 -39.879
-892.548 -5880.01 301.255 40148 -39.309
-893.876 -5878.38 301.286 40148 -39.2296
-895.215 -5876.74 301.318 40148 -39.317
-896.537 -5875.13 301.35 40148 -39.9247
-897.864 -5873.54 301.381 40148 -39.5664
-899.128 -5872.01 301.411 40148 -39.5627
-900.498 -5870.36 301.444 40148 -39.5627
-487.163 -6177.4 0 0 -39.5627
-488.316 -6176.71 0 0 -39.5627
-489.464 -6176.02 0 0 -39.5627
-490.602 -6175.3 0 0 -39.5627
-491.74 -6174.58 0 0 -39.5627
-492.884 -6173.89 0 0 -39.5627
-494.025 -6173.2 0 0 -39.5627
-495.164 -6172.51 0 0 -39.5627
-496.302 -6171.82 0 0 -39.5627
-497.438 -6171.13 0 0 -39.5627
-498.577 -6170.44 0 0 -39.5627
-499.741 -6169.75 0 0 -39.5627
-500.927 -6169.03 0 0 -39.5627
-502.145 -6168.27 0 0 -39.5627
-503.376 -6167.53 0 0 -39.5627
-504.582 -6166.8 0 0 -39.5627
-505.767 -6166.06 0 0 -39.5627
-506.958 -6165.33 0 0 -39.5627
-508.179 -6164.57 0 0 -39.5627
-509.43 -6163.8 0 0 -39.5627
-510.689 -6163.02 0 0 -39.5627
-511.969 -6162.22 0 0 -39.5627
-513.248 -6161.43 0 0 -39.5627
-514.506 -6160.65 0 0 -39.5627
-515.747 -6159.88 0 0 -39.5627
-516.975 -6159.12 0 0 -39.5627
-518.216 -6158.36 0 0 -39.5627
-519.473 -6157.58 0 0 -39.5627
-520.748 -6156.79 0 0 -39.5627
-522.027 -6155.99 0 0 -39.5627
-523.304 -6155.2 0 0 -39.5627
-524.579 -6154.41 0 0 -39.5627
-525.854 -6153.62 0 0 -39.5627
-527.129 -6152.83 0 0 -39.5627
-528.404 -6152.04 0 0 -39.5627
-529.679 -6151.25 0 0 -39.5627
-530.954 -6150.46 0 0 -39.5627
-532.229 -6149.67 0 0 -39.5627
-533.505 -6148.88 0 0 -39.5627
-534.78 -6148.09 0 0 -39.5627
-536.055 -6147.3 0 0 -39.5627
-537.331 -6146.51 0 0 -39.5627
-538.605 -6145.72 0 0 -39.5627
-539.876 -6144.94 0 0 -39.5627
-541.151 -6144.15 0 0 -39.5627
-542.444 -6143.35 0 0 -39.5627
-543.752 -6142.54 0 0 -39.5627
-545.071 -6141.72 0 0 -39.5627
-546.383 -6140.91 0 0 -39.5627
-547.7 -6140.1 0 0 -39.5627
-549.059 -6139.28 0 0 -39.5627
-550.453 -6138.43 0 0 -39.5627
-551.876 -6137.54 0 0 -39.5627
-553.352 -6136.64 0 0 -39.5627
-554.85 -6135.75 0 0 -39.5627
-556.347 -6134.86 0 0 -39.5627
-557.833 -6133.96 0 0 -39.5627
-559.301 -6133.06 0 0 -39.5627
-560.753 -6132.19 0 0 -39.5627
-562.188 -6131.33 0 0 -39.5627
-563.616 -6130.48 0 0 -39.5627
-565.041 -6129.63 0 0 -39.5627
-566.472 -6128.78 0 0 -39.5627
-567.874 -6127.9 0 0 -39.5627
-569.252 -6126.98 0 0 -39.5627
-570.614 -6126.04 0 0 -39.5627
-571.989 -6125.14 0 0 -39.5627
-573.388 -6124.26 0 0 -39.5627
-574.805 -6123.4 0 0 -39.5627
-576.211 -6122.5 0 0 -39.5627
-577.622 -6121.61 0 0 -39.5627
-579.036 -6120.72 0 0 -39.5627
-580.441 -6119.83 0 0 -39.5627
-581.83 -6118.95 0 0 -39.5627
-583.211 -6118.08 0 0 -39.5627
-584.594 -6117.19 0 0 -39.5627
-585.995 -6116.3 0 0 -39.5627
-587.403 -6115.4 0 0 -39.5627
-588.807 -6114.5 0 0 -39.5627
-590.212 -6113.6 0 0 -39.5627
-591.615 -6112.71 0 0 -39.5627
-593.015 -6111.81 0 0 -39.5627
-594.417 -6110.91 0 0 -39.5627
-595.845 -6110.02 0 0 -39.5627
-597.302 -6109.09 0 0 -39.5627
-598.786 -6108.13 0 0 -39.5627
-600.295 -6107.17 0 0 -39.5627
-601.804 -6106.24 0 0 -39.5627
-603.294 -6105.33 0 0 -39.5627
-604.774 -6104.42 0 0 -39.5627
-606.264 -6103.51 0 0 -39.5627
-607.777 -6102.58 0 0 -39.5627
-609.31 -6101.63 0 0 -39.5627
-610.858 -6100.65 0 0 -39.5627
-612.415 -6099.67 0 0 -39.5627
-613.971 -6098.69 0 0 -39.5627
-615.508 -6097.72 0 0 -39.5627
-617.027 -6096.76 0 0 -39.5627
-618.495 -6095.84 0 0 -39.5627
-619.958 -6094.91 0 0 -39.5627
-621.396 -6094 0 0 -39.5627
-622.815 -6093.11 0 0 -39.5627
-624.219 -6092.23 0 0 -39.5627
-625.62 -6091.34 0 0 -39.5627
-627.023 -6090.45 0 0 -39.5627
-628.429 -6089.56 0 0 -39.5627
-629.838 -6088.67 0 0 -39.5627
-631.243 -6087.78 0 0 -39.5627
-632.633 -6086.9 0 0 -39.5627
-634.005 -6086.03 0 0 -39.5627
-635.351 -6085.18 0 0 -39.5627
-636.674 -6084.34 0 0 -39.5627
-637.971 -6083.52 0 0 -39.5627
-639.249 -6082.72 0 0 -39.5627
-640.513 -6081.93 0 0 -39.5627
-641.777 -6081.13 0 0 -39.5627
-643.044 -6080.34 0 0 -39.5627
-644.312 -6079.55 0 0 -39.5627
-645.579 -6078.75 0 0 -39.5627
-646.847 -6077.96 0 0 -39.5627
-648.114 -6077.17 0 0 -39.5627
-649.382 -6076.37 0 0 -39.5627
-650.652 -6075.58 0 0 0
