-570.204 -6125.41 293.648 20148 -57.7351
-571.613 -6124.52 293.656 20148 -57.7351
-573.023 -6123.63 293.665 20148 -57.7366
-574.432 -6122.74 293.674 20148 -57.7457
-575.842 -6121.85 293.687 20148 -57.7457
-577.251 -6120.96 293.7 20148 -57.7458
-578.661 -6120.07 293.713 20148 -57.7459
-580.072 -6119.18 293.727 20148 -57.7456
-581.48 -6118.29 293.74 20148 -57.7332
-582.879 -6117.41 293.753 20148 -57.548
-584.273 -6116.52 293.766 20148 -57.4102
-585.668 -6115.63 293.78 20148 -57.4129
-587.071 -6114.73 293.793 20148 -57.4026
-588.476 -6113.84 293.806 20148 -57.4141
-589.88 -6112.94 293.824 20148 -57.4162
-591.285 -6112.04 293.842 20148 -57.4393
-592.69 -6111.14 293.86 20148 -57.4158
-594.093 -6110.25 293.878 20148 -57.4149
-595.493 -6109.35 293.896 20148 -57.4278
-596.898 -6108.45 293.914 20148 -57.5801
-598.32 -6107.55 293.932 20148 -57.2387
-599.758 -6106.63 293.951 20148 -57.7867
-601.216 -6105.71 293.97 20148 -58.2108
-602.667 -6104.81 293.988 20148 -58.6391
-604.098 -6103.94 294.01 20148 -58.6737
-605.519 -6103.07 294.033 20148 -58.689
-606.953 -6102.2 294.056 20148 -58.2953
-608.407 -6101.3 294.08 20148 -58.1369
-609.872 -6100.39 294.103 20148 -57.614
-611.317 -6099.47 294.127 20148 -58.0062
-612.745 -6098.58 294.15 20148 -57.8238
-614.156 -6097.69 294.173 20148 -57.8235
-615.562 -6096.81 294.196 20148 -57.8352
-616.972 -6095.92 294.219 20148 -57.713
-618.353 -6095.05 294.25 30148 -57.6938
-619.756 -6094.16 294.284 30148 -57.7053
-621.161 -6093.27 294.317 30148 -57.6938
-622.564 -6092.39 294.351 30148 -57.6937
-623.968 -6091.5 294.384 30148 -57.6939
-625.373 -6090.61 294.418 30148 -57.7055
-626.781 -6089.72 294.452 30148 -57.6938
-628.185 -6088.83 294.485 30148 -57.5075
-629.574 -6087.95 294.518 30148 -57.6916
-630.946 -6087.08 294.551 30148 -57.6778
-632.291 -6086.23 294.583 30148 -57.7125
-633.613 -6085.39 294.615 30148 -57.711
-634.909 -6084.58 294.646 30148 -57.8997
-636.187 -6083.77 294.676 30148 -57.6963
-637.45 -6082.98 294.706 30148 -57.696
-638.71 -6082.18 294.737 30148 -57.7302
-639.972 -6081.38 294.767 30148 -57.9325
-641.239 -6080.59 294.797 30148 -57.958
-642.507 -6079.79 294.828 30148 -57.9452
-643.773 -6079 294.859 30148 -57.9452
-645.04 -6078.21 294.889 30148 -57.9452
-646.307 -6077.41 294.92 30148 -57.9452
-647.574 -6076.62 294.95 30148 -57.9452
-648.841 -6075.83 294.981 30148 -57.9452
-650.108 -6075.03 295.012 30148 -57.958
-651.374 -6074.24 295.042 30148 -57.9453
-652.642 -6073.45 295.073 30148 -57.9456
-653.913 -6072.65 295.104 30148 -57.9711
-655.187 -6071.86 295.134 30148 -58.111
-656.461 -6071.06 295.165 30148 -58.1113
-657.731 -6070.27 295.196 30148 -58.1114
-658.999 -6069.48 295.226 30148 -58.1113
-660.269 -6068.69 295.257 30148 -58.1241
-661.538 -6067.9 295.287 30148 -58.0954
-662.807 -6067.11 295.318 30148 -58.0026
-664.075 -6066.32 295.349 30148 -58.0153
-665.343 -6065.53 295.38 30148 -58.0153
-666.611 -6064.74 295.411 30148 -58.0281
-667.879 -6063.95 295.442 30148 -58.0025
-669.147 -6063.15 295.473 30148 -58.0282
-670.414 -6062.36 295.504 30148 -58.0157
-671.677 -6061.58 295.535 30148 -58.0026
-672.944 -6060.78 295.565 30148 -58.8137
-674.251 -6059.99 295.597 30148 -58.6774
-675.599 -6059.17 295.63 30148 -58.3398
-676.976 -6058.32 295.663 30148 -58.2363
-678.395 -6057.44 295.698 30148 -58.9815
-679.855 -6056.57 295.733 30148 -59.0003
-681.32 -6055.69 295.768 30148 -58.9382
-682.777 -6054.81 295.804 30148 -58.5498
-684.216 -6053.93 295.838 30148 -58.2359
-685.64 -6053.05 295.873 30148 -57.4863
-687.043 -6052.15 295.908 30148 -57.4518
-688.442 -6051.26 295.942 30148 -57.5093
-689.842 -6050.37 295.977 30148 -57.5093
-691.243 -6049.48 296.012 30148 -57.4978
-692.645 -6048.58 296.046 30148 -57.5093
-694.045 -6047.69 296.081 30148 -57.5093
-695.44 -6046.8 296.115 30148 -57.4053
-696.833 -6045.91 296.15 30148 -57.3015
-698.225 -6045.02 296.184 30148 -57.3021
-699.622 -6044.12 296.219 30148 -57.3139
-701.02 -6043.22 296.254 30148 -57.3023
-702.418 -6042.33 296.288 30148 -57.3139
-703.816 -6041.43 296.323 30148 -57.3021
-705.212 -6040.53 296.357 30148 -57.3017
-706.605 -6039.64 296.392 30148 -57.2577
-708 -6038.74 296.427 30148 -56.9863
-709.408 -6037.83 296.462 30148 -56.7675
-710.851 -6036.88 296.498 30148 -56.2677
-712.317 -6035.9 296.535 30148 -56.0895
-713.818 -6034.89 296.573 30148 -56.5246
-715.348 -6033.88 296.611 30148 -56.535
-716.877 -6032.87 296.649 30148 -56.3429
-718.384 -6031.87 296.687 30148 -56.6907
-719.874 -6030.89 296.725 30148 -56.518
-721.351 -6029.91 296.762 30148 -56.7014
-722.841 -6028.93 296.799 30148 -56.3421
-724.345 -6027.93 296.837 30148 -56.5242
-725.871 -6026.92 296.875 30148 -56.5255
-727.407 -6025.91 296.914 30148 -56.7018
-728.946 -6024.9 296.952 30148 -56.6017
-730.48 -6023.89 296.991 30148 -55.6973
-731.991 -6022.85 297.029 30148 -55.6977
-733.498 -6021.83 297.068 30148 -55.6873
-735.003 -6020.8 297.106 30148 -55.7079
-736.513 -6019.77 297.144 30148 -55.8518
-738.039 -6018.73 297.183 30148 -55.5314
-739.578 -6017.68 297.222 30148 -55.6942
-741.132 -6016.62 297.261 30148 -55.7042
-742.688 -6015.56 297.301 30148 -55.6941
-744.244 -6014.49 297.34 30148 -55.8846
-745.814 -6013.43 297.38 30148 -55.6819
-747.401 -6012.35 297.42 30148 -55.6803
-749.015 -6011.25 297.461 30148 -55.5343
-750.647 -6010.13 297.503 30148 -55.6255
-752.293 -6009 297.545 30148 -54.2328
-753.915 -6007.83 297.587 30148 -54.2165
-755.533 -6006.67 297.628 30148 -54.2262
-757.15 -6005.5 297.67 30148 -54.2261
-758.768 -6004.33 297.712 30148 -54.2744
-760.383 -6003.17 297.753 30148 -54.2268
-761.991 -6002.01 297.795 30148 -53.6025
-763.593 -6000.83 297.836 30148 -53.2182
-765.203 -5999.63 297.878 30148 -52.8819
-766.826 -5998.4 297.921 30148 -52.7484
-768.454 -5997.16 297.964 30148 -52.8833
-770.079 -5995.93 298.006 30148 -53.3092
-771.702 -5994.72 298.049 30148 -53.7783
-773.322 -5993.54 298.091 30148 -52.6898
-774.909 -5992.33 298.132 30148 -52.3222
-776.485 -5991.11 298.174 30148 -52.2743
-778.058 -5989.89 298.215 30148 -52.2742
-779.63 -5988.68 298.256 30148 -52.2551
-781.205 -5987.46 298.298 30148 -52.6635
-782.806 -5986.24 298.339 30148 -52.2471
-784.425 -5984.98 298.382 30148 -51.9076
-786.059 -5983.7 298.425 30148 -52.2668
-787.725 -5982.41 298.469 30148 -52.2674
-789.418 -5981.1 298.513 30148 -53.229
-791.153 -5979.81 298.558 30148 -53.0402
-792.892 -5978.5 298.604 30148 -53.193
-794.627 -5977.2 298.649 30148 -51.379
-796.313 -5975.85 298.693 30148 -51.0594
-797.995 -5974.49 298.737 30148 -51.0512
-799.675 -5973.14 298.782 30148 -51.0598
-801.355 -5971.78 298.826 30148 -51.0598
-803.035 -5970.42 298.871 30148 -51.0478
-804.722 -5969.06 298.915 30148 -51.0626
-806.397 -5967.7 298.959 30148 -51.0666
-808.048 -5966.37 299.003 30148 -50.1581
-809.669 -5965.02 299.046 30148 -49.8878
-811.29 -5963.65 299.09 30148 -49.8913
-812.932 -5962.27 299.134 30148 -49.9025
-814.588 -5960.87 299.178 30148 -49.2943
-816.239 -5959.45 299.223 30148 -47.4165
-817.871 -5957.95 299.267 30148 -47.1154
-819.519 -5956.42 299.313 30148 -47.4487
-821.189 -5954.89 299.359 30148 -47.4497
-822.866 -5953.35 299.405 30148 -47.4432
-824.554 -5951.8 299.451 30148 -47.4449
-826.253 -5950.24 299.497 30148 -47.685
-827.957 -5948.69 299.544 30148 -47.8267
-829.652 -5947.15 299.59 30148 -47.8276
-831.332 -5945.63 299.636 30148 -47.8279
-833.009 -5944.11 299.681 30148 -48.3475
-834.735 -5942.58 299.727 40148 -46.2082
-836.379 -5941 299.773 40148 -45.9318
-838.029 -5939.41 299.819 40148 -46.1794
-839.7 -5937.8 299.865 40148 -46.095
-841.391 -5936.17 299.912 40148 -45.2469
-843.091 -5934.49 299.96 40148 -44.6479
-844.803 -5932.76 300.009 40148 -43.9127
-846.527 -5930.96 300.058 40148 -42.8439
-848.213 -5929.15 300.108 40148 -43.8524
-849.911 -5927.38 300.157 40148 -44.8641
-851.612 -5925.67 300.205 40148 -45.4324
-853.308 -5924 300.252 40148 -45.0553
-854.969 -5922.34 300.294 40148 -45.9048
-856.632 -5920.73 300.336 40148 -45.6449
-858.284 -5919.12 300.378 40148 -45.6572
-859.941 -5917.5 300.42 40148 -45.6385
-861.598 -5915.88 300.462 40148 -45.6466
-863.256 -5914.25 300.504 40148 -45.6329
-864.919 -5912.63 300.546 40148 -45.651
-866.573 -5911.01 300.588 40148 -45.6732
-868.208 -5909.41 300.629 40148 -45.3375
-869.826 -5907.82 300.67 40148 -44.4031
-871.424 -5906.18 300.712 40148 -42.3716
-872.983 -5904.47 300.75 40148 -42.3759
-874.551 -5902.76 300.788 40148 -42.3695
-876.114 -5901.04 300.826 40148 -42.3859
-877.679 -5899.33 300.864 40148 -42.3778
-879.242 -5897.61 300.903 40148 -42.3695
-880.806 -5895.9 300.941 40148 -42.3858
-882.37 -5894.19 300.979 40148 -42.3682
-883.937 -5892.47 301.017 40148 -42.3785
-885.499 -5890.76 301.055 40148 -42.3835
-887.05 -5889.06 301.093 40148 -42.0359
-888.586 -5887.35 301.131 40148 -39.8836
-890.062 -5885.59 301.166 40148 -39.5183
-891.539 -5883.8 301.201 40148 -39.5183
-893.018 -5882 301.236 40148 -39.3774
-894.48 -5880.22 301.271 40148 -39.6693
-895.933 -5878.47 301.305 40148 -39.5183
-897.375 -5876.72 301.339 40148 -39.552
-898.82 -5874.97 301.374 40148 -39.5677
-900.299 -5873.18 301.409 40148 -39.5595
-901.777 -5871.39 301.444 40148 -39.5595
-470.549 -6192.92 0 0 -39.5595
-471.377 -6192.35 0 0 -39.5595
-472.195 -6191.79 0 0 -39.5595
-473.012 -6191.23 0 0 -39.5595
-473.829 -6190.66 0 0 -39.5595
-474.647 -6190.1 0 0 -39.5595
-475.553 -6189.48 0 0 -39.5595
-476.513 -6188.83 0 0 -39.5595
-477.476 -6188.18 0 0 -39.5595
-478.462 -6187.52 0 0 -39.5595
-479.484 -6186.84 0 0 -39.5595
-480.53 -6186.12 0 0 -39.5595
-481.609 -6185.37 0 0 -39.5595
-482.711 -6184.62 0 0 -39.5595
-483.823 -6183.86 0 0 -39.5595
-484.949 -6183.11 0 0 -39.5595
-486.084 -6182.35 0 0 -39.5595
-487.234 -6181.6 0 0 -39.5595
-488.396 -6180.9 0 0 -39.5595
-489.561 -6180.21 0 0 -39.5595
-490.722 -6179.5 0 0 -39.5595
-491.873 -6178.76 0 0 -39.5595
-493.021 -6178.01 0 0 -39.5595
-494.169 -6177.3 0 0 -39.5595
-495.308 -6176.61 0 0 -39.5595
-496.446 -6175.92 0 0 -39.5595
-497.599 -6175.23 0 0 -39.5595
-498.772 -6174.52 0 0 -39.5595
-499.972 -6173.79 0 0 -39.5595
-501.195 -6173.05 0 0 -39.5595
-502.444 -6172.29 0 0 -39.5595
-503.717 -6171.51 0 0 -39.5595
-504.995 -6170.74 0 0 -39.5595
-506.256 -6169.97 0 0 -39.5595
-507.502 -6169.2 0 0 -39.5595
-508.752 -6168.43 0 0 -39.5595
-510.022 -6167.64 0 0 -39.5595
-511.303 -6166.85 0 0 -39.5595
-512.578 -6166.06 0 0 -39.5595
-513.853 -6165.27 0 0 -39.5595
-515.128 -6164.48 0 0 -39.5595
-516.403 -6163.69 0 0 -39.5595
-517.678 -6162.9 0 0 -39.5595
-518.954 -6162.11 0 0 -39.5595
-520.229 -6161.32 0 0 -39.5595
-521.504 -6160.53 0 0 -39.5595
-522.779 -6159.74 0 0 -39.5595
-524.054 -6158.95 0 0 -39.5595
-525.329 -6158.16 0 0 -39.5595
-526.604 -6157.37 0 0 -39.5595
-527.88 -6156.58 0 0 -39.5595
-529.155 -6155.79 0 0 -39.5595
-530.429 -6155 0 0 -39.5595
-531.699 -6154.22 0 0 -39.5595
-532.973 -6153.43 0 0 -39.5595
-534.27 -6152.64 0 0 -39.5595
-535.605 -6151.82 0 0 -39.5595
-536.968 -6150.97 0 0 -39.5595
-538.364 -6150.09 0 0 -39.5595
-539.76 -6149.21 0 0 -39.5595
-541.123 -6148.35 0 0 -39.5595
-542.458 -6147.54 0 0 -39.5595
-543.756 -6146.75 0 0 -39.5595
-545.028 -6145.96 0 0 -39.5595
-546.299 -6145.17 0 0 -39.5595
-547.572 -6144.38 0 0 -39.5595
-548.849 -6143.59 0 0 -39.5595
-550.14 -6142.8 0 0 -39.5595
-551.453 -6142 0 0 -39.5595
-552.789 -6141.18 0 0 -39.5595
-554.148 -6140.34 0 0 -39.5595
-555.523 -6139.52 0 0 -39.5595
-556.903 -6138.7 0 0 -39.5595
-558.278 -6137.88 0 0 -39.5595
-559.637 -6137.05 0 0 -39.5595
-560.978 -6136.23 0 0 -39.5595
-562.292 -6135.43 0 0 0
