-538.527 -6149.49 293.559 20149 -58.4297
-539.817 -6148.69 293.558 20149 -58.2213
-541.128 -6147.88 293.556 20149 -58.0206
-542.458 -6147.05 293.555 20149 -58.225
-543.8 -6146.22 293.554 20149 -58.2232
-545.15 -6145.38 293.552 20149 -58.4237
-546.512 -6144.55 293.551 20149 -58.2171
-547.89 -6143.69 293.552 20149 -58.1432
-549.293 -6142.82 293.555 20149 -58.3774
-550.723 -6141.94 293.559 20149 -58.5696
-552.181 -6141.05 293.562 20149 -58.283
-553.66 -6140.14 293.566 20149 -58.4946
-555.162 -6139.22 293.57 20149 -59.0519
-556.68 -6138.31 293.573 20149 -59.1526
-558.197 -6137.4 293.577 20149 -59.2114
-559.709 -6136.5 293.581 20149 -58.4846
-561.208 -6135.58 293.584 20149 -58.1856
-562.699 -6134.65 293.591 20149 -58.4152
-564.168 -6133.75 293.6 20149 -58.3985
-565.591 -6132.88 293.608 20149 -58.6138
-566.977 -6132.03 293.616 20149 -58.818
-568.325 -6131.21 293.624 20149 -58.1368
-569.614 -6130.41 293.632 20149 -58.25
-570.906 -6129.61 293.64 20149 -57.7125
-572.216 -6128.79 293.647 20149 -57.2595
-573.553 -6127.93 293.655 20149 -57.742
-574.913 -6127.07 293.663 20149 -57.7308
-576.28 -6126.21 293.672 20149 -57.9299
-577.66 -6125.34 293.684 20149 -57.5709
-579.053 -6124.45 293.698 20149 -57.7461
-580.467 -6123.56 293.711 20149 -57.7348
-581.881 -6122.67 293.724 20149 -57.5599
-583.277 -6121.78 293.737 20149 -57.7417
-584.646 -6120.92 293.75 20149 -57.8231
-585.989 -6120.07 293.763 20149 -57.4108
-587.317 -6119.22 293.775 20149 -57.6076
-588.663 -6118.37 293.788 20149 -57.3908
-590.035 -6117.49 293.801 20149 -57.2318
-591.426 -6116.6 293.817 20149 -57.2376
-592.813 -6115.71 293.835 20149 -57.6159
-594.187 -6114.83 293.852 20149 -57.4235
-595.545 -6113.97 293.87 20149 -57.6151
-596.916 -6113.1 293.887 20149 -57.2275
-598.306 -6112.2 293.905 20149 -57.3037
-599.713 -6111.3 293.924 20149 -57.4155
-601.115 -6110.4 293.942 20149 -58.0733
-602.499 -6109.54 293.959 20149 -58.9438
-603.859 -6108.72 293.977 20149 -59.6025
-605.202 -6107.93 293.994 20149 -59.5883
-606.531 -6107.15 294.015 20149 -59.514
-607.86 -6106.37 294.036 20149 -59.521
-609.203 -6105.58 294.057 20149 -59.1051
-610.567 -6104.76 294.079 20149 -58.2556
-611.952 -6103.91 294.102 20149 -57.8119
-613.357 -6103.02 294.125 20149 -57.7331
-614.774 -6102.13 294.148 20149 -57.824
-616.189 -6101.24 294.171 20149 -57.6382
-617.585 -6100.35 294.194 20149 -57.8216
-618.963 -6099.49 294.216 20149 -57.7271
-620.311 -6098.63 294.245 30149 -57.7127
-621.637 -6097.8 294.276 30149 -57.7113
-622.937 -6096.98 294.308 30149 -57.8994
-624.219 -6096.17 294.338 30149 -57.6965
-625.485 -6095.37 294.368 30149 -57.6964
-626.75 -6094.57 294.399 30149 -57.6969
-628.02 -6093.77 294.429 30149 -57.6967
-629.289 -6092.97 294.459 30149 -57.1663
-630.533 -6092.16 294.489 30149 -57.7461
-631.753 -6091.39 294.518 30149 -58.2195
-632.951 -6090.65 294.547 30149 -57.6897
-634.127 -6089.91 294.575 30149 -57.7029
-635.296 -6089.17 294.603 30149 -57.4651
-636.451 -6088.43 294.631 30149 -57.9273
-637.595 -6087.71 294.658 30149 -57.6998
-638.721 -6087 294.685 30149 -57.6995
-639.844 -6086.29 294.712 30149 -57.6997
-640.969 -6085.58 294.739 30149 -57.7144
-642.096 -6084.87 294.766 30149 -57.9487
-643.226 -6084.16 294.793 30149 -57.9344
-644.355 -6083.45 294.82 30149 -57.9487
-645.484 -6082.75 294.848 30149 -57.9487
-646.614 -6082.04 294.875 30149 -57.9487
-647.744 -6081.33 294.902 30149 -57.9487
-648.873 -6080.63 294.929 30149 -57.9487
-650.003 -6079.92 294.957 30149 -57.9487
-651.132 -6079.21 294.984 30149 -57.9344
-652.262 -6078.5 295.011 30149 -57.9487
-653.391 -6077.8 295.039 30149 -57.9486
-654.52 -6077.09 295.066 30149 -57.9487
-655.65 -6076.38 295.093 30149 -57.9488
-656.781 -6075.67 295.121 30149 -58.0347
-657.914 -6074.97 295.148 30149 -58.1205
-659.047 -6074.26 295.175 30149 -58.1063
-660.179 -6073.56 295.203 30149 -58.1063
-661.31 -6072.85 295.23 30149 -58.1207
-662.442 -6072.15 295.257 30149 -58.1063
-663.574 -6071.45 295.284 30149 -58.1191
-664.705 -6070.74 295.312 30149 -58.0162
-665.836 -6070.04 295.339 30149 -58.0103
-666.966 -6069.33 295.367 30149 -58.0246
-668.097 -6068.62 295.394 30149 -58.0103
-669.227 -6067.92 295.422 30149 -58.0246
-670.358 -6067.21 295.45 30149 -58.0103
-671.488 -6066.51 295.477 30149 -58.0246
-672.619 -6065.8 295.505 30149 -58.0248
-673.748 -6065.1 295.532 30149 -58.0106
-674.875 -6064.39 295.56 30149 -57.8814
-676.004 -6063.68 295.587 30149 -58.785
-677.161 -6062.98 295.615 30149 -59.0523
-678.353 -6062.27 295.644 30149 -59.1937
-679.582 -6061.53 295.673 30149 -59.4372
-680.844 -6060.79 295.704 30149 -60.2897
-682.135 -6060.05 295.735 30149 -60.3071
-683.432 -6059.31 295.765 30149 -60.1686
-684.725 -6058.57 295.796 30149 -59.4759
-686.009 -6057.81 295.827 30149 -58.6027
-687.286 -6057.04 295.858 30149 -57.6128
-688.551 -6056.23 295.889 30149 -57.3959
-689.815 -6055.42 295.92 30149 -57.4977
-691.08 -6054.62 295.951 30149 -57.4977
-692.345 -6053.81 295.983 30149 -57.5105
-693.61 -6053.01 296.014 30149 -57.5105
-694.875 -6052.2 296.045 30149 -57.5105
-696.141 -6051.4 296.076 30149 -57.5105
-697.403 -6050.59 296.107 30149 -57.4849
-698.66 -6049.79 296.139 30149 -57.3061
-699.918 -6048.98 296.17 30149 -57.8122
-701.203 -6048.17 296.201 30149 -57.5954
-702.523 -6047.34 296.234 30149 -57.0326
-703.867 -6046.46 296.267 30149 -56.8252
-705.245 -6045.56 296.301 30149 -57.3146
-706.649 -6044.66 296.336 30149 -57.3149
-708.056 -6043.76 296.371 30149 -57.303
-709.459 -6042.86 296.406 30149 -56.9374
-710.855 -6041.95 296.44 30149 -56.5286
-712.244 -6041.03 296.475 30149 -56.5172
-713.634 -6040.11 296.51 30149 -56.5286
-715.023 -6039.19 296.545 30149 -56.5172
-716.413 -6038.27 296.58 30149 -56.5172
-717.802 -6037.36 296.614 30149 -56.5286
-719.191 -6036.44 296.649 30149 -56.5172
-720.581 -6035.52 296.684 30149 -56.517
-721.97 -6034.6 296.719 30149 -56.5281
-723.355 -6033.68 296.753 30149 -56.5286
-724.745 -6032.76 296.788 30149 -56.7007
-726.151 -6031.84 296.823 30149 -56.3306
-727.568 -6030.9 296.859 30149 -56.5231
-729 -6029.95 296.895 30149 -56.5243
-730.443 -6029 296.931 30149 -56.931
-731.905 -6028.04 296.967 30149 -56.0394
-733.367 -6027.06 297.004 30149 -55.7009
-734.832 -6026.06 297.041 30149 -55.6897
-736.303 -6025.06 297.078 30149 -55.8695
-737.79 -6024.05 297.116 30149 -55.5193
-739.287 -6023.02 297.154 30149 -55.6971
-740.801 -6021.99 297.192 30149 -55.6967
-742.319 -6020.95 297.231 30149 -55.697
-743.834 -6019.92 297.269 30149 -55.6971
-745.348 -6018.89 297.307 30149 -55.6866
-746.862 -6017.85 297.346 30149 -55.6971
-748.376 -6016.82 297.384 30149 -55.697
-749.89 -6015.79 297.422 30149 -55.697
-751.405 -6014.75 297.46 30149 -55.697
-752.919 -6013.72 297.499 30149 -55.6971
-754.433 -6012.69 297.537 30149 -54.7443
-755.927 -6011.63 297.575 30149 -53.9019
-757.402 -6010.55 297.613 30149 -52.3459
-758.85 -6009.44 297.651 30149 -50.8236
-760.274 -6008.28 297.689 30149 -49.2058
-761.667 -6007.08 297.728 30149 -50.8646
-763.086 -6005.92 297.766 30149 -52.6284
-764.54 -6004.81 297.804 30149 -53.3046
-766.021 -6003.71 297.842 30149 -53.2895
-767.53 -6002.58 297.881 30149 -53.0044
-769.06 -6001.43 297.921 30149 -52.9331
-770.6 -6000.27 297.961 30149 -52.9612
-772.138 -5999.1 298.002 30149 -53.1037
-773.669 -5997.96 298.041 30149 -53.4294
-775.199 -5996.82 298.081 30149 -52.8741
-776.716 -5995.67 298.121 30149 -52.2629
-778.225 -5994.5 298.16 30149 -52.3229
-779.74 -5993.33 298.2 30149 -52.263
-781.254 -5992.16 298.239 30149 -52.273
-782.766 -5990.99 298.279 30149 -52.263
-784.28 -5989.82 298.318 30149 -52.4316
-785.809 -5988.64 298.358 30149 -52.2638
-787.355 -5987.45 298.399 30149 -52.1107
-788.922 -5986.23 298.44 30149 -52.2745
-790.514 -5985 298.481 30149 -52.284
-792.113 -5983.76 298.523 30149 -53.1841
-793.727 -5982.55 298.565 30149 -53.1994
-795.33 -5981.35 298.606 30149 -53.1824
-796.929 -5980.16 298.648 30149 -51.4546
-798.493 -5978.91 298.689 30149 -51.0552
-800.048 -5977.65 298.729 30149 -51.0551
-801.603 -5976.4 298.77 30149 -51.0646
-803.159 -5975.14 298.811 30149 -51.0454
-804.714 -5973.88 298.852 30149 -51.0543
-806.271 -5972.62 298.893 30149 -51.0551
-807.826 -5971.37 298.934 30149 -51.0502
-809.373 -5970.12 298.974 30149 -51.0721
-810.915 -5968.87 299.015 30149 -50.0523
-812.447 -5967.59 299.055 30149 -49.7346
-813.997 -5966.28 299.097 30149 -49.8971
-815.567 -5964.95 299.139 30149 -49.7362
-817.123 -5963.64 299.181 30149 -49.0991
-818.646 -5962.32 299.221 30149 -47.5946
-820.132 -5960.96 299.262 30149 -47.455
-821.63 -5959.58 299.303 30149 -47.4685
-823.153 -5958.19 299.344 30149 -47.4175
-824.697 -5956.77 299.386 30149 -47.4395
-826.262 -5955.33 299.429 30149 -47.3099
-827.844 -5953.87 299.472 30149 -47.4365
-829.443 -5952.4 299.515 30149 -47.8232
-831.056 -5950.94 299.559 30149 -47.8322
-832.666 -5949.48 299.603 30149 -47.8326
-834.272 -5948.03 299.646 30149 -47.8238
-835.876 -5946.58 299.689 30149 -48.1729
-837.492 -5945.13 299.733 40149 -46.0626
-839.052 -5943.63 299.776 40149 -46.0716
-840.609 -5942.13 299.819 40149 -46.0719
-842.162 -5940.63 299.862 40149 -46.2303
-843.725 -5939.13 299.905 40149 -45.7321
-845.307 -5937.59 299.949 40149 -44.5529
-846.892 -5935.98 299.994 40149 -43.8274
-848.488 -5934.32 300.04 40149 -42.4576
-850.08 -5932.58 300.086 40149 -43.5135
-851.7 -5930.87 300.133 40149 -44.3446
-853.307 -5929.23 300.179 40149 -45.6091
-854.916 -5927.65 300.224 40149 -45.4724
-856.49 -5926.1 300.265 40149 -45.9584
-858.041 -5924.6 300.304 40149 -45.6331
-859.582 -5923.1 300.343 40149 -45.7815
-861.142 -5921.58 300.382 40149 -45.49
-862.713 -5920.03 300.422 40149 -45.6407
-864.301 -5918.48 300.462 40149 -45.6285
-865.891 -5916.93 300.502 40149 -45.6378
-867.481 -5915.37 300.542 40149 -45.884
-869.073 -5913.83 300.582 40149 -45.3297
-870.644 -5912.27 300.622 40149 -44.31
-872.186 -5910.7 300.661 40149 -42.8037
-873.685 -5909.08 300.701 40149 -41.4979
-875.143 -5907.43 300.738 40149 -42.4404
-876.629 -5905.8 300.774 40149 -42.8545
-878.14 -5904.17 300.81 40149 -42.1913
-879.664 -5902.49 300.848 40149 -42.0332
-881.212 -5900.78 300.885 40149 -42.3735
-882.785 -5899.05 300.924 40149 -42.3725
-884.361 -5897.33 300.962 40149 -42.365
-885.935 -5895.6 301 40149 -42.3747
-887.505 -5893.88 301.038 40149 -42.3757
-889.074 -5892.16 301.077 40149 -42.318
-890.641 -5890.44 301.115 40149 -40.8192
-892.161 -5888.68 301.151 40149 -39.3863
-893.628 -5886.89 301.186 40149 -39.6683
-895.091 -5885.13 301.22 40149 -39.51
-896.542 -5883.37 301.255 40149 -39.5267
-898.002 -5881.6 301.289 40149 -39.5183
-899.461 -5879.83 301.323 40149 -39.5435
-900.911 -5878.07 301.357 40149 -39.5609
-902.339 -5876.34 301.391 40149 -39.5593
-903.825 -5874.55 301.426 40149 -39.5593
-905.311 -5872.75 301.461 40149 -39.5593
-483.526 -6184.03 0 0 -39.5593
-484.637 -6183.28 0 0 -39.5593
-485.748 -6182.54 0 0 -39.5593
-486.864 -6181.83 0 0 -39.5593
-487.986 -6181.15 0 0 -39.5593
-489.107 -6180.48 0 0 -39.5593
-490.227 -6179.79 0 0 -39.5593
-491.343 -6179.08 0 0 -39.5593
-492.465 -6178.35 0 0 -39.5593
-493.601 -6177.65 0 0 -39.5593
-494.741 -6176.96 0 0 -39.5593
-495.882 -6176.27 0 0 -39.5593
-497.023 -6175.58 0 0 -39.5593
-498.162 -6174.88 0 0 -39.5593
-499.302 -6174.19 0 0 -39.5593
-500.442 -6173.5 0 0 -39.5593
-501.582 -6172.81 0 0 -39.5593
-502.722 -6172.12 0 0 -39.5593
-503.867 -6171.42 0 0 -39.5593
-505.002 -6170.74 0 0 -39.5593
-506.118 -6170.06 0 0 -39.5593
-507.22 -6169.38 0 0 -39.5593
-508.325 -6168.7 0 0 -39.5593
-509.453 -6168 0 0 -39.5593
-510.609 -6167.29 0 0 -39.5593
-511.773 -6166.56 0 0 -39.5593
-512.953 -6165.83 0 0 -39.5593
-514.133 -6165.1 0 0 -39.5593
-515.315 -6164.37 0 0 -39.5593
-516.514 -6163.64 0 0 -39.5593
-517.724 -6162.88 0 0 -39.5593
-518.951 -6162.12 0 0 -39.5593
-520.179 -6161.36 0 0 -39.5593
-521.407 -6160.6 0 0 -39.5593
-522.652 -6159.83 0 0 -39.5593
-523.911 -6159.05 0 0 -39.5593
-525.185 -6158.26 0 0 0
