-468.448 -6189.63 294.209 10148 -58.5271
-469.46 -6189.01 294.194 10148 -57.9148
-470.424 -6188.41 294.18 10148 -55.3152
-471.349 -6187.77 294.166 10148 -55.3381
-472.276 -6187.13 294.152 10148 -55.5853
-473.256 -6186.46 294.136 20148 -55.7959
-474.361 -6185.71 294.119 20148 -55.7923
-475.463 -6184.96 294.102 20148 -55.8071
-476.566 -6184.21 294.085 20148 -55.8082
-477.669 -6183.46 294.067 20148 -55.8056
-478.771 -6182.71 294.05 20148 -55.7855
-479.869 -6181.96 294.033 20148 -55.7467
-480.97 -6181.21 294.015 20148 -56.3561
-482.093 -6180.46 293.998 20148 -56.4234
-483.247 -6179.7 293.98 20148 -55.9676
-484.428 -6178.9 293.962 20148 -56.5636
-485.634 -6178.1 293.943 20148 -58.5054
-486.868 -6177.35 293.924 20148 -58.9595
-488.107 -6176.6 293.909 20148 -58.3214
-489.341 -6175.84 293.894 20148 -56.9117
-490.556 -6175.05 293.88 20148 -57.0547
-491.749 -6174.28 293.866 20148 -58.2747
-492.924 -6173.55 293.852 20148 -58.7879
-494.086 -6172.85 293.838 20148 -59.1034
-495.259 -6172.14 293.825 20148 -58.7895
-496.454 -6171.42 293.811 20148 -58.7269
-497.678 -6170.68 293.797 20148 -58.7468
-498.932 -6169.92 293.782 20148 -58.5675
-500.2 -6169.14 293.768 20148 -58.5565
-501.465 -6168.37 293.753 20148 -58.9503
-502.72 -6167.61 293.742 20148 -58.7538
-503.952 -6166.86 293.732 20148 -58.9685
-505.185 -6166.12 293.722 20148 -58.246
-506.425 -6165.36 293.712 20148 -58.2398
-507.686 -6164.57 293.702 20148 -58.2226
-508.962 -6163.78 293.691 20148 -58.2339
-510.243 -6162.99 293.681 20148 -58.2221
-511.52 -6162.2 293.671 20148 -58.2234
-512.793 -6161.41 293.66 20148 -58.2386
-514.058 -6160.63 293.65 20148 -58.2147
-515.316 -6159.85 293.64 20148 -58.2292
-516.566 -6159.07 293.631 20148 -57.7176
-517.792 -6158.3 293.625 20148 -58.2409
-518.993 -6157.56 293.619 20148 -58.7457
-520.176 -6156.84 293.614 20148 -58.2228
-521.348 -6156.11 293.609 20148 -58.2232
-522.518 -6155.39 293.603 20148 -58.2247
-523.683 -6154.67 293.598 20148 -58.4485
-524.849 -6153.95 293.593 20148 -58.8646
-526.04 -6153.23 293.587 20148 -57.9421
-527.259 -6152.47 293.582 20148 -57.682
-528.511 -6151.67 293.576 20148 -58.2184
-529.788 -6150.88 293.57 20148 -58.2303
-531.068 -6150.09 293.565 20148 -58.2183
-532.345 -6149.3 293.564 20148 -58.2316
-533.62 -6148.51 293.562 20148 -58.2187
-534.895 -6147.72 293.561 20148 -58.2188
-536.17 -6146.93 293.56 20148 -58.2187
-537.445 -6146.14 293.558 20148 -58.2314
-538.72 -6145.35 293.557 20148 -58.2185
-539.996 -6144.56 293.556 20148 -58.2318
-541.27 -6143.77 293.554 20148 -58.2197
-542.541 -6142.98 293.553 20148 -58.219
-543.815 -6142.19 293.552 20148 -58.4298
-545.105 -6141.4 293.55 20148 -58.2368
-546.415 -6140.59 293.553 20148 -58.2664
-547.752 -6139.76 293.556 20148 -58.2949
-549.115 -6138.92 293.559 20148 -58.346
-550.502 -6138.07 293.563 20148 -58.3628
-551.909 -6137.2 293.566 20148 -59.0366
-553.335 -6136.34 293.57 20148 -59.1973
-554.764 -6135.49 293.573 20148 -59.0235
-556.193 -6134.64 293.576 20148 -58.9128
-557.63 -6133.77 293.58 20148 -58.3665
-559.058 -6132.89 293.583 20148 -57.8444
-560.431 -6132.03 293.588 20148 -58.8222
-561.774 -6131.21 293.596 20148 -58.7654
-563.072 -6130.43 293.604 20148 -60.1633
-564.331 -6129.7 293.611 20148 -58.4952
-565.56 -6128.95 293.619 20148 -57.0819
-566.797 -6128.15 293.626 20148 -57.7328
-568.068 -6127.35 293.633 20148 -57.7332
-569.342 -6126.54 293.641 20148 -57.7326
-570.611 -6125.74 293.649 20148 -57.7325
-571.879 -6124.94 293.656 20148 -57.7325
-573.147 -6124.14 293.664 20148 -57.7325
-574.415 -6123.34 293.671 20148 -57.7553
-575.684 -6122.54 293.683 20148 -57.7432
-576.953 -6121.74 293.695 20148 -57.7432
-578.221 -6120.94 293.707 20148 -57.7559
-579.49 -6120.14 293.719 20148 -57.7307
-580.76 -6119.34 293.731 20148 -57.7558
-582.027 -6118.54 293.743 20148 -57.7422
-583.286 -6117.74 293.755 20148 -57.5106
-584.54 -6116.94 293.766 20148 -57.4088
-585.795 -6116.14 293.778 20148 -57.4116
-587.057 -6115.33 293.79 20148 -57.4
-588.323 -6114.52 293.802 20148 -57.4195
-589.586 -6113.72 293.816 20148 -57.4262
-590.85 -6112.91 293.833 20148 -57.4142
-592.115 -6112.1 293.849 20148 -57.4278
-593.383 -6111.29 293.865 20148 -57.4124
-594.643 -6110.49 293.882 20148 -57.4206
-595.892 -6109.69 293.898 20148 -57.431
-597.134 -6108.89 293.914 20148 -57.6019
-598.388 -6108.1 293.93 20148 -57.2416
-599.662 -6107.28 293.946 20148 -57.3096
-600.947 -6106.45 293.963 20148 -57.4574
-602.227 -6105.64 293.98 20148 -57.9504
-603.499 -6104.84 293.996 20148 -58.5445
-604.768 -6104.06 294.017 20148 -59.1551
-606.051 -6103.3 294.037 20148 -59.2768
-607.354 -6102.52 294.058 20148 -58.6723
-608.669 -6101.72 294.079 20148 -58.3079
-609.994 -6100.91 294.101 20148 -57.8176
-611.316 -6100.07 294.122 20148 -57.7443
-612.637 -6099.24 294.144 20148 -57.8296
-613.954 -6098.41 294.165 20148 -57.3054
-615.245 -6097.58 294.187 20148 -58.1441
-616.522 -6096.79 294.207 20148 -58.0161
-617.752 -6096.02 294.229 30148 -57.6943
-618.987 -6095.24 294.259 30148 -57.6945
-620.225 -6094.46 294.288 30148 -57.6944
-621.462 -6093.68 294.318 30148 -57.6946
-622.702 -6092.89 294.348 30148 -57.9526
-623.963 -6092.1 294.378 30148 -57.445
-625.239 -6091.29 294.408 30148 -57.4716
-626.52 -6090.47 294.439 30148 -57.0598
-627.756 -6089.67 294.469 30148 -57.6924
-628.966 -6088.9 294.498 30148 -58.6485
-630.138 -6088.19 294.525 30148 -58.6321
-631.314 -6087.47 294.553 30148 -57.6112
-632.515 -6086.71 294.582 30148 -56.8984
-633.741 -6085.91 294.611 30148 -56.8172
-634.962 -6085.11 294.641 30148 -57.7176
-636.147 -6084.37 294.669 30148 -58.6306
-637.305 -6083.66 294.697 30148 -57.6994
-638.426 -6082.95 294.723 30148 -57.9283
-639.562 -6082.24 294.751 30148 -57.6054
-640.719 -6081.5 294.778 30148 -57.9379
-641.89 -6080.77 294.807 30148 -57.9511
-643.052 -6080.04 294.835 30148 -57.9366
-644.208 -6079.32 294.863 30148 -57.9511
-645.37 -6078.59 294.891 30148 -57.9516
-646.54 -6077.86 294.919 30148 -57.7134
-647.696 -6077.13 294.947 30148 -58.1906
-648.841 -6076.42 294.975 30148 -58.1623
-649.985 -6075.71 295.002 30148 -57.7134
-651.141 -6074.98 295.03 30148 -57.9516
-652.309 -6074.25 295.058 30148 -57.9512
-653.473 -6073.52 295.086 30148 -57.923
-654.633 -6072.79 295.115 30148 -58.0347
-655.802 -6072.06 295.143 30148 -58.1174
-656.978 -6071.33 295.171 30148 -57.8811
-658.136 -6070.6 295.199 30148 -58.3473
-659.281 -6069.9 295.227 30148 -58.7008
-660.432 -6069.2 295.254 30148 -58.4202
-661.614 -6068.47 295.283 30148 -57.4742
-662.824 -6067.7 295.312 30148 -57.8257
-664.061 -6066.92 295.342 30148 -58.0043
-665.296 -6066.15 295.372 30148 -58.018
-666.521 -6065.38 295.402 30148 -58.2279
-667.756 -6064.62 295.432 30148 -57.8094
-669.006 -6063.83 295.463 30148 -58.0153
-670.276 -6063.04 295.494 30148 -58.0151
-671.547 -6062.25 295.525 30148 -58.0154
-672.814 -6061.46 295.556 30148 -57.9515
-674.08 -6060.66 295.587 30148 -58.3942
-675.365 -6059.87 295.618 30148 -58.6227
-676.676 -6059.07 295.65 30148 -58.6076
-678.017 -6058.25 295.682 30148 -58.8577
-679.386 -6057.43 295.715 30148 -59.3478
-680.774 -6056.6 295.749 30148 -58.8338
-682.143 -6055.78 295.782 30148 -58.6075
-683.484 -6054.96 295.814 30148 -58.5727
-684.795 -6054.16 295.846 30148 -58.184
-686.078 -6053.36 295.877 30148 -57.4339
-687.337 -6052.56 295.908 30148 -57.4978
-688.595 -6051.75 295.94 30148 -57.5106
-689.856 -6050.95 295.971 30148 -57.4978
-691.118 -6050.15 296.002 30148 -57.5105
-692.38 -6049.34 296.033 30148 -57.5106
-693.641 -6048.54 296.064 30148 -57.5106
-694.897 -6047.74 296.095 30148 -57.4978
-696.151 -6046.94 296.126 30148 -57.8527
-697.427 -6046.14 296.158 30148 -57.5959
-698.741 -6045.31 296.19 30148 -57.03
-700.077 -6044.44 296.223 30148 -56.8354
-701.453 -6043.54 296.258 30148 -57.3026
-702.853 -6042.64 296.292 30148 -57.3145
-704.256 -6041.74 296.327 30148 -57.3025
-705.655 -6040.84 296.362 30148 -57.3023
-707.053 -6039.95 296.396 30148 -57.159
-708.448 -6039.05 296.431 30148 -56.5167
-709.834 -6038.13 296.466 30148 -56.5283
-711.22 -6037.21 296.501 30148 -56.5165
-712.605 -6036.3 296.535 30148 -56.5161
-713.986 -6035.38 296.57 30148 -56.5164
-715.369 -6034.47 296.605 30148 -56.9962
-716.779 -6033.55 296.64 30148 -56.7675
-718.222 -6032.61 296.676 30148 -56.2789
-719.689 -6031.63 296.713 30148 -56.089
-721.189 -6030.62 296.751 30148 -56.5138
-722.715 -6029.61 296.789 30148 -56.5244
-724.242 -6028.6 296.828 30148 -56.5243
-725.769 -6027.59 296.866 30148 -56.525
-727.301 -6026.58 296.904 30148 -56.6083
-728.836 -6025.57 296.943 30148 -56.8253
-730.37 -6024.56 296.981 30148 -55.7626
-731.88 -6023.53 297.019 30148 -56.1207
-733.412 -6022.51 297.058 30148 -55.9256
-734.98 -6021.45 297.098 30148 -55.4836
-736.57 -6020.35 297.138 30148 -55.2925
-738.194 -6019.23 297.18 30148 -55.6973
-739.843 -6018.1 297.221 30148 -55.6875
-741.496 -6016.97 297.263 30148 -55.697
-743.149 -6015.85 297.305 30148 -55.6973
-744.798 -6014.72 297.347 30148 -55.3021
-746.421 -6013.6 297.389 30148 -55.4638
-748.011 -6012.5 297.429 30148 -55.9357
-749.579 -6011.44 297.469 30148 -56.1097
-751.113 -6010.41 297.507 30148 -55.5874
-752.619 -6009.38 297.546 30148 -54.2179
-754.097 -6008.32 297.584 30148 -54.2262
-755.579 -6007.25 297.622 30148 -54.2261
-757.063 -6006.18 297.66 30148 -54.226
-758.548 -6005.11 297.698 30148 -54.2263
-760.029 -6004.04 297.737 30148 -54.2795
-761.502 -6002.98 297.775 30148 -54.048
-762.969 -6001.92 297.812 30148 -53.565
-764.432 -6000.84 297.85 30148 -53.1537
-765.9 -5999.74 297.889 30148 -52.7977
-767.371 -5998.62 297.927 30148 -52.6505
-768.837 -5997.5 297.966 30148 -52.7311
-770.29 -5996.4 298.004 30148 -53.2169
-771.727 -5995.32 298.042 30148 -53.7861
-773.149 -5994.28 298.078 30148 -53.3748
-774.546 -5993.24 298.115 30148 -52.3361
-775.919 -5992.18 298.151 30148 -52.2702
-777.297 -5991.12 298.187 30148 -52.455
-778.692 -5990.05 298.224 30148 -52.2603
-780.104 -5988.95 298.261 30148 -52.0924
-781.535 -5987.84 298.298 30148 -52.2613
-782.981 -5986.72 298.336 30148 -52.2718
-784.429 -5985.6 298.374 30148 -52.2716
-785.871 -5984.48 298.412 30148 -52.251
-787.321 -5983.36 298.45 30148 -52.2722
-788.789 -5982.23 298.489 30148 -52.4775
-790.265 -5981.09 298.527 30148 -53.1671
-791.75 -5979.98 298.566 30148 -53.6217
-793.243 -5978.88 298.604 30148 -53.4146
-794.76 -5977.75 298.644 30148 -51.4595
-796.274 -5976.55 298.683 30148 -50.6689
-797.805 -5975.29 298.724 30148 -50.6593
-799.335 -5974.04 298.765 30148 -50.8378
-800.836 -5972.82 298.804 30148 -51.2758
-802.314 -5971.63 298.843 30148 -51.4904
-803.76 -5970.48 298.881 30148 -51.0523
-805.185 -5969.33 298.919 30148 -51.0499
-806.599 -5968.19 298.956 30148 -51.0828
-807.994 -5967.06 298.993 30148 -50.5206
-809.37 -5965.93 299.029 30148 -49.8893
-810.737 -5964.77 299.066 30148 -49.8941
-812.128 -5963.6 299.103 30148 -50.3216
-813.554 -5962.42 299.141 30148 -50.1166
-815.006 -5961.21 299.18 30148 -48.7802
-816.457 -5959.94 299.22 30148 -47.0513
-817.903 -5958.59 299.259 30148 -47.4503
-819.374 -5957.24 299.3 30148 -47.4412
-820.847 -5955.89 299.34 30148 -47.4406
-822.317 -5954.54 299.38 30148 -47.4496
-823.784 -5953.19 299.42 30148 -47.4503
-825.254 -5951.84 299.461 30148 -47.4421
-826.732 -5950.48 299.501 30148 -47.6991
-828.217 -5949.13 299.542 30148 -47.8231
-829.7 -5947.79 299.582 30148 -47.833
-831.178 -5946.45 299.622 30148 -48.2217
-832.676 -5945.11 299.663 30148 -48.0331
-834.208 -5943.73 299.704 30148 -47.3909
-835.782 -5942.29 299.747 40148 -45.6972
-837.309 -5940.8 299.789 40148 -45.4591
-838.813 -5939.32 299.831 40148 -46.0682
-840.294 -5937.89 299.872 40148 -46.9082
-841.76 -5936.52 299.913 40148 -45.6757
-843.218 -5935.09 299.953 40148 -44.4535
-844.695 -5933.59 299.995 40148 -43.6775
-846.188 -5932.02 300.039 40148 -42.5478
-847.7 -5930.38 300.083 40148 -42.591
-849.225 -5928.72 300.128 40148 -43.2213
-850.732 -5927.11 300.172 40148 -44.1901
-852.231 -5925.57 300.215 40148 -44.7188
-853.72 -5924.07 300.256 40148 -44.0777
-855.191 -5922.55 300.294 40148 -43.0235
-856.638 -5921 300.333 40148 -42.2479
-858.071 -5919.42 300.371 40148 -42.7409
-859.517 -5917.86 300.41 40148 -44.0671
-860.998 -5916.33 300.448 40148 -44.2926
-862.481 -5914.81 300.487 40148 -44.0234
-863.952 -5913.28 300.525 40148 -44.0963
-865.421 -5911.77 300.564 40148 0
