6.94953e-310 6.94953e-310 0 0 0
0 0 0 0 0
0 0 0 0 0
0 0 0 0 0
0 0 0 0 0
0 0 0 0 0
0 0 0 0 0
0 0 0 0 0
0 0 0 0 0
0 0 0 0 0
0 0 0 0 0
0 0 0 0 0
0 0 0 0 0
0 0 0 0 0
0 0 0 0 0
0 0 0 0 0
0 0 0 0 0
0 0 0 0 0
0 0 0 0 0
0 0 0 0 0
0 0 0 0 0
0 0 0 0 0
0 0 0 0 0
0 0 0 0 0
0 0 0 0 0
0 0 0 0 0
0 0 0 0 0
0 0 0 0 0
0 0 0 0 0
0 0 0 0 0
0 0 0 0 0
0 0 0 0 0
0 0 0 0 0
0 0 0 0 0
0 0 0 0 0
0 0 0 0 0
0 0 0 0 0
0 0 0 0 0
0 0 0 0 0
0 0 0 0 0
0 0 0 0 0
0 0 0 0 0
0 0 0 0 0
0 0 0 0 0
0 0 0 0 0
0 0 0 0 0
0 0 0 0 0
0 0 0 0 0
0 0 0 0 0
0 0 0 0 0
0 0 0 0 0
0 0 0 0 0
0 0 0 0 0
0 0 0 0 0
0 0 0 0 0
0 0 0 0 0
0 0 0 0 0
0 0 0 0 0
0 0 0 0 0
0 0 0 0 0
0 0 0 0 0
0 0 0 0 0
0 0 0 0 0
0 0 0 0 0
0 0 0 0 0
0 0 0 0 0
0 0 0 0 0
0 0 0 0 0
0 0 0 0 0
0 0 0 0 0
0 0 0 0 0
0 0 0 0 0
0 0 0 0 0
0 0 0 0 0
0 0 0 0 0
0 0 0 0 0
0 0 0 0 0
0 0 0 0 0
0 0 0 0 0
0 0 0 0 0
0 0 0 0 0
0 0 0 0 0
0 0 0 0 0
0 0 0 0 0
0 0 0 0 0
0 0 0 0 0
0 0 0 0 0
0 0 0 0 0
0 0 0 0 0
0 0 0 0 0
0 0 0 0 0
0 0 0 0 0
0 0 0 0 0
0 0 0 0 0
0 0 0 0 0
0 0 0 0 0
0 0 0 0 0
0 0 0 0 0
0 0 0 0 0
0 0 0 0 0
0 0 0 0 0
0 0 0 0 0
0 0 0 0 0
0 0 0 0 0
0 0 0 0 0
0 0 0 0 0
0 0 0 0 0
0 0 0 0 0
0 0 0 0 0
0 0 0 0 0
0 0 0 0 0
0 0 0 0 0
0 0 0 0 0
0 0 0 0 0
0 0 0 0 0
0 0 0 0 0
0 0 0 0 0
0 0 0 0 0
0 0 0 0 0
0 0 0 0 0
0 0 0 0 0
0 0 0 0 0
0 0 0 0 0
0 0 0 0 0
0 0 0 0 0
0 0 0 0 0
0 0 0 0 0
0 0 0 0 0
0 0 0 0 0
0 0 0 0 0
0 0 0 0 0
0 0 0 0 0
0 0 0 0 0
0 0 0 0 0
0 0 0 0 0
0 0 0 0 0
0 0 0 0 0
0 0 0 0 0
0 0 0 0 0
0 0 0 0 0
0 0 0 0 0
0 0 0 0 0
0 0 0 0 0
0 0 0 0 0
0 0 0 0 0
0 0 0 0 0
0 0 0 0 0
0 0 0 0 0
0 0 0 0 0
0 0 0 0 0
0 0 0 0 0
0 0 0 0 0
0 0 0 0 0
0 0 0 0 0
0 0 0 0 0
0 0 0 0 0
0 0 0 0 0
0 0 0 0 0
0 0 0 0 0
0 0 0 0 0
0 0 0 0 0
0 0 0 0 0
0 0 0 0 0
0 0 0 0 0
0 0 0 0 0
0 0 0 0 0
0 0 0 0 0
0 0 0 0 0
0 0 0 0 0
0 0 0 0 0
0 0 0 0 0
0 0 0 0 0
0 0 0 0 0
0 0 0 0 0
0 0 0 0 0
0 0 0 0 0
0 0 0 0 0
0 0 0 0 0
0 0 0 0 0
0 0 0 0 0
0 0 0 0 0
0 0 0 0 0
0 0 0 0 0
0 0 0 0 0
0 0 0 0 0
0 0 0 0 0
0 0 0 0 0
0 0 0 0 0
0 0 0 0 0
0 0 0 0 0
0 0 0 0 0
0 0 0 0 0
0 0 0 0 0
0 0 0 0 0
0 0 0 0 0
0 0 0 0 0
0 0 0 0 0
0 0 0 0 0
0 0 0 0 0
0 0 0 0 0
0 0 0 0 0
0 0 0 0 0
0 0 0 0 0
0 0 0 0 0
0 0 0 0 0
0 0 0 0 0
0 0 0 0 0
0 0 0 0 0
0 0 0 0 0
0 0 0 0 0
0 0 0 0 0
0 0 0 0 0
0 0 0 0 0
0 0 0 0 0
0 0 0 0 0
0 0 0 0 0
0 0 0 0 0
0 0 0 0 0
0 0 0 0 0
0 0 0 0 0
0 0 0 0 0
0 0 0 0 0
0 0 0 0 0
0 0 0 0 0
0 0 0 0 0
0 0 0 0 0
-357.787 -6259.99 295.915 10148 -58.213
-358.871 -6259.32 295.898 10148 -58.2131
-359.955 -6258.65 295.88 10148 -58.2162
-361.039 -6257.97 295.863 10148 -58.2256
-362.123 -6257.3 295.846 10148 -58.2256
-363.206 -6256.63 295.829 10148 -58.2406
-364.29 -6255.96 295.812 10148 -58.2256
-365.374 -6255.29 295.795 10148 -58.2257
-366.457 -6254.62 295.778 10148 -58.2253
-367.542 -6253.95 295.761 10148 -58.2232
-368.634 -6253.27 295.744 10148 -58.2265
-369.715 -6252.6 295.727 10148 -58.0508
-370.764 -6251.95 295.71 10148 -58.2765
-371.791 -6251.31 295.694 10148 -57.0565
-372.802 -6250.66 295.678 10148 -57.2482
-373.843 -6249.99 295.661 10148 -56.87
-374.903 -6249.29 295.644 10148 -56.8808
-375.962 -6248.6 295.627 10148 -57.065
-377.009 -6247.93 295.611 10148 -57.0454
-378.031 -6247.26 295.595 10148 -57.1066
-379.031 -6246.62 295.579 10148 -57.073
-380.009 -6245.98 295.563 10148 -57.2746
-380.972 -6245.36 295.548 10148 -57.0828
-381.922 -6244.75 295.533 10148 -57.1818
-382.871 -6244.14 295.518 10148 -56.7101
-383.817 -6243.52 295.503 10148 -56.5078
-384.76 -6242.89 295.488 10148 -58.0445
-385.718 -6242.29 295.473 10148 -59.3978
-386.69 -6241.72 295.458 10148 -60.8052
-387.681 -6241.17 295.443 10148 -61.66
-388.676 -6240.63 295.428 10148 -61.3341
-389.657 -6240.09 295.413 10148 -60.464
-390.624 -6239.54 295.399 10148 -60.3618
-391.596 -6238.99 295.384 10148 -60.3406
-392.583 -6238.43 295.369 10148 -60.4544
-393.573 -6237.87 295.354 10148 -59.9151
-394.542 -6237.31 295.339 10148 -59.8101
-395.494 -6236.75 295.325 10148 -58.7574
-396.43 -6236.19 295.311 10148 -56.7124
-397.356 -6235.58 295.296 10148 -55.9617
-398.286 -6234.95 295.281 10148 -55.7863
-399.211 -6234.32 295.267 10148 -56.3566
-400.127 -6233.71 295.252 10148 -56.1421
-401.028 -6233.11 295.238 10148 -56.3502
-401.94 -6232.5 295.223 10148 -55.9347
-402.873 -6231.87 295.209 10148 -56.1149
-403.811 -6231.24 295.194 10148 -56.0795
-404.72 -6230.63 295.179 10148 -55.9115
-405.606 -6230.03 295.166 10148 -53.2845
-406.471 -6229.38 295.151 10148 -53.4166
-407.366 -6228.72 295.137 10148 -53.5483
-408.282 -6228.04 295.122 10148 -53.5206
-409.196 -6227.37 295.107 10148 -53.494
-410.108 -6226.69 295.093 10148 -53.5287
-411.02 -6226.02 295.078 10148 -53.5006
-411.933 -6225.34 295.063 10148 -53.3029
-412.844 -6224.66 295.048 10148 -53.4819
-413.753 -6223.99 295.034 10148 -54.6155
-414.666 -6223.34 295.019 10148 -56.1305
-415.584 -6222.72 295.005 10148 -56.7353
-416.494 -6222.13 294.99 10148 -58.3275
-417.401 -6221.57 294.977 10148 -60.0298
-418.302 -6221.05 294.963 10148 -61.2197
-419.205 -6220.55 294.95 10148 -60.0189
-420.11 -6220.03 294.936 10148 -58.0249
-421.019 -6219.46 294.923 10148 -56.5724
-421.919 -6218.87 294.909 10148 -57.2866
-422.81 -6218.3 294.895 10148 -58.0857
-423.679 -6217.75 294.882 10148 -58.2432
-424.528 -6217.23 294.869 10148 -58.1305
-425.367 -6216.71 294.856 10148 -58.0725
-426.206 -6216.18 294.843 10148 -58.072
-427.047 -6215.66 294.83 10148 -58.0719
-427.889 -6215.14 294.818 10148 0
