6.94953e-310 6.94953e-310 0 0 0
0 0 0 0 0
0 0 0 0 0
0 0 0 0 0
0 0 0 0 0
0 0 0 0 0
0 0 0 0 0
0 0 0 0 0
0 0 0 0 0
0 0 0 0 0
0 0 0 0 0
0 0 0 0 0
0 0 0 0 0
0 0 0 0 0
0 0 0 0 0
0 0 0 0 0
0 0 0 0 0
0 0 0 0 0
0 0 0 0 0
0 0 0 0 0
0 0 0 0 0
0 0 0 0 0
0 0 0 0 0
0 0 0 0 0
0 0 0 0 0
0 0 0 0 0
0 0 0 0 0
0 0 0 0 0
0 0 0 0 0
0 0 0 0 0
0 0 0 0 0
0 0 0 0 0
0 0 0 0 0
0 0 0 0 0
0 0 0 0 0
0 0 0 0 0
0 0 0 0 0
0 0 0 0 0
0 0 0 0 0
0 0 0 0 0
0 0 0 0 0
0 0 0 0 0
0 0 0 0 0
0 0 0 0 0
18.217 897.269 0 0 0
18.227 901.255 0 0 0
18.237 905.179 0 0 0
18.251 909.08 0 0 0
18.284 913.007 0 0 0
18.317 916.979 0 0 0
18.35 920.973 0 0 0
18.34 925.013 0 0 0
18.352 929.208 0 0 0
18.418 933.533 0 0 0
18.504 937.977 0 0 0
18.567 942.383 0 0 0
18.565 946.719 0 0 0
18.559 951.059 0 0 0
18.637 955.489 0 0 0
18.68 959.996 0 0 0
18.718 964.505 0 0 0
18.727 968.961 0 0 0
18.694 973.357 0 0 0
18.638 977.714 0 0 0
18.587 982.051 0 0 0
18.543 986.385 0 0 0
18.498 990.744 0 0 0
18.464 995.157 0 0 0
18.449 999.626 0 0 0
18.455 1004.13 0 0 0
18.467 1008.64 0 0 0
18.473 1013.14 0 0 0
18.48 1017.64 0 0 0
18.487 1022.14 0 0 0
18.494 1026.64 0 0 0
18.501 1031.14 0 0 0
18.508 1035.64 0 0 0
18.515 1040.14 0 0 0
18.521 1044.64 0 0 0
18.529 1049.14 0 0 0
18.535 1053.64 0 0 0
18.542 1058.14 0 0 0
18.549 1062.64 0 0 0
18.556 1067.14 0 0 0
18.563 1071.64 0 0 0
18.569 1076.14 0 0 0
18.577 1080.64 0 0 0
18.583 1085.14 0 0 0
18.59 1089.64 0 0 0
18.597 1094.14 0 0 0
18.604 1098.64 0 0 0
18.611 1103.14 0 0 0
18.617 1107.64 0 0 0
18.625 1112.14 0 0 0
18.631 1116.64 0 0 0
18.639 1121.14 0 0 0
18.646 1125.64 0 0 0
18.653 1130.14 0 0 0
18.66 1134.64 0 0 0
18.667 1139.14 0 0 0
18.673 1143.64 0 0 0
18.681 1148.14 0 0 0
18.687 1152.64 0 0 0
18.694 1157.14 0 0 0
18.701 1161.68 0 0 0
18.697 1166.23 0 0 0
18.691 1170.77 0 0 0
18.685 1175.28 0 0 0
18.679 1179.77 0 0 0
18.672 1184.27 0 0 0
18.667 1188.77 0 0 0
18.66 1193.27 0 0 0
18.654 1197.77 0 0 0
18.648 1202.27 0 0 0
18.642 1206.77 0 0 0
18.636 1211.27 0 0 0
18.629 1215.77 0 0 0
18.624 1220.26 0 0 0
18.617 1224.73 0 0 0
18.599 1229.24 0 0 0
18.561 1233.92 0 0 0
18.595 1238.76 0 0 0
18.649 1243.76 0 0 0
18.776 1248.92 0 0 0
18.887 1254.26 0 0 0
18.986 1259.59 0 0 0
19.063 1264.83 0 0 0
19.08 1269.95 0 0 0
19.081 1274.98 0 0 0
19.109 1279.91 0 0 0
19.131 1284.72 0 0 0
19.083 1289.39 0 0 0
19.066 1293.99 0 0 0
19.066 1298.62 0 0 0
19.064 1303.27 0 0 0
19.081 1307.85 0 0 0
19.078 1312.34 0 0 0
19.093 1316.8 0 0 0
19.108 1321.28 0 0 0
19.123 1325.78 0 0 0
19.138 1330.28 0 0 0
19.152 1334.78 0 0 0
19.167 1339.28 0 0 0
19.182 1343.78 0 0 0
19.198 1348.28 0 0 0
19.212 1352.78 0 0 0
19.227 1357.28 0 0 0
19.242 1361.78 0 0 0
19.257 1366.28 0 0 0
19.272 1370.78 0 0 0
19.287 1375.28 0 0 0
19.303 1379.78 0 0 0
19.317 1384.28 0 0 0
19.332 1388.78 0 0 0
19.347 1393.28 0 0 0
19.362 1397.78 0 0 0
19.376 1402.28 0 0 0
19.392 1406.78 0 0 0
19.407 1411.27 0 0 0
19.422 1415.78 0 0 0
19.436 1420.35 0 0 0
19.442 1424.94 0 0 0
19.433 1429.51 0 0 0
19.425 1434.03 0 0 0
19.416 1438.51 0 0 0
19.407 1442.99 0 0 0
19.398 1447.48 0 0 0
19.348 1452.04 0 0 0
19.315 1456.73 0 0 0
19.329 1461.54 0 0 0
19.36 1466.48 0 0 0
19.35 1471.49 0 0 0
19.341 1476.51 0 0 0
19.33 1481.51 0 0 0
19.321 1486.51 0 0 0
19.311 1491.51 0 0 0
19.301 1496.51 0 0 0
19.291 1501.51 0 0 0
19.281 1506.51 0 0 0
19.271 1511.51 0 0 0
19.262 1516.51 0 0 0
19.252 1521.51 0 0 0
19.242 1526.51 0 0 0
19.232 1531.51 0 0 0
19.222 1536.53 0 0 0
19.218 1541.51 0 0 0
19.208 1546.42 0 0 0
19.197 1551.31 0 0 0
19.155 1556.25 0 0 0
19.091 1561.29 0 0 0
19.029 1566.39 0 0 0
18.972 1571.45 0 0 0
18.971 1576.43 0 0 0
18.956 1581.27 0 0 0
18.91 1585.99 0 0 0
18.855 1590.56 0 0 0
18.862 1595.06 0 0 0
18.864 1599.54 0 0 0
18.867 1604.03 0 0 0
18.87 1608.54 0 0 0
18.873 1613.04 0 0 0
18.876 1617.53 0 0 0
18.878 1622.02 0 0 0
18.851 1626.5 0 0 0
18.91 1631.06 0 0 0
19.016 1635.76 0 0 0
19.179 1640.6 0 0 0
19.359 1645.6 0 0 0
19.426 1650.74 0 0 0
19.336 1656.02 0 0 0
19.259 1661.23 0 0 0
19.181 1666.28 0 0 0
19.103 1671.23 0 0 0
19.027 1676.23 0 0 0
18.949 1681.23 0 0 0
18.871 1686.23 0 0 0
18.795 1691.23 0 0 0
18.717 1696.23 0 0 0
18.639 1701.23 0 0 0
18.562 1706.23 0 0 0
18.484 1711.28 0 0 0
18.406 1716.2 0 0 0
18.33 1720.97 0 0 0
18.286 1725.63 0 0 0
18.31 1730.4 0 0 0
18.334 1735.32 0 0 0
18.357 1740.37 0 0 0
18.38 1745.35 0 0 0
18.404 1750.35 0 0 0
18.412 1755.41 0 0 0
18.452 1760.54 0 0 0
18.477 1765.7 0 0 0
18.517 1770.84 0 0 0
18.525 1775.89 0 0 0
18.549 1780.89 0 0 0
18.573 1785.86 0 0 0
18.596 1790.87 0 0 0
18.62 1795.95 0 0 0
18.628 1801.05 0 0 0
18.618 1806.14 0 0 0
18.593 1811.19 0 0 0
18.581 1816.29 0 0 0
18.57 1821.5 0 0 0
18.562 1826.79 0 0 0
18.552 1832.18 0 0 0
18.557 1837.64 0 0 0
18.546 1843.14 0 0 0
18.535 1848.63 0 0 0
18.514 1854.12 0 0 0
18.494 1859.67 0 0 0
18.562 1865.34 0 0 0
18.684 1871.13 0 0 0
18.872 1877.1 0 0 0
19.177 1883.06 0 0 0
19.527 1888.87 0 0 0
19.817 1894.58 0 0 0
20.02 1900.27 0 0 0
20.114 1906.03 0 0 0
20.133 1911.75 0 0 0
20.053 1917.36 0 0 0
19.937 1922.94 0 0 0
19.884 1928.55 0 0 0
19.876 1934.2 0 0 0
19.85 1939.87 0 0 0
19.88 1945.6 0 0 0
19.99 1951.4 0 0 0
20.184 1957.24 0 0 0
20.306 1963.11 0 0 0
20.352 1968.77 0 0 0
20.446 1974.31 0 0 0
20.544 1979.67 0 0 0
20.567 1985.16 0 0 0
20.502 1990.81 0 0 0
20.42 1996.64 0 0 0
20.392 2002.57 0 0 0
20.338 2008.52 0 0 0
20.251 2014.4 0 0 0
20.183 2020.24 0 0 0
20.096 2026.11 0 0 0
20.043 2032.06 0 0 0
19.971 2038.06 0 0 0
19.9 2044.1 0 0 0
19.829 2050.07 0 0 0
19.758 2055.92 0 0 0
19.714 2061.71 0 0 0
19.714 2067.55 0 0 0
19.713 2073.53 0 0 0
19.713 2079.56 0 0 0
19.712 2085.56 0 0 0
19.712 2091.55 0 0 0
19.712 2097.55 0 0 0
-359.329 -6263.33 295.921 10149 -58.219
-360.533 -6262.58 295.902 10149 -58.2116
-361.858 -6261.76 295.881 10149 -58.2228
-363.062 -6261.02 295.862 10149 -58.2182
-364.266 -6260.27 295.843 10149 -58.2316
-365.471 -6259.53 295.824 10149 -58.2316
-366.675 -6258.78 295.805 10149 -58.2181
-367.879 -6258.03 295.786 10149 -58.2316
-369.083 -6257.29 295.767 10149 0
