-865.492 -5912.53 300.554 40148 -40.2852
-865.954 -5911.98 300.567 40148 -40.2715
-866.414 -5911.44 300.58 40148 -40.1258
-866.875 -5910.89 300.593 40148 -41.0072
-867.352 -5910.34 300.606 40148 -42.0318
-867.861 -5909.78 300.62 40148 -42.8577
-868.388 -5909.21 300.634 40148 -43.9171
-868.924 -5908.66 300.648 40148 -45.3392
-869.478 -5908.11 300.662 40148 -44.7074
-870.037 -5907.54 300.677 40148 -44.5384
-870.615 -5906.96 300.692 40148 -44.5285
-871.201 -5906.36 300.707 40148 -42.7251
-871.763 -5905.75 300.721 40148 -42.3631
-872.321 -5905.14 300.734 40148 -42.3867
-872.879 -5904.53 300.748 40148 -42.362
-873.438 -5903.91 300.762 40148 -42.3822
-874 -5903.3 300.775 40148 -42.3864
-874.558 -5902.69 300.789 40148 -41.9769
-875.101 -5902.08 300.802 40148 -42.7818
-875.638 -5901.5 300.815 40148 -42.211
-876.159 -5900.93 300.828 40148 -42.9363
-876.683 -5900.37 300.841 40148 -42.2987
-877.194 -5899.81 300.853 40148 -40.9498
-877.681 -5899.24 300.865 40148 -39.3143
-878.144 -5898.68 300.877 40148 -35.7553
-878.569 -5898.09 300.889 40148 -34.6085
-878.983 -5897.49 300.901 40148 -35.211
-879.404 -5896.89 300.913 40148 -35.2065
-879.824 -5896.3 300.925 40148 -35.234
-880.244 -5895.7 300.937 40148 -35.1685
-880.663 -5895.11 300.949 40148 -35.1723
-881.08 -5894.51 300.961 40148 -34.9688
-881.498 -5893.92 300.973 40148 -35.9845
-881.933 -5893.32 300.985 40148 -37.5207
-882.396 -5892.72 300.997 40148 -39.0658
-882.89 -5892.11 301.01 40148 -40.6061
-883.415 -5891.49 301.024 40148 -42.3458
-883.969 -5890.89 301.037 40148 -42.5277
-884.526 -5890.28 301.051 40148 -42.3625
-885.085 -5889.67 301.065 40148 -42.7553
-885.659 -5889.05 301.078 40148 -42.4254
-886.241 -5888.41 301.093 40148 -42.435
-886.833 -5887.76 301.107 40148 -41.5032
-887.428 -5887.09 301.122 40148 -41.7155
-888.035 -5886.41 301.137 40148 -39.2897
-888.616 -5885.7 301.151 40148 -39.793
-889.194 -5885 301.164 40148 -40.3416
-889.78 -5884.31 301.178 40148 -39.0895
-890.369 -5883.59 301.192 40148 -39.1787
-890.973 -5882.85 301.207 40148 -39.5183
-891.579 -5882.11 301.221 40148 -39.5386
-892.18 -5881.39 301.235 40148 -39.86
-892.789 -5880.66 301.25 40148 -39.1853
-893.404 -5879.9 301.264 40148 -39.4992
-894.037 -5879.13 301.279 40148 -39.5374
-894.676 -5878.36 301.294 40148 -39.5183
-895.308 -5877.59 301.309 40148 -39.1854
-895.924 -5876.84 301.324 40148 -39.8594
-896.534 -5876.11 301.339 40148 -39.5387
-897.133 -5875.38 301.353 40148 -39.9197
-897.743 -5874.65 301.367 40148 -39.2248
-898.36 -5873.9 301.382 40148 -39.5568
-898.993 -5873.13 301.397 40148 -39.5757
-899.629 -5872.36 301.412 40148 -39.5568
-900.261 -5871.59 301.427 40148 -39.5568
-900.894 -5870.83 301.442 40148 -39.5568
0 0 0 0 -39.5568
0 0 0 0 -39.5568
0 0 0 0 -39.5568
0 0 0 0 -39.5568
0 0 0 0 -39.5568
0 0 0 0 -39.5568
0 0 0 0 -39.5568
0 0 0 0 -39.5568
0 0 0 0 -39.5568
0 0 0 0 -39.5568
0 0 0 0 -39.5568
0 0 0 0 -39.5568
0 0 0 0 -39.5568
0 0 0 0 -39.5568
0 0 0 0 -39.5568
0 0 0 0 -39.5568
0 0 0 0 -39.5568
0 0 0 0 -39.5568
0 0 0 0 -39.5568
0 0 0 0 -39.5568
0 0 0 0 -39.5568
0 0 0 0 -39.5568
0 0 0 0 -39.5568
0 0 0 0 -39.5568
0 0 0 0 -39.5568
0 0 0 0 -39.5568
0 0 0 0 -39.5568
0 0 0 0 -39.5568
0 0 0 0 -39.5568
0 0 0 0 -39.5568
0 0 0 0 -39.5568
0 0 0 0 -39.5568
0 0 0 0 -39.5568
0 0 0 0 -39.5568
0 0 0 0 -39.5568
0 0 0 0 -39.5568
0 0 0 0 -39.5568
0 0 0 0 -39.5568
0 0 0 0 -39.5568
0 0 0 0 -39.5568
0 0 0 0 -39.5568
0 0 0 0 -39.5568
0 0 0 0 -39.5568
0 0 0 0 -39.5568
0 0 0 0 -39.5568
0 0 0 0 -39.5568
0 0 0 0 -39.5568
0 0 0 0 -39.5568
0 0 0 0 -39.5568
0 0 0 0 -39.5568
0 0 0 0 -39.5568
0 0 0 0 -39.5568
0 0 0 0 -39.5568
0 0 0 0 -39.5568
0 0 0 0 -39.5568
0 0 0 0 -39.5568
0 0 0 0 -39.5568
0 0 0 0 -39.5568
0 0 0 0 -39.5568
0 0 0 0 -39.5568
0 0 0 0 -39.5568
0 0 0 0 -39.5568
0 0 0 0 -39.5568
0 0 0 0 -39.5568
0 0 0 0 -39.5568
0 0 0 0 -39.5568
0 0 0 0 -39.5568
0 0 0 0 -39.5568
0 0 0 0 -39.5568
0 0 0 0 -39.5568
0 0 0 0 -39.5568
0 0 0 0 -39.5568
0 0 0 0 -39.5568
0 0 0 0 -39.5568
0 0 0 0 -39.5568
0 0 0 0 -39.5568
0 0 0 0 -39.5568
0 0 0 0 -39.5568
0 0 0 0 -39.5568
0 0 0 0 -39.5568
0 0 0 0 -39.5568
0 0 0 0 -39.5568
0 0 0 0 -39.5568
0 0 0 0 -39.5568
0 0 0 0 -39.5568
0 0 0 0 -39.5568
0 0 0 0 -39.5568
0 0 0 0 -39.5568
0 0 0 0 -39.5568
0 0 0 0 -39.5568
0 0 0 0 -39.5568
0 0 0 0 -39.5568
0 0 0 0 -39.5568
0 0 0 0 -39.5568
0 0 0 0 -39.5568
0 0 0 0 -39.5568
0 0 0 0 -39.5568
0 0 0 0 -39.5568
0 0 0 0 -39.5568
0 0 0 0 -39.5568
0 0 0 0 -39.5568
0 0 0 0 -39.5568
0 0 0 0 -39.5568
0 0 0 0 -39.5568
0 0 0 0 -39.5568
0 0 0 0 -39.5568
0 0 0 0 -39.5568
0 0 0 0 -39.5568
0 0 0 0 -39.5568
0 0 0 0 -39.5568
0 0 0 0 -39.5568
0 0 0 0 -39.5568
0 0 0 0 -39.5568
0 0 0 0 -39.5568
0 0 0 0 -39.5568
0 0 0 0 -39.5568
0 0 0 0 -39.5568
0 0 0 0 -39.5568
0 0 0 0 -39.5568
0 0 0 0 -39.5568
0 0 0 0 -39.5568
0 0 0 0 -39.5568
0 0 0 0 -39.5568
0 0 0 0 -39.5568
0 0 0 0 -39.5568
0 0 0 0 -39.5568
0 0 0 0 -39.5568
0 0 0 0 -39.5568
0 0 0 0 -39.5568
0 0 0 0 -39.5568
0 0 0 0 -39.5568
0 0 0 0 -39.5568
0 0 0 0 -39.5568
0 0 0 0 -39.5568
15.898 32.549 0 0 -39.5568
15.88 36.049 0 0 -39.5568
15.865 39.049 0 0 -39.5568
15.849 42.049 0 0 -39.5568
15.834 45.048 0 0 -39.5568
15.818 48.051 0 0 -39.5568
15.803 51.066 0 0 -39.5568
15.787 54.068 0 0 -39.5568
15.784 57.019 0 0 -39.5568
15.757 59.902 0 0 -39.5568
15.743 62.733 0 0 -39.5568
15.729 65.549 0 0 -39.5568
15.714 68.364 0 0 -39.5568
15.699 71.196 0 0 -39.5568
15.672 74.078 0 0 -39.5568
15.669 77.03 0 0 -39.5568
15.654 80.031 0 0 -39.5568
15.638 83.046 0 0 -39.5568
15.623 86.09 0 0 -39.5568
15.607 89.048 0 0 -39.5568
15.592 91.844 0 0 -39.5568
15.618 94.589 0 0 -39.5568
15.656 97.389 0 0 -39.5568
15.73 100.297 0 0 -39.5568
15.761 103.167 0 0 -39.5568
15.759 105.876 0 0 -39.5568
15.791 108.539 0 0 -39.5568
15.824 111.229 0 0 -39.5568
15.857 113.972 0 0 -39.5568
15.891 116.749 0 0 -39.5568
15.925 119.508 0 0 -39.5568
15.971 122.217 0 0 -39.5568
16.002 124.842 0 0 -39.5568
16.021 127.382 0 0 -39.5568
16.05 129.876 0 0 -39.5568
16.081 132.362 0 0 -39.5568
16.111 134.858 0 0 -39.5568
16.142 137.357 0 0 -39.5568
16.172 139.865 0 0 -39.5568
16.196 142.387 0 0 -39.5568
16.251 144.883 0 0 -39.5568
16.318 147.248 0 0 -39.5568
16.297 149.466 0 0 -39.5568
16.235 151.544 0 0 -39.5568
16.102 153.468 0 0 -39.5568
15.924 155.281 0 0 -39.5568
15.764 157.078 0 0 -39.5568
15.605 158.893 0 0 -39.5568
15.445 160.717 0 0 -39.5568
15.285 162.568 0 0 -39.5568
15.126 164.349 0 0 -39.5568
14.962 165.993 0 0 -39.5568
14.799 167.613 0 0 -39.5568
14.688 169.381 0 0 -39.5568
14.642 171.276 0 0 -39.5568
14.662 173.316 0 0 -39.5568
14.719 175.331 0 0 -39.5568
14.778 177.334 0 0 -39.5568
14.831 179.336 0 0 -39.5568
14.884 181.348 0 0 -39.5568
14.936 183.353 0 0 -39.5568
15.001 185.312 0 0 -39.5568
15.051 187.186 0 0 -39.5568
15.085 188.975 0 0 -39.5568
15.131 190.723 0 0 -39.5568
15.176 192.449 0 0 -39.5568
15.222 194.167 0 0 -39.5568
15.248 195.928 0 0 -39.5568
15.31 197.797 0 0 -39.5568
15.464 199.794 0 0 -39.5568
15.565 201.813 0 0 -39.5568
15.609 203.721 0 0 -39.5568
15.57 205.531 0 0 -39.5568
15.542 207.359 0 0 -39.5568
15.613 209.289 0 0 -39.5568
15.672 211.304 0 0 -39.5568
15.725 213.341 0 0 -39.5568
15.779 215.352 0 0 -39.5568
15.868 217.3 0 0 -39.5568
15.931 219.106 0 0 -39.5568
15.96 220.798 0 0 -39.5568
15.963 222.351 0 0 -39.5568
16.002 223.875 0 0 -39.5568
16.041 225.265 0 0 -39.5568
16.174 226.428 0 0 -39.5568
16.341 227.364 0 0 -39.5568
16.562 228.104 0 0 -39.5568
16.679 228.501 0 0 -39.5568
16.899 229.241 0 0 -39.5568
17.066 230.154 0 0 -39.5568
17.199 231.312 0 0 -39.5568
17.238 232.534 0 0 -39.5568
17.269 233.56 0 0 -39.5568
17.361 234.566 0 0 -39.5568
17.475 235.841 0 0 -39.5568
17.497 237.337 0 0 -39.5568
17.511 239.106 0 0 -39.5568
17.495 241.083 0 0 -39.5568
17.459 243.211 0 0 -39.5568
17.319 245.512 0 0 0
