6.93498e-310 6.93498e-310 0 0 0
0 0 0 0 0
0 0 0 0 0
0 0 0 0 0
0 0 0 0 0
0 0 0 0 0
0 0 0 0 0
0 0 0 0 0
0 0 0 0 0
0 0 0 0 0
0 0 0 0 0
0 0 0 0 0
0 0 0 0 0
0 0 0 0 0
0 0 0 0 0
0 0 0 0 0
0 0 0 0 0
0 0 0 0 0
0 0 0 0 0
0 0 0 0 0
0 0 0 0 0
0 0 0 0 0
0 0 0 0 0
0 0 0 0 0
0 0 0 0 0
0 0 0 0 0
0 0 0 0 0
0 0 0 0 0
0 0 0 0 0
0 0 0 0 0
0 0 0 0 0
0 0 0 0 0
0 0 0 0 0
0 0 0 0 0
0 0 0 0 0
0 0 0 0 0
0 0 0 0 0
0 0 0 0 0
0 0 0 0 0
0 0 0 0 0
0 0 0 0 0
0 0 0 0 0
0 0 0 0 0
0 0 0 0 0
0 0 0 0 0
0 0 0 0 0
0 0 0 0 0
0 0 0 0 0
0 0 0 0 0
0 0 0 0 0
0 0 0 0 0
0 0 0 0 0
0 0 0 0 0
0 0 0 0 0
0 0 0 0 0
0 0 0 0 0
0 0 0 0 0
0 0 0 0 0
0 0 0 0 0
0 0 0 0 0
13.096 0.334391 0 0 0
12.6548 0.32647 0 0 0
12.429 0.321009 0 0 0
12.4343 0.319987 0 0 0
12.5152 0.323049 0 0 0
12.7377 0.32671 0 0 0
12.7472 0.32707 0 0 0
12.5528 0.32377 0 0 0
12.4614 0.320408 0 0 0
12.4443 0.319987 0 0 0
12.4728 0.320648 0 0 0
12.3827 0.311602 0 0 0
12.3056 0.279454 0 0 0
12.3531 0.275412 0 0 0
12.8056 0.276498 0 0 0
13.1492 0.2813 0 0 0
13.1217 0.283375 0 0 0
12.8433 0.282614 0 0 0
12.6274 0.281087 0 0 0
12.5803 0.278576 0 0 0
12.5382 0.278412 0 0 0
12.6553 0.282451 0 0 0
13.1525 0.290091 0 0 0
13.5135 0.297077 0 0 0
13.5723 0.300461 0 0 0
13.6027 0.301061 0 0 0
13.6721 0.297012 0 0 0
13.9829 0.274004 0 0 0
13.8826 0.271956 0 0 0
13.9509 0.271057 0 0 0
14.021 0.271956 0 0 0
14.1296 0.274103 0 0 0
14.1883 0.275202 0 0 0
14.16 0.274652 0 0 0
14.1626 0.274702 0 0 0
14.1528 0.274552 0 0 0
14.1497 0.274453 0 0 0
14.0858 0.273254 0 0 0
14.2629 0.276849 0 0 0
14.1543 0.274702 0 0 0
15.4365 0.299571 0 0 0
15.4365 0.299571 0 0 0
0 0 0 0 0
0 0 0 0 0
0 0 0 0 0
0 0 0 0 0
0 0 0 0 0
0 0 0 0 0
0 0 0 0 0
0 0 0 0 0
0 0 0 0 0
0 0 0 0 0
0 0 0 0 0
0 0 0 0 0
0 0 0 0 0
0 0 0 0 0
0 0 0 0 0
0 0 0 0 0
0 0 0 0 0
0 0 0 0 0
0 0 0 0 0
0 0 0 0 0
0 0 0 0 0
0 0 0 0 0
0 0 0 0 0
0 0 0 0 0
0 0 0 0 0
0 0 0 0 0
0 0 0 0 0
0 0 0 0 0
0 0 0 0 0
0 0 0 0 0
0 0 0 0 0
0 0 0 0 0
0 0 0 0 0
0 0 0 0 0
0 0 0 0 0
0 0 0 0 0
0 0 0 0 0
0 0 0 0 0
0 0 0 0 0
0 0 0 0 0
0 0 0 0 0
0 0 0 0 0
0 0 0 0 0
0 0 0 0 0
0 0 0 0 0
0 0 0 0 0
0 0 0 0 0
0 0 0 0 0
0 0 0 0 0
0 0 0 0 0
0 0 0 0 0
0 0 0 0 0
0 0 0 0 0
0 0 0 0 0
0 0 0 0 0
0 0 0 0 0
0 0 0 0 0
0 0 0 0 0
0 0 0 0 0
0 0 0 0 0
0 0 0 0 0
0 0 0 0 0
0 0 0 0 0
0 0 0 0 0
0 0 0 0 0
0 0 0 0 0
0 0 0 0 0
0 0 0 0 0
0 0 0 0 0
0 0 0 0 0
0 0 0 0 0
0 0 0 0 0
0 0 0 0 0
0 0 0 0 0
0 0 0 0 0
0 0 0 0 0
0 0 0 0 0
0 0 0 0 0
0 0 0 0 0
0 0 0 0 0
0 0 0 0 0
0 0 0 0 0
0 0 0 0 0
0 0 0 0 0
0 0 0 0 0
0 0 0 0 0
0 0 0 0 0
0 0 0 0 0
0 0 0 0 0
0 0 0 0 0
0 0 0 0 0
0 0 0 0 0
0 0 0 0 0
0 0 0 0 0
0 0 0 0 0
0 0 0 0 0
0 0 0 0 0
0 0 0 0 0
0 0 0 0 0
0 0 0 0 0
0 0 0 0 0
0 0 0 0 0
0 0 0 0 0
0 0 0 0 0
0 0 0 0 0
0 0 0 0 0
0 0 0 0 0
0 0 0 0 0
0 0 0 0 0
0 0 0 0 0
0 0 0 0 0
0 0 0 0 0
0 0 0 0 0
0 0 0 0 0
0 0 0 0 0
0 0 0 0 0
0 0 0 0 0
0 0 0 0 0
0 0 0 0 0
0 0 0 0 0
0 0 0 0 0
0 0 0 0 0
0 0 0 0 0
0 0 0 0 0
0 0 0 0 0
0 0 0 0 0
0 0 0 0 0
0 0 0 0 0
0 0 0 0 0
0 0 0 0 0
0 0 0 0 0
0 0 0 0 0
0 0 0 0 0
0 0 0 0 0
0 0 0 0 0
0 0 0 0 0
0 0 0 0 0
0 0 0 0 0
0 0 0 0 0
0 0 0 0 0
0 0 0 0 0
0 0 0 0 0
0 0 0 0 0
0 0 0 0 0
0 0 0 0 0
0 0 0 0 0
0 0 0 0 0
0 0 0 0 0
0 0 0 0 0
0 0 0 0 0
0 0 0 0 0
-358.672 -6259.65 295.902 10148 -58.2151
-359.515 -6259.13 295.889 10148 -58.228
-360.238 -6258.68 295.877 10148 -58.2186
-361.08 -6258.16 295.864 10148 -58.2181
-361.803 -6257.71 295.853 10148 -57.881
-362.536 -6257.25 295.841 10148 -58.3201
-363.24 -6256.82 295.83 10148 -58.493
-363.931 -6256.39 295.819 10148 -58.215
-364.612 -6255.97 295.809 10148 -58.5391
-365.305 -6255.55 295.798 10148 -57.9496
-366.013 -6255.1 295.786 10148 -58.2402
-366.736 -6254.66 295.775 10148 -58.194
-367.462 -6254.21 295.764 10148 -58.2401
-368.186 -6253.76 295.752 10148 -58.2395
-368.911 -6253.31 295.741 10148 -58.2384
-369.638 -6252.86 295.729 10148 -58.2046
-370.34 -6252.42 295.718 10148 -58.3419
-371.011 -6252.01 295.708 10148 -56.9741
-371.664 -6251.59 295.697 10148 -57.0269
-372.339 -6251.15 295.687 10148 -57.0449
-373.048 -6250.69 295.675 10148 -57.0576
-373.769 -6250.22 295.664 10148 -57.0722
-374.482 -6249.76 295.652 10148 -57.0754
-375.196 -6249.3 295.641 10148 -57.0606
-375.909 -6248.84 295.63 10148 -57.0609
-376.622 -6248.37 295.618 10148 -57.1053
-377.335 -6247.91 295.607 10148 -57.0396
-378.05 -6247.45 295.596 10148 -57.0898
-378.769 -6246.98 295.584 10148 -57.0628
-379.484 -6246.52 295.573 10148 -56.708
-380.131 -6246.1 295.563 10148 -55.5709
-380.701 -6245.7 295.554 10148 -56.0123
-381.19 -6245.38 295.546 10148 -56.0123
-381.598 -6245.09 295.539 10148 -56.0123
-381.941 -6244.9 295.534 10148 -56.0123
-382.281 -6244.67 295.529 10148 -56.0123
-382.686 -6244.42 295.522 10148 -56.703
-383.142 -6244.12 295.515 10148 -58.9859
-383.666 -6243.8 295.507 10148 -58.0063
-384.234 -6243.45 295.498 10148 -57.0459
-384.821 -6243.07 295.489 10148 -56.8994
-385.418 -6242.68 295.479 10148 -57.0614
-386.016 -6242.29 295.47 10148 -57.0571
-386.611 -6241.9 295.46 10148 -57.0891
-387.21 -6241.52 295.451 10148 -57.0814
-387.803 -6241.13 295.442 10148 -57.0161
-388.37 -6240.77 295.433 10148 0
