-772.142 -5994.4 298.06 30148 -54.0654
-772.817 -5993.91 298.078 30148 -54.1573
-773.488 -5993.42 298.095 30148 -52.8413
-774.148 -5992.92 298.112 30148 -52.2801
-774.805 -5992.42 298.129 30148 -52.2571
-775.461 -5991.91 298.147 30148 -52.2571
-776.118 -5991.4 298.164 30148 -52.2801
-776.775 -5990.89 298.181 30148 -52.2801
-777.432 -5990.38 298.198 30148 -52.2571
-778.088 -5989.87 298.216 30148 -52.2571
-778.745 -5989.37 298.233 30148 -52.2801
-779.402 -5988.86 298.25 30148 -52.2571
-780.059 -5988.35 298.267 30148 -52.2571
-780.715 -5987.84 298.285 30148 -52.2801
-781.372 -5987.33 298.302 30148 -52.2571
-782.029 -5986.82 298.319 30148 -52.2571
-782.685 -5986.32 298.336 30148 -52.2801
-783.342 -5985.81 298.354 30148 -52.2571
-783.999 -5985.3 298.371 30148 -52.2801
-784.656 -5984.79 298.388 30148 -52.2571
-785.312 -5984.28 298.406 30148 -52.2801
-785.969 -5983.78 298.423 30148 -52.2571
-786.626 -5983.27 298.44 30148 -52.2801
-787.282 -5982.76 298.457 30148 -52.2567
-787.934 -5982.25 298.474 30148 -52.2802
-788.596 -5981.74 298.492 30148 -52.2809
-789.278 -5981.22 298.51 30148 -52.6971
-789.972 -5980.69 298.528 30148 -53.1438
-790.663 -5980.17 298.546 30148 -53.1929
-791.333 -5979.67 298.563 30148 -53.2058
-791.993 -5979.17 298.58 30148 -53.176
-792.659 -5978.68 298.598 30148 -53.1989
-793.325 -5978.18 298.615 30148 -53.1992
-793.99 -5977.68 298.632 30148 -53.1759
-794.655 -5977.18 298.649 30148 -51.8247
-795.309 -5976.67 298.666 30148 -51.0418
-795.954 -5976.15 298.684 30148 -51.0467
-796.596 -5975.63 298.7 30148 -51.0658
-797.24 -5975.11 298.718 30148 -51.9892
-797.909 -5974.58 298.735 30148 -51.5036
-798.614 -5974.02 298.753 30148 -51.0992
-799.347 -5973.43 298.773 30148 -50.5942
-800.107 -5972.81 298.793 30148 -50.2958
-800.906 -5972.14 298.814 30148 -51.0717
-801.727 -5971.48 298.836 30148 -50.7539
-802.534 -5970.82 298.857 30148 -51.3709
-803.327 -5970.19 298.878 30148 -51.0484
-804.102 -5969.56 298.899 30148 -51.0519
-804.874 -5968.94 298.919 30148 -51.0684
-805.649 -5968.31 298.94 30148 -51.0598
-806.431 -5967.68 298.96 30148 -51.035
-807.201 -5967.06 298.98 30148 -51.1024
-807.947 -5966.45 299 30148 -50.6709
-808.68 -5965.85 299.02 30148 -49.8883
-809.414 -5965.24 299.039 30148 -49.897
-810.171 -5964.6 299.06 30148 -49.9008
-810.938 -5963.95 299.08 30148 -49.8797
-811.701 -5963.31 299.101 30148 -49.8989
-812.463 -5962.67 299.121 30148 -49.8988
-813.225 -5962.03 299.142 30148 -49.8988
-813.987 -5961.38 299.162 30148 -49.8988
-814.75 -5960.74 299.183 30148 -49.8988
-815.512 -5960.1 299.203 30148 -47.7224
-816.249 -5959.43 299.223 30148 -47.4498
-816.983 -5958.76 299.243 30148 -47.4499
-817.718 -5958.08 299.263 30148 -47.4308
-818.452 -5957.41 299.284 30148 -47.4691
-819.186 -5956.73 299.304 30148 -47.4308
-819.92 -5956.06 299.324 30148 -47.4499
-820.654 -5955.39 299.344 30148 -47.4499
-821.389 -5954.71 299.364 30148 -47.4499
-822.123 -5954.04 299.384 30148 -47.4307
-822.857 -5953.36 299.404 30148 -47.4499
-823.591 -5952.69 299.424 30148 -47.4499
-824.325 -5952.02 299.444 30148 -47.4493
-825.058 -5951.34 299.465 30148 -47.4314
-825.793 -5950.67 299.485 30148 -47.4722
-826.537 -5949.98 299.505 30148 -47.6051
-827.286 -5949.3 299.526 30148 -47.8316
-828.034 -5948.62 299.546 30148 -47.8328
-828.774 -5947.95 299.566 30148 -47.8141
-829.511 -5947.29 299.586 30148 -47.8331
-830.25 -5946.62 299.606 30148 -47.8331
-830.988 -5945.95 299.626 30148 -47.8331
-831.727 -5945.28 299.647 30148 -47.8331
-832.466 -5944.61 299.667 30148 -47.8331
-833.205 -5943.94 299.687 30148 -47.8331
-833.944 -5943.27 299.707 30148 -48.9816
-834.725 -5942.59 299.727 40148 -46.0721
-835.441 -5941.9 299.747 40148 -46.0913
-836.157 -5941.21 299.767 40148 -46.0528
-836.872 -5940.52 299.787 40148 -46.0721
-837.588 -5939.83 299.806 40148 -46.0721
-838.304 -5939.14 299.826 40148 -46.0528
-839.019 -5938.45 299.846 40148 -46.0913
-839.735 -5937.77 299.866 40148 -46.0528
-840.451 -5937.08 299.886 40148 -46.0721
-841.166 -5936.39 299.906 40148 -46.0534
-841.878 -5935.7 299.926 40148 -46.2463
-842.592 -5935.02 299.945 40148 -46.3175
-843.32 -5934.32 299.965 40148 -45.334
-844.061 -5933.59 299.986 40148 -44.3567
-844.82 -5932.81 300.008 40148 -43.8304
-845.598 -5932 300.031 40148 -43.3244
-846.38 -5931.17 300.053 40148 -42.1212
-847.148 -5930.32 300.076 40148 -41.5877
-847.9 -5929.48 300.099 40148 -42.0101
-848.646 -5928.65 300.121 40148 -42.6721
-849.395 -5927.84 300.143 40148 -43.3168
-850.144 -5927.04 300.165 40148 -44.6596
-850.9 -5926.28 300.186 40148 -46.2098
-851.662 -5925.55 300.208 40148 -43.817
-852.398 -5924.78 300.229 40148 -42.2905
-853.144 -5923.96 300.25 40148 -39.991
-853.883 -5923.08 300.271 40148 -42.3159
-854.666 -5922.22 300.292 40148 -45.1751
-855.49 -5921.4 300.313 40148 -46.0709
-856.317 -5920.6 300.334 40148 -45.8404
-857.134 -5919.81 300.354 40148 -46.434
-857.962 -5919.02 300.375 40148 -46.0184
-858.815 -5918.2 300.397 40148 -45.053
-859.686 -5917.33 300.419 40148 -44.0375
-860.573 -5916.41 300.442 40148 -43.9152
-861.489 -5915.46 300.466 40148 -44.2012
-862.418 -5914.5 300.49 40148 -44.2027
-863.343 -5913.55 300.514 40148 -44.2031
-864.267 -5912.6 300.538 40148 -44.2016
-865.195 -5911.65 300.562 40148 -44.2318
-866.12 -5910.7 300.586 40148 -43.4315
-867.014 -5909.76 300.61 40148 -44.0739
-867.876 -5908.86 300.632 40148 -45.2159
-868.725 -5908.02 300.654 40148 -44.8309
-869.529 -5907.21 300.675 40148 -44.7347
-870.358 -5906.38 300.696 40148 -43.0269
-871.193 -5905.48 300.717 40148 -42.3997
-872.052 -5904.54 300.738 40148 -42.3539
-872.91 -5903.6 300.759 40148 -42.6437
-873.783 -5902.65 300.781 40148 -42.1181
-874.659 -5901.68 300.802 40148 -42.3872
-875.552 -5900.71 300.824 40148 -42.3691
-876.448 -5899.72 300.846 40148 -42.3835
-877.345 -5898.74 300.868 40148 -42.3726
-878.237 -5897.76 300.89 40148 -42.1325
-879.115 -5896.79 300.911 40148 -42.6298
-879.986 -5895.84 300.933 40148 -42.3718
-880.841 -5894.91 300.953 40148 -42.3886
-881.694 -5893.97 300.974 40148 -42.3572
-882.549 -5893.04 300.995 40148 -42.3857
-883.406 -5892.1 301.016 40148 -42.3689
-884.264 -5891.16 301.037 40148 -42.3837
-885.124 -5890.21 301.058 40148 -42.0759
-885.963 -5889.28 301.079 40148 -42.4224
-886.777 -5888.39 301.099 40148 -42.2026
-887.559 -5887.53 301.118 40148 -41.9767
-888.329 -5886.68 301.137 40148 -39.8666
-889.08 -5885.78 301.155 40148 -39.2484
-889.841 -5884.84 301.173 40148 -39.5183
-890.613 -5883.91 301.191 40148 -39.2486
-891.375 -5882.98 301.209 40148 -39.7944
-892.127 -5882.07 301.227 40148 -39.5349
-892.861 -5881.18 301.244 40148 -39.5183
-893.596 -5880.29 301.262 40148 -40.1832
-894.356 -5879.39 301.279 40148 -39.5026
-895.128 -5878.46 301.298 40148 -38.9076
-895.914 -5877.48 301.317 40148 -39.5333
-896.724 -5876.5 301.336 40148 -39.5183
-897.538 -5875.51 301.355 40148 -39.5787
-898.345 -5874.54 301.374 40148 -39.5641
-899.142 -5873.57 301.393 40148 -39.5647
-899.929 -5872.62 301.412 40148 -39.5616
-900.773 -5871.6 301.432 40148 -39.5472
-901.616 -5870.58 301.452 40148 -39.5472
-817.681 -5958.8 0 0 -39.5472
-818.048 -5958.46 0 0 -39.5472
-818.416 -5958.12 0 0 -39.5472
-818.783 -5957.78 0 0 -39.5472
-819.15 -5957.45 0 0 -39.5472
-819.518 -5957.11 0 0 -39.5472
-819.884 -5956.77 0 0 -39.5472
-820.247 -5956.44 0 0 -39.5472
-820.613 -5956.1 0 0 -39.5472
-821.003 -5955.77 0 0 -39.5472
-821.422 -5955.39 0 0 -39.5472
-821.86 -5954.98 0 0 -39.5472
-822.326 -5954.53 0 0 -39.5472
-822.818 -5954.08 0 0 -39.5472
-823.312 -5953.63 0 0 -39.5472
-823.802 -5953.18 0 0 -39.5472
-824.287 -5952.73 0 0 -39.5472
-824.777 -5952.28 0 0 -39.5472
-825.283 -5951.82 0 0 -39.5472
-825.794 -5951.35 0 0 -39.5472
-826.323 -5950.86 0 0 -39.5472
-826.864 -5950.37 0 0 -39.5472
-827.431 -5949.86 0 0 -39.5472
-828.014 -5949.34 0 0 -39.5472
-828.608 -5948.78 0 0 -39.5472
-829.223 -5948.22 0 0 -39.5472
-829.843 -5947.66 0 0 -39.5472
-830.46 -5947.1 0 0 -39.5472
-831.075 -5946.55 0 0 -39.5472
-831.691 -5945.99 0 0 -39.5472
-832.307 -5945.43 0 0 -39.5472
-832.923 -5944.87 0 0 -39.5472
-833.538 -5944.31 0 0 -39.5472
-834.155 -5943.76 0 0 -39.5472
-834.77 -5943.2 0 0 -39.5472
-835.415 -5942.62 0 0 -39.5472
-836.012 -5942.05 0 0 -39.5472
-836.609 -5941.47 0 0 -39.5472
-837.205 -5940.9 0 0 -39.5472
-837.802 -5940.32 0 0 -39.5472
-838.399 -5939.75 0 0 -39.5472
-838.996 -5939.17 0 0 -39.5472
-839.592 -5938.6 0 0 -39.5472
-840.189 -5938.02 0 0 -39.5472
-840.786 -5937.45 0 0 -39.5472
-841.383 -5936.87 0 0 -39.5472
-841.98 -5936.3 0 0 -39.5472
-842.575 -5935.73 0 0 -39.5472
-843.171 -5935.15 0 0 -39.5472
-843.771 -5934.58 0 0 -39.5472
-844.371 -5933.98 0 0 -39.5472
-844.974 -5933.35 0 0 -39.5472
-845.578 -5932.71 0 0 -39.5472
-846.189 -5932.06 0 0 -39.5472
-846.793 -5931.4 0 0 -39.5472
-847.379 -5930.73 0 0 -39.5472
-847.962 -5930.05 0 0 -39.5472
-848.548 -5929.38 0 0 -39.5472
-849.134 -5928.74 0 0 -39.5472
-849.71 -5928.12 0 0 -39.5472
-850.281 -5927.53 0 0 -39.5472
-850.833 -5926.98 0 0 -39.5472
-851.373 -5926.49 0 0 -39.5472
-851.903 -5926.02 0 0 -39.5472
-852.437 -5925.55 0 0 -39.5472
-852.981 -5925.04 0 0 -39.5472
-853.539 -5924.51 0 0 -39.5472
-854.095 -5923.97 0 0 -39.5472
-854.664 -5923.42 0 0 -39.5472
-855.241 -5922.84 0 0 -39.5472
-855.833 -5922.27 0 0 -39.5472
-856.428 -5921.68 0 0 -39.5472
-857.021 -5921.1 0 0 -39.5472
-857.613 -5920.53 0 0 -39.5472
-858.205 -5919.95 0 0 -39.5472
-858.797 -5919.37 0 0 -39.5472
-859.389 -5918.79 0 0 -39.5472
-859.982 -5918.21 0 0 -39.5472
-860.574 -5917.63 0 0 -39.5472
-861.167 -5917.05 0 0 -39.5472
-861.759 -5916.47 0 0 -39.5472
-862.352 -5915.89 0 0 -39.5472
-862.944 -5915.31 0 0 -39.5472
-863.537 -5914.73 0 0 -39.5472
-864.133 -5914.15 0 0 -39.5472
-864.723 -5913.57 0 0 -39.5472
-865.308 -5913.01 0 0 -39.5472
-865.888 -5912.46 0 0 -39.5472
-866.438 -5911.87 0 0 -39.5472
-866.986 -5911.24 0 0 -39.5472
-867.539 -5910.56 0 0 -39.5472
-868.095 -5909.84 0 0 -39.5472
-868.653 -5909.13 0 0 -39.5472
-869.186 -5908.45 0 0 -39.5472
-869.701 -5907.76 0 0 -39.5472
-870.222 -5907.07 0 0 -39.5472
-870.759 -5906.35 0 0 -39.5472
-871.287 -5905.62 0 0 -39.5472
-871.808 -5904.92 0 0 -39.5472
-872.335 -5904.26 0 0 -39.5472
-872.881 -5903.65 0 0 -39.5472
-873.44 -5903.04 0 0 -39.5472
-874.012 -5902.42 0 0 -39.5472
-874.592 -5901.78 0 0 -39.5472
-875.188 -5901.13 0 0 -39.5472
-875.785 -5900.47 0 0 -39.5472
-876.382 -5899.82 0 0 -39.5472
-876.976 -5899.17 0 0 -39.5472
-877.568 -5898.52 0 0 -39.5472
-878.163 -5897.87 0 0 -39.5472
-878.773 -5897.21 0 0 -39.5472
-879.394 -5896.53 0 0 -39.5472
-880.036 -5895.82 0 0 -39.5472
-880.692 -5895.09 0 0 -39.5472
-881.363 -5894.36 0 0 -39.5472
-882.035 -5893.62 0 0 -39.5472
-882.706 -5892.89 0 0 -39.5472
-883.375 -5892.15 0 0 -39.5472
-884.045 -5891.42 0 0 -39.5472
-884.715 -5890.68 0 0 -39.5472
-885.388 -5889.95 0 0 -39.5472
-886.055 -5889.22 0 0 -39.5472
-886.71 -5888.5 0 0 -39.5472
-887.36 -5887.79 0 0 -39.5472
-888.005 -5887.06 0 0 -39.5472
-888.647 -5886.32 0 0 -39.5472
-889.281 -5885.55 0 0 -39.5472
-889.938 -5884.77 0 0 0
