-663.965 -6066.39 295.346 30148 -57.9125
-664.246 -6066.22 295.353 30148 -57.9125
-664.529 -6066.04 295.36 30148 -57.9125
-664.809 -6065.87 295.367 30148 -57.9125
-665.086 -6065.69 295.374 30148 -57.9125
-665.366 -6065.52 295.381 30148 -57.9125
-665.671 -6065.34 295.388 30148 -57.9125
-666.011 -6065.14 295.396 30148 -57.9125
-666.375 -6064.9 295.405 30148 -57.9125
-666.775 -6064.64 295.415 30148 -58.015
-667.2 -6064.37 295.425 30148 -58.0145
-667.627 -6064.11 295.436 30148 -58.0145
-668.051 -6063.84 295.446 30148 -58.0145
-668.473 -6063.58 295.456 30148 -58.0145
-668.896 -6063.31 295.467 30148 -58.0145
-669.318 -6063.05 295.477 30148 -58.0145
-669.742 -6062.79 295.487 30148 -58.0145
-670.163 -6062.52 295.498 30148 -58.0145
-670.581 -6062.26 295.508 30148 -58.0145
-671.002 -6062 295.518 30148 -59.5626
-671.448 -6061.74 295.529 30148 -58.754
-671.929 -6061.44 295.54 30148 -57.3023
-672.434 -6061.12 295.553 30148 -56.8149
-672.974 -6060.77 295.566 30148 -57.9959
-673.54 -6060.41 295.58 30148 -58.0244
-674.107 -6060.06 295.594 30148 -57.9965
-674.668 -6059.71 295.607 30148 -57.9675
-675.229 -6059.36 295.621 30148 -59.0042
-675.813 -6059.01 295.635 30148 -58.9542
-676.425 -6058.64 295.65 30148 -58.2416
-677.069 -6058.24 295.666 30148 -58.2287
-677.74 -6057.82 295.682 30148 -59.1191
-678.435 -6057.41 295.699 30148 -59.0912
-679.132 -6056.99 295.716 30148 -59.1431
-679.826 -6056.58 295.732 30148 -59.0987
-680.518 -6056.16 295.749 30148 -59.0746
-681.21 -6055.75 295.766 30148 -59.0519
-681.902 -6055.33 295.782 30148 -59.1223
-682.595 -6054.92 295.799 30148 -59.0509
-683.287 -6054.5 295.816 30148 -58.7409
-683.979 -6054.08 295.833 30148 -58.2644
-684.677 -6053.65 295.85 30148 -58.8483
-685.404 -6053.21 295.867 30148 -57.93
-686.162 -6052.74 295.886 30148 -57.0474
-686.945 -6052.23 295.905 30148 -56.7164
-687.763 -6051.69 295.926 30148 -57.4978
-688.605 -6051.16 295.946 30148 -57.5168
-689.451 -6050.62 295.967 30148 -57.4787
-690.292 -6050.08 295.988 30148 -57.5361
-691.133 -6049.55 296.009 30148 -57.4978
-691.973 -6049.01 296.03 30148 -57.4978
-692.814 -6048.48 296.05 30148 -57.4978
-693.656 -6047.94 296.071 30148 -57.517
-694.495 -6047.4 296.092 30148 -57.4978
-695.33 -6046.87 296.113 30148 -57.4978
-696.164 -6046.34 296.133 30148 -57.305
-696.997 -6045.81 296.154 30148 -57.3056
-697.833 -6045.27 296.175 30148 -57.3245
-698.669 -6044.73 296.195 30148 -57.2865
-699.505 -6044.2 296.216 30148 -58.0811
-700.367 -6043.66 296.237 30148 -57.7135
-701.265 -6043.09 296.259 30148 -56.9264
-702.189 -6042.49 296.282 30148 -56.5153
-703.146 -6041.86 296.306 30148 -56.9995
-704.11 -6041.23 296.33 30148 -57.4464
-705.049 -6040.63 296.354 30148 -58.2656
-705.959 -6040.07 296.376 30148 -58.6108
-706.838 -6039.53 296.397 30148 -57.4789
-707.69 -6038.99 296.418 30148 -56.627
-708.531 -6038.44 296.439 30148 -56.5231
-709.373 -6037.88 296.461 30148 -56.5046
-710.217 -6037.32 296.482 30148 -56.5234
-711.061 -6036.76 296.503 30148 -56.5232
-711.904 -6036.2 296.524 30148 -56.5224
-712.744 -6035.65 296.545 30148 -56.6553
-713.586 -6035.1 296.566 30148 -56.7681
-714.443 -6034.53 296.588 30148 -56.4061
-715.327 -6033.95 296.61 30148 -55.673
-716.237 -6033.33 296.633 30148 -55.3729
-717.176 -6032.68 296.657 30148 -56.3011
-718.142 -6032.03 296.681 30148 -56.6303
-719.117 -6031.39 296.706 30148 -56.5153
-720.088 -6030.75 296.73 30148 -56.5314
-721.057 -6030.11 296.754 30148 -56.515
-722.027 -6029.47 296.779 30148 -56.5314
-722.996 -6028.83 296.803 30148 -56.515
-723.966 -6028.18 296.827 30148 -56.515
-724.935 -6027.54 296.852 30148 -56.5147
-725.903 -6026.9 296.876 30148 -56.5317
-726.874 -6026.26 296.901 30148 -56.533
-727.853 -6025.61 296.925 30148 -56.7446
-728.836 -6024.97 296.95 30148 -56.8261
-729.818 -6024.33 296.974 30148 -56.1146
-730.784 -6023.68 296.999 30148 -55.6976
-731.744 -6023.02 297.023 30148 -55.6806
-732.709 -6022.36 297.048 30148 -55.5989
-733.671 -6021.71 297.072 30148 -55.4494
-734.617 -6021.05 297.096 30148 -55.8913
-735.538 -6020.43 297.119 30148 -56.6878
-736.434 -6019.84 297.142 30148 -56.8868
-737.305 -6019.27 297.164 30148 -55.8064
-738.151 -6018.7 297.185 30148 -55.5825
-738.995 -6018.12 297.207 30148 -55.6942
-739.843 -6017.54 297.228 30148 -55.6941
-740.691 -6016.96 297.25 30148 -55.6941
-741.54 -6016.38 297.271 30148 -55.7128
-742.388 -6015.81 297.293 30148 -55.6758
-743.233 -6015.23 297.314 30148 -55.8245
-744.082 -6014.65 297.336 30148 -55.5825
-744.935 -6014.07 297.357 30148 -55.0932
-745.8 -6013.46 297.379 30148 -54.9067
-746.678 -6012.85 297.402 30148 -55.1227
-747.564 -6012.23 297.425 30148 -55.4214
-748.442 -6011.62 297.447 30148 -55.6745
-749.3 -6011.04 297.469 30148 -56.017
-750.138 -6010.47 297.49 30148 -55.6784
-750.96 -6009.91 297.511 30148 -55.698
-751.78 -6009.35 297.532 30148 -54.9982
-752.596 -6008.78 297.553 30148 -54.2261
-753.405 -6008.2 297.573 30148 -54.2262
-754.213 -6007.62 297.594 30148 -54.2262
-755.022 -6007.03 297.615 30148 -54.207
-755.831 -6006.45 297.636 30148 -54.2453
-756.639 -6005.87 297.657 30148 -54.207
-757.448 -6005.29 297.678 30148 -54.2262
-758.257 -6004.7 297.698 30148 -54.2262
-759.065 -6004.12 297.719 30148 -54.2258
-759.877 -6003.54 297.74 30148 -54.2457
-760.683 -6002.96 297.761 30148 -54.2279
-761.48 -6002.38 297.782 30148 -54.1503
-762.272 -6001.81 297.802 30148 -53.82
-763.066 -6001.23 297.823 30148 -53.5204
-763.872 -6000.63 297.844 30148 -53.1907
-764.686 -6000.02 297.865 30148 -52.9324
-765.5 -5999.41 297.886 30148 -52.8237
-766.316 -5998.79 297.908 30148 -52.7106
-767.13 -5998.17 297.929 30148 -52.6723
-767.942 -5997.55 297.95 30148 -52.7479
-768.756 -5996.93 297.972 30148 -52.7857
-769.571 -5996.31 297.993 30148 -52.9509
-770.386 -5995.7 298.014 30148 -53.2447
-771.198 -5995.09 298.036 30148 -53.731
-772.008 -5994.5 298.057 30148 -54.0538
-772.815 -5993.91 298.078 30148 -54.1144
-773.622 -5993.33 298.098 30148 -52.5049
-774.412 -5992.72 298.119 30148 -52.2456
-775.2 -5992.11 298.14 30148 -52.2839
-775.988 -5991.5 298.16 30148 -52.2647
-776.776 -5990.89 298.181 30148 -52.2647
-777.564 -5990.28 298.202 30148 -52.2647
-778.352 -5989.67 298.223 30148 -52.2647
-779.14 -5989.06 298.243 30148 -52.2839
-779.928 -5988.45 298.264 30148 -52.2456
-780.716 -5987.84 298.285 30148 -52.2839
-781.505 -5987.23 298.305 30148 -52.2647
-782.293 -5986.62 298.326 30148 -52.2647
-783.081 -5986.01 298.347 30148 -52.2647
-783.869 -5985.4 298.368 30148 -52.2647
-784.657 -5984.79 298.388 30148 -52.2647
-785.445 -5984.18 298.409 30148 -52.2839
-786.233 -5983.57 298.43 30148 -52.2647
-787.021 -5982.96 298.45 30148 -52.2645
-787.804 -5982.36 298.471 30148 -52.265
-788.597 -5981.74 298.492 30148 -52.2659
-789.41 -5981.12 298.513 30148 -52.9279
-790.239 -5980.49 298.535 30148 -53.1752
-791.063 -5979.87 298.556 30148 -53.1974
-791.867 -5979.27 298.577 30148 -53.17
-792.66 -5978.68 298.598 30148 -53.2027
-793.459 -5978.08 298.618 30148 -53.1836
-794.258 -5977.48 298.639 30148 -52.7508
-795.051 -5976.88 298.66 30148 -51.0672
-795.827 -5976.25 298.68 30148 -51.0483
-796.602 -5975.62 298.701 30148 -51.048
-797.378 -5975 298.721 30148 -51.0677
-798.153 -5974.37 298.742 30148 -51.0659
-798.929 -5973.74 298.762 30148 -51.0442
-799.708 -5973.11 298.783 30148 -51.0665
-800.485 -5972.49 298.803 30148 -50.7327
-801.243 -5971.87 298.823 30148 -51.3681
-801.988 -5971.27 298.843 30148 -51.0599
-802.72 -5970.68 298.862 30148 -51.388
-803.465 -5970.08 298.882 30148 -50.7327
-804.223 -5969.46 298.902 30148 -51.0666
-804.999 -5968.84 298.922 30148 -51.0621
-805.779 -5968.21 298.943 30148 -51.0603
-806.561 -5967.58 298.964 30148 -51.0402
-807.326 -5966.96 298.984 30148 -51.1046
-808.071 -5966.36 299.003 30148 -51.263
-808.832 -5965.75 299.023 30148 -50.296
-809.63 -5965.08 299.045 30148 -49.4944
-810.45 -5964.38 299.067 30148 -49.2131
-811.314 -5963.64 299.09 30148 -49.8884
-812.205 -5962.89 299.114 30148 -49.9056
-813.099 -5962.13 299.138 30148 -49.8882
-813.989 -5961.38 299.162 30148 -49.8878
-814.878 -5960.64 299.186 30148 -49.4547
-815.761 -5959.88 299.21 30148 -47.4554
-816.618 -5959.09 299.233 30148 -47.439
-817.474 -5958.31 299.257 30148 -47.4389
-818.33 -5957.52 299.28 30148 -47.4554
-819.187 -5956.73 299.304 30148 -47.4554
-820.044 -5955.95 299.327 30148 -47.4225
-820.9 -5955.16 299.351 30148 -47.439
-821.757 -5954.38 299.374 30148 -47.4553
-822.613 -5953.59 299.398 30148 -47.4554
-823.47 -5952.8 299.421 30148 -47.439
-824.326 -5952.02 299.444 30148 -47.4549
-825.181 -5951.23 299.468 30148 -47.4559
-826.04 -5950.44 299.491 30148 -47.4257
-826.905 -5949.65 299.515 30148 -47.8152
-827.779 -5948.86 299.539 30148 -47.8318
-828.651 -5948.07 299.563 30148 -47.8328
-829.514 -5947.29 299.586 30148 -47.8168
-830.374 -5946.51 299.61 30148 -47.8332
-831.235 -5945.73 299.633 30148 -47.8501
-832.093 -5944.95 299.656 30148 -47.8168
-832.953 -5944.17 299.68 30148 -48.4938
-833.838 -5943.39 299.704 30148 -49.0135
-834.793 -5942.56 299.728 40148 -45.7297
-835.697 -5941.68 299.754 40148 -45.4747
-836.629 -5940.76 299.78 40148 -46.0719
-837.584 -5939.84 299.806 40148 -46.0716
-838.543 -5938.92 299.833 40148 -46.0575
-839.498 -5938 299.859 40148 -46.0721
-840.452 -5937.08 299.886 40148 -46.0725
-841.402 -5936.16 299.912 40148 -46.1882
-842.355 -5935.25 299.939 40148 -46.1572
-843.317 -5934.32 299.965 40148 -45.5397
-844.297 -5933.36 299.993 40148 -44.4368
-845.291 -5932.35 300.021 40148 -43.9088
-846.281 -5931.32 300.05 40148 -44.4668
-847.224 -5930.36 300.077 40148 -45.1665
-848.132 -5929.46 300.102 40148 -45.5616
-848.995 -5928.61 300.127 40148 -46.1233
-849.821 -5927.82 300.149 40148 -45.3505
-850.583 -5927.06 300.171 40148 -45.1258
-851.349 -5926.3 300.192 40148 -45.1558
-852.126 -5925.53 300.214 40148 -45.1176
-852.9 -5924.76 300.236 40148 -43.3477
-853.646 -5923.97 300.256 40148 -43.4759
-854.398 -5923.17 300.276 40148 -42.512
-855.164 -5922.34 300.297 40148 -41.8099
-855.953 -5921.46 300.318 40148 -41.2387
-856.765 -5920.53 300.34 40148 -40.2486
-857.593 -5919.55 300.364 40148 -39.8607
-858.445 -5918.53 300.388 40148 -39.3971
-859.296 -5917.49 300.412 40148 -39.9353
-860.153 -5916.47 300.436 40148 -41.2976
-861.03 -5915.47 300.46 40148 -42.7909
-861.93 -5914.5 300.484 40148 -43.8718
-862.847 -5913.55 300.508 40148 -45.1138
-863.783 -5912.61 300.532 40148 -46.0802
-864.737 -5911.7 300.556 40148 -45.646
-865.683 -5910.77 300.58 40148 -45.6355
-866.635 -5909.84 300.604 40148 -45.656
-867.577 -5908.92 300.628 40148 -45.7011
-868.497 -5908.02 300.651 40148 -44.9386
-869.395 -5907.12 300.674 40148 -44.5416
-870.296 -5906.21 300.698 40148 -43.421
-871.201 -5905.25 300.72 40148 -42.3829
-872.099 -5904.27 300.742 40148 -42.3721
-872.992 -5903.29 300.764 40148 -42.3877
-873.883 -5902.31 300.786 40148 -42.3753
-874.772 -5901.34 300.808 40148 -42.3727
-875.664 -5900.36 300.83 40148 -42.9592
-876.58 -5899.37 300.852 40148 -42.3451
-877.509 -5898.35 300.874 40148 -41.8432
-878.452 -5897.3 300.898 40148 -42.3883
-879.417 -5896.24 300.921 40148 -42.3709
-880.387 -5895.18 300.945 40148 -42.6144
-881.371 -5894.11 300.969 40148 -42.1482
-882.36 -5893.02 300.993 40148 -42.3867
-883.364 -5891.92 301.018 40148 -42.3696
-884.375 -5890.81 301.043 40148 -42.375
-885.377 -5889.71 301.067 40148 -42.3846
-886.366 -5888.63 301.091 40148 -42.2961
-887.349 -5887.55 301.115 40148 -41.5055
-888.321 -5886.45 301.139 40148 -39.5183
-889.267 -5885.3 301.162 40148 -39.5183
-890.218 -5884.15 301.184 40148 -39.5312
-891.166 -5883 301.207 40148 -39.5312
-892.115 -5881.85 301.229 40148 -39.5183
-893.063 -5880.7 301.252 40148 -39.5183
-894.011 -5879.55 301.274 40148 -39.5055
-894.959 -5878.4 301.297 40148 -39.5311
-895.908 -5877.25 301.319 40148 -39.5183
-896.857 -5876.1 301.342 40148 -39.5567
-897.808 -5874.95 301.364 40148 -39.5567
-898.757 -5873.8 301.387 40148 -39.5696
-899.707 -5872.65 301.409 40148 -39.5696
-900.656 -5871.5 301.432 40148 -39.5568
-901.605 -5870.36 301.454 40148 -39.5568
-800.414 -5972.44 0 0 -39.5568
-800.931 -5972.02 0 0 -39.5568
-801.448 -5971.6 0 0 -39.5568
-801.965 -5971.18 0 0 -39.5568
-802.482 -5970.77 0 0 -39.5568
-802.999 -5970.35 0 0 -39.5568
-803.516 -5969.93 0 0 0
