-610.914 -6100.33 294.116 20148 -57.9068
-611.055 -6100.24 294.118 20148 -57.9068
-611.192 -6100.14 294.12 20148 -57.9068
-611.361 -6100.07 294.123 20148 -57.9068
-611.595 -6099.98 294.126 20148 -57.9068
-611.862 -6099.83 294.131 20148 -57.9068
-612.181 -6099.65 294.136 20148 -57.9068
-612.54 -6099.42 294.142 20148 -57.9068
-612.941 -6099.13 294.148 20148 -55.9313
-613.364 -6098.85 294.155 20148 -55.9443
-613.781 -6098.57 294.162 20148 -55.9325
-614.196 -6098.28 294.169 20148 -55.9077
-614.614 -6098 294.176 20148 -55.9077
-615.028 -6097.72 294.183 20148 -55.9077
-615.41 -6097.43 294.19 20148 -55.9077
-615.753 -6097.16 294.196 20148 -55.9077
-616.067 -6096.93 294.201 20148 -55.9077
-616.368 -6096.72 294.206 20148 -55.9077
-616.694 -6096.52 294.211 20148 -55.9077
-617.057 -6096.28 294.217 20148 -55.9077
-617.432 -6096.03 294.224 30148 -57.7095
-617.855 -6095.76 294.234 30148 -57.71
-618.282 -6095.49 294.244 30148 -57.7094
-618.704 -6095.22 294.254 30148 -57.7094
-619.125 -6094.96 294.264 30148 -57.7094
-619.546 -6094.69 294.274 30148 -57.7094
-619.968 -6094.42 294.284 30148 -57.71
-620.394 -6094.16 294.295 30148 -57.6713
-620.817 -6093.89 294.305 30148 -57.6713
-621.216 -6093.62 294.314 30148 -57.6713
-621.579 -6093.38 294.323 30148 -57.6713
-621.918 -6093.18 294.331 30148 -57.6713
-622.222 -6093 294.338 30148 -57.6713
-622.501 -6092.82 294.345 30148 -57.6713
-622.777 -6092.65 294.352 30148 -57.6713
-623.056 -6092.47 294.358 30148 -57.6713
-623.338 -6092.29 294.365 30148 -57.6713
-623.619 -6092.12 294.372 30148 -57.6713
-623.899 -6091.94 294.378 30148 -57.6713
-624.181 -6091.76 294.385 30148 -57.6713
-624.466 -6091.58 294.392 30148 -57.6713
-624.747 -6091.4 294.399 30148 -57.6713
-625.01 -6091.23 294.405 30148 -57.6713
-625.257 -6091.08 294.411 30148 -57.6713
-625.489 -6090.93 294.416 30148 -57.6713
-625.743 -6090.79 294.422 30148 -57.6713
-626.02 -6090.61 294.429 30148 -57.6713
-626.327 -6090.41 294.436 30148 -57.6713
-626.667 -6090.2 294.444 30148 -57.6713
-627.031 -6089.97 294.453 30148 -57.6713
-627.419 -6089.72 294.462 30148 -57.6713
-627.826 -6089.46 294.472 30148 -57.6713
-628.248 -6089.19 294.482 30148 -57.7098
-628.673 -6088.92 294.492 30148 -57.7098
-629.096 -6088.65 294.503 30148 -57.7098
-629.517 -6088.39 294.513 30148 -57.7098
-629.938 -6088.12 294.523 30148 -57.7098
-630.359 -6087.86 294.533 30148 -57.7098
-630.78 -6087.59 294.543 30148 -57.7098
-631.202 -6087.32 294.553 30148 -57.7098
-631.623 -6087.06 294.563 30148 -57.7098
-632.044 -6086.79 294.573 30148 -57.7098
-632.466 -6086.52 294.583 30148 -57.7098
-632.886 -6086.26 294.593 30148 -57.7098
-633.303 -6085.99 294.603 30148 -57.7098
-633.724 -6085.73 294.613 30148 -58.3052
-634.162 -6085.46 294.624 30148 -57.1098
-634.613 -6085.17 294.634 30148 -57.7169
-635.082 -6084.87 294.646 30148 -57.7173
-635.554 -6084.57 294.657 30148 -57.6826
-636.024 -6084.27 294.668 30148 -57.682
-636.49 -6083.98 294.679 30148 -57.7162
-636.954 -6083.69 294.69 30148 -57.6822
-637.422 -6083.39 294.702 30148 -58.3197
-637.909 -6083.09 294.713 30148 -57.1135
-638.41 -6082.77 294.725 30148 -57.6917
-638.925 -6082.44 294.737 30148 -57.2747
-639.428 -6082.12 294.75 30148 -58.1533
-639.913 -6081.81 294.761 30148 -57.862
-640.381 -6081.52 294.772 30148 -57.9644
-640.842 -6081.23 294.783 30148 -57.9305
-641.308 -6080.94 294.795 30148 -59.1994
-641.801 -6080.65 294.806 30148 -58.0347
-642.318 -6080.32 294.819 30148 -56.7613
-642.858 -6079.97 294.832 30148 -57.9486
-643.422 -6079.62 294.846 30148 -57.9206
-643.989 -6079.26 294.86 30148 -57.9487
-644.554 -6078.91 294.873 30148 -57.9484
-645.117 -6078.56 294.887 30148 -57.9485
-645.68 -6078.2 294.9 30148 -57.9485
-646.243 -6077.85 294.914 30148 -57.9485
-646.807 -6077.5 294.928 30148 -57.9482
-647.369 -6077.15 294.941 30148 -57.9478
-647.927 -6076.8 294.955 30148 -57.9481
-648.489 -6076.44 294.968 30148 -59.0967
-649.075 -6076.09 294.982 30148 -58.533
-649.696 -6075.71 294.997 30148 -57.3872
-650.342 -6075.3 295.013 30148 -56.9762
-651.023 -6074.86 295.029 30148 -57.9659
-651.729 -6074.42 295.046 30148 -57.9204
-652.437 -6073.97 295.064 30148 -57.9658
-653.142 -6073.53 295.081 30148 -57.9427
-653.846 -6073.09 295.098 30148 -57.9433
-654.555 -6072.65 295.115 30148 -57.9435
-655.265 -6072.2 295.132 30148 -58.1261
-655.975 -6071.76 295.149 30148 -58.1036
-656.681 -6071.32 295.166 30148 -58.1037
-657.385 -6070.88 295.183 30148 -58.1266
-658.091 -6070.44 295.2 30148 -58.1036
-658.796 -6070 295.217 30148 -58.1036
-659.501 -6069.57 295.234 30148 -58.1266
-660.207 -6069.13 295.251 30148 -58.1266
-660.912 -6068.69 295.268 30148 -58.1036
-661.618 -6068.25 295.285 30148 -58.1266
-662.323 -6067.81 295.302 30148 -58.069
-663.028 -6067.37 295.319 30148 -58.0077
-663.733 -6066.93 295.336 30148 -58.0077
-664.437 -6066.49 295.354 30148 -58.0307
-665.141 -6066.05 295.371 30148 -58.0075
-665.847 -6065.61 295.388 30148 -58.0301
-666.556 -6065.17 295.405 30148 -58.0076
-667.261 -6064.73 295.422 30148 -57.6331
-667.947 -6064.29 295.439 30148 -58.4235
-668.618 -6063.88 295.456 30148 -58.0127
-669.275 -6063.47 295.472 30148 -58.3995
-669.946 -6063.06 295.488 30148 -57.6332
-670.632 -6062.62 295.505 30148 -58.0306
-671.338 -6062.18 295.522 30148 -58.0073
-672.046 -6061.74 295.539 30148 -58.0304
-672.753 -6061.3 295.556 30148 -58.0078
-673.455 -6060.86 295.574 30148 -58.008
-674.156 -6060.42 295.591 30148 -57.8467
-674.86 -6059.98 295.608 30148 -59.6417
-675.595 -6059.55 295.625 30148 -59.8736
-676.372 -6059.1 295.644 30148 -59.1426
-677.176 -6058.62 295.663 30148 -58.7737
-678.017 -6058.11 295.684 30148 -58.2609
-678.874 -6057.58 295.705 30148 -57.7496
-679.728 -6057.04 295.726 30148 -58.0336
-680.581 -6056.51 295.746 30148 -58.3001
-681.435 -6055.98 295.767 30148 -57.7295
-682.284 -6055.44 295.788 30148 -56.527
-683.119 -6054.89 295.809 30148 -56.0783
-683.946 -6054.33 295.829 30148 -56.7126
-684.779 -6053.79 295.85 30148 -58.3249
-685.644 -6053.25 295.871 30148 -58.0027
-686.542 -6052.69 295.893 30148 -57.1148
-687.464 -6052.1 295.916 30148 -56.8133
-688.421 -6051.47 295.94 30148 -57.5142
-689.404 -6050.85 295.964 30148 -57.5141
-690.39 -6050.22 295.988 30148 -57.4814
-691.372 -6049.59 296.013 30148 -57.5142
-692.352 -6048.97 296.037 30148 -57.5142
-693.334 -6048.34 296.061 30148 -57.5142
-694.314 -6047.72 296.085 30148 -57.4813
-695.289 -6047.1 296.109 30148 -57.4978
-696.263 -6046.48 296.134 30148 -57.3161
-697.236 -6045.85 296.158 30148 -57.3169
-698.214 -6045.22 296.182 30148 -57.2845
-699.193 -6044.6 296.206 30148 -57.3171
-700.172 -6043.97 296.23 30148 -57.3171
-701.15 -6043.34 296.255 30148 -57.3008
-702.129 -6042.71 296.279 30148 -57.3004
-703.106 -6042.08 296.303 30148 -57.2999
-704.081 -6041.46 296.327 30148 -57.3007
-705.059 -6040.83 296.351 30148 -57.595
-706.055 -6040.2 296.376 30148 -57.0368
-707.063 -6039.54 296.401 30148 -57.2311
-708.086 -6038.89 296.426 30148 -56.5318
-709.103 -6038.21 296.452 30148 -56.5246
-710.122 -6037.54 296.478 30148 -56.5259
-711.148 -6036.86 296.503 30148 -56.5117
-712.181 -6036.18 296.529 30148 -56.5287
-713.223 -6035.49 296.555 30148 -56.7725
-714.282 -6034.8 296.582 30148 -56.2674
-715.353 -6034.08 296.609 30148 -56.5215
-716.439 -6033.36 296.636 30148 -56.2684
-717.513 -6032.65 296.663 30148 -56.5006
-718.567 -6031.95 296.69 30148 -56.5416
-719.594 -6031.27 296.715 30148 -56.5372
-720.596 -6030.61 296.741 30148 -56.7771
-721.58 -6029.96 296.765 30148 -56.5313
-722.549 -6029.32 296.79 30148 -56.5308
-723.516 -6028.68 296.814 30148 -56.4984
-724.484 -6028.04 296.838 30148 -56.531
-725.452 -6027.4 296.862 30148 -56.5145
-726.419 -6026.76 296.887 30148 -56.533
-727.397 -6026.11 296.911 30148 -56.8403
-728.395 -6025.46 296.936 30148 -56.5703
-729.406 -6024.8 296.962 30148 -56.6487
-730.425 -6024.12 296.987 30148 -55.7081
-731.43 -6023.44 297.013 30148 -55.6922
-732.437 -6022.75 297.038 30148 -55.9855
-733.459 -6022.06 297.064 30148 -55.6585
-734.497 -6021.35 297.09 30148 -55.6862
-735.562 -6020.63 297.118 30148 -55.4664
-736.645 -6019.88 297.145 30148 -55.6974
-737.744 -6019.13 297.173 30148 -55.6828
-738.845 -6018.38 297.201 30148 -55.7117
-739.945 -6017.63 297.229 30148 -55.6975
-741.042 -6016.88 297.257 30148 -55.6975
-742.14 -6016.13 297.285 30148 -55.6975
-743.238 -6015.38 297.312 30148 -55.6974
-744.337 -6014.63 297.34 30148 -55.6832
-745.433 -6013.89 297.368 30148 -55.6979
-746.528 -6013.14 297.396 30148 -55.6975
-747.625 -6012.39 297.424 30148 -55.9369
-748.742 -6011.64 297.452 30148 -55.4573
-749.872 -6010.86 297.481 30148 -55.7066
-751.016 -6010.08 297.51 30148 -55.4712
-752.146 -6009.3 297.539 30148 -54.6605
-753.246 -6008.52 297.567 30148 -54.2118
-754.323 -6007.74 297.595 30148 -54.2265
-755.398 -6006.97 297.622 30148 -54.2407
-756.475 -6006.19 297.65 30148 -54.2117
-757.554 -6005.41 297.678 30148 -54.2262
-758.632 -6004.64 297.706 30148 -54.2258
-759.713 -6003.86 297.733 30148 -53.8094
-760.786 -6003.07 297.761 30148 -54.6903
-761.862 -6002.31 297.789 30148 -56.1468
-762.953 -6001.58 297.816 30148 -57.7584
-764.065 -6000.88 297.844 30148 -57.1783
-765.175 -6000.16 297.871 30148 -55.5825
-766.267 -5999.41 297.899 30148 -53.8369
-767.335 -5998.63 297.927 30148 -53.474
-768.395 -5997.85 297.954 30148 -53.9644
-769.447 -5997.08 297.981 30148 -54.4849
-770.487 -5996.34 298.008 30148 -54.0054
-771.509 -5995.6 298.035 30148 -52.9867
-772.526 -5994.83 298.061 30148 -51.9433
-773.546 -5994.03 298.088 30148 -50.6797
-774.561 -5993.2 298.116 30148 -50.082
-775.57 -5992.36 298.143 30148 -50.0746
-776.576 -5991.52 298.17 30148 -50.0901
-777.582 -5990.67 298.197 30148 -50.081
-778.591 -5989.83 298.225 30148 -50.2058
-779.599 -5988.99 298.252 30148 -49.0695
-780.576 -5988.14 298.279 30148 -49.1011
-781.523 -5987.32 298.305 30148 -50.096
-782.453 -5986.55 298.33 30148 -50.3776
-783.354 -5985.8 298.354 30148 -52.0715
-784.265 -5985.09 298.378 30148 -52.6167
-785.184 -5984.39 298.402 30148 -52.2702
-786.104 -5983.68 298.426 30148 -52.27
-787.019 -5982.97 298.45 30148 -52.254
-787.943 -5982.25 298.475 30148 -52.2711
-788.887 -5981.52 298.499 30148 -52.4617
-789.842 -5980.79 298.524 30148 -53.181
-790.8 -5980.07 298.549 30148 -53.1798
-791.741 -5979.37 298.574 30148 -52.8616
-792.668 -5978.66 298.598 30148 -53.5403
-793.587 -5977.99 298.622 30148 -54.4908
-794.475 -5977.35 298.644 30148 -53.8101
-795.321 -5976.73 298.666 30148 -53.7938
-796.129 -5976.14 298.686 30148 -52.4981
-796.889 -5975.56 298.706 30148 -50.632
-797.62 -5974.96 298.725 30148 -51.0568
-798.354 -5974.37 298.745 30148 -51.0539
-799.091 -5973.77 298.764 30148 -51.0353
-799.827 -5973.18 298.784 30148 -51.0811
-800.558 -5972.58 298.803 30148 -51.4808
-801.297 -5972 298.822 30148 -50.6344
-802.056 -5971.37 298.843 30148 -49.7041
-802.842 -5970.71 298.864 30148 -49.2946
-803.655 -5970.01 298.886 30148 -48.0498
-804.5 -5969.25 298.909 30148 -51.1631
-805.381 -5968.54 298.932 30148 -52.1487
-806.218 -5967.89 298.954 30148 -52.5486
-807.014 -5967.28 298.975 30148 -53.4233
-807.763 -5966.72 298.994 30148 -53.2772
-808.468 -5966.2 299.012 30148 -49.7615
-809.078 -5965.68 299.028 30148 -49.8823
-809.694 -5965.16 299.045 30148 -49.894
-810.336 -5964.62 299.062 30148 -49.9212
-810.989 -5964.07 299.079 30148 -49.8722
-811.633 -5963.53 299.097 30148 -50.3715
-812.28 -5962.99 299.114 30148 -49.4551
-812.933 -5962.43 299.132 30148 -48.3175
-813.603 -5961.84 299.15 30148 -47.3059
-814.295 -5961.2 299.169 30148 -47.2895
-815.012 -5960.54 299.189 30148 -48.4584
-815.752 -5959.88 299.21 30148 -47.8711
-816.493 -5959.21 299.23 30148 -47.7369
-817.244 -5958.53 299.25 30148 -47.1273
-818.002 -5957.83 299.271 30148 -47.4444
-818.773 -5957.12 299.292 30148 -47.4648
-819.55 -5956.4 299.314 30148 -48.1274
-820.349 -5955.69 299.335 30148 -47.494
-821.166 -5954.94 299.358 30148 -46.7496
-821.999 -5954.16 299.381 30148 -47.4556
-822.856 -5953.37 299.404 30148 -47.4403
-823.717 -5952.58 299.428 30148 -47.4551
-824.572 -5951.79 299.451 30148 -47.4558
-825.431 -5951.01 299.475 30148 -47.442
-826.296 -5950.21 299.498 30148 -47.5238
-827.166 -5949.41 299.522 30148 -47.848
-828.038 -5948.63 299.546 30148 -47.8164
-828.902 -5947.84 299.569 30148 -47.8335
-829.76 -5947.07 299.593 30148 -47.8335
-830.619 -5946.29 299.616 30148 0
