-573.683 -6128.34 293.655 20149 -57.8812
-573.683 -6128.34 293.655 20149 -57.8812
-573.683 -6128.34 293.655 20149 -57.8812
-573.683 -6128.34 293.655 20149 -57.8812
-573.683 -6128.34 293.655 20149 -57.8812
-573.683 -6128.34 293.655 20149 -57.8812
-573.683 -6128.34 293.655 20149 -57.8812
-573.683 -6128.34 293.655 20149 -57.8812
-573.683 -6128.34 293.655 20149 -57.8812
-573.683 -6128.34 293.655 20149 -57.8812
-573.683 -6128.34 293.655 20149 -57.8812
-573.683 -6128.34 293.655 20149 -57.8812
-573.683 -6128.34 293.655 20149 -57.8812
-573.683 -6128.34 293.655 20149 -57.8812
-573.683 -6128.34 293.655 20149 -57.8812
-573.683 -6128.34 293.655 20149 -57.8812
-573.683 -6128.34 293.655 20149 -57.8812
-573.683 -6128.34 293.655 20149 -57.8812
-573.683 -6128.34 293.655 20149 -57.8812
-573.683 -6128.34 293.655 20149 -57.8812
-573.683 -6128.34 293.655 20149 -57.8812
-573.683 -6128.34 293.655 20149 -57.8812
-573.683 -6128.34 293.655 20149 -57.8812
-573.683 -6128.34 293.655 20149 -57.8812
-573.683 -6128.34 293.655 20149 -57.8812
-573.683 -6128.34 293.655 20149 -57.8812
-573.683 -6128.34 293.655 20149 -57.8812
-573.683 -6128.34 293.655 20149 -57.8812
-573.683 -6128.34 293.655 20149 -57.8812
-573.683 -6128.34 293.655 20149 -57.8812
-573.683 -6128.34 293.655 20149 -57.8812
-573.683 -6128.34 293.655 20149 -57.8812
-573.683 -6128.34 293.655 20149 -57.8812
-573.683 -6128.34 293.655 20149 -57.8812
-573.683 -6128.34 293.655 20149 -57.8812
-573.683 -6128.34 293.655 20149 -57.8812
-573.694 -6128.35 293.655 20149 -57.8812
-573.749 -6128.32 293.655 20149 -57.8812
-573.828 -6128.26 293.656 20149 -57.8812
-573.947 -6128.17 293.656 20149 -57.8812
-574.09 -6128.08 293.657 20149 -57.8812
-574.236 -6127.99 293.658 20149 -57.8812
-574.378 -6127.9 293.659 20149 -57.8812
-574.518 -6127.81 293.66 20149 -57.8812
-574.659 -6127.72 293.661 20149 -57.8812
-574.8 -6127.63 293.661 20149 -57.8812
-574.942 -6127.54 293.662 20149 -57.8812
-575.081 -6127.46 293.663 20149 -57.8812
-575.218 -6127.37 293.664 20149 -57.8812
-575.356 -6127.28 293.665 20149 -57.8812
-575.52 -6127.19 293.666 20149 -57.8812
-575.719 -6127.08 293.667 20149 -57.8812
-575.943 -6126.93 293.668 20149 -57.8812
-576.202 -6126.75 293.67 20149 -57.8812
-576.486 -6126.57 293.671 20149 -57.8812
-576.772 -6126.39 293.674 20149 -57.8812
-577.056 -6126.21 293.677 20149 -57.8812
-577.337 -6126.03 293.679 20149 -57.8812
-577.619 -6125.85 293.682 20149 -57.8812
-577.901 -6125.68 293.685 20149 -57.8812
-578.183 -6125.5 293.687 20149 -57.8812
-578.464 -6125.32 293.69 20149 -57.8812
-578.747 -6125.14 293.693 20149 -57.8812
-579.027 -6124.96 293.695 20149 -57.8812
-579.304 -6124.79 293.698 20149 -57.8812
-579.585 -6124.61 293.7 20149 -57.8812
-579.889 -6124.44 293.703 20149 -57.8812
-580.229 -6124.23 293.706 20149 -57.8812
-580.594 -6123.99 293.71 20149 -57.8812
-580.994 -6123.72 293.714 20149 -57.7312
-581.419 -6123.46 293.718 20149 -57.7699
-581.846 -6123.19 293.722 20149 -57.7309
-582.27 -6122.92 293.726 20149 -57.7309
-582.693 -6122.65 293.73 20149 -57.7309
-583.115 -6122.38 293.734 20149 -57.769
-583.539 -6122.12 293.738 20149 -57.7699
-583.967 -6121.85 293.742 20149 -57.7312
-584.391 -6121.58 293.746 20149 -57.7312
-584.792 -6121.31 293.75 20149 -57.7312
-585.155 -6121.07 293.753 20149 -57.7312
-585.493 -6120.87 293.756 20149 -57.7312
-585.794 -6120.69 293.759 20149 -57.7312
-586.07 -6120.52 293.762 20149 -57.7312
-586.345 -6120.34 293.764 20149 -57.7312
-586.626 -6120.16 293.767 20149 -57.7312
-586.907 -6119.98 293.769 20149 -57.7312
-587.187 -6119.8 293.772 20149 -57.7312
-587.469 -6119.62 293.775 20149 -57.7312
-587.749 -6119.44 293.777 20149 -57.7312
-588.03 -6119.26 293.78 20149 -57.7312
-588.311 -6119.08 293.783 20149 -57.7312
-588.592 -6118.91 293.785 20149 -57.7312
-588.873 -6118.73 293.788 20149 -57.7312
-589.153 -6118.55 293.791 20149 -57.7312
-589.434 -6118.37 293.793 20149 -57.7312
-589.714 -6118.19 293.796 20149 -57.7312
-589.997 -6118.01 293.799 20149 -57.7312
-590.281 -6117.82 293.801 20149 -57.7312
-590.564 -6117.64 293.804 20149 -57.7312
-590.832 -6117.47 293.807 20149 -57.7312
-591.071 -6117.3 293.809 20149 -57.7312
-591.279 -6117.18 293.812 20149 -57.7312
-591.466 -6117.08 293.814 20149 -57.7312
-591.63 -6116.97 293.816 20149 -57.7312
-591.792 -6116.81 293.819 20149 -57.7312
-591.977 -6116.61 293.822 20149 -57.7312
-592.176 -6116.39 293.825 20149 -57.7312
-592.384 -6116.16 293.828 20149 -57.7312
-592.588 -6115.94 293.831 20149 -57.7312
-592.789 -6115.73 293.834 20149 -57.7312
-592.991 -6115.51 293.837 20149 -57.7312
-593.191 -6115.29 293.84 20149 -57.7312
-593.391 -6115.07 293.844 20149 -57.7312
-593.595 -6114.85 293.847 20149 -57.7312
-593.818 -6114.64 293.85 20149 -57.7312
-594.06 -6114.44 293.853 20149 -57.7312
-594.321 -6114.25 293.857 20149 -57.7312
-594.6 -6114.07 293.86 20149 -57.7312
-594.883 -6113.9 293.864 20149 -57.7312
-595.165 -6113.72 293.868 20149 -57.7312
-595.445 -6113.54 293.871 20149 -57.7312
-595.726 -6113.36 293.875 20149 -57.7312
-596.007 -6113.18 293.879 20149 -57.7312
-596.288 -6113 293.882 20149 -57.7312
-596.569 -6112.82 293.886 20149 -57.7312
-596.85 -6112.64 293.889 20149 -57.7312
-597.131 -6112.46 293.893 20149 -57.7312
-597.412 -6112.28 293.897 20149 -57.7312
-597.692 -6112.1 293.9 20149 -57.7312
-597.973 -6111.92 293.904 20149 -57.7312
-598.254 -6111.74 293.908 20149 -57.7312
-598.535 -6111.56 293.911 20149 -57.7312
-598.816 -6111.38 293.915 20149 -57.7312
-599.097 -6111.2 293.919 20149 -57.7312
-599.378 -6111.02 293.922 20149 -57.7312
-599.659 -6110.84 293.926 20149 -57.7312
-599.94 -6110.66 293.929 20149 -57.7312
-600.22 -6110.48 293.933 20149 -57.7312
-600.501 -6110.31 293.937 20149 -57.7312
-600.782 -6110.13 293.94 20149 -57.7312
-601.063 -6109.95 293.944 20149 -57.7312
-601.344 -6109.77 293.948 20149 -57.7312
-601.625 -6109.59 293.951 20149 -57.7312
-601.906 -6109.41 293.955 20149 -57.7312
-602.187 -6109.23 293.958 20149 -57.7312
-602.466 -6109.05 293.962 20149 -57.7312
-602.745 -6108.87 293.966 20149 -57.7312
-603.028 -6108.69 293.969 20149 -57.7312
-603.321 -6108.51 293.973 20149 -57.7312
-603.629 -6108.32 293.977 20149 -57.7312
-603.947 -6108.14 293.981 20149 -57.7312
-604.269 -6107.96 293.985 20149 -57.7312
-604.591 -6107.77 293.989 20149 -57.7312
-604.911 -6107.58 293.993 20149 -57.7312
-605.231 -6107.4 293.998 20149 -57.7312
-605.552 -6107.21 294.003 20149 -57.7312
-605.872 -6107.03 294.008 20149 -57.7312
-606.193 -6106.84 294.013 20149 -57.7312
-606.513 -6106.66 294.018 20149 -57.7312
-606.83 -6106.47 294.023 20149 -57.7312
-607.146 -6106.28 294.028 20149 -57.7312
-607.464 -6106.09 294.033 20149 -57.7312
-607.784 -6105.9 294.039 20149 -57.7312
-608.104 -6105.72 294.044 20149 -57.7312
-608.425 -6105.53 294.049 20149 -57.7312
-608.745 -6105.35 294.054 20149 -57.7312
-609.065 -6105.16 294.059 20149 -57.7312
-609.381 -6104.98 294.064 20149 -57.7312
-609.699 -6104.8 294.069 20149 -57.7312
-610.034 -6104.61 294.074 20149 -57.7312
-610.393 -6104.4 294.08 20149 -57.7312
-610.78 -6104.16 294.086 20149 -57.7312
-611.191 -6103.89 294.093 20149 -57.7312
-611.615 -6103.63 294.1 20149 -57.7312
-612.015 -6103.35 294.107 20149 -57.7312
-612.383 -6103.07 294.113 20149 -57.7312
-612.725 -6102.79 294.119 20149 -57.7312
-613.058 -6102.52 294.125 20149 -57.7312
-613.401 -6102.29 294.131 20149 -57.7312
-613.741 -6102.08 294.136 20149 -57.7312
-614.059 -6101.88 294.141 20149 -57.7312
-614.356 -6101.7 294.146 20149 -57.7312
-614.638 -6101.52 294.151 20149 -57.7312
-614.916 -6101.35 294.155 20149 -57.7312
-615.197 -6101.17 294.16 20149 -57.7312
-615.479 -6101 294.164 20149 -57.7312
-615.761 -6100.82 294.169 20149 -57.7312
-616.043 -6100.64 294.173 20149 -57.7312
-616.326 -6100.46 294.178 20149 -57.7312
-616.608 -6100.29 294.183 20149 -57.7312
-616.89 -6100.11 294.187 20149 -57.7312
-617.172 -6099.93 294.192 20149 -57.7312
-617.454 -6099.75 294.196 20149 -57.7312
-617.736 -6099.58 294.201 20149 -57.7312
-618.018 -6099.4 294.206 20149 -57.7312
-618.3 -6099.22 294.21 20149 -57.7312
-618.583 -6099.04 294.215 20149 -57.7312
-618.865 -6098.87 294.219 20149 -57.7312
-619.141 -6098.69 294.224 30149 -57.7312
-619.418 -6098.52 294.231 30149 -57.7312
-619.699 -6098.34 294.237 30149 -57.7312
-619.995 -6098.16 294.244 30149 -57.7312
-620.31 -6097.96 294.252 30149 -57.7312
-620.65 -6097.74 294.26 30149 -57.7312
-621.014 -6097.51 294.269 30149 -57.7312
-621.403 -6097.27 294.278 30149 -57.7312
-621.811 -6097 294.288 30149 -57.7094
-622.234 -6096.74 294.298 30149 -57.7101
-622.66 -6096.47 294.308 30149 -57.7101
-623.082 -6096.2 294.318 30149 -57.7101
-623.499 -6095.94 294.328 30149 -57.7101
-623.92 -6095.67 294.338 30149 -59.2234
-624.365 -6095.41 294.349 30149 -58.4639
-624.845 -6095.11 294.36 30149 -56.9932
-625.35 -6094.78 294.372 30149 -56.4884
-625.89 -6094.42 294.386 30149 -57.7001
-626.455 -6094.07 294.399 30149 -57.7004
-627.023 -6093.71 294.413 30149 -57.7
-627.587 -6093.35 294.426 30149 -57.6997
-628.15 -6093 294.44 30149 -57.6998
-628.713 -6092.64 294.453 30149 -57.6998
-629.276 -6092.28 294.467 30149 -57.6997
-629.838 -6091.93 294.48 30149 -57.6998
-630.401 -6091.57 294.493 30149 -57.6998
-630.964 -6091.22 294.507 30149 -57.6998
-631.527 -6090.86 294.52 30149 -57.6998
-632.09 -6090.51 294.534 30149 -57.6998
-632.653 -6090.15 294.547 30149 -57.6711
-633.216 -6089.79 294.561 30149 -57.6998
-633.779 -6089.44 294.574 30149 -57.6998
-634.342 -6089.08 294.588 30149 -57.6998
-634.905 -6088.73 294.601 30149 -57.6998
-635.468 -6088.37 294.615 30149 -57.6998
-636.031 -6088.01 294.628 30149 -57.6998
-636.594 -6087.66 294.642 30149 -57.6711
-637.157 -6087.3 294.655 30149 -57.6998
-637.72 -6086.95 294.668 30149 -57.6998
-638.283 -6086.59 294.682 30149 -57.6998
-638.846 -6086.23 294.695 30149 -57.6998
-639.409 -6085.88 294.709 30149 -57.6998
-639.972 -6085.52 294.722 30149 -57.6998
-640.535 -6085.17 294.736 30149 -57.6997
-641.098 -6084.81 294.749 30149 -57.7008
-641.661 -6084.45 294.763 30149 -57.9226
-642.231 -6084.1 294.776 30149 -57.7496
-642.798 -6083.74 294.79 30149 -57.0527
-643.336 -6083.39 294.803 30149 -58.359
-643.838 -6083.08 294.815 30149 -58.7732
-644.302 -6082.8 294.827 30149 -58.7732
-644.738 -6082.56 294.837 30149 -58.7732
-645.122 -6082.33 294.846 30149 -58.7732
-645.485 -6082.1 294.855 30149 -58.7732
-645.848 -6081.87 294.863 30149 -58.7732
-646.216 -6081.65 294.872 30149 -58.7732
-646.581 -6081.42 294.881 30149 -58.7732
-646.942 -6081.19 294.89 30149 -58.7732
-647.308 -6080.96 294.899 30149 -58.7732
-647.715 -6080.72 294.908 30149 -57.12
-648.154 -6080.44 294.919 30149 -57.1624
-648.632 -6080.13 294.931 30149 -55.1015
-649.14 -6079.78 294.943 30149 -57.2278
-649.697 -6079.42 294.957 30149 -58.1199
-650.268 -6079.06 294.971 30149 -57.949
-650.834 -6078.71 294.984 30149 -57.9486
-651.398 -6078.36 294.998 30149 -57.9487
-651.963 -6078 295.012 30149 -57.9487
-652.527 -6077.65 295.025 30149 -57.9487
-653.092 -6077.3 295.039 30149 -57.9487
-653.656 -6076.94 295.053 30149 -57.9487
-654.221 -6076.59 295.066 30149 -57.9487
-654.785 -6076.24 295.08 30149 -57.9486
-655.349 -6075.88 295.093 30149 -57.9487
-655.914 -6075.53 295.107 30149 -57.9204
-656.481 -6075.17 295.121 30149 -57.9776
-657.048 -6074.82 295.134 30149 -58.1204
-657.616 -6074.47 295.148 30149 -58.092
-658.182 -6074.11 295.162 30149 -58.1208
-658.747 -6073.76 295.175 30149 -58.1207
-659.313 -6073.41 295.189 30149 -58.1207
-659.879 -6073.06 295.203 30149 -58.092
-660.444 -6072.71 295.216 30149 -58.1207
-661.01 -6072.35 295.23 30149 -58.1207
-661.575 -6072 295.244 30149 -58.092
-662.141 -6071.65 295.257 30149 -58.1207
-662.706 -6071.3 295.271 30149 -58.1207
-663.272 -6070.95 295.285 30149 -58.1207
-663.838 -6070.6 295.298 30149 -58.0888
-664.403 -6070.24 295.312 30149 -58.0356
-664.968 -6069.89 295.326 30149 -58.0247
-665.533 -6069.54 295.339 30149 -57.996
-666.099 -6069.18 295.353 30149 -58.0536
-666.662 -6068.83 295.367 30149 -57.9965
-667.223 -6068.48 295.381 30149 -58.0249
-667.787 -6068.13 295.394 30149 -59.1645
-668.375 -6067.78 295.409 30149 -57.9387
-668.988 -6067.4 295.423 30149 -57.0357
-669.627 -6066.98 295.439 30149 -58.0372
-670.284 -6066.57 295.455 30149 -58.0136
-670.933 -6066.17 295.471 30149 -58.0146
-671.573 -6065.77 295.487 30149 0
