0 0 0 0
0 0 0 0
0 0 0 0
0 0 0 0
0 0 0 0
0 0 0 0
0 0 0 0
0 0 0 0
0 0 0 0
0 0 0 0
0 0 0 0
0 0 0 0
0 0 0 0
0 0 0 0
0 0 0 0
0 0 0 0
0 0 0 0
0 0 0 0
0 0 0 0
0 0 0 0
0 0 0 0
0 0 0 0
0 0 0 0
0 0 0 0
0 0 0 0
0 0 0 0
0 0 0 0
0 0 0 0
0 0 0 0
0 0 0 0
0 0 0 0
0 0 0 0
0 0 0 0
0 0 0 0
0 0 0 0
0 0 0 0
0 0 0 0
0 0 0 0
0 0 0 0
0 0 0 0
0 0 0 0
0 0 0 0
0 0 0 0
0 0 0 0
0 0 0 0
0 0 0 0
0 0 0 0
0 0 0 0
0 0 0 0
0 0 0 0
0 0 0 0
0 0 0 0
0 0 0 0
0 0 0 0
0 0 0 0
0 0 0 0
0 0 0 0
0 0 0 0
0 0 0 0
0 0 0 0
0 0 0 0
0 0 0 0
0 0 0 0
0 0 0 0
0 0 0 0
0 0 0 0
0 0 0 0
0 0 0 0
0 0 0 0
0 0 0 0
0 0 0 0
0 0 0 0
-355.216 -6261.51 295.955 10148
-355.215 -6261.51 295.955 10148
-355.215 -6261.52 295.955 10148
-355.214 -6261.52 295.955 10148
-360.3 -6258.33 295.874 10148
-360.299 -6258.33 295.874 10148
-360.298 -6258.33 295.874 10148
-360.298 -6258.33 295.874 10148
-365.385 -6255.14 295.794 10148
-365.384 -6255.15 295.794 10148
-365.384 -6255.15 295.794 10148
-365.383 -6255.15 295.794 10148
-370.469 -6251.96 295.714 10148
-370.469 -6251.96 295.714 10148
-370.468 -6251.97 295.714 10148
-370.468 -6251.97 295.714 10148
-374.991 -6249.13 295.642 10148
-374.99 -6249.13 295.642 10148
-374.99 -6249.14 295.642 10148
-374.989 -6249.14 295.642 10148
-380.059 -6245.96 295.563 10148
-380.059 -6245.96 295.563 10148
-380.059 -6245.96 295.563 10148
-380.06 -6245.95 295.563 10148
-384.916 -6242.91 295.487 10148
-384.916 -6242.91 295.487 10148
-384.915 -6242.91 295.487 10148
-384.915 -6242.91 295.487 10148
-389.66 -6239.94 295.412 10148
-389.659 -6239.94 295.412 10148
-389.657 -6239.95 295.412 10148
-389.656 -6239.96 295.413 10148
-394.237 -6237.09 295.341 10148
-394.237 -6237.09 295.341 10148
-394.236 -6237.09 295.341 10148
-394.236 -6237.1 295.341 10148
-398.749 -6234.27 295.271 10148
-398.748 -6234.27 295.271 10148
-398.747 -6234.27 295.271 10148
-398.747 -6234.27 295.271 10148
-403.281 -6231.43 295.201 10148
-403.281 -6231.43 295.201 10148
-403.28 -6231.44 295.201 10148
-403.28 -6231.44 295.201 10148
-407.769 -6228.63 295.132 10148
-407.769 -6228.63 295.132 10148
-407.768 -6228.63 295.132 10148
-407.768 -6228.63 295.132 10148
-412.126 -6225.9 295.065 10148
-412.126 -6225.9 295.065 10148
-412.126 -6225.9 295.065 10148
-412.126 -6225.9 295.065 10148
-416.437 -6223.2 294.998 10148
-416.438 -6223.19 294.998 10148
-416.439 -6223.19 294.998 10148
-416.441 -6223.18 294.998 10148
-420.799 -6220.45 294.932 10148
-420.8 -6220.44 294.932 10148
-420.801 -6220.44 294.932 10148
-420.802 -6220.43 294.932 10148
-425.284 -6217.62 294.863 10148
-425.287 -6217.61 294.863 10148
-425.289 -6217.6 294.863 10148
-425.291 -6217.59 294.863 10148
-429.755 -6214.78 294.795 10148
-429.756 -6214.77 294.795 10148
-429.758 -6214.77 294.795 10148
-429.759 -6214.76 294.795 10148
-434.093 -6212.04 294.729 10148
-434.094 -6212.03 294.729 10148
-434.096 -6212.02 294.729 10148
-434.098 -6212.02 294.729 10148
-438.347 -6209.35 294.664 10148
-438.346 -6209.35 294.664 10148
-438.345 -6209.35 294.664 10148
-438.344 -6209.36 294.664 10148
-442.615 -6206.69 294.6 10148
-442.614 -6206.69 294.6 10148
-442.613 -6206.69 294.6 10148
-442.612 -6206.7 294.6 10148
-446.938 -6203.99 294.535 10148
-446.936 -6204 294.535 10148
-446.933 -6204.01 294.535 10148
-446.931 -6204.02 294.535 10148
-451.327 -6201.28 294.47 10148
-451.325 -6201.29 294.47 10148
-451.323 -6201.29 294.47 10148
-451.321 -6201.3 294.47 10148
-455.73 -6198.55 294.404 10148
-455.727 -6198.56 294.404 10148
-455.725 -6198.57 294.404 10148
-455.723 -6198.58 294.404 10148
-460.128 -6195.82 294.339 10148
-460.126 -6195.83 294.339 10148
-460.124 -6195.84 294.339 10148
-460.122 -6195.85 294.339 10148
-464.52 -6193.1 294.274 10148
-464.518 -6193.11 294.274 10148
-464.516 -6193.12 294.274 10148
-464.514 -6193.13 294.274 10148
-468.913 -6190.38 294.209 10148
-468.911 -6190.39 294.209 10148
-468.909 -6190.4 294.209 10148
-468.907 -6190.41 294.209 10148
-473.307 -6187.66 294.144 10148
-473.305 -6187.67 294.144 10148
-473.303 -6187.68 294.144 10148
-473.301 -6187.68 294.144 10148
-477.27 -6185.2 294.084 20148
-477.268 -6185.21 294.084 20148
-477.266 -6185.22 294.084 20148
-477.264 -6185.23 294.084 20148
-481.661 -6182.48 294.017 20148
-481.658 -6182.49 294.017 20148
-481.656 -6182.49 294.017 20148
-481.654 -6182.5 294.017 20148
-486.052 -6179.75 293.95 20148
-486.05 -6179.76 293.95 20148
-486.048 -6179.77 293.95 20148
-486.046 -6179.78 293.95 20148
-490.467 -6177.01 293.891 20148
-490.465 -6177.02 293.891 20148
-490.463 -6177.03 293.891 20148
-490.461 -6177.04 293.891 20148
-494.834 -6174.3 293.84 20148
-494.832 -6174.31 293.84 20148
-494.83 -6174.32 293.84 20148
-494.828 -6174.32 293.84 20148
-499.095 -6171.65 293.79 20148
-499.094 -6171.66 293.79 20148
-499.093 -6171.66 293.79 20148
-499.092 -6171.66 293.79 20148
-503.307 -6169.02 293.744 20148
-503.306 -6169.02 293.744 20148
-503.305 -6169.03 293.744 20148
-503.305 -6169.03 293.744 20148
-507.559 -6166.36 293.709 20148
-507.559 -6166.36 293.709 20148
-507.558 -6166.36 293.709 20148
-507.558 -6166.37 293.709 20148
-511.931 -6163.62 293.673 20148
-511.93 -6163.63 293.673 20148
-511.93 -6163.63 293.673 20148
-511.929 -6163.63 293.673 20148
-516.348 -6160.86 293.637 20148
-516.348 -6160.86 293.637 20148
-516.348 -6160.86 293.637 20148
-516.347 -6160.86 293.637 20148
-520.691 -6158.13 293.615 20148
-520.691 -6158.13 293.615 20148
-520.691 -6158.13 293.615 20148
-520.691 -6158.13 293.615 20148
-524.933 -6155.47 293.596 20148
-524.933 -6155.47 293.596 20148
-524.933 -6155.47 293.596 20148
-524.933 -6155.47 293.596 20148
-529.048 -6152.88 293.577 20148
-529.048 -6152.88 293.577 20148
-529.049 -6152.88 293.577 20148
-529.049 -6152.88 293.577 20148
-533.058 -6150.36 293.564 20148
-533.06 -6150.35 293.564 20148
-533.062 -6150.34 293.564 20148
-533.064 -6150.33 293.564 20148
-537 -6147.85 293.56 20148
-537.003 -6147.84 293.56 20148
-537.006 -6147.83 293.56 20148
-537.008 -6147.81 293.56 20148
-540.922 -6145.35 293.555 20148
-540.924 -6145.34 293.555 20148
-540.926 -6145.33 293.555 20148
-540.929 -6145.31 293.555 20148
-544.85 -6142.84 293.551 20148
-544.853 -6142.83 293.551 20148
-544.855 -6142.82 293.551 20148
-544.857 -6142.81 293.551 20148
-548.785 -6140.33 293.557 20148
-548.787 -6140.32 293.557 20148
-548.79 -6140.31 293.557 20148
-548.792 -6140.3 293.557 20148
-552.719 -6137.83 293.567 20148
-552.721 -6137.82 293.567 20148
-552.724 -6137.81 293.567 20148
-552.726 -6137.8 293.567 20148
-556.653 -6135.32 293.577 20148
-556.656 -6135.31 293.577 20148
-556.658 -6135.3 293.577 20148
-556.66 -6135.29 293.577 20148
-560.588 -6132.81 293.587 20148
-560.59 -6132.8 293.587 20148
-560.592 -6132.79 293.587 20148
-560.595 -6132.78 293.587 20148
-564.593 -6130.26 293.611 20148
-564.596 -6130.25 293.611 20148
-564.598 -6130.24 293.611 20148
-564.601 -6130.23 293.611 20148
-568.374 -6127.85 293.633 20148
-568.377 -6127.84 293.633 20148
-568.379 -6127.83 293.634 20148
-568.381 -6127.82 293.634 20148
-572.021 -6125.52 293.655 20148
-572.025 -6125.51 293.655 20148
-572.028 -6125.49 293.655 20148
-572.032 -6125.48 293.655 20148
-575.461 -6123.31 293.678 20148
-575.467 -6123.29 293.678 20148
-575.473 -6123.26 293.678 20148
-575.479 -6123.23 293.679 20148
-579.078 -6120.95 293.713 20148
-579.084 -6120.93 293.713 20148
-579.09 -6120.9 293.713 20148
-579.096 -6120.87 293.713 20148
-582.831 -6118.51 293.748 20148
-582.837 -6118.48 293.748 20148
-582.843 -6118.45 293.749 20148
-582.849 -6118.43 293.749 20148
-586.823 -6115.91 293.786 20148
-586.829 -6115.88 293.786 20148
-586.835 -6115.86 293.786 20148
-586.841 -6115.83 293.787 20148
-590.73 -6113.37 293.829 20148
-590.737 -6113.34 293.829 20148
-590.743 -6113.31 293.829 20148
-590.749 -6113.29 293.83 20148
-594.573 -6110.86 293.879 20148
-594.579 -6110.84 293.879 20148
-594.584 -6110.81 293.879 20148
-594.59 -6110.79 293.879 20148
-598.332 -6108.42 293.928 20148
-598.337 -6108.4 293.928 20148
-598.343 -6108.37 293.928 20148
-598.349 -6108.35 293.928 20148
-602.047 -6106.01 293.976 20148
-602.052 -6105.98 293.976 20148
-602.057 -6105.96 293.976 20148
-602.063 -6105.94 293.976 20148
-605.801 -6103.57 294.032 20148
-605.807 -6103.55 294.033 20148
-605.813 -6103.52 294.033 20148
-605.82 -6103.49 294.033 20148
-609.629 -6101.08 294.095 20148
-609.636 -6101.05 294.096 20148
-609.642 -6101.02 294.096 20148
-609.649 -6100.99 294.096 20148
-613.537 -6098.53 294.16 20148
-613.541 -6098.51 294.16 20148
-613.546 -6098.49 294.16 20148
-613.55 -6098.47 294.16 20148
-617.53 -6095.96 294.225 20148
-617.533 -6095.95 294.225 20148
-617.537 -6095.93 294.225 20148
-617.541 -6095.91 294.226 20148
-621.153 -6093.62 294.313 30148
-621.156 -6093.61 294.314 30148
-621.159 -6093.6 294.314 30148
-621.161 -6093.59 294.314 30148
-625.373 -6090.92 294.415 30148
-625.375 -6090.91 294.415 30148
-625.378 -6090.9 294.415 30148
-625.381 -6090.89 294.415 30148
-629.687 -6088.16 294.518 30148
-629.686 -6088.17 294.518 30148
-629.686 -6088.17 294.518 30148
-629.685 -6088.17 294.518 30148
-634.027 -6085.44 294.621 30148
-634.023 -6085.46 294.621 30148
-634.02 -6085.47 294.621 30148
-634.017 -6085.49 294.621 30148
-638.313 -6082.79 294.723 30148
-638.308 -6082.82 294.723 30148
-638.304 -6082.84 294.723 30148
-638.299 -6082.86 294.722 30148
-642.565 -6080.21 294.825 30148
-642.562 -6080.22 294.824 30148
-642.558 -6080.24 294.824 30148
-642.555 -6080.25 294.824 30148
-646.862 -6077.58 294.928 30148
-646.861 -6077.58 294.928 30148
-646.861 -6077.58 294.928 30148
-646.86 -6077.59 294.928 30148
-651.227 -6074.86 295.033 30148
-651.228 -6074.86 295.033 30148
-651.229 -6074.85 295.033 30148
-651.23 -6074.85 295.033 30148
-655.603 -6072.12 295.139 30148
-655.603 -6072.12 295.139 30148
-655.603 -6072.12 295.139 30148
-655.603 -6072.12 295.139 30148
-659.947 -6069.41 295.244 30148
-659.947 -6069.41 295.244 30148
-659.947 -6069.41 295.244 30148
-659.946 -6069.41 295.243 30148
-664.26 -6066.71 295.348 30148
-664.26 -6066.72 295.348 30148
-664.259 -6066.72 295.348 30148
-664.258 -6066.72 295.348 30148
-668.624 -6063.99 295.454 30148
-668.624 -6063.99 295.454 30148
-668.625 -6063.99 295.454 30148
-668.625 -6063.99 295.454 30148
-673.074 -6061.2 295.563 30148
-673.073 -6061.2 295.563 30148
-673.073 -6061.2 295.563 30148
-673.073 -6061.2 295.563 30148
-677.585 -6058.38 295.673 30148
-677.585 -6058.38 295.673 30148
-677.584 -6058.38 295.673 30148
-677.584 -6058.38 295.673 30148
-682.108 -6055.55 295.784 30148
-682.108 -6055.55 295.784 30148
-682.108 -6055.55 295.784 30148
-682.107 -6055.55 295.784 30148
-686.615 -6052.72 295.894 30148
-686.614 -6052.72 295.894 30148
-686.614 -6052.72 295.894 30148
-686.614 -6052.72 295.894 30148
-691.098 -6049.87 296.005 30148
-691.098 -6049.87 296.005 30148
-691.098 -6049.87 296.005 30148
-691.098 -6049.87 296.005 30148
-695.631 -6046.98 296.117 30148
-695.631 -6046.98 296.117 30148
-695.631 -6046.98 296.117 30148
-695.631 -6046.99 296.117 30148
-700.066 -6044.16 296.226 30148
-700.066 -6044.16 296.226 30148
-700.066 -6044.16 296.226 30148
-700.066 -6044.16 296.226 30148
-704.315 -6041.46 296.331 30148
-704.315 -6041.45 296.331 30148
-704.316 -6041.45 296.331 30148
-704.317 -6041.44 296.332 30148
-708.468 -6038.79 296.434 30148
-708.469 -6038.78 296.434 30148
-708.471 -6038.77 296.435 30148
-708.472 -6038.76 296.435 30148
-712.658 -6036 296.54 30148
-712.659 -6035.99 296.54 30148
-712.661 -6035.98 296.54 30148
-712.663 -6035.97 296.54 30148
-717.036 -6033.09 296.65 30148
-717.037 -6033.08 296.65 30148
-717.039 -6033.07 296.65 30148
-717.04 -6033.07 296.65 30148
-721.508 -6030.12 296.762 30148
-721.51 -6030.11 296.762 30148
-721.512 -6030.1 296.763 30148
-721.515 -6030.09 296.763 30148
-725.927 -6027.18 296.873 30148
-725.929 -6027.17 296.874 30148
-725.931 -6027.15 296.874 30148
-725.933 -6027.14 296.874 30148
-730.346 -6024.23 296.985 30148
-730.346 -6024.23 296.985 30148
-730.346 -6024.23 296.985 30148
-730.345 -6024.23 296.985 30148
-734.723 -6021.24 297.096 30148
-734.721 -6021.25 297.096 30148
-734.719 -6021.26 297.095 30148
-734.717 -6021.28 297.095 30148
-739.117 -6018.28 297.207 30148
-739.114 -6018.3 297.206 30148
-739.11 -6018.33 297.206 30148
-739.106 -6018.36 297.206 30148
-743.535 -6015.35 297.318 30148
-743.53 -6015.38 297.318 30148
-743.525 -6015.42 297.317 30148
-743.52 -6015.45 297.317 30148
-747.98 -6012.42 297.429 30148
-747.976 -6012.46 297.429 30148
-747.971 -6012.49 297.429 30148
-747.967 -6012.52 297.428 30148
-752.432 -6009.49 297.541 30148
-752.427 -6009.52 297.541 30148
-752.423 -6009.55 297.54 30148
-752.419 -6009.58 297.54 30148
-756.81 -6006.44 297.653 30148
-756.806 -6006.47 297.652 30148
-756.802 -6006.5 297.652 30148
-756.798 -6006.53 297.651 30148
-761.184 -6003.38 297.764 30148
-761.18 -6003.42 297.764 30148
-761.176 -6003.45 297.763 30148
-761.172 -6003.48 297.763 30148
-765.56 -6000.33 297.876 30148
-765.556 -6000.36 297.875 30148
-765.552 -6000.4 297.875 30148
-765.548 -6000.43 297.874 30148
-769.935 -5997.28 297.987 30148
-769.931 -5997.31 297.987 30148
-769.927 -5997.35 297.986 30148
-769.923 -5997.38 297.986 30148
-774.309 -5994.24 298.098 30148
-774.305 -5994.27 298.098 30148
-774.301 -5994.3 298.098 30148
-774.298 -5994.33 298.097 30148
-778.577 -5991.06 298.209 30148
-778.574 -5991.08 298.209 30148
-778.572 -5991.11 298.208 30148
-778.569 -5991.13 298.208 30148
-782.84 -5987.85 298.32 30148
-782.84 -5987.86 298.32 30148
-782.839 -5987.86 298.319 30148
-782.839 -5987.86 298.319 30148
-787.133 -5984.55 298.432 30148
-787.134 -5984.55 298.432 30148
-787.134 -5984.54 298.432 30148
-787.134 -5984.54 298.432 30148
-791.55 -5981.13 298.548 30148
-791.551 -5981.12 298.548 30148
-791.552 -5981.11 298.548 30148
-791.553 -5981.1 298.548 30148
-796.067 -5977.58 298.667 30148
-796.069 -5977.56 298.667 30148
-796.07 -5977.55 298.667 30148
-796.071 -5977.53 298.668 30148
-800.582 -5973.75 298.788 30148
-800.583 -5973.74 298.788 30148
-800.584 -5973.73 298.789 30148
-800.585 -5973.72 298.789 30148
-805.165 -5969.89 298.911 30148
-805.165 -5969.88 298.911 30148
-805.166 -5969.87 298.911 30148
-805.167 -5969.85 298.912 30148
-809.755 -5966.02 299.034 30148
-809.755 -5966.01 299.034 30148
-809.756 -5965.99 299.035 30148
-809.757 -5965.98 299.035 30148
-814.331 -5962.16 299.157 30148
-814.332 -5962.15 299.157 30148
-814.333 -5962.14 299.157 30148
-814.334 -5962.12 299.158 30148
-818.8 -5958.19 299.278 30148
-818.801 -5958.18 299.279 30148
-818.801 -5958.16 299.279 30148
-818.802 -5958.15 299.279 30148
-823.205 -5954.14 299.399 30148
-823.205 -5954.13 299.399 30148
-823.206 -5954.12 299.399 30148
-823.206 -5954.1 299.399 30148
-827.61 -5950.09 299.52 30148
-827.61 -5950.08 299.52 30148
-827.611 -5950.07 299.52 30148
-827.611 -5950.06 299.52 30148
-832.014 -5946.04 299.64 30148
-832.014 -5946.03 299.64 30148
-832.014 -5946.02 299.641 30148
-832.015 -5946.01 299.641 30148
-835.431 -5942.91 299.733 40148
-835.431 -5942.9 299.733 40148
-835.431 -5942.88 299.733 40148
-835.431 -5942.87 299.733 40148
-839.698 -5938.74 299.852 40148
-839.698 -5938.72 299.852 40148
-839.698 -5938.71 299.853 40148
-839.698 -5938.7 299.853 40148
-843.989 -5934.54 299.972 40148
-843.989 -5934.53 299.972 40148
-843.989 -5934.52 299.972 40148
-843.99 -5934.51 299.973 40148
-848.232 -5930.39 300.091 40148
-848.232 -5930.38 300.091 40148
-848.232 -5930.37 300.091 40148
-848.232 -5930.36 300.091 40148
-852.372 -5926.34 300.206 40148
-852.372 -5926.33 300.207 40148
-852.372 -5926.31 300.207 40148
-852.372 -5926.29 300.207 40148
-856.354 -5922.22 300.313 40148
-856.353 -5922.2 300.314 40148
-856.353 -5922.18 300.314 40148
-856.353 -5922.16 300.314 40148
-860.324 -5918 300.418 40148
-860.323 -5917.98 300.418 40148
-860.323 -5917.97 300.419 40148
-860.322 -5917.95 300.419 40148
-864.392 -5913.69 300.525 40148
-864.391 -5913.67 300.526 40148
-864.391 -5913.65 300.526 40148
-864.39 -5913.63 300.526 40148
-868.505 -5909.33 300.634 40148
-868.505 -5909.31 300.634 40148
-868.504 -5909.29 300.635 40148
-868.504 -5909.27 300.635 40148
-872.545 -5904.94 300.739 40148
-872.544 -5904.92 300.739 40148
-872.543 -5904.91 300.74 40148
-872.542 -5904.89 300.74 40148
-876.47 -5900.46 300.837 40148
-876.468 -5900.44 300.837 40148
-876.467 -5900.42 300.838 40148
-876.466 -5900.4 300.838 40148
-880.394 -5895.97 300.935 40148
-880.393 -5895.95 300.936 40148
-880.392 -5895.93 300.936 40148
-880.39 -5895.91 300.936 40148
-884.316 -5891.48 301.034 40148
-884.315 -5891.47 301.034 40148
-884.313 -5891.45 301.034 40148
-884.312 -5891.43 301.034 40148
-888.242 -5886.99 301.132 40148
-888.241 -5886.98 301.132 40148
-888.24 -5886.96 301.132 40148
-888.238 -5886.94 301.133 40148
-892.017 -5882.35 301.223 40148
-892.015 -5882.33 301.223 40148
-892.013 -5882.31 301.223 40148
-892.012 -5882.3 301.223 40148
-895.774 -5877.71 301.313 40148
-895.771 -5877.69 301.313 40148
-895.769 -5877.67 301.313 40148
-895.767 -5877.64 301.313 40148
-899.455 -5873.14 301.401 40148
-899.454 -5873.13 301.401 40148
-899.452 -5873.11 301.401 40148
-899.45 -5873.09 301.402 40148
-903.056 -5868.7 301.487 40148
-903.054 -5868.69 301.487 40148
-903.053 -5868.67 301.487 40148
-903.051 -5868.66 301.488 40148
-906.531 -5864.26 301.569 40148
-906.529 -5864.25 301.569 40148
-906.528 -5864.24 301.569 40148
-906.527 -5864.24 301.569 40148
-909.964 -5859.72 301.648 40148
-909.962 -5859.71 301.648 40148
-909.961 -5859.7 301.649 40148
-909.959 -5859.68 301.649 40148
-913.485 -5855.05 301.73 40148
-913.484 -5855.04 301.73 40148
-913.484 -5855.04 301.73 40148
-913.483 -5855.04 301.73 40148
-917.106 -5850.28 301.813 40148
-917.107 -5850.29 301.813 40148
-917.108 -5850.29 301.813 40148
-917.109 -5850.3 301.813 40148
-920.797 -5845.47 301.898 40148
-920.797 -5845.47 301.897 40148
-920.798 -5845.47 301.897 40148
-920.799 -5845.48 301.897 40148
-924.322 -5840.47 301.977 40148
-924.321 -5840.47 301.977 40148
-924.321 -5840.47 301.977 40148
-924.321 -5840.47 301.977 40148
-927.828 -5835.48 302.056 40148
-927.828 -5835.47 302.056 40148
-927.828 -5835.47 302.056 40148
-927.828 -5835.47 302.056 40148
-931.31 -5830.52 302.135 40148
-931.311 -5830.53 302.135 40148
-931.313 -5830.54 302.135 40148
-931.314 -5830.55 302.135 40148
-934.775 -5825.63 302.213 40148
-934.777 -5825.64 302.213 40148
-934.779 -5825.65 302.213 40148
-934.78 -5825.66 302.213 40148
-938.094 -5820.69 302.288 40148
-938.096 -5820.7 302.288 40148
-938.098 -5820.71 302.288 40148
-938.099 -5820.72 302.288 40148
-941.345 -5815.71 302.361 40148
-941.347 -5815.72 302.361 40148
-941.348 -5815.73 302.361 40148
-941.35 -5815.74 302.361 40148
-944.602 -5810.72 302.435 40148
-944.603 -5810.73 302.435 40148
-944.605 -5810.74 302.435 40148
-944.607 -5810.74 302.435 40148
-947.859 -5805.73 302.508 40148
-947.861 -5805.73 302.508 40148
-947.863 -5805.74 302.508 40148
-947.864 -5805.75 302.508 40148
-951.08 -5800.71 302.582 40148
-951.082 -5800.72 302.581 40148
-951.084 -5800.73 302.581 40148
-951.086 -5800.73 302.581 40148
-954.143 -5795.59 302.653 40148
-954.145 -5795.6 302.652 40148
-954.147 -5795.61 302.652 40148
-954.149 -5795.62 302.652 40148
-957.216 -5790.46 302.724 40148
-957.218 -5790.47 302.724 40148
-957.22 -5790.48 302.724 40148
-957.222 -5790.48 302.724 40148
-960.267 -5785.36 302.794 40148
-960.269 -5785.37 302.794 40148
-960.271 -5785.38 302.794 40148
-960.273 -5785.39 302.794 40148
-963.272 -5780.34 302.864 40148
-963.273 -5780.35 302.864 40148
-963.275 -5780.36 302.864 40148
-963.276 -5780.36 302.864 40148
-966.129 -5775.28 302.933 40148
-966.13 -5775.28 302.933 40148
-966.131 -5775.29 302.933 40148
-966.132 -5775.29 302.933 40148
-968.926 -5770.14 303.001 40148
-968.927 -5770.15 303.001 40148
-968.928 -5770.15 303.001 40148
-968.929 -5770.15 303.001 40148
-971.768 -5764.92 303.071 40148
-971.769 -5764.93 303.071 40148
-971.77 -5764.93 303.071 40148
-971.771 -5764.93 303.071 40148
-974.63 -5759.67 303.141 40148
-974.631 -5759.67 303.141 40148
-974.632 -5759.67 303.141 40148
-974.633 -5759.68 303.141 40148
-977.476 -5754.43 303.211 40148
-977.477 -5754.43 303.211 40148
-977.478 -5754.43 303.21 40148
-977.479 -5754.44 303.21 40148
-980.126 -5749.08 303.281 40148
-980.127 -5749.09 303.281 40148
-980.128 -5749.09 303.28 40148
-980.129 -5749.09 303.28 40148
-982.776 -5743.74 303.351 40148
-982.777 -5743.74 303.35 40148
-982.778 -5743.75 303.35 40148
-982.779 -5743.75 303.35 40148
-985.425 -5738.4 303.421 40148
-985.426 -5738.4 303.42 40148
-985.427 -5738.4 303.42 40148
-985.428 -5738.41 303.42 40148
-988.075 -5733.05 303.49 40148
-988.076 -5733.06 303.49 40148
-988.077 -5733.06 303.49 40148
-988.078 -5733.06 303.49 40148
-987.784 -5733.74 303.479 50148
-987.786 -5733.74 303.479 50148
-987.787 -5733.75 303.479 50148
-987.788 -5733.75 303.479 50148
-990.291 -5728.33 303.544 50148
-990.292 -5728.33 303.543 50148
-990.293 -5728.33 303.543 50148
-990.294 -5728.34 303.543 50148
-992.797 -5722.92 303.608 50148
-992.798 -5722.92 303.608 50148
-992.8 -5722.92 303.608 50148
-992.801 -5722.93 303.608 50148
-995.304 -5717.5 303.672 50148
-995.305 -5717.51 303.672 50148
-995.306 -5717.51 303.672 50148
-995.308 -5717.51 303.672 50148
-997.681 -5712.03 303.739 50148
-997.682 -5712.04 303.739 50148
-997.683 -5712.04 303.739 50148
-997.684 -5712.04 303.739 50148
-1000.03 -5706.55 303.806 50148
-1000.03 -5706.56 303.806 50148
-1000.04 -5706.56 303.806 50148
-1000.04 -5706.56 303.806 50148
-1002.38 -5701.07 303.873 50148
-1002.39 -5701.07 303.873 50148
-1002.39 -5701.08 303.873 50148
-1002.39 -5701.08 303.873 50148
-1004.69 -5695.57 303.942 50148
-1004.69 -5695.57 303.942 50148
-1004.69 -5695.58 303.942 50148
-1004.7 -5695.58 303.942 50148
-1006.88 -5690.02 304.014 50148
-1006.88 -5690.03 304.014 50148
-1006.88 -5690.03 304.014 50148
-1006.89 -5690.03 304.014 50148
-1009.08 -5684.47 304.086 50148
-1009.08 -5684.47 304.086 50148
-1009.08 -5684.48 304.086 50148
-1009.08 -5684.48 304.086 50148
-1011.27 -5678.9 304.158 50148
-1011.28 -5678.91 304.158 50148
-1011.28 -5678.91 304.158 50148
-1011.28 -5678.91 304.158 50148
-1013.35 -5673.3 304.236 50148
-1013.35 -5673.3 304.236 50148
-1013.35 -5673.3 304.236 50148
-1013.34 -5673.3 304.236 50148
-1015.33 -5667.76 304.313 50148
-1015.33 -5667.76 304.313 50148
-1015.34 -5667.77 304.313 50148
-1015.34 -5667.77 304.313 50148
-1017.28 -5662.36 304.389 50148
-1017.28 -5662.37 304.389 50148
-1017.29 -5662.37 304.389 50148
-1017.29 -5662.38 304.389 50148
-1019.18 -5657.11 304.464 50148
-1019.18 -5657.11 304.464 50148
-1019.19 -5657.12 304.464 50148
-1019.19 -5657.12 304.463 50148
-1020.9 -5651.85 304.545 50148
-1020.9 -5651.86 304.545 50148
-1020.9 -5651.86 304.545 50148
-1020.9 -5651.86 304.545 50148
-1022.63 -5646.55 304.627 50148
-1022.63 -5646.56 304.627 50148
-1022.63 -5646.56 304.627 50148
-1022.63 -5646.56 304.627 50148
-1024.37 -5641.21 304.709 50148
-1024.38 -5641.21 304.709 50148
-1024.38 -5641.21 304.709 50148
-1024.38 -5641.21 304.709 50148
-1026.07 -5635.88 304.793 50148
-1026.08 -5635.88 304.793 50148
-1026.08 -5635.88 304.793 50148
-1026.08 -5635.89 304.793 50148
-1027.61 -5630.62 304.883 50148
-1027.61 -5630.63 304.883 50148
-1027.61 -5630.63 304.883 50148
-1027.62 -5630.64 304.883 50148
-1029.12 -5625.48 304.971 50148
-1029.12 -5625.49 304.971 50148
-1029.12 -5625.49 304.971 50148
-1029.12 -5625.49 304.971 50148
-1030.6 -5620.4 305.058 50148
-1030.61 -5620.4 305.058 50148
-1030.61 -5620.4 305.058 50148
-1030.61 -5620.41 305.058 50148
-1032.06 -5615.32 305.147 50148
-1032.06 -5615.32 305.147 50148
-1032.06 -5615.32 305.147 50148
-1032.06 -5615.33 305.147 50148
-1033.38 -5610.19 305.245 50148
-1033.38 -5610.19 305.245 50148
-1033.39 -5610.2 305.245 50148
-1033.39 -5610.2 305.245 50148
-1034.71 -5605.06 305.343 50148
-1034.71 -5605.06 305.343 50148
-1034.71 -5605.06 305.342 50148
-1034.71 -5605.06 305.342 50148
-1036.03 -5599.92 305.441 50148
-1036.04 -5599.92 305.441 50148
-1036.04 -5599.93 305.44 50148
-1036.04 -5599.93 305.44 50148
-1037.37 -5594.73 305.54 50148
-1037.37 -5594.73 305.54 50148
-1037.37 -5594.74 305.54 50148
-1037.38 -5594.74 305.54 50148
-1038.57 -5589.41 305.654 50148
-1038.57 -5589.41 305.654 50148
-1038.57 -5589.41 305.654 50148
-1038.57 -5589.42 305.654 50148
-1039.79 -5583.96 305.77 50148
-1039.79 -5583.97 305.77 50148
-1039.8 -5583.97 305.77 50148
-1039.8 -5583.97 305.769 50148
-1041.04 -5578.43 305.887 50148
-1041.04 -5578.44 305.887 50148
-1041.05 -5578.45 305.887 50148
-1041.05 -5578.46 305.887 50148
-1042.28 -5572.86 306.008 50148
-1042.28 -5572.87 306.008 50148
-1042.29 -5572.88 306.008 50148
-1042.3 -5572.9 306.007 50148
-1043.37 -5567.26 306.141 50148
-1043.37 -5567.27 306.141 50148
-1043.38 -5567.28 306.141 50148
-1043.38 -5567.29 306.141 50148
-1044.45 -5561.67 306.274 50148
-1044.46 -5561.67 306.274 50148
-1044.46 -5561.68 306.274 50148
-1044.46 -5561.68 306.274 50148
-1045.52 -5556.11 306.406 50148
-1045.52 -5556.11 306.406 50148
-1045.53 -5556.12 306.406 50148
-1045.53 -5556.13 306.406 50148
-1046.53 -5550.61 306.541 50148
-1046.54 -5550.62 306.54 50148
-1046.54 -5550.62 306.54 50148
-1046.54 -5550.63 306.54 50148
-1047.4 -5545.14 306.685 50148
-1047.4 -5545.15 306.685 50148
-1047.4 -5545.15 306.685 50148
-1047.4 -5545.15 306.685 50148
-1048.25 -5539.67 306.83 50148
-1048.25 -5539.68 306.83 50148
-1048.25 -5539.68 306.83 50148
-1048.26 -5539.69 306.83 50148
-1049.11 -5534.2 306.975 50148
-1049.11 -5534.21 306.974 50148
-1049.12 -5534.21 306.974 50148
-1049.12 -5534.22 306.974 50148
-1049.2 -5534.01 306.975 60148
-1049.21 -5534.02 306.975 60148
-1049.22 -5534.03 306.975 60148
-1049.23 -5534.04 306.975 60148
-1049.96 -5528.7 307.127 60148
-1049.96 -5528.71 307.127 60148
-1049.97 -5528.71 307.127 60148
-1049.97 -5528.71 307.127 60148
-1050.69 -5523.46 307.276 60148
-1050.68 -5523.46 307.276 60148
-1050.68 -5523.45 307.276 60148
-1050.68 -5523.45 307.276 60148
-1051.39 -5518.23 307.425 60148
-1051.39 -5518.23 307.425 60148
-1051.38 -5518.23 307.425 60148
-1051.38 -5518.23 307.425 60148
-1052.01 -5512.97 307.577 60148
-1052.01 -5512.97 307.577 60148
-1052.01 -5512.98 307.577 60148
-1052.01 -5512.98 307.577 60148
-1052.59 -5507.65 307.732 60148
-1052.59 -5507.65 307.732 60148
-1052.59 -5507.64 307.732 60148
-1052.59 -5507.64 307.732 60148
-1053.17 -5502.22 307.89 60148
-1053.17 -5502.22 307.89 60148
-1053.17 -5502.22 307.89 60148
-1053.17 -5502.22 307.89 60148
-1053.76 -5496.67 308.052 60148
-1053.76 -5496.67 308.052 60148
-1053.76 -5496.67 308.052 60148
-1053.76 -5496.67 308.052 60148
-1054.21 -5491 308.22 60148
-1054.2 -5491 308.22 60148
-1054.2 -5491 308.22 60148
-1054.2 -5491 308.22 60148
-1054.66 -5485.21 308.392 60148
-1054.66 -5485.2 308.392 60148
-1054.66 -5485.2 308.392 60148
-1054.66 -5485.2 308.392 60148
-1055.12 -5479.31 308.566 60148
-1055.12 -5479.31 308.566 60148
-1055.12 -5479.31 308.566 60148
-1055.12 -5479.31 308.566 60148
-1055.47 -5473.35 308.745 60148
-1055.47 -5473.35 308.745 60148
-1055.47 -5473.35 308.745 60148
-1055.47 -5473.35 308.745 60148
-1055.77 -5467.38 308.924 60148
-1055.77 -5467.38 308.924 60148
-1055.77 -5467.38 308.925 60148
-1055.77 -5467.37 308.925 60148
-1056.07 -5461.41 309.104 60148
-1056.07 -5461.41 309.104 60148
-1056.07 -5461.41 309.104 60148
-1056.07 -5461.41 309.104 60148
-1056.29 -5455.44 309.284 60148
-1056.29 -5455.44 309.284 60148
-1056.29 -5455.44 309.284 60148
-1056.29 -5455.44 309.284 60148
-1056.42 -5449.49 309.465 60148
-1056.42 -5449.49 309.465 60148
-1056.42 -5449.49 309.465 60148
-1056.42 -5449.49 309.465 60148
-1056.56 -5443.59 309.644 60148
-1056.55 -5443.59 309.644 60148
-1056.55 -5443.59 309.644 60148
-1056.55 -5443.59 309.644 60148
-1056.65 -5437.72 309.822 60148
-1056.64 -5437.72 309.822 60148
-1056.64 -5437.71 309.822 60148
-1056.64 -5437.71 309.823 60148
-1056.6 -5431.82 310.002 60148
-1056.6 -5431.82 310.002 60148
-1056.59 -5431.82 310.002 60148
-1056.59 -5431.81 310.003 60148
-1056.56 -5425.87 310.184 60148
-1056.55 -5425.87 310.184 60148
-1056.55 -5425.86 310.184 60148
-1056.55 -5425.86 310.184 60148
-1056.51 -5419.89 310.366 60148
-1056.51 -5419.89 310.366 60148
-1056.5 -5419.89 310.367 60148
-1056.5 -5419.88 310.367 60148
-1056.3 -5413.93 310.549 60148
-1056.3 -5413.93 310.549 60148
-1056.3 -5413.92 310.549 60148
-1056.29 -5413.92 310.549 60148
-1056.09 -5407.97 310.731 60148
-1056.09 -5407.96 310.731 60148
-1056.08 -5407.96 310.731 60148
-1056.08 -5407.96 310.731 60148
-1055.87 -5402.01 310.913 60148
-1055.87 -5402.01 310.913 60148
-1055.87 -5402.01 310.913 60148
-1055.86 -5402 310.913 60148
-1055.55 -5396.08 311.094 60148
-1055.54 -5396.07 311.094 60148
-1055.54 -5396.07 311.094 60148
-1055.54 -5396.07 311.095 60148
-1055.16 -5390.13 311.276 60148
-1055.16 -5390.12 311.276 60148
-1055.16 -5390.12 311.276 60148
-1055.16 -5390.12 311.276 60148
-1054.78 -5384.12 311.459 60148
-1054.78 -5384.12 311.459 60148
-1054.77 -5384.11 311.459 60148
-1054.77 -5384.11 311.459 60148
-1054.32 -5378.01 311.645 60148
-1054.31 -5378 311.645 60148
-1054.31 -5378 311.645 60148
-1054.3 -5378 311.645 60148
-1053.74 -5371.79 311.834 60148
-1053.73 -5371.78 311.834 60148
-1053.73 -5371.78 311.834 60148
-1053.72 -5371.78 311.834 60148
-1053.15 -5365.48 312.025 60148
-1053.15 -5365.48 312.025 60148
-1053.15 -5365.48 312.025 60148
-1053.15 -5365.48 312.025 60148
-1052.53 -5359.12 312.218 60148
-1052.54 -5359.12 312.217 60148
-1052.55 -5359.13 312.217 60148
-1052.56 -5359.14 312.217 60148
-1051.8 -5352.76 312.408 60148
-1051.82 -5352.77 312.408 60148
-1051.84 -5352.79 312.407 60148
-1051.85 -5352.8 312.407 60148
-1051.1 -5346.42 312.598 60148
-1051.12 -5346.44 312.598 60148
-1051.14 -5346.45 312.597 60148
-1051.15 -5346.46 312.597 60148
-1050.8 -5343.25 312.693 70148
-1050.81 -5343.26 312.693 70148
-1050.83 -5343.27 312.692 70148
-1050.84 -5343.29 312.692 70148
-1049.89 -5336.91 312.885 70148
-1049.9 -5336.92 312.884 70148
-1049.91 -5336.93 312.884 70148
-1049.92 -5336.93 312.884 70148
-1048.96 -5330.5 313.079 70148
-1048.96 -5330.5 313.079 70148
-1048.97 -5330.5 313.078 70148
-1048.97 -5330.51 313.078 70148
-1047.99 -5323.98 313.276 70148
-1047.99 -5323.98 313.276 70148
-1047.99 -5323.98 313.276 70148
-1047.99 -5323.98 313.276 70148
-1046.99 -5317.38 313.476 70148
-1046.99 -5317.38 313.476 70148
-1046.99 -5317.38 313.476 70148
-1046.99 -5317.38 313.476 70148
-1045.97 -5310.79 313.674 70148
-1045.97 -5310.79 313.674 70148
-1045.97 -5310.79 313.674 70148
-1045.97 -5310.79 313.674 70148
-1044.66 -5304.34 313.839 70148
-1044.66 -5304.34 313.839 70148
-1044.66 -5304.34 313.839 70148
-1044.66 -5304.34 313.839 70148
-1043.38 -5297.98 314.002 70148
-1043.38 -5297.98 314.002 70148
-1043.38 -5297.98 314.002 70148
-1043.37 -5297.98 314.002 70148
-1042.1 -5291.66 314.164 70148
-1042.09 -5291.66 314.164 70148
-1042.09 -5291.66 314.164 70148
-1042.09 -5291.66 314.164 70148
-1040.8 -5285.3 314.327 70148
-1040.8 -5285.29 314.327 70148
-1040.8 -5285.29 314.328 70148
-1040.8 -5285.29 314.328 70148
-1039.5 -5278.91 314.491 70148
-1039.5 -5278.91 314.491 70148
-1039.49 -5278.9 314.491 70148
-1039.49 -5278.9 314.492 70148
-1037.98 -5272.68 314.627 70148
-1037.98 -5272.68 314.627 70148
-1037.98 -5272.68 314.627 70148
-1037.98 -5272.68 314.627 70148
-1036.5 -5266.64 314.756 70148
-1036.51 -5266.64 314.756 70148
-1036.51 -5266.64 314.756 70148
-1036.51 -5266.65 314.756 70148
-1035.07 -5260.76 314.882 70148
-1035.08 -5260.76 314.882 70148
-1035.08 -5260.76 314.882 70148
-1035.08 -5260.76 314.882 70148
-1033.64 -5254.87 315.009 70148
-1033.64 -5254.87 315.009 70148
-1033.64 -5254.87 315.009 70148
-1033.64 -5254.87 315.009 70148
-1032.16 -5248.84 315.138 70148
-1032.15 -5248.83 315.138 70148
-1032.15 -5248.83 315.138 70148
-1032.14 -5248.83 315.138 70148
-1030.53 -5242.69 315.258 70148
-1030.52 -5242.69 315.258 70148
-1030.52 -5242.69 315.258 70148
-1030.51 -5242.69 315.258 70148
-1028.8 -5236.57 315.366 70148
-1028.8 -5236.57 315.366 70148
-1028.8 -5236.57 315.366 70148
-1028.79 -5236.57 315.366 70148
-1027.11 -5230.57 315.472 70148
-1027.12 -5230.57 315.472 70148
-1027.12 -5230.57 315.472 70148
-1027.13 -5230.57 315.472 70148
-1025.49 -5224.72 315.575 70148
-1025.49 -5224.72 315.575 70148
-1025.49 -5224.72 315.575 70148
-1025.49 -5224.72 315.575 70148
-1023.87 -5218.96 315.677 70148
-1023.87 -5218.96 315.677 70148
-1023.87 -5218.96 315.677 70148
-1023.87 -5218.96 315.677 70148
-1022.26 -5213.21 315.778 70148
-1022.26 -5213.21 315.778 70148
-1022.26 -5213.21 315.778 70148
-1022.26 -5213.21 315.778 70148
-1020.51 -5207.49 315.86 70148
-1020.51 -5207.49 315.86 70148
-1020.51 -5207.49 315.86 70148
-1020.51 -5207.49 315.86 70148
-1018.76 -5201.76 315.943 70148
-1018.76 -5201.76 315.943 70148
-1018.76 -5201.76 315.943 70148
-1018.76 -5201.76 315.943 70148
-1017.01 -5196.04 316.025 70148
-1017 -5196.03 316.025 70148
-1017 -5196.03 316.025 70148
-1017 -5196.03 316.025 70148
-1015.25 -5190.31 316.107 70148
-1015.25 -5190.31 316.107 70148
-1015.25 -5190.31 316.107 70148
-1015.25 -5190.31 316.107 70148
-1013.5 -5184.58 316.189 70148
-1013.5 -5184.58 316.189 70148
-1013.5 -5184.58 316.189 70148
-1013.5 -5184.58 316.189 70148
-1011.72 -5178.86 316.265 70148
-1011.72 -5178.86 316.265 70148
-1011.71 -5178.86 316.265 70148
-1011.71 -5178.86 316.265 70148
-1009.88 -5173.16 316.331 70148
-1009.87 -5173.16 316.331 70148
-1009.87 -5173.16 316.331 70148
-1009.87 -5173.16 316.331 70148
-1008.03 -5167.46 316.396 70148
-1008.03 -5167.46 316.396 70148
-1008.03 -5167.46 316.396 70148
-1008.03 -5167.46 316.396 70148
-1006.19 -5161.74 316.462 70148
-1006.18 -5161.74 316.462 70148
-1006.18 -5161.74 316.462 70148
-1006.18 -5161.74 316.462 70148
-1004.34 -5156.04 316.527 70148
-1004.34 -5156.04 316.527 70148
-1004.34 -5156.04 316.528 70148
-1004.34 -5156.04 316.528 70148
-1002.52 -5150.41 316.592 70148
-1002.52 -5150.41 316.592 70148
-1002.52 -5150.41 316.592 70148
-1002.52 -5150.41 316.592 70148
-1000.71 -5144.88 316.647 70148
-1000.71 -5144.88 316.647 70148
-1000.71 -5144.88 316.647 70148
-1000.71 -5144.88 316.647 70148
-998.9 -5139.41 316.697 70148
-998.901 -5139.41 316.697 70148
-998.902 -5139.41 316.697 70148
-998.903 -5139.41 316.697 70148
-997.077 -5133.89 316.747 70148
-997.075 -5133.88 316.748 70148
-997.072 -5133.88 316.748 70148
-997.07 -5133.88 316.748 70148
-995.215 -5128.28 316.799 70148
-995.214 -5128.28 316.799 70148
-995.213 -5128.28 316.799 70148
-995.213 -5128.27 316.799 70148
-993.328 -5122.58 316.85 70148
-993.327 -5122.58 316.85 70148
-993.326 -5122.58 316.85 70148
-993.326 -5122.57 316.85 70148
-991.423 -5116.82 316.903 70148
-991.424 -5116.82 316.903 70148
-991.424 -5116.82 316.903 70148
-991.424 -5116.82 316.903 70148
-989.532 -5111.08 316.946 70148
-989.531 -5111.08 316.946 70148
-989.53 -5111.08 316.946 70148
-989.529 -5111.08 316.946 70148
-987.667 -5105.43 316.987 70148
-987.669 -5105.44 316.987 70148
-987.671 -5105.44 316.987 70148
-987.674 -5105.44 316.987 70148
-985.851 -5099.9 317.027 70148
-985.852 -5099.9 317.027 70148
-985.853 -5099.9 317.027 70148
-985.853 -5099.9 317.027 70148
-984.046 -5094.42 317.066 70148
-984.047 -5094.42 317.066 70148
-984.047 -5094.42 317.066 70148
-984.048 -5094.42 317.066 70148
-982.226 -5088.89 317.106 70148
-982.227 -5088.89 317.106 70148
-982.227 -5088.89 317.106 70148
-982.228 -5088.89 317.106 70148
-980.397 -5083.33 317.146 70148
-980.398 -5083.33 317.146 70148
-980.399 -5083.33 317.146 70148
-980.399 -5083.33 317.146 70148
-978.628 -5077.79 317.178 70148
-978.629 -5077.79 317.178 70148
-978.629 -5077.79 317.178 70148
-978.63 -5077.79 317.178 70148
-976.869 -5072.27 317.21 70148
-976.871 -5072.27 317.21 70148
-976.873 -5072.28 317.21 70148
-976.876 -5072.28 317.21 70148
-975.1 -5066.71 317.242 70148
-975.099 -5066.71 317.242 70148
-975.098 -5066.71 317.242 70148
-975.097 -5066.71 317.242 70148
-973.295 -5061.07 317.275 70148
-973.294 -5061.07 317.275 70148
-973.293 -5061.07 317.275 70148
-973.292 -5061.07 317.275 70148
-971.491 -5055.43 317.308 70148
-971.493 -5055.44 317.308 70148
-971.495 -5055.44 317.308 70148
-971.498 -5055.44 317.308 70148
-969.737 -5049.87 317.339 70148
-969.738 -5049.87 317.339 70148
-969.739 -5049.87 317.339 70148
-969.739 -5049.87 317.339 70148
-968.079 -5044.34 317.366 70148
-968.081 -5044.34 317.366 70148
-968.084 -5044.34 317.366 70148
-968.086 -5044.35 317.366 70148
-966.418 -5038.79 317.393 70148
-966.418 -5038.79 317.393 70148
-966.418 -5038.79 317.393 70148
-966.419 -5038.79 317.393 70148
-964.72 -5033.13 317.421 70148
-964.162 -5031.27 317.43 70148
-963.603 -5029.41 317.439 70148
-963.045 -5027.55 317.448 70148
-962.486 -5025.7 317.457 70148
-961.928 -5023.84 317.466 70148
-961.369 -5021.98 317.475 70148
-960.811 -5020.12 317.484 70148
-960.253 -5018.26 317.493 70148
-961.057 -5021.13 317.481 80148
-960.487 -5019.27 317.491 80148
-959.917 -5017.4 317.501 80148
-959.347 -5015.54 317.51 80148
-958.777 -5013.68 317.52 80148
-958.207 -5011.82 317.53 80148
-957.637 -5009.95 317.54 80148
-957.067 -5008.09 317.549 80148
-956.497 -5006.23 317.559 80148
-955.934 -5004.36 317.569 80148
-955.38 -5002.5 317.579 80148
-954.825 -5000.63 317.589 80148
-954.271 -4998.76 317.599 80148
-953.716 -4996.89 317.61 80148
-953.161 -4995.03 317.62 80148
-952.607 -4993.16 317.63 80148
-952.052 -4991.29 317.64 80148
-951.498 -4989.43 317.65 80148
-950.945 -4987.56 317.66 80148
-950.406 -4985.69 317.671 80148
-949.867 -4983.81 317.681 80148
-949.328 -4981.94 317.691 80148
-948.789 -4980.07 317.702 80148
-948.251 -4978.2 317.712 80148
-947.712 -4976.33 317.723 80148
-947.173 -4974.46 317.733 80148
-946.634 -4972.58 317.743 80148
-946.095 -4970.71 317.754 80148
-945.568 -4968.84 317.764 80148
-945.045 -4966.96 317.775 80148
-944.522 -4965.08 317.785 80148
-943.999 -4963.21 317.796 80148
-943.477 -4961.33 317.807 80148
-942.954 -4959.45 317.817 80148
-942.431 -4957.58 317.828 80148
-941.908 -4955.7 317.838 80148
-941.386 -4953.83 317.849 80148
-940.868 -4951.95 317.859 80148
-940.361 -4950.07 317.87 80148
-939.855 -4948.19 317.88 80148
-939.349 -4946.31 317.891 80148
-938.842 -4944.42 317.902 80148
-938.336 -4942.54 317.912 80148
-937.829 -4940.66 317.923 80148
-937.323 -4938.78 317.933 80148
-936.817 -4936.9 317.944 80148
-936.31 -4935.02 317.954 80148
-935.819 -4933.14 317.965 80148
-935.329 -4931.25 317.975 80148
-934.84 -4929.37 317.986 80148
-934.35 -4927.48 317.996 80148
-933.86 -4925.59 318.007 80148
-933.37 -4923.71 318.017 80148
-932.881 -4921.82 318.028 80148
-932.391 -4919.94 318.038 80148
-931.901 -4918.05 318.049 80148
-931.42 -4916.17 318.059 80148
-930.947 -4914.28 318.069 80148
-930.475 -4912.39 318.08 80148
-930.002 -4910.5 318.09 80148
-929.529 -4908.61 318.1 80148
-929.057 -4906.72 318.11 80148
-928.584 -4904.83 318.121 80148
-928.111 -4902.94 318.131 80148
-927.638 -4901.05 318.141 80148
-927.167 -4899.16 318.151 80148
-926.712 -4897.27 318.161 80148
-926.257 -4895.37 318.171 80148
-925.801 -4893.48 318.181 80148
-925.346 -4891.58 318.191 80148
-924.89 -4889.69 318.201 80148
-924.435 -4887.8 318.211 80148
-923.979 -4885.9 318.221 80148
-923.524 -4884.01 318.23 80148
-923.069 -4882.11 318.24 80148
-922.625 -4880.22 318.25 80148
-922.187 -4878.32 318.259 80148
-921.75 -4876.42 318.269 80148
-921.312 -4874.52 318.278 80148
-920.874 -4872.63 318.288 80148
-920.436 -4870.73 318.297 80148
-919.998 -4868.83 318.306 80148
-919.561 -4866.93 318.316 80148
-919.123 -4865.03 318.325 80148
-918.69 -4863.14 318.335 80148
-918.27 -4861.23 318.343 80148
-917.85 -4859.33 318.352 80148
-917.43 -4857.43 318.361 80148
-917.01 -4855.53 318.37 80148
-916.59 -4853.63 318.379 80148
-916.17 -4851.72 318.387 80148
-915.75 -4849.82 318.396 80148
-915.33 -4847.92 318.405 80148
-914.911 -4846.02 318.414 80148
-914.683 -4844.96 318.418 90148
-914.274 -4843.06 318.426 90148
-913.864 -4841.15 318.434 90148
-913.455 -4839.25 318.442 90148
-913.048 -4837.35 318.45 90148
-912.649 -4835.44 318.458 90148
-912.25 -4833.53 318.467 90148
-911.851 -4831.63 318.475 90148
-911.452 -4829.72 318.484 90148
-911.059 -4827.81 318.493 90148
-910.67 -4825.9 318.502 90148
-910.28 -4824 318.512 90148
-909.89 -4822.09 318.521 90148
-909.502 -4820.18 318.53 90148
-909.121 -4818.27 318.54 90148
-908.74 -4816.36 318.55 90148
-908.359 -4814.45 318.561 90148
-907.978 -4812.54 318.571 90148
-907.602 -4810.63 318.581 90148
-907.229 -4808.72 318.592 90148
-906.857 -4806.81 318.603 90148
-906.484 -4804.89 318.614 90148
-906.112 -4802.98 318.625 90148
-905.746 -4801.07 318.637 90148
-905.381 -4799.16 318.648 90148
-905.016 -4797.24 318.66 90148
-904.651 -4795.33 318.672 90148
-904.289 -4793.42 318.684 90148
-903.931 -4791.5 318.697 90148
-903.573 -4789.59 318.71 90148
-903.215 -4787.67 318.722 90148
-902.856 -4785.76 318.735 90148
-902.504 -4783.84 318.749 90148
-902.152 -4781.93 318.763 90148
-901.8 -4780.01 318.776 90148
-901.448 -4778.1 318.79 90148
-901.098 -4776.18 318.804 90148
-900.752 -4774.27 318.819 90148
-900.406 -4772.35 318.834 90148
-900.06 -4770.43 318.848 90148
-899.713 -4768.52 318.863 90148
-899.371 -4766.6 318.879 90148
-899.03 -4764.68 318.895 90148
-898.689 -4762.76 318.911 90148
-898.348 -4760.85 318.926 90148
-898.092 -4759.37 318.941 100148
-897.779 -4757.45 318.969 100148
-897.461 -4755.52 318.996 100148
-897.139 -4753.6 319.022 100148
-896.815 -4751.69 319.047 100148
-896.488 -4749.77 319.072 100148
-896.161 -4747.85 319.096 100148
-895.835 -4745.93 319.12 100148
-895.51 -4744.01 319.143 100148
-895.189 -4742.09 319.165 100148
-894.872 -4740.17 319.186 100148
-894.56 -4738.25 319.207 100148
-894.253 -4736.32 319.227 100148
-893.957 -4734.4 319.246 100148
-893.744 -4732.89 319.271 110148
-893.481 -4730.96 319.308 110148
-893.21 -4729.04 319.343 110148
-892.937 -4727.12 319.378 110148
-892.659 -4725.19 319.411 110148
-892.378 -4723.27 319.444 110148
-892.095 -4721.35 319.476 110148
-891.81 -4719.43 319.507 110148
-891.524 -4717.5 319.538 110148
-891.237 -4715.58 319.568 110148
-890.95 -4713.66 319.598 110148
-890.664 -4711.74 319.627 110148
-890.379 -4709.81 319.656 110148
-890.096 -4707.89 319.684 110148
-889.815 -4705.97 319.713 110148
-889.538 -4704.05 319.741 110148
-889.265 -4702.12 319.768 110148
-888.994 -4700.2 319.796 110148
-888.796 -4698.76 319.831 120148
-888.529 -4696.83 319.875 120148
-888.263 -4694.9 319.917 120148
-887.998 -4692.97 319.959 120148
-887.734 -4691.04 319.999 120148
-887.471 -4689.11 320.038 120148
-887.209 -4687.18 320.078 120148
-886.95 -4685.25 320.116 120148
-886.692 -4683.32 320.156 120148
-886.436 -4681.39 320.195 120148
-886.183 -4679.46 320.235 120148
-885.932 -4677.53 320.275 120148
-885.686 -4675.59 320.317 120148
-885.442 -4673.66 320.361 120148
-885.2 -4671.73 320.405 120148
-884.964 -4669.8 320.452 120148
-884.791 -4668.37 320.487 130148
-884.56 -4666.44 320.534 130148
-884.328 -4664.51 320.582 130148
-884.097 -4662.57 320.629 130148
-883.865 -4660.64 320.677 130148
-883.634 -4658.71 320.724 130148
-883.409 -4656.77 320.772 130148
-883.186 -4654.84 320.819 130148
-882.963 -4652.9 320.867 130148
-882.74 -4650.97 320.915 130148
-882.517 -4649.03 320.962 130148
-882.298 -4647.1 321.01 130148
-882.084 -4645.16 321.058 130148
-881.87 -4643.23 321.106 130148
-881.656 -4641.29 321.155 130148
-881.442 -4639.36 321.203 130148
-881.229 -4637.42 321.251 130148
-881.024 -4635.48 321.301 130148
-880.819 -4633.55 321.35 130148
-880.615 -4631.61 321.4 130148
-880.41 -4629.67 321.449 130148
-880.205 -4627.74 321.499 130148
-880.007 -4625.8 321.55 130148
-879.812 -4623.86 321.601 130148
-879.617 -4621.93 321.653 130148
-879.422 -4619.99 321.705 130148
-879.227 -4618.05 321.756 130148
-879.034 -4616.11 321.809 130148
-878.849 -4614.18 321.863 130148
-878.664 -4612.24 321.917 130148
-878.479 -4610.3 321.971 130148
-878.294 -4608.36 322.026 130148
-878.108 -4606.42 322.08 130148
-877.933 -4604.48 322.137 130148
-877.758 -4602.54 322.195 130148
-877.583 -4600.6 322.253 130148
-877.408 -4598.67 322.31 130148
-877.233 -4596.73 322.368 130148
-877.064 -4594.79 322.428 130148
-876.899 -4592.85 322.49 130148
-876.735 -4590.91 322.551 130148
-876.57 -4588.97 322.613 130148
-876.406 -4587.03 322.675 130148
-876.243 -4585.09 322.737 130148
-876.09 -4583.15 322.804 130148
-875.936 -4581.21 322.87 130148
-875.783 -4579.27 322.936 130148
-875.629 -4577.32 323.003 130148
-875.475 -4575.38 323.069 130148
-875.331 -4573.44 323.14 130148
-875.188 -4571.5 323.212 130148
-875.046 -4569.56 323.283 130148
-874.904 -4567.62 323.355 130148
-874.761 -4565.68 323.427 130148
-874.661 -4564.31 323.476 140148
-874.523 -4562.37 323.543 140148
-874.385 -4560.43 323.61 140148
-874.247 -4558.49 323.677 140148
-874.109 -4556.55 323.744 140148
-873.971 -4554.61 323.811 140148
-873.833 -4552.66 323.878 140148
-873.695 -4550.72 323.945 140148
-873.571 -4548.78 324.014 140148
-873.454 -4546.84 324.084 140148
-873.338 -4544.9 324.154 140148
-873.221 -4542.96 324.224 140148
-873.104 -4541.01 324.294 140148
-872.988 -4539.07 324.364 140148
-872.871 -4537.13 324.434 140148
-872.755 -4535.19 324.503 140148
-872.654 -4533.24 324.575 140148
-872.556 -4531.3 324.647 140148
-872.458 -4529.36 324.72 140148
-872.36 -4527.41 324.792 140148
-872.262 -4525.47 324.864 140148
-872.164 -4523.53 324.936 140148
-872.066 -4521.59 325.008 140148
-871.969 -4519.64 325.08 140148
-871.887 -4517.7 325.154 140148
-871.805 -4515.75 325.228 140148
-871.723 -4513.81 325.302 140148
-871.641 -4511.87 325.376 140148
-871.559 -4509.92 325.45 140148
-871.477 -4507.98 325.524 140148
-871.394 -4506.04 325.597 140148
-871.317 -4504.09 325.672 140148
-871.248 -4502.15 325.747 140148
-871.179 -4500.2 325.822 140148
-871.11 -4498.26 325.897 140148
-871.041 -4496.31 325.972 140148
-870.972 -4494.37 326.047 140148
-870.903 -4492.43 326.122 140148
-870.834 -4490.48 326.197 140148
-870.77 -4488.54 326.273 140148
-870.712 -4486.59 326.349 140148
-870.653 -4484.65 326.424 140148
-870.595 -4482.7 326.5 140148
-870.536 -4480.76 326.576 140148
-870.478 -4478.81 326.652 140148
-870.419 -4476.87 326.727 140148
-870.36 -4474.92 326.803 140148
-870.308 -4472.98 326.879 140148
-870.257 -4471.04 326.955 140148
-870.206 -4469.09 327.031 140148
-870.155 -4467.15 327.107 140148
-870.104 -4465.2 327.183 140148
-870.053 -4463.26 327.259 140148
-870.002 -4461.31 327.335 140148
-869.952 -4459.37 327.411 140148
-869.906 -4457.42 327.486 140148
-869.86 -4455.48 327.562 140148
-869.814 -4453.53 327.638 140148
-869.768 -4451.59 327.713 140148
-869.722 -4449.64 327.789 140148
-869.676 -4447.7 327.864 140148
-869.63 -4445.75 327.94 140148
-869.585 -4443.81 328.015 140148
-869.541 -4441.86 328.09 140148
-869.497 -4439.92 328.165 140148
-869.453 -4437.97 328.24 140148
-869.41 -4436.03 328.314 140148
-869.366 -4434.08 328.389 140148
-869.322 -4432.14 328.464 140148
-869.279 -4430.19 328.539 140148
-869.235 -4428.25 328.613 140148
-869.19 -4426.3 328.686 140148
-869.146 -4424.36 328.759 140148
-869.102 -4422.41 328.833 140148
-869.057 -4420.47 328.906 140148
-869.013 -4418.52 328.979 140148
-868.969 -4416.58 329.053 140148
-868.925 -4414.63 329.126 140148
-868.893 -4413.28 329.179 150148
-868.847 -4411.34 329.254 150148
-868.801 -4409.4 329.33 150148
-868.755 -4407.46 329.405 150148
-868.709 -4405.51 329.481 150148
-868.663 -4403.57 329.556 150148
-868.617 -4401.63 329.631 150148
-868.571 -4399.69 329.706 150148
-868.525 -4397.75 329.781 150148
-868.479 -4395.8 329.855 150148
-868.433 -4393.86 329.93 150148
-868.387 -4391.92 330.005 150148
-868.341 -4389.98 330.08 150148
-868.295 -4388.03 330.154 150148
-868.248 -4386.09 330.229 150148
-868.202 -4384.15 330.303 150148
-868.156 -4382.21 330.378 150148
-868.11 -4380.26 330.452 150148
-868.064 -4378.32 330.527 150148
-868.017 -4376.38 330.601 150148
-867.971 -4374.44 330.676 150148
-867.924 -4372.49 330.751 150148
-867.878 -4370.55 330.825 150148
-867.831 -4368.61 330.9 150148
-867.785 -4366.67 330.975 150148
-867.738 -4364.73 331.05 150148
-867.692 -4362.78 331.125 150148
-867.645 -4360.84 331.201 150148
-867.598 -4358.9 331.276 150148
-867.551 -4356.96 331.351 150148
-867.505 -4355.01 331.427 150148
-867.458 -4353.07 331.503 150148
-867.411 -4351.13 331.579 150148
-867.363 -4349.19 331.655 150148
-867.316 -4347.24 331.732 150148
-867.269 -4345.3 331.808 150148
-867.222 -4343.36 331.884 150148
-867.175 -4341.42 331.962 150148
-867.127 -4339.48 332.04 150148
-867.08 -4337.53 332.117 150148
-867.032 -4335.59 332.195 150148
-866.985 -4333.65 332.273 150148
-866.937 -4331.71 332.351 150148
-866.89 -4329.76 332.429 150148
-866.842 -4327.82 332.509 150148
-866.794 -4325.88 332.589 150148
-866.746 -4323.94 332.669 150148
-866.698 -4322 332.749 150148
-866.65 -4320.05 332.828 150148
-866.602 -4318.11 332.908 150148
-866.553 -4316.17 332.991 150148
-866.504 -4314.23 333.073 150148
-866.456 -4312.29 333.155 150148
-866.407 -4310.34 333.237 150148
-866.359 -4308.4 333.319 150148
-866.31 -4306.46 333.401 150148
-866.261 -4304.52 333.486 150148
-866.212 -4302.58 333.571 150148
-866.163 -4300.63 333.656 150148
-866.114 -4298.69 333.741 150148
-866.064 -4296.75 333.826 150148
-866.015 -4294.81 333.911 150148
-865.997 -4293.31 334.001 160148
-865.975 -4291.37 334.013 160148
-865.951 -4289.96 334.1 170148
-865.91 -4288.02 334.182 170148
-865.868 -4286.07 334.264 170148
-865.826 -4284.13 334.345 170148
-865.785 -4282.19 334.427 170148
-865.743 -4280.25 334.509 170148
-865.702 -4278.3 334.59 170148
-865.66 -4276.36 334.672 170148
-865.616 -4274.42 334.755 170148
-865.572 -4272.48 334.84 170148
-865.527 -4270.54 334.924 170148
-865.483 -4268.59 335.008 170148
-865.438 -4266.65 335.092 170148
-865.393 -4264.71 335.177 170148
-865.349 -4262.77 335.261 170148
-865.304 -4260.83 335.345 170148
-865.257 -4258.88 335.432 170148
-865.21 -4256.94 335.518 170148
-865.163 -4255 335.605 170148
-865.116 -4253.06 335.692 170148
-865.069 -4251.12 335.778 170148
-865.023 -4249.17 335.865 170148
-864.976 -4247.23 335.951 170148
-864.928 -4245.29 336.039 170148
-864.879 -4243.35 336.128 170148
-864.831 -4241.41 336.217 170148
-864.783 -4239.47 336.305 170148
-864.734 -4237.52 336.394 170148
-864.686 -4235.58 336.483 170148
-864.637 -4233.64 336.571 170148
-864.589 -4231.7 336.66 170148
-864.539 -4229.76 336.75 170148
-864.49 -4227.81 336.841 170148
-864.441 -4225.87 336.932 170148
-864.391 -4223.93 337.022 170148
-864.342 -4221.99 337.113 170148
-864.293 -4220.05 337.203 170148
-864.243 -4218.11 337.294 170148
-864.194 -4216.16 337.385 170148
-864.145 -4214.22 337.477 170148
-864.095 -4212.28 337.569 170148
-864.046 -4210.34 337.661 170148
-863.996 -4208.4 337.753 170148
-863.947 -4206.46 337.846 170148
-863.897 -4204.52 337.938 170148
-863.848 -4202.57 338.03 170148
-863.799 -4200.63 338.123 170148
-863.75 -4198.69 338.216 170148
-863.701 -4196.75 338.31 170148
-863.652 -4194.81 338.403 170148
-863.603 -4192.87 338.497 170148
-863.554 -4190.92 338.59 170148
-863.506 -4188.98 338.684 170148
-863.457 -4187.04 338.778 170148
-863.409 -4185.1 338.872 170148
-863.362 -4183.16 338.967 170148
-863.314 -4181.22 339.061 170148
-863.266 -4179.28 339.156 170148
-863.219 -4177.33 339.251 170148
-863.171 -4175.39 339.345 170148
-863.124 -4173.45 339.44 170148
-863.077 -4171.51 339.535 170148
-863.031 -4169.57 339.63 170148
-862.986 -4167.63 339.726 170148
-862.94 -4165.68 339.821 170148
-862.895 -4163.74 339.917 170148
-862.849 -4161.8 340.012 170148
-862.804 -4159.86 340.107 170148
-862.758 -4157.92 340.203 170148
-862.715 -4155.98 340.299 170148
-862.672 -4154.04 340.395 170148
-862.629 -4152.09 340.491 170148
-862.586 -4150.15 340.587 170148
-862.544 -4148.21 340.683 170148
-862.501 -4146.27 340.779 170148
-862.458 -4144.33 340.875 170148
-862.426 -4142.89 340.949 180148
-862.385 -4140.95 341.067 180148
-862.343 -4139.01 341.182 180148
-862.301 -4137.07 341.287 180148
-862.258 -4135.12 341.388 180148
-862.214 -4133.18 341.483 180148
-862.17 -4131.24 341.575 180148
-862.126 -4129.3 341.664 180148
-862.081 -4127.36 341.751 180148
-862.036 -4125.42 341.837 180148
-861.99 -4123.48 341.925 180148
-861.944 -4121.54 342.013 180148
-861.898 -4119.6 342.105 180148
-861.852 -4117.65 342.2 180148
-861.805 -4115.71 342.3 180148
-861.758 -4113.77 342.406 180148
-861.711 -4111.83 342.519 180148
-861.664 -4109.89 342.641 180148
-861.617 -4107.96 342.768 180148
-861.583 -4106.51 342.813 190148
-861.536 -4104.57 342.885 190148
-861.488 -4102.63 342.964 190148
-861.439 -4100.68 343.047 190148
-861.39 -4098.74 343.134 190148
-861.34 -4096.8 343.226 190148
-861.29 -4094.86 343.319 190148
-861.24 -4092.92 343.417 190148
-861.189 -4090.98 343.516 190148
-861.139 -4089.04 343.617 190148
-861.088 -4087.1 343.72 190148
-861.038 -4085.15 343.823 190148
-860.988 -4083.21 343.926 190148
-860.938 -4081.27 344.029 190148
-860.889 -4079.33 344.132 190148
-860.841 -4077.39 344.232 190148
-860.805 -4075.95 344.307 200148
-860.759 -4074.01 344.4 200148
-860.714 -4072.07 344.494 200148
-860.67 -4070.12 344.59 200148
-860.627 -4068.18 344.686 200148
-860.585 -4066.24 344.784 200148
-860.543 -4064.3 344.883 200148
-860.502 -4062.36 344.983 200148
-860.461 -4060.42 345.083 200148
-860.42 -4058.48 345.184 200148
-860.378 -4056.54 345.286 200148
-860.336 -4054.6 345.388 200148
-860.294 -4052.66 345.491 200148
-860.25 -4050.72 345.593 200148
-860.206 -4048.78 345.696 200148
-860.16 -4046.83 345.799 200148
-860.113 -4044.89 345.901 200148
-860.064 -4042.95 346.003 200148
-860.013 -4041.01 346.105 200148
-859.976 -4039.57 346.168 210148
-859.925 -4037.62 346.247 210148
-859.874 -4035.68 346.334 210148
-859.824 -4033.74 346.426 210148
-859.775 -4031.79 346.522 210148
-859.726 -4029.85 346.621 210148
-859.677 -4027.91 346.723 210148
-859.63 -4025.96 346.824 210148
-859.584 -4024.02 346.926 210148
-859.538 -4022.08 347.026 210148
-859.494 -4020.14 347.123 210148
-859.45 -4018.19 347.216 210148
-859.408 -4016.25 347.305 210148
-859.367 -4014.31 347.387 210148
-859.335 -4012.87 347.462 220148
-859.292 -4010.93 347.564 220148
-859.248 -4008.99 347.667 220148
-859.205 -4007.05 347.769 220148
-859.161 -4005.11 347.871 220148
-859.118 -4003.17 347.973 220148
-859.074 -4001.23 348.075 220148
-859.031 -3999.29 348.178 220148
-858.987 -3997.34 348.279 220148
-858.943 -3995.4 348.378 220148
-858.899 -3993.46 348.476 220148
-858.855 -3991.52 348.575 220148
-858.811 -3989.58 348.674 220148
-858.767 -3987.64 348.773 220148
-858.723 -3985.7 348.871 220148
-858.679 -3983.76 348.97 220148
-858.635 -3981.81 349.069 220148
-858.59 -3979.87 349.165 220148
-858.546 -3977.93 349.261 220148
-858.501 -3975.99 349.357 220148
-858.456 -3974.05 349.453 220148
-858.412 -3972.11 349.55 220148
-858.367 -3970.17 349.646 220148
-858.323 -3968.22 349.742 220148
-858.278 -3966.28 349.838 220148
-858.233 -3964.34 349.933 220148
-858.188 -3962.4 350.027 220148
-858.143 -3960.46 350.122 220148
-858.098 -3958.52 350.216 220148
-858.053 -3956.58 350.31 220148
-858.007 -3954.63 350.405 220148
-857.962 -3952.69 350.499 220148
-857.917 -3950.75 350.593 220148
-857.872 -3948.81 350.688 220148
-857.826 -3946.87 350.781 220148
-857.78 -3944.93 350.874 220148
-857.735 -3942.99 350.968 220148
-857.689 -3941.04 351.061 220148
-857.643 -3939.1 351.154 220148
-857.597 -3937.16 351.248 220148
-857.551 -3935.22 351.341 220148
-857.506 -3933.28 351.434 220148
-857.459 -3931.34 351.528 220148
-857.413 -3929.39 351.621 220148
-857.366 -3927.45 351.714 220148
-857.32 -3925.51 351.807 220148
-857.273 -3923.57 351.9 220148
-857.227 -3921.63 351.994 220148
-857.181 -3919.69 352.087 220148
-857.134 -3917.75 352.18 220148
-857.087 -3915.8 352.273 220148
-857.04 -3913.86 352.367 220148
-856.993 -3911.92 352.461 220148
-856.946 -3909.98 352.555 220148
-856.899 -3908.04 352.649 220148
-856.852 -3906.1 352.743 220148
-856.804 -3904.16 352.837 220148
-856.757 -3902.21 352.931 220148
-856.71 -3900.27 353.025 220148
-856.662 -3898.33 353.12 220148
-856.614 -3896.39 353.215 220148
-856.566 -3894.45 353.311 220148
-856.519 -3892.51 353.406 220148
-856.471 -3890.57 353.502 220148
-856.423 -3888.62 353.597 220148
-856.375 -3886.68 353.693 220148
-856.327 -3884.74 353.788 220148
-856.279 -3882.8 353.885 220148
-856.23 -3880.86 353.982 220148
-856.181 -3878.92 354.08 220148
-856.132 -3876.98 354.178 220148
-856.084 -3875.04 354.276 220148
-856.035 -3873.09 354.374 220148
-855.986 -3871.15 354.471 220148
-855.938 -3869.21 354.569 220148
-855.889 -3867.27 354.667 220148
-855.839 -3865.33 354.768 220148
-855.79 -3863.39 354.869 220148
-855.74 -3861.45 354.97 220148
-855.691 -3859.51 355.071 220148
-855.641 -3857.57 355.172 220148
-855.592 -3855.62 355.273 220148
-855.542 -3853.68 355.374 220148
-855.493 -3851.74 355.475 220148
-855.46 -3850.28 355.55 230148
-855.418 -3848.34 355.651 230148
-855.375 -3846.4 355.752 230148
-855.332 -3844.46 355.853 230148
-855.289 -3842.51 355.954 230148
-855.247 -3840.57 356.055 230148
-855.202 -3838.63 356.155 230148
-855.158 -3836.69 356.254 230148
-855.113 -3834.75 356.354 230148
-855.069 -3832.81 356.454 230148
-855.025 -3830.87 356.554 230148
-854.98 -3828.93 356.653 230148
-854.934 -3826.98 356.751 230148
-854.888 -3825.04 356.849 230148
-854.843 -3823.1 356.948 230148
-854.797 -3821.16 357.046 230148
-854.751 -3819.22 357.144 230148
-854.705 -3817.28 357.241 230148
-854.658 -3815.34 357.338 230148
-854.612 -3813.4 357.435 230148
-854.565 -3811.45 357.532 230148
-854.518 -3809.51 357.628 230148
-854.471 -3807.57 357.725 230148
-854.424 -3805.63 357.82 230148
-854.377 -3803.69 357.915 230148
-854.33 -3801.75 358.01 230148
-854.282 -3799.81 358.105 230148
-854.235 -3797.86 358.2 230148
0 0 0 0
0 0 0 0
0 0 0 0
0 0 0 0
0 0 0 0
0 0 0 0
0 0 0 0
0 0 0 0
0 0 0 0
0 0 0 0
0 0 0 0
0 0 0 0
0 0 0 0
0 0 0 0
0 0 0 0
0 0 0 0
0 0 0 0
0 0 0 0
0 0 0 0
0 0 0 0
0 0 0 0
0 0 0 0
0 0 0 0
0 0 0 0
0 0 0 0
0 0 0 0
0 0 0 0
0 0 0 0
0 0 0 0
0 0 0 0
0 0 0 0
0 0 0 0
0 0 0 0
0 0 0 0
0 0 0 0
0 0 0 0
0 0 0 0
0 0 0 0
0 0 0 0
0 0 0 0
0 0 0 0
0 0 0 0
0 0 0 0
0 0 0 0
0 0 0 0
0 0 0 0
0 0 0 0
0 0 0 0
0 0 0 0
0 0 0 0
0 0 0 0
0 0 0 0
0 0 0 0
0 0 0 0
0 0 0 0
0 0 0 0
0 0 0 0
0 0 0 0
0 0 0 0
0 0 0 0
0 0 0 0
0 0 0 0
0 0 0 0
0 0 0 0
0 0 0 0
0 0 0 0
0 0 0 0
0 0 0 0
0 0 0 0
0 0 0 0
0 0 0 0
0 0 0 0
0 0 0 0
0 0 0 0
0 0 0 0
0 0 0 0
0 0 0 0
0 0 0 0
0 0 0 0
0 0 0 0
0 0 0 0
0 0 0 0
0 0 0 0
0 0 0 0
0 0 0 0
0 0 0 0
0 0 0 0
0 0 0 0
0 0 0 0
0 0 0 0
0 0 0 0
0 0 0 0
0 0 0 0
0 0 0 0
0 0 0 0
0 0 0 0
0 0 0 0
0 0 0 0
0 0 0 0
0 0 0 0
0 0 0 0
0 0 0 0
0 0 0 0
0 0 0 0
0 0 0 0
0 0 0 0
0 0 0 0
0 0 0 0
0 0 0 0
0 0 0 0
0 0 0 0
0 0 0 0
0 0 0 0
0 0 0 0
0 0 0 0
0 0 0 0
0 0 0 0
0 0 0 0
0 0 0 0
0 0 0 0
0 0 0 0
0 0 0 0
0 0 0 0
0 0 0 0
0 0 0 0
0 0 0 0
0 0 0 0
0 0 0 0
0 0 0 0
0 0 0 0
0 0 0 0
0 0 0 0
0 0 0 0
0 0 0 0
0 0 0 0
0 0 0 0
0 0 0 0
0 0 0 0
0 0 0 0
0 0 0 0
0 0 0 0
0 0 0 0
0 0 0 0
0 0 0 0
0 0 0 0
0 0 0 0
0 0 0 0
0 0 0 0
0 0 0 0
0 0 0 0
0 0 0 0
0 0 0 0
0 0 0 0
0 0 0 0
0 0 0 0
0 0 0 0
0 0 0 0
0 0 0 0
0 0 0 0
0 0 0 0
0 0 0 0
0 0 0 0
0 0 0 0
0 0 0 0
0 0 0 0
0 0 0 0
0 0 0 0
0 0 0 0
0 0 0 0
0 0 0 0
0 0 0 0
0 0 0 0
0 0 0 0
0 0 0 0
0 0 0 0
0 0 0 0
0 0 0 0
0 0 0 0
0 0 0 0
0 0 0 0
0 0 0 0
0 0 0 0
0 0 0 0
0 0 0 0
0 0 0 0
0 0 0 0
0 0 0 0
0 0 0 0
0 0 0 0
0 0 0 0
0 0 0 0
0 0 0 0
0 0 0 0
0 0 0 0
0 0 0 0
0 0 0 0
0 0 0 0
0 0 0 0
0 0 0 0
0 0 0 0
0 0 0 0
0 0 0 0
0 0 0 0
0 0 0 0
0 0 0 0
0 0 0 0
0 0 0 0
0 0 0 0
0 0 0 0
0 0 0 0
0 0 0 0
0 0 0 0
0 0 0 0
0 0 0 0
0 0 0 0
0 0 0 0
0 0 0 0
0 0 0 0
0 0 0 0
0 0 0 0
0 0 0 0
0 0 0 0
0 0 0 0
0 0 0 0
0 0 0 0
0 0 0 0
0 0 0 0
0 0 0 0
0 0 0 0
0 0 0 0
0 0 0 0
0 0 0 0
0 0 0 0
0 0 0 0
0 0 0 0
0 0 0 0
0 0 0 0
0 0 0 0
0 0 0 0
0 0 0 0
0 0 0 0
0 0 0 0
0 0 0 0
0 0 0 0
0 0 0 0
0 0 0 0
0 0 0 0
0 0 0 0
0 0 0 0
0 0 0 0
0 0 0 0
0 0 0 0
0 0 0 0
0 0 0 0
0 0 0 0
0 0 0 0
0 0 0 0
0 0 0 0
0 0 0 0
0 0 0 0
0 0 0 0
0 0 0 0
0 0 0 0
0 0 0 0
0 0 0 0
0 0 0 0
0 0 0 0
0 0 0 0
0 0 0 0
0 0 0 0
0 0 0 0
0 0 0 0
0 0 0 0
0 0 0 0
0 0 0 0
0 0 0 0
0 0 0 0
0 0 0 0
0 0 0 0
0 0 0 0
0 0 0 0
0 0 0 0
0 0 0 0
0 0 0 0
0 0 0 0
0 0 0 0
0 0 0 0
0 0 0 0
0 0 0 0
0 0 0 0
0 0 0 0
0 0 0 0
0 0 0 0
0 0 0 0
0 0 0 0
0 0 0 0
0 0 0 0
0 0 0 0
0 0 0 0
0 0 0 0
0 0 0 0
0 0 0 0
0 0 0 0
0 0 0 0
0 0 0 0
0 0 0 0
0 0 0 0
0 0 0 0
0 0 0 0
0 0 0 0
0 0 0 0
0 0 0 0
0 0 0 0
0 0 0 0
0 0 0 0
0 0 0 0
0 0 0 0
0 0 0 0
0 0 0 0
0 0 0 0
0 0 0 0
0 0 0 0
0 0 0 0
0 0 0 0
0 0 0 0
0 0 0 0
0 0 0 0
0 0 0 0
0 0 0 0
0 0 0 0
0 0 0 0
0 0 0 0
0 0 0 0
0 0 0 0
0 0 0 0
0 0 0 0
0 0 0 0
0 0 0 0
0 0 0 0
0 0 0 0
0 0 0 0
0 0 0 0
0 0 0 0
0 0 0 0
0 0 0 0
0 0 0 0
0 0 0 0
0 0 0 0
0 0 0 0
0 0 0 0
0 0 0 0
0 0 0 0
0 0 0 0
0 0 0 0
0 0 0 0
0 0 0 0
0 0 0 0
0 0 0 0
0 0 0 0
0 0 0 0
0 0 0 0
0 0 0 0
0 0 0 0
0 0 0 0
0 0 0 0
0 0 0 0
0 0 0 0
0 0 0 0
0 0 0 0
0 0 0 0
0 0 0 0
0 0 0 0
0 0 0 0
0 0 0 0
0 0 0 0
0 0 0 0
0 0 0 0
0 0 0 0
0 0 0 0
0 0 0 0
0 0 0 0
0 0 0 0
0 0 0 0
0 0 0 0
0 0 0 0
0 0 0 0
0 0 0 0
0 0 0 0
0 0 0 0
0 0 0 0
0 0 0 0
0 0 0 0
0 0 0 0
0 0 0 0
0 0 0 0
0 0 0 0
0 0 0 0
0 0 0 0
0 0 0 0
0 0 0 0
0 0 0 0
0 0 0 0
0 0 0 0
0 0 0 0
0 0 0 0
0 0 0 0
0 0 0 0
0 0 0 0
0 0 0 0
0 0 0 0
0 0 0 0
0 0 0 0
0 0 0 0
0 0 0 0
0 0 0 0
0 0 0 0
0 0 0 0
0 0 0 0
0 0 0 0
0 0 0 0
0 0 0 0
0 0 0 0
0 0 0 0
0 0 0 0
0 0 0 0
0 0 0 0
0 0 0 0
0 0 0 0
0 0 0 0
0 0 0 0
0 0 0 0
0 0 0 0
0 0 0 0
0 0 0 0
0 0 0 0
0 0 0 0
0 0 0 0
0 0 0 0
0 0 0 0
0 0 0 0
0 0 0 0
0 0 0 0
0 0 0 0
0 0 0 0
0 0 0 0
0 0 0 0
0 0 0 0
0 0 0 0
0 0 0 0
0 0 0 0
0 0 0 0
0 0 0 0
0 0 0 0
0 0 0 0
0 0 0 0
0 0 0 0
0 0 0 0
0 0 0 0
0 0 0 0
0 0 0 0
0 0 0 0
0 0 0 0
0 0 0 0
0 0 0 0
0 0 0 0
0 0 0 0
0 0 0 0
0 0 0 0
0 0 0 0
0 0 0 0
0 0 0 0
0 0 0 0
0 0 0 0
0 0 0 0
0 0 0 0
0 0 0 0
0 0 0 0
0 0 0 0
0 0 0 0
0 0 0 0
0 0 0 0
0 0 0 0
0 0 0 0
0 0 0 0
0 0 0 0
0 0 0 0
0 0 0 0
0 0 0 0
0 0 0 0
0 0 0 0
0 0 0 0
0 0 0 0
0 0 0 0
0 0 0 0
0 0 0 0
0 0 0 0
0 0 0 0
0 0 0 0
0 0 0 0
0 0 0 0
0 0 0 0
0 0 0 0
0 0 0 0
0 0 0 0
0 0 0 0
0 0 0 0
0 0 0 0
0 0 0 0
0 0 0 0
0 0 0 0
0 0 0 0
0 0 0 0
0 0 0 0
0 0 0 0
0 0 0 0
0 0 0 0
0 0 0 0
0 0 0 0
0 0 0 0
0 0 0 0
0 0 0 0
0 0 0 0
0 0 0 0
0 0 0 0
0 0 0 0
0 0 0 0
0 0 0 0
0 0 0 0
0 0 0 0
0 0 0 0
0 0 0 0
0 0 0 0
0 0 0 0
0 0 0 0
0 0 0 0
0 0 0 0
0 0 0 0
0 0 0 0
0 0 0 0
0 0 0 0
0 0 0 0
0 0 0 0
0 0 0 0
0 0 0 0
0 0 0 0
0 0 0 0
0 0 0 0
0 0 0 0
0 0 0 0
0 0 0 0
0 0 0 0
0 0 0 0
0 0 0 0
0 0 0 0
0 0 0 0
0 0 0 0
0 0 0 0
0 0 0 0
0 0 0 0
0 0 0 0
0 0 0 0
0 0 0 0
0 0 0 0
0 0 0 0
0 0 0 0
0 0 0 0
0 0 0 0
0 0 0 0
0 0 0 0
0 0 0 0
0 0 0 0
0 0 0 0
0 0 0 0
0 0 0 0
0 0 0 0
0 0 0 0
0 0 0 0
0 0 0 0
0 0 0 0
0 0 0 0
0 0 0 0
0 0 0 0
0 0 0 0
0 0 0 0
0 0 0 0
0 0 0 0
0 0 0 0
0 0 0 0
0 0 0 0
0 0 0 0
0 0 0 0
0 0 0 0
0 0 0 0
0 0 0 0
0 0 0 0
0 0 0 0
0 0 0 0
0 0 0 0
0 0 0 0
0 0 0 0
0 0 0 0
0 0 0 0
0 0 0 0
0 0 0 0
0 0 0 0
0 0 0 0
0 0 0 0
0 0 0 0
0 0 0 0
0 0 0 0
0 0 0 0
0 0 0 0
0 0 0 0
0 0 0 0
0 0 0 0
0 0 0 0
0 0 0 0
0 0 0 0
0 0 0 0
0 0 0 0
0 0 0 0
0 0 0 0
0 0 0 0
0 0 0 0
0 0 0 0
0 0 0 0
0 0 0 0
0 0 0 0
0 0 0 0
0 0 0 0
0 0 0 0
0 0 0 0
0 0 0 0
0 0 0 0
0 0 0 0
0 0 0 0
0 0 0 0
0 0 0 0
0 0 0 0
0 0 0 0
0 0 0 0
0 0 0 0
0 0 0 0
0 0 0 0
0 0 0 0
0 0 0 0
0 0 0 0
0 0 0 0
0 0 0 0
0 0 0 0
0 0 0 0
0 0 0 0
0 0 0 0
0 0 0 0
0 0 0 0
0 0 0 0
0 0 0 0
0 0 0 0
0 0 0 0
0 0 0 0
0 0 0 0
0 0 0 0
0 0 0 0
0 0 0 0
0 0 0 0
0 0 0 0
0 0 0 0
0 0 0 0
0 0 0 0
0 0 0 0
0 0 0 0
0 0 0 0
0 0 0 0
0 0 0 0
0 0 0 0
0 0 0 0
0 0 0 0
0 0 0 0
0 0 0 0
0 0 0 0
0 0 0 0
0 0 0 0
0 0 0 0
0 0 0 0
0 0 0 0
0 0 0 0
0 0 0 0
0 0 0 0
0 0 0 0
0 0 0 0
0 0 0 0
0 0 0 0
0 0 0 0
0 0 0 0
0 0 0 0
0 0 0 0
0 0 0 0
0 0 0 0
0 0 0 0
0 0 0 0
0 0 0 0
0 0 0 0
0 0 0 0
0 0 0 0
0 0 0 0
0 0 0 0
0 0 0 0
0 0 0 0
0 0 0 0
0 0 0 0
0 0 0 0
0 0 0 0
0 0 0 0
0 0 0 0
0 0 0 0
0 0 0 0
0 0 0 0
0 0 0 0
0 0 0 0
0 0 0 0
0 0 0 0
0 0 0 0
0 0 0 0
0 0 0 0
0 0 0 0
0 0 0 0
0 0 0 0
0 0 0 0
0 0 0 0
0 0 0 0
0 0 0 0
0 0 0 0
0 0 0 0
0 0 0 0
0 0 0 0
0 0 0 0
0 0 0 0
0 0 0 0
0 0 0 0
0 0 0 0
0 0 0 0
0 0 0 0
0 0 0 0
0 0 0 0
0 0 0 0
0 0 0 0
0 0 0 0
0 0 0 0
0 0 0 0
0 0 0 0
0 0 0 0
0 0 0 0
0 0 0 0
0 0 0 0
0 0 0 0
0 0 0 0
0 0 0 0
0 0 0 0
0 0 0 0
0 0 0 0
0 0 0 0
0 0 0 0
0 0 0 0
0 0 0 0
0 0 0 0
0 0 0 0
0 0 0 0
0 0 0 0
0 0 0 0
0 0 0 0
0 0 0 0
0 0 0 0
0 0 0 0
0 0 0 0
0 0 0 0
0 0 0 0
0 0 0 0
0 0 0 0
0 0 0 0
0 0 0 0
0 0 0 0
0 0 0 0
0 0 0 0
0 0 0 0
0 0 0 0
0 0 0 0
0 0 0 0
0 0 0 0
0 0 0 0
0 0 0 0
0 0 0 0
0 0 0 0
0 0 0 0
0 0 0 0
0 0 0 0
0 0 0 0
0 0 0 0
0 0 0 0
0 0 0 0
0 0 0 0
0 0 0 0
0 0 0 0
0 0 0 0
0 0 0 0
0 0 0 0
0 0 0 0
0 0 0 0
0 0 0 0
0 0 0 0
0 0 0 0
0 0 0 0
0 0 0 0
0 0 0 0
0 0 0 0
0 0 0 0
0 0 0 0
0 0 0 0
0 0 0 0
0 0 0 0
0 0 0 0
0 0 0 0
0 0 0 0
0 0 0 0
0 0 0 0
0 0 0 0
0 0 0 0
0 0 0 0
0 0 0 0
0 0 0 0
0 0 0 0
0 0 0 0
0 0 0 0
0 0 0 0
0 0 0 0
0 0 0 0
0 0 0 0
0 0 0 0
0 0 0 0
0 0 0 0
0 0 0 0
0 0 0 0
0 0 0 0
0 0 0 0
0 0 0 0
0 0 0 0
0 0 0 0
0 0 0 0
0 0 0 0
0 0 0 0
0 0 0 0
0 0 0 0
0 0 0 0
0 0 0 0
0 0 0 0
0 0 0 0
0 0 0 0
0 0 0 0
0 0 0 0
0 0 0 0
0 0 0 0
0 0 0 0
0 0 0 0
0 0 0 0
0 0 0 0
0 0 0 0
0 0 0 0
0 0 0 0
0 0 0 0
0 0 0 0
0 0 0 0
0 0 0 0
0 0 0 0
0 0 0 0
0 0 0 0
0 0 0 0
0 0 0 0
0 0 0 0
0 0 0 0
0 0 0 0
0 0 0 0
0 0 0 0
0 0 0 0
0 0 0 0
0 0 0 0
0 0 0 0
0 0 0 0
0 0 0 0
0 0 0 0
0 0 0 0
0 0 0 0
0 0 0 0
0 0 0 0
0 0 0 0
0 0 0 0
0 0 0 0
0 0 0 0
0 0 0 0
0 0 0 0
0 0 0 0
0 0 0 0
0 0 0 0
0 0 0 0
0 0 0 0
0 0 0 0
0 0 0 0
0 0 0 0
0 0 0 0
0 0 0 0
0 0 0 0
0 0 0 0
0 0 0 0
0 0 0 0
0 0 0 0
0 0 0 0
0 0 0 0
0 0 0 0
0 0 0 0
0 0 0 0
0 0 0 0
0 0 0 0
0 0 0 0
0 0 0 0
0 0 0 0
0 0 0 0
0 0 0 0
0 0 0 0
0 0 0 0
0 0 0 0
0 0 0 0
0 0 0 0
0 0 0 0
0 0 0 0
0 0 0 0
0 0 0 0
0 0 0 0
0 0 0 0
0 0 0 0
0 0 0 0
0 0 0 0
0 0 0 0
0 0 0 0
0 0 0 0
0 0 0 0
0 0 0 0
0 0 0 0
0 0 0 0
0 0 0 0
0 0 0 0
0 0 0 0
0 0 0 0
0 0 0 0
0 0 0 0
0 0 0 0
0 0 0 0
0 0 0 0
0 0 0 0
0 0 0 0
0 0 0 0
0 0 0 0
0 0 0 0
0 0 0 0
0 0 0 0
0 0 0 0
0 0 0 0
0 0 0 0
0 0 0 0
0 0 0 0
0 0 0 0
0 0 0 0
0 0 0 0
0 0 0 0
0 0 0 0
0 0 0 0
0 0 0 0
0 0 0 0
0 0 0 0
0 0 0 0
0 0 0 0
0 0 0 0
0 0 0 0
0 0 0 0
0 0 0 0
0 0 0 0
0 0 0 0
0 0 0 0
0 0 0 0
0 0 0 0
0 0 0 0
0 0 0 0
0 0 0 0
0 0 0 0
0 0 0 0
0 0 0 0
0 0 0 0
0 0 0 0
0 0 0 0
0 0 0 0
0 0 0 0
0 0 0 0
0 0 0 0
0 0 0 0
0 0 0 0
0 0 0 0
0 0 0 0
0 0 0 0
0 0 0 0
0 0 0 0
0 0 0 0
0 0 0 0
0 0 0 0
0 0 0 0
0 0 0 0
0 0 0 0
0 0 0 0
0 0 0 0
0 0 0 0
0 0 0 0
0 0 0 0
0 0 0 0
0 0 0 0
0 0 0 0
0 0 0 0
0 0 0 0
0 0 0 0
0 0 0 0
0 0 0 0
0 0 0 0
0 0 0 0
0 0 0 0
0 0 0 0
0 0 0 0
0 0 0 0
0 0 0 0
0 0 0 0
0 0 0 0
0 0 0 0
0 0 0 0
0 0 0 0
0 0 0 0
0 0 0 0
0 0 0 0
0 0 0 0
0 0 0 0
0 0 0 0
0 0 0 0
0 0 0 0
0 0 0 0
0 0 0 0
0 0 0 0
0 0 0 0
0 0 0 0
0 0 0 0
0 0 0 0
0 0 0 0
0 0 0 0
0 0 0 0
0 0 0 0
0 0 0 0
0 0 0 0
0 0 0 0
0 0 0 0
0 0 0 0
0 0 0 0
0 0 0 0
0 0 0 0
0 0 0 0
0 0 0 0
0 0 0 0
0 0 0 0
0 0 0 0
0 0 0 0
0 0 0 0
0 0 0 0
0 0 0 0
0 0 0 0
0 0 0 0
0 0 0 0
0 0 0 0
0 0 0 0
0 0 0 0
0 0 0 0
0 0 0 0
0 0 0 0
0 0 0 0
0 0 0 0
0 0 0 0
0 0 0 0
0 0 0 0
0 0 0 0
0 0 0 0
0 0 0 0
0 0 0 0
0 0 0 0
0 0 0 0
0 0 0 0
0 0 0 0
0 0 0 0
0 0 0 0
0 0 0 0
0 0 0 0
0 0 0 0
0 0 0 0
0 0 0 0
0 0 0 0
0 0 0 0
0 0 0 0
0 0 0 0
0 0 0 0
0 0 0 0
0 0 0 0
0 0 0 0
0 0 0 0
0 0 0 0
0 0 0 0
0 0 0 0
0 0 0 0
0 0 0 0
0 0 0 0
0 0 0 0
0 0 0 0
0 0 0 0
0 0 0 0
0 0 0 0
0 0 0 0
0 0 0 0
0 0 0 0
0 0 0 0
0 0 0 0
0 0 0 0
0 0 0 0
0 0 0 0
0 0 0 0
0 0 0 0
0 0 0 0
0 0 0 0
0 0 0 0
0 0 0 0
0 0 0 0
0 0 0 0
0 0 0 0
0 0 0 0
0 0 0 0
0 0 0 0
0 0 0 0
0 0 0 0
0 0 0 0
0 0 0 0
0 0 0 0
0 0 0 0
0 0 0 0
0 0 0 0
0 0 0 0
0 0 0 0
0 0 0 0
0 0 0 0
0 0 0 0
0 0 0 0
0 0 0 0
0 0 0 0
0 0 0 0
0 0 0 0
0 0 0 0
0 0 0 0
0 0 0 0
0 0 0 0
0 0 0 0
0 0 0 0
0 0 0 0
0 0 0 0
0 0 0 0
0 0 0 0
0 0 0 0
0 0 0 0
0 0 0 0
0 0 0 0
0 0 0 0
0 0 0 0
0 0 0 0
0 0 0 0
0 0 0 0
0 0 0 0
0 0 0 0
0 0 0 0
0 0 0 0
0 0 0 0
0 0 0 0
0 0 0 0
0 0 0 0
0 0 0 0
0 0 0 0
0 0 0 0
0 0 0 0
0 0 0 0
0 0 0 0
0 0 0 0
0 0 0 0
0 0 0 0
0 0 0 0
0 0 0 0
0 0 0 0
0 0 0 0
0 0 0 0
0 0 0 0
0 0 0 0
0 0 0 0
0 0 0 0
0 0 0 0
0 0 0 0
0 0 0 0
0 0 0 0
0 0 0 0
0 0 0 0
0 0 0 0
0 0 0 0
0 0 0 0
0 0 0 0
0 0 0 0
0 0 0 0
0 0 0 0
0 0 0 0
0 0 0 0
0 0 0 0
0 0 0 0
0 0 0 0
0 0 0 0
0 0 0 0
0 0 0 0
0 0 0 0
0 0 0 0
0 0 0 0
0 0 0 0
0 0 0 0
0 0 0 0
0 0 0 0
0 0 0 0
0 0 0 0
0 0 0 0
0 0 0 0
0 0 0 0
0 0 0 0
0 0 0 0
0 0 0 0
0 0 0 0
0 0 0 0
0 0 0 0
0 0 0 0
0 0 0 0
0 0 0 0
0 0 0 0
0 0 0 0
0 0 0 0
0 0 0 0
0 0 0 0
0 0 0 0
0 0 0 0
0 0 0 0
0 0 0 0
0 0 0 0
0 0 0 0
0 0 0 0
0 0 0 0
0 0 0 0
0 0 0 0
0 0 0 0
0 0 0 0
0 0 0 0
0 0 0 0
0 0 0 0
0 0 0 0
0 0 0 0
0 0 0 0
0 0 0 0
0 0 0 0
0 0 0 0
0 0 0 0
0 0 0 0
0 0 0 0
0 0 0 0
0 0 0 0
0 0 0 0
0 0 0 0
0 0 0 0
0 0 0 0
0 0 0 0
0 0 0 0
0 0 0 0
0 0 0 0
0 0 0 0
0 0 0 0
0 0 0 0
0 0 0 0
0 0 0 0
0 0 0 0
0 0 0 0
0 0 0 0
0 0 0 0
0 0 0 0
0 0 0 0
0 0 0 0
0 0 0 0
0 0 0 0
0 0 0 0
0 0 0 0
0 0 0 0
0 0 0 0
0 0 0 0
0 0 0 0
0 0 0 0
0 0 0 0
0 0 0 0
0 0 0 0
0 0 0 0
0 0 0 0
0 0 0 0
0 0 0 0
0 0 0 0
0 0 0 0
0 0 0 0
0 0 0 0
0 0 0 0
0 0 0 0
0 0 0 0
0 0 0 0
0 0 0 0
0 0 0 0
0 0 0 0
0 0 0 0
0 0 0 0
0 0 0 0
0 0 0 0
0 0 0 0
0 0 0 0
0 0 0 0
0 0 0 0
0 0 0 0
0 0 0 0
0 0 0 0
0 0 0 0
0 0 0 0
0 0 0 0
0 0 0 0
0 0 0 0
0 0 0 0
0 0 0 0
0 0 0 0
0 0 0 0
0 0 0 0
0 0 0 0
0 0 0 0
0 0 0 0
0 0 0 0
0 0 0 0
0 0 0 0
0 0 0 0
0 0 0 0
0 0 0 0
0 0 0 0
0 0 0 0
0 0 0 0
0 0 0 0
0 0 0 0
0 0 0 0
0 0 0 0
0 0 0 0
0 0 0 0
0 0 0 0
0 0 0 0
0 0 0 0
0 0 0 0
0 0 0 0
0 0 0 0
0 0 0 0
0 0 0 0
0 0 0 0
0 0 0 0
0 0 0 0
0 0 0 0
0 0 0 0
0 0 0 0
0 0 0 0
0 0 0 0
0 0 0 0
0 0 0 0
0 0 0 0
0 0 0 0
0 0 0 0
0 0 0 0
0 0 0 0
0 0 0 0
0 0 0 0
0 0 0 0
0 0 0 0
0 0 0 0
0 0 0 0
0 0 0 0
0 0 0 0
0 0 0 0
0 0 0 0
0 0 0 0
0 0 0 0
0 0 0 0
0 0 0 0
0 0 0 0
0 0 0 0
0 0 0 0
0 0 0 0
0 0 0 0
0 0 0 0
0 0 0 0
0 0 0 0
0 0 0 0
0 0 0 0
0 0 0 0
0 0 0 0
0 0 0 0
0 0 0 0
0 0 0 0
0 0 0 0
0 0 0 0
0 0 0 0
0 0 0 0
0 0 0 0
0 0 0 0
0 0 0 0
0 0 0 0
0 0 0 0
0 0 0 0
0 0 0 0
0 0 0 0
0 0 0 0
0 0 0 0
0 0 0 0
0 0 0 0
0 0 0 0
0 0 0 0
0 0 0 0
0 0 0 0
0 0 0 0
0 0 0 0
0 0 0 0
0 0 0 0
0 0 0 0
0 0 0 0
0 0 0 0
0 0 0 0
0 0 0 0
0 0 0 0
0 0 0 0
0 0 0 0
0 0 0 0
0 0 0 0
0 0 0 0
0 0 0 0
0 0 0 0
0 0 0 0
0 0 0 0
0 0 0 0
0 0 0 0
0 0 0 0
0 0 0 0
0 0 0 0
0 0 0 0
0 0 0 0
0 0 0 0
0 0 0 0
0 0 0 0
0 0 0 0
0 0 0 0
0 0 0 0
0 0 0 0
0 0 0 0
0 0 0 0
0 0 0 0
0 0 0 0
0 0 0 0
0 0 0 0
0 0 0 0
0 0 0 0
0 0 0 0
0 0 0 0
0 0 0 0
0 0 0 0
0 0 0 0
0 0 0 0
0 0 0 0
0 0 0 0
0 0 0 0
0 0 0 0
0 0 0 0
0 0 0 0
0 0 0 0
0 0 0 0
0 0 0 0
0 0 0 0
0 0 0 0
0 0 0 0
0 0 0 0
0 0 0 0
0 0 0 0
0 0 0 0
0 0 0 0
0 0 0 0
0 0 0 0
0 0 0 0
0 0 0 0
0 0 0 0
0 0 0 0
0 0 0 0
0 0 0 0
0 0 0 0
0 0 0 0
0 0 0 0
0 0 0 0
0 0 0 0
0 0 0 0
0 0 0 0
0 0 0 0
0 0 0 0
0 0 0 0
0 0 0 0
0 0 0 0
0 0 0 0
0 0 0 0
0 0 0 0
0 0 0 0
0 0 0 0
0 0 0 0
0 0 0 0
0 0 0 0
0 0 0 0
0 0 0 0
0 0 0 0
0 0 0 0
0 0 0 0
0 0 0 0
0 0 0 0
0 0 0 0
0 0 0 0
0 0 0 0
0 0 0 0
0 0 0 0
0 0 0 0
0 0 0 0
0 0 0 0
0 0 0 0
0 0 0 0
0 0 0 0
0 0 0 0
0 0 0 0
0 0 0 0
0 0 0 0
0 0 0 0
0 0 0 0
0 0 0 0
0 0 0 0
0 0 0 0
0 0 0 0
0 0 0 0
0 0 0 0
0 0 0 0
0 0 0 0
0 0 0 0
0 0 0 0
0 0 0 0
0 0 0 0
0 0 0 0
0 0 0 0
0 0 0 0
0 0 0 0
0 0 0 0
0 0 0 0
0 0 0 0
0 0 0 0
0 0 0 0
0 0 0 0
0 0 0 0
0 0 0 0
0 0 0 0
0 0 0 0
0 0 0 0
0 0 0 0
0 0 0 0
0 0 0 0
0 0 0 0
0 0 0 0
0 0 0 0
0 0 0 0
0 0 0 0
0 0 0 0
0 0 0 0
0 0 0 0
0 0 0 0
0 0 0 0
0 0 0 0
0 0 0 0
0 0 0 0
0 0 0 0
0 0 0 0
0 0 0 0
0 0 0 0
0 0 0 0
0 0 0 0
0 0 0 0
0 0 0 0
0 0 0 0
0 0 0 0
0 0 0 0
0 0 0 0
0 0 0 0
0 0 0 0
0 0 0 0
0 0 0 0
0 0 0 0
0 0 0 0
0 0 0 0
0 0 0 0
0 0 0 0
0 0 0 0
0 0 0 0
0 0 0 0
0 0 0 0
0 0 0 0
0 0 0 0
0 0 0 0
0 0 0 0
0 0 0 0
0 0 0 0
0 0 0 0
0 0 0 0
0 0 0 0
0 0 0 0
0 0 0 0
0 0 0 0
0 0 0 0
0 0 0 0
0 0 0 0
0 0 0 0
0 0 0 0
0 0 0 0
0 0 0 0
0 0 0 0
0 0 0 0
0 0 0 0
0 0 0 0
0 0 0 0
0 0 0 0
0 0 0 0
0 0 0 0
0 0 0 0
0 0 0 0
0 0 0 0
0 0 0 0
0 0 0 0
0 0 0 0
0 0 0 0
0 0 0 0
0 0 0 0
0 0 0 0
0 0 0 0
0 0 0 0
0 0 0 0
0 0 0 0
0 0 0 0
0 0 0 0
0 0 0 0
0 0 0 0
0 0 0 0
0 0 0 0
0 0 0 0
0 0 0 0
0 0 0 0
0 0 0 0
0 0 0 0
0 0 0 0
0 0 0 0
0 0 0 0
0 0 0 0
0 0 0 0
0 0 0 0
0 0 0 0
0 0 0 0
0 0 0 0
0 0 0 0
0 0 0 0
0 0 0 0
0 0 0 0
0 0 0 0
0 0 0 0
0 0 0 0
0 0 0 0
0 0 0 0
0 0 0 0
0 0 0 0
0 0 0 0
0 0 0 0
0 0 0 0
0 0 0 0
0 0 0 0
0 0 0 0
0 0 0 0
0 0 0 0
0 0 0 0
0 0 0 0
0 0 0 0
0 0 0 0
0 0 0 0
0 0 0 0
0 0 0 0
0 0 0 0
0 0 0 0
0 0 0 0
0 0 0 0
0 0 0 0
0 0 0 0
0 0 0 0
0 0 0 0
0 0 0 0
0 0 0 0
0 0 0 0
0 0 0 0
0 0 0 0
0 0 0 0
0 0 0 0
0 0 0 0
0 0 0 0
0 0 0 0
0 0 0 0
0 0 0 0
0 0 0 0
0 0 0 0
0 0 0 0
0 0 0 0
0 0 0 0
0 0 0 0
0 0 0 0
0 0 0 0
0 0 0 0
0 0 0 0
0 0 0 0
0 0 0 0
0 0 0 0
0 0 0 0
0 0 0 0
0 0 0 0
0 0 0 0
0 0 0 0
0 0 0 0
0 0 0 0
0 0 0 0
0 0 0 0
0 0 0 0
0 0 0 0
0 0 0 0
0 0 0 0
0 0 0 0
0 0 0 0
0 0 0 0
0 0 0 0
0 0 0 0
0 0 0 0
0 0 0 0
0 0 0 0
0 0 0 0
0 0 0 0
0 0 0 0
0 0 0 0
0 0 0 0
0 0 0 0
0 0 0 0
0 0 0 0
0 0 0 0
0 0 0 0
0 0 0 0
0 0 0 0
0 0 0 0
0 0 0 0
0 0 0 0
0 0 0 0
0 0 0 0
0 0 0 0
0 0 0 0
0 0 0 0
0 0 0 0
0 0 0 0
0 0 0 0
0 0 0 0
0 0 0 0
0 0 0 0
0 0 0 0
0 0 0 0
0 0 0 0
0 0 0 0
0 0 0 0
0 0 0 0
0 0 0 0
0 0 0 0
0 0 0 0
0 0 0 0
0 0 0 0
0 0 0 0
0 0 0 0
0 0 0 0
0 0 0 0
0 0 0 0
0 0 0 0
0 0 0 0
0 0 0 0
0 0 0 0
0 0 0 0
0 0 0 0
0 0 0 0
0 0 0 0
0 0 0 0
0 0 0 0
0 0 0 0
0 0 0 0
0 0 0 0
0 0 0 0
0 0 0 0
0 0 0 0
0 0 0 0
0 0 0 0
0 0 0 0
0 0 0 0
0 0 0 0
0 0 0 0
0 0 0 0
0 0 0 0
0 0 0 0
0 0 0 0
0 0 0 0
0 0 0 0
0 0 0 0
0 0 0 0
0 0 0 0
0 0 0 0
0 0 0 0
0 0 0 0
0 0 0 0
0 0 0 0
0 0 0 0
0 0 0 0
0 0 0 0
0 0 0 0
0 0 0 0
0 0 0 0
0 0 0 0
0 0 0 0
0 0 0 0
0 0 0 0
0 0 0 0
0 0 0 0
0 0 0 0
0 0 0 0
0 0 0 0
0 0 0 0
0 0 0 0
0 0 0 0
0 0 0 0
0 0 0 0
0 0 0 0
0 0 0 0
0 0 0 0
0 0 0 0
0 0 0 0
0 0 0 0
0 0 0 0
0 0 0 0
0 0 0 0
0 0 0 0
0 0 0 0
0 0 0 0
0 0 0 0
0 0 0 0
0 0 0 0
0 0 0 0
0 0 0 0
0 0 0 0
0 0 0 0
0 0 0 0
0 0 0 0
0 0 0 0
0 0 0 0
0 0 0 0
0 0 0 0
0 0 0 0
0 0 0 0
0 0 0 0
0 0 0 0
0 0 0 0
0 0 0 0
0 0 0 0
0 0 0 0
0 0 0 0
0 0 0 0
0 0 0 0
0 0 0 0
0 0 0 0
0 0 0 0
0 0 0 0
0 0 0 0
0 0 0 0
0 0 0 0
0 0 0 0
0 0 0 0
0 0 0 0
0 0 0 0
0 0 0 0
0 0 0 0
0 0 0 0
0 0 0 0
0 0 0 0
0 0 0 0
0 0 0 0
0 0 0 0
0 0 0 0
0 0 0 0
0 0 0 0
0 0 0 0
0 0 0 0
0 0 0 0
0 0 0 0
0 0 0 0
0 0 0 0
0 0 0 0
0 0 0 0
0 0 0 0
0 0 0 0
0 0 0 0
0 0 0 0
0 0 0 0
0 0 0 0
0 0 0 0
0 0 0 0
0 0 0 0
0 0 0 0
0 0 0 0
0 0 0 0
0 0 0 0
0 0 0 0
0 0 0 0
0 0 0 0
0 0 0 0
0 0 0 0
0 0 0 0
0 0 0 0
0 0 0 0
0 0 0 0
0 0 0 0
0 0 0 0
0 0 0 0
0 0 0 0
0 0 0 0
0 0 0 0
0 0 0 0
0 0 0 0
0 0 0 0
0 0 0 0
0 0 0 0
0 0 0 0
0 0 0 0
0 0 0 0
0 0 0 0
0 0 0 0
0 0 0 0
0 0 0 0
0 0 0 0
0 0 0 0
0 0 0 0
0 0 0 0
0 0 0 0
0 0 0 0
0 0 0 0
0 0 0 0
0 0 0 0
0 0 0 0
0 0 0 0
0 0 0 0
0 0 0 0
0 0 0 0
0 0 0 0
0 0 0 0
0 0 0 0
0 0 0 0
0 0 0 0
0 0 0 0
0 0 0 0
0 0 0 0
0 0 0 0
0 0 0 0
0 0 0 0
0 0 0 0
0 0 0 0
0 0 0 0
0 0 0 0
0 0 0 0
0 0 0 0
0 0 0 0
0 0 0 0
0 0 0 0
0 0 0 0
0 0 0 0
0 0 0 0
0 0 0 0
0 0 0 0
0 0 0 0
0 0 0 0
0 0 0 0
0 0 0 0
0 0 0 0
0 0 0 0
0 0 0 0
0 0 0 0
0 0 0 0
0 0 0 0
0 0 0 0
0 0 0 0
0 0 0 0
0 0 0 0
0 0 0 0
0 0 0 0
0 0 0 0
0 0 0 0
0 0 0 0
0 0 0 0
0 0 0 0
0 0 0 0
0 0 0 0
0 0 0 0
0 0 0 0
0 0 0 0
0 0 0 0
0 0 0 0
0 0 0 0
0 0 0 0
0 0 0 0
0 0 0 0
0 0 0 0
0 0 0 0
0 0 0 0
0 0 0 0
0 0 0 0
0 0 0 0
0 0 0 0
0 0 0 0
0 0 0 0
0 0 0 0
0 0 0 0
0 0 0 0
0 0 0 0
0 0 0 0
0 0 0 0
0 0 0 0
0 0 0 0
0 0 0 0
0 0 0 0
0 0 0 0
0 0 0 0
0 0 0 0
0 0 0 0
0 0 0 0
0 0 0 0
0 0 0 0
0 0 0 0
0 0 0 0
0 0 0 0
0 0 0 0
0 0 0 0
0 0 0 0
0 0 0 0
0 0 0 0
0 0 0 0
0 0 0 0
0 0 0 0
0 0 0 0
0 0 0 0
0 0 0 0
0 0 0 0
0 0 0 0
0 0 0 0
0 0 0 0
0 0 0 0
0 0 0 0
0 0 0 0
0 0 0 0
0 0 0 0
0 0 0 0
0 0 0 0
0 0 0 0
0 0 0 0
0 0 0 0
0 0 0 0
0 0 0 0
0 0 0 0
0 0 0 0
0 0 0 0
0 0 0 0
0 0 0 0
0 0 0 0
0 0 0 0
0 0 0 0
0 0 0 0
0 0 0 0
0 0 0 0
0 0 0 0
0 0 0 0
0 0 0 0
0 0 0 0
0 0 0 0
0 0 0 0
0 0 0 0
0 0 0 0
0 0 0 0
0 0 0 0
0 0 0 0
0 0 0 0
0 0 0 0
0 0 0 0
0 0 0 0
0 0 0 0
0 0 0 0
0 0 0 0
0 0 0 0
0 0 0 0
0 0 0 0
0 0 0 0
0 0 0 0
0 0 0 0
0 0 0 0
0 0 0 0
0 0 0 0
0 0 0 0
0 0 0 0
0 0 0 0
0 0 0 0
0 0 0 0
0 0 0 0
0 0 0 0
0 0 0 0
0 0 0 0
0 0 0 0
0 0 0 0
0 0 0 0
0 0 0 0
0 0 0 0
0 0 0 0
0 0 0 0
0 0 0 0
0 0 0 0
0 0 0 0
0 0 0 0
0 0 0 0
0 0 0 0
0 0 0 0
0 0 0 0
0 0 0 0
0 0 0 0
0 0 0 0
0 0 0 0
0 0 0 0
0 0 0 0
0 0 0 0
0 0 0 0
0 0 0 0
0 0 0 0
0 0 0 0
0 0 0 0
0 0 0 0
0 0 0 0
0 0 0 0
0 0 0 0
0 0 0 0
0 0 0 0
0 0 0 0
0 0 0 0
0 0 0 0
0 0 0 0
0 0 0 0
0 0 0 0
0 0 0 0
0 0 0 0
0 0 0 0
0 0 0 0
0 0 0 0
0 0 0 0
0 0 0 0
0 0 0 0
0 0 0 0
0 0 0 0
0 0 0 0
0 0 0 0
0 0 0 0
0 0 0 0
0 0 0 0
0 0 0 0
0 0 0 0
0 0 0 0
0 0 0 0
0 0 0 0
0 0 0 0
0 0 0 0
0 0 0 0
0 0 0 0
0 0 0 0
0 0 0 0
0 0 0 0
0 0 0 0
0 0 0 0
0 0 0 0
0 0 0 0
0 0 0 0
0 0 0 0
0 0 0 0
0 0 0 0
0 0 0 0
0 0 0 0
0 0 0 0
0 0 0 0
0 0 0 0
0 0 0 0
0 0 0 0
0 0 0 0
0 0 0 0
0 0 0 0
0 0 0 0
0 0 0 0
0 0 0 0
0 0 0 0
0 0 0 0
0 0 0 0
0 0 0 0
0 0 0 0
0 0 0 0
0 0 0 0
0 0 0 0
0 0 0 0
0 0 0 0
0 0 0 0
0 0 0 0
0 0 0 0
0 0 0 0
0 0 0 0
0 0 0 0
0 0 0 0
0 0 0 0
0 0 0 0
0 0 0 0
0 0 0 0
0 0 0 0
0 0 0 0
0 0 0 0
0 0 0 0
0 0 0 0
0 0 0 0
0 0 0 0
0 0 0 0
0 0 0 0
0 0 0 0
0 0 0 0
0 0 0 0
0 0 0 0
0 0 0 0
0 0 0 0
0 0 0 0
0 0 0 0
0 0 0 0
0 0 0 0
0 0 0 0
0 0 0 0
0 0 0 0
0 0 0 0
0 0 0 0
0 0 0 0
0 0 0 0
0 0 0 0
0 0 0 0
0 0 0 0
0 0 0 0
0 0 0 0
0 0 0 0
0 0 0 0
0 0 0 0
0 0 0 0
0 0 0 0
0 0 0 0
0 0 0 0
0 0 0 0
0 0 0 0
0 0 0 0
0 0 0 0
0 0 0 0
0 0 0 0
0 0 0 0
0 0 0 0
0 0 0 0
0 0 0 0
0 0 0 0
0 0 0 0
0 0 0 0
0 0 0 0
0 0 0 0
0 0 0 0
0 0 0 0
0 0 0 0
0 0 0 0
0 0 0 0
0 0 0 0
0 0 0 0
0 0 0 0
0 0 0 0
0 0 0 0
0 0 0 0
0 0 0 0
0 0 0 0
0 0 0 0
0 0 0 0
0 0 0 0
0 0 0 0
0 0 0 0
0 0 0 0
0 0 0 0
0 0 0 0
0 0 0 0
0 0 0 0
0 0 0 0
0 0 0 0
0 0 0 0
0 0 0 0
0 0 0 0
0 0 0 0
0 0 0 0
0 0 0 0
0 0 0 0
0 0 0 0
0 0 0 0
0 0 0 0
0 0 0 0
0 0 0 0
0 0 0 0
0 0 0 0
0 0 0 0
0 0 0 0
0 0 0 0
0 0 0 0
0 0 0 0
0 0 0 0
0 0 0 0
0 0 0 0
0 0 0 0
0 0 0 0
0 0 0 0
0 0 0 0
0 0 0 0
0 0 0 0
0 0 0 0
0 0 0 0
0 0 0 0
0 0 0 0
0 0 0 0
0 0 0 0
0 0 0 0
0 0 0 0
0 0 0 0
0 0 0 0
0 0 0 0
0 0 0 0
0 0 0 0
0 0 0 0
0 0 0 0
0 0 0 0
0 0 0 0
0 0 0 0
0 0 0 0
0 0 0 0
0 0 0 0
0 0 0 0
0 0 0 0
0 0 0 0
0 0 0 0
0 0 0 0
0 0 0 0
0 0 0 0
0 0 0 0
0 0 0 0
0 0 0 0
0 0 0 0
0 0 0 0
0 0 0 0
0 0 0 0
0 0 0 0
0 0 0 0
0 0 0 0
0 0 0 0
0 0 0 0
0 0 0 0
0 0 0 0
0 0 0 0
0 0 0 0
0 0 0 0
0 0 0 0
0 0 0 0
0 0 0 0
0 0 0 0
0 0 0 0
0 0 0 0
0 0 0 0
0 0 0 0
0 0 0 0
0 0 0 0
0 0 0 0
0 0 0 0
0 0 0 0
0 0 0 0
0 0 0 0
0 0 0 0
0 0 0 0
0 0 0 0
0 0 0 0
0 0 0 0
0 0 0 0
0 0 0 0
0 0 0 0
0 0 0 0
0 0 0 0
0 0 0 0
0 0 0 0
0 0 0 0
0 0 0 0
0 0 0 0
0 0 0 0
0 0 0 0
0 0 0 0
0 0 0 0
0 0 0 0
0 0 0 0
0 0 0 0
0 0 0 0
0 0 0 0
0 0 0 0
0 0 0 0
0 0 0 0
0 0 0 0
0 0 0 0
0 0 0 0
0 0 0 0
0 0 0 0
0 0 0 0
0 0 0 0
0 0 0 0
0 0 0 0
0 0 0 0
0 0 0 0
0 0 0 0
0 0 0 0
0 0 0 0
0 0 0 0
0 0 0 0
0 0 0 0
0 0 0 0
0 0 0 0
0 0 0 0
0 0 0 0
0 0 0 0
0 0 0 0
0 0 0 0
0 0 0 0
0 0 0 0
0 0 0 0
0 0 0 0
0 0 0 0
0 0 0 0
0 0 0 0
0 0 0 0
0 0 0 0
0 0 0 0
0 0 0 0
0 0 0 0
0 0 0 0
0 0 0 0
0 0 0 0
0 0 0 0
0 0 0 0
0 0 0 0
0 0 0 0
0 0 0 0
0 0 0 0
0 0 0 0
0 0 0 0
0 0 0 0
0 0 0 0
0 0 0 0
0 0 0 0
0 0 0 0
0 0 0 0
0 0 0 0
0 0 0 0
0 0 0 0
0 0 0 0
0 0 0 0
0 0 0 0
0 0 0 0
0 0 0 0
0 0 0 0
0 0 0 0
0 0 0 0
0 0 0 0
0 0 0 0
0 0 0 0
0 0 0 0
0 0 0 0
0 0 0 0
0 0 0 0
0 0 0 0
0 0 0 0
0 0 0 0
0 0 0 0
0 0 0 0
0 0 0 0
0 0 0 0
0 0 0 0
0 0 0 0
0 0 0 0
0 0 0 0
0 0 0 0
0 0 0 0
0 0 0 0
0 0 0 0
0 0 0 0
0 0 0 0
0 0 0 0
0 0 0 0
0 0 0 0
0 0 0 0
0 0 0 0
0 0 0 0
0 0 0 0
0 0 0 0
0 0 0 0
0 0 0 0
0 0 0 0
0 0 0 0
0 0 0 0
0 0 0 0
0 0 0 0
0 0 0 0
0 0 0 0
0 0 0 0
0 0 0 0
0 0 0 0
0 0 0 0
0 0 0 0
0 0 0 0
0 0 0 0
0 0 0 0
0 0 0 0
0 0 0 0
0 0 0 0
0 0 0 0
0 0 0 0
0 0 0 0
0 0 0 0
0 0 0 0
0 0 0 0
0 0 0 0
0 0 0 0
0 0 0 0
0 0 0 0
0 0 0 0
0 0 0 0
0 0 0 0
0 0 0 0
0 0 0 0
0 0 0 0
0 0 0 0
0 0 0 0
0 0 0 0
0 0 0 0
0 0 0 0
0 0 0 0
0 0 0 0
0 0 0 0
0 0 0 0
0 0 0 0
0 0 0 0
0 0 0 0
0 0 0 0
0 0 0 0
0 0 0 0
0 0 0 0
0 0 0 0
0 0 0 0
0 0 0 0
0 0 0 0
0 0 0 0
0 0 0 0
0 0 0 0
0 0 0 0
0 0 0 0
0 0 0 0
0 0 0 0
0 0 0 0
0 0 0 0
0 0 0 0
0 0 0 0
0 0 0 0
0 0 0 0
0 0 0 0
0 0 0 0
0 0 0 0
0 0 0 0
0 0 0 0
0 0 0 0
0 0 0 0
0 0 0 0
0 0 0 0
0 0 0 0
0 0 0 0
0 0 0 0
0 0 0 0
0 0 0 0
0 0 0 0
0 0 0 0
0 0 0 0
0 0 0 0
0 0 0 0
0 0 0 0
0 0 0 0
0 0 0 0
0 0 0 0
0 0 0 0
0 0 0 0
0 0 0 0
0 0 0 0
0 0 0 0
0 0 0 0
0 0 0 0
0 0 0 0
0 0 0 0
0 0 0 0
0 0 0 0
0 0 0 0
0 0 0 0
0 0 0 0
0 0 0 0
0 0 0 0
0 0 0 0
0 0 0 0
0 0 0 0
0 0 0 0
0 0 0 0
0 0 0 0
0 0 0 0
0 0 0 0
0 0 0 0
0 0 0 0
0 0 0 0
0 0 0 0
0 0 0 0
0 0 0 0
0 0 0 0
0 0 0 0
0 0 0 0
0 0 0 0
0 0 0 0
0 0 0 0
0 0 0 0
0 0 0 0
0 0 0 0
0 0 0 0
0 0 0 0
0 0 0 0
0 0 0 0
0 0 0 0
0 0 0 0
0 0 0 0
0 0 0 0
0 0 0 0
0 0 0 0
0 0 0 0
0 0 0 0
0 0 0 0
0 0 0 0
0 0 0 0
0 0 0 0
0 0 0 0
0 0 0 0
0 0 0 0
0 0 0 0
0 0 0 0
0 0 0 0
0 0 0 0
0 0 0 0
0 0 0 0
0 0 0 0
0 0 0 0
0 0 0 0
0 0 0 0
0 0 0 0
0 0 0 0
0 0 0 0
0 0 0 0
0 0 0 0
0 0 0 0
0 0 0 0
0 0 0 0
0 0 0 0
0 0 0 0
0 0 0 0
0 0 0 0
0 0 0 0
0 0 0 0
0 0 0 0
0 0 0 0
0 0 0 0
0 0 0 0
0 0 0 0
0 0 0 0
0 0 0 0
0 0 0 0
0 0 0 0
0 0 0 0
0 0 0 0
0 0 0 0
0 0 0 0
0 0 0 0
0 0 0 0
0 0 0 0
0 0 0 0
0 0 0 0
0 0 0 0
0 0 0 0
0 0 0 0
0 0 0 0
0 0 0 0
0 0 0 0
0 0 0 0
0 0 0 0
0 0 0 0
0 0 0 0
0 0 0 0
0 0 0 0
0 0 0 0
0 0 0 0
0 0 0 0
0 0 0 0
0 0 0 0
0 0 0 0
0 0 0 0
0 0 0 0
0 0 0 0
0 0 0 0
0 0 0 0
0 0 0 0
0 0 0 0
0 0 0 0
0 0 0 0
0 0 0 0
0 0 0 0
0 0 0 0
0 0 0 0
0 0 0 0
0 0 0 0
0 0 0 0
0 0 0 0
0 0 0 0
0 0 0 0
0 0 0 0
0 0 0 0
0 0 0 0
0 0 0 0
0 0 0 0
0 0 0 0
0 0 0 0
0 0 0 0
0 0 0 0
0 0 0 0
0 0 0 0
0 0 0 0
0 0 0 0
0 0 0 0
0 0 0 0
0 0 0 0
0 0 0 0
0 0 0 0
0 0 0 0
0 0 0 0
0 0 0 0
0 0 0 0
0 0 0 0
0 0 0 0
0 0 0 0
0 0 0 0
0 0 0 0
0 0 0 0
0 0 0 0
0 0 0 0
0 0 0 0
0 0 0 0
0 0 0 0
0 0 0 0
0 0 0 0
0 0 0 0
0 0 0 0
0 0 0 0
0 0 0 0
0 0 0 0
0 0 0 0
0 0 0 0
0 0 0 0
0 0 0 0
0 0 0 0
0 0 0 0
0 0 0 0
0 0 0 0
0 0 0 0
0 0 0 0
0 0 0 0
0 0 0 0
0 0 0 0
0 0 0 0
0 0 0 0
0 0 0 0
0 0 0 0
0 0 0 0
0 0 0 0
0 0 0 0
0 0 0 0
0 0 0 0
0 0 0 0
0 0 0 0
0 0 0 0
0 0 0 0
0 0 0 0
0 0 0 0
0 0 0 0
0 0 0 0
0 0 0 0
0 0 0 0
0 0 0 0
0 0 0 0
0 0 0 0
0 0 0 0
0 0 0 0
0 0 0 0
0 0 0 0
0 0 0 0
0 0 0 0
0 0 0 0
0 0 0 0
0 0 0 0
0 0 0 0
0 0 0 0
0 0 0 0
0 0 0 0
0 0 0 0
0 0 0 0
0 0 0 0
0 0 0 0
0 0 0 0
0 0 0 0
0 0 0 0
0 0 0 0
0 0 0 0
0 0 0 0
0 0 0 0
0 0 0 0
0 0 0 0
0 0 0 0
0 0 0 0
0 0 0 0
0 0 0 0
0 0 0 0
0 0 0 0
0 0 0 0
0 0 0 0
0 0 0 0
0 0 0 0
0 0 0 0
0 0 0 0
0 0 0 0
0 0 0 0
0 0 0 0
0 0 0 0
0 0 0 0
0 0 0 0
0 0 0 0
0 0 0 0
0 0 0 0
0 0 0 0
0 0 0 0
0 0 0 0
0 0 0 0
0 0 0 0
0 0 0 0
0 0 0 0
0 0 0 0
0 0 0 0
0 0 0 0
0 0 0 0
0 0 0 0
0 0 0 0
0 0 0 0
0 0 0 0
0 0 0 0
0 0 0 0
0 0 0 0
0 0 0 0
0 0 0 0
0 0 0 0
0 0 0 0
0 0 0 0
0 0 0 0
0 0 0 0
0 0 0 0
0 0 0 0
0 0 0 0
0 0 0 0
0 0 0 0
0 0 0 0
0 0 0 0
0 0 0 0
0 0 0 0
0 0 0 0
0 0 0 0
0 0 0 0
0 0 0 0
0 0 0 0
0 0 0 0
0 0 0 0
0 0 0 0
0 0 0 0
0 0 0 0
0 0 0 0
0 0 0 0
0 0 0 0
0 0 0 0
0 0 0 0
0 0 0 0
0 0 0 0
0 0 0 0
0 0 0 0
0 0 0 0
0 0 0 0
0 0 0 0
0 0 0 0
0 0 0 0
0 0 0 0
0 0 0 0
0 0 0 0
0 0 0 0
0 0 0 0
0 0 0 0
0 0 0 0
0 0 0 0
0 0 0 0
0 0 0 0
0 0 0 0
0 0 0 0
0 0 0 0
0 0 0 0
0 0 0 0
0 0 0 0
0 0 0 0
0 0 0 0
0 0 0 0
0 0 0 0
0 0 0 0
0 0 0 0
0 0 0 0
0 0 0 0
0 0 0 0
0 0 0 0
0 0 0 0
0 0 0 0
0 0 0 0
0 0 0 0
0 0 0 0
0 0 0 0
0 0 0 0
0 0 0 0
0 0 0 0
0 0 0 0
0 0 0 0
0 0 0 0
0 0 0 0
0 0 0 0
0 0 0 0
0 0 0 0
0 0 0 0
0 0 0 0
0 0 0 0
0 0 0 0
0 0 0 0
0 0 0 0
0 0 0 0
0 0 0 0
0 0 0 0
0 0 0 0
0 0 0 0
0 0 0 0
0 0 0 0
0 0 0 0
0 0 0 0
0 0 0 0
0 0 0 0
0 0 0 0
0 0 0 0
0 0 0 0
0 0 0 0
0 0 0 0
0 0 0 0
0 0 0 0
0 0 0 0
0 0 0 0
0 0 0 0
0 0 0 0
0 0 0 0
0 0 0 0
0 0 0 0
0 0 0 0
0 0 0 0
0 0 0 0
0 0 0 0
0 0 0 0
0 0 0 0
0 0 0 0
0 0 0 0
0 0 0 0
0 0 0 0
0 0 0 0
0 0 0 0
0 0 0 0
0 0 0 0
0 0 0 0
0 0 0 0
0 0 0 0
0 0 0 0
0 0 0 0
0 0 0 0
0 0 0 0
0 0 0 0
0 0 0 0
0 0 0 0
0 0 0 0
0 0 0 0
0 0 0 0
0 0 0 0
0 0 0 0
0 0 0 0
0 0 0 0
0 0 0 0
0 0 0 0
0 0 0 0
0 0 0 0
0 0 0 0
0 0 0 0
0 0 0 0
0 0 0 0
0 0 0 0
0 0 0 0
0 0 0 0
0 0 0 0
0 0 0 0
0 0 0 0
0 0 0 0
0 0 0 0
0 0 0 0
0 0 0 0
0 0 0 0
0 0 0 0
0 0 0 0
0 0 0 0
0 0 0 0
0 0 0 0
0 0 0 0
0 0 0 0
0 0 0 0
0 0 0 0
0 0 0 0
0 0 0 0
0 0 0 0
0 0 0 0
0 0 0 0
0 0 0 0
0 0 0 0
0 0 0 0
0 0 0 0
0 0 0 0
0 0 0 0
0 0 0 0
0 0 0 0
0 0 0 0
0 0 0 0
0 0 0 0
0 0 0 0
0 0 0 0
0 0 0 0
0 0 0 0
0 0 0 0
0 0 0 0
0 0 0 0
0 0 0 0
0 0 0 0
0 0 0 0
0 0 0 0
0 0 0 0
0 0 0 0
0 0 0 0
0 0 0 0
0 0 0 0
0 0 0 0
0 0 0 0
0 0 0 0
0 0 0 0
0 0 0 0
0 0 0 0
0 0 0 0
0 0 0 0
0 0 0 0
0 0 0 0
0 0 0 0
0 0 0 0
0 0 0 0
0 0 0 0
0 0 0 0
0 0 0 0
0 0 0 0
0 0 0 0
0 0 0 0
0 0 0 0
0 0 0 0
0 0 0 0
0 0 0 0
0 0 0 0
0 0 0 0
0 0 0 0
0 0 0 0
0 0 0 0
0 0 0 0
0 0 0 0
0 0 0 0
0 0 0 0
0 0 0 0
0 0 0 0
0 0 0 0
0 0 0 0
0 0 0 0
0 0 0 0
0 0 0 0
0 0 0 0
0 0 0 0
0 0 0 0
0 0 0 0
0 0 0 0
0 0 0 0
0 0 0 0
0 0 0 0
0 0 0 0
0 0 0 0
0 0 0 0
0 0 0 0
0 0 0 0
0 0 0 0
0 0 0 0
0 0 0 0
0 0 0 0
0 0 0 0
0 0 0 0
0 0 0 0
0 0 0 0
0 0 0 0
0 0 0 0
0 0 0 0
0 0 0 0
0 0 0 0
0 0 0 0
0 0 0 0
0 0 0 0
0 0 0 0
0 0 0 0
0 0 0 0
0 0 0 0
0 0 0 0
0 0 0 0
0 0 0 0
0 0 0 0
0 0 0 0
0 0 0 0
0 0 0 0
0 0 0 0
0 0 0 0
0 0 0 0
0 0 0 0
0 0 0 0
0 0 0 0
0 0 0 0
0 0 0 0
0 0 0 0
0 0 0 0
0 0 0 0
0 0 0 0
0 0 0 0
0 0 0 0
0 0 0 0
0 0 0 0
0 0 0 0
0 0 0 0
0 0 0 0
0 0 0 0
0 0 0 0
0 0 0 0
0 0 0 0
0 0 0 0
0 0 0 0
0 0 0 0
0 0 0 0
0 0 0 0
0 0 0 0
0 0 0 0
0 0 0 0
0 0 0 0
0 0 0 0
0 0 0 0
0 0 0 0
0 0 0 0
0 0 0 0
0 0 0 0
0 0 0 0
0 0 0 0
0 0 0 0
0 0 0 0
0 0 0 0
0 0 0 0
0 0 0 0
0 0 0 0
0 0 0 0
0 0 0 0
0 0 0 0
0 0 0 0
0 0 0 0
0 0 0 0
0 0 0 0
0 0 0 0
0 0 0 0
0 0 0 0
0 0 0 0
0 0 0 0
0 0 0 0
0 0 0 0
0 0 0 0
0 0 0 0
0 0 0 0
0 0 0 0
0 0 0 0
0 0 0 0
0 0 0 0
0 0 0 0
0 0 0 0
0 0 0 0
0 0 0 0
0 0 0 0
0 0 0 0
0 0 0 0
0 0 0 0
0 0 0 0
0 0 0 0
0 0 0 0
0 0 0 0
0 0 0 0
0 0 0 0
0 0 0 0
0 0 0 0
0 0 0 0
0 0 0 0
0 0 0 0
0 0 0 0
0 0 0 0
0 0 0 0
0 0 0 0
0 0 0 0
0 0 0 0
0 0 0 0
0 0 0 0
0 0 0 0
0 0 0 0
0 0 0 0
0 0 0 0
0 0 0 0
0 0 0 0
0 0 0 0
0 0 0 0
0 0 0 0
0 0 0 0
0 0 0 0
0 0 0 0
0 0 0 0
0 0 0 0
0 0 0 0
0 0 0 0
0 0 0 0
0 0 0 0
0 0 0 0
0 0 0 0
0 0 0 0
0 0 0 0
0 0 0 0
0 0 0 0
0 0 0 0
0 0 0 0
0 0 0 0
0 0 0 0
0 0 0 0
0 0 0 0
0 0 0 0
0 0 0 0
0 0 0 0
0 0 0 0
0 0 0 0
0 0 0 0
0 0 0 0
0 0 0 0
0 0 0 0
0 0 0 0
0 0 0 0
0 0 0 0
0 0 0 0
0 0 0 0
0 0 0 0
0 0 0 0
0 0 0 0
0 0 0 0
0 0 0 0
0 0 0 0
0 0 0 0
0 0 0 0
0 0 0 0
0 0 0 0
0 0 0 0
0 0 0 0
0 0 0 0
0 0 0 0
0 0 0 0
0 0 0 0
0 0 0 0
0 0 0 0
0 0 0 0
0 0 0 0
0 0 0 0
0 0 0 0
0 0 0 0
0 0 0 0
0 0 0 0
0 0 0 0
0 0 0 0
0 0 0 0
0 0 0 0
0 0 0 0
0 0 0 0
0 0 0 0
0 0 0 0
0 0 0 0
0 0 0 0
0 0 0 0
0 0 0 0
0 0 0 0
0 0 0 0
0 0 0 0
0 0 0 0
0 0 0 0
0 0 0 0
0 0 0 0
0 0 0 0
0 0 0 0
0 0 0 0
0 0 0 0
0 0 0 0
0 0 0 0
0 0 0 0
0 0 0 0
0 0 0 0
0 0 0 0
0 0 0 0
0 0 0 0
0 0 0 0
0 0 0 0
0 0 0 0
0 0 0 0
0 0 0 0
0 0 0 0
0 0 0 0
0 0 0 0
0 0 0 0
0 0 0 0
0 0 0 0
0 0 0 0
0 0 0 0
0 0 0 0
0 0 0 0
0 0 0 0
0 0 0 0
0 0 0 0
0 0 0 0
0 0 0 0
0 0 0 0
0 0 0 0
0 0 0 0
0 0 0 0
0 0 0 0
0 0 0 0
0 0 0 0
0 0 0 0
0 0 0 0
0 0 0 0
0 0 0 0
0 0 0 0
0 0 0 0
0 0 0 0
0 0 0 0
0 0 0 0
0 0 0 0
0 0 0 0
0 0 0 0
0 0 0 0
0 0 0 0
0 0 0 0
0 0 0 0
0 0 0 0
0 0 0 0
0 0 0 0
0 0 0 0
0 0 0 0
0 0 0 0
0 0 0 0
0 0 0 0
0 0 0 0
0 0 0 0
0 0 0 0
0 0 0 0
0 0 0 0
0 0 0 0
0 0 0 0
0 0 0 0
0 0 0 0
0 0 0 0
0 0 0 0
0 0 0 0
0 0 0 0
0 0 0 0
0 0 0 0
0 0 0 0
0 0 0 0
0 0 0 0
0 0 0 0
0 0 0 0
0 0 0 0
0 0 0 0
0 0 0 0
0 0 0 0
0 0 0 0
0 0 0 0
0 0 0 0
0 0 0 0
0 0 0 0
0 0 0 0
0 0 0 0
0 0 0 0
0 0 0 0
0 0 0 0
0 0 0 0
0 0 0 0
0 0 0 0
0 0 0 0
0 0 0 0
0 0 0 0
0 0 0 0
0 0 0 0
0 0 0 0
0 0 0 0
0 0 0 0
0 0 0 0
0 0 0 0
0 0 0 0
0 0 0 0
0 0 0 0
0 0 0 0
0 0 0 0
0 0 0 0
0 0 0 0
0 0 0 0
0 0 0 0
0 0 0 0
0 0 0 0
0 0 0 0
0 0 0 0
0 0 0 0
0 0 0 0
0 0 0 0
0 0 0 0
0 0 0 0
0 0 0 0
0 0 0 0
0 0 0 0
0 0 0 0
0 0 0 0
0 0 0 0
0 0 0 0
0 0 0 0
0 0 0 0
0 0 0 0
0 0 0 0
0 0 0 0
0 0 0 0
0 0 0 0
0 0 0 0
0 0 0 0
0 0 0 0
0 0 0 0
0 0 0 0
0 0 0 0
0 0 0 0
0 0 0 0
0 0 0 0
0 0 0 0
0 0 0 0
0 0 0 0
0 0 0 0
0 0 0 0
0 0 0 0
0 0 0 0
0 0 0 0
0 0 0 0
0 0 0 0
0 0 0 0
0 0 0 0
0 0 0 0
0 0 0 0
0 0 0 0
0 0 0 0
0 0 0 0
0 0 0 0
0 0 0 0
0 0 0 0
0 0 0 0
0 0 0 0
0 0 0 0
0 0 0 0
0 0 0 0
0 0 0 0
0 0 0 0
0 0 0 0
0 0 0 0
0 0 0 0
0 0 0 0
0 0 0 0
0 0 0 0
0 0 0 0
0 0 0 0
0 0 0 0
0 0 0 0
0 0 0 0
0 0 0 0
0 0 0 0
0 0 0 0
0 0 0 0
0 0 0 0
0 0 0 0
0 0 0 0
0 0 0 0
0 0 0 0
0 0 0 0
0 0 0 0
0 0 0 0
0 0 0 0
0 0 0 0
0 0 0 0
0 0 0 0
0 0 0 0
0 0 0 0
0 0 0 0
0 0 0 0
0 0 0 0
0 0 0 0
0 0 0 0
0 0 0 0
0 0 0 0
0 0 0 0
0 0 0 0
0 0 0 0
0 0 0 0
0 0 0 0
0 0 0 0
0 0 0 0
0 0 0 0
0 0 0 0
0 0 0 0
0 0 0 0
0 0 0 0
0 0 0 0
0 0 0 0
0 0 0 0
0 0 0 0
0 0 0 0
0 0 0 0
0 0 0 0
0 0 0 0
0 0 0 0
0 0 0 0
0 0 0 0
0 0 0 0
0 0 0 0
0 0 0 0
0 0 0 0
0 0 0 0
0 0 0 0
0 0 0 0
0 0 0 0
0 0 0 0
0 0 0 0
0 0 0 0
0 0 0 0
0 0 0 0
0 0 0 0
0 0 0 0
0 0 0 0
0 0 0 0
0 0 0 0
0 0 0 0
0 0 0 0
0 0 0 0
0 0 0 0
0 0 0 0
0 0 0 0
0 0 0 0
0 0 0 0
0 0 0 0
0 0 0 0
0 0 0 0
0 0 0 0
0 0 0 0
0 0 0 0
0 0 0 0
0 0 0 0
0 0 0 0
0 0 0 0
0 0 0 0
0 0 0 0
0 0 0 0
0 0 0 0
0 0 0 0
0 0 0 0
0 0 0 0
0 0 0 0
0 0 0 0
0 0 0 0
0 0 0 0
0 0 0 0
0 0 0 0
0 0 0 0
0 0 0 0
0 0 0 0
0 0 0 0
0 0 0 0
0 0 0 0
0 0 0 0
0 0 0 0
0 0 0 0
0 0 0 0
0 0 0 0
0 0 0 0
0 0 0 0
0 0 0 0
0 0 0 0
0 0 0 0
0 0 0 0
0 0 0 0
0 0 0 0
0 0 0 0
0 0 0 0
0 0 0 0
0 0 0 0
0 0 0 0
0 0 0 0
0 0 0 0
0 0 0 0
0 0 0 0
0 0 0 0
0 0 0 0
0 0 0 0
0 0 0 0
0 0 0 0
0 0 0 0
0 0 0 0
0 0 0 0
0 0 0 0
0 0 0 0
0 0 0 0
0 0 0 0
0 0 0 0
0 0 0 0
0 0 0 0
0 0 0 0
0 0 0 0
0 0 0 0
0 0 0 0
0 0 0 0
0 0 0 0
0 0 0 0
0 0 0 0
0 0 0 0
0 0 0 0
0 0 0 0
0 0 0 0
0 0 0 0
0 0 0 0
0 0 0 0
0 0 0 0
0 0 0 0
0 0 0 0
0 0 0 0
0 0 0 0
0 0 0 0
0 0 0 0
0 0 0 0
0 0 0 0
0 0 0 0
0 0 0 0
0 0 0 0
0 0 0 0
0 0 0 0
0 0 0 0
0 0 0 0
0 0 0 0
0 0 0 0
0 0 0 0
0 0 0 0
0 0 0 0
0 0 0 0
0 0 0 0
0 0 0 0
0 0 0 0
0 0 0 0
0 0 0 0
0 0 0 0
0 0 0 0
0 0 0 0
0 0 0 0
0 0 0 0
0 0 0 0
0 0 0 0
0 0 0 0
0 0 0 0
0 0 0 0
0 0 0 0
0 0 0 0
0 0 0 0
0 0 0 0
0 0 0 0
0 0 0 0
0 0 0 0
0 0 0 0
0 0 0 0
0 0 0 0
0 0 0 0
0 0 0 0
0 0 0 0
0 0 0 0
0 0 0 0
0 0 0 0
0 0 0 0
0 0 0 0
0 0 0 0
0 0 0 0
0 0 0 0
0 0 0 0
0 0 0 0
0 0 0 0
0 0 0 0
0 0 0 0
0 0 0 0
0 0 0 0
0 0 0 0
0 0 0 0
0 0 0 0
0 0 0 0
0 0 0 0
0 0 0 0
0 0 0 0
0 0 0 0
0 0 0 0
0 0 0 0
0 0 0 0
0 0 0 0
0 0 0 0
0 0 0 0
0 0 0 0
0 0 0 0
0 0 0 0
0 0 0 0
0 0 0 0
0 0 0 0
0 0 0 0
0 0 0 0
0 0 0 0
0 0 0 0
0 0 0 0
0 0 0 0
0 0 0 0
0 0 0 0
0 0 0 0
0 0 0 0
0 0 0 0
0 0 0 0
0 0 0 0
0 0 0 0
0 0 0 0
0 0 0 0
0 0 0 0
0 0 0 0
0 0 0 0
0 0 0 0
0 0 0 0
0 0 0 0
0 0 0 0
0 0 0 0
0 0 0 0
0 0 0 0
0 0 0 0
0 0 0 0
0 0 0 0
0 0 0 0
0 0 0 0
0 0 0 0
0 0 0 0
0 0 0 0
0 0 0 0
0 0 0 0
0 0 0 0
0 0 0 0
0 0 0 0
0 0 0 0
0 0 0 0
0 0 0 0
0 0 0 0
0 0 0 0
0 0 0 0
0 0 0 0
0 0 0 0
0 0 0 0
0 0 0 0
0 0 0 0
0 0 0 0
0 0 0 0
0 0 0 0
0 0 0 0
0 0 0 0
0 0 0 0
0 0 0 0
0 0 0 0
0 0 0 0
0 0 0 0
0 0 0 0
0 0 0 0
0 0 0 0
0 0 0 0
0 0 0 0
0 0 0 0
0 0 0 0
0 0 0 0
0 0 0 0
0 0 0 0
0 0 0 0
0 0 0 0
0 0 0 0
0 0 0 0
0 0 0 0
0 0 0 0
0 0 0 0
0 0 0 0
0 0 0 0
0 0 0 0
0 0 0 0
0 0 0 0
0 0 0 0
0 0 0 0
0 0 0 0
0 0 0 0
0 0 0 0
0 0 0 0
0 0 0 0
0 0 0 0
0 0 0 0
0 0 0 0
0 0 0 0
0 0 0 0
0 0 0 0
0 0 0 0
0 0 0 0
0 0 0 0
0 0 0 0
0 0 0 0
0 0 0 0
0 0 0 0
0 0 0 0
0 0 0 0
0 0 0 0
0 0 0 0
0 0 0 0
0 0 0 0
0 0 0 0
0 0 0 0
0 0 0 0
0 0 0 0
0 0 0 0
0 0 0 0
0 0 0 0
0 0 0 0
0 0 0 0
0 0 0 0
0 0 0 0
0 0 0 0
0 0 0 0
0 0 0 0
0 0 0 0
0 0 0 0
0 0 0 0
0 0 0 0
0 0 0 0
0 0 0 0
0 0 0 0
0 0 0 0
0 0 0 0
0 0 0 0
0 0 0 0
0 0 0 0
0 0 0 0
0 0 0 0
0 0 0 0
0 0 0 0
0 0 0 0
0 0 0 0
0 0 0 0
0 0 0 0
0 0 0 0
0 0 0 0
0 0 0 0
0 0 0 0
0 0 0 0
0 0 0 0
0 0 0 0
0 0 0 0
0 0 0 0
0 0 0 0
0 0 0 0
0 0 0 0
0 0 0 0
0 0 0 0
0 0 0 0
0 0 0 0
0 0 0 0
0 0 0 0
0 0 0 0
0 0 0 0
0 0 0 0
0 0 0 0
0 0 0 0
0 0 0 0
0 0 0 0
0 0 0 0
0 0 0 0
0 0 0 0
0 0 0 0
0 0 0 0
0 0 0 0
0 0 0 0
0 0 0 0
0 0 0 0
0 0 0 0
0 0 0 0
0 0 0 0
0 0 0 0
0 0 0 0
0 0 0 0
0 0 0 0
0 0 0 0
0 0 0 0
0 0 0 0
0 0 0 0
0 0 0 0
0 0 0 0
0 0 0 0
0 0 0 0
0 0 0 0
0 0 0 0
0 0 0 0
0 0 0 0
0 0 0 0
0 0 0 0
0 0 0 0
0 0 0 0
0 0 0 0
0 0 0 0
0 0 0 0
0 0 0 0
0 0 0 0
0 0 0 0
0 0 0 0
0 0 0 0
0 0 0 0
0 0 0 0
0 0 0 0
0 0 0 0
0 0 0 0
0 0 0 0
0 0 0 0
0 0 0 0
0 0 0 0
0 0 0 0
0 0 0 0
0 0 0 0
0 0 0 0
0 0 0 0
0 0 0 0
0 0 0 0
0 0 0 0
0 0 0 0
0 0 0 0
0 0 0 0
0 0 0 0
0 0 0 0
0 0 0 0
0 0 0 0
0 0 0 0
0 0 0 0
0 0 0 0
0 0 0 0
0 0 0 0
0 0 0 0
0 0 0 0
0 0 0 0
0 0 0 0
0 0 0 0
0 0 0 0
0 0 0 0
0 0 0 0
0 0 0 0
0 0 0 0
0 0 0 0
0 0 0 0
0 0 0 0
0 0 0 0
0 0 0 0
0 0 0 0
0 0 0 0
0 0 0 0
0 0 0 0
0 0 0 0
0 0 0 0
0 0 0 0
0 0 0 0
0 0 0 0
0 0 0 0
0 0 0 0
0 0 0 0
0 0 0 0
0 0 0 0
0 0 0 0
0 0 0 0
0 0 0 0
0 0 0 0
0 0 0 0
0 0 0 0
0 0 0 0
0 0 0 0
0 0 0 0
0 0 0 0
0 0 0 0
0 0 0 0
0 0 0 0
0 0 0 0
0 0 0 0
0 0 0 0
0 0 0 0
0 0 0 0
0 0 0 0
0 0 0 0
0 0 0 0
0 0 0 0
0 0 0 0
0 0 0 0
0 0 0 0
0 0 0 0
0 0 0 0
0 0 0 0
0 0 0 0
0 0 0 0
0 0 0 0
0 0 0 0
0 0 0 0
0 0 0 0
0 0 0 0
0 0 0 0
0 0 0 0
0 0 0 0
0 0 0 0
0 0 0 0
0 0 0 0
0 0 0 0
0 0 0 0
0 0 0 0
0 0 0 0
0 0 0 0
0 0 0 0
0 0 0 0
0 0 0 0
0 0 0 0
0 0 0 0
0 0 0 0
0 0 0 0
0 0 0 0
0 0 0 0
0 0 0 0
0 0 0 0
0 0 0 0
0 0 0 0
0 0 0 0
0 0 0 0
0 0 0 0
0 0 0 0
0 0 0 0
0 0 0 0
0 0 0 0
0 0 0 0
0 0 0 0
0 0 0 0
0 0 0 0
0 0 0 0
0 0 0 0
0 0 0 0
0 0 0 0
0 0 0 0
0 0 0 0
0 0 0 0
0 0 0 0
0 0 0 0
0 0 0 0
0 0 0 0
0 0 0 0
0 0 0 0
0 0 0 0
0 0 0 0
0 0 0 0
0 0 0 0
0 0 0 0
0 0 0 0
0 0 0 0
0 0 0 0
0 0 0 0
0 0 0 0
0 0 0 0
0 0 0 0
0 0 0 0
0 0 0 0
0 0 0 0
0 0 0 0
0 0 0 0
0 0 0 0
0 0 0 0
0 0 0 0
0 0 0 0
0 0 0 0
0 0 0 0
0 0 0 0
0 0 0 0
0 0 0 0
0 0 0 0
0 0 0 0
0 0 0 0
0 0 0 0
0 0 0 0
0 0 0 0
0 0 0 0
0 0 0 0
0 0 0 0
0 0 0 0
0 0 0 0
0 0 0 0
0 0 0 0
0 0 0 0
0 0 0 0
0 0 0 0
0 0 0 0
0 0 0 0
0 0 0 0
0 0 0 0
0 0 0 0
0 0 0 0
0 0 0 0
0 0 0 0
0 0 0 0
0 0 0 0
0 0 0 0
0 0 0 0
0 0 0 0
0 0 0 0
0 0 0 0
0 0 0 0
0 0 0 0
0 0 0 0
0 0 0 0
0 0 0 0
0 0 0 0
0 0 0 0
0 0 0 0
0 0 0 0
0 0 0 0
0 0 0 0
0 0 0 0
0 0 0 0
0 0 0 0
0 0 0 0
0 0 0 0
0 0 0 0
0 0 0 0
0 0 0 0
0 0 0 0
0 0 0 0
0 0 0 0
0 0 0 0
0 0 0 0
0 0 0 0
0 0 0 0
0 0 0 0
0 0 0 0
0 0 0 0
0 0 0 0
0 0 0 0
0 0 0 0
0 0 0 0
0 0 0 0
0 0 0 0
0 0 0 0
0 0 0 0
0 0 0 0
0 0 0 0
0 0 0 0
0 0 0 0
0 0 0 0
0 0 0 0
0 0 0 0
0 0 0 0
0 0 0 0
0 0 0 0
0 0 0 0
0 0 0 0
0 0 0 0
0 0 0 0
0 0 0 0
0 0 0 0
0 0 0 0
0 0 0 0
0 0 0 0
0 0 0 0
0 0 0 0
0 0 0 0
0 0 0 0
0 0 0 0
0 0 0 0
0 0 0 0
0 0 0 0
0 0 0 0
0 0 0 0
0 0 0 0
0 0 0 0
0 0 0 0
0 0 0 0
0 0 0 0
0 0 0 0
0 0 0 0
0 0 0 0
0 0 0 0
0 0 0 0
0 0 0 0
0 0 0 0
0 0 0 0
0 0 0 0
0 0 0 0
0 0 0 0
0 0 0 0
0 0 0 0
0 0 0 0
0 0 0 0
0 0 0 0
0 0 0 0
0 0 0 0
0 0 0 0
0 0 0 0
0 0 0 0
0 0 0 0
0 0 0 0
0 0 0 0
0 0 0 0
0 0 0 0
0 0 0 0
0 0 0 0
0 0 0 0
0 0 0 0
0 0 0 0
0 0 0 0
0 0 0 0
0 0 0 0
0 0 0 0
0 0 0 0
0 0 0 0
0 0 0 0
0 0 0 0
0 0 0 0
0 0 0 0
0 0 0 0
0 0 0 0
0 0 0 0
0 0 0 0
0 0 0 0
0 0 0 0
0 0 0 0
0 0 0 0
0 0 0 0
0 0 0 0
0 0 0 0
0 0 0 0
0 0 0 0
0 0 0 0
0 0 0 0
0 0 0 0
0 0 0 0
0 0 0 0
0 0 0 0
0 0 0 0
0 0 0 0
0 0 0 0
0 0 0 0
0 0 0 0
0 0 0 0
0 0 0 0
0 0 0 0
0 0 0 0
0 0 0 0
0 0 0 0
0 0 0 0
0 0 0 0
0 0 0 0
0 0 0 0
0 0 0 0
0 0 0 0
0 0 0 0
0 0 0 0
0 0 0 0
0 0 0 0
0 0 0 0
0 0 0 0
0 0 0 0
0 0 0 0
0 0 0 0
0 0 0 0
0 0 0 0
0 0 0 0
0 0 0 0
0 0 0 0
0 0 0 0
0 0 0 0
0 0 0 0
0 0 0 0
0 0 0 0
0 0 0 0
0 0 0 0
0 0 0 0
