-598.995 -6106.96 293.942 20148 -57.9105
-598.995 -6106.96 293.942 20148 -57.9105
-598.995 -6106.96 293.942 20148 -57.9105
-598.995 -6106.96 293.942 20148 -57.9105
-598.995 -6106.96 293.942 20148 -57.9105
-598.995 -6106.96 293.942 20148 -57.9105
-598.995 -6106.96 293.942 20148 -57.9105
-598.995 -6106.96 293.942 20148 -57.9105
-598.995 -6106.96 293.942 20148 -57.9105
-598.995 -6106.96 293.942 20148 -57.9105
-598.995 -6106.96 293.942 20148 -57.9105
-598.995 -6106.96 293.942 20148 -57.9105
-598.995 -6106.96 293.942 20148 -57.9105
-598.995 -6106.96 293.942 20148 -57.9105
-598.995 -6106.96 293.942 20148 -57.9105
-598.995 -6106.96 293.942 20148 -57.9105
-599.007 -6106.97 293.942 20148 -57.9105
-599.061 -6106.94 293.943 20148 -57.9105
-599.14 -6106.88 293.944 20148 -57.9105
-599.258 -6106.79 293.946 20148 -57.9105
-599.4 -6106.7 293.947 20148 -57.9105
-599.546 -6106.6 293.949 20148 -57.9105
-599.687 -6106.51 293.951 20148 -57.9105
-599.827 -6106.42 293.953 20148 -57.9105
-599.968 -6106.33 293.955 20148 -57.9105
-600.108 -6106.24 293.957 20148 -57.9105
-600.248 -6106.16 293.958 20148 -57.9105
-600.384 -6106.07 293.96 20148 -57.9105
-600.522 -6105.98 293.962 20148 -57.9105
-600.685 -6105.89 293.964 20148 -57.9105
-600.883 -6105.77 293.966 20148 -57.9105
-601.106 -6105.62 293.969 20148 -57.9105
-601.365 -6105.44 293.973 20148 -57.9105
-601.647 -6105.26 293.976 20148 -57.9105
-601.933 -6105.08 293.98 20148 -57.9105
-602.215 -6104.9 293.984 20148 -57.9105
-602.496 -6104.72 293.987 20148 -57.9105
-602.775 -6104.54 293.991 20148 -57.9105
-603.053 -6104.36 293.995 20148 -57.9105
-603.333 -6104.18 293.999 20148 -57.9105
-603.628 -6104 294.004 20148 -57.9105
-603.943 -6103.8 294.009 20148 -57.9105
-604.282 -6103.58 294.015 20148 -57.9105
-604.644 -6103.35 294.021 20148 -57.9105
-605.03 -6103.11 294.027 20148 -57.9105
-605.433 -6102.87 294.033 20148 -57.9105
-605.849 -6102.63 294.04 20148 -57.9105
-606.268 -6102.39 294.047 20148 -57.9105
-606.683 -6102.16 294.053 20148 -57.9105
-607.097 -6101.92 294.06 20148 -57.9105
-607.512 -6101.68 294.066 20148 -57.9105
-607.926 -6101.45 294.073 20148 -57.9105
-608.338 -6101.21 294.079 20148 -57.9105
-608.75 -6100.96 294.086 20148 -57.9105
-609.162 -6100.72 294.093 20148 -57.9105
-609.576 -6100.49 294.099 20148 -57.9105
-609.99 -6100.25 294.106 20148 -57.9105
-610.404 -6100.02 294.112 20148 -57.9105
-610.82 -6099.78 294.119 20148 -57.9105
-611.237 -6099.53 294.125 20148 -57.9105
-611.654 -6099.28 294.132 20148 -57.9105
-612.076 -6099.01 294.139 20148 -59.1975
-612.524 -6098.74 294.146 20148 -58.5927
-613.006 -6098.45 294.154 20148 -57.1245
-613.513 -6098.12 294.162 20148 -56.6181
-614.054 -6097.77 294.171 20148 -57.83
-614.621 -6097.41 294.181 20148 -57.8306
-615.193 -6097.05 294.19 20148 -57.6266
-615.752 -6096.7 294.199 20148 -58.1219
-616.302 -6096.35 294.208 20148 -59.7773
-616.869 -6096.02 294.217 20148 -58.6987
-617.454 -6095.67 294.228 30148 -57.483
-618.092 -6095.26 294.243 30148 -56.2386
-618.76 -6094.81 294.26 30148 -56.0512
-619.472 -6094.33 294.277 30148 -56.6031
-620.2 -6093.85 294.295 30148 -56.5963
-620.924 -6093.38 294.312 30148 -56.5907
-621.644 -6092.9 294.33 30148 -56.5939
-622.367 -6092.43 294.347 30148 -56.5282
-623.089 -6091.95 294.364 30148 -56.5883
-623.808 -6091.47 294.382 30148 -56.9098
-624.52 -6091.01 294.399 30148 -57.3512
-625.223 -6090.56 294.416 30148 -57.7163
-625.92 -6090.12 294.433 30148 -57.7625
-626.614 -6089.68 294.449 30148 -57.6926
-627.308 -6089.24 294.466 30148 -57.6928
-628.002 -6088.8 294.482 30148 -57.7161
-628.698 -6088.36 294.499 30148 -57.6928
-629.392 -6087.92 294.516 30148 -57.6928
-630.087 -6087.49 294.532 30148 -57.6928
-630.782 -6087.05 294.549 30148 -57.7161
-631.477 -6086.61 294.565 30148 -57.6696
-632.171 -6086.17 294.582 30148 -57.7161
-632.866 -6085.73 294.599 30148 -57.6929
-633.562 -6085.29 294.615 30148 -57.6928
-634.256 -6084.85 294.632 30148 -57.6928
-634.951 -6084.41 294.648 30148 -57.6928
-635.646 -6083.97 294.665 30148 -57.716
-636.34 -6083.53 294.682 30148 -57.7625
-637.035 -6083.09 294.698 30148 -57.7161
-637.731 -6082.65 294.715 30148 -57.3714
-638.429 -6082.21 294.731 30148 -56.9651
-639.132 -6081.75 294.748 30148 -56.6951
-639.837 -6081.29 294.765 30148 -56.8386
-640.545 -6080.82 294.783 30148 -56.9284
-641.254 -6080.36 294.8 30148 -56.9049
-641.962 -6079.9 294.817 30148 -56.927
-642.67 -6079.44 294.835 30148 -56.927
-643.378 -6078.98 294.852 30148 -56.927
-644.087 -6078.52 294.869 30148 -56.9048
-644.795 -6078.06 294.887 30148 -56.9043
-645.502 -6077.59 294.904 30148 -56.9274
-646.211 -6077.13 294.921 30148 -56.9269
-646.919 -6076.67 294.938 30148 -56.9273
-647.627 -6076.21 294.956 30148 -56.9268
-648.335 -6075.75 294.973 30148 -56.9268
-649.043 -6075.29 294.99 30148 -56.882
-649.75 -6074.83 295.008 30148 -56.9268
-650.458 -6074.37 295.025 30148 -56.9267
-651.166 -6073.91 295.042 30148 -56.9276
-651.874 -6073.44 295.06 30148 -56.8602
-652.583 -6072.98 295.077 30148 -56.9031
-653.29 -6072.52 295.094 30148 -57.2159
-653.996 -6072.07 295.111 30148 -57.6458
-654.701 -6071.62 295.128 30148 -57.9657
-655.406 -6071.18 295.145 30148 -57.9886
-656.109 -6070.74 295.162 30148 -57.9425
-656.811 -6070.3 295.179 30148 -57.9428
-657.515 -6069.86 295.196 30148 -57.9433
-658.224 -6069.41 295.214 30148 -58.1029
-658.936 -6068.97 295.231 30148 -58.263
-659.648 -6068.53 295.248 30148 -57.9656
-660.351 -6068.09 295.265 30148 -57.3615
-661.044 -6067.65 295.282 30148 -57.0588
-661.734 -6067.2 295.298 30148 -57.3491
-662.427 -6066.76 295.315 30148 -57.8694
-663.128 -6066.32 295.333 30148 -58.1682
-663.835 -6065.88 295.35 30148 -58.0072
-664.544 -6065.43 295.367 30148 -58.0307
-665.248 -6064.99 295.384 30148 -57.6333
-665.935 -6064.56 295.401 30148 -58.3961
-666.611 -6064.14 295.417 30148 -58.0122
-667.272 -6063.73 295.434 30148 -58.0376
-667.927 -6063.32 295.45 30148 -57.0516
-668.559 -6062.91 295.465 30148 -57.9121
-669.169 -6062.53 295.48 30148 -59.1947
-669.757 -6062.18 295.494 30148 -57.9963
-670.319 -6061.83 295.508 30148 -58.0256
-670.878 -6061.48 295.522 30148 -57.9963
-671.44 -6061.13 295.535 30148 -58.0249
-672.004 -6060.78 295.549 30148 -57.9962
-672.567 -6060.42 295.563 30148 -58.025
-673.13 -6060.07 295.577 30148 -58.025
-673.694 -6059.72 295.59 30148 -57.9962
-674.257 -6059.37 295.604 30148 -58.025
-674.82 -6059.02 295.618 30148 -58.0249
-675.384 -6058.66 295.632 30148 -58.0249
-675.947 -6058.31 295.645 30148 -57.9962
-676.51 -6057.96 295.659 30148 -58.0249
-677.074 -6057.61 295.673 30148 -58.0246
-677.64 -6057.26 295.687 30148 -57.9387
-678.205 -6056.9 295.7 30148 -58.0256
-678.765 -6056.55 295.714 30148 -58.1779
-679.308 -6056.22 295.727 30148 -59.1235
-679.833 -6055.9 295.74 30148 -59.3249
-680.343 -6055.6 295.752 30148 -59.4434
-680.846 -6055.3 295.764 30148 -59.3764
-681.349 -6055 295.776 30148 -59.3374
-681.854 -6054.7 295.788 30148 -59.3366
-682.359 -6054.41 295.801 30148 -59.4672
-682.865 -6054.11 295.813 30148 -59.4645
-683.372 -6053.81 295.825 30148 -59.4585
-683.881 -6053.51 295.837 30148 -59.4287
-684.388 -6053.21 295.849 30148 -58.9278
-684.884 -6052.91 295.861 30148 -58.2571
-685.358 -6052.62 295.873 30148 -58.4727
-685.809 -6052.34 295.884 30148 -57.9878
-686.238 -6052.07 295.895 30148 -57.9878
-686.656 -6051.8 295.905 30148 -57.9878
-687.074 -6051.54 295.915 30148 -57.9878
-687.493 -6051.27 295.926 30148 -57.9878
-687.914 -6051 295.936 30148 -57.9878
-688.334 -6050.74 295.946 30148 -57.9878
-688.754 -6050.47 295.957 30148 -57.9878
-689.174 -6050.2 295.967 30148 -57.9878
-689.595 -6049.93 295.978 30148 -57.9878
-690.015 -6049.66 295.988 30148 -57.9878
-690.435 -6049.4 295.998 30148 -57.9878
-690.855 -6049.13 296.009 30148 -57.9878
-691.275 -6048.86 296.019 30148 -57.9878
-691.695 -6048.59 296.029 30148 -57.9878
-692.116 -6048.33 296.04 30148 -57.9878
-692.536 -6048.06 296.05 30148 -57.9878
-692.956 -6047.79 296.061 30148 -57.9878
-693.376 -6047.52 296.071 30148 -57.9878
-693.796 -6047.26 296.081 30148 -57.9878
-694.216 -6046.99 296.092 30148 -57.9878
-694.637 -6046.72 296.102 30148 -57.9878
-695.056 -6046.45 296.113 30148 -57.9878
-695.477 -6046.19 296.123 30148 -57.4978
-695.902 -6045.92 296.133 30148 -57.2689
-696.323 -6045.64 296.144 30148 -57.2689
-696.729 -6045.38 296.154 30148 -57.2689
-697.113 -6045.14 296.163 30148 -57.2689
-697.473 -6044.93 296.172 30148 -57.2689
-697.811 -6044.72 296.18 30148 -57.2689
-698.133 -6044.5 296.189 30148 -57.2689
-698.456 -6044.27 296.197 30148 -57.2689
-698.782 -6044.05 296.205 30148 -57.2689
-699.103 -6043.82 296.213 30148 -57.2689
-699.419 -6043.6 296.221 30148 -57.2689
-699.732 -6043.38 296.229 30148 -57.2689
-700.058 -6043.15 296.238 30148 -57.2689
-700.442 -6042.92 296.247 30148 -57.2689
-700.86 -6042.65 296.257 30148 -57.463
-701.322 -6042.35 296.269 30148 -56.3794
-701.82 -6042.02 296.281 30148 -58.6479
-702.373 -6041.68 296.295 30148 -58.7496
-702.934 -6041.34 296.308 30148 -58.7592
-703.49 -6041.01 296.322 30148 -58.7944
-704.045 -6040.67 296.335 30148 -58.793
-704.6 -6040.33 296.349 30148 -58.7636
-705.154 -6040 296.363 30148 -58.7636
-705.709 -6039.66 296.376 30148 -58.7929
-706.264 -6039.32 296.39 30148 -58.7929
-706.819 -6038.99 296.403 30148 -58.7628
-707.374 -6038.65 296.417 30148 -58.4156
-707.927 -6038.31 296.43 30148 -58.0076
-708.477 -6037.97 296.444 30148 -57.9762
-709.028 -6037.62 296.457 30148 -58.0115
-709.577 -6037.28 296.471 30148 -58.0229
-710.121 -6036.94 296.484 30148 -58.069
-710.67 -6036.6 296.498 30148 -59.4118
-711.261 -6036.25 296.512 30148 -57.2847
-711.878 -6035.85 296.528 30148 -57.0067
-712.531 -6035.43 296.544 30148 -55.3032
-713.211 -6034.96 296.561 30148 -56.447
-713.931 -6034.48 296.579 30148 -56.5367
-714.658 -6034 296.598 30148 -56.5136
-715.38 -6033.52 296.616 30148 -56.5349
-716.099 -6033.05 296.634 30148 -56.5124
-716.817 -6032.57 296.652 30148 -56.6457
-717.537 -6032.1 296.67 30148 -56.4048
-718.262 -6031.62 296.688 30148 -55.7841
-718.993 -6031.12 296.707 30148 -55.8676
-719.742 -6030.61 296.726 30148 -56.1351
-720.512 -6030.1 296.745 30148 -56.332
-721.306 -6029.57 296.765 30148 -56.1861
-722.12 -6029.02 296.786 30148 -56.5013
-722.951 -6028.47 296.806 30148 -56.5404
-723.786 -6027.92 296.827 30148 -56.5208
-724.618 -6027.37 296.848 30148 -56.5203
-725.448 -6026.82 296.869 30148 -56.5204
-726.279 -6026.27 296.89 30148 -56.5013
-727.11 -6025.72 296.911 30148 -56.5396
-727.941 -6025.17 296.932 30148 -56.5206
-728.772 -6024.62 296.953 30148 -56.5198
-729.6 -6024.07 296.973 30148 -55.9259
-730.422 -6023.52 296.994 30148 -55.3925
-731.249 -6022.95 297.015 30148 -56.436
-732.107 -6022.38 297.037 30148 -56.102
-732.992 -6021.78 297.059 30148 -55.3063
-733.901 -6021.15 297.082 30148 -54.997
-734.836 -6020.5 297.106 30148 -55.6973
-735.798 -6019.84 297.131 30148 -55.697
-736.763 -6019.19 297.155 30148 -55.6974
-737.725 -6018.53 297.18 30148 -55.6812
-738.684 -6017.87 297.204 30148 -55.7139
-739.645 -6017.22 297.229 30148 -55.6975
-740.606 -6016.56 297.253 30148 -55.6976
-741.566 -6015.91 297.277 30148 -55.6975
-742.526 -6015.25 297.302 30148 -55.6811
-743.487 -6014.6 297.326 30148 -55.714
-744.447 -6013.94 297.35 30148 -55.6811
-745.407 -6013.29 297.375 30148 -55.6975
-746.368 -6012.63 297.399 30148 -55.6975
-747.328 -6011.98 297.424 30148 -55.6975
-748.289 -6011.32 297.448 30148 -55.6976
-749.249 -6010.67 297.472 30148 -55.6975
-750.209 -6010.01 297.497 30148 -55.6975
-751.17 -6009.36 297.521 30148 -55.5051
-752.128 -6008.7 297.546 30148 -54.2425
-753.072 -6008.02 297.57 30148 -54.2264
-754.014 -6007.34 297.594 30148 -54.2268
-754.953 -6006.66 297.618 30148 -54.2099
-755.894 -6005.98 297.643 30148 -54.9032
-756.861 -6005.3 297.667 30148 -54.5789
-757.859 -6004.6 297.693 30148 -53.4948
-758.88 -6003.84 297.72 30148 -53.9931
-759.927 -6003.08 297.747 30148 -54.2297
-760.973 -6002.32 297.774 30148 -54.2158
-762.009 -6001.58 297.8 30148 -54.4668
-763.058 -6000.83 297.827 30148 -53.9799
-764.117 -6000.06 297.855 30148 -54.2852
-765.186 -5999.29 297.882 30148 -53.8346
-766.245 -5998.52 297.91 30148 -53.5249
-767.293 -5997.74 297.937 30148 -53.2147
-768.333 -5996.96 297.964 30148 -52.8723
-769.366 -5996.18 297.991 30148 -52.6721
-770.389 -5995.4 298.018 30148 0
