-543.214 -6147.44 293.555 20149 -58.206
-543.78 -6147.09 293.554 20149 -58.2346
-544.347 -6146.74 293.554 20149 -58.2346
-544.914 -6146.39 293.553 20149 -58.206
-545.481 -6146.03 293.552 20149 -58.2346
-546.047 -6145.68 293.552 20149 -58.206
-546.614 -6145.33 293.551 20149 -58.2346
-547.181 -6144.98 293.551 20149 -58.236
-547.747 -6144.63 293.551 20149 -58.2085
-548.315 -6144.28 293.552 20149 -58.2071
-548.886 -6143.93 293.553 20149 -58.266
-549.453 -6143.57 293.555 20149 -57.7192
-550.005 -6143.23 293.556 20149 -58.2325
-550.536 -6142.9 293.557 20149 -58.7583
-551.048 -6142.59 293.559 20149 -58.1911
-551.547 -6142.28 293.56 20149 -58.2609
-552.04 -6141.97 293.561 20149 -57.6303
-552.52 -6141.67 293.562 20149 -58.2889
-552.98 -6141.38 293.563 20149 -58.8385
-553.417 -6141.12 293.564 20149 -58.8385
-553.841 -6140.86 293.565 20149 -58.8753
-554.279 -6140.59 293.567 20149 -57.8656
-554.735 -6140.31 293.568 20149 -58.1374
-555.213 -6140.01 293.569 20149 -58.4032
-555.697 -6139.71 293.57 20149 -58.5369
-556.182 -6139.41 293.571 20149 -58.6357
-556.669 -6139.12 293.572 20149 -58.6632
-557.16 -6138.82 293.574 20149 -58.6581
-557.654 -6138.52 293.575 20149 -58.626
-558.147 -6138.22 293.576 20149 -58.4617
-558.639 -6137.92 293.577 20149 -58.8304
-559.13 -6137.62 293.578 20149 -59.7078
-559.622 -6137.33 293.58 20149 -59.9494
-560.114 -6137.05 293.581 20149 -59.7089
-560.607 -6136.76 293.582 20149 -58.8299
-561.098 -6136.46 293.583 20149 -58.4289
-561.589 -6136.16 293.584 20149 -58.659
-562.082 -6135.86 293.585 20149 -58.6626
-562.577 -6135.56 293.588 20149 -58.6308
-563.072 -6135.26 293.591 20149 -58.608
-563.56 -6134.96 293.594 20149 -58.4268
-564.029 -6134.67 293.597 20149 -59.2911
-564.481 -6134.4 293.599 20149 -59.1205
-564.914 -6134.14 293.602 20149 -59.1205
-565.341 -6133.89 293.604 20149 -59.1205
-565.768 -6133.63 293.607 20149 -59.1205
-566.196 -6133.37 293.609 20149 -59.0948
-566.625 -6133.12 293.612 20149 -59.0566
-567.054 -6132.86 293.614 20149 -59.0948
-567.483 -6132.6 293.617 20149 -59.0931
-567.913 -6132.35 293.619 20149 -59.0931
-568.34 -6132.09 293.622 20149 -59.0931
-568.764 -6131.84 293.624 20149 -60.186
-569.201 -6131.59 293.627 20149 -57.253
-569.642 -6131.3 293.63 20149 -54.2611
-570.08 -6130.99 293.632 20149 -55.6226
-570.514 -6130.69 293.635 20149 -55.6226
-570.932 -6130.43 293.637 20149 -55.6226
-571.346 -6130.21 293.64 20149 -55.6226
-571.76 -6129.96 293.642 20149 -55.6226
-572.174 -6129.69 293.645 20149 -57.7594
-572.602 -6129.42 293.647 20149 -57.7217
-573.03 -6129.15 293.65 20149 -57.7199
-573.453 -6128.89 293.652 20149 -57.7199
-573.861 -6128.62 293.655 20149 -57.7199
-574.249 -6128.38 293.657 20149 -57.7199
-574.616 -6128.15 293.659 20149 -57.7199
-574.967 -6127.93 293.661 20149 -57.7199
-575.316 -6127.71 293.663 20149 -57.7199
-575.666 -6127.49 293.665 20149 -57.7199
-576.021 -6127.26 293.668 20149 -57.7199
-576.376 -6127.04 293.67 20149 -57.7199
-576.726 -6126.82 293.672 20149 -57.7199
-577.062 -6126.61 293.675 20149 -57.7199
-577.391 -6126.4 293.678 20149 -57.7199
-577.74 -6126.19 293.681 20149 -57.7199
-578.115 -6125.96 293.685 20149 -57.7199
-578.515 -6125.69 293.689 20149 -57.7309
-578.939 -6125.42 293.693 20149 -57.7699
-579.366 -6125.15 293.697 20149 -57.731
-579.79 -6124.89 293.701 20149 -57.731
-580.213 -6124.62 293.705 20149 -57.731
-580.636 -6124.35 293.709 20149 -57.731
-581.058 -6124.09 293.713 20149 -57.731
-581.481 -6123.82 293.717 20149 -57.731
-581.904 -6123.55 293.721 20149 -57.731
-582.327 -6123.28 293.725 20149 -57.731
-582.75 -6123.02 293.729 20149 -57.731
-583.172 -6122.75 293.733 20149 -57.731
-583.595 -6122.48 293.737 20149 -57.731
-584.018 -6122.22 293.741 20149 -57.731
-584.44 -6121.95 293.745 20149 -57.769
-584.864 -6121.68 293.748 20149 -57.7319
-585.291 -6121.41 293.753 20149 -57.7319
-585.711 -6121.15 293.756 20149 -57.7319
-586.119 -6120.89 293.76 20149 -57.7319
-586.524 -6120.65 293.764 20149 -57.7319
-586.944 -6120.41 293.768 20149 -57.0212
-587.39 -6120.12 293.772 20149 -54.7455
-587.863 -6119.78 293.777 20149 -55.1689
-588.36 -6119.44 293.782 20149 -55.5038
-588.863 -6119.09 293.786 20149 -55.4749
-589.359 -6118.75 293.791 20149 -55.2025
-589.851 -6118.41 293.796 20149 -55.1161
-590.344 -6118.06 293.801 20149 -55.1584
-590.839 -6117.72 293.806 20149 -55.14
-591.335 -6117.37 293.811 20149 -55.1741
-591.83 -6117.03 293.818 20149 -55.1771
-592.326 -6116.69 293.824 20149 -55.1425
-592.821 -6116.34 293.831 20149 -55.1756
-593.316 -6116 293.838 20149 -55.144
-593.812 -6115.65 293.844 20149 -55.1756
-594.307 -6115.31 293.851 20149 -55.144
-594.803 -6114.96 293.857 20149 -55.1741
-595.298 -6114.62 293.864 20149 -55.1364
-595.792 -6114.27 293.87 20149 -55.0081
-596.285 -6113.93 293.877 20149 -55.1906
-596.783 -6113.58 293.883 20149 -56.1374
-597.297 -6113.24 293.89 20149 -56.5436
-597.826 -6112.89 293.897 20149 -57.425
-598.371 -6112.54 293.904 20149 -57.546
-598.921 -6112.19 293.911 20149 -57.3993
-599.47 -6111.84 293.918 20149 -57.4276
-600.018 -6111.49 293.925 20149 -57.4272
-600.566 -6111.14 293.932 20149 -57.4264
-601.113 -6110.79 293.939 20149 -57.4262
-601.659 -6110.44 293.947 20149 -57.3996
-602.208 -6110.09 293.954 20149 -57.4061
-602.765 -6109.73 293.961 20149 -57.4432
-603.332 -6109.37 293.968 20149 -57.421
-603.906 -6109 293.976 20149 -57.4235
-604.483 -6108.63 293.983 20149 -57.4231
-605.06 -6108.27 293.99 20149 -57.4319
-605.636 -6107.9 293.999 20149 -57.4121
-606.211 -6107.53 294.008 20149 -57.4394
-606.786 -6107.16 294.018 20149 -57.271
-607.359 -6106.79 294.027 20149 -57.4419
-607.937 -6106.42 294.037 20149 -58.4656
-608.529 -6106.06 294.046 20149 -59.4045
-609.136 -6105.7 294.056 20149 -60.2415
-609.757 -6105.35 294.066 20149 -60.0978
-610.379 -6104.99 294.076 20149 -59.8567
-611 -6104.63 294.085 20149 -59.9696
-611.62 -6104.27 294.095 20149 -60.2224
-612.238 -6103.92 294.105 20149 -60.5426
-612.859 -6103.57 294.115 20149 -60.4693
-613.49 -6103.21 294.125 20149 -59.7339
-614.143 -6102.83 294.135 20149 -58.2518
-614.819 -6102.41 294.146 20149 -57.6146
-615.516 -6101.97 294.158 20149 -57.7102
-616.224 -6101.52 294.169 20149 -57.8242
-616.933 -6101.07 294.181 20149 -57.8467
-617.638 -6100.63 294.192 20149 -57.8009
-618.344 -6100.19 294.204 20149 -57.8471
-619.054 -6099.74 294.215 20149 -57.614
-619.76 -6099.29 294.228 30149 -57.3891
-620.449 -6098.85 294.245 30149 -58.0051
-621.114 -6098.44 294.261 30149 -58.7856
-621.751 -6098.05 294.276 30149 -58.5573
-622.363 -6097.68 294.29 30149 -56.6525
-622.955 -6097.29 294.304 30149 -56.2216
-623.543 -6096.89 294.319 30149 -56.4711
-624.137 -6096.5 294.333 30149 -56.4723
-624.731 -6096.11 294.348 30149 -56.4698
-625.324 -6095.71 294.362 30149 -56.4996
-625.918 -6095.32 294.376 30149 -56.4801
-626.516 -6094.92 294.391 30149 -56.4236
-627.111 -6094.53 294.405 30149 -55.9035
-627.691 -6094.14 294.419 30149 -56.3563
-628.247 -6093.77 294.433 30149 -57.7553
-628.777 -6093.43 294.446 30149 -58.3316
-629.284 -6093.12 294.458 30149 -57.7858
-629.774 -6092.81 294.469 30149 -57.6867
-630.263 -6092.5 294.481 30149 -57.7202
-630.755 -6092.19 294.493 30149 -57.6877
-631.249 -6091.88 294.505 30149 -57.688
-631.744 -6091.56 294.516 30149 -57.7206
-632.24 -6091.25 294.528 30149 -57.4878
-632.726 -6090.94 294.54 30149 -57.3388
-633.194 -6090.64 294.551 30149 -58.1114
-633.642 -6090.36 294.562 30149 -57.8613
-634.07 -6090.09 294.572 30149 -57.8613
-634.49 -6089.83 294.582 30149 -57.8613
-634.91 -6089.56 294.592 30149 -57.8613
-635.332 -6089.3 294.602 30149 -57.7094
-635.755 -6089.03 294.612 30149 -57.7095
-636.178 -6088.76 294.623 30149 -57.9385
-636.602 -6088.5 294.633 30149 -57.9385
-637.021 -6088.23 294.643 30149 -57.9385
-637.433 -6087.95 294.653 30149 -57.9385
-637.841 -6087.68 294.663 30149 -57.9385
-638.252 -6087.41 294.673 30149 -57.9385
-638.673 -6087.14 294.683 30149 -57.8993
-639.101 -6086.87 294.693 30149 -57.7096
-639.524 -6086.6 294.703 30149 -57.7096
-639.929 -6086.34 294.713 30149 -57.7096
-640.318 -6086.1 294.722 30149 -57.7096
-640.696 -6085.86 294.731 30149 -57.7096
-641.082 -6085.62 294.74 30149 -57.7096
-641.479 -6085.37 294.75 30149 -57.7096
-641.867 -6085.11 294.759 30149 -57.7096
-642.234 -6084.88 294.768 30149 -57.7096
-642.576 -6084.67 294.776 30149 -57.7096
-642.891 -6084.47 294.784 30149 -57.7096
-643.188 -6084.29 294.791 30149 -57.7096
-643.47 -6084.12 294.798 30149 -57.7096
-643.749 -6083.94 294.805 30149 -57.7096
-644.03 -6083.77 294.811 30149 -57.7096
-644.312 -6083.59 294.818 30149 -57.7096
-644.595 -6083.41 294.825 30149 -57.7096
-644.877 -6083.24 294.832 30149 -57.7096
-645.16 -6083.06 294.839 30149 -57.7096
-645.442 -6082.88 294.845 30149 -57.7096
-645.725 -6082.7 294.852 30149 -57.7096
-646.007 -6082.53 294.859 30149 -57.7096
-646.289 -6082.35 294.866 30149 -57.7096
-646.572 -6082.17 294.873 30149 -57.7096
-646.854 -6082 294.88 30149 -57.7096
-647.136 -6081.82 294.886 30149 -57.7096
-647.419 -6081.64 294.893 30149 -57.7096
-647.701 -6081.47 294.9 30149 -57.7096
-647.983 -6081.29 294.907 30149 -57.7096
-648.266 -6081.11 294.914 30149 -57.7096
-648.548 -6080.94 294.92 30149 -57.7096
-648.831 -6080.76 294.927 30149 -57.7096
-649.113 -6080.58 294.934 30149 -57.7096
-649.396 -6080.41 294.941 30149 -57.7096
-649.678 -6080.23 294.948 30149 -57.7096
-649.96 -6080.05 294.955 30149 -57.7096
-650.243 -6079.88 294.961 30149 -57.7096
-650.525 -6079.7 294.968 30149 -57.7096
-650.807 -6079.52 294.975 30149 -57.7096
-651.09 -6079.35 294.982 30149 -57.7096
-651.372 -6079.17 294.989 30149 -57.7096
-651.654 -6078.99 294.996 30149 -57.7096
-651.937 -6078.81 295.002 30149 -57.7096
-652.219 -6078.64 295.009 30149 -57.7096
-652.502 -6078.46 295.016 30149 -57.7096
-652.784 -6078.28 295.023 30149 -57.7096
-653.067 -6078.11 295.03 30149 -57.7096
-653.349 -6077.93 295.036 30149 -57.7096
-653.631 -6077.75 295.043 30149 -57.7096
-653.914 -6077.58 295.05 30149 -57.7096
-654.196 -6077.4 295.057 30149 -57.7096
-654.478 -6077.22 295.064 30149 -57.7096
-654.761 -6077.05 295.071 30149 -57.7096
-655.043 -6076.87 295.077 30149 -57.7096
-655.325 -6076.69 295.084 30149 -57.7096
-655.608 -6076.52 295.091 30149 -57.7096
-655.89 -6076.34 295.098 30149 -57.7096
-656.173 -6076.16 295.105 30149 -57.7096
-656.455 -6075.99 295.112 30149 -57.7096
-656.737 -6075.81 295.118 30149 -57.7096
-657.02 -6075.63 295.125 30149 -57.7096
-657.301 -6075.46 295.132 30149 -57.7096
-657.58 -6075.28 295.139 30149 -57.7096
-657.862 -6075.1 295.146 30149 -57.7096
-658.159 -6074.93 295.153 30149 -57.7096
-658.474 -6074.73 295.16 30149 -57.7096
-658.815 -6074.52 295.168 30149 -57.7096
-659.18 -6074.29 295.177 30149 -57.7096
-659.571 -6074.04 295.187 30149 -57.7096
-659.979 -6073.78 295.197 30149 -57.9585
-660.404 -6073.51 295.207 30149 -57.9592
-660.833 -6073.24 295.217 30149 -58.0726
-661.261 -6072.98 295.228 30149 -58.1109
-661.686 -6072.71 295.238 30149 -58.1111
-662.111 -6072.45 295.248 30149 -58.1111
-662.535 -6072.19 295.258 30149 -58.1111
-662.959 -6071.92 295.269 30149 -58.1111
-663.384 -6071.66 295.279 30149 -58.1111
-663.808 -6071.39 295.289 30149 -58.1111
-664.232 -6071.13 295.299 30149 -58.1111
-664.657 -6070.87 295.31 30149 -58.1111
-665.081 -6070.6 295.32 30149 -58.1111
-665.505 -6070.34 295.33 30149 -58.1111
-665.929 -6070.07 295.341 30149 -58.1111
-666.353 -6069.81 295.351 30149 -57.9768
-666.777 -6069.54 295.361 30149 -57.9768
-667.2 -6069.28 295.372 30149 -57.9768
-667.62 -6069.02 295.382 30149 -57.9768
-668.044 -6068.75 295.392 30149 -58.6082
-668.482 -6068.48 295.403 30149 -58.045
-668.939 -6068.2 295.414 30149 -58.073
-669.422 -6067.9 295.426 30149 -57.9387
-669.928 -6067.58 295.438 30149 -58.03
-670.46 -6067.25 295.451 30149 -57.5289
-671.011 -6066.9 295.464 30149 -58.0246
-671.577 -6066.54 295.478 30149 -57.9956
-672.146 -6066.19 295.492 30149 -58.0244
-672.712 -6065.84 295.506 30149 -57.996
-673.277 -6065.48 295.52 30149 -58.0246
-673.842 -6065.13 295.533 30149 -57.996
-674.408 -6064.78 295.547 30149 -58.0246
-674.973 -6064.42 295.561 30149 -58.0246
-675.538 -6064.07 295.575 30149 -57.996
-676.103 -6063.72 295.589 30149 -58.0532
-676.669 -6063.36 295.602 30149 -58.0248
-677.234 -6063.01 295.616 30149 -57.9964
-677.795 -6062.66 295.63 30149 0
