-562.812 -6130.13 293.604 20148 -57.8748
-562.87 -6130.11 293.604 20148 -57.8748
-562.896 -6130.11 293.604 20148 -57.8748
-562.898 -6130.1 293.604 20148 -57.8748
-562.898 -6130.1 293.604 20148 -57.8748
-562.898 -6130.1 293.604 20148 -57.8748
-562.898 -6130.1 293.604 20148 -57.8748
-562.898 -6130.1 293.604 20148 -57.8748
-562.898 -6130.1 293.604 20148 -57.8748
-562.898 -6130.1 293.604 20148 -57.8748
-562.898 -6130.1 293.604 20148 -57.8748
-562.898 -6130.1 293.604 20148 -57.8748
-562.898 -6130.1 293.604 20148 -57.8748
-562.898 -6130.1 293.604 20148 -57.8748
-562.898 -6130.1 293.604 20148 -57.8748
-562.898 -6130.1 293.604 20148 -57.8748
-562.898 -6130.1 293.604 20148 -57.8748
-562.898 -6130.1 293.604 20148 -57.8748
-562.898 -6130.1 293.604 20148 -57.8748
-562.898 -6130.1 293.604 20148 -57.8748
-562.898 -6130.1 293.604 20148 -57.8748
-562.898 -6130.1 293.604 20148 -57.8748
-562.898 -6130.1 293.604 20148 -57.8748
-562.898 -6130.1 293.604 20148 -57.8748
-562.898 -6130.1 293.604 20148 -57.8748
-562.898 -6130.1 293.604 20148 -57.8748
-562.898 -6130.1 293.604 20148 -57.8748
-562.898 -6130.1 293.604 20148 -57.8748
-562.898 -6130.1 293.604 20148 -57.8748
-562.898 -6130.1 293.604 20148 -57.8748
-562.898 -6130.1 293.604 20148 -57.8748
-562.898 -6130.1 293.604 20148 -57.8748
-562.898 -6130.1 293.604 20148 -57.8748
-562.898 -6130.1 293.604 20148 -57.8748
-562.898 -6130.1 293.604 20148 -57.8748
-562.898 -6130.1 293.604 20148 -57.8748
-562.898 -6130.1 293.604 20148 -57.8748
-562.898 -6130.1 293.604 20148 -57.8748
-562.898 -6130.1 293.604 20148 -57.8748
-562.898 -6130.1 293.604 20148 -57.8748
-562.898 -6130.1 293.604 20148 -57.8748
-562.898 -6130.1 293.604 20148 -57.8748
-562.897 -6130.1 293.604 20148 -57.8748
-562.905 -6130.11 293.604 20148 -57.8748
-562.93 -6130.09 293.604 20148 -57.8748
-562.976 -6130.06 293.605 20148 -57.8748
-563.028 -6130.03 293.605 20148 -57.8748
-563.078 -6130 293.605 20148 -57.8748
-563.124 -6129.97 293.605 20148 -57.8748
-563.168 -6129.94 293.606 20148 -57.8748
-563.218 -6129.91 293.606 20148 -57.8748
-563.277 -6129.88 293.606 20148 -57.8748
-563.342 -6129.84 293.607 20148 -57.8748
-563.416 -6129.79 293.607 20148 -57.8748
-563.504 -6129.75 293.608 20148 -57.8748
-563.611 -6129.68 293.608 20148 -57.8748
-563.739 -6129.6 293.609 20148 -57.8748
-563.882 -6129.52 293.61 20148 -57.8748
-564.029 -6129.43 293.611 20148 -57.8748
-564.174 -6129.34 293.612 20148 -57.8748
-564.316 -6129.26 293.612 20148 -57.8748
-564.459 -6129.17 293.613 20148 -57.8748
-564.602 -6129.08 293.614 20148 -57.8748
-564.745 -6129 293.615 20148 -57.8748
-564.888 -6128.91 293.616 20148 -57.8748
-565.031 -6128.83 293.617 20148 -57.8748
-565.174 -6128.74 293.617 20148 -57.8748
-565.317 -6128.66 293.618 20148 -57.8748
-565.46 -6128.57 293.619 20148 -57.8748
-565.603 -6128.49 293.62 20148 -57.8748
-565.746 -6128.4 293.621 20148 -57.8748
-565.889 -6128.31 293.622 20148 -57.8748
-566.032 -6128.23 293.622 20148 -57.8748
-566.175 -6128.14 293.623 20148 -57.8748
-566.318 -6128.06 293.624 20148 -57.8748
-566.461 -6127.97 293.625 20148 -57.8748
-566.604 -6127.89 293.626 20148 -57.8748
-566.747 -6127.8 293.627 20148 -57.8748
-566.89 -6127.71 293.627 20148 -57.8748
-567.033 -6127.63 293.628 20148 -57.8748
-567.176 -6127.54 293.629 20148 -57.8748
-567.319 -6127.46 293.63 20148 -57.8748
-567.462 -6127.37 293.631 20148 -57.8748
-567.604 -6127.29 293.632 20148 -57.8748
-567.747 -6127.2 293.633 20148 -57.8748
-567.89 -6127.11 293.633 20148 -57.8748
-568.033 -6127.03 293.634 20148 -57.8748
-568.176 -6126.94 293.635 20148 -57.8748
-568.32 -6126.86 293.636 20148 -57.8748
-568.462 -6126.77 293.637 20148 -57.8748
-568.605 -6126.69 293.638 20148 -57.8748
-568.749 -6126.6 293.638 20148 -57.8748
-568.892 -6126.52 293.639 20148 -57.8748
-569.035 -6126.43 293.64 20148 -57.8748
-569.178 -6126.34 293.641 20148 -57.8748
-569.32 -6126.26 293.642 20148 -57.8748
-569.46 -6126.17 293.643 20148 -57.8748
-569.609 -6126.1 293.643 20148 -57.8748
-569.751 -6125.99 293.644 20148 -57.8748
-569.886 -6125.84 293.645 20148 -57.8748
-570.031 -6125.7 293.646 20148 -57.8748
-570.183 -6125.58 293.647 20148 -57.8748
-570.342 -6125.51 293.648 20148 -57.8748
-570.491 -6125.44 293.649 20148 -57.8748
-570.625 -6125.35 293.65 20148 -57.8748
-570.766 -6125.26 293.651 20148 -57.8748
-570.908 -6125.17 293.651 20148 -57.8748
-571.048 -6125.08 293.652 20148 -57.8748
-571.184 -6125 293.653 20148 -57.8748
-571.323 -6124.91 293.654 20148 -57.8748
-571.486 -6124.82 293.655 20148 -57.8748
-571.685 -6124.71 293.656 20148 -57.8748
-571.909 -6124.56 293.657 20148 -57.8748
-572.168 -6124.38 293.659 20148 -57.8748
-572.452 -6124.2 293.661 20148 -57.8748
-572.739 -6124.01 293.662 20148 -57.8748
-573.022 -6123.84 293.664 20148 -57.8748
-573.303 -6123.66 293.666 20148 -57.8748
-573.585 -6123.48 293.667 20148 -57.8748
-573.867 -6123.3 293.669 20148 -57.8748
-574.149 -6123.12 293.671 20148 -57.8748
-574.431 -6122.95 293.673 20148 -57.8748
-574.712 -6122.77 293.675 20148 -57.8748
-574.989 -6122.59 293.678 20148 -57.8748
-575.269 -6122.42 293.681 20148 -57.8748
-575.573 -6122.24 293.683 20148 -57.8748
-575.913 -6122.04 293.687 20148 -57.8748
-576.278 -6121.8 293.69 20148 -57.8748
-576.678 -6121.53 293.694 20148 -57.7312
-577.103 -6121.26 293.698 20148 -57.7322
-577.531 -6120.99 293.702 20148 -57.7309
-577.955 -6120.72 293.706 20148 -57.7309
-578.377 -6120.46 293.71 20148 -57.7687
-578.8 -6120.19 293.714 20148 -57.7687
-579.223 -6119.92 293.718 20148 -57.7687
-579.646 -6119.66 293.722 20148 -57.7687
-580.069 -6119.39 293.726 20148 -57.6924
-580.492 -6119.12 293.73 20148 -57.6924
-580.913 -6118.86 293.734 20148 -57.6924
-581.331 -6118.59 293.738 20148 -57.6924
-581.752 -6118.33 293.742 20148 -59.2841
-582.198 -6118.06 293.746 20148 -58.4928
-582.679 -6117.77 293.75 20148 -57.0277
-583.184 -6117.44 293.755 20148 -56.5291
-583.726 -6117.08 293.76 20148 -57.7405
-584.291 -6116.72 293.766 20148 -57.7412
-584.86 -6116.37 293.771 20148 -57.7689
-585.425 -6116.01 293.776 20148 -57.7405
-585.991 -6115.65 293.782 20148 -57.7402
-586.555 -6115.3 293.787 20148 -57.5602
-587.104 -6114.95 293.792 20148 -57.5822
-587.639 -6114.61 293.797 20148 -59.0787
-588.188 -6114.28 293.802 20148 -59.5468
-588.781 -6113.93 293.808 20148 -58.0272
-589.403 -6113.54 293.816 20148 -56.6963
-590.055 -6113.11 293.824 20148 -57.0157
-590.745 -6112.66 293.833 20148 -57.439
-591.447 -6112.22 293.842 20148 -57.4133
-592.145 -6111.77 293.851 20148 -57.4343
-592.84 -6111.33 293.86 20148 -57.4116
-593.535 -6110.88 293.869 20148 -57.4347
-594.231 -6110.44 293.878 20148 -57.4116
-594.926 -6109.99 293.887 20148 -57.4116
-595.622 -6109.55 293.896 20148 -57.4116
-596.317 -6109.1 293.905 20148 -57.4347
-597.013 -6108.66 293.914 20148 -57.4347
-597.708 -6108.22 293.923 20148 -57.4347
-598.404 -6107.77 293.932 20148 -57.4116
-599.099 -6107.33 293.941 20148 -57.4349
-599.795 -6106.88 293.95 20148 -57.4116
-600.491 -6106.44 293.959 20148 -57.4098
-601.183 -6106 293.968 20148 -57.387
-601.877 -6105.55 293.977 20148 -57.5529
-602.578 -6105.11 293.986 20148 -57.8996
-603.298 -6104.65 293.995 20148 -57.7408
-604.038 -6104.19 294.007 20148 -58.0865
-604.796 -6103.71 294.02 20148 -58.2119
-605.563 -6103.24 294.032 20148 -58.1906
-606.33 -6102.76 294.045 20148 -58.2551
-607.095 -6102.29 294.057 20148 -58.1278
-607.858 -6101.82 294.069 20148 -57.9367
-608.621 -6101.34 294.082 20148 -57.8305
-609.382 -6100.86 294.094 20148 -57.9367
-610.144 -6100.38 294.107 20148 -58.1278
-610.908 -6099.91 294.119 20148 -58.2545
-611.674 -6099.43 294.131 20148 -58.233
-612.441 -6098.96 294.144 20148 -58.2545
-613.208 -6098.48 294.156 20148 -58.2339
-613.973 -6098.01 294.169 20148 -58.2766
-614.737 -6097.54 294.181 20148 -58.2339
-615.502 -6097.06 294.193 20148 -58.255
-616.267 -6096.59 294.206 20148 -58.2761
-617.033 -6096.12 294.218 20148 -58.1841
-617.772 -6095.66 294.234 30148 -57.9786
-618.527 -6095.19 294.252 30148 -57.8505
-619.277 -6094.72 294.27 30148 -57.6991
-620.022 -6094.24 294.287 30148 -57.6555
-620.765 -6093.77 294.305 30148 -57.7206
-621.509 -6093.3 294.323 30148 -57.6773
-622.253 -6092.83 294.341 30148 -57.6991
-622.997 -6092.36 294.358 30148 -57.6992
-623.743 -6091.89 294.376 30148 -57.829
-624.49 -6091.42 294.394 30148 -57.4366
-625.228 -6090.95 294.412 30148 -56.9851
-625.948 -6090.48 294.429 30148 -56.8079
-626.651 -6090.02 294.446 30148 -56.9322
-627.345 -6089.57 294.463 30148 -57.5546
-628.042 -6089.13 294.479 30148 -57.8549
-628.744 -6088.69 294.496 30148 -57.6939
-629.446 -6088.24 294.513 30148 -57.6938
-630.148 -6087.8 294.53 30148 -57.6708
-630.85 -6087.35 294.547 30148 -57.7168
-631.552 -6086.91 294.563 30148 -57.6938
-632.254 -6086.47 294.58 30148 -57.6937
-632.956 -6086.02 294.597 30148 -57.694
-633.659 -6085.58 294.614 30148 -57.6943
-634.365 -6085.13 294.631 30148 -57.6938
-635.068 -6084.69 294.647 30148 -57.3157
-635.751 -6084.25 294.664 30148 -58.101
-636.42 -6083.83 294.68 30148 -57.7122
-637.078 -6083.42 294.695 30148 -57.6646
-637.744 -6083 294.711 30148 -57.7139
-638.418 -6082.57 294.727 30148 -57.7137
-639.09 -6082.14 294.743 30148 -57.6884
-639.753 -6081.73 294.759 30148 -57.8827
-640.407 -6081.32 294.775 30148 -56.9711
-641.039 -6080.9 294.79 30148 -57.8755
-641.649 -6080.52 294.805 30148 -59.0675
-642.236 -6080.17 294.819 30148 -57.9483
-642.798 -6079.82 294.833 30148 -57.9477
-643.356 -6079.47 294.846 30148 -57.9482
-643.918 -6079.12 294.86 30148 -57.9485
-644.482 -6078.76 294.873 30148 -57.9484
-645.045 -6078.41 294.887 30148 -57.9484
-645.608 -6078.06 294.901 30148 -57.9484
-646.171 -6077.71 294.914 30148 -57.9484
-646.734 -6077.35 294.928 30148 -57.9487
-647.298 -6077 294.942 30148 -57.949
-647.865 -6076.64 294.955 30148 -57.9485
-648.429 -6076.29 294.969 30148 -57.4479
-648.977 -6075.94 294.982 30148 -57.9431
-649.507 -6075.61 294.995 30148 -57.9064
-650.012 -6075.29 295.007 30148 -58.001
-650.493 -6074.99 295.019 30148 -57.9636
-650.948 -6074.71 295.03 30148 -58.5568
-651.385 -6074.44 295.04 30148 -58.5568
-651.807 -6074.18 295.05 30148 -58.5568
-652.225 -6073.91 295.061 30148 -58.5568
-652.647 -6073.65 295.071 30148 -58.5568
-653.069 -6073.39 295.081 30148 -58.5568
-653.492 -6073.12 295.091 30148 -57.9208
-653.918 -6072.85 295.101 30148 -57.691
-654.341 -6072.59 295.112 30148 -57.691
-654.752 -6072.33 295.122 30148 -57.691
-655.143 -6072.09 295.131 30148 -57.691
-655.515 -6071.88 295.14 30148 -57.691
-655.87 -6071.66 295.148 30148 -57.691
-656.221 -6071.42 295.157 30148 -57.691
-656.578 -6071.18 295.166 30148 -57.691
-656.94 -6070.93 295.175 30148 -57.691
-657.3 -6070.69 295.184 30148 -57.691
-657.659 -6070.44 295.193 30148 -57.691
-658.019 -6070.2 295.201 30148 -57.691
-658.384 -6069.95 295.21 30148 -57.691
-658.75 -6069.7 295.22 30148 -57.691
-659.115 -6069.46 295.229 30148 -57.691
-659.476 -6069.22 295.237 30148 -57.691
-659.836 -6068.97 295.246 30148 -57.691
-660.196 -6068.73 295.255 30148 -57.691
-660.556 -6068.49 295.264 30148 -57.691
-660.917 -6068.24 295.273 30148 -57.691
-661.277 -6068 295.282 30148 -57.691
-661.637 -6067.76 295.291 30148 -57.691
-661.998 -6067.52 295.3 30148 -57.691
-662.359 -6067.27 295.309 30148 -57.691
-662.718 -6067.03 295.317 30148 -57.691
-663.076 -6066.79 295.326 30148 -57.691
-663.431 -6066.57 295.335 30148 -57.691
-663.784 -6066.34 295.344 30148 -57.691
-664.135 -6066.13 295.352 30148 -57.691
-664.487 -6065.91 295.361 30148 -57.691
-664.839 -6065.69 295.369 30148 -57.691
-665.192 -6065.47 295.378 30148 -57.691
-665.542 -6065.25 295.387 30148 -57.691
-665.892 -6065.03 295.395 30148 -57.691
-666.246 -6064.81 295.404 30148 -57.691
-666.613 -6064.57 295.413 30148 -57.691
-666.999 -6064.31 295.422 30148 -57.691
-667.403 -6064.04 295.432 30148 -57.691
-667.825 -6063.78 295.443 30148 -58.2434
-668.251 -6063.51 295.453 30148 -58.2434
-668.675 -6063.25 295.463 30148 -58.2434
-669.097 -6062.98 295.474 30148 -58.2434
-669.52 -6062.72 295.484 30148 -58.2434
-669.942 -6062.46 295.494 30148 -58.2434
-670.365 -6062.19 295.505 30148 -58.2434
-670.788 -6061.93 295.515 30148 -58.2434
-671.209 -6061.66 295.525 30148 -58.2434
-671.627 -6061.4 295.536 30148 -58.2434
-672.048 -6061.14 295.546 30148 0
