6.94953e-310 4.68504e-310 0 0 0
6.934 391.523 0 0 0
7.002 394.722 0 0 0
7.075 398.063 0 0 0
7.149 401.525 0 0 0
7.223 404.99 0 0 0
7.297 408.442 0 0 0
7.377 411.895 0 0 0
7.451 415.34 0 0 0
7.494 418.766 0 0 0
7.497 422.166 0 0 0
7.469 425.546 0 0 0
7.435 428.919 0 0 0
7.407 432.293 0 0 0
7.38 435.669 0 0 0
7.352 439.045 0 0 0
7.324 442.422 0 0 0
7.297 445.798 0 0 0
7.269 449.175 0 0 0
7.24 452.551 0 0 0
7.213 455.927 0 0 0
7.185 459.304 0 0 0
7.158 462.68 0 0 0
7.13 466.056 0 0 0
7.102 469.432 0 0 0
7.075 472.809 0 0 0
7.046 476.198 0 0 0
7.022 479.585 0 0 0
7.004 482.936 0 0 0
6.974 486.204 0 0 0
6.898 489.363 0 0 0
6.811 492.438 0 0 0
6.73 495.477 0 0 0
6.653 498.515 0 0 0
6.575 501.564 0 0 0
6.498 504.615 0 0 0
6.421 507.665 0 0 0
6.343 510.714 0 0 0
6.265 513.764 0 0 0
6.188 516.814 0 0 0
6.11 519.864 0 0 0
6.033 522.914 0 0 0
5.955 525.991 0 0 0
5.877 529.015 0 0 0
5.8 531.93 0 0 0
5.743 534.802 0 0 0
5.711 537.723 0 0 0
5.679 540.762 0 0 0
5.646 543.838 0 0 0
5.632 546.835 0 0 0
5.596 549.753 0 0 0
5.595 552.622 0 0 0
5.667 555.513 0 0 0
5.777 558.469 0 0 0
5.894 561.483 0 0 0
6.004 564.499 0 0 0
6.126 567.46 0 0 0
6.231 570.327 0 0 0
6.317 573.104 0 0 0
6.414 575.859 0 0 0
6.516 578.652 0 0 0
6.621 581.48 0 0 0
6.759 584.267 0 0 0
6.859 586.93 0 0 0
6.914 589.477 0 0 0
7.004 591.979 0 0 0
-362.327 -6261.13 295.871 10149 -57.8808
-362.568 -6260.98 295.867 10149 -57.8808
-362.809 -6260.83 295.864 10149 -57.8808
-363.17 -6260.61 295.858 10149 -57.8808
-363.531 -6260.38 295.852 10149 -57.8808
-363.892 -6260.16 295.846 10149 -57.8808
-364.254 -6259.93 295.841 10149 -57.8808
-364.615 -6259.71 295.835 10149 -57.8808
-364.976 -6259.49 295.829 10149 -57.8808
-365.337 -6259.26 295.824 10149 -57.8808
-365.699 -6259.04 295.818 10149 -57.8808
-366.06 -6258.82 295.812 10149 -57.8808
-366.421 -6258.59 295.807 10149 -57.8808
-366.782 -6258.37 295.801 10149 -57.8808
-367.144 -6258.14 295.795 10149 -57.8808
-367.505 -6257.92 295.79 10149 -57.8808
-367.866 -6257.7 295.784 10149 -57.8808
-368.227 -6257.47 295.778 10149 -57.8808
-368.589 -6257.25 295.773 10149 -57.8808
-368.95 -6257.03 295.767 10149 -57.8808
-369.311 -6256.8 295.761 10149 -57.8808
-369.673 -6256.58 295.755 10149 -57.8808
-370.034 -6256.35 295.75 10149 -57.8808
-370.395 -6256.13 295.744 10149 -57.8808
-370.756 -6255.91 295.738 10149 -57.8808
-371.118 -6255.68 295.733 10149 -57.8808
-371.479 -6255.46 295.727 10149 -57.8808
-371.84 -6255.24 295.721 10149 -57.8808
-372.202 -6255.01 295.716 10149 -57.8808
-372.563 -6254.79 295.71 10149 -57.8808
-372.924 -6254.56 295.704 10149 -57.8808
-373.285 -6254.34 295.699 10149 -57.8808
-373.647 -6254.12 295.693 10149 -57.8808
-374.008 -6253.89 295.687 10149 -57.8808
-374.369 -6253.67 295.681 10149 -57.8808
-374.731 -6253.45 295.676 10149 -57.8808
-375.092 -6253.22 295.67 10149 -57.8808
-375.454 -6253 295.664 10149 -57.8808
-375.814 -6252.77 295.659 10149 -57.8808
-376.169 -6252.55 295.653 10149 -57.8808
-376.522 -6252.34 295.648 10149 -57.8808
-376.872 -6252.11 295.642 10149 -57.8808
-377.227 -6251.88 295.636 10149 -57.8808
-377.585 -6251.65 295.631 10149 -57.8808
-377.942 -6251.42 295.625 10149 -57.8808
-378.299 -6251.18 295.619 10149 -57.8808
-378.656 -6250.95 295.614 10149 -57.8808
-379.012 -6250.72 295.608 10149 -57.8808
-379.369 -6250.49 295.602 10149 -57.8808
-379.726 -6250.26 295.597 10149 -57.8808
-380.083 -6250.03 295.591 10149 -57.8808
-380.439 -6249.8 295.586 10149 -57.8808
-380.795 -6249.57 295.58 10149 -57.8808
-381.153 -6249.34 295.574 10149 -57.8808
-381.514 -6249.1 295.569 10149 -57.8808
-381.873 -6248.87 295.563 10149 -57.8808
-382.209 -6248.64 295.557 10149 -57.8808
-382.523 -6248.43 295.552 10149 -57.8808
-382.817 -6248.26 295.548 10149 -57.8808
-383.112 -6248.08 295.543 10149 -57.8808
-383.43 -6247.88 295.538 10149 -57.8808
-383.768 -6247.64 295.533 10149 -57.8808
-384.109 -6247.41 295.527 10149 -57.8808
-384.422 -6247.2 295.522 10149 -57.8808
-384.706 -6247.03 295.518 10149 -57.8808
-384.973 -6246.87 295.514 10149 -57.8808
-385.255 -6246.69 295.509 10149 -57.8808
-385.549 -6246.49 295.505 10149 -57.8808
-385.855 -6246.29 295.5 10149 -57.8808
-386.151 -6246.1 295.495 10149 -57.8808
-386.432 -6245.92 295.491 10149 -57.8808
-386.707 -6245.74 295.486 10149 -57.8808
-386.963 -6245.56 295.482 10149 -57.8808
-387.209 -6245.4 295.478 10149 -57.8808
-387.436 -6245.24 295.475 10149 -57.8808
-387.666 -6245.07 295.471 10149 -57.8808
-387.908 -6244.91 295.467 10149 -57.8808
-388.156 -6244.76 295.463 10149 -57.8808
-388.402 -6244.6 295.459 10149 -57.8808
-388.648 -6244.44 295.455 10149 -57.8808
-388.894 -6244.28 295.452 10149 -57.8808
-389.139 -6244.12 295.448 10149 -57.8808
-389.385 -6243.96 295.444 10149 -57.8808
-389.631 -6243.8 295.44 10149 -57.8808
-389.877 -6243.64 295.436 10149 -57.8808
-390.122 -6243.48 295.432 10149 -57.8808
-390.368 -6243.32 295.428 10149 -57.8808
-390.614 -6243.17 295.424 10149 -57.8808
-390.86 -6243.01 295.42 10149 -57.8808
-391.105 -6242.85 295.417 10149 -57.8808
-391.351 -6242.69 295.413 10149 -57.8808
-391.597 -6242.53 295.409 10149 -57.8808
-391.842 -6242.37 295.405 10149 -57.8808
-392.088 -6242.21 295.401 10149 -57.8808
-392.334 -6242.05 295.397 10149 -57.8808
-392.58 -6241.89 295.393 10149 -57.8808
-392.826 -6241.73 295.39 10149 -57.8808
-393.071 -6241.57 295.386 10149 -57.8808
-393.317 -6241.42 295.382 10149 -57.8808
-393.563 -6241.26 295.378 10149 -57.8808
-393.809 -6241.1 295.374 10149 -57.8808
-394.052 -6240.94 295.37 10149 -57.8808
-394.289 -6240.78 295.367 10149 -57.8808
-394.535 -6240.63 295.363 10149 -57.8808
-394.802 -6240.47 295.359 10149 -57.8808
-395.095 -6240.28 295.354 10149 -57.8808
-395.412 -6240.09 295.349 10149 -57.8808
-395.74 -6239.9 295.344 10149 -57.8808
-396.068 -6239.71 295.339 10149 -57.8808
-396.394 -6239.52 295.334 10149 -57.8808
-396.719 -6239.34 295.329 10149 -57.8808
-397.044 -6239.15 295.324 10149 -57.8808
-397.37 -6238.96 295.32 10149 -57.8808
-397.696 -6238.77 295.315 10149 -57.8808
-398.021 -6238.58 295.31 10149 -57.8808
-398.346 -6238.39 295.305 10149 -57.8808
-398.672 -6238.21 295.3 10149 -57.8808
-398.997 -6238.02 295.295 10149 -57.8808
-399.323 -6237.83 295.29 10149 -57.8808
-399.648 -6237.64 295.285 10149 -57.8808
-399.974 -6237.45 295.28 10149 -57.8808
-400.302 -6237.26 295.275 10149 -57.8808
-400.625 -6237.07 295.27 10149 -57.8808
-400.944 -6236.89 295.265 10149 -57.8808
-401.262 -6236.71 295.26 10149 -57.8808
-401.582 -6236.53 295.256 10149 -57.8808
-401.898 -6236.33 295.251 10149 -57.8808
-402.197 -6236.12 295.246 10149 -57.8808
-402.487 -6235.93 295.241 10149 -57.8808
-402.774 -6235.74 295.237 10149 -57.8808
-403.071 -6235.54 295.232 10149 -57.8808
-403.383 -6235.33 295.227 10149 -57.8808
-403.697 -6235.12 295.222 10149 -57.8808
-404.013 -6234.89 295.217 10149 -57.8808
-404.338 -6234.67 295.212 10149 -57.8808
-404.678 -6234.45 295.206 10149 -57.8808
-405.028 -6234.26 295.201 10149 -57.8808
-405.378 -6234.07 295.196 10149 -57.8808
-405.725 -6233.87 295.191 10149 -57.8808
-406.073 -6233.68 295.186 10149 -57.8808
-406.42 -6233.49 295.181 10149 -57.8808
-406.768 -6233.29 295.175 10149 -57.8808
-407.116 -6233.1 295.17 10149 -57.8808
-407.463 -6232.91 295.165 10149 -57.8808
-407.811 -6232.71 295.16 10149 -57.8808
-408.159 -6232.52 295.155 10149 -57.8808
-408.507 -6232.33 295.149 10149 -57.8808
-408.855 -6232.13 295.144 10149 -57.8808
-409.202 -6231.94 295.139 10149 -57.8808
-409.553 -6231.75 295.134 10149 -57.8808
-409.898 -6231.56 295.129 10149 -57.8808
-410.231 -6231.37 295.124 10149 -57.8808
-410.559 -6231.19 295.119 10149 -57.8808
-410.887 -6230.99 295.114 10149 -57.8808
-411.234 -6230.77 295.108 10149 -57.8808
-411.598 -6230.53 295.103 10149 -57.8808
-411.969 -6230.29 295.097 10149 -57.8808
-412.345 -6230.04 295.091 10149 -57.8808
-412.72 -6229.8 295.085 10149 -57.8808
-413.093 -6229.55 295.079 10149 -57.8808
-413.466 -6229.31 295.074 10149 -57.8808
-413.84 -6229.06 295.068 10149 -57.8808
-414.213 -6228.82 295.062 10149 -57.8808
-414.587 -6228.57 295.056 10149 -57.8808
-414.96 -6228.33 295.05 10149 -57.8808
-415.334 -6228.08 295.045 10149 -57.8808
-415.707 -6227.84 295.039 10149 -57.8808
-416.081 -6227.59 295.033 10149 -57.8808
-416.454 -6227.34 295.027 10149 -57.8808
-416.827 -6227.1 295.021 10149 -57.8808
-417.201 -6226.85 295.015 10149 -57.8808
-417.578 -6226.61 295.009 10149 -57.8808
-417.952 -6226.36 295.004 10149 -57.8808
-418.316 -6226.12 294.998 10149 -57.8808
-418.668 -6225.9 294.993 10149 -57.8808
-419.012 -6225.69 294.987 10149 -57.8808
-419.363 -6225.47 294.982 10149 -57.8808
-419.726 -6225.24 294.976 10149 -57.8808
-420.099 -6224.99 294.971 10149 -57.8808
-420.475 -6224.74 294.965 10149 -57.8808
-420.849 -6224.49 294.959 10149 -57.8808
-421.221 -6224.25 294.953 10149 -57.8808
-421.594 -6224.01 294.947 10149 -57.8808
-421.966 -6223.76 294.942 10149 -57.8808
-422.34 -6223.51 294.936 10149 -57.8808
-422.715 -6223.27 294.93 10149 -57.8808
-423.084 -6223.01 294.924 10149 -57.8808
-423.453 -6222.78 294.919 10149 -57.8808
-423.83 -6222.59 294.913 10149 -57.8808
-424.207 -6222.42 294.908 10149 -57.8808
-424.583 -6222.23 294.903 10149 -57.8808
-424.952 -6222 294.897 10149 -57.8808
-425.321 -6221.75 294.891 10149 -57.8808
-425.697 -6221.5 294.885 10149 -57.8808
-426.07 -6221.25 294.88 10149 -57.8808
-426.443 -6221.01 294.874 10149 -57.8808
-426.816 -6220.76 294.868 10149 -57.8808
-427.188 -6220.52 294.862 10149 -57.8808
-427.561 -6220.27 294.856 10149 -57.8808
-427.934 -6220.03 294.851 10149 -57.8808
-428.307 -6219.78 294.845 10149 -57.8808
-428.68 -6219.54 294.839 10149 -57.8808
-429.052 -6219.29 294.833 10149 -57.8808
-429.425 -6219.05 294.828 10149 -57.8808
-429.798 -6218.8 294.822 10149 -57.8808
-430.17 -6218.56 294.816 10149 -57.8808
-430.543 -6218.31 294.81 10149 -57.8808
-430.916 -6218.07 294.805 10149 -57.8808
-431.289 -6217.82 294.799 10149 -57.8808
-431.662 -6217.58 294.793 10149 -57.8808
-432.036 -6217.33 294.787 10149 -57.8808
-432.409 -6217.09 294.781 10149 -57.8808
-432.781 -6216.84 294.776 10149 -57.8808
-433.146 -6216.61 294.77 10149 -57.8808
-433.504 -6216.39 294.765 10149 -57.8808
-433.857 -6216.18 294.76 10149 -57.8808
-434.207 -6215.98 294.754 10149 -57.8808
-434.556 -6215.77 294.749 10149 -57.8808
-434.907 -6215.57 294.744 10149 -57.8808
-435.258 -6215.36 294.739 10149 -57.8808
-435.609 -6215.16 294.734 10149 -57.8808
-435.96 -6214.95 294.728 10149 -57.8808
-436.311 -6214.74 294.723 10149 -57.8808
-436.662 -6214.54 294.718 10149 -57.8808
-437.013 -6214.33 294.713 10149 -57.8808
-437.364 -6214.13 294.708 10149 -57.8808
-437.716 -6213.92 294.702 10149 -57.8808
-438.065 -6213.72 294.697 10149 -57.8808
-438.408 -6213.51 294.692 10149 -57.8808
-438.745 -6213.31 294.687 10149 -57.8808
-439.081 -6213.1 294.682 10149 -57.8808
-439.424 -6212.89 294.677 10149 -57.8808
-439.771 -6212.67 294.672 10149 -57.8808
-440.116 -6212.46 294.666 10149 0
