6.94953e-310 4.68504e-310 0 0 0
0 0 0 0 0
0 0 0 0 0
0 0 0 0 0
0 0 0 0 0
0 0 0 0 0
0 0 0 0 0
0 0 0 0 0
0 0 0 0 0
16.068 76.846 0 0 0
16.052 79.845 0 0 0
16.036 82.846 0 0 0
16.019 86.346 0 0 0
16.003 89.346 0 0 0
15.987 92.53 0 0 0
15.97 95.65 0 0 0
15.955 98.816 0 0 0
15.903 102.036 0 0 0
15.883 105.369 0 0 0
15.903 108.819 0 0 0
15.885 112.342 0 0 0
15.867 115.863 0 0 0
15.862 119.318 0 0 0
15.826 122.702 0 0 0
15.814 126.054 0 0 0
15.829 129.31 0 0 0
15.86 132.43 0 0 0
15.952 135.491 0 0 0
16.023 138.596 0 0 0
16.082 141.818 0 0 0
16.146 145.09 0 0 0
16.211 148.339 0 0 0
16.276 151.589 0 0 0
16.34 154.838 0 0 0
16.404 158.088 0 0 0
16.469 161.337 0 0 0
16.533 164.587 0 0 0
16.598 167.837 0 0 0
16.663 171.086 0 0 0
16.727 174.335 0 0 0
16.792 177.584 0 0 0
16.857 180.833 0 0 0
16.921 184.083 0 0 0
16.986 187.336 0 0 0
17.059 190.59 0 0 0
17.125 193.835 0 0 0
17.143 197.053 0 0 0
17.102 200.269 0 0 0
17.015 203.393 0 0 0
16.919 206.364 0 0 0
16.856 209.283 0 0 0
16.815 212.259 0 0 0
16.772 215.379 0 0 0
16.73 218.565 0 0 0
16.687 221.717 0 0 0
16.646 224.87 0 0 0
16.604 228.022 0 0 0
16.561 231.174 0 0 0
16.52 234.326 0 0 0
16.477 237.479 0 0 0
16.435 240.631 0 0 0
16.394 243.781 0 0 0
16.351 246.938 0 0 0
16.309 250.108 0 0 0
16.266 253.261 0 0 0
16.253 256.35 0 0 0
16.209 259.337 0 0 0
16.169 262.242 0 0 0
16.212 265.152 0 0 0
16.291 268.178 0 0 0
16.376 270.915 0 0 0
16.43 273.573 0 0 0
16.626 275.979 0 0 0
16.822 278.658 0 0 0
17.017 281.438 0 0 0
17.214 284.501 0 0 0
17.409 287.495 0 0 0
17.605 290.488 0 0 0
17.8 293.483 0 0 0
17.997 296.473 0 0 0
18.192 299.456 0 0 0
18.401 302.451 0 0 0
18.553 305.488 0 0 0
18.662 308.6 0 0 0
18.736 311.8 0 0 0
18.768 315.078 0 0 0
18.743 318.408 0 0 0
18.756 321.743 0 0 0
18.718 325.03 0 0 0
18.578 328.251 0 0 0
18.399 331.445 0 0 0
18.259 334.681 0 0 0
18.222 337.973 0 0 0
18.25 341.269 0 0 0
18.254 344.492 0 0 0
18.23 347.603 0 0 0
18.208 350.63 0 0 0
18.201 353.62 0 0 0
18.195 356.609 0 0 0
18.188 359.607 0 0 0
18.181 362.608 0 0 0
18.173 365.608 0 0 0
18.166 368.608 0 0 0
18.159 371.608 0 0 0
18.153 374.608 0 0 0
18.146 377.608 0 0 0
18.138 380.608 0 0 0
18.131 383.667 0 0 0
18.124 386.552 0 0 0
18.117 389.307 0 0 0
18.125 391.91 0 0 0
18.189 394.664 0 0 0
18.253 397.547 0 0 0
18.318 400.606 0 0 0
18.382 403.605 0 0 0
18.446 406.605 0 0 0
18.511 409.604 0 0 0
18.574 412.604 0 0 0
18.639 415.604 0 0 0
18.697 418.6 0 0 0
18.77 421.587 0 0 0
18.867 424.579 0 0 0
18.953 427.598 0 0 0
19.016 430.665 0 0 0
19.048 433.774 0 0 0
19.056 436.903 0 0 0
19.072 440.035 0 0 0
19.089 443.161 0 0 0
19.106 446.286 0 0 0
19.122 449.412 0 0 0
19.14 452.537 0 0 0
19.157 455.662 0 0 0
19.174 458.788 0 0 0
19.19 461.913 0 0 0
19.207 465.038 0 0 0
19.225 468.164 0 0 0
19.241 471.289 0 0 0
19.258 474.415 0 0 0
19.275 477.54 0 0 0
19.292 480.663 0 0 0
19.317 483.785 0 0 0
19.334 486.916 0 0 0
19.304 490.064 0 0 0
19.229 493.235 0 0 0
19.107 496.424 0 0 0
18.976 499.62 0 0 0
18.854 502.816 0 0 0
18.732 506.01 0 0 0
18.61 509.204 0 0 0
18.488 512.398 0 0 0
18.365 515.592 0 0 0
18.243 518.785 0 0 0
18.122 521.979 0 0 0
17.999 525.21 0 0 0
17.877 528.369 0 0 0
17.755 531.373 0 0 0
17.647 534.32 0 0 0
17.573 537.326 0 0 0
17.498 540.484 0 0 0
17.424 543.723 0 0 0
17.35 546.935 0 0 0
17.275 550.125 0 0 0
17.241 553.245 0 0 0
17.184 556.258 0 0 0
17.143 559.189 0 0 0
17.207 562.116 0 0 0
17.321 565.069 0 0 0
17.451 568.022 0 0 0
17.556 570.906 0 0 0
17.641 573.704 0 0 0
17.741 576.46 0 0 0
17.842 579.198 0 0 0
17.956 581.9 0 0 0
18.05 584.527 0 0 0
18.128 587.066 0 0 0
18.218 589.552 0 0 0
18.311 592.03 0 0 0
18.393 594.544 0 0 0
18.455 597.125 0 0 0
18.52 599.786 0 0 0
18.584 602.499 0 0 0
18.598 605.206 0 0 0
18.534 607.865 0 0 0
18.442 610.487 0 0 0
18.378 613.128 0 0 0
18.4 615.834 0 0 0
18.454 618.606 0 0 0
18.465 621.399 0 0 0
18.461 624.144 0 0 0
18.429 626.788 0 0 0
18.361 629.335 0 0 0
18.323 631.829 0 0 0
18.284 634.314 0 0 0
18.245 636.808 0 0 0
18.206 639.315 0 0 0
18.167 641.83 0 0 0
18.124 644.327 0 0 0
18.132 646.767 0 0 0
18.12 649.105 0 0 0
-361.053 -6262.56 295.896 10149 -57.8795
-361.394 -6262.34 295.891 10149 -57.8795
-361.745 -6262.12 295.885 10149 -57.8795
-362.096 -6261.89 295.879 10149 -57.8795
-362.447 -6261.66 295.874 10149 -57.8795
-362.797 -6261.43 295.868 10149 -57.8795
-363.148 -6261.21 295.862 10149 -57.8795
-363.499 -6260.98 295.857 10149 -57.8795
-363.85 -6260.75 295.851 10149 -57.8795
-364.201 -6260.53 295.846 10149 -57.8795
-364.552 -6260.3 295.84 10149 -57.8795
-364.902 -6260.07 295.834 10149 -57.8795
-365.253 -6259.84 295.829 10149 -57.8795
-365.604 -6259.62 295.823 10149 -57.8795
-365.955 -6259.39 295.818 10149 -57.8795
-366.306 -6259.16 295.812 10149 -57.8795
-366.657 -6258.94 295.806 10149 -57.8795
-367.01 -6258.71 295.801 10149 -57.8795
-367.363 -6258.48 295.795 10149 -57.8795
-367.711 -6258.25 295.79 10149 -57.8795
-368.044 -6258.04 295.784 10149 -57.8795
-368.361 -6257.85 295.779 10149 -57.8795
-368.663 -6257.67 295.775 10149 -57.8795
-368.961 -6257.5 295.77 10149 -57.8795
-369.258 -6257.32 295.765 10149 -57.8795
-369.557 -6257.15 295.761 10149 -57.8795
-369.857 -6256.97 295.756 10149 -57.8795
-370.156 -6256.8 295.752 10149 -57.8795
-370.456 -6256.62 295.747 10149 -57.8795
-370.755 -6256.45 295.742 10149 -57.8795
-371.055 -6256.27 295.738 10149 -57.8795
-371.354 -6256.09 295.733 10149 -57.8795
-371.654 -6255.92 295.728 10149 -57.8795
-371.953 -6255.74 295.724 10149 -57.8795
-372.253 -6255.57 295.719 10149 -57.8795
-372.552 -6255.39 295.714 10149 -57.8795
-372.852 -6255.22 295.71 10149 -57.8795
-373.157 -6255.04 295.705 10149 -57.8795
-373.457 -6254.86 295.7 10149 -57.8795
-373.736 -6254.69 295.696 10149 -57.8795
-373.995 -6254.55 295.692 10149 -57.8795
-374.232 -6254.43 295.688 10149 -57.8795
-374.455 -6254.31 295.685 10149 -57.8795
-374.684 -6254.17 295.681 10149 -57.8795
-374.923 -6254.02 295.678 10149 -57.8795
-375.167 -6253.86 295.674 10149 -57.8795
-375.409 -6253.72 295.67 10149 -57.8795
-375.649 -6253.57 295.666 10149 -57.8795
-375.89 -6253.42 295.662 10149 -57.8795
-376.131 -6253.27 295.659 10149 -57.8795
-376.367 -6253.12 295.655 10149 -57.8795
-376.601 -6252.98 295.651 10149 -57.8795
-376.855 -6252.83 295.647 10149 -57.8795
-377.14 -6252.66 295.643 10149 -57.8795
-377.445 -6252.45 295.638 10149 -57.8795
-377.783 -6252.22 295.633 10149 -57.8795
-378.142 -6251.98 295.627 10149 -57.8795
-378.503 -6251.75 295.621 10149 -57.8795
-378.86 -6251.52 295.615 10149 -57.8795
-379.217 -6251.29 295.61 10149 -57.8795
-379.574 -6251.06 295.604 10149 -57.8795
-379.93 -6250.83 295.599 10149 -57.8795
-380.287 -6250.6 295.593 10149 -57.8795
-380.644 -6250.36 295.587 10149 -57.8795
-381.001 -6250.13 295.582 10149 -57.8795
-381.357 -6249.9 295.576 10149 -57.8795
-381.714 -6249.67 295.57 10149 -57.8795
-382.071 -6249.44 295.565 10149 -57.8795
-382.427 -6249.21 295.559 10149 -57.8795
-382.784 -6248.98 295.553 10149 -57.8795
-383.141 -6248.75 295.548 10149 -57.8795
-383.497 -6248.52 295.542 10149 -57.8795
-383.854 -6248.29 295.536 10149 -57.8795
-384.211 -6248.05 295.531 10149 -57.8795
-384.568 -6247.82 295.525 10149 -57.8795
-384.924 -6247.59 295.52 10149 -57.8795
-385.281 -6247.36 295.514 10149 -57.8795
-385.638 -6247.13 295.508 10149 -57.8795
-385.994 -6246.9 295.503 10149 -57.8795
-386.351 -6246.67 295.497 10149 -57.8795
-386.708 -6246.44 295.491 10149 -57.8795
-387.064 -6246.21 295.486 10149 -57.8795
-387.421 -6245.98 295.48 10149 -57.8795
-387.778 -6245.74 295.474 10149 -57.8795
-388.134 -6245.51 295.469 10149 -57.8795
-388.491 -6245.28 295.463 10149 -57.8795
-388.848 -6245.05 295.457 10149 -57.8795
-389.205 -6244.82 295.452 10149 -57.8795
-389.561 -6244.59 295.446 10149 -57.8795
-389.918 -6244.36 295.441 10149 -57.8795
-390.275 -6244.13 295.435 10149 -57.8795
-390.632 -6243.9 295.429 10149 -57.8795
-390.991 -6243.67 295.424 10149 -57.8795
-391.345 -6243.43 295.418 10149 -57.8795
-391.691 -6243.2 295.412 10149 -57.8795
-392.032 -6242.96 295.407 10149 -57.8795
-392.374 -6242.73 295.402 10149 -57.8795
-392.721 -6242.52 295.396 10149 -57.8795
-393.072 -6242.3 295.391 10149 -57.8795
-393.421 -6242.09 295.385 10149 -57.8795
-393.771 -6241.87 295.38 10149 0
