6.94953e-310 4.68504e-310 0 0 0
0 0 0 0 0
0 0 0 0 0
0 0 0 0 0
0 0 0 0 0
0 0 0 0 0
0 0 0 0 0
0 0 0 0 0
0 0 0 0 0
0 0 0 0 0
0 0 0 0 0
0 0 0 0 0
0 0 0 0 0
0 0 0 0 0
0 0 0 0 0
0 0 0 0 0
0 0 0 0 0
0 0 0 0 0
0 0 0 0 0
0 0 0 0 0
0 0 0 0 0
0 0 0 0 0
0 0 0 0 0
0 0 0 0 0
0 0 0 0 0
0 0 0 0 0
0 0 0 0 0
0 0 0 0 0
0 0 0 0 0
0 0 0 0 0
0 0 0 0 0
0 0 0 0 0
0 0 0 0 0
0 0 0 0 0
0 0 0 0 0
0 0 0 0 0
0 0 0 0 0
0 0 0 0 0
0 0 0 0 0
0 0 0 0 0
0 0 0 0 0
0 0 0 0 0
0 0 0 0 0
0 0 0 0 0
0 0 0 0 0
0 0 0 0 0
0 0 0 0 0
0 0 0 0 0
0 0 0 0 0
0 0 0 0 0
0 0 0 0 0
0 0 0 0 0
0 0 0 0 0
0 0 0 0 0
0 0 0 0 0
0 0 0 0 0
0 0 0 0 0
0 0 0 0 0
0 0 0 0 0
0 0 0 0 0
0 0 0 0 0
0 0 0 0 0
0 0 0 0 0
0 0 0 0 0
0 0 0 0 0
0 0 0 0 0
0 0 0 0 0
0 0 0 0 0
0 0 0 0 0
0 0 0 0 0
0 0 0 0 0
0 0 0 0 0
0 0 0 0 0
0 0 0 0 0
0 0 0 0 0
0 0 0 0 0
0 0 0 0 0
0 0 0 0 0
0 0 0 0 0
0 0 0 0 0
0 0 0 0 0
0 0 0 0 0
0 0 0 0 0
0 0 0 0 0
0 0 0 0 0
15.81 78.759 0 0 0
15.795 81.758 0 0 0
15.78 84.759 0 0 0
15.764 87.759 0 0 0
15.859 90.697 0 0 0
15.828 93.903 0 0 0
15.832 97.123 0 0 0
15.809 100.366 0 0 0
15.793 103.595 0 0 0
15.776 106.822 0 0 0
15.76 110.046 0 0 0
15.744 113.271 0 0 0
15.726 116.496 0 0 0
15.709 119.721 0 0 0
15.694 122.951 0 0 0
15.677 126.207 0 0 0
15.66 129.374 0 0 0
15.639 132.383 0 0 0
15.679 135.343 0 0 0
15.717 138.379 0 0 0
15.757 141.573 0 0 0
15.796 144.827 0 0 0
15.84 148.045 0 0 0
15.877 151.283 0 0 0
15.883 154.568 0 0 0
15.885 157.913 0 0 0
15.858 161.305 0 0 0
15.823 164.717 0 0 0
15.793 168.129 0 0 0
15.763 171.535 0 0 0
15.734 174.94 0 0 0
15.703 178.346 0 0 0
15.674 181.751 0 0 0
15.644 185.156 0 0 0
15.614 188.562 0 0 0
15.584 191.967 0 0 0
15.553 195.373 0 0 0
15.524 198.811 0 0 0
15.494 202.185 0 0 0
15.464 205.42 0 0 0
15.448 208.605 0 0 0
15.466 211.841 0 0 0
15.484 215.211 0 0 0
15.508 218.644 0 0 0
15.521 222.055 0 0 0
15.508 225.492 0 0 0
15.486 228.963 0 0 0
15.473 232.459 0 0 0
15.484 235.965 0 0 0
15.507 239.469 0 0 0
15.524 242.97 0 0 0
15.541 246.47 0 0 0
15.559 249.971 0 0 0
15.576 253.473 0 0 0
15.592 256.975 0 0 0
15.616 260.478 0 0 0
15.633 264.001 0 0 0
15.617 267.453 0 0 0
15.56 270.68 0 0 0
15.455 273.764 0 0 0
15.493 276.699 0 0 0
15.536 279.867 0 0 0
15.58 283.163 0 0 0
15.624 286.686 0 0 0
15.669 290.153 0 0 0
15.713 293.635 0 0 0
15.769 297.088 0 0 0
15.871 300.411 0 0 0
15.937 303.612 0 0 0
15.961 306.643 0 0 0
16.06 309.63 0 0 0
16.168 312.696 0 0 0
16.298 315.899 0 0 0
16.374 319.212 0 0 0
16.4 322.571 0 0 0
16.469 325.932 0 0 0
16.472 329.255 0 0 0
16.333 332.526 0 0 0
16.142 335.777 0 0 0
16.003 339.063 0 0 0
16.007 342.394 0 0 0
16.089 345.716 0 0 0
16.125 348.955 0 0 0
16.117 352.073 0 0 0
16.097 355.1 0 0 0
16.088 358.088 0 0 0
16.081 361.076 0 0 0
16.074 364.075 0 0 0
16.067 367.076 0 0 0
16.06 370.076 0 0 0
16.053 373.075 0 0 0
16.046 376.075 0 0 0
16.039 379.075 0 0 0
16.032 382.075 0 0 0
16.025 385.131 0 0 0
16.018 388.028 0 0 0
16.011 390.788 0 0 0
16.055 393.411 0 0 0
16.119 396.172 0 0 0
16.184 399.07 0 0 0
16.247 402.142 0 0 0
16.307 405.142 0 0 0
16.425 408.083 0 0 0
16.521 410.908 0 0 0
16.579 413.604 0 0 0
16.659 416.218 0 0 0
16.721 418.81 0 0 0
16.77 421.421 0 0 0
16.827 424.05 0 0 0
16.883 426.677 0 0 0
16.939 429.301 0 0 0
16.996 431.926 0 0 0
17.052 434.55 0 0 0
17.108 437.174 0 0 0
17.164 439.798 0 0 0
17.22 442.423 0 0 0
17.276 445.048 0 0 0
17.333 447.672 0 0 0
17.389 450.296 0 0 0
17.445 452.92 0 0 0
17.501 455.545 0 0 0
17.558 458.172 0 0 0
17.614 460.8 0 0 0
17.67 463.42 0 0 0
17.725 466.02 0 0 0
17.78 468.594 0 0 0
17.835 471.148 0 0 0
17.89 473.694 0 0 0
17.944 476.24 0 0 0
17.999 478.789 0 0 0
18.054 481.339 0 0 0
18.108 483.889 0 0 0
18.162 486.438 0 0 0
18.217 488.987 0 0 0
18.272 491.537 0 0 0
18.326 494.086 0 0 0
18.382 496.635 0 0 0
18.436 499.185 0 0 0
18.49 501.734 0 0 0
18.544 504.283 0 0 0
18.6 506.833 0 0 0
18.654 509.388 0 0 0
18.715 511.946 0 0 0
18.769 514.487 0 0 0
18.794 516.982 0 0 0
18.779 519.418 0 0 0
18.735 521.809 0 0 0
18.685 524.184 0 0 0
18.64 526.573 0 0 0
18.597 528.967 0 0 0
18.552 531.261 0 0 0
18.507 533.43 0 0 0
18.498 535.581 0 0 0
18.489 537.825 0 0 0
18.481 540.197 0 0 0
18.473 542.604 0 0 0
18.464 544.987 0 0 0
18.455 547.37 0 0 0
18.446 549.753 0 0 0
18.438 552.135 0 0 0
18.429 554.517 0 0 0
18.42 556.902 0 0 0
18.412 559.296 0 0 0
18.405 561.678 0 0 0
18.389 564.023 0 0 0
18.371 566.327 0 0 0
18.382 568.635 0 0 0
18.434 571.01 0 0 0
18.525 573.47 0 0 0
18.623 575.978 0 0 0
18.713 578.49 0 0 0
18.805 580.991 0 0 0
18.896 583.487 0 0 0
18.986 585.987 0 0 0
19.078 588.492 0 0 0
19.171 591 0 0 0
19.261 593.487 0 0 0
19.339 595.922 0 0 0
19.399 598.286 0 0 0
19.445 600.595 0 0 0
19.489 602.887 0 0 0
19.536 605.187 0 0 0
19.608 607.489 0 0 0
19.629 609.765 0 0 0
19.543 611.998 0 0 0
19.413 614.211 0 0 0
19.326 616.456 0 0 0
19.352 618.743 0 0 0
19.427 621.026 0 0 0
19.46 623.236 0 0 0
19.442 625.335 0 0 0
19.409 627.354 0 0 0
19.373 629.341 0 0 0
19.343 631.33 0 0 0
-362.613 -6261.07 295.867 10149 -57.881
-362.974 -6260.85 295.862 10149 -57.881
-363.215 -6260.7 295.858 10149 -57.881
-363.455 -6260.55 295.854 10149 -57.881
-363.697 -6260.4 295.85 10149 -57.881
-363.937 -6260.25 295.847 10149 -57.881
-364.174 -6260.1 295.843 10149 -57.881
-364.414 -6259.95 295.839 10149 -57.881
-364.666 -6259.8 295.835 10149 -57.881
-364.935 -6259.64 295.831 10149 -57.881
-365.229 -6259.45 295.826 10149 -57.881
-365.538 -6259.26 295.821 10149 -57.881
-365.86 -6259.06 295.816 10149 -57.881
-366.185 -6258.86 295.811 10149 -57.881
-366.507 -6258.66 295.806 10149 -57.881
-366.831 -6258.46 295.801 10149 -57.881
-367.15 -6258.26 295.796 10149 -57.881
-367.458 -6258.07 295.791 10149 -57.881
-367.759 -6257.88 295.786 10149 -57.881
-368.069 -6257.69 295.782 10149 -57.881
-368.399 -6257.49 295.776 10149 0
