6.94953e-310 6.94953e-310 0 0 0
0 0 0 0 0
0 0 0 0 0
0 0 0 0 0
0 0 0 0 0
0 0 0 0 0
0 0 0 0 0
0 0 0 0 0
0 0 0 0 0
0 0 0 0 0
0 0 0 0 0
0 0 0 0 0
0 0 0 0 0
0 0 0 0 0
0 0 0 0 0
0 0 0 0 0
0 0 0 0 0
0 0 0 0 0
0 0 0 0 0
0 0 0 0 0
0 0 0 0 0
0 0 0 0 0
0 0 0 0 0
0 0 0 0 0
0 0 0 0 0
0 0 0 0 0
0 0 0 0 0
0 0 0 0 0
0 0 0 0 0
0 0 0 0 0
0 0 0 0 0
0 0 0 0 0
0 0 0 0 0
0 0 0 0 0
0 0 0 0 0
0 0 0 0 0
0 0 0 0 0
0 0 0 0 0
0 0 0 0 0
0 0 0 0 0
0 0 0 0 0
0 0 0 0 0
0 0 0 0 0
0 0 0 0 0
0 0 0 0 0
0 0 0 0 0
0 0 0 0 0
0 0 0 0 0
0 0 0 0 0
0 0 0 0 0
0 0 0 0 0
0 0 0 0 0
0 0 0 0 0
0 0 0 0 0
0 0 0 0 0
0 0 0 0 0
0 0 0 0 0
0 0 0 0 0
0 0 0 0 0
0 0 0 0 0
0 0 0 0 0
0 0 0 0 0
0 0 0 0 0
0 0 0 0 0
0 0 0 0 0
0 0 0 0 0
0 0 0 0 0
0 0 0 0 0
0 0 0 0 0
0 0 0 0 0
0 0 0 0 0
0 0 0 0 0
0 0 0 0 0
0 0 0 0 0
0 0 0 0 0
0 0 0 0 0
0 0 0 0 0
0 0 0 0 0
0 0 0 0 0
0 0 0 0 0
0 0 0 0 0
0 0 0 0 0
0 0 0 0 0
0 0 0 0 0
0 0 0 0 0
0 0 0 0 0
0 0 0 0 0
0 0 0 0 0
0 0 0 0 0
0 0 0 0 0
0 0 0 0 0
0 0 0 0 0
0 0 0 0 0
0 0 0 0 0
0 0 0 0 0
0 0 0 0 0
0 0 0 0 0
0 0 0 0 0
0 0 0 0 0
0 0 0 0 0
0 0 0 0 0
0 0 0 0 0
0 0 0 0 0
0 0 0 0 0
0 0 0 0 0
0 0 0 0 0
0 0 0 0 0
0 0 0 0 0
0 0 0 0 0
0 0 0 0 0
0 0 0 0 0
0 0 0 0 0
0 0 0 0 0
0 0 0 0 0
0 0 0 0 0
0 0 0 0 0
0 0 0 0 0
0 0 0 0 0
0 0 0 0 0
0 0 0 0 0
0 0 0 0 0
0 0 0 0 0
0 0 0 0 0
0 0 0 0 0
0 0 0 0 0
0 0 0 0 0
0 0 0 0 0
0 0 0 0 0
0 0 0 0 0
0 0 0 0 0
0 0 0 0 0
0 0 0 0 0
0 0 0 0 0
0 0 0 0 0
0 0 0 0 0
0 0 0 0 0
0 0 0 0 0
0 0 0 0 0
0 0 0 0 0
0 0 0 0 0
0 0 0 0 0
0 0 0 0 0
0 0 0 0 0
15.198 73.173 0 0 0
15.181 76.673 0 0 0
15.159 80.673 0 0 0
15.14 84.673 0 0 0
15.122 88.173 0 0 0
15.088 92.169 0 0 0
15.08 96.152 0 0 0
15.059 100.185 0 0 0
15.052 104.139 0 0 0
15.019 108.011 0 0 0
14.999 111.836 0 0 0
14.967 115.705 0 0 0
14.959 119.654 0 0 0
14.932 123.675 0 0 0
14.918 127.672 0 0 0
14.931 131.578 0 0 0
15.006 135.435 0 0 0
15.087 139.305 0 0 0
15.141 143.236 0 0 0
15.183 147.199 0 0 0
15.231 151.149 0 0 0
15.278 155.099 0 0 0
15.327 159.049 0 0 0
15.375 162.999 0 0 0
15.423 166.948 0 0 0
15.471 170.898 0 0 0
15.518 174.847 0 0 0
15.567 178.797 0 0 0
15.615 182.747 0 0 0
15.663 186.696 0 0 0
15.711 190.646 0 0 0
15.759 194.597 0 0 0
15.807 198.558 0 0 0
15.855 202.485 0 0 0
15.911 206.362 0 0 0
15.969 210.253 0 0 0
16.015 214.232 0 0 0
16.048 218.35 0 0 0
16.049 222.561 0 0 0
16.017 226.794 0 0 0
15.991 231.033 0 0 0
15.966 235.265 0 0 0
15.941 239.491 0 0 0
15.916 243.733 0 0 0
15.89 247.988 0 0 0
15.89 252.18 0 0 0
15.901 256.191 0 0 0
15.897 260.039 0 0 0
15.916 263.701 0 0 0
15.923 267.157 0 0 0
16.003 270.386 0 0 0
16.086 273.444 0 0 0
16.224 276.287 0 0 0
16.418 279.082 0 0 0
16.614 282.022 0 0 0
16.809 285.049 0 0 0
17.006 288.045 0 0 0
17.201 291.039 0 0 0
17.397 294.031 0 0 0
17.593 297.02 0 0 0
17.798 300.013 0 0 0
17.986 303.02 0 0 0
18.116 306.056 0 0 0
18.202 309.126 0 0 0
18.232 312.224 0 0 0
18.242 315.336 0 0 0
18.262 318.455 0 0 0
18.282 321.578 0 0 0
18.333 324.694 0 0 0
18.325 327.773 0 0 0
18.191 330.804 0 0 0
18.011 333.829 0 0 0
17.892 336.865 0 0 0
17.956 339.789 0 0 0
17.964 342.524 0 0 0
17.969 345.067 0 0 0
17.968 347.408 0 0 0
17.904 349.576 0 0 0
17.899 351.564 0 0 0
17.895 353.54 0 0 0
17.889 355.535 0 0 0
17.885 357.535 0 0 0
17.88 359.539 0 0 0
17.876 361.556 0 0 0
17.871 363.562 0 0 0
17.906 365.506 0 0 0
17.9 367.339 0 0 0
17.858 369.065 0 0 0
17.854 370.739 0 0 0
17.85 372.391 0 0 0
17.862 374.004 0 0 0
17.844 375.555 0 0 0
17.84 377.054 0 0 0
17.836 378.537 0 0 0
17.832 380.037 0 0 0
17.829 381.555 0 0 0
17.825 383.064 0 0 0
17.862 384.513 0 0 0
17.88 385.82 0 0 0
17.856 387.013 0 0 0
17.813 388.065 0 0 0
17.811 389.081 0 0 0
17.809 390.04 0 0 0
17.806 390.908 0 0 0
17.813 391.742 0 0 0
17.834 392.613 0 0 0
17.855 393.588 0 0 0
17.878 394.613 0 0 0
17.899 395.611 0 0 0
17.92 396.615 0 0 0
17.941 397.629 0 0 0
17.963 398.631 0 0 0
17.999 399.578 0 0 0
18.002 400.445 0 0 0
18.019 401.279 0 0 0
18.023 402.165 0 0 0
18.059 403.119 0 0 0
18.12 404.069 0 0 0
18.159 404.89 0 0 0
18.153 405.588 0 0 0
18.124 406.139 0 0 0
18.134 406.63 0 0 0
18.144 407.113 0 0 0
18.155 407.609 0 0 0
18.166 408.11 0 0 0
18.176 408.61 0 0 0
18.188 409.11 0 0 0
18.198 409.61 0 0 0
18.209 410.11 0 0 0
18.22 410.609 0 0 0
18.23 411.109 0 0 0
18.241 411.609 0 0 0
18.252 412.109 0 0 0
18.262 412.609 0 0 0
18.273 413.111 0 0 0
18.284 413.607 0 0 0
18.294 414.09 0 0 0
18.305 414.581 0 0 0
18.276 415.133 0 0 0
18.269 415.82 0 0 0
18.334 416.657 0 0 0
18.384 417.549 0 0 0
18.424 418.378 0 0 0
18.402 419.108 0 0 0
18.379 419.825 0 0 0
18.394 420.641 0 0 0
18.454 421.58 0 0 0
18.476 422.587 0 0 0
18.497 423.604 0 0 0
18.519 424.608 0 0 0
18.541 425.606 0 0 0
-360.927 -6262.57 295.898 10149 -58.219
-361.529 -6262.2 295.888 10149 -58.2189
-362.132 -6261.83 295.878 10149 -58.2192
-362.734 -6261.45 295.869 10149 -58.2031
-363.336 -6261.08 295.859 10149 -58.2585
-363.938 -6260.71 295.85 10149 0
