-802.666 -5976.65 298.784 30149 -49.6027
-802.666 -5976.65 298.784 30149 -49.6027
-802.666 -5976.65 298.784 30149 -49.6027
-802.666 -5976.65 298.784 30149 -49.6027
-802.666 -5976.65 298.784 30149 -49.6027
-802.666 -5976.65 298.784 30149 -49.6027
-802.666 -5976.65 298.784 30149 -49.6027
-802.666 -5976.65 298.784 30149 -49.6027
-802.666 -5976.65 298.784 30149 -49.6027
-802.666 -5976.65 298.784 30149 -49.6027
-802.666 -5976.65 298.784 30149 -49.6027
-802.666 -5976.65 298.784 30149 -49.6027
-802.666 -5976.65 298.784 30149 -49.6027
-802.666 -5976.65 298.784 30149 -49.6027
-802.666 -5976.65 298.784 30149 -49.6027
-802.666 -5976.65 298.784 30149 -49.6027
-802.665 -5976.64 298.784 30149 -49.6027
-802.666 -5976.65 298.784 30149 -49.6027
-802.674 -5976.65 298.784 30149 -49.6027
-802.68 -5976.66 298.784 30149 -49.6027
-802.682 -5976.66 298.784 30149 -49.6027
-802.671 -5976.65 298.784 30149 -49.6027
-802.66 -5976.64 298.784 30149 -49.6027
-802.65 -5976.63 298.784 30149 -49.6027
-802.644 -5976.61 298.784 30149 -49.6027
-802.65 -5976.59 298.784 30149 -49.6027
-802.663 -5976.56 298.785 30149 -49.6027
-802.677 -5976.53 298.785 30149 -49.6027
-802.688 -5976.5 298.786 30149 -49.6027
-802.705 -5976.47 298.787 30149 -49.6027
-802.736 -5976.43 298.788 30149 -49.6027
-802.783 -5976.38 298.789 30149 -49.6027
-802.845 -5976.33 298.791 30149 -49.6027
-802.912 -5976.28 298.792 30149 -49.6027
-802.979 -5976.23 298.794 30149 -49.6027
-803.044 -5976.17 298.796 30149 -49.6027
-803.109 -5976.12 298.798 30149 -49.6027
-803.171 -5976.07 298.799 30149 -49.6027
-803.235 -5976.02 298.801 30149 -49.6027
-803.301 -5975.97 298.803 30149 -49.6027
-803.379 -5975.89 298.805 30149 -49.6027
-803.472 -5975.8 298.807 30149 -49.6027
-803.579 -5975.69 298.811 30149 -49.6027
-803.706 -5975.59 298.814 30149 -49.6027
-803.862 -5975.48 298.818 30149 -49.6027
-804.047 -5975.34 298.822 30149 -49.6027
-804.252 -5975.17 298.828 30149 -49.6027
-804.488 -5974.96 298.834 30149 -49.6027
-804.749 -5974.75 298.841 30149 -49.6027
-805.013 -5974.54 298.848 30149 -49.6027
-805.273 -5974.32 298.855 30149 -49.6027
-805.532 -5974.11 298.862 30149 -49.6027
-805.791 -5973.91 298.869 30149 -49.6027
-806.046 -5973.7 298.875 30149 -49.6027
-806.304 -5973.49 298.882 30149 -49.6027
-806.586 -5973.28 298.889 30149 -49.6027
-806.9 -5973.04 298.897 30149 -49.6027
-807.234 -5972.76 298.906 30149 -49.6027
-807.6 -5972.44 298.916 30149 -51.0787
-807.991 -5972.13 298.926 30149 -51.0355
-808.384 -5971.81 298.937 30149 -51.0419
-808.775 -5971.49 298.947 30149 -51.0259
-809.172 -5971.17 298.957 30149 -51.0259
-809.553 -5970.87 298.967 30149 -51.0259
-809.895 -5970.59 298.976 30149 -51.0259
-810.218 -5970.33 298.985 30149 -51.0259
-810.562 -5970.04 298.994 30149 -51.0259
-810.944 -5969.72 299.004 30149 -49.8878
-811.363 -5969.37 299.015 30149 -49.9655
-811.798 -5969 299.027 30149 -49.8152
-812.254 -5968.62 299.039 30149 -49.8931
-812.734 -5968.21 299.052 30149 -49.4066
-813.23 -5967.79 299.065 30149 -49.9094
-813.741 -5967.36 299.079 30149 -49.9109
-814.254 -5966.93 299.092 30149 -49.881
-814.765 -5966.5 299.106 30149 -49.8802
-815.274 -5966.07 299.12 30149 -49.9094
-815.784 -5965.64 299.133 30149 -49.8797
-816.293 -5965.21 299.147 30149 -49.907
-816.799 -5964.78 299.16 30149 -49.8794
-817.306 -5964.35 299.174 30149 -51.0583
-817.84 -5963.92 299.188 30149 -50.5067
-818.403 -5963.46 299.203 30149 -47.3219
-818.969 -5962.94 299.218 30149 -46.4992
-819.56 -5962.38 299.234 30149 -47.4207
-820.175 -5961.81 299.251 30149 -47.4453
-820.794 -5961.24 299.268 30149 -47.4455
-821.413 -5960.67 299.285 30149 -47.4666
-822.029 -5960.11 299.302 30149 -46.4685
-822.616 -5959.55 299.318 30149 -46.8851
-823.169 -5959.03 299.333 30149 -47.852
-823.697 -5958.56 299.347 30149 -49.3284
-824.2 -5958.12 299.36 30149 -49.1093
-824.667 -5957.72 299.373 30149 -47.9643
-825.128 -5957.3 299.385 30149 -46.9152
-825.597 -5956.87 299.398 30149 -46.5322
-826.076 -5956.41 299.411 30149 -46.7962
-826.559 -5955.96 299.425 30149 -46.7336
-827.039 -5955.51 299.438 30149 -46.7543
-827.516 -5955.06 299.451 30149 -46.7664
-827.998 -5954.6 299.464 30149 -46.7897
-828.493 -5954.14 299.478 30149 -46.993
-828.994 -5953.67 299.492 30149 -47.1554
-829.492 -5953.21 299.505 30149 -47.1704
-829.977 -5952.76 299.518 30149 -47.1053
-830.457 -5952.31 299.532 30149 -47.138
-830.94 -5951.87 299.545 30149 -47.138
-831.422 -5951.42 299.558 30149 -47.1383
-831.905 -5950.97 299.571 30149 -47.138
-832.388 -5950.52 299.584 30149 -47.167
-832.871 -5950.08 299.598 30149 -47.9787
-833.36 -5949.63 299.611 30149 -45.5795
-833.832 -5949.17 299.624 30149 -42.7239
-834.276 -5948.69 299.637 30149 -42.3996
-834.703 -5948.22 299.65 30149 -44.1173
-835.12 -5947.79 299.662 30149 -48.2851
-835.548 -5947.41 299.673 30149 -50.6671
-835.984 -5947.06 299.684 30149 -49.5469
-836.413 -5946.69 299.696 30149 -49.5056
-836.843 -5946.32 299.707 30149 -49.4993
-837.275 -5945.95 299.718 30149 -51.2593
-837.721 -5945.6 299.73 40149 -47.7687
-838.142 -5945.21 299.741 40149 -47.3604
-838.552 -5944.83 299.752 40149 -47.3554
-838.944 -5944.47 299.763 40149 -48.5142
-839.319 -5944.14 299.773 40149 -48.5142
-839.675 -5943.83 299.782 40149 -48.5142
-840.021 -5943.52 299.791 40149 -48.5142
-840.366 -5943.21 299.801 40149 -48.5142
-840.713 -5942.9 299.81 40149 -48.5142
-841.062 -5942.59 299.819 40149 -48.5142
-841.412 -5942.27 299.829 40149 -48.5142
-841.76 -5941.96 299.838 40149 -48.5142
-842.088 -5941.66 299.847 40149 -48.5142
-842.403 -5941.36 299.855 40149 -48.5142
-842.707 -5941.06 299.864 40149 -48.5142
-843.029 -5940.75 299.873 40149 -48.5142
-843.365 -5940.41 299.882 40149 -46.2234
-843.727 -5940.06 299.892 40149 -46.069
-844.095 -5939.7 299.902 40149 -46.0705
-844.457 -5939.36 299.912 40149 -46.0705
-844.793 -5939.01 299.922 40149 -46.0705
-845.11 -5938.71 299.931 40149 -46.0705
-845.412 -5938.44 299.939 40149 -46.0705
-845.705 -5938.16 299.947 40149 -46.0705
-846.009 -5937.86 299.955 40149 -46.0705
-846.327 -5937.51 299.964 40149 -46.0705
-846.654 -5937.16 299.974 40149 -46.0705
-846.979 -5936.8 299.984 40149 -46.0705
-847.302 -5936.45 299.993 40149 -46.0705
-847.624 -5936.1 300.003 40149 -46.0705
-847.946 -5935.75 300.012 40149 -46.0705
-848.273 -5935.4 300.021 40149 -46.0705
-848.591 -5935.04 300.031 40149 -46.0705
-848.894 -5934.67 300.04 40149 -46.0705
-849.19 -5934.29 300.05 40149 -46.0705
-849.492 -5933.92 300.059 40149 -46.0705
-849.81 -5933.57 300.069 40149 -46.0705
-850.142 -5933.21 300.078 40149 -46.0705
-850.461 -5932.87 300.088 40149 -46.0705
-850.754 -5932.54 300.096 40149 -46.0705
-851.022 -5932.23 300.105 40149 -46.0705
-851.285 -5931.94 300.112 40149 -46.0705
-851.554 -5931.68 300.12 40149 -46.0705
-851.819 -5931.45 300.127 40149 -46.0705
-852.064 -5931.23 300.133 40149 -46.0705
-852.307 -5931.01 300.14 40149 -46.0705
-852.553 -5930.79 300.146 40149 -46.0705
-852.8 -5930.56 300.153 40149 -46.0705
-853.05 -5930.33 300.16 40149 -46.0705
-853.297 -5930.11 300.166 40149 -46.0705
-853.533 -5929.89 300.173 40149 -46.0705
-853.76 -5929.71 300.179 40149 -46.0705
-853.974 -5929.53 300.184 40149 -46.0705
-854.189 -5929.33 300.19 40149 -46.0705
-854.412 -5929.12 300.196 40149 -46.0705
-854.643 -5928.89 300.203 40149 -46.0705
-854.878 -5928.66 300.209 40149 -46.0705
-855.111 -5928.43 300.216 40149 -46.0705
-855.342 -5928.2 300.222 40149 -46.0705
-855.575 -5927.97 300.229 40149 -46.0705
-855.807 -5927.75 300.235 40149 -46.0705
-856.036 -5927.51 300.241 40149 -46.0705
-856.26 -5927.28 300.247 40149 -46.0705
-856.483 -5927.04 300.253 40149 -46.0705
-856.707 -5926.81 300.259 40149 -46.0705
-856.93 -5926.57 300.265 40149 -46.0705
-857.154 -5926.33 300.271 40149 -46.0705
-857.377 -5926.1 300.276 40149 -46.0705
-857.6 -5925.86 300.282 40149 -46.0705
-857.824 -5925.63 300.288 40149 -46.0705
-858.047 -5925.39 300.294 40149 -46.0705
-858.271 -5925.15 300.3 40149 -46.0705
-858.494 -5924.92 300.306 40149 -46.0705
-858.718 -5924.68 300.312 40149 -46.0705
-858.941 -5924.45 300.317 40149 -46.0705
-859.165 -5924.21 300.323 40149 -46.0705
-859.388 -5923.97 300.329 40149 -46.0705
-859.612 -5923.74 300.335 40149 -46.0705
-859.835 -5923.5 300.341 40149 -46.0705
-860.059 -5923.27 300.347 40149 -46.0705
-860.282 -5923.03 300.353 40149 -46.0705
-860.506 -5922.79 300.358 40149 -46.0705
-860.729 -5922.56 300.364 40149 -46.0705
-860.952 -5922.32 300.37 40149 -46.0705
-861.176 -5922.09 300.376 40149 -46.0705
-861.399 -5921.85 300.382 40149 -46.0705
-861.623 -5921.61 300.388 40149 -46.0705
-861.847 -5921.38 300.394 40149 -46.0705
-862.069 -5921.14 300.399 40149 -46.0705
-862.288 -5920.91 300.405 40149 -46.0705
-862.511 -5920.68 300.411 40149 -46.0705
-862.772 -5920.43 300.417 40149 -46.0705
-863.063 -5920.14 300.425 40149 -46.0705
-863.376 -5919.82 300.433 40149 -43.3465
-863.72 -5919.46 300.442 40149 -45.6684
-864.101 -5919.08 300.451 40149 -45.5783
-864.486 -5918.71 300.461 40149 -45.6614
-864.869 -5918.33 300.471 40149 -45.6391
-865.25 -5917.96 300.48 40149 -45.6492
-865.628 -5917.59 300.49 40149 -45.827
-866.007 -5917.22 300.499 40149 -45.8787
-866.398 -5916.84 300.509 40149 -45.3698
-866.807 -5916.44 300.52 40149 -44.1534
-867.236 -5916 300.531 40149 -43.7545
-867.684 -5915.53 300.542 40149 -45.3633
-868.158 -5915.06 300.554 40149 -45.808
-868.639 -5914.6 300.566 40149 -45.6131
-869.117 -5914.13 300.578 40149 -45.6245
-869.592 -5913.66 300.59 40149 -45.6325
-870.072 -5913.19 300.603 40149 -45.6242
-870.54 -5912.73 300.614 40149 -47.0714
-870.999 -5912.31 300.626 40149 -45.522
-871.478 -5911.84 300.638 40149 -43.9743
-871.983 -5911.31 300.651 40149 -43.5699
-872.513 -5910.76 300.665 40149 -44.4975
-873.106 -5910.15 300.68 40149 -44.5259
-873.694 -5909.56 300.695 40149 -44.3963
-874.278 -5908.96 300.71 40149 -42.3598
-874.839 -5908.34 300.724 40149 -42.3822
-875.401 -5907.73 300.737 40149 -42.3822
-875.962 -5907.11 300.751 40149 -42.3592
-876.524 -5906.5 300.764 40149 -42.3824
-877.085 -5905.88 300.778 40149 -42.3821
-877.647 -5905.27 300.792 40149 -42.3592
-878.208 -5904.65 300.805 40149 -42.3815
-878.77 -5904.03 300.819 40149 -42.3834
-879.331 -5903.42 300.833 40149 -42.3626
-879.89 -5902.81 300.846 40149 -42.3826
-880.451 -5902.19 300.86 40149 -42.7537
-881.026 -5901.57 300.874 40149 -42.395
-881.614 -5900.93 300.888 40149 -42.3929
-882.223 -5900.26 300.903 40149 -42.3303
-882.85 -5899.57 300.918 40149 -42.3703
-883.497 -5898.86 300.934 40149 -42.0431
-884.158 -5898.13 300.95 40149 -42.3625
-884.832 -5897.39 300.966 40149 -42.3789
-885.509 -5896.65 300.983 40149 -42.3809
-886.184 -5895.91 300.999 40149 -42.3631
-886.858 -5895.17 301.016 40149 -42.3818
-887.532 -5894.43 301.032 40149 -42.3391
-888.211 -5893.69 301.048 40149 -42.3863
-888.881 -5892.95 301.065 40149 -42.4064
-889.532 -5892.24 301.08 40149 -41.8745
-890.17 -5891.53 301.096 40149 -41.7144
-890.811 -5890.81 301.112 40149 -41.6946
-891.469 -5890.07 301.128 40149 -40.7518
-892.127 -5889.31 301.144 40149 -39.8562
-892.778 -5888.52 301.159 40149 -39.2054
-893.434 -5887.72 301.175 40149 -39.5183
-894.103 -5886.91 301.19 40149 -39.5183
-894.778 -5886.09 301.206 40149 -39.7848
-895.466 -5885.27 301.222 40149 -39.2578
-896.161 -5884.42 301.239 40149 -39.5183
-896.866 -5883.56 301.256 40149 -39.5183
-897.564 -5882.71 301.272 40149 -39.5183
-898.256 -5881.88 301.288 40149 -39.8319
-898.958 -5881.03 301.305 40149 -39.5183
-899.675 -5880.16 301.322 40149 -39.2869
-900.407 -5879.27 301.339 40149 -39.551
-901.15 -5878.37 301.356 40149 -39.5509
-901.896 -5877.47 301.374 40149 -39.5674
-902.64 -5876.57 301.391 40149 -39.5838
-903.383 -5875.67 301.409 40149 -39.5511
-904.127 -5874.77 301.426 40149 -39.5511
0 0 0 0 -39.5511
0 0 0 0 -39.5511
0 0 0 0 -39.5511
0 0 0 0 -39.5511
0 0 0 0 -39.5511
0 0 0 0 -39.5511
0 0 0 0 -39.5511
0 0 0 0 -39.5511
0 0 0 0 -39.5511
0 0 0 0 -39.5511
0 0 0 0 -39.5511
0 0 0 0 -39.5511
0 0 0 0 -39.5511
0 0 0 0 -39.5511
0 0 0 0 0
