-788.149 -5987.6 298.41 30149 -51.1133
-788.144 -5987.59 298.41 30149 -51.1133
-788.137 -5987.58 298.41 30149 -51.1133
-788.135 -5987.58 298.41 30149 -51.1133
-788.137 -5987.58 298.41 30149 -51.1133
-788.137 -5987.58 298.41 30149 -51.1133
-788.137 -5987.58 298.41 30149 -51.1133
-788.137 -5987.58 298.41 30149 -51.1133
-788.137 -5987.58 298.41 30149 -51.1133
-788.137 -5987.58 298.41 30149 -51.1133
-788.137 -5987.58 298.41 30149 -51.1133
-788.137 -5987.58 298.41 30149 -51.1133
-788.137 -5987.58 298.41 30149 -51.1133
-788.137 -5987.58 298.41 30149 -51.1133
-788.137 -5987.58 298.41 30149 -51.1133
-788.137 -5987.58 298.41 30149 -51.1133
-788.137 -5987.58 298.41 30149 -51.1133
-788.137 -5987.58 298.41 30149 -51.1133
-788.137 -5987.58 298.41 30149 -51.1133
-788.137 -5987.58 298.41 30149 -51.1133
-788.137 -5987.58 298.41 30149 -51.1133
-788.137 -5987.58 298.41 30149 -51.1133
-788.137 -5987.58 298.41 30149 -51.1133
-788.137 -5987.58 298.41 30149 -51.1133
-788.137 -5987.58 298.41 30149 -51.1133
-788.137 -5987.58 298.41 30149 -51.1133
-788.137 -5987.58 298.41 30149 -51.1133
-788.137 -5987.58 298.41 30149 -51.1133
-788.137 -5987.58 298.41 30149 -51.1133
-788.137 -5987.58 298.41 30149 -51.1133
-788.137 -5987.58 298.41 30149 -51.1133
-788.137 -5987.58 298.41 30149 -51.1133
-788.137 -5987.58 298.41 30149 -51.1133
-788.137 -5987.58 298.41 30149 -51.1133
-788.137 -5987.58 298.41 30149 -51.1133
-788.137 -5987.58 298.41 30149 -51.1133
-788.137 -5987.58 298.41 30149 -51.1133
-788.137 -5987.58 298.41 30149 -51.1133
-788.137 -5987.58 298.41 30149 -51.1133
-788.137 -5987.58 298.41 30149 -51.1133
-788.137 -5987.58 298.41 30149 -51.1133
-788.137 -5987.58 298.41 30149 -51.1133
-788.137 -5987.58 298.41 30149 -51.1133
-788.137 -5987.58 298.41 30149 -51.1133
-788.137 -5987.58 298.41 30149 -51.1133
-788.137 -5987.58 298.41 30149 -51.1133
-788.137 -5987.58 298.41 30149 -51.1133
-788.137 -5987.58 298.41 30149 -51.1133
-788.137 -5987.58 298.41 30149 -51.1133
-788.137 -5987.58 298.41 30149 -51.1133
-788.137 -5987.58 298.41 30149 -51.1133
-788.137 -5987.58 298.41 30149 -51.1133
-788.137 -5987.58 298.41 30149 -51.1133
-788.137 -5987.58 298.41 30149 -51.1133
-788.137 -5987.58 298.41 30149 -51.1133
-788.135 -5987.57 298.41 30149 -51.1133
-788.137 -5987.58 298.41 30149 -51.1133
-788.151 -5987.59 298.41 30149 -51.1133
-788.174 -5987.6 298.41 30149 -51.1133
-788.238 -5987.56 298.412 30149 -51.1133
-788.322 -5987.49 298.414 30149 -51.1133
-788.454 -5987.38 298.418 30149 -51.1133
-788.603 -5987.26 298.421 30149 -51.1133
-788.747 -5987.15 298.425 30149 -51.1133
-788.888 -5987.04 298.429 30149 -51.1133
-789.029 -5986.93 298.433 30149 -51.1133
-789.171 -5986.82 298.436 30149 -51.1133
-789.312 -5986.71 298.44 30149 -51.1133
-789.454 -5986.6 298.444 30149 -51.1133
-789.596 -5986.49 298.447 30149 -51.1133
-789.737 -5986.38 298.451 30149 -51.1133
-789.879 -5986.27 298.455 30149 -51.1133
-790.021 -5986.16 298.459 30149 -51.1133
-790.162 -5986.06 298.462 30149 -51.1133
-790.304 -5985.95 298.466 30149 -51.1133
-790.446 -5985.84 298.47 30149 -51.1133
-790.587 -5985.73 298.473 30149 -51.1133
-790.729 -5985.62 298.477 30149 -51.1133
-790.863 -5985.51 298.481 30149 -51.1133
-791.012 -5985.4 298.484 30149 -51.1133
-791.193 -5985.26 298.489 30149 -51.1133
-791.389 -5985.11 298.494 30149 -51.1133
-791.572 -5984.97 298.499 30149 -51.1133
-791.723 -5984.86 298.503 30149 -51.1133
-791.859 -5984.76 298.506 30149 -51.1133
-792.002 -5984.65 298.51 30149 -51.1133
-792.145 -5984.54 298.514 30149 -51.1133
-792.289 -5984.44 298.517 30149 -51.1133
-792.433 -5984.33 298.521 30149 -51.1133
-792.576 -5984.22 298.525 30149 -51.1133
-792.72 -5984.11 298.529 30149 -51.1133
-792.863 -5984.01 298.532 30149 -51.1133
-793.007 -5983.9 298.536 30149 -51.1133
-793.151 -5983.79 298.54 30149 -51.1133
-793.292 -5983.69 298.543 30149 -51.1133
-793.43 -5983.58 298.547 30149 -51.1133
-793.576 -5983.48 298.551 30149 -51.1133
-793.779 -5983.35 298.556 30149 -51.1133
-794.009 -5983.18 298.561 30149 -51.1133
-794.283 -5982.97 298.569 30149 -51.1133
-794.585 -5982.72 298.577 30149 -51.1133
-794.942 -5982.45 298.586 30149 -51.1133
-795.309 -5982.18 298.595 30149 -51.1133
-795.671 -5981.91 298.605 30149 -51.1133
-796.031 -5981.64 298.614 30149 -51.1133
-796.391 -5981.37 298.623 30149 -51.1133
-796.751 -5981.1 298.633 30149 -51.1133
-797.111 -5980.83 298.642 30149 -51.1133
-797.473 -5980.54 298.651 30149 -51.1133
-797.837 -5980.24 298.661 30149 -51.1133
-798.209 -5979.93 298.671 30149 -51.1133
-798.597 -5979.61 298.681 30149 -51.759
-799.002 -5979.29 298.692 30149 -51.0855
-799.423 -5978.95 298.703 30149 -51.1025
-799.867 -5978.59 298.714 30149 -50.4859
-800.329 -5978.21 298.727 30149 -51.0346
-800.808 -5977.82 298.739 30149 -51.071
-801.285 -5977.44 298.752 30149 -51.0672
-801.747 -5977.07 298.764 30149 -51.0489
-802.202 -5976.7 298.776 30149 -51.5819
-802.667 -5976.33 298.788 30149 -51.055
-803.152 -5975.94 298.801 30149 -50.5471
-803.656 -5975.52 298.814 30149 -51.0817
-804.176 -5975.1 298.828 30149 -51.0488
-804.698 -5974.68 298.841 30149 -51.0527
-805.218 -5974.26 298.855 30149 -51.0553
-805.736 -5973.84 298.869 30149 -51.0544
-806.255 -5973.42 298.882 30149 -51.0258
-806.773 -5973 298.896 30149 -51.0835
-807.292 -5972.58 298.909 30149 -51.0544
-807.811 -5972.16 298.923 30149 -51.0548
-808.329 -5971.75 298.937 30149 -51.0391
-808.857 -5971.32 298.95 30149 -51.0697
-809.367 -5970.91 298.964 30149 -51.1426
-809.839 -5970.53 298.976 30149 -50.4269
-810.292 -5970.15 298.988 30149 -49.8834
-810.756 -5969.76 299 30149 -49.8755
-811.257 -5969.34 299.014 30149 -49.9135
-811.776 -5968.9 299.028 30149 -49.8804
-812.285 -5968.47 299.041 30149 -49.8804
-812.795 -5968.04 299.055 30149 -49.9091
-813.305 -5967.61 299.068 30149 -49.8804
-813.815 -5967.18 299.082 30149 -49.9091
-814.325 -5966.76 299.096 30149 -49.9091
-814.834 -5966.33 299.109 30149 -49.909
-815.344 -5965.9 299.123 30149 -49.8804
-815.854 -5965.47 299.136 30149 -49.9092
-816.364 -5965.04 299.15 30149 -49.8804
-816.873 -5964.61 299.164 30149 -49.9089
-817.383 -5964.18 299.177 30149 -49.8803
-817.892 -5963.75 299.191 30149 -49.881
-818.403 -5963.32 299.204 30149 -47.6448
-818.9 -5962.87 299.218 30149 -47.4607
-819.392 -5962.42 299.231 30149 -46.2128
-819.859 -5961.97 299.244 30149 -47.5304
-820.31 -5961.56 299.257 30149 -48.7118
-820.743 -5961.18 299.268 30149 -47.4785
-821.154 -5960.8 299.279 30149 -47.4403
-821.559 -5960.43 299.29 30149 -46.8655
-821.952 -5960.06 299.301 30149 -48.0134
-822.336 -5959.71 299.311 30149 -47.4889
-822.705 -5959.37 299.321 30149 -47.4889
-823.069 -5959.04 299.331 30149 -47.4889
-823.437 -5958.7 299.341 30149 -47.4531
-823.809 -5958.36 299.351 30149 -47.4531
-824.173 -5958.02 299.361 30149 -47.4531
-824.529 -5957.7 299.371 30149 -47.4531
-824.888 -5957.39 299.381 30149 -47.4531
-825.275 -5957.08 299.391 30149 -49.1214
-825.687 -5956.72 299.401 30149 -46.84
-826.115 -5956.32 299.413 30149 -47.8414
-826.573 -5955.9 299.426 30149 -48.1752
-827.04 -5955.49 299.438 30149 -48.2125
-827.501 -5955.08 299.45 30149 -48.1784
-827.964 -5954.66 299.463 30149 -48.1363
-828.44 -5954.23 299.476 30149 -48.3097
-828.922 -5953.81 299.489 30149 -48.5545
-829.401 -5953.38 299.501 30149 -48.5457
-829.868 -5952.97 299.514 30149 -48.5866
-830.33 -5952.56 299.526 30149 -48.5506
-830.794 -5952.15 299.539 30149 -48.5506
-831.258 -5951.74 299.551 30149 -48.5814
-831.722 -5951.33 299.564 30149 -48.5506
-832.186 -5950.92 299.576 30149 -48.5823
-832.65 -5950.51 299.588 30149 -48.5479
-833.116 -5950.1 299.601 30149 -48.5722
-833.585 -5949.69 299.613 30149 -48.5795
-834.05 -5949.28 299.626 30149 -46.6792
-834.478 -5948.87 299.637 30149 -47.7888
-834.877 -5948.51 299.648 30149 -47.7888
-835.251 -5948.19 299.658 30149 -47.7888
-835.596 -5947.9 299.667 30149 -47.7888
-835.904 -5947.62 299.676 30149 -47.7888
-836.208 -5947.34 299.684 30149 -47.7888
-836.515 -5947.07 299.692 30149 -47.7888
-836.825 -5946.79 299.7 30149 -47.7888
-837.136 -5946.5 299.709 30149 -47.7888
-837.447 -5946.23 299.717 30149 -47.7888
-837.758 -5945.97 299.725 40149 -47.7888
-838.028 -5945.69 299.733 40149 -47.7888
-838.277 -5945.43 299.74 40149 -47.7888
-838.503 -5945.2 299.747 40149 -47.7888
-838.713 -5945.01 299.752 40149 -47.7888
-838.905 -5944.85 299.757 40149 -47.7888
-839.081 -5944.69 299.762 40149 -47.7888
-839.245 -5944.53 299.766 40149 -47.7888
-839.409 -5944.36 299.771 40149 -47.7888
-839.578 -5944.19 299.776 40149 -47.7888
-839.747 -5944.02 299.781 40149 -47.7888
-839.915 -5943.85 299.785 40149 -47.7888
-840.083 -5943.68 299.79 40149 -47.7888
-840.251 -5943.51 299.795 40149 -47.7888
-840.42 -5943.34 299.8 40149 -47.7888
-840.588 -5943.17 299.804 40149 -47.7888
-840.756 -5943 299.809 40149 -47.7888
-840.924 -5942.83 299.814 40149 -47.7888
-841.093 -5942.66 299.819 40149 -47.7888
-841.261 -5942.49 299.823 40149 -47.7888
-841.429 -5942.32 299.828 40149 -47.7888
-841.597 -5942.15 299.833 40149 -47.7888
-841.766 -5941.98 299.838 40149 -47.7888
-841.934 -5941.81 299.842 40149 -47.7888
-842.102 -5941.64 299.847 40149 -47.7888
-842.27 -5941.47 299.852 40149 -47.7888
-842.439 -5941.3 299.857 40149 -47.7888
-842.607 -5941.13 299.861 40149 -47.7888
-842.775 -5940.96 299.866 40149 -47.7888
-842.943 -5940.79 299.871 40149 -47.7888
-843.112 -5940.62 299.876 40149 -47.7888
-843.279 -5940.45 299.88 40149 -47.7888
-843.445 -5940.29 299.885 40149 -47.7888
-843.611 -5940.12 299.89 40149 -47.7888
-843.792 -5939.95 299.895 40149 -47.7888
-843.992 -5939.76 299.9 40149 -47.7888
-844.211 -5939.53 299.906 40149 -47.7888
-844.453 -5939.29 299.913 40149 -47.7888
-844.713 -5939.04 299.92 40149 -47.7888
-844.952 -5938.79 299.927 40149 -47.7888
-845.208 -5938.6 299.933 40149 -47.7888
-845.448 -5938.46 299.939 40149 -47.7888
-845.733 -5938.34 299.945 40149 -47.7888
-846.028 -5938.13 299.952 40149 -47.7888
-846.343 -5937.87 299.96 40149 -47.7888
-846.659 -5937.54 299.969 40149 -42.7318
-847.013 -5937.16 299.979 40149 -42.711
-847.376 -5936.76 299.99 40149 -42.786
-847.736 -5936.37 300 40149 -42.7999
-848.094 -5935.99 300.011 40149 -43.4536
-848.456 -5935.61 300.021 40149 -42.2224
-848.81 -5935.22 300.032 40149 -39.4475
-849.147 -5934.81 300.042 40149 -38.4438
-849.476 -5934.39 300.053 40149 -39.4411
-849.812 -5933.98 300.063 40149 -42.2407
-850.172 -5933.59 300.074 40149 -43.4167
-850.528 -5933.21 300.084 40149 -43.4167
-850.857 -5932.85 300.094 40149 -43.4167
-851.173 -5932.5 300.103 40149 -43.4167
-851.495 -5932.14 300.113 40149 -43.6317
-851.846 -5931.77 300.123 40149 -45.9567
-852.217 -5931.41 300.133 40149 -47.7857
-852.588 -5931.07 300.143 40149 -47.7857
-852.96 -5930.74 300.153 40149 -47.7857
-853.329 -5930.4 300.163 40149 -47.7857
-853.699 -5930.07 300.173 40149 -47.7497
-854.07 -5929.73 300.183 40149 -47.7497
-854.439 -5929.39 300.193 40149 -47.7497
-854.806 -5929.06 300.202 40149 -47.7497
-855.175 -5928.73 300.212 40149 -48.4043
-855.561 -5928.38 300.223 40149 -47.7171
-855.962 -5928.02 300.233 40149 -46.2115
-856.371 -5927.63 300.244 40149 -45.6904
-856.785 -5927.22 300.255 40149 -45.599
-857.205 -5926.81 300.265 40149 -46.1879
-857.64 -5926.39 300.276 40149 -45.0951
-858.083 -5925.95 300.287 40149 -45.6765
-858.537 -5925.51 300.299 40149 -45.616
-858.984 -5925.07 300.31 40149 -45.6175
-859.422 -5924.64 300.321 40149 -46.1339
-859.873 -5924.21 300.332 40149 -45.1295
-860.336 -5923.75 300.344 40149 -45.5048
-860.811 -5923.28 300.356 40149 -45.7432
-861.279 -5922.83 300.368 40149 -46.2846
-861.732 -5922.39 300.379 40149 -44.9431
-862.161 -5921.96 300.39 40149 -41.1347
-862.564 -5921.5 300.401 40149 -37.5447
-862.949 -5921 300.412 40149 -36.8624
-863.336 -5920.48 300.424 40149 -37.538
-863.73 -5919.97 300.435 40149 -37.5107
-864.122 -5919.46 300.447 40149 -37.5291
-864.513 -5918.95 300.458 40149 -37.4917
-864.904 -5918.44 300.47 40149 -37.4806
-865.294 -5917.93 300.481 40149 -37.0114
-865.681 -5917.42 300.493 40149 -38.443
-866.087 -5916.91 300.505 40149 -40.6703
-866.518 -5916.41 300.516 40149 -42.798
-866.978 -5915.91 300.529 40149 -44.8407
-867.464 -5915.42 300.541 40149 -46.1135
-867.967 -5914.94 300.554 40149 -45.6393
-868.468 -5914.45 300.566 40149 -45.6154
-868.969 -5913.96 300.579 40149 0
