6.94953e-310 4.68503e-310 0 0 0
17.969 1591.6 0 0 0
17.973 1592.41 0 0 0
17.965 1593.25 0 0 0
17.906 1594.22 0 0 0
17.899 1595.32 0 0 0
17.922 1596.54 0 0 0
17.922 1597.91 0 0 0
17.885 1599.35 0 0 0
17.871 1600.8 0 0 0
17.817 1602.19 0 0 0
17.733 1603.44 0 0 0
17.616 1604.58 0 0 0
17.515 1605.59 0 0 0
17.506 1606.55 0 0 0
17.58 1607.49 0 0 0
17.632 1608.42 0 0 0
17.693 1609.35 0 0 0
17.756 1610.29 0 0 0
17.817 1611.22 0 0 0
17.87 1612.16 0 0 0
17.92 1613.1 0 0 0
17.971 1614.03 0 0 0
18.023 1614.97 0 0 0
18.074 1615.91 0 0 0
18.126 1616.84 0 0 0
18.177 1617.78 0 0 0
18.229 1618.71 0 0 0
18.28 1619.65 0 0 0
18.332 1620.58 0 0 0
18.389 1621.51 0 0 0
18.437 1622.46 0 0 0
18.448 1623.45 0 0 0
18.444 1624.49 0 0 0
18.402 1625.57 0 0 0
18.352 1626.66 0 0 0
18.307 1627.76 0 0 0
18.262 1628.85 0 0 0
18.218 1629.94 0 0 0
18.173 1631.03 0 0 0
18.128 1632.12 0 0 0
18.078 1633.2 0 0 0
18.033 1634.3 0 0 0
18.017 1635.46 0 0 0
18.039 1636.69 0 0 0
18.09 1637.98 0 0 0
18.146 1639.29 0 0 0
18.197 1640.6 0 0 0
18.248 1641.9 0 0 0
18.299 1643.19 0 0 0
18.35 1644.49 0 0 0
18.403 1645.8 0 0 0
18.454 1647.1 0 0 0
18.49 1648.39 0 0 0
18.505 1649.69 0 0 0
18.507 1650.99 0 0 0
18.505 1652.3 0 0 0
18.505 1653.6 0 0 0
18.506 1654.9 0 0 0
18.507 1656.19 0 0 0
18.508 1657.49 0 0 0
18.502 1658.78 0 0 0
18.509 1660.09 0 0 0
18.543 1661.45 0 0 0
18.588 1662.88 0 0 0
18.638 1664.3 0 0 0
18.66 1665.63 0 0 0
18.624 1666.86 0 0 0
18.624 1668.03 0 0 0
18.625 1669.17 0 0 0
18.626 1670.27 0 0 0
18.61 1671.38 0 0 0
18.589 1672.56 0 0 0
18.628 1673.82 0 0 0
18.642 1675.1 0 0 0
18.63 1676.32 0 0 0
18.592 1677.55 0 0 0
18.59 1678.87 0 0 0
18.632 1680.31 0 0 0
18.633 1681.81 0 0 0
18.634 1683.33 0 0 0
18.635 1684.83 0 0 0
18.636 1686.33 0 0 0
18.637 1687.81 0 0 0
18.638 1689.33 0 0 0
18.639 1690.92 0 0 0
18.636 1692.54 0 0 0
18.612 1694.13 0 0 0
18.589 1695.65 0 0 0
18.566 1697.13 0 0 0
18.543 1698.63 0 0 0
18.52 1700.13 0 0 0
18.496 1701.63 0 0 0
18.473 1703.13 0 0 0
18.449 1704.63 0 0 0
18.427 1706.13 0 0 0
18.404 1707.63 0 0 0
18.38 1709.13 0 0 0
18.357 1710.63 0 0 0
18.333 1712.13 0 0 0
18.31 1713.63 0 0 0
18.287 1715.13 0 0 0
18.264 1716.63 0 0 0
18.241 1718.13 0 0 0
18.217 1719.63 0 0 0
18.194 1721.13 0 0 0
18.171 1722.63 0 0 0
18.148 1724.13 0 0 0
18.124 1725.62 0 0 0
18.101 1727.11 0 0 0
18.078 1728.6 0 0 0
18.013 1730.16 0 0 0
17.989 1731.83 0 0 0
18.001 1733.6 0 0 0
17.973 1735.42 0 0 0
17.944 1737.27 0 0 0
17.898 1739.16 0 0 0
17.885 1741.11 0 0 0
17.853 1743.11 0 0 0
17.823 1745.12 0 0 0
17.791 1747.13 0 0 0
17.761 1749.12 0 0 0
17.73 1751.12 0 0 0
17.699 1753.12 0 0 0
17.667 1755.12 0 0 0
17.636 1757.12 0 0 0
17.605 1759.14 0 0 0
17.574 1761.12 0 0 0
17.544 1763.02 0 0 0
17.524 1764.88 0 0 0
17.533 1766.77 0 0 0
17.543 1768.75 0 0 0
17.552 1770.77 0 0 0
17.562 1772.77 0 0 0
17.571 1774.77 0 0 0
17.581 1776.77 0 0 0
17.59 1778.77 0 0 0
17.6 1780.77 0 0 0
17.609 1782.77 0 0 0
17.618 1784.77 0 0 0
17.627 1786.77 0 0 0
17.637 1788.77 0 0 0
17.647 1790.77 0 0 0
17.656 1792.77 0 0 0
17.666 1794.77 0 0 0
17.675 1796.77 0 0 0
17.685 1798.77 0 0 0
17.694 1800.77 0 0 0
17.704 1802.77 0 0 0
17.713 1804.77 0 0 0
17.723 1806.75 0 0 0
17.733 1808.75 0 0 0
17.726 1810.8 0 0 0
17.753 1812.93 0 0 0
17.762 1815.09 0 0 0
17.772 1817.2 0 0 0
17.766 1819.31 0 0 0
17.729 1821.48 0 0 0
17.762 1823.8 0 0 0
17.815 1826.24 0 0 0
17.827 1828.75 0 0 0
17.839 1831.27 0 0 0
17.85 1833.76 0 0 0
17.863 1836.27 0 0 0
17.875 1838.8 0 0 0
17.87 1841.35 0 0 0
17.866 1843.89 0 0 0
17.861 1846.39 0 0 0
17.856 1848.89 0 0 0
17.851 1851.39 0 0 0
17.847 1853.89 0 0 0
17.841 1856.39 0 0 0
17.836 1858.89 0 0 0
17.832 1861.39 0 0 0
17.826 1863.9 0 0 0
17.822 1866.4 0 0 0
17.833 1868.85 0 0 0
17.842 1871.23 0 0 0
17.777 1873.58 0 0 0
17.617 1875.94 0 0 0
17.45 1878.37 0 0 0
17.303 1880.86 0 0 0
17.26 1883.38 0 0 0
17.284 1885.89 0 0 0
17.28 1888.39 0 0 0
17.274 1890.89 0 0 0
17.269 1893.39 0 0 0
17.265 1895.89 0 0 0
17.259 1898.39 0 0 0
17.255 1900.88 0 0 0
17.245 1903.38 0 0 0
17.241 1905.89 0 0 0
17.26 1908.39 0 0 0
17.313 1910.91 0 0 0
17.391 1913.43 0 0 0
17.473 1915.96 0 0 0
17.534 1918.49 0 0 0
17.627 1921.01 0 0 0
17.788 1923.54 0 0 0
17.974 1926.08 0 0 0
18.135 1928.61 0 0 0
18.238 1931.07 0 0 0
18.348 1933.45 0 0 0
18.39 1935.71 0 0 0
18.396 1937.88 0 0 0
18.315 1939.95 0 0 0
18.242 1941.94 0 0 0
18.18 1943.93 0 0 0
18.116 1945.93 0 0 0
18.072 1947.89 0 0 0
18.014 1949.76 0 0 0
17.94 1951.54 0 0 0
17.887 1953.3 0 0 0
17.831 1955.07 0 0 0
17.774 1956.89 0 0 0
17.687 1958.74 0 0 0
17.668 1960.59 0 0 0
17.765 1962.42 0 0 0
17.894 1964.22 0 0 0
17.991 1965.95 0 0 0
17.969 1967.62 0 0 0
17.887 1969.28 0 0 0
17.877 1970.88 0 0 0
17.805 1972.38 0 0 0
17.706 1973.78 0 0 0
17.646 1975.2 0 0 0
17.639 1976.72 0 0 0
17.717 1978.38 0 0 0
17.795 1980.11 0 0 0
17.861 1981.84 0 0 0
17.926 1983.57 0 0 0
17.991 1985.28 0 0 0
-858.656 -5917.54 300.403 40148 -50.7145
-859.359 -5916.96 300.42 40148 -51.8133
-860.085 -5916.39 300.436 40148 -51.2575
-860.832 -5915.79 300.453 40148 -49.1188
-861.588 -5915.14 300.471 40148 -47.972
-862.362 -5914.44 300.49 40148 -46.3492
-863.145 -5913.69 300.51 40148 -45.4343
-863.949 -5912.9 300.53 40148 -45.373
-864.766 -5912.1 300.551 40148 -45.3649
-865.587 -5911.28 300.572 40148 -45.9651
-866.377 -5910.52 300.592 40148 -45.6979
-867.128 -5909.79 300.611 40148 -46.0726
-867.856 -5909.09 300.629 40148 -44.2888
-868.604 -5908.32 300.649 40148 -44.5502
-869.38 -5907.53 300.669 40148 -44.5267
-870.203 -5906.7 300.69 40148 -44.3297
-871.016 -5905.86 300.711 40148 -42.387
-871.797 -5905.01 300.73 40148 -42.3701
-872.578 -5904.15 300.749 40148 -42.3866
-873.36 -5903.29 300.768 40148 -42.3536
-874.14 -5902.44 300.787 40148 -42.3865
-874.922 -5901.58 300.806 40148 -42.3867
-875.703 -5900.73 300.825 40148 -42.3698
-876.484 -5899.87 300.845 40148 -42.3868
-877.265 -5899.01 300.864 40148 -42.8486
-878.053 -5898.16 300.883 40148 -41.7935
-878.826 -5897.3 300.902 40148 -40
-879.572 -5896.41 300.921 40148 -39.1151
-880.305 -5895.51 300.94 40148 -39.9996
-881.051 -5894.62 300.959 40148 -41.7935
-881.823 -5893.76 300.978 40148 -42.8646
-882.612 -5892.91 300.997 40148 -42.3703
-883.393 -5892.05 301.017 40148 -42.3642
-884.181 -5891.19 301.036 40148 -42.3921
-884.956 -5890.34 301.055 40148 -42.4184
-885.703 -5889.52 301.073 40148 -42.1314
-886.436 -5888.71 301.091 40148 -41.6946
-887.173 -5887.88 301.109 40148 -41.6946
-887.938 -5887.02 301.128 40148 -40.5559
-888.698 -5886.14 301.147 40148 -39.5348
-889.436 -5885.24 301.164 40148 -39.5183
-890.174 -5884.35 301.182 40148 -39.5183
-890.911 -5883.45 301.199 40148 -39.5348
-891.65 -5882.56 301.217 40148 -39.5019
-892.39 -5881.66 301.234 40148 -39.5348
-893.128 -5880.77 301.252 40148 -39.2339
-893.85 -5879.88 301.269 40148 -39.8093
-894.564 -5879.02 301.286 40148 -39.5183
-895.27 -5878.17 301.302 40148 -39.5183
-895.985 -5877.3 301.319 40148 -39.2815
-896.699 -5876.43 301.336 40148 -38.7555
-897.389 -5875.57 301.353 40148 -39.9525
-898.067 -5874.76 301.369 40148 -40.3527
-898.719 -5873.99 301.384 40148 -39.576
-899.352 -5873.23 301.399 40148 -39.5568
-899.985 -5872.46 301.414 40148 -39.5568
18.354 2100.5 0 0 -39.5568
18.331 2103.15 0 0 -39.5568
18.378 2105.92 0 0 -39.5568
18.395 2108.83 0 0 -39.5568
18.395 2111.71 0 0 -39.5568
18.394 2114.56 0 0 -39.5568
18.378 2117.43 0 0 -39.5568
18.394 2120.37 0 0 -39.5568
18.395 2123.38 0 0 -39.5568
18.394 2126.39 0 0 -39.5568
18.394 2129.39 0 0 -39.5568
18.394 2132.39 0 0 0
