-780.546 -5993.03 298.217 30149 -51.8576
-780.546 -5993.03 298.217 30149 -51.8576
-780.546 -5993.03 298.217 30149 -51.8576
-780.546 -5993.03 298.217 30149 -51.8576
-780.546 -5993.03 298.217 30149 -51.8576
-780.546 -5993.03 298.217 30149 -51.8576
-780.546 -5993.03 298.217 30149 -51.8576
-780.546 -5993.03 298.217 30149 -51.8576
-780.546 -5993.03 298.217 30149 -51.8576
-780.546 -5993.03 298.217 30149 -51.8576
-780.546 -5993.03 298.217 30149 -51.8576
-780.546 -5993.03 298.217 30149 -51.8576
-780.546 -5993.03 298.217 30149 -51.8576
-780.546 -5993.03 298.217 30149 -51.8576
-780.546 -5993.03 298.217 30149 -51.8576
-780.546 -5993.03 298.217 30149 -51.8576
-780.546 -5993.03 298.217 30149 -51.8576
-780.546 -5993.03 298.217 30149 -51.8576
-780.546 -5993.03 298.217 30149 -51.8576
-780.546 -5993.03 298.217 30149 -51.8576
-780.546 -5993.03 298.217 30149 -51.8576
-780.546 -5993.03 298.217 30149 -51.8576
-780.546 -5993.03 298.217 30149 -51.8576
-780.546 -5993.03 298.217 30149 -51.8576
-780.546 -5993.03 298.217 30149 -51.8576
-780.546 -5993.03 298.217 30149 -51.8576
-780.546 -5993.03 298.217 30149 -51.8576
-780.546 -5993.03 298.217 30149 -51.8576
-780.546 -5993.03 298.217 30149 -51.8576
-780.546 -5993.03 298.217 30149 -51.8576
-780.546 -5993.03 298.217 30149 -51.8576
-780.546 -5993.03 298.217 30149 -51.8576
-780.546 -5993.03 298.217 30149 -51.8576
-780.546 -5993.03 298.217 30149 -51.8576
-780.546 -5993.03 298.217 30149 -51.8576
-780.546 -5993.03 298.217 30149 -51.8576
-780.546 -5993.03 298.217 30149 -51.8576
-780.546 -5993.03 298.217 30149 -51.8576
-780.546 -5993.03 298.217 30149 -51.8576
-780.546 -5993.03 298.217 30149 -51.8576
-780.546 -5993.03 298.217 30149 -51.8576
-780.546 -5993.03 298.217 30149 -51.8576
-780.546 -5993.03 298.217 30149 -51.8576
-780.546 -5993.03 298.217 30149 -51.8576
-780.546 -5993.03 298.217 30149 -51.8576
-780.546 -5993.03 298.217 30149 -51.8576
-780.546 -5993.03 298.217 30149 -51.8576
-780.546 -5993.03 298.217 30149 -51.8576
-780.546 -5993.03 298.217 30149 -51.8576
-780.546 -5993.03 298.217 30149 -51.8576
-780.546 -5993.03 298.217 30149 -51.8576
-780.546 -5993.03 298.217 30149 -51.8576
-780.546 -5993.03 298.217 30149 -51.8576
-780.546 -5993.03 298.217 30149 -51.8576
-780.546 -5993.03 298.217 30149 -51.8576
-780.546 -5993.03 298.217 30149 -51.8576
-780.546 -5993.03 298.217 30149 -51.8576
-780.546 -5993.03 298.217 30149 -51.8576
-780.546 -5993.03 298.217 30149 -51.8576
-780.546 -5993.03 298.217 30149 -51.8576
-780.546 -5993.03 298.217 30149 -51.8576
-780.546 -5993.03 298.217 30149 -51.8576
-780.546 -5993.03 298.217 30149 -51.8576
-780.546 -5993.03 298.217 30149 -51.8576
-780.546 -5993.03 298.217 30149 -51.8576
-780.546 -5993.03 298.217 30149 -51.8576
-780.546 -5993.03 298.217 30149 -51.8576
-780.546 -5993.03 298.217 30149 -51.8576
-780.546 -5993.03 298.217 30149 -51.8576
-780.546 -5993.03 298.217 30149 -51.8576
-780.546 -5993.03 298.217 30149 -51.8576
-780.546 -5993.03 298.217 30149 -51.8576
-780.546 -5993.03 298.217 30149 -51.8576
-780.546 -5993.03 298.217 30149 -51.8576
-780.546 -5993.03 298.217 30149 -51.8576
-780.546 -5993.03 298.217 30149 -51.8576
-780.546 -5993.03 298.217 30149 -51.8576
-780.546 -5993.03 298.217 30149 -51.8576
-780.546 -5993.03 298.217 30149 -51.8576
-780.546 -5993.03 298.217 30149 -51.8576
-780.546 -5993.03 298.217 30149 -51.8576
-780.546 -5993.03 298.217 30149 -51.8576
-780.546 -5993.03 298.217 30149 -51.8576
-780.546 -5993.03 298.217 30149 -51.8576
-780.546 -5993.03 298.217 30149 -51.8576
-780.558 -5993.04 298.217 30149 -51.8576
-780.61 -5993.01 298.218 30149 -51.8576
-780.683 -5992.94 298.22 30149 -51.8576
-780.791 -5992.84 298.223 30149 -51.8576
-780.925 -5992.74 298.227 30149 -51.8576
-781.061 -5992.63 298.23 30149 -51.8576
-781.195 -5992.53 298.234 30149 -51.8576
-781.325 -5992.43 298.237 30149 -51.8576
-781.452 -5992.33 298.24 30149 -51.8576
-781.582 -5992.23 298.244 30149 -51.8576
-781.737 -5992.13 298.248 30149 -51.8576
-781.924 -5991.99 298.252 30149 -51.8576
-782.132 -5991.82 298.258 30149 -51.8576
-782.373 -5991.62 298.265 30149 -51.8576
-782.637 -5991.41 298.271 30149 -51.8576
-782.906 -5991.2 298.278 30149 -51.8576
-783.171 -5991 298.285 30149 -51.8576
-783.432 -5990.8 298.292 30149 -51.8576
-783.691 -5990.6 298.299 30149 -51.8576
-783.953 -5990.39 298.306 30149 -51.8576
-784.24 -5990.19 298.313 30149 -51.8576
-784.559 -5989.95 298.321 30149 -51.8576
-784.899 -5989.68 298.33 30149 -51.8576
-785.271 -5989.37 298.34 30149 -52.2268
-785.667 -5989.07 298.351 30149 -52.3029
-786.067 -5988.76 298.361 30149 -52.2648
-786.463 -5988.45 298.371 30149 -52.2648
-786.858 -5988.15 298.382 30149 -52.2648
-787.253 -5987.84 298.392 30149 -52.2648
-787.648 -5987.53 298.402 30149 -52.2648
-788.044 -5987.23 298.413 30149 -52.2648
-788.439 -5986.92 298.423 30149 -52.2648
-788.834 -5986.62 298.433 30149 -52.2648
-789.23 -5986.31 298.444 30149 -52.2648
-789.624 -5986.01 298.454 30149 -52.2648
-790.006 -5985.71 298.464 30149 -52.2294
-790.417 -5985.39 298.475 30149 -53.684
-790.874 -5985.06 298.487 30149 -52.9535
-791.366 -5984.68 298.499 30149 -51.9754
-791.871 -5984.29 298.513 30149 -53.1991
-792.366 -5983.92 298.525 30149 -53.1849
-792.851 -5983.56 298.538 30149 -53.6669
-793.359 -5983.18 298.551 30149 -52.7147
-793.876 -5982.79 298.564 30149 -53.2191
-794.41 -5982.39 298.578 30149 -53.1843
-794.948 -5981.99 298.592 30149 -53.1887
-795.483 -5981.59 298.606 30149 -53.1913
-796.016 -5981.19 298.62 30149 -53.1904
-796.55 -5980.79 298.633 30149 -53.1618
-797.084 -5980.39 298.647 30149 -52.3306
-797.612 -5979.98 298.661 30149 -51.0549
-798.13 -5979.56 298.674 30149 -51.0553
-798.649 -5979.14 298.688 30149 -51.0549
-799.167 -5978.72 298.702 30149 -51.0548
-799.686 -5978.3 298.715 30149 -51.0548
-800.204 -5977.89 298.729 30149 -51.0548
-800.723 -5977.47 298.742 30149 -51.0839
-801.241 -5977.05 298.756 30149 -51.0266
-801.759 -5976.63 298.77 30149 -51.0834
-802.278 -5976.21 298.783 30149 -51.0261
-802.797 -5975.79 298.797 30149 -51.0834
-803.315 -5975.37 298.811 30149 -51.0261
-803.834 -5974.95 298.824 30149 -51.0547
-804.352 -5974.53 298.838 30149 -51.0551
-804.871 -5974.11 298.851 30149 -51.0547
-805.389 -5973.7 298.865 30149 -51.0547
-805.908 -5973.28 298.879 30149 -51.0547
-806.427 -5972.86 298.892 30149 -51.0551
-806.945 -5972.44 298.906 30149 -51.0546
-807.464 -5972.02 298.919 30149 -51.0546
-807.982 -5971.6 298.933 30149 -51.0389
-808.51 -5971.17 298.947 30149 -51.0995
-809.02 -5970.76 298.96 30149 -51.115
-809.491 -5970.38 298.973 30149 -50.787
-809.944 -5970.01 298.985 30149 -49.8506
-810.405 -5969.62 298.997 30149 -49.9044
-810.906 -5969.2 299.01 30149 -49.8856
-811.425 -5968.76 299.024 30149 -49.8804
-811.935 -5968.33 299.038 30149 -49.9089
-812.444 -5967.91 299.051 30149 -49.8804
-812.954 -5967.48 299.065 30149 -49.909
-813.463 -5967.05 299.078 30149 -49.8805
-813.973 -5966.62 299.092 30149 -49.909
-814.483 -5966.19 299.106 30149 -49.8804
-814.992 -5965.76 299.119 30149 -49.909
-815.502 -5965.33 299.133 30149 -49.8804
-816.012 -5964.9 299.146 30149 -49.8802
-816.521 -5964.47 299.16 30149 -49.9377
-817.031 -5964.04 299.174 30149 -49.8804
-817.54 -5963.61 299.187 30149 -49.909
-818.05 -5963.18 299.201 30149 -48.265
-818.547 -5962.74 299.214 30149 -47.4601
-819.038 -5962.29 299.228 30149 -47.4314
-819.529 -5961.84 299.241 30149 -47.4601
-820.02 -5961.39 299.254 30149 -47.4314
-820.511 -5960.94 299.268 30149 -47.4601
-821.002 -5960.49 299.281 30149 -47.4314
-821.493 -5960.04 299.294 30149 -47.4601
-821.984 -5959.59 299.308 30149 -47.4314
-822.474 -5959.14 299.321 30149 -47.4601
-822.965 -5958.68 299.335 30149 -47.4314
-823.456 -5958.23 299.348 30149 -47.46
-823.947 -5957.78 299.361 30149 -47.4606
-824.439 -5957.33 299.375 30149 -47.4337
-824.934 -5956.88 299.388 30149 -47.461
-825.426 -5956.43 299.401 30149 -46.2153
-825.894 -5955.98 299.414 30149 -46.7353
-826.333 -5955.56 299.427 30149 -48.2262
-826.753 -5955.19 299.438 30149 -48.9336
-827.144 -5954.85 299.448 30149 -48.9336
-827.507 -5954.51 299.458 30149 -48.9336
-827.876 -5954.18 299.468 30149 -47.4633
-828.262 -5953.82 299.479 30149 -47.6459
-828.654 -5953.47 299.489 30149 -47.6459
-829.009 -5953.13 299.499 30149 -47.6459
-829.332 -5952.82 299.508 30149 -47.6459
-829.634 -5952.56 299.516 30149 -47.6459
-829.904 -5952.33 299.523 30149 -47.6459
-830.149 -5952.11 299.53 30149 -47.6459
-830.392 -5951.89 299.536 30149 -47.6459
-830.638 -5951.67 299.543 30149 -47.6459
-830.885 -5951.44 299.55 30149 -47.6459
-831.132 -5951.22 299.556 30149 -47.6459
-831.379 -5951 299.563 30149 -47.6459
-831.626 -5950.77 299.57 30149 -47.6459
-831.873 -5950.55 299.576 30149 -47.6459
-832.12 -5950.33 299.583 30149 -47.6459
-832.367 -5950.1 299.59 30149 -47.6459
-832.614 -5949.88 299.596 30149 -47.6459
-832.86 -5949.65 299.603 30149 -47.6459
-833.108 -5949.43 299.61 30149 -47.6459
-833.359 -5949.2 299.617 30149 -47.6459
-833.606 -5948.98 299.623 30149 -47.6459
-833.839 -5948.76 299.63 30149 -47.6459
-834.057 -5948.56 299.636 30149 -47.6459
-834.253 -5948.39 299.641 30149 -47.6459
-834.428 -5948.23 299.646 30149 -47.6459
-834.58 -5948.09 299.65 30149 -47.6459
-834.718 -5947.97 299.653 30149 -47.6459
-834.84 -5947.86 299.657 30149 -47.6459
-834.961 -5947.75 299.66 30149 -47.6459
-835.083 -5947.64 299.663 30149 -47.6459
-835.207 -5947.53 299.667 30149 -47.6459
-835.33 -5947.42 299.67 30149 -47.6459
-835.454 -5947.31 299.673 30149 -47.6459
-835.577 -5947.19 299.677 30149 -47.6459
-835.701 -5947.08 299.68 30149 -47.6459
-835.824 -5946.97 299.683 30149 -47.6459
-835.948 -5946.86 299.687 30149 -47.6459
-836.071 -5946.75 299.69 30149 -47.6459
-836.195 -5946.63 299.693 30149 -47.6459
-836.318 -5946.52 299.697 30149 -47.6459
-836.442 -5946.41 299.7 30149 -47.6459
-836.565 -5946.3 299.703 30149 -47.6459
-836.685 -5946.19 299.707 30149 -47.6459
-836.807 -5946.08 299.71 30149 -47.6459
-836.945 -5945.96 299.714 30149 -47.6459
-837.097 -5945.82 299.718 30149 -47.6459
-837.293 -5945.69 299.722 40149 -47.6459
-837.483 -5945.5 299.728 40149 -47.6459
-837.695 -5945.3 299.733 40149 -47.6459
-837.921 -5945.07 299.74 40149 -47.6459
-838.162 -5944.84 299.746 40149 -47.6459
-838.405 -5944.61 299.753 40149 -47.6459
-838.641 -5944.38 299.76 40149 -47.6459
-838.879 -5944.15 299.766 40149 -47.6459
-839.142 -5943.92 299.773 40149 -47.6459
-839.433 -5943.65 299.781 40149 -47.6459
-839.741 -5943.34 299.79 40149 -47.6459
-840.079 -5943 299.799 40149 -46.0709
-840.44 -5942.65 299.809 40149 -46.0701
-840.804 -5942.3 299.819 40149 -46.071
-841.165 -5941.95 299.829 40149 -46.071
-841.525 -5941.6 299.839 40149 -46.071
-841.884 -5941.26 299.849 40149 -46.071
-842.244 -5940.91 299.859 40149 -46.071
-842.604 -5940.56 299.869 40149 -46.071
-842.964 -5940.22 299.879 40149 -46.071
-843.324 -5939.87 299.889 40149 -46.071
-843.684 -5939.52 299.899 40149 -46.0331
-844.044 -5939.17 299.909 40149 -46.0331
-844.403 -5938.83 299.919 40149 -46.0331
-844.759 -5938.49 299.929 40149 -46.0331
-845.117 -5938.14 299.938 40149 -47.103
-845.496 -5937.79 299.949 40149 -45.0395
-845.893 -5937.39 299.96 40149 -43.735
-846.309 -5936.96 299.972 40149 -42.2153
-846.745 -5936.48 299.985 40149 -42.9242
-847.2 -5935.99 299.998 40149 -43.5622
-847.662 -5935.5 300.011 40149 -42.6551
-848.113 -5935.02 300.025 40149 -40.6972
-848.547 -5934.51 300.038 40149 -39.9596
-848.975 -5934 300.051 40149 -40.7937
-849.415 -5933.49 300.064 40149 -42.579
-849.859 -5933.01 300.077 40149 -43.4011
-850.285 -5932.56 300.09 40149 -42.4613
-850.695 -5932.11 300.102 40149 -42.083
-851.112 -5931.65 300.114 40149 -42.3164
-851.557 -5931.16 300.127 40149 -42.0883
-852.01 -5930.66 300.141 40149 -41.6664
-852.44 -5930.17 300.153 40149 -44.1202
-852.86 -5929.74 300.165 40149 -45.8227
-853.268 -5929.34 300.177 40149 -49.3344
-853.702 -5928.97 300.188 40149 -47.9157
-854.15 -5928.57 300.2 40149 -46.5202
-854.618 -5928.12 300.213 40149 -47.789
-855.112 -5927.67 300.226 40149 -47.7062
-855.608 -5927.22 300.24 40149 -45.643
-856.086 -5926.75 300.252 40149 -45.6116
-856.565 -5926.29 300.264 40149 -45.482
-857.038 -5925.82 300.276 40149 -46.057
-857.504 -5925.37 300.287 40149 -46.6513
-857.964 -5924.94 300.299 40149 -46.0773
-858.426 -5924.49 300.31 40149 -44.2934
-858.9 -5924.01 300.323 40149 0
