-673.07 -6061.7 295.558 30148 -57.7436
-673.411 -6061.49 295.566 30148 -57.7436
-673.775 -6061.26 295.575 30148 -57.7436
-674.162 -6061.02 295.584 30148 -57.7436
-674.57 -6060.76 295.594 30148 -57.9387
-674.999 -6060.49 295.605 30148 -58.0461
-675.451 -6060.21 295.616 30148 -56.8149
-675.92 -6059.9 295.627 30148 -56.7595
-676.408 -6059.58 295.639 30148 -56.8122
-676.905 -6059.26 295.652 30148 -56.9099
-677.402 -6058.93 295.664 30148 -56.8718
-677.897 -6058.61 295.676 30148 -57.032
-678.392 -6058.29 295.688 30148 -57.0006
-678.887 -6057.97 295.701 30148 -57.0006
-679.382 -6057.64 295.713 30148 -56.9029
-679.877 -6057.32 295.725 30148 -56.9035
-680.371 -6057 295.737 30148 -56.8705
-680.865 -6056.68 295.749 30148 -56.8982
-681.358 -6056.36 295.762 30148 -56.8343
-681.85 -6056.04 295.774 30148 -57.1056
-682.35 -6055.71 295.786 30148 -57.5972
-682.87 -6055.38 295.799 30148 -57.3117
-683.408 -6055.04 295.812 30148 -57.7937
-683.965 -6054.69 295.826 30148 -57.9959
-684.531 -6054.33 295.839 30148 -57.9673
-685.097 -6053.98 295.853 30148 -57.8944
-685.66 -6053.62 295.867 30148 -57.5359
-686.221 -6053.27 295.881 30148 -57.4978
-686.782 -6052.91 295.895 30148 -57.4978
-687.342 -6052.55 295.909 30148 -57.5265
-687.903 -6052.2 295.922 30148 -57.5265
-688.464 -6051.84 295.936 30148 -57.4978
-689.024 -6051.48 295.95 30148 -57.4978
-689.585 -6051.13 295.964 30148 -57.4978
-690.146 -6050.77 295.978 30148 -57.4978
-690.706 -6050.41 295.992 30148 -57.4978
-691.267 -6050.05 296.006 30148 -57.5265
-691.828 -6049.7 296.019 30148 -57.4978
-692.388 -6049.34 296.033 30148 -57.5265
-692.949 -6048.98 296.047 30148 -57.4978
-693.512 -6048.62 296.061 30148 -57.4978
-694.07 -6048.27 296.075 30148 -57.4978
-694.619 -6047.92 296.088 30148 -57.4386
-695.163 -6047.57 296.102 30148 -57.3216
-695.71 -6047.22 296.115 30148 -57.2957
-696.267 -6046.86 296.129 30148 -57.2975
-696.829 -6046.5 296.143 30148 -57.3254
-697.388 -6046.14 296.157 30148 -57.2966
-697.947 -6045.78 296.171 30148 -57.2966
-698.506 -6045.43 296.185 30148 -57.2966
-699.066 -6045.07 296.199 30148 -57.3541
-699.625 -6044.71 296.212 30148 -57.2966
-700.184 -6044.35 296.226 30148 -57.2966
-700.744 -6043.99 296.24 30148 -57.2966
-701.303 -6043.63 296.254 30148 -57.2964
-701.861 -6043.27 296.268 30148 -57.3258
-702.422 -6042.91 296.282 30148 -57.2982
-702.986 -6042.55 296.296 30148 -57.2973
-703.547 -6042.19 296.31 30148 -56.1069
-704.083 -6041.83 296.323 30148 -56.575
-704.584 -6041.5 296.336 30148 -58.1086
-705.062 -6041.2 296.347 30148 -58.7905
-705.504 -6040.93 296.358 30148 -58.7905
-705.922 -6040.67 296.368 30148 -58.7905
-706.342 -6040.4 296.379 30148 -58.7905
-706.762 -6040.13 296.389 30148 -58.7905
-707.159 -6039.86 296.399 30148 -58.7905
-707.52 -6039.62 296.408 30148 -58.7905
-707.857 -6039.41 296.417 30148 -58.7905
-708.161 -6039.23 296.424 30148 -58.7905
-708.441 -6039.04 296.431 30148 -58.7905
-708.716 -6038.86 296.438 30148 -58.7905
-708.969 -6038.68 296.444 30148 -58.7905
-709.189 -6038.52 296.45 30148 -58.7905
-709.385 -6038.4 296.455 30148 -58.7905
-709.546 -6038.31 296.459 30148 -58.7905
-709.684 -6038.22 296.462 30148 -58.7905
-709.822 -6038.13 296.466 30148 -58.7905
-709.962 -6038.04 296.469 30148 -58.7905
-710.077 -6037.95 296.472 30148 -58.7905
-710.159 -6037.88 296.474 30148 -58.7905
-710.216 -6037.85 296.476 30148 -58.7905
-710.242 -6037.85 296.476 30148 -58.7905
-710.243 -6037.85 296.476 30148 -58.7905
-710.243 -6037.85 296.476 30148 -58.7905
-710.243 -6037.85 296.476 30148 -58.7905
-710.243 -6037.85 296.476 30148 -58.7905
-710.243 -6037.85 296.476 30148 -58.7905
-710.243 -6037.85 296.476 30148 -58.7905
-710.243 -6037.85 296.476 30148 -58.7905
-710.243 -6037.85 296.476 30148 -58.7905
-710.242 -6037.85 296.476 30148 -58.7905
-710.243 -6037.85 296.476 30148 -58.7905
-710.25 -6037.86 296.476 30148 -58.7905
-710.274 -6037.86 296.477 30148 -58.7905
-710.311 -6037.85 296.477 30148 -58.7905
-710.353 -6037.83 296.478 30148 -58.7905
-710.396 -6037.8 296.479 30148 -58.7905
-710.438 -6037.77 296.481 30148 -58.7905
-710.48 -6037.74 296.482 30148 -58.7905
-710.521 -6037.71 296.483 30148 -58.7905
-710.563 -6037.68 296.484 30148 -58.7905
-710.604 -6037.66 296.485 30148 -58.7905
-710.646 -6037.63 296.486 30148 -58.7905
-710.688 -6037.6 296.487 30148 -58.7905
-710.729 -6037.57 296.488 30148 -58.7905
-710.771 -6037.55 296.489 30148 -58.7905
-710.812 -6037.52 296.49 30148 -58.7905
-710.854 -6037.49 296.491 30148 -58.7905
-710.895 -6037.46 296.492 30148 -58.7905
-710.937 -6037.44 296.493 30148 -58.7905
-710.98 -6037.41 296.494 30148 -58.7905
-711.024 -6037.38 296.495 30148 -58.7905
-711.062 -6037.35 296.496 30148 -58.7905
-711.088 -6037.34 296.497 30148 -58.7905
-711.099 -6037.33 296.497 30148 -58.7905
-711.101 -6037.33 296.497 30148 -58.7905
-711.101 -6037.33 296.497 30148 -58.7905
-711.101 -6037.33 296.497 30148 -58.7905
-711.101 -6037.33 296.497 30148 -58.7905
-711.101 -6037.33 296.497 30148 -58.7905
-711.101 -6037.33 296.497 30148 -58.7905
-711.101 -6037.33 296.497 30148 -58.7905
-711.101 -6037.33 296.497 30148 -58.7905
-711.101 -6037.33 296.497 30148 -58.7905
-711.101 -6037.33 296.497 30148 -58.7905
-711.101 -6037.33 296.497 30148 -58.7905
-711.101 -6037.33 296.497 30148 -58.7905
-711.101 -6037.33 296.497 30148 -58.7905
-711.101 -6037.33 296.497 30148 -58.7905
-711.101 -6037.33 296.497 30148 -58.7905
-711.101 -6037.33 296.497 30148 -58.7905
-711.101 -6037.33 296.497 30148 -58.7905
-711.101 -6037.33 296.497 30148 -58.7905
-711.101 -6037.33 296.497 30148 -58.7905
-711.101 -6037.33 296.497 30148 -58.7905
-711.101 -6037.33 296.497 30148 -58.7905
-711.101 -6037.33 296.497 30148 -58.7905
-711.101 -6037.33 296.497 30148 -58.7905
-711.101 -6037.33 296.497 30148 -58.7905
-711.101 -6037.33 296.497 30148 -58.7905
-711.101 -6037.33 296.497 30148 -58.7905
-711.101 -6037.33 296.497 30148 -58.7905
-711.101 -6037.33 296.497 30148 -58.7905
-711.101 -6037.33 296.497 30148 -58.7905
-711.101 -6037.33 296.497 30148 -58.7905
-711.101 -6037.33 296.497 30148 -58.7905
-711.101 -6037.33 296.497 30148 -58.7905
-711.101 -6037.33 296.497 30148 -58.7905
-711.101 -6037.33 296.497 30148 -58.7905
-711.101 -6037.33 296.497 30148 -58.7905
-711.101 -6037.33 296.497 30148 -58.7905
-711.103 -6037.33 296.497 30148 -58.7905
-711.102 -6037.33 296.497 30148 -58.7905
-711.095 -6037.32 296.497 30148 -58.7905
-711.086 -6037.31 296.497 30148 -58.7905
-711.079 -6037.3 296.497 30148 -58.7905
-711.078 -6037.3 296.497 30148 -58.7905
-711.079 -6037.3 296.497 30148 -58.7905
-711.079 -6037.3 296.497 30148 -58.7905
-711.079 -6037.3 296.497 30148 -58.7905
-711.079 -6037.3 296.497 30148 -58.7905
-711.079 -6037.3 296.497 30148 -58.7905
-711.079 -6037.3 296.497 30148 -58.7905
-711.079 -6037.3 296.497 30148 -58.7905
-711.079 -6037.3 296.497 30148 -58.7905
-711.079 -6037.3 296.497 30148 -58.7905
-711.079 -6037.3 296.497 30148 -58.7905
-711.079 -6037.3 296.497 30148 -58.7905
-711.079 -6037.3 296.497 30148 -58.7905
-711.079 -6037.3 296.497 30148 -58.7905
-711.079 -6037.3 296.497 30148 -58.7905
-711.079 -6037.3 296.497 30148 -58.7905
-711.079 -6037.3 296.497 30148 -58.7905
-711.079 -6037.3 296.497 30148 -58.7905
-711.079 -6037.3 296.497 30148 -58.7905
-711.079 -6037.3 296.497 30148 -58.7905
-711.079 -6037.3 296.497 30148 -58.7905
-711.079 -6037.3 296.497 30148 -58.7905
-711.079 -6037.3 296.497 30148 -58.7905
-711.079 -6037.3 296.497 30148 -58.7905
-711.079 -6037.3 296.497 30148 -58.7905
-711.079 -6037.3 296.497 30148 -58.7905
-711.079 -6037.3 296.497 30148 -58.7905
-711.079 -6037.3 296.497 30148 -58.7905
-711.079 -6037.3 296.497 30148 -58.7905
-711.079 -6037.3 296.497 30148 -58.7905
-711.079 -6037.3 296.497 30148 -58.7905
-711.079 -6037.3 296.497 30148 -58.7905
-711.079 -6037.3 296.497 30148 -58.7905
-711.079 -6037.3 296.497 30148 -58.7905
-711.083 -6037.31 296.497 30148 -58.7905
-711.079 -6037.3 296.497 30148 -58.7905
-711.079 -6037.3 296.497 30148 -58.7905
-711.079 -6037.3 296.497 30148 -58.7905
-711.082 -6037.3 296.497 30148 -58.7905
-711.092 -6037.32 296.497 30148 -58.7905
-711.128 -6037.28 296.498 30148 -58.7905
-711.201 -6037.22 296.5 30148 -58.7905
-711.33 -6037.13 296.503 30148 -58.7905
-711.478 -6037.04 296.507 30148 -58.7905
-711.618 -6036.94 296.511 30148 -58.7905
-711.757 -6036.85 296.514 30148 -58.7905
-711.895 -6036.76 296.518 30148 -58.7905
-712.034 -6036.67 296.521 30148 -58.7905
-712.172 -6036.58 296.525 30148 -58.7905
-712.311 -6036.48 296.528 30148 -58.7905
-712.449 -6036.39 296.532 30148 -58.7905
-712.588 -6036.3 296.535 30148 -58.7905
-712.726 -6036.21 296.538 30148 -58.7905
-712.865 -6036.12 296.542 30148 -58.7905
-713.004 -6036.03 296.545 30148 -58.7905
-713.142 -6035.94 296.549 30148 -58.7905
-713.281 -6035.84 296.552 30148 -58.7905
-713.424 -6035.75 296.556 30148 -58.7905
-713.562 -6035.66 296.559 30148 -58.7905
-713.683 -6035.57 296.563 30148 -58.7905
-713.794 -6035.5 296.565 30148 -58.7905
-713.891 -6035.44 296.568 30148 -58.7905
-713.981 -6035.38 296.57 30148 -58.7905
-714.048 -6035.32 296.572 30148 -58.7905
-714.094 -6035.29 296.573 30148 -58.7905
-714.121 -6035.29 296.573 30148 -58.7905
-714.123 -6035.29 296.574 30148 -58.7905
-714.123 -6035.29 296.574 30148 -58.7905
-714.123 -6035.29 296.574 30148 -58.7905
-714.123 -6035.29 296.574 30148 -58.7905
-714.123 -6035.29 296.574 30148 -58.7905
-714.123 -6035.29 296.574 30148 -58.7905
-714.123 -6035.29 296.574 30148 -58.7905
-714.123 -6035.29 296.574 30148 -58.7905
-714.123 -6035.29 296.574 30148 -58.7905
-714.123 -6035.29 296.574 30148 -58.7905
-714.123 -6035.29 296.574 30148 -58.7905
-714.123 -6035.29 296.574 30148 -58.7905
-714.134 -6035.3 296.574 30148 -58.7905
-714.189 -6035.27 296.575 30148 -58.7905
-714.266 -6035.21 296.577 30148 -58.7905
-714.382 -6035.12 296.58 30148 -58.7905
-714.522 -6035.02 296.584 30148 -58.7905
-714.666 -6034.93 296.587 30148 -58.7905
-714.805 -6034.83 296.591 30148 -58.7905
-714.944 -6034.74 296.594 30148 -58.7905
-715.082 -6034.65 296.598 30148 -58.7905
-715.22 -6034.56 296.601 30148 -58.7905
-715.359 -6034.47 296.605 30148 -58.7905
-715.498 -6034.38 296.608 30148 -58.7905
-715.636 -6034.29 296.612 30148 -58.7905
-715.775 -6034.19 296.615 30148 -58.7905
-715.914 -6034.1 296.618 30148 -58.7905
-716.052 -6034.01 296.622 30148 -58.7905
-716.19 -6033.92 296.625 30148 -58.7905
-716.329 -6033.83 296.629 30148 -58.7905
-716.468 -6033.74 296.632 30148 -58.7905
-716.605 -6033.64 296.636 30148 -58.7905
-716.739 -6033.56 296.639 30148 -58.7905
-716.876 -6033.47 296.643 30148 -58.7905
-717.038 -6033.37 296.647 30148 -58.7905
-717.234 -6033.25 296.651 30148 -58.7905
-717.453 -6033.1 296.657 30148 -58.7905
-717.702 -6032.92 296.663 30148 -58.7905
-717.979 -6032.74 296.67 30148 -58.7905
-718.284 -6032.55 296.678 30148 -58.7905
-718.62 -6032.34 296.686 30148 -58.7905
-718.978 -6032.09 296.695 30148 -58.7905
-719.37 -6031.82 296.705 30148 -56.5597
-719.788 -6031.54 296.716 30148 -56.4842
-720.207 -6031.26 296.726 30148 -56.4842
-720.619 -6030.99 296.737 30148 -56.4842
-721.032 -6030.72 296.747 30148 -58.0392
-721.472 -6030.44 296.758 30148 -57.319
-721.949 -6030.14 296.77 30148 -55.5422
-722.447 -6029.79 296.782 30148 -56.5646
-722.987 -6029.44 296.796 30148 -59.8357
-723.563 -6029.1 296.81 30148 -62.1608
-724.159 -6028.79 296.824 30148 -60.6008
-724.742 -6028.46 296.838 30148 -57.6083
-725.299 -6028.11 296.852 30148 -55.6681
-725.843 -6027.73 296.865 30148 -57.6676
-726.434 -6027.36 296.88 30148 -57.0962
-727.061 -6026.96 296.896 30148 -56.2522
-727.717 -6026.52 296.912 30148 -55.8878
-728.407 -6026.05 296.93 30148 -56.8262
-729.108 -6025.59 296.947 30148 -56.8269
-729.804 -6025.14 296.965 30148 -56.774
-730.501 -6024.68 296.982 30148 -55.8304
-731.188 -6024.21 296.999 30148 -55.6744
-731.874 -6023.74 297.017 30148 -55.7204
-732.561 -6023.28 297.034 30148 -55.6744
-733.247 -6022.81 297.052 30148 -55.6974
-733.934 -6022.34 297.069 30148 -55.6974
-734.62 -6021.87 297.087 30148 -55.6974
-735.307 -6021.4 297.104 30148 -55.6974
-735.993 -6020.93 297.121 30148 -55.6974
-736.68 -6020.47 297.139 30148 -55.6974
-737.366 -6020 297.156 30148 -55.6974
-738.053 -6019.53 297.174 30148 -55.6974
-738.739 -6019.06 297.191 30148 -55.6974
-739.426 -6018.59 297.208 30148 -55.6974
-740.112 -6018.12 297.226 30148 0
