-617.619 -6100.89 294.19 20149 -55.5293
-618.292 -6100.43 294.201 20149 -55.3169
-618.963 -6099.96 294.212 20149 -55.3981
-619.636 -6099.5 294.224 30149 -55.9706
-620.316 -6099.04 294.24 30149 -56.9308
-621.009 -6098.59 294.257 30149 -57.694
-621.712 -6098.15 294.274 30149 -57.8316
-622.418 -6097.7 294.291 30149 -57.7171
-623.123 -6097.26 294.308 30149 -57.694
-623.827 -6096.81 294.324 30149 -57.6943
-624.532 -6096.37 294.341 30149 -57.6946
-625.24 -6095.92 294.358 30149 -57.7171
-625.945 -6095.47 294.375 30149 -57.2966
-626.635 -6095.03 294.392 30149 -57.6896
-627.306 -6094.6 294.408 30149 -57.6608
-627.952 -6094.2 294.423 30149 -57.7339
-628.573 -6093.8 294.438 30149 -57.7317
-629.17 -6093.43 294.452 30149 -58.151
-629.748 -6093.07 294.466 30149 -57.6997
-630.31 -6092.71 294.48 30149 -57.6993
-630.87 -6092.36 294.493 30149 -57.6996
-631.432 -6092 294.506 30149 -57.6999
-631.996 -6091.65 294.52 30149 -57.6998
-632.559 -6091.29 294.533 30149 -57.6998
-633.123 -6090.93 294.547 30149 -57.6998
-633.686 -6090.58 294.56 30149 -57.6712
-634.249 -6090.22 294.574 30149 -57.6998
-634.813 -6089.87 294.587 30149 -57.6998
-635.376 -6089.51 294.601 30149 -57.6998
-635.939 -6089.15 294.614 30149 -57.6998
-636.503 -6088.8 294.628 30149 -57.6998
-637.066 -6088.44 294.641 30149 -57.6998
-637.629 -6088.08 294.655 30149 -57.6998
-638.193 -6087.73 294.668 30149 -57.6998
-638.756 -6087.37 294.682 30149 -57.6998
-639.32 -6087.02 294.695 30149 -57.6998
-639.883 -6086.66 294.709 30149 -57.6998
-640.446 -6086.3 294.722 30149 -57.6998
-641.01 -6085.95 294.736 30149 -57.6998
-641.573 -6085.59 294.749 30149 -57.6998
-642.136 -6085.24 294.762 30149 -57.8893
-642.701 -6084.88 294.776 30149 -57.9487
-643.266 -6084.53 294.79 30149 -57.9487
-643.831 -6084.17 294.803 30149 -57.9487
-644.395 -6083.82 294.817 30149 -57.9487
-644.96 -6083.47 294.831 30149 -57.9487
-645.525 -6083.11 294.844 30149 -57.9487
-646.09 -6082.76 294.858 30149 -57.9487
-646.655 -6082.41 294.872 30149 -57.9201
-647.22 -6082.05 294.885 30149 -57.9486
-647.784 -6081.7 294.899 30149 -57.9489
-648.35 -6081.34 294.913 30149 -57.9493
-648.919 -6080.99 294.926 30149 -57.7472
-649.481 -6080.63 294.94 30149 -58.1821
-650.031 -6080.29 294.953 30149 -58.9642
-650.577 -6079.96 294.966 30149 -59.8911
-651.138 -6079.64 294.98 30149 -58.5906
-651.724 -6079.28 294.994 30149 -56.5434
-652.333 -6078.88 295.009 30149 -57.1487
-652.967 -6078.47 295.024 30149 -57.3566
-653.608 -6078.06 295.04 30149 -57.3503
-654.242 -6077.65 295.055 30149 -57.3259
-654.877 -6077.24 295.07 30149 -57.3581
-655.519 -6076.83 295.086 30149 -57.3857
-656.163 -6076.42 295.102 30149 -57.5087
-656.807 -6076.01 295.117 30149 -57.5289
-657.444 -6075.61 295.133 30149 -57.501
-658.078 -6075.2 295.148 30149 -57.5024
-658.713 -6074.8 295.164 30149 -57.5024
-659.349 -6074.39 295.179 30149 -57.5278
-659.984 -6073.99 295.195 30149 -57.5024
-660.62 -6073.58 295.21 30149 -57.5024
-661.255 -6073.18 295.225 30149 -57.5024
-661.891 -6072.77 295.241 30149 -57.528
-662.527 -6072.37 295.256 30149 -57.4517
-663.162 -6071.96 295.272 30149 -57.5275
-663.797 -6071.56 295.287 30149 -57.6794
-664.433 -6071.16 295.303 30149 -57.9023
-665.069 -6070.76 295.318 30149 -58.015
-665.705 -6070.36 295.333 30149 -58.0661
-666.341 -6069.96 295.349 30149 -58.0151
-666.977 -6069.57 295.364 30149 -57.9896
-667.613 -6069.17 295.38 30149 -58.015
-668.249 -6068.77 295.395 30149 -58.0401
-668.888 -6068.37 295.411 30149 -58.1675
-669.527 -6067.98 295.427 30149 -57.3451
-670.15 -6067.58 295.442 30149 -57.0325
-670.751 -6067.19 295.457 30149 -57.4671
-671.331 -6066.82 295.471 30149 -57.0518
-671.892 -6066.45 295.485 30149 -57.852
-672.451 -6066.1 295.498 30149 -58.169
-673.015 -6065.75 295.512 30149 -58.0246
-673.581 -6065.4 295.526 30149 -58.0246
-674.146 -6065.05 295.54 30149 -58.0246
-674.712 -6064.69 295.553 30149 -57.996
-675.277 -6064.34 295.567 30149 -58.0248
-675.841 -6063.99 295.581 30149 -57.9961
-676.405 -6063.64 295.595 30149 -58.0244
-676.972 -6063.28 295.609 30149 -58.0232
-677.547 -6062.92 295.623 30149 -57.994
-678.132 -6062.56 295.637 30149 -57.9932
-678.726 -6062.19 295.651 30149 -57.9658
-679.323 -6061.81 295.666 30149 -57.993
-679.919 -6061.44 295.68 30149 -58.0747
-680.515 -6061.07 295.695 30149 -58.1018
-681.111 -6060.7 295.709 30149 -58.0747
-681.707 -6060.33 295.724 30149 -57.993
-682.304 -6059.95 295.739 30149 -57.9658
-682.901 -6059.58 295.753 30149 -57.9932
-683.494 -6059.21 295.768 30149 -57.994
-684.08 -6058.84 295.782 30149 -57.9387
-684.654 -6058.48 295.796 30149 -57.9387
-685.222 -6058.13 295.81 30149 -57.9387
-685.79 -6057.77 295.824 30149 -57.9673
-686.356 -6057.42 295.837 30149 -56.729
-686.897 -6057.06 295.851 30149 -57.2094
-687.403 -6056.74 295.863 30149 -58.4136
-687.884 -6056.44 295.875 30149 -59.043
-688.329 -6056.17 295.886 30149 -59.043
-688.749 -6055.91 295.896 30149 -59.043
-689.165 -6055.64 295.906 30149 -59.043
-689.586 -6055.37 295.917 30149 -57.4977
-690.008 -6055.1 295.927 30149 -57.4977
-690.429 -6054.84 295.938 30149 -57.4977
-690.851 -6054.57 295.948 30149 -57.4977
-691.272 -6054.3 295.958 30149 -57.4977
-691.694 -6054.03 295.969 30149 -57.4977
-692.115 -6053.76 295.979 30149 -57.4977
-692.537 -6053.49 295.99 30149 -57.4977
-692.958 -6053.22 296 30149 -57.4977
-693.38 -6052.96 296.01 30149 -57.4977
-693.803 -6052.69 296.021 30149 -57.4977
-694.228 -6052.42 296.031 30149 -57.5358
-694.651 -6052.15 296.042 30149 -57.5358
-695.059 -6051.88 296.052 30149 -57.5358
-695.441 -6051.63 296.061 30149 -57.5358
-695.789 -6051.4 296.07 30149 -57.5358
-696.115 -6051.22 296.078 30149 -57.5358
-696.413 -6051.06 296.085 30149 -57.5358
-696.705 -6050.89 296.092 30149 -57.5358
-697.001 -6050.72 296.099 30149 -57.5358
-697.308 -6050.53 296.107 30149 -57.5358
-697.624 -6050.33 296.114 30149 -57.5358
-697.944 -6050.14 296.122 30149 -57.5358
-698.265 -6049.94 296.13 30149 -57.5358
-698.585 -6049.75 296.138 30149 -57.5358
-698.906 -6049.55 296.146 30149 -57.5358
-699.226 -6049.35 296.153 30149 -57.5358
-699.547 -6049.16 296.161 30149 -57.5358
-699.867 -6048.96 296.169 30149 -57.5358
-700.188 -6048.77 296.177 30149 -57.5358
-700.508 -6048.57 296.185 30149 -57.5358
-700.829 -6048.38 296.192 30149 -57.5358
-701.149 -6048.18 296.2 30149 -57.5358
-701.471 -6047.98 296.208 30149 -57.5358
-701.798 -6047.78 296.216 30149 -57.5358
-702.115 -6047.59 296.224 30149 -57.5358
-702.375 -6047.4 296.23 30149 -57.5358
-702.602 -6047.26 296.236 30149 -57.5358
-702.783 -6047.15 296.24 30149 -57.5358
-702.931 -6047.08 296.244 30149 -57.5358
-703.023 -6047.03 296.246 30149 -57.5358
-703.104 -6046.98 296.248 30149 -57.5358
-703.189 -6046.92 296.25 30149 -57.5358
-703.277 -6046.86 296.252 30149 -57.5358
-703.365 -6046.81 296.254 30149 -57.5358
-703.452 -6046.75 296.257 30149 -57.5358
-703.54 -6046.7 296.259 30149 -57.5358
-703.627 -6046.64 296.261 30149 -57.5358
-703.715 -6046.58 296.263 30149 -57.5358
-703.803 -6046.53 296.265 30149 -57.5358
-703.89 -6046.47 296.267 30149 -57.5358
-703.978 -6046.41 296.27 30149 -57.5358
-704.066 -6046.36 296.272 30149 -57.5358
-704.153 -6046.3 296.274 30149 -57.5358
-704.241 -6046.25 296.276 30149 -57.5358
-704.328 -6046.19 296.278 30149 -57.5358
-704.416 -6046.13 296.28 30149 -57.5358
-704.504 -6046.08 296.283 30149 -57.5358
-704.592 -6046.02 296.285 30149 -57.5358
-704.679 -6045.96 296.287 30149 -57.5358
-704.767 -6045.91 296.289 30149 -57.5358
-704.854 -6045.85 296.291 30149 -57.5358
-704.942 -6045.8 296.293 30149 -57.5358
-705.029 -6045.74 296.296 30149 -57.5358
-705.117 -6045.68 296.298 30149 -57.5358
-705.205 -6045.63 296.3 30149 -57.5358
-705.292 -6045.57 296.302 30149 -57.5358
-705.38 -6045.51 296.304 30149 -57.5358
-705.468 -6045.46 296.306 30149 -57.5358
-705.555 -6045.4 296.309 30149 -57.5358
-705.643 -6045.35 296.311 30149 -57.5358
-705.73 -6045.29 296.313 30149 -57.5358
-705.818 -6045.23 296.315 30149 -57.5358
-705.906 -6045.18 296.317 30149 -57.5358
-705.997 -6045.12 296.32 30149 -57.5358
-706.087 -6045.06 296.322 30149 -57.5358
-706.157 -6045 296.324 30149 -57.5358
-706.203 -6044.96 296.325 30149 -57.5358
-706.226 -6044.94 296.326 30149 -57.5358
-706.228 -6044.93 296.326 30149 -57.5358
-706.227 -6044.92 296.326 30149 -57.5358
-706.228 -6044.93 296.326 30149 -57.5358
-706.228 -6044.93 296.326 30149 -57.5358
-706.228 -6044.93 296.326 30149 -57.5358
-706.228 -6044.93 296.326 30149 -57.5358
-706.228 -6044.93 296.326 30149 -57.5358
-706.228 -6044.93 296.326 30149 -57.5358
-706.228 -6044.93 296.326 30149 -57.5358
-706.228 -6044.93 296.326 30149 -57.5358
-706.228 -6044.93 296.326 30149 -57.5358
-706.228 -6044.93 296.326 30149 -57.5358
-706.228 -6044.93 296.326 30149 -57.5358
-706.228 -6044.93 296.326 30149 -57.5358
-706.228 -6044.93 296.326 30149 -57.5358
-706.228 -6044.93 296.326 30149 -57.5358
-706.228 -6044.93 296.326 30149 -57.5358
-706.228 -6044.93 296.326 30149 -57.5358
-706.228 -6044.93 296.326 30149 -57.5358
-706.228 -6044.93 296.326 30149 -57.5358
-706.228 -6044.93 296.326 30149 -57.5358
-706.228 -6044.93 296.326 30149 -57.5358
-706.228 -6044.93 296.326 30149 -57.5358
-706.228 -6044.93 296.326 30149 -57.5358
-706.228 -6044.93 296.326 30149 -57.5358
-706.228 -6044.93 296.326 30149 -57.5358
-706.228 -6044.93 296.326 30149 -57.5358
-706.228 -6044.93 296.326 30149 -57.5358
-706.228 -6044.93 296.326 30149 -57.5358
-706.228 -6044.93 296.326 30149 -57.5358
-706.228 -6044.93 296.326 30149 -57.5358
-706.228 -6044.93 296.326 30149 -57.5358
-706.228 -6044.93 296.326 30149 -57.5358
-706.228 -6044.93 296.326 30149 -57.5358
-706.228 -6044.93 296.326 30149 -57.5358
-706.228 -6044.93 296.326 30149 -57.5358
-706.228 -6044.93 296.326 30149 -57.5358
-706.228 -6044.93 296.326 30149 -57.5358
-706.228 -6044.93 296.326 30149 -57.5358
-706.228 -6044.93 296.326 30149 -57.5358
-706.228 -6044.93 296.326 30149 -57.5358
-706.228 -6044.93 296.326 30149 -57.5358
-706.228 -6044.93 296.326 30149 -57.5358
-706.228 -6044.93 296.326 30149 -57.5358
-706.228 -6044.93 296.326 30149 -57.5358
-706.228 -6044.93 296.326 30149 -57.5358
-706.228 -6044.93 296.326 30149 -57.5358
-706.228 -6044.93 296.326 30149 -57.5358
-706.239 -6044.94 296.326 30149 -57.5358
-706.295 -6044.91 296.327 30149 -57.5358
-706.372 -6044.85 296.329 30149 -57.5358
-706.489 -6044.76 296.332 30149 -57.5358
-706.631 -6044.67 296.336 30149 -57.5358
-706.776 -6044.57 296.339 30149 -57.5358
-706.918 -6044.48 296.343 30149 -57.5358
-707.058 -6044.39 296.346 30149 -57.5358
-707.198 -6044.3 296.35 30149 -57.5358
-707.338 -6044.21 296.353 30149 -57.5358
-707.478 -6044.12 296.357 30149 -57.5358
-707.619 -6044.03 296.36 30149 -57.5358
-707.758 -6043.94 296.364 30149 -57.5358
-707.893 -6043.86 296.367 30149 -57.5358
-708.031 -6043.77 296.37 30149 -57.5358
-708.195 -6043.68 296.374 30149 -57.5358
-708.394 -6043.56 296.379 30149 -57.5358
-708.616 -6043.41 296.385 30149 -57.5358
-708.873 -6043.23 296.391 30149 -57.5358
-709.155 -6043.05 296.398 30149 -57.5358
-709.44 -6042.86 296.405 30149 -57.5358
-709.722 -6042.68 296.412 30149 -57.5358
-710.002 -6042.5 296.419 30149 -57.5358
-710.281 -6042.32 296.426 30149 -57.5358
-710.559 -6042.14 296.433 30149 -57.5358
-710.836 -6041.96 296.44 30149 -57.5358
-711.111 -6041.77 296.447 30149 -57.5358
-711.388 -6041.59 296.454 30149 -57.5358
-711.68 -6041.4 296.461 30149 -57.5358
-711.991 -6041.2 296.469 30149 -57.5358
-712.327 -6040.98 296.477 30149 -57.5358
-712.686 -6040.74 296.486 30149 -57.5358
-713.07 -6040.49 296.496 30149 -57.5358
-713.472 -6040.21 296.506 30149 -56.5595
-713.89 -6039.94 296.516 30149 -56.4846
-714.31 -6039.66 296.527 30149 -56.5602
-714.729 -6039.38 296.537 30149 -56.5218
-715.148 -6039.11 296.548 30149 -56.5218
-715.556 -6038.83 296.558 30149 -56.5218
-715.96 -6038.57 296.568 30149 -60.0203
-716.406 -6038.31 296.579 30149 -57.3468
-716.887 -6038 296.591 30149 -56.7731
-717.41 -6037.66 296.604 30149 -55.5565
-717.969 -6037.28 296.618 30149 -55.08
-718.574 -6036.85 296.634 30149 -55.9349
-719.205 -6036.43 296.649 30149 -55.9304
-719.832 -6036 296.665 30149 -55.8995
-720.455 -6035.58 296.681 30149 -55.9259
-721.079 -6035.16 296.697 30149 -55.9259
-721.702 -6034.74 296.712 30149 -55.9259
-722.326 -6034.32 296.728 30149 -55.9001
-722.95 -6033.89 296.744 30149 0
