-371.261 -6251.92 295.704 10148 -57.0221
-372.045 -6251.41 295.692 10148 -57.0438
-372.868 -6250.87 295.679 10148 -57.0811
-373.709 -6250.33 295.665 10148 -57.0529
-374.542 -6249.79 295.652 10148 -57.0774
-375.375 -6249.25 295.639 10148 -57.1985
-376.208 -6248.71 295.625 10148 -56.9263
-377.036 -6248.17 295.612 10148 -56.4233
-377.859 -6247.63 295.599 10148 -56.3715
-378.686 -6247.08 295.586 10148 -56.7666
-379.523 -6246.53 295.573 10148 -57.4195
-380.374 -6245.99 295.559 10148 -57.6851
-381.231 -6245.44 295.546 10148 -57.5345
-382.087 -6244.9 295.532 10148 -57.5718
-382.942 -6244.36 295.519 10148 -57.5339
-383.796 -6243.81 295.506 10148 -57.534
-384.651 -6243.27 295.492 10148 -57.5529
-385.506 -6242.73 295.479 10148 -57.5558
-386.368 -6242.18 295.465 10148 -57.5308
-387.215 -6241.64 295.452 10148 -57.536
-388.03 -6241.12 295.439 10148 -57.0883
-388.827 -6240.6 295.426 10148 -56.5335
-389.632 -6240.07 295.414 10148 -56.6085
-390.471 -6239.52 295.4 10148 -56.5945
-391.324 -6238.96 295.387 10148 -56.6194
-392.17 -6238.4 295.374 10148 -56.5991
-393.014 -6237.84 295.36 10148 -56.4304
-393.858 -6237.28 295.347 10148 -56.7374
-394.708 -6236.72 295.334 10148 -57.6417
-395.575 -6236.18 295.32 10148 -58.1594
-396.458 -6235.63 295.306 10148 -59.0306
-397.358 -6235.09 295.293 10148 -59.2972
-398.264 -6234.55 295.279 10148 -59.1513
-399.17 -6234.01 295.265 10148 -59.1348
-400.074 -6233.47 295.251 10148 -59.153
-400.979 -6232.93 295.237 10148 -59.14
-401.893 -6232.38 295.223 10148 -59.1773
-402.78 -6231.85 295.209 10148 -59.2519
-403.622 -6231.35 295.197 10148 -59.4088
-404.423 -6230.88 295.184 10148 -56.3323
-405.189 -6230.37 295.172 10148 -56.423
-406.002 -6229.83 295.16 10148 -56.4906
-406.854 -6229.26 295.146 10148 -56.5516
-407.745 -6228.67 295.132 10148 -56.5145
-408.624 -6228.09 295.119 10148 -56.5322
-409.502 -6227.51 295.105 10148 -56.5337
-410.382 -6226.93 295.091 10148 -56.5216
-411.265 -6226.35 295.077 10148 -56.23
-412.143 -6225.76 295.064 10148 -56.7708
-413.012 -6225.19 295.05 10148 -58.1763
-413.868 -6224.66 295.037 10148 -59.0198
-414.709 -6224.15 295.024 10148 -58.9219
-415.551 -6223.65 295.011 10148 -57.2399
-416.389 -6223.11 294.998 10148 -57.8344
-417.237 -6222.57 294.985 10148 -60.6675
-418.103 -6222.09 294.972 10148 -61.6823
-418.97 -6221.62 294.96 10148 -60.6987
-419.833 -6221.14 294.947 10148 -58.0895
-420.683 -6220.61 294.934 10148 -56.9353
-421.53 -6220.06 294.921 10148 -57.5218
-422.384 -6219.51 294.908 10148 -57.5209
-423.237 -6218.97 294.895 10148 -57.5395
-424.088 -6218.43 294.882 10148 -57.5207
-424.94 -6217.88 294.869 10148 -57.5396
-425.792 -6217.34 294.856 10148 -57.5208
-426.644 -6216.8 294.843 10148 -57.5217
-427.498 -6216.26 294.83 10148 -57.4842
-428.352 -6215.71 294.816 10148 -57.5193
-429.201 -6215.17 294.803 10148 -57.7827
-430.037 -6214.65 294.791 10148 -58.2709
-430.866 -6214.13 294.778 10148 -58.5642
-431.649 -6213.65 294.766 10148 -58.6812
-432.403 -6213.2 294.755 10148 -57.3529
-433.107 -6212.74 294.744 10148 -56.8788
-433.842 -6212.26 294.733 10148 -56.9224
-434.609 -6211.77 294.721 10148 -56.9691
-435.414 -6211.24 294.709 10148 -56.9733
-436.206 -6210.73 294.697 10148 -56.9733
-436.998 -6210.21 294.685 10148 -56.9531
-437.79 -6209.7 294.673 10148 -56.9733
-438.582 -6209.18 294.661 10148 -56.9531
-439.373 -6208.67 294.649 10148 -56.9733
-440.165 -6208.15 294.637 10148 -56.9531
-440.957 -6207.64 294.624 10148 -56.9531
-441.748 -6207.12 294.612 10148 -56.9733
-442.54 -6206.61 294.6 10148 -56.9534
-443.332 -6206.09 294.588 10148 -56.9753
-444.126 -6205.58 294.576 10148 -56.8955
-444.919 -6205.06 294.564 10148 -56.9513
-445.708 -6204.55 294.552 10148 -57.2885
-446.487 -6204.05 294.54 10148 -57.7595
-447.252 -6203.56 294.529 10148 -58.1003
-448.006 -6203.09 294.518 10148 -58.1663
-448.756 -6202.63 294.506 10148 -58.1013
-449.507 -6202.16 294.495 10148 -58.1225
-450.258 -6201.69 294.484 10148 -58.1008
-451.011 -6201.23 294.473 10148 -58.1009
-451.762 -6200.76 294.461 10148 -58.1009
-452.514 -6200.29 294.45 10148 -58.1009
-453.266 -6199.82 294.439 10148 -58.1009
-454.018 -6199.35 294.428 10148 -58.1009
-454.77 -6198.89 294.417 10148 -58.1009
-455.522 -6198.42 294.405 10148 -58.1009
-456.273 -6197.95 294.394 10148 -58.1224
-457.026 -6197.48 294.383 10148 -58.1009
-457.777 -6197.01 294.372 10148 -58.0793
-458.529 -6196.55 294.36 10148 -58.1223
-459.282 -6196.08 294.349 10148 -58.0163
-460.034 -6195.61 294.338 10148 -58.1259
-460.785 -6195.14 294.327 10148 -58.4314
-461.534 -6194.68 294.316 10148 -58.9177
-462.28 -6194.23 294.305 10148 -59.2549
-463.025 -6193.79 294.294 10148 -59.28
-463.768 -6193.35 294.283 10148 -59.2682
-464.517 -6192.9 294.272 10148 -59.2644
-465.256 -6192.46 294.262 10148 -59.3009
-465.964 -6192.04 294.251 10148 -59.2895
-466.653 -6191.63 294.241 10148 -58.2617
-467.342 -6191.21 294.231 10148 -58.2703
-468.061 -6190.76 294.221 10148 -58.2169
-468.801 -6190.3 294.21 10148 -58.24
-469.538 -6189.85 294.199 10148 -58.2628
-470.274 -6189.39 294.188 10148 -58.2407
-471.009 -6188.94 294.177 10148 -58.2187
-471.744 -6188.48 294.166 10148 -58.263
-472.479 -6188.03 294.155 10148 -58.2403
-473.216 -6187.57 294.145 10148 -58.1705
-474.045 -6187.06 294.132 20148 -58.1476
-474.909 -6186.52 294.119 20148 -57.8658
-475.758 -6185.99 294.106 20148 -57.8259
-476.58 -6185.47 294.093 20148 -57.7832
-477.375 -6184.97 294.081 20148 -57.0161
-478.149 -6184.46 294.069 20148 -55.9339
-478.92 -6183.94 294.057 20148 -55.8279
-479.711 -6183.41 294.044 20148 -55.5028
-480.524 -6182.85 294.032 20148 -55.7918
-481.355 -6182.28 294.019 20148 -55.7433
-482.188 -6181.72 294.006 20148 -55.797
-483.013 -6181.16 293.993 20148 -56.1224
-483.822 -6180.61 293.98 20148 -56.6394
-484.616 -6180.09 293.968 20148 -56.5282
-485.392 -6179.58 293.956 20148 -57.5498
-486.161 -6179.09 293.944 20148 -59.6259
-486.937 -6178.63 293.932 20148 -60.4906
-487.716 -6178.19 293.921 20148 -59.6157
-488.492 -6177.74 293.911 20148 -57.3512
-489.261 -6177.24 293.902 20148 -56.7889
-490.042 -6176.73 293.893 20148 -57.8339
-490.852 -6176.22 293.883 20148 -57.7171
-491.677 -6175.7 293.874 20148 -58.7543
-492.511 -6175.2 293.864 20148 -58.8834
-493.337 -6174.7 293.855 20148 -58.737
-494.15 -6174.2 293.845 20148 -58.7871
-494.955 -6173.72 293.836 20148 -57.9358
-495.738 -6173.22 293.827 20148 -58.7094
-496.5 -6172.76 293.818 20148 -59.2201
-497.231 -6172.33 293.809 20148 -58.2966
-497.923 -6171.9 293.801 20148 -58.2426
-498.584 -6171.49 293.794 20148 -58.2557
-499.221 -6171.1 293.786 20148 -57.4623
-499.847 -6170.7 293.779 20148 -57.9754
-500.485 -6170.3 293.771 20148 -58.2481
-501.135 -6169.9 293.764 20148 -58.1465
-501.79 -6169.49 293.756 20148 -58.1213
-502.442 -6169.08 293.749 20148 -58.1379
-503.098 -6168.67 293.743 20148 -58.1428
-503.744 -6168.27 293.738 20148 -58.128
-504.363 -6167.89 293.733 20148 -58.0524
-504.973 -6167.51 293.728 20148 -57.5782
-505.588 -6167.12 293.723 20148 -57.5897
-506.23 -6166.71 293.718 20148 -57.6195
-506.883 -6166.3 293.713 20148 -57.5923
-507.531 -6165.88 293.707 20148 -57.6172
-508.178 -6165.47 293.702 20148 -57.5921
-508.825 -6165.06 293.697 20148 -57.6174
-509.473 -6164.65 293.691 20148 -57.5937
-510.124 -6164.24 293.686 20148 -57.5933
-510.774 -6163.83 293.681 20148 -57.2613
-511.411 -6163.42 293.676 20148 -57.4217
-512.026 -6163.02 293.671 20148 -58.3884
-512.618 -6162.66 293.666 20148 -58.581
-513.188 -6162.31 293.661 20148 -58.2743
-513.746 -6161.97 293.657 20148 -58.2453
-514.303 -6161.62 293.652 20148 -58.2146
-514.862 -6161.28 293.648 20148 -58.2428
-515.423 -6160.93 293.643 20148 -58.2142
-515.983 -6160.58 293.639 20148 -58.2142
-516.542 -6160.23 293.634 20148 -58.2412
-517.103 -6159.89 293.63 20148 -58.2104
-517.662 -6159.54 293.628 20148 -58.2392
-518.223 -6159.19 293.625 20148 -58.2105
-518.782 -6158.85 293.623 20148 -58.2102
-519.342 -6158.5 293.62 20148 -58.2683
-519.903 -6158.15 293.618 20148 -58.1814
-520.462 -6157.81 293.615 20148 -58.2395
-521.022 -6157.46 293.613 20148 -58.2384
-521.584 -6157.11 293.61 20148 -58.2091
-522.145 -6156.76 293.607 20148 -58.7067
-522.706 -6156.42 293.605 20148 -56.6145
-523.243 -6156.07 293.602 20148 -55.7605
-523.761 -6155.72 293.6 20148 -53.7202
-524.263 -6155.35 293.598 20148 -55.6843
-524.785 -6154.99 293.595 20148 -56.5391
-525.327 -6154.63 293.593 20148 -58.639
-525.894 -6154.29 293.59 20148 -58.2335
-526.463 -6153.94 293.587 20148 -58.2341
-527.031 -6153.58 293.585 20148 -58.2064
-527.597 -6153.23 293.582 20148 -58.2348
-528.164 -6152.88 293.58 20148 -58.2062
-528.73 -6152.53 293.577 20148 -58.2348
-529.297 -6152.18 293.574 20148 -58.2345
-529.865 -6151.83 293.572 20148 -58.207
-530.43 -6151.48 293.569 20148 -58.2373
-530.993 -6151.13 293.567 20148 -58.2064
-531.559 -6150.78 293.565 20148 -58.7047
-532.14 -6150.43 293.564 20148 -58.2411
-532.74 -6150.05 293.564 20148 -58.2775
-533.366 -6149.67 293.563 20148 -58.162
-534.015 -6149.26 293.563 20148 -58.1988
-534.691 -6148.85 293.562 20148 -57.8622
-535.385 -6148.41 293.561 20148 -58.2284
-536.094 -6147.97 293.56 20148 -58.227
-536.806 -6147.53 293.56 20148 -58.2053
-537.516 -6147.09 293.559 20148 -58.2292
-538.224 -6146.65 293.558 20148 -58.2289
-538.932 -6146.21 293.557 20148 -58.2059
-539.641 -6145.77 293.557 20148 -58.2289
-540.349 -6145.33 293.556 20148 -58.229
-541.057 -6144.9 293.555 20148 -58.2289
-541.766 -6144.46 293.554 20148 -58.2059
-542.474 -6144.02 293.554 20148 -58.2289
-543.182 -6143.58 293.553 20148 -58.2062
-543.89 -6143.14 293.552 20148 -58.2515
-544.599 -6142.7 293.551 20148 -58.2036
-545.313 -6142.26 293.551 20148 -58.2051
-546.025 -6141.82 293.551 20148 -57.8889
-546.719 -6141.38 293.552 20148 -58.6596
-547.397 -6140.97 293.554 20148 -58.2829
-548.059 -6140.56 293.556 20148 -58.8099
-548.734 -6140.15 293.557 20148 -58.0991
-549.428 -6139.72 293.559 20148 -58.0913
-550.147 -6139.27 293.561 20148 -58.5726
-550.884 -6138.82 293.562 20148 -58.6956
-551.631 -6138.37 293.564 20148 -58.5842
-552.38 -6137.91 293.566 20148 -58.827
-553.128 -6137.46 293.568 20148 -59.4488
-553.876 -6137.02 293.57 20148 -59.6962
-554.623 -6136.58 293.572 20148 -59.4262
-555.372 -6136.14 293.573 20148 -58.8273
-556.119 -6135.68 293.575 20148 -58.5624
-556.868 -6135.23 293.577 20148 -58.6965
-557.614 -6134.77 293.579 20148 -58.8186
-558.351 -6134.33 293.581 20148 -58.9486
-559.076 -6133.89 293.582 20148 -59.0767
-559.793 -6133.46 293.584 20148 -59.0841
-560.506 -6133.03 293.586 20148 -59.0891
-561.22 -6132.61 293.59 20148 -59.0857
-561.936 -6132.18 293.594 20148 -59.7932
-562.658 -6131.76 293.599 20148 -56.9278
-563.353 -6131.31 293.603 20148 -55.3501
-564.013 -6130.85 293.607 20148 -57.2941
-564.652 -6130.44 293.611 20148 -57.767
-565.264 -6130.05 293.614 20148 -60.0495
-565.88 -6129.7 293.618 20148 -58.9959
-566.492 -6129.33 293.621 20148 -56.8192
-567.084 -6128.94 293.625 20148 -58.1793
-567.666 -6128.58 293.628 20148 -57.7294
-568.23 -6128.23 293.632 20148 -57.7571
-568.79 -6127.87 293.635 20148 -57.7291
-569.352 -6127.52 293.639 20148 -57.7294
-569.916 -6127.16 293.642 20148 -57.7294
-570.48 -6126.81 293.645 20148 -57.7294
-571.044 -6126.45 293.649 20148 -57.7294
-571.607 -6126.09 293.652 20148 -57.7294
-572.171 -6125.74 293.655 20148 -57.758
-572.735 -6125.38 293.659 20148 -57.7294
-573.298 -6125.03 293.662 20148 -57.7294
-573.862 -6124.67 293.665 20148 -57.758
-574.426 -6124.31 293.669 20148 -57.7017
-574.99 -6123.96 293.672 20148 -57.7687
-575.553 -6123.6 293.678 20148 -57.74
-576.117 -6123.25 293.683 20148 -57.74
-576.681 -6122.89 293.688 20148 -57.74
-577.245 -6122.53 293.693 20148 -57.74
-577.808 -6122.18 293.699 20148 -57.7687
-578.372 -6121.82 293.704 20148 -57.7399
-578.936 -6121.47 293.709 20148 -57.7118
-579.501 -6121.11 293.715 20148 -57.7696
-580.069 -6120.75 293.72 20148 -57.7405
-580.635 -6120.4 293.725 20148 -56.5291
-581.176 -6120.04 293.731 20148 -57.0552
-581.679 -6119.71 293.735 20148 -58.503
-582.152 -6119.42 293.74 20148 -59.2759
-582.588 -6119.16 293.744 20148 -59.2759
-582.983 -6118.91 293.748 20148 -59.2759
-583.38 -6118.66 293.751 20148 -59.2759
-583.796 -6118.39 293.755 20148 -57.3916
-584.221 -6118.12 293.759 20148 -57.4249
-584.643 -6117.85 293.763 20148 -57.3867
-585.064 -6117.58 293.767 20148 0
