6.94953e-310 4.68503e-310 0 0 0
0 0 0 0 0
0 0 0 0 0
0 0 0 0 0
0 0 0 0 0
0 0 0 0 0
0 0 0 0 0
0 0 0 0 0
0 0 0 0 0
0 0 0 0 0
0 0 0 0 0
0 0 0 0 0
0 0 0 0 0
0 0 0 0 0
0 0 0 0 0
0 0 0 0 0
0 0 0 0 0
0 0 0 0 0
0 0 0 0 0
0 0 0 0 0
0 0 0 0 0
0 0 0 0 0
0 0 0 0 0
0 0 0 0 0
0 0 0 0 0
0 0 0 0 0
0 0 0 0 0
0 0 0 0 0
0 0 0 0 0
0 0 0 0 0
0 0 0 0 0
0 0 0 0 0
0 0 0 0 0
0 0 0 0 0
0 0 0 0 0
0 0 0 0 0
0 0 0 0 0
0 0 0 0 0
0 0 0 0 0
0 0 0 0 0
0 0 0 0 0
0 0 0 0 0
0 0 0 0 0
0 0 0 0 0
0 0 0 0 0
0 0 0 0 0
0 0 0 0 0
0 0 0 0 0
0 0 0 0 0
0 0 0 0 0
0 0 0 0 0
0 0 0 0 0
0 0 0 0 0
0 0 0 0 0
0 0 0 0 0
0 0 0 0 0
0 0 0 0 0
0 0 0 0 0
0 0 0 0 0
0 0 0 0 0
0 0 0 0 0
0 0 0 0 0
0 0 0 0 0
0 0 0 0 0
0 0 0 0 0
0 0 0 0 0
0 0 0 0 0
0 0 0 0 0
0 0 0 0 0
0 0 0 0 0
0 0 0 0 0
0 0 0 0 0
0 0 0 0 0
0 0 0 0 0
0 0 0 0 0
0 0 0 0 0
0 0 0 0 0
0 0 0 0 0
0 0 0 0 0
0 0 0 0 0
0 0 0 0 0
5.109 68.665 0 0 0
5.088 72.666 0 0 0
5.069 76.666 0 0 0
5.047 80.665 0 0 0
5.027 84.666 0 0 0
5.007 88.666 0 0 0
4.985 92.665 0 0 0
4.965 96.664 0 0 0
4.945 100.668 0 0 0
4.924 104.682 0 0 0
4.903 108.686 0 0 0
4.895 112.648 0 0 0
4.876 116.533 0 0 0
4.859 120.329 0 0 0
4.838 124.036 0 0 0
4.818 127.631 0 0 0
4.788 131.14 0 0 0
4.793 134.655 0 0 0
4.85 138.248 0 0 0
4.895 141.911 0 0 0
4.953 145.549 0 0 0
4.982 149.102 0 0 0
5.025 152.598 0 0 0
5.067 156.082 0 0 0
5.109 159.578 0 0 0
5.153 163.082 0 0 0
5.189 166.591 0 0 0
5.239 170.094 0 0 0
5.317 173.564 0 0 0
5.392 176.969 0 0 0
5.448 180.299 0 0 0
5.47 183.58 0 0 0
5.477 186.845 0 0 0
5.492 190.114 0 0 0
5.507 193.389 0 0 0
5.521 196.665 0 0 0
5.536 199.945 0 0 0
5.552 203.215 0 0 0
5.566 206.466 0 0 0
5.609 209.71 0 0 0
5.67 212.961 0 0 0
5.731 216.23 0 0 0
5.793 219.509 0 0 0
5.854 222.784 0 0 0
5.915 226.057 0 0 0
5.976 229.333 0 0 0
6.037 232.62 0 0 0
6.106 235.911 0 0 0
6.168 239.166 0 0 0
6.194 242.328 0 0 0
6.155 245.368 0 0 0
6.083 248.315 0 0 0
6.002 251.227 0 0 0
5.929 254.143 0 0 0
5.856 257.07 0 0 0
5.783 259.999 0 0 0
5.709 262.927 0 0 0
5.637 265.868 0 0 0
5.564 268.783 0 0 0
5.491 271.647 0 0 0
5.44 274.491 0 0 0
-357.66 -6260.06 295.917 10148 -58.2153
-358.502 -6259.54 295.903 10148 -58.2344
-359.345 -6259.01 295.89 10148 -58.1959
-360.188 -6258.49 295.877 10148 -58.2386
-361.031 -6257.97 295.863 10148 -56.6975
-361.84 -6257.44 295.85 10148 -57.5619
-362.649 -6256.92 295.838 10148 -58.1024
-363.454 -6256.42 295.825 10148 -58.3648
-364.261 -6255.93 295.812 10148 -58.2235
-365.067 -6255.43 295.799 10148 -58.2432
-365.874 -6254.93 295.787 10148 -58.2231
-366.681 -6254.43 295.774 10148 -58.223
-367.488 -6253.93 295.761 10148 -58.2191
-368.304 -6253.42 295.748 10148 -58.2271
-369.102 -6252.93 295.736 10148 -58.2458
-369.859 -6252.46 295.724 10148 -57.9686
-370.598 -6252 295.712 10148 -57.0229
-371.345 -6251.51 295.7 10148 -57.026
-372.132 -6251 295.688 10148 -57.0857
-372.939 -6250.48 295.675 10148 -57.0764
-373.736 -6249.96 295.662 10148 -57.0357
-374.532 -6249.45 295.65 10148 -57.081
-375.327 -6248.93 295.637 10148 -57.0451
-376.121 -6248.42 295.624 10148 -57.0697
-376.921 -6247.9 295.612 10148 -57.2987
-377.733 -6247.38 295.599 10148 -57.3286
-378.56 -6246.85 295.586 10148 -57.5662
-379.4 -6246.31 295.573 10148 -57.5679
-380.245 -6245.78 295.559 10148 -57.5677
-381.09 -6245.24 295.546 10148 -57.529
-381.933 -6244.7 295.533 10148 -57.5671
-382.775 -6244.17 295.52 10148 -57.5289
-383.618 -6243.63 295.506 10148 -57.5671
-384.461 -6243.1 295.493 10148 -57.548
-385.303 -6242.56 295.48 10148 -57.5512
-386.154 -6242.02 295.466 10148 -57.5449
-386.989 -6241.49 295.453 10148 -57.5304
-387.791 -6240.98 295.441 10148 -57.2592
-388.577 -6240.47 295.428 10148 -56.5305
-389.37 -6239.95 295.416 10148 -56.6086
-390.196 -6239.4 295.403 10148 -56.6144
-391.038 -6238.85 295.389 10148 -56.6049
-391.874 -6238.3 295.376 10148 -56.4726
-392.709 -6237.75 295.363 10148 -56.5968
-393.54 -6237.2 295.35 10148 -57.3544
-394.362 -6236.67 295.337 10148 -58.364
-395.172 -6236.17 295.325 10148 -59.2333
-395.973 -6235.69 295.312 10148 -59.3879
-396.77 -6235.22 295.3 10148 -59.201
-397.566 -6234.75 295.288 10148 -59.2188
-398.363 -6234.27 295.276 10148 -59.2176
-399.161 -6233.8 295.263 10148 -59.218
-399.96 -6233.32 295.251 10148 -59.1975
-400.757 -6232.85 295.239 10148 -59.218
-401.556 -6232.37 295.227 10148 -59.1924
-402.369 -6231.89 295.214 10148 -59.315
-403.113 -6231.45 295.203 10148 -59.3683
-403.835 -6231.02 295.192 10148 -58.6393
-404.484 -6230.62 295.182 10148 -56.453
-405.183 -6230.16 295.171 10148 -56.4988
-405.905 -6229.68 295.16 10148 -56.6014
-406.697 -6229.16 295.147 10148 -56.6027
-407.477 -6228.64 295.135 10148 -56.4911
-408.251 -6228.13 295.123 10148 -55.6767
-409 -6227.62 295.111 10148 -56.4389
-409.724 -6227.14 295.1 10148 -56.6317
-410.423 -6226.68 295.089 10148 -54.682
-411.099 -6226.2 295.078 10148 -53.2318
-411.77 -6225.7 295.067 10148 -53.3105
-412.45 -6225.19 295.056 10148 -54.6105
-413.139 -6224.7 295.045 10148 -56.0764
-413.83 -6224.24 295.035 10148 -57.217
-414.524 -6223.79 295.024 10148 -57.4256
-415.221 -6223.35 295.013 10148 -56.4984
-415.909 -6222.89 295.002 10148 -57.8872
-416.598 -6222.46 294.992 10148 -60.9833
-417.295 -6222.07 294.981 10148 -62.211
-417.992 -6221.7 294.971 10148 -61.0095
-418.689 -6221.32 294.961 10148 -57.8945
-419.382 -6220.88 294.95 10148 -56.4663
-420.073 -6220.43 294.94 10148 -56.7031
-420.756 -6219.98 294.929 10148 -57.0428
-421.415 -6219.55 294.919 10148 -58.199
-422.051 -6219.16 294.909 10148 -58.6618
-422.665 -6218.78 294.9 10148 -58.1346
-423.263 -6218.41 294.891 10148 -58.0806
-423.861 -6218.04 294.882 10148 -58.0799
-424.462 -6217.66 294.872 10148 -58.0796
-425.063 -6217.29 294.863 10148 -58.0797
-425.664 -6216.91 294.854 10148 -58.0527
-426.265 -6216.54 294.845 10148 -58.0797
-426.867 -6216.16 294.836 10148 -58.0797
-427.468 -6215.79 294.827 10148 -58.1067
-428.069 -6215.42 294.818 10148 -58.0527
-428.67 -6215.04 294.808 10148 -58.0796
-429.272 -6214.67 294.799 10148 -58.0797
-429.873 -6214.29 294.79 10148 -58.0528
-430.474 -6213.92 294.781 10148 -58.1024
-431.089 -6213.53 294.772 10148 -58.0914
-431.664 -6213.18 294.763 10148 -58.073
-432.207 -6212.84 294.755 10148 -56.8403
-432.709 -6212.51 294.747 10148 -56.3419
-433.242 -6212.16 294.739 10148 -56.4017
-433.806 -6211.78 294.73 10148 -56.5268
-434.41 -6211.38 294.721 10148 -56.4961
-435.002 -6210.99 294.712 10148 -56.6287
-435.593 -6210.6 294.703 10148 -56.2735
-436.18 -6210.21 294.694 10148 -55.5641
-436.761 -6209.81 294.685 10148 -55.5186
-437.344 -6209.41 294.676 10148 -56.049
-437.935 -6209.01 294.667 10148 -56.9954
-438.539 -6208.62 294.657 10148 -57.3429
-439.148 -6208.23 294.648 10148 -57.132
-439.756 -6207.84 294.639 10148 -57.1572
-440.363 -6207.44 294.63 10148 -57.1308
-440.97 -6207.05 294.62 10148 -57.1308
-441.577 -6206.66 294.611 10148 -57.1308
-442.184 -6206.27 294.602 10148 -57.1569
-442.79 -6205.88 294.593 10148 -57.1572
-443.397 -6205.48 294.583 10148 -57.1308
-444.004 -6205.09 294.574 10148 -57.1575
-444.612 -6204.7 294.565 10148 -57.1309
-445.218 -6204.31 294.556 10148 -57.1615
-445.825 -6203.92 294.546 10148 -57.1353
-446.432 -6203.52 294.537 10148 -57.1353
-447.039 -6203.13 294.528 10148 -57.1627
-447.647 -6202.74 294.519 10148 -57.0574
-448.254 -6202.35 294.51 10148 -57.1341
-448.86 -6201.95 294.501 10148 -57.5546
-449.464 -6201.57 294.492 10148 -58.1171
-450.065 -6201.2 294.483 10148 -58.5263
-450.665 -6200.83 294.474 10148 -58.6098
-451.263 -6200.46 294.465 10148 -58.528
-451.86 -6200.1 294.456 10148 -58.5273
-452.459 -6199.73 294.447 10148 -58.5273
-453.057 -6199.37 294.438 10148 -58.5273
-453.655 -6199 294.429 10148 -58.4998
-454.254 -6198.63 294.42 10148 -58.5275
-454.852 -6198.27 294.412 10148 -58.5545
-455.45 -6197.9 294.403 10148 -58.5273
-456.049 -6197.54 294.394 10148 -58.5271
-456.647 -6197.17 294.385 10148 -58.5273
-457.246 -6196.8 294.376 10148 -58.5001
-457.844 -6196.44 294.367 10148 -58.5545
-458.442 -6196.07 294.358 10148 -58.5275
-459.04 -6195.7 294.349 10148 -58.5297
-459.638 -6195.34 294.34 10148 -58.4226
-460.234 -6194.97 294.332 10148 -58.5015
-460.834 -6194.6 294.323 10148 -59.2437
-461.447 -6194.24 294.314 10148 -59.6939
-462.074 -6193.87 294.305 10148 -60.4247
-462.714 -6193.51 294.296 10148 -60.463
-463.358 -6193.14 294.286 10148 -60.3607
-464 -6192.78 294.277 10148 -60.366
-464.648 -6192.41 294.268 10148 -60.3776
-465.286 -6192.05 294.259 10148 -60.4942
-465.896 -6191.7 294.25 10148 -60.6769
-466.485 -6191.37 294.241 10148 0
