6.94953e-310 4.68503e-310 0 0 0
0 0 0 0 0
0 0 0 0 0
0 0 0 0 0
0 0 0 0 0
0 0 0 0 0
0 0 0 0 0
0 0 0 0 0
0 0 0 0 0
0 0 0 0 0
0 0 0 0 0
0 0 0 0 0
0 0 0 0 0
0 0 0 0 0
0 0 0 0 0
0 0 0 0 0
0 0 0 0 0
0 0 0 0 0
0 0 0 0 0
0 0 0 0 0
0 0 0 0 0
0 0 0 0 0
0 0 0 0 0
0 0 0 0 0
0 0 0 0 0
0 0 0 0 0
0 0 0 0 0
0 0 0 0 0
0 0 0 0 0
0 0 0 0 0
0 0 0 0 0
0 0 0 0 0
0 0 0 0 0
0 0 0 0 0
0 0 0 0 0
0 0 0 0 0
0 0 0 0 0
0 0 0 0 0
0 0 0 0 0
0 0 0 0 0
0 0 0 0 0
0 0 0 0 0
0 0 0 0 0
0 0 0 0 0
0 0 0 0 0
0 0 0 0 0
0 0 0 0 0
0 0 0 0 0
0 0 0 0 0
0 0 0 0 0
0 0 0 0 0
0 0 0 0 0
0 0 0 0 0
0 0 0 0 0
0 0 0 0 0
0 0 0 0 0
0 0 0 0 0
0 0 0 0 0
0 0 0 0 0
0 0 0 0 0
0 0 0 0 0
0 0 0 0 0
0 0 0 0 0
0 0 0 0 0
0 0 0 0 0
0 0 0 0 0
0 0 0 0 0
0 0 0 0 0
0 0 0 0 0
0 0 0 0 0
0 0 0 0 0
0 0 0 0 0
0 0 0 0 0
0 0 0 0 0
0 0 0 0 0
0 0 0 0 0
0 0 0 0 0
0 0 0 0 0
0 0 0 0 0
0 0 0 0 0
0 0 0 0 0
0 0 0 0 0
0 0 0 0 0
0 0 0 0 0
0 0 0 0 0
0 0 0 0 0
0 0 0 0 0
0 0 0 0 0
0 0 0 0 0
0 0 0 0 0
0 0 0 0 0
0 0 0 0 0
0 0 0 0 0
0 0 0 0 0
0 0 0 0 0
0 0 0 0 0
0 0 0 0 0
0 0 0 0 0
0 0 0 0 0
0 0 0 0 0
0 0 0 0 0
0 0 0 0 0
0 0 0 0 0
0 0 0 0 0
0 0 0 0 0
0 0 0 0 0
0 0 0 0 0
0 0 0 0 0
0 0 0 0 0
0 0 0 0 0
0 0 0 0 0
0 0 0 0 0
0 0 0 0 0
0 0 0 0 0
0 0 0 0 0
0 0 0 0 0
0 0 0 0 0
0 0 0 0 0
0 0 0 0 0
0 0 0 0 0
0 0 0 0 0
0 0 0 0 0
0 0 0 0 0
0 0 0 0 0
0 0 0 0 0
0 0 0 0 0
0 0 0 0 0
0 0 0 0 0
0 0 0 0 0
0 0 0 0 0
0 0 0 0 0
0 0 0 0 0
0 0 0 0 0
0 0 0 0 0
3.46 71.584 0 0 0
3.439 75.585 0 0 0
3.419 79.585 0 0 0
3.398 83.584 0 0 0
3.377 87.585 0 0 0
3.357 91.585 0 0 0
3.336 95.584 0 0 0
3.316 99.584 0 0 0
3.295 103.584 0 0 0
3.275 107.587 0 0 0
3.254 111.619 0 0 0
3.233 115.557 0 0 0
3.266 119.263 0 0 0
3.248 122.765 0 0 0
3.232 126.087 0 0 0
3.111 129.081 0 0 0
3.095 132.382 0 0 0
3.131 135.871 0 0 0
3.232 139.567 0 0 0
3.279 143.491 0 0 0
3.329 147.525 0 0 0
3.377 151.532 0 0 0
3.419 155.547 0 0 0
3.481 159.549 0 0 0
3.596 163.491 0 0 0
3.673 167.298 0 0 0
3.714 170.984 0 0 0
3.725 174.545 0 0 0
3.735 178.054 0 0 0
3.753 181.563 0 0 0
3.771 185.087 0 0 0
3.789 188.613 0 0 0
3.807 192.138 0 0 0
3.824 195.663 0 0 0
3.842 199.192 0 0 0
3.86 202.714 0 0 0
3.879 206.222 0 0 0
3.925 209.724 0 0 0
3.992 213.232 0 0 0
4.06 216.753 0 0 0
4.127 220.28 0 0 0
4.196 223.806 0 0 0
4.264 227.345 0 0 0
4.336 230.883 0 0 0
4.414 234.379 0 0 0
4.473 237.774 0 0 0
4.474 241.04 0 0 0
4.454 244.207 0 0 0
4.442 247.331 0 0 0
4.433 250.455 0 0 0
4.424 253.59 0 0 0
4.416 256.727 0 0 0
4.407 259.87 0 0 0
4.399 263.025 0 0 0
4.393 266.175 0 0 0
4.407 269.244 0 0 0
4.382 272.169 0 0 0
4.405 274.996 0 0 0
4.558 277.844 0 0 0
4.751 280.797 0 0 0
4.957 283.808 0 0 0
5.19 286.748 0 0 0
5.401 289.521 0 0 0
5.574 292.158 0 0 0
5.712 294.659 0 0 0
5.813 297.004 0 0 0
5.844 299.271 0 0 0
5.856 301.531 0 0 0
5.882 303.803 0 0 0
5.908 306.078 0 0 0
5.933 308.355 0 0 0
5.959 310.63 0 0 0
5.984 312.906 0 0 0
6.01 315.182 0 0 0
6.036 317.458 0 0 0
6.062 319.733 0 0 0
6.088 322.01 0 0 0
6.114 324.295 0 0 0
6.169 326.575 0 0 0
6.166 328.821 0 0 0
6.038 331.025 0 0 0
5.863 333.221 0 0 0
5.759 335.421 0 0 0
5.814 337.557 0 0 0
5.83 339.522 0 0 0
5.838 341.35 0 0 0
5.786 343.03 0 0 0
-371.862 -6249.01 295.677 10148 -63.253
-372.689 -6248.59 295.664 10148 -63.2941
-373.516 -6248.18 295.652 10148 -63.2365
-374.342 -6247.76 295.64 10148 -63.283
-375.17 -6247.34 295.628 10148 -63.2576
-375.997 -6246.93 295.615 10148 -63.3601
-376.826 -6246.51 295.603 10148 -63.3118
-377.652 -6246.1 295.591 10148 -62.77
-378.468 -6245.68 295.579 10148 -62.124
-379.27 -6245.25 295.567 10148 -61.646
-380.063 -6244.82 295.555 10148 -61.5082
-380.853 -6244.4 295.543 10148 -61.6342
-381.644 -6243.97 295.531 10148 -61.6095
-382.436 -6243.54 295.519 10148 -61.6307
-383.227 -6243.11 295.507 10148 -61.6307
-384.019 -6242.69 295.495 10148 -61.6095
-384.811 -6242.26 295.483 10148 -61.6307
-385.602 -6241.83 295.471 10148 -61.5912
-386.402 -6241.4 295.459 10148 -61.67
-387.186 -6240.97 295.447 10148 -61.8486
-387.936 -6240.57 295.436 10148 -61.3251
-388.668 -6240.17 295.425 10148 -60.8448
-389.41 -6239.76 295.414 10148 -60.714
-390.187 -6239.32 295.402 10148 -60.657
-390.979 -6238.88 295.39 10148 -60.6795
-391.765 -6238.44 295.378 10148 -60.6691
-392.553 -6237.99 295.366 10148 -60.752
-393.337 -6237.55 295.355 10148 -59.815
-394.097 -6237.11 295.343 10148 -60.1868
-394.837 -6236.69 295.332 10148 -59.1217
-395.549 -6236.26 295.321 10148 -57.0566
-396.231 -6235.82 295.31 10148 -55.5572
-396.883 -6235.37 295.3 10148 -56.1327
-397.511 -6234.95 295.29 10148 -57.137
-398.119 -6234.56 295.28 10148 -56.1514
-398.708 -6234.16 295.271 10148 -55.9052
-399.294 -6233.77 295.262 10148 -56.1073
-399.877 -6233.38 295.252 10148 -57.3669
-400.448 -6233.01 295.244 10148 -59.0872
-401.001 -6232.68 295.235 10148 -60.5842
-401.541 -6232.38 295.227 10148 -60.9377
-402.075 -6232.08 295.219 10148 -60.6215
-402.607 -6231.78 295.211 10148 -60.5235
-403.159 -6231.47 295.203 10148 -60.9515
-403.643 -6231.2 295.195 10148 -61.0345
-404.103 -6230.94 295.188 10148 -61.0345
-404.492 -6230.72 295.183 10148 -58.0564
-404.936 -6230.45 295.176 10148 -57.9801
-405.403 -6230.15 295.169 10148 -58.0017
-405.937 -6229.82 295.16 10148 -57.9728
-406.459 -6229.49 295.152 10148 -58.0039
-406.98 -6229.17 295.144 10148 -57.9728
-407.501 -6228.84 295.136 10148 -58.0039
-408.023 -6228.52 295.128 10148 -58.004
-408.543 -6228.19 295.12 10148 -57.9728
-409.064 -6227.86 295.112 10148 -57.9728
-409.585 -6227.54 295.104 10148 -58.035
-410.107 -6227.21 295.096 10148 -57.9728
-410.628 -6226.89 295.088 10148 -58.0039
-411.149 -6226.56 295.08 10148 -58.0039
-411.67 -6226.24 295.072 10148 -57.9728
-412.191 -6225.91 295.064 10148 -58.0039
-412.712 -6225.59 295.056 10148 -57.9728
-413.233 -6225.26 295.048 10148 -58.0039
-413.754 -6224.93 295.04 10148 -57.9728
-414.275 -6224.61 295.032 10148 -58.0039
-414.797 -6224.28 295.024 10148 -58.004
-415.317 -6223.96 295.016 10148 -57.9728
-415.839 -6223.63 295.008 10148 -57.9725
-416.363 -6223.3 295 10148 -57.1045
-416.88 -6222.97 294.992 10148 -58.8926
-417.397 -6222.66 294.984 10148 -62.8326
-417.919 -6222.39 294.977 10148 -64.3953
-418.442 -6222.14 294.969 10148 -62.8626
-418.965 -6221.87 294.962 10148 -58.8655
-419.482 -6221.56 294.954 10148 -57.3925
-420.003 -6221.22 294.946 10148 -57.6088
-420.525 -6220.89 294.938 10148 -56.0829
-421.026 -6220.56 294.93 10148 0
