-275.66 780.668 405.241 650148 13.628
-275.505 781.308 405.267 650148 13.628
-275.35 781.948 405.293 650148 13.628
-275.195 782.589 405.319 650148 13.628
-275.04 783.229 405.345 650148 13.628
-274.884 783.869 405.371 650148 13.628
-274.729 784.509 405.397 650148 13.6281
-274.573 785.155 405.423 650148 13.6281
-274.416 785.801 405.449 650148 13.6281
-274.259 786.447 405.475 650148 13.6281
-274.103 787.093 405.502 650148 13.956
-273.942 787.738 405.528 650148 14.1596
-273.78 788.382 405.554 650148 14.1596
-273.617 789.026 405.581 650148 14.1596
-273.455 789.67 405.607 650148 14.1596
-273.293 790.314 405.633 650148 14.1596
-273.13 790.958 405.66 650148 14.1596
-272.968 791.601 405.686 650148 14.1596
-272.805 792.245 405.712 650148 14.1644
-272.643 792.889 405.739 650148 14.1644
-272.48 793.533 405.765 650148 14.1644
-272.318 794.178 405.792 650148 14.1644
-272.155 794.822 405.818 650148 14.1644
-271.992 795.466 405.844 650148 14.1644
-271.83 796.11 405.871 650148 14.1596
-271.667 796.754 405.897 650148 14.1596
-271.505 797.398 405.923 650148 14.1596
-271.342 798.042 405.95 650148 14.1596
-271.18 798.686 405.976 650148 14.1596
-271.017 799.331 406.003 650148 14.1596
-270.855 799.975 406.029 650148 14.1596
-270.692 800.619 406.055 650148 14.1596
-270.53 801.263 406.082 650148 14.1596
-270.367 801.907 406.108 650148 14.1596
-270.205 802.551 406.134 650148 14.6487
-270.037 803.194 406.161 650148 14.7176
-269.868 803.837 406.187 650148 14.7176
-269.699 804.479 406.214 650148 14.7176
-269.53 805.122 406.24 650148 14.7176
-269.361 805.765 406.267 650148 14.7176
-269.193 806.408 406.293 650148 14.7176
-269.024 807.051 406.32 650148 14.7176
-268.855 807.694 406.346 650148 14.7176
-268.686 808.336 406.373 650148 14.7176
-268.517 808.978 406.399 650148 14.7176
-268.349 809.62 406.425 650148 14.7176
-268.18 810.262 406.452 650148 14.7176
-268.011 810.905 406.478 650148 14.7176
-267.843 811.547 406.505 650148 14.7224
-267.674 812.19 406.531 650148 14.7224
-267.505 812.832 406.558 650148 14.7224
-267.336 813.475 406.584 650148 14.7224
-267.167 814.118 406.611 650148 14.7224
-266.998 814.761 406.637 650148 14.7224
-266.829 815.404 406.664 650148 14.7128
-266.661 816.046 406.69 650148 14.7128
-266.492 816.689 406.717 650148 14.7128
-266.323 817.331 406.743 650148 14.7938
-266.153 817.974 406.769 650148 15.2971
-265.978 818.614 406.796 650148 15.2971
-265.803 819.255 406.822 650148 15.3066
-265.628 819.896 406.849 650148 15.3066
-265.452 820.537 406.875 650148 15.3066
-265.277 821.178 406.902 650148 15.3066
-265.101 821.818 406.928 650148 15.3066
-264.926 822.459 406.955 650148 15.3066
-264.751 823.1 406.981 650148 15.3019
-264.575 823.741 407.008 650148 15.3019
-264.4 824.383 407.034 650148 15.3019
-264.224 825.024 407.061 650148 15.3019
-264.049 825.665 407.087 650148 15.3019
-263.873 826.307 407.114 650148 15.3019
-263.698 826.948 407.14 650148 15.3018
-263.523 827.587 407.167 650148 15.3018
-263.348 828.227 407.193 650148 15.3018
-263.173 828.866 407.219 650148 15.3018
-262.998 829.505 407.246 650148 15.3018
-262.823 830.144 407.272 650148 15.3018
-262.648 830.783 407.299 650148 15.3017
-262.475 831.419 407.325 650148 15.3017
-262.301 832.054 407.351 650148 15.3017
-262.127 832.689 407.377 650148 15.5167
-261.951 833.324 407.404 650148 15.9121
-261.77 833.957 407.43 650148 15.9121
-261.59 834.591 407.456 650148 15.9122
-261.408 835.227 407.482 650148 15.9122
-261.227 835.864 407.509 650148 15.9122
-261.045 836.501 407.535 650148 15.9122
-260.864 837.137 407.561 650148 15.9122
-260.682 837.774 407.588 650148 15.9122
-260.501 838.411 407.614 650148 15.7214
-260.316 839.067 407.641 650148 15.7214
-260.131 839.723 407.668 650148 15.7214
-259.946 840.38 407.695 650148 15.7214
-259.762 841.036 407.722 650148 15.7214
-259.577 841.693 407.75 650148 15.7214
-259.392 842.349 407.777 650148 15.8137
-259.193 843.051 407.806 650148 15.8137
-258.994 843.754 407.835 650148 15.8137
-258.795 844.456 407.864 650148 15.8137
-258.596 845.158 407.893 650148 15.8137
-258.398 845.86 407.922 650148 15.8137
-258.199 846.562 407.951 650148 16.0057
-257.986 847.304 407.982 650148 16.0057
-257.773 848.045 408.012 650148 16.4385
-257.555 848.785 408.043 650148 16.6421
-257.334 849.524 408.073 650148 16.6421
-257.113 850.263 408.104 650148 16.6421
-256.892 851.002 408.134 650148 16.7127
-256.659 851.78 408.167 650148 16.7127
-256.425 852.559 408.199 650148 16.7127
-256.191 853.337 408.231 650148 16.7127
-255.957 854.116 408.263 650148 16.7127
-255.724 854.894 408.295 650148 16.7127
-255.49 855.673 408.327 650148 16.6108
-255.257 856.453 408.36 650148 16.6108
-255.024 857.234 408.392 650148 16.6108
-254.791 858.015 408.424 650148 16.6108
-254.558 858.796 408.456 650148 16.6108
-254.325 859.577 408.489 650148 16.6108
-254.092 860.357 408.521 650148 16.4835
-253.868 861.117 408.552 650148 16.4835
-253.643 861.877 408.584 650148 16.4835
-253.418 862.637 408.615 650148 16.4835
-253.193 863.397 408.646 650148 17.1331
-252.959 864.155 408.678 650148 17.1455
-252.726 864.912 408.709 650148 17.2093
-252.496 865.653 408.739 650148 17.2093
-252.267 866.394 408.77 650148 17.2093
-252.037 867.136 408.8 650148 17.2093
-251.807 867.877 408.831 650148 17.2093
-251.578 868.618 408.861 650148 17.2093
-251.348 869.359 408.892 650148 17.1489
-251.116 870.111 408.923 650148 17.1489
-250.884 870.863 408.953 650148 17.1489
-250.653 871.614 408.984 650148 17.1489
-250.421 872.366 409.015 650148 17.1489
-250.189 873.117 409.046 650148 17.1489
-249.957 873.869 409.077 650148 17.2729
-249.715 874.645 409.109 650148 17.2729
-249.474 875.421 409.141 650148 17.2729
-249.233 876.198 409.173 650148 17.2729
-248.991 876.974 409.205 650148 17.2729
-248.75 877.75 409.237 650148 17.2923
-248.508 878.526 409.269 650148 17.898
-248.253 879.317 409.301 650148 17.898
-247.998 880.108 409.333 650148 17.898
-247.742 880.899 409.366 650148 17.898
-247.487 881.689 409.398 650148 17.898
-247.231 882.48 409.43 650148 17.898
-246.976 883.271 409.462 650148 17.9019
-246.719 884.066 409.495 650148 17.9019
-246.463 884.86 409.527 650148 17.9019
-246.206 885.654 409.56 650148 17.9019
-245.95 886.449 409.592 650148 17.9019
-245.693 887.243 409.625 650148 17.9019
-245.436 888.037 409.657 650148 17.8941
-245.182 888.826 409.689 650148 17.8941
-244.927 889.615 409.722 650148 17.8941
-244.672 890.404 409.754 650148 17.8941
-244.417 891.193 409.786 650148 17.8941
-244.163 891.982 409.818 650148 17.8941
-243.908 892.771 409.851 650148 17.8876
-243.654 893.558 409.883 650148 18.5948
-243.391 894.341 409.914 650148 18.5948
-243.127 895.124 409.946 650148 18.5948
-242.864 895.907 409.978 650148 18.5948
-242.6 896.69 410.01 650148 18.5948
-242.337 897.473 410.041 650148 18.6066
-242.071 898.264 410.073 650148 18.6066
-241.804 899.054 410.105 650148 18.6066
-241.538 899.845 410.137 650148 18.6066
-241.272 900.636 410.169 650148 18.6066
-241.006 901.427 410.201 650148 18.6066
-240.739 902.218 410.233 650148 18.7114
-240.465 903.028 410.266 650148 18.7114
-240.191 903.838 410.299 650148 18.7114
-239.916 904.648 410.332 650148 18.7114
-239.642 905.458 410.365 650148 18.7114
-239.367 906.269 410.397 650148 18.7114
-239.093 907.079 410.43 650148 18.8279
-238.808 907.914 410.464 650148 18.8279
-238.772 908.019 410.469 660148 19.4766
-238.478 908.85 410.507 660148 19.4766
-238.184 909.682 410.545 660148 19.4766
-237.89 910.514 410.583 660148 19.4766
-237.595 911.345 410.621 660148 19.5038
-237.294 912.196 410.66 660148 19.5038
-236.993 913.047 410.698 660148 19.5038
-236.691 913.898 410.737 660148 19.5038
-236.39 914.749 410.776 660148 19.5038
-236.089 915.6 410.815 660148 19.5038
-235.787 916.451 410.853 660148 19.6383
-235.481 917.308 410.893 660148 19.6383
-235.175 918.166 410.932 660148 19.6383
-234.869 919.023 410.971 660148 19.6383
-234.563 919.881 411.01 660148 19.6383
-234.257 920.738 411.049 660148 19.6383
-233.951 921.595 411.088 660148 19.8767
-233.642 922.451 411.127 660148 19.8767
-233.333 923.306 411.166 660148 19.8767
-233.024 924.161 411.205 660148 19.8768
-232.715 925.016 411.244 660148 19.8768
-232.406 925.871 411.283 660148 19.8768
-232.096 926.726 411.323 660148 19.9583
-231.783 927.588 411.362 660148 19.9583
-231.47 928.451 411.401 660148 19.9583
-231.157 929.313 411.441 660148 19.9584
-230.844 930.175 411.48 660148 20.6668
-230.52 931.033 411.516 660148 20.8281
-230.194 931.891 411.552 660148 20.7539
-229.876 932.731 411.587 660148 20.7539
-229.557 933.571 411.622 660148 20.7539
-229.239 934.412 411.657 660148 20.7539
-228.92 935.252 411.691 660148 20.7539
-228.602 936.092 411.726 660148 20.754
-228.284 936.932 411.761 660148 20.512
-227.983 937.735 411.794 660148 20.512
-227.683 938.538 411.828 660148 20.512
-227.383 939.341 411.861 660148 20.512
-227.082 940.144 411.894 660148 20.512
-226.782 940.947 411.927 660148 20.512
-226.481 941.749 411.961 660148 20.466
-226.191 942.528 411.993 660148 20.466
-225.9 943.307 412.025 660148 20.466
-225.609 944.086 412.058 660148 20.466
-225.319 944.865 412.09 660148 20.466
-225.028 945.644 412.122 660148 20.466
-224.737 946.422 412.154 660148 20.6745
-224.449 947.186 412.186 660148 20.6746
-224.161 947.95 412.218 660148 20.6746
-223.873 948.714 412.249 660148 20.6746
-223.585 949.477 412.281 660148 20.6746
-223.296 950.241 412.313 660148 20.6746
-223.008 951.005 412.344 660148 20.3303
-222.729 951.758 412.376 660148 20.3303
-222.45 952.512 412.407 660148 20.969
-222.162 953.263 412.435 660148 21.2139
-221.871 954.012 412.463 660148 21.2139
-221.58 954.761 412.491 660148 21.2139
-221.29 955.511 412.519 660148 21.0699
-221.019 956.213 412.545 660148 21.0699
-220.749 956.915 412.57 660148 21.0699
-220.478 957.617 412.596 660148 21.0699
-220.208 958.319 412.622 660148 21.0699
-219.937 959.021 412.648 660148 21.0699
-219.667 959.723 412.674 660148 20.6736
-219.416 960.388 412.699 660148 20.6736
-219.165 961.053 412.723 660148 20.6736
-218.914 961.718 412.748 660148 20.6736
-218.663 962.383 412.772 660148 20.6736
-218.412 963.048 412.797 660148 20.6736
-218.161 963.713 412.821 660148 20.6771
-217.927 964.334 412.844 660148 20.6771
-217.692 964.956 412.867 660148 20.6771
-217.458 965.577 412.89 660148 20.6771
-217.223 966.198 412.913 660148 20.6771
-216.989 966.819 412.936 660148 20.6771
-216.754 967.441 412.959 660148 20.731
-216.522 968.054 412.982 660148 20.731
-216.29 968.668 413.004 660148 20.731
-216.057 969.281 413.027 660148 20.731
-215.825 969.895 413.049 660148 20.731
-215.593 970.509 413.072 660148 20.731
-215.361 971.122 413.095 660148 20.7334
-215.127 971.741 413.118 660148 20.7334
-214.893 972.359 413.14 660148 20.7334
-214.658 972.978 413.163 660148 20.7334
-214.424 973.596 413.186 660148 20.7334
-214.19 974.215 413.209 660148 20.7334
-213.956 974.834 413.232 660148 21.2705
-213.715 975.453 413.253 660148 21.627
-213.47 976.071 413.273 660148 21.627
-213.225 976.689 413.293 660148 21.627
-212.98 977.307 413.313 660148 21.627
-212.735 977.925 413.333 660148 21.627
-212.49 978.543 413.353 660148 21.6315
-212.245 979.16 413.373 660148 21.6315
-212 979.778 413.393 660148 21.6315
-211.755 980.395 413.413 660148 21.6315
-211.51 981.012 413.433 660148 21.6315
-211.266 981.63 413.452 660148 21.6315
-211.021 982.247 413.472 660148 21.6268
-210.776 982.865 413.492 660148 21.6268
-210.531 983.482 413.512 660148 21.6268
-210.286 984.1 413.532 660148 21.6268
-210.041 984.718 413.552 660148 21.6268
-209.796 985.336 413.572 660148 21.6268
-209.551 985.953 413.592 660148 21.6315
-209.307 986.571 413.612 660148 21.6315
-209.062 987.188 413.632 660148 21.6315
-208.817 987.805 413.652 660148 21.6315
-208.572 988.423 413.672 660148 21.6315
-208.327 989.04 413.692 660148 21.6315
-208.082 989.658 413.712 660148 21.6264
-207.838 990.274 413.732 660148 21.6264
-207.593 990.891 413.752 660148 21.6264
-207.349 991.508 413.772 660148 21.6264
-207.104 992.125 413.792 660148 21.6264
-206.86 992.742 413.812 660148 21.6264
-206.615 993.358 413.832 660148 21.6273
-206.37 993.977 413.852 660148 21.6273
-206.125 994.596 413.872 660148 21.6273
-205.879 995.214 413.892 660148 21.6273
-205.634 995.833 413.912 660148 21.6273
-205.389 996.452 413.932 660148 21.6273
-205.143 997.071 413.952 660148 22.1527
-204.891 997.691 413.97 660148 22.5434
-204.634 998.309 413.987 660148 22.5434
-204.378 998.927 414.004 660148 22.5434
-204.121 999.546 414.021 660148 22.5434
-203.864 1000.16 414.038 660148 22.5434
-203.607 1000.78 414.056 660148 22.5655
-203.352 1001.4 414.072 660148 22.5655
-203.097 1002.01 414.089 660148 22.5655
-202.841 1002.63 414.106 660148 22.5655
-202.586 1003.24 414.123 660148 22.5655
-202.33 1003.86 414.14 660148 22.5655
-202.075 1004.47 414.157 660148 22.582
-201.827 1005.07 414.174 660148 22.582
-201.579 1005.66 414.19 660148 22.582
-201.33 1006.26 414.207 660148 22.582
-201.082 1006.86 414.223 660148 22.582
-200.834 1007.45 414.24 660148 22.582
-200.586 1008.05 414.256 660148 22.5012
-200.351 1008.62 414.272 660148 22.5012
-200.116 1009.19 414.288 660148 22.5012
-199.881 1009.75 414.303 660148 22.5012
-199.646 1010.32 414.319 660148 22.5012
-199.411 1010.89 414.334 660148 22.5012
-199.176 1011.46 414.35 660148 22.5424
-198.953 1011.99 414.365 660148 22.5424
-198.73 1012.53 414.38 660148 22.5424
-198.507 1013.07 414.395 660148 22.5424
-198.284 1013.6 414.409 660148 22.5424
-198.061 1014.14 414.424 660148 22.5424
-197.839 1014.68 414.439 660148 22.8551
-197.62 1015.19 414.453 660148 22.8551
-197.402 1015.71 414.468 660148 22.8551
-197.183 1016.23 414.482 660148 22.8551
-196.965 1016.75 414.496 660148 22.8551
-196.746 1017.27 414.511 660148 22.8551
-196.527 1017.79 414.525 660148 23.5236
-196.305 1018.3 414.539 660148 23.5236
-196.083 1018.81 414.554 660148 23.5236
-195.86 1019.32 414.568 660148 24.2022
-195.632 1019.83 414.58 660148 24.445
-195.401 1020.34 414.592 660148 24.445
-195.17 1020.84 414.603 660148 24.5915
-194.938 1021.35 414.615 660148 24.5915
-194.705 1021.86 414.626 660148 24.5915
-194.473 1022.37 414.638 660148 24.5915
-194.24 1022.88 414.65 660148 24.5915
-194.008 1023.38 414.661 660148 24.5915
-193.775 1023.89 414.673 660148 24.4978
-193.543 1024.4 414.685 660148 24.4978
-193.31 1024.91 414.696 660148 24.4978
-193.078 1025.42 414.708 660148 24.4978
-192.845 1025.93 414.72 660148 24.4978
-192.613 1026.44 414.731 660148 24.4978
-192.38 1026.95 414.743 660148 24.486
-192.148 1027.46 414.755 660148 24.486
-191.915 1027.97 414.766 660148 24.4861
-191.683 1028.48 414.778 660148 24.4861
-191.45 1028.99 414.79 660148 24.4861
-191.218 1029.51 414.801 660148 24.4861
-190.985 1030.02 414.813 660148 24.4974
-190.753 1030.53 414.825 660148 24.4974
-190.52 1031.04 414.836 660148 24.4974
-190.287 1031.55 414.848 660148 24.4974
-190.055 1032.06 414.86 660148 24.4975
-189.822 1032.57 414.871 660148 24.4975
-189.59 1033.08 414.883 660148 24.4878
-189.358 1033.59 414.895 660148 24.4879
-189.126 1034.1 414.906 660148 24.4879
-188.894 1034.61 414.918 660148 24.4879
-188.662 1035.12 414.93 660148 24.4879
-188.43 1035.63 414.941 660148 24.4879
-188.198 1036.13 414.953 660148 24.501
-187.966 1036.64 414.964 660148 24.501
-187.735 1037.15 414.976 660148 24.501
-187.503 1037.66 414.988 660148 24.501
-187.272 1038.17 414.999 660148 24.5011
-187.04 1038.67 415.011 660148 24.5011
-186.809 1039.18 415.023 660148 24.5203
-186.576 1039.69 415.034 660148 24.5203
-186.343 1040.2 415.046 660148 24.5203
-186.111 1040.71 415.058 660148 24.5203
-185.878 1041.22 415.069 660148 25.3311
-185.638 1041.73 415.079 660148 25.4533
-185.397 1042.24 415.088 660148 25.4509
-185.153 1042.75 415.097 660148 25.4509
-184.909 1043.26 415.106 660148 25.4509
-184.666 1043.77 415.115 660148 25.4509
-184.422 1044.28 415.124 660148 25.4509
-184.178 1044.8 415.133 660148 25.4509
-183.935 1045.31 415.142 660148 25.2577
-183.689 1045.83 415.151 660148 25.2577
-183.444 1046.35 415.16 660148 25.2577
-183.199 1046.87 415.17 660148 25.2577
-182.954 1047.39 415.179 660148 25.2577
-182.708 1047.91 415.188 660148 25.2577
-182.463 1048.43 415.197 660148 24.8404
-182.218 1048.96 415.207 660148 24.8404
-181.973 1049.49 415.216 660148 24.8404
-181.728 1050.02 415.225 660148 24.8404
-181.483 1050.55 415.235 660148 24.8404
-181.238 1051.07 415.244 660148 24.8404
-180.993 1051.6 415.253 660148 24.528
-180.745 1052.15 415.263 660148 24.528
-180.496 1052.69 415.272 660148 24.528
-180.248 1053.24 415.282 660148 24.528
-180 1053.78 415.291 660148 24.528
-179.752 1054.32 415.301 660148 24.528
-179.503 1054.87 415.311 660148 24.3975
-179.245 1055.44 415.321 660148 24.3975
-178.987 1056.01 415.331 660148 24.3975
-178.729 1056.58 415.341 660148 24.3975
-178.471 1057.14 415.351 660148 24.3975
-178.213 1057.71 415.361 660148 24.3975
-177.955 1058.28 415.371 660148 24.4814
-177.687 1058.87 415.381 660148 24.4814
-177.419 1059.46 415.391 660148 24.4814
-177.151 1060.05 415.402 660148 24.4814
-176.883 1060.64 415.412 660148 24.4814
-176.614 1061.23 415.422 660148 24.4814
-176.346 1061.81 415.433 660148 24.4727
-176.077 1062.41 415.443 660148 24.4727
-175.807 1063 415.453 660148 25.2551
-175.53 1063.59 415.461 660148 25.4169
-175.251 1064.17 415.468 660148 25.4169
-174.972 1064.76 415.476 660148 25.4169
-174.693 1065.35 415.483 660148 25.3438
-174.423 1065.92 415.49 660148 25.3438
-174.154 1066.49 415.497 660148 25.3438
-173.884 1067.06 415.504 660148 25.3438
-173.615 1067.62 415.511 660148 25.3438
-173.346 1068.19 415.518 660148 25.3438
-173.076 1068.76 415.525 660148 25.3479
-172.822 1069.3 415.531 660148 25.3479
-172.567 1069.84 415.538 660148 25.3479
-172.313 1070.37 415.544 660148 25.3479
-172.059 1070.91 415.551 660148 25.3479
-171.804 1071.45 415.558 660148 25.3479
-171.55 1071.98 415.564 660148 25.2273
-171.308 1072.5 415.57 660148 25.2273
-171.067 1073.01 415.577 660148 25.2273
-170.825 1073.52 415.583 660148 25.2273
-170.583 1074.04 415.589 660148 25.2273
-170.342 1074.55 415.596 660148 25.2273
-170.1 1075.06 415.602 660148 25.3443
-169.863 1075.56 415.608 660148 25.3443
-169.625 1076.06 415.614 660148 25.3443
-169.388 1076.56 415.62 660148 25.3443
-169.151 1077.07 415.626 660148 25.3443
-168.913 1077.57 415.633 660148 25.3443
-168.676 1078.07 415.639 660148 25.3325
-168.439 1078.57 415.645 660148 25.3325
-168.202 1079.07 415.651 660148 25.3325
-167.965 1079.57 415.657 660148 25.3325
-167.729 1080.07 415.663 660148 25.3325
-167.492 1080.57 415.669 660148 25.3325
-167.255 1081.07 415.675 660148 25.3317
-167.018 1081.57 415.682 660148 25.3317
-166.782 1082.07 415.688 660148 25.3317
-166.546 1082.57 415.694 660148 25.3317
-166.309 1083.07 415.7 660148 25.3318
-166.073 1083.57 415.706 660148 25.3318
-165.837 1084.07 415.712 660148 25.4419
-165.606 1084.55 415.718 660148 25.7931
-165.371 1085.04 415.723 660148 26.3964
-165.132 1085.52 415.726 660148 26.3964
-164.893 1086 415.73 660148 26.3964
-164.654 1086.48 415.733 660148 26.3964
-164.415 1086.96 415.736 660148 26.1822
-164.188 1087.42 415.739 660148 26.1822
-163.962 1087.88 415.742 660148 26.1822
-163.735 1088.35 415.745 660148 26.1822
-163.509 1088.81 415.748 660148 26.1822
-163.282 1089.27 415.752 660148 26.1822
-163.056 1089.73 415.755 660148 26.1822
-162.837 1090.17 415.758 660148 26.1822
-162.619 1090.61 415.761 660148 26.1822
-162.4 1091.05 415.764 660148 26.1822
-162.182 1091.5 415.767 660148 26.1822
-161.964 1091.94 415.77 660148 26.1822
-161.745 1092.38 415.773 660148 26.3005
-161.522 1092.83 415.776 660148 26.3005
-161.299 1093.28 415.779 660148 26.3005
-161.077 1093.73 415.782 660148 26.3005
-160.854 1094.18 415.785 660148 26.3005
-160.631 1094.63 415.788 660148 26.3005
-160.408 1095.09 415.791 660148 26.1936
-160.179 1095.55 415.794 660148 26.1936
-159.949 1096.02 415.797 660148 26.1936
-159.72 1096.48 415.8 660148 26.1936
-159.49 1096.95 415.803 660148 26.1936
-159.261 1097.42 415.806 660148 26.1936
-159.031 1097.88 415.81 660148 26.1936
-158.815 1098.32 415.812 660148 26.1936
-158.599 1098.75 415.815 660148 26.1936
-158.383 1099.19 415.818 660148 26.1936
-158.167 1099.62 415.821 660148 26.1936
-157.951 1100.06 415.824 660148 26.1936
-157.735 1100.49 415.827 660148 26.1936
-157.544 1100.89 415.83 660148 26.1936
-157.352 1101.28 415.832 660148 26.1936
-157.16 1101.67 415.835 660148 26.1936
-156.968 1102.06 415.838 660148 26.1936
-156.776 1102.45 415.84 660148 26.1936
-156.584 1102.84 415.843 660148 26.1936
-156.374 1103.27 415.846 660148 26.1936
-156.163 1103.7 415.849 660148 26.1936
-155.953 1104.13 415.852 660148 26.1936
-155.742 1104.55 415.854 660148 26.1936
-155.532 1104.98 415.857 660148 26.1936
-155.322 1105.41 415.86 660148 26.4755
-155.077 1105.9 415.863 660148 26.4755
-154.833 1106.39 415.867 660148 27.232
-154.582 1106.88 415.868 660148 27.4395
-154.33 1107.36 415.868 660148 27.4395
-154.077 1107.85 415.869 660148 27.4395
-153.825 1108.34 415.869 660148 27.7881
-153.537 1108.88 415.87 660148 27.7881
-153.25 1109.43 415.87 660148 27.7881
-152.963 1109.97 415.871 660148 27.7881
-152.675 1110.52 415.872 660148 27.7881
-152.388 1111.06 415.872 660148 27.7881
-152.101 1111.61 415.873 660148 28.0526
-151.778 1112.21 415.873 660148 28.0526
-151.456 1112.82 415.874 660148 28.0526
-151.134 1113.42 415.874 660148 28.0526
-150.811 1114.03 415.875 660148 28.0526
-150.489 1114.63 415.876 660148 28.0526
-150.167 1115.24 415.876 660148 28.2315
-149.812 1115.9 415.877 660148 28.2315
-149.458 1116.56 415.878 660148 28.2315
-149.104 1117.22 415.878 660148 28.2315
-148.75 1117.88 415.879 660148 28.2315
-148.395 1118.54 415.88 660148 28.2315
-148.041 1119.19 415.88 660148 28.0619
-147.677 1119.88 415.881 660148 28.0619
-147.313 1120.56 415.882 660148 28.0619
-146.95 1121.24 415.882 660148 28.0619
-146.586 1121.92 415.883 660148 28.0619
-146.222 1122.61 415.884 660148 28.0619
-145.858 1123.29 415.884 660148 28.0604
-145.496 1123.97 415.885 660148 28.0604
-145.134 1124.65 415.886 660148 28.0604
-144.772 1125.33 415.887 660148 28.0604
-144.41 1126.01 415.887 660148 28.0604
-144.048 1126.68 415.888 660148 28.0604
-143.687 1127.36 415.889 660148 207.709
-144.047 1126.68 415.891 670148 28.9449
-143.677 1127.35 415.889 670148 28.9449
-143.307 1128.02 415.887 670148 28.9449
-142.937 1128.68 415.884 670148 28.9449
-142.567 1129.35 415.882 670148 28.9449
-142.197 1130.02 415.88 670148 28.9379
-141.825 1130.7 415.878 670148 28.9379
-141.452 1131.37 415.876 670148 28.9379
-141.08 1132.04 415.874 670148 28.9379
-140.708 1132.72 415.872 670148 28.9379
-140.336 1133.39 415.87 670148 28.9379
-139.964 1134.06 415.867 670148 28.9427
-139.592 1134.73 415.865 670148 28.9427
-139.22 1135.41 415.863 670148 28.9427
-138.849 1136.08 415.861 670148 28.9427
-138.477 1136.75 415.859 670148 28.9427
-138.105 1137.42 415.857 670148 28.9428
-137.734 1138.09 415.855 670148 29.0182
-137.367 1138.76 415.852 670148 29.0183
-137 1139.42 415.85 670148 29.0183
-136.633 1140.08 415.848 670148 29.0183
-136.267 1140.74 415.846 670148 29.0183
-135.9 1141.4 415.844 670148 29.0183
-135.533 1142.06 415.842 670148 28.9238
-135.182 1142.7 415.84 670148 28.9238
-134.83 1143.33 415.838 670148 28.9238
-134.479 1143.97 415.836 670148 28.9238
-134.127 1144.61 415.834 670148 28.9238
-133.776 1145.24 415.832 670148 28.9238
-133.424 1145.88 415.83 670148 28.6775
-133.093 1146.48 415.828 670148 28.6775
-132.761 1147.09 415.826 670148 28.6775
-132.429 1147.7 415.824 670148 28.6775
-132.098 1148.3 415.822 670148 28.6775
-131.766 1148.91 415.82 670148 28.6775
-131.434 1149.52 415.818 670148 28.732
-131.114 1150.1 415.815 670148 29.4945
-130.786 1150.68 415.809 670148 29.4945
-130.457 1151.26 415.802 670148 29.4945
-130.129 1151.84 415.795 670148 29.4945
-129.801 1152.42 415.789 670148 29.4945
-129.473 1153 415.782 670148 29.3255
-129.151 1153.57 415.776 670148 29.3255
-128.83 1154.15 415.769 670148 29.3255
-128.508 1154.72 415.763 670148 29.3255
-128.187 1155.29 415.756 670148 29.3255
-127.865 1155.86 415.75 670148 29.3255
-127.543 1156.44 415.743 670148 29.3352
-127.222 1157.01 415.737 670148 29.3352
-126.9 1157.58 415.731 670148 29.3352
-126.578 1158.15 415.724 670148 29.3352
-126.257 1158.73 415.718 670148 29.3352
-125.935 1159.3 415.711 670148 29.3352
-125.613 1159.87 415.705 670148 29.2643
-125.289 1160.45 415.698 670148 29.2643
-124.965 1161.03 415.692 670148 29.2643
-124.641 1161.61 415.685 670148 29.2643
-124.317 1162.18 415.678 670148 29.2643
-123.993 1162.76 415.672 670148 29.2643
-123.669 1163.34 415.665 670148 29.137
-123.339 1163.93 415.659 670148 29.137
-123.009 1164.52 415.652 670148 29.137
-122.679 1165.12 415.645 670148 29.137
-122.349 1165.71 415.639 670148 29.137
-122.019 1166.3 415.632 670148 29.137
-121.689 1166.89 415.625 670148 29.3618
-121.341 1167.51 415.618 670148 29.3618
-120.993 1168.13 415.611 670148 29.3618
-120.645 1168.75 415.604 670148 29.3618
-120.297 1169.37 415.597 670148 29.3618
-119.949 1169.98 415.59 670148 29.3618
-119.601 1170.6 415.583 670148 29.6686
-119.231 1171.25 415.576 670148 29.6686
-118.861 1171.9 415.569 670148 29.6686
-118.491 1172.55 415.561 670148 29.6686
-118.12 1173.2 415.554 670148 30.5193
-117.741 1173.85 415.542 670148 30.6959
-117.359 1174.49 415.53 670148 30.9547
-116.96 1175.16 415.518 670148 30.9547
-116.561 1175.82 415.505 670148 30.9547
-116.161 1176.49 415.493 670148 30.9547
-115.762 1177.15 415.48 670148 30.9547
-115.363 1177.82 415.467 670148 30.9547
-114.964 1178.48 415.455 670148 31.0333
-114.559 1179.16 415.442 670148 31.0333
-114.153 1179.83 415.429 670148 31.0333
-113.748 1180.5 415.416 670148 31.0333
-113.342 1181.18 415.404 670148 31.0333
-112.937 1181.85 415.391 670148 31.0333
-112.531 1182.53 415.378 670148 30.9775
-112.127 1183.2 415.365 670148 30.9775
-111.723 1183.87 415.352 670148 30.9775
-111.319 1184.55 415.34 670148 30.9775
-110.915 1185.22 415.327 670148 30.9775
-110.511 1185.89 415.314 670148 30.9775
-110.107 1186.56 415.301 670148 30.9719
-109.705 1187.23 415.289 670148 30.9719
-109.303 1187.9 415.276 670148 30.9719
-108.901 1188.57 415.263 670148 30.9719
-108.499 1189.24 415.251 670148 30.9719
-108.097 1189.91 415.238 670148 30.9719
-107.695 1190.58 415.225 670148 30.9796
-107.293 1191.25 415.213 670148 30.9796
-106.89 1191.92 415.2 670148 30.9797
-106.488 1192.59 415.187 670148 30.9797
-106.086 1193.26 415.174 670148 30.9797
-105.683 1193.93 415.162 670148 30.9797
-105.281 1194.6 415.149 670148 30.9771
-104.876 1195.28 415.136 670148 30.9771
-104.472 1195.95 415.123 670148 31.4616
-104.062 1196.62 415.109 670148 32.0082
-103.646 1197.29 415.091 670148 32.0082
-103.229 1197.95 415.074 670148 32.0082
-102.813 1198.62 415.057 670148 32.0091
-102.397 1199.29 415.04 670148 32.0091
-101.981 1199.95 415.022 670148 32.0091
-101.565 1200.62 415.005 670148 32.0091
-101.15 1201.28 414.988 670148 32.0091
-100.734 1201.95 414.971 670148 32.0091
-100.318 1202.61 414.953 670148 32.1129
-99.9086 1203.26 414.936 670148 32.1129
-99.4989 1203.92 414.92 670148 32.1129
-99.0892 1204.57 414.903 670148 32.1129
-98.6795 1205.22 414.886 670148 32.1129
-98.2698 1205.87 414.869 670148 32.1129
-97.8602 1206.53 414.852 670148 32.0095
-97.4684 1207.15 414.836 670148 32.0095
-97.0767 1207.78 414.819 670148 32.0095
-96.6849 1208.41 414.803 670148 32.0095
-96.2932 1209.03 414.787 670148 32.0095
-95.9014 1209.66 414.771 670148 32.0095
-95.5097 1210.29 414.754 670148 31.7982
-95.1432 1210.88 414.739 670148 31.7982
-94.7767 1211.47 414.724 670148 31.7982
-94.4103 1212.06 414.709 670148 31.7982
-94.0438 1212.65 414.693 670148 31.7982
-93.6773 1213.24 414.678 670148 31.7982
-93.3108 1213.83 414.663 670148 31.5343
-92.9691 1214.39 414.648 670148 31.5343
-92.6274 1214.95 414.634 670148 31.5343
-92.2857 1215.5 414.62 670148 31.5343
-91.944 1216.06 414.605 670148 31.5343
-91.6024 1216.62 414.591 670148 31.5343
-91.2607 1217.18 414.577 670148 31.3081
-90.941 1217.7 414.563 670148 31.3081
-90.6214 1218.23 414.55 670148 31.3081
-90.3017 1218.75 414.536 670148 31.657
-89.9789 1219.28 414.522 670148 32.3423
-89.6498 1219.8 414.505 670148 32.3423
-89.3208 1220.31 414.488 670148 32.3967
-88.997 1220.83 414.472 670148 32.3967
-88.6731 1221.34 414.456 670148 32.3967
-88.3493 1221.85 414.439 670148 32.3967
-88.0255 1222.36 414.423 670148 32.3967
-87.7016 1222.87 414.407 670148 32.3967
-87.3778 1223.38 414.39 670148 32.2174
-87.0455 1223.9 414.374 670148 32.2174
-86.7131 1224.43 414.357 670148 32.2174
-86.3808 1224.96 414.34 670148 32.2174
-86.0485 1225.49 414.323 670148 32.2174
-85.7161 1226.01 414.306 670148 32.2174
-85.3838 1226.54 414.289 670148 32.4334
-85.0293 1227.1 414.272 670148 32.4334
-84.6749 1227.66 414.254 670148 32.4334
-84.3204 1228.21 414.236 670148 32.4334
-83.966 1228.77 414.218 670148 32.4334
-83.6115 1229.33 414.2 670148 32.4334
-83.2571 1229.89 414.182 670148 32.5397
-82.8728 1230.49 414.163 670148 32.5397
-82.4886 1231.09 414.144 670148 32.5397
-82.1043 1231.69 414.125 670148 32.5397
-81.7201 1232.3 414.105 670148 32.5397
-81.3358 1232.9 414.086 670148 32.5397
-80.9516 1233.5 414.067 670148 32.5048
-80.5607 1234.11 414.047 670148 32.5048
-80.1699 1234.73 414.028 670148 32.5048
-79.7791 1235.34 414.008 670148 32.5048
-79.3882 1235.95 413.988 670148 32.5048
-78.9974 1236.57 413.969 670148 32.5048
-78.6065 1237.18 413.949 670148 32.4203
-78.2346 1237.77 413.93 670148 32.4203
-77.8626 1238.35 413.912 670148 32.4203
-77.4906 1238.94 413.893 670148 32.4203
-77.1187 1239.52 413.874 670148 32.4203
-76.7467 1240.11 413.855 670148 32.4203
-76.3747 1240.7 413.837 670148 32.4583
-76.0165 1241.26 413.819 670148 32.5373
-75.6574 1241.82 413.8 670148 33.4951
-75.2891 1242.38 413.779 670148 33.4951
-74.9207 1242.94 413.759 670148 33.4951
-74.5524 1243.49 413.738 670148 33.4951
-74.184 1244.05 413.717 670148 33.5761
-73.816 1244.6 413.696 670148 33.5761
-73.448 1245.16 413.675 670148 33.5761
-73.0799 1245.71 413.654 670148 33.5761
-72.7119 1246.27 413.633 670148 33.5761
-72.3439 1246.82 413.613 670148 33.5761
-71.9758 1247.37 413.592 670148 33.5854
-71.586 1247.96 413.57 670148 33.5854
-71.1962 1248.55 413.548 670148 33.5854
-70.8064 1249.14 413.525 670148 33.5854
-70.4166 1249.72 413.503 670148 33.5854
-70.0268 1250.31 413.481 670148 33.5854
-69.637 1250.9 413.459 670148 33.4909
-69.2273 1251.52 413.436 670148 33.4909
-68.8176 1252.14 413.413 670148 33.4909
-68.4078 1252.75 413.389 670148 33.4909
-67.9981 1253.37 413.366 670148 33.4909
-67.5884 1253.99 413.343 670148 33.4909
-67.1787 1254.61 413.32 670148 33.5893
-66.7587 1255.24 413.296 670148 33.5893
-66.3387 1255.88 413.272 670148 33.5893
-65.9187 1256.51 413.248 670148 33.5893
-65.4988 1257.14 413.225 670148 33.5893
-65.0788 1257.77 413.201 670148 33.5893
-64.6588 1258.41 413.177 670148 33.5849
-64.2214 1259.07 413.152 670148 33.5849
-63.7841 1259.72 413.128 670148 33.5849
-63.3467 1260.38 413.103 670148 33.5849
-62.9093 1261.04 413.078 670148 33.5849
-62.4719 1261.7 413.053 670148 33.5849
-62.0345 1262.36 413.028 670148 33.6472
-61.5821 1263.04 413.003 670148 33.6472
-61.1297 1263.72 412.977 670148 33.9478
-60.6737 1264.4 412.951 670148 34.6856
-60.2091 1265.07 412.922 670148 34.6856
-59.7444 1265.74 412.894 670148 34.6856
-59.2798 1266.41 412.865 670148 34.6193
-58.808 1267.09 412.836 670148 34.6193
-58.3362 1267.78 412.807 670148 34.6193
-57.8645 1268.46 412.778 670148 34.6193
-57.3927 1269.14 412.749 670148 34.6193
-56.9209 1269.83 412.72 670148 34.6193
-56.4491 1270.51 412.691 670148 34.6193
-55.9751 1271.2 412.662 670148 34.6193
-55.501 1271.88 412.633 670148 34.6193
-55.027 1272.57 412.604 670148 34.6193
-54.553 1273.26 412.574 670148 34.6193
-54.0789 1273.94 412.545 670148 34.6193
-53.6049 1274.63 412.516 670148 34.6155
-53.1326 1275.31 412.487 670148 34.6155
-52.6603 1276 412.458 670148 34.6155
-52.188 1276.68 412.429 670148 34.6155
-51.7157 1277.37 412.4 670148 34.6155
-51.2434 1278.05 412.371 670148 34.6155
-50.7711 1278.74 412.342 670148 34.6193
-50.2999 1279.42 412.313 670148 34.6193
-49.8287 1280.1 412.284 670148 34.6193
-49.3575 1280.78 412.255 670148 34.6193
-48.8862 1281.47 412.226 670148 34.6193
-48.415 1282.15 412.197 670148 34.6193
-47.9438 1282.83 412.168 670148 34.6193
-47.472 1283.51 412.139 670148 34.6193
-47.0003 1284.2 412.11 670148 34.6193
-46.5285 1284.88 412.081 670148 34.6193
-46.0567 1285.56 412.051 670148 34.6193
-45.5849 1286.25 412.022 670148 35.4496
-45.1034 1286.92 411.991 670148 35.6588
-44.6195 1287.6 411.96 670148 35.6588
-44.1357 1288.27 411.929 670148 35.6588
-43.6518 1288.95 411.897 670148 35.6588
-43.1679 1289.62 411.866 670148 35.6588
-42.6841 1290.3 411.834 670148 35.6588
-42.2002 1290.97 411.803 670148 35.6588
-41.7164 1291.64 411.771 670148 35.6588
-41.2325 1292.32 411.74 670148 35.6588
-40.7487 1292.99 411.708 670148 35.6588
-40.2648 1293.67 411.677 670148 35.6588
-39.781 1294.34 411.645 670148 35.6588
-39.2971 1295.02 411.614 670148 35.6588
-38.8133 1295.69 411.582 670148 35.6588
-38.3294 1296.37 411.551 670148 35.6588
-37.8456 1297.04 411.52 670148 35.6588
-37.3617 1297.71 411.488 670148 35.6588
-36.8779 1298.39 411.457 670148 35.6588
-36.394 1299.06 411.425 670148 35.6588
-35.9102 1299.74 411.394 670148 35.6588
-35.4263 1300.41 411.362 670148 35.6588
-34.9425 1301.09 411.331 670148 35.6588
-34.4586 1301.76 411.299 670148 35.6588
-33.9748 1302.43 411.268 670148 35.6588
-33.4909 1303.11 411.236 670148 35.6588
-33.0074 1303.78 411.205 670148 35.6588
-32.524 1304.46 411.174 670148 35.6588
-32.0405 1305.13 411.142 670148 35.6588
-31.557 1305.8 411.111 670148 35.6588
-31.0736 1306.48 411.079 670148 35.6588
-30.5901 1307.15 411.048 670148 35.655
-30.1059 1307.83 411.016 670148 35.9075
-29.6188 1308.5 410.984 670148 36.6948
-29.1225 1309.17 410.951 670148 36.6948
-28.6261 1309.83 410.918 670148 36.6948
-28.1298 1310.5 410.884 670148 36.6948
-27.6335 1311.16 410.851 670148 36.6986
-27.1356 1311.83 410.817 670148 36.6986
-26.6376 1312.5 410.784 670148 36.6986
-26.1397 1313.17 410.751 670148 36.6986
-25.6417 1313.84 410.717 670148 36.6986
-25.1438 1314.5 410.684 670148 36.6986
-24.6458 1315.17 410.65 670148 36.6986
-24.1471 1315.84 410.617 670148 36.6986
-23.6483 1316.51 410.583 670148 36.6986
-23.1496 1317.18 410.55 670148 36.6986
-22.6508 1317.85 410.516 670148 36.6986
-22.1521 1318.52 410.483 670148 36.6986
-21.6533 1319.19 410.449 670148 36.691
-21.1565 1319.85 410.416 670148 36.691
-20.6596 1320.52 410.382 670148 36.691
-20.1627 1321.19 410.349 670148 36.691
-19.6659 1321.85 410.315 670148 36.691
-19.169 1322.52 410.282 670148 36.691
-18.6721 1323.19 410.249 670148 36.6909
-18.1768 1323.85 410.215 670148 36.6909
-17.6816 1324.52 410.182 670148 36.6909
-17.1863 1325.18 410.149 670148 36.6909
-16.691 1325.85 410.115 670148 36.6909
-16.1957 1326.51 410.082 670148 36.6909
-15.7004 1327.18 410.049 670148 36.6909
-15.2103 1327.83 410.016 670148 36.6909
-14.7202 1328.49 409.983 670148 36.6909
-14.23 1329.15 409.95 670148 36.6909
-13.7399 1329.81 409.917 670148 37.3342
-13.2425 1330.46 409.883 670148 37.7302
-12.7405 1331.11 409.849 670148 37.5742
-12.2311 1331.77 409.814 670148 37.5742
-11.7216 1332.43 409.779 670148 37.5742
-11.2121 1333.09 409.745 670148 37.5742
-10.7026 1333.76 409.71 670148 37.5742
-10.1931 1334.42 409.675 670148 37.5742
-9.68365 1335.08 409.64 670148 37.8865
-9.17035 1335.74 409.605 670148 37.8865
-8.65705 1336.4 409.57 670148 37.8865
-8.14374 1337.06 409.535 670148 37.8865
-7.63044 1337.72 409.5 670148 37.8865
-7.11715 1338.38 409.466 670148 37.8865
-6.60385 1339.04 409.431 670148 37.7316
-5.99443 1339.83 409.389 670148 37.7316
-5.38501 1340.61 409.348 670148 37.7316
-4.77559 1341.4 409.306 670148 37.7316
-4.16616 1342.19 409.264 670148 37.7316
-3.55674 1342.98 409.223 670148 37.7316
-2.94732 1343.77 409.181 670148 37.7284
-2.33794 1344.55 409.14 670148 37.7284
-1.72857 1345.34 409.098 670148 37.7284
-1.11919 1346.13 409.057 670148 37.7284
-0.509811 1346.92 409.015 670148 37.7284
0.0995671 1347.7 408.974 670148 37.7284
0.708945 1348.49 408.932 670148 37.7284
0 0 0 0 37.7284
0 0 0 0 37.7284
0 0 0 0 37.7284
0 0 0 0 37.7284
0 0 0 0 37.7284
0 0 0 0 37.7284
0 0 0 0 37.7284
0 0 0 0 37.7284
0 0 0 0 37.7284
0 0 0 0 37.7284
0 0 0 0 37.7284
0 0 0 0 37.7284
0 0 0 0 37.7284
0 0 0 0 37.7284
0 0 0 0 37.7284
0 0 0 0 37.7284
0 0 0 0 37.7284
0 0 0 0 37.7284
0 0 0 0 37.7284
0 0 0 0 37.7284
0 0 0 0 37.7284
0 0 0 0 37.7284
0 0 0 0 37.7284
0 0 0 0 37.7284
0 0 0 0 37.7284
0 0 0 0 37.7284
0 0 0 0 37.7284
0 0 0 0 37.7284
0 0 0 0 37.7284
0 0 0 0 37.7284
0 0 0 0 37.7284
0 0 0 0 37.7284
0 0 0 0 37.7284
0 0 0 0 37.7284
0 0 0 0 37.7284
0 0 0 0 37.7284
0 0 0 0 37.7284
0 0 0 0 37.7284
0 0 0 0 37.7284
0 0 0 0 37.7284
0 0 0 0 37.7284
0 0 0 0 37.7284
0 0 0 0 37.7284
0 0 0 0 37.7284
0 0 0 0 37.7284
0 0 0 0 37.7284
0 0 0 0 37.7284
0 0 0 0 37.7284
0 0 0 0 37.7284
0 0 0 0 37.7284
0 0 0 0 37.7284
0 0 0 0 37.7284
0 0 0 0 37.7284
0 0 0 0 37.7284
0 0 0 0 37.7284
0 0 0 0 37.7284
0 0 0 0 37.7284
0 0 0 0 37.7284
0 0 0 0 37.7284
0 0 0 0 37.7284
0 0 0 0 37.7284
0 0 0 0 37.7284
0 0 0 0 37.7284
0 0 0 0 37.7284
0 0 0 0 37.7284
0 0 0 0 37.7284
0 0 0 0 37.7284
0 0 0 0 37.7284
0 0 0 0 37.7284
0 0 0 0 37.7284
0 0 0 0 37.7284
0 0 0 0 37.7284
0 0 0 0 37.7284
0 0 0 0 37.7284
0 0 0 0 37.7284
0 0 0 0 37.7284
0 0 0 0 37.7284
0 0 0 0 37.7284
0 0 0 0 37.7284
0 0 0 0 37.7284
0 0 0 0 37.7284
0 0 0 0 37.7284
0 0 0 0 37.7284
0 0 0 0 37.7284
0 0 0 0 37.7284
0 0 0 0 37.7284
0 0 0 0 37.7284
0 0 0 0 37.7284
0 0 0 0 37.7284
0 0 0 0 37.7284
0 0 0 0 37.7284
0 0 0 0 37.7284
0 0 0 0 37.7284
0 0 0 0 37.7284
0 0 0 0 37.7284
0 0 0 0 37.7284
0 0 0 0 37.7284
0 0 0 0 37.7284
0 0 0 0 37.7284
0 0 0 0 37.7284
0 0 0 0 37.7284
0 0 0 0 37.7284
0 0 0 0 37.7284
0 0 0 0 37.7284
0 0 0 0 37.7284
0 0 0 0 37.7284
0 0 0 0 37.7284
0 0 0 0 37.7284
0 0 0 0 37.7284
0 0 0 0 37.7284
0 0 0 0 37.7284
0 0 0 0 37.7284
0 0 0 0 37.7284
0 0 0 0 37.7284
0 0 0 0 37.7284
0 0 0 0 37.7284
0 0 0 0 37.7284
0 0 0 0 37.7284
0 0 0 0 37.7284
0 0 0 0 37.7284
0 0 0 0 37.7284
0 0 0 0 37.7284
0 0 0 0 37.7284
0 0 0 0 37.7284
0 0 0 0 37.7284
0 0 0 0 37.7284
0 0 0 0 37.7284
0 0 0 0 37.7284
0 0 0 0 37.7284
0 0 0 0 37.7284
0 0 0 0 37.7284
0 0 0 0 37.7284
0 0 0 0 37.7284
0 0 0 0 37.7284
0 0 0 0 37.7284
0 0 0 0 37.7284
0 0 0 0 37.7284
0 0 0 0 37.7284
0 0 0 0 37.7284
0 0 0 0 37.7284
0 0 0 0 37.7284
0 0 0 0 37.7284
0 0 0 0 37.7284
0 0 0 0 37.7284
0 0 0 0 37.7284
0 0 0 0 37.7284
0 0 0 0 37.7284
0 0 0 0 37.7284
0 0 0 0 37.7284
0 0 0 0 37.7284
0 0 0 0 37.7284
0 0 0 0 37.7284
0 0 0 0 37.7284
0 0 0 0 37.7284
0 0 0 0 37.7284
0 0 0 0 37.7284
0 0 0 0 37.7284
0 0 0 0 37.7284
0 0 0 0 37.7284
0 0 0 0 37.7284
0 0 0 0 37.7284
0 0 0 0 37.7284
0 0 0 0 37.7284
0 0 0 0 37.7284
0 0 0 0 37.7284
0 0 0 0 37.7284
0 0 0 0 37.7284
0 0 0 0 37.7284
0 0 0 0 37.7284
0 0 0 0 37.7284
0 0 0 0 37.7284
0 0 0 0 37.7284
0 0 0 0 37.7284
0 0 0 0 37.7284
0 0 0 0 37.7284
0 0 0 0 37.7284
0 0 0 0 37.7284
0 0 0 0 37.7284
0 0 0 0 37.7284
0 0 0 0 37.7284
0 0 0 0 37.7284
0 0 0 0 37.7284
0 0 0 0 37.7284
0 0 0 0 37.7284
0 0 0 0 37.7284
0 0 0 0 37.7284
0 0 0 0 37.7284
0 0 0 0 37.7284
0 0 0 0 37.7284
0 0 0 0 37.7284
0 0 0 0 37.7284
0 0 0 0 37.7284
0 0 0 0 37.7284
0 0 0 0 37.7284
0 0 0 0 37.7284
0 0 0 0 37.7284
0 0 0 0 37.7284
0 0 0 0 37.7284
0 0 0 0 37.7284
0 0 0 0 37.7284
0 0 0 0 37.7284
0 0 0 0 37.7284
0 0 0 0 37.7284
0 0 0 0 37.7284
0 0 0 0 37.7284
0 0 0 0 37.7284
0 0 0 0 37.7284
0 0 0 0 37.7284
0 0 0 0 37.7284
0 0 0 0 37.7284
0 0 0 0 37.7284
0 0 0 0 37.7284
0 0 0 0 37.7284
0 0 0 0 37.7284
0 0 0 0 37.7284
0 0 0 0 37.7284
0 0 0 0 37.7284
0 0 0 0 37.7284
0 0 0 0 37.7284
0 0 0 0 37.7284
0 0 0 0 37.7284
0 0 0 0 37.7284
0 0 0 0 37.7284
0 0 0 0 37.7284
0 0 0 0 37.7284
0 0 0 0 37.7284
0 0 0 0 37.7284
0 0 0 0 37.7284
0 0 0 0 37.7284
0 0 0 0 37.7284
0 0 0 0 37.7284
0 0 0 0 37.7284
0 0 0 0 37.7284
0 0 0 0 37.7284
0 0 0 0 37.7284
0 0 0 0 37.7284
0 0 0 0 37.7284
0 0 0 0 37.7284
0 0 0 0 37.7284
0 0 0 0 37.7284
0 0 0 0 37.7284
0 0 0 0 37.7284
0 0 0 0 37.7284
0 0 0 0 37.7284
0 0 0 0 37.7284
0 0 0 0 37.7284
0 0 0 0 37.7284
0 0 0 0 37.7284
0 0 0 0 37.7284
0 0 0 0 37.7284
0 0 0 0 37.7284
0 0 0 0 37.7284
0 0 0 0 37.7284
0 0 0 0 37.7284
0 0 0 0 37.7284
0 0 0 0 37.7284
0 0 0 0 37.7284
0 0 0 0 37.7284
0 0 0 0 37.7284
0 0 0 0 37.7284
0 0 0 0 37.7284
0 0 0 0 37.7284
0 0 0 0 37.7284
0 0 0 0 37.7284
0 0 0 0 37.7284
0 0 0 0 37.7284
0 0 0 0 37.7284
0 0 0 0 37.7284
0 0 0 0 37.7284
0 0 0 0 37.7284
0 0 0 0 37.7284
39.99 0 0 0 37.7284
39.99 0 0 0 37.7284
39.99 0 0 0 37.7284
39.99 0 0 0 37.7284
39.99 0 0 0 37.7284
39.99 0 0 0 37.7284
40.01 0 0 0 37.7284
40.01 0 0 0 37.7284
40.01 0 0 0 37.7284
40.01 0 0 0 37.7284
40.01 0 0 0 37.7284
40.01 0 0 0 37.7284
40 0 0 0 37.7284
40 0 0 0 37.7284
40 0 0 0 37.7284
40 0 0 0 37.7284
40 0 0 0 37.7284
40 0 0 0 37.7284
39.99 0 0 0 37.7284
39.99 0 0 0 37.7284
39.99 0 0 0 37.7284
39.99 0 0 0 37.7284
39.99 0 0 0 37.7284
39.99 0 0 0 37.7284
40.03 0 0 0 37.7284
40.03 0 0 0 37.7284
40.03 0 0 0 37.7284
40.03 0 0 0 37.7284
40.03 0 0 0 37.7284
40.03 0 0 0 37.7284
40.17 0 0 0 37.7284
40.17 0 0 0 37.7284
40.17 0 0 0 37.7284
40.17 0 0 0 37.7284
40.17 0 0 0 37.7284
40.17 0 0 0 37.7284
40.11 0 0 0 37.7284
40.11 0 0 0 37.7284
40.11 0 0 0 37.7284
40.11 0 0 0 37.7284
40.11 0 0 0 37.7284
40.11 0 0 0 37.7284
39.5 0 0 0 37.7284
39.5 0 0 0 37.7284
39.5 0 0 0 37.7284
39.5 0 0 0 37.7284
39.5 0 0 0 37.7284
39.5 0 0 0 37.7284
38.07 0 0 0 37.7284
38.07 0 0 0 37.7284
38.07 0 0 0 37.7284
38.07 0 0 0 37.7284
38.07 0 0 0 37.7284
38.07 0 0 0 37.7284
36.94 0 0 0 37.7284
36.94 0 0 0 37.7284
36.94 0 0 0 37.7284
36.94 0 0 0 37.7284
36.94 0 0 0 37.7284
36.94 0 0 0 37.7284
35.49 0 0 0 37.7284
35.49 0 0 0 37.7284
35.49 0 0 0 37.7284
35.49 0 0 0 37.7284
35.49 0 0 0 37.7284
35.49 0 0 0 37.7284
35.31 0 0 0 37.7284
35.31 0 0 0 37.7284
35.31 0 0 0 37.7284
35.31 0 0 0 37.7284
35.31 0 0 0 37.7284
35.31 0 0 0 37.7284
34.38 0 0 0 37.7284
34.38 0 0 0 37.7284
34.38 0 0 0 37.7284
34.38 0 0 0 37.7284
34.38 0 0 0 37.7284
34.38 0 0 0 37.7284
32.81 0 0 0 37.7284
32.81 0 0 0 37.7284
32.81 0 0 0 37.7284
32.81 0 0 0 37.7284
32.81 0 0 0 37.7284
32.81 0 0 0 37.7284
32.17 0 0 0 37.7284
32.17 0 0 0 37.7284
32.17 0 0 0 37.7284
32.17 0 0 0 37.7284
32.17 0 0 0 37.7284
32.17 0 0 0 37.7284
32.88 0 0 0 37.7284
32.88 0 0 0 37.7284
32.88 0 0 0 37.7284
32.88 0 0 0 37.7284
32.88 0 0 0 37.7284
32.88 0 0 0 37.7284
34.54 0 0 0 37.7284
34.54 0 0 0 37.7284
34.54 0 0 0 37.7284
34.54 0 0 0 37.7284
34.54 0 0 0 37.7284
34.54 0 0 0 37.7284
35.59 0 0 0 37.7284
35.59 0 0 0 37.7284
35.59 0 0 0 37.7284
35.59 0 0 0 37.7284
35.59 0 0 0 37.7284
35.59 0 0 0 37.7284
35.08 0 0 0 37.7284
35.08 0 0 0 37.7284
35.08 0 0 0 37.7284
35.08 0 0 0 37.7284
35.08 0 0 0 37.7284
35.08 0 0 0 37.7284
34.46 0 0 0 37.7284
34.46 0 0 0 37.7284
34.46 0 0 0 37.7284
34.46 0 0 0 37.7284
34.46 0 0 0 37.7284
34.46 0 0 0 37.7284
33.33 0 0 0 37.7284
33.33 0 0 0 37.7284
33.33 0 0 0 37.7284
33.33 0 0 0 37.7284
33.33 0 0 0 37.7284
33.33 0 0 0 37.7284
32.23 0 0 0 37.7284
32.23 0 0 0 37.7284
32.23 0 0 0 37.7284
32.23 0 0 0 37.7284
32.23 0 0 0 37.7284
32.23 0 0 0 37.7284
31.72 0 0 0 37.7284
31.72 0 0 0 37.7284
31.72 0 0 0 37.7284
31.72 0 0 0 37.7284
31.72 0 0 0 37.7284
31.72 0 0 0 37.7284
31.52 0 0 0 37.7284
31.52 0 0 0 37.7284
31.52 0 0 0 37.7284
31.52 0 0 0 37.7284
31.52 0 0 0 37.7284
31.52 0 0 0 37.7284
31.15 0 0 0 37.7284
31.15 0 0 0 37.7284
31.15 0 0 0 37.7284
31.15 0 0 0 37.7284
31.15 0 0 0 37.7284
31.15 0 0 0 37.7284
30.48 0 0 0 37.7284
30.48 0 0 0 37.7284
30.48 0 0 0 37.7284
30.48 0 0 0 37.7284
30.48 0 0 0 37.7284
30.48 0 0 0 37.7284
29.89 0 0 0 37.7284
29.89 0 0 0 37.7284
29.89 0 0 0 37.7284
29.89 0 0 0 37.7284
29.89 0 0 0 37.7284
29.89 0 0 0 37.7284
29.86 0 0 0 37.7284
29.86 0 0 0 37.7284
29.86 0 0 0 37.7284
29.86 0 0 0 37.7284
29.86 0 0 0 37.7284
29.86 0 0 0 37.7284
30.32 0 0 0 37.7284
30.32 0 0 0 37.7284
30.32 0 0 0 37.7284
30.32 0 0 0 37.7284
30.32 0 0 0 37.7284
30.32 0 0 0 37.7284
30.94 0 0 0 37.7284
30.94 0 0 0 37.7284
30.94 0 0 0 37.7284
30.94 0 0 0 37.7284
30.94 0 0 0 37.7284
30.94 0 0 0 37.7284
31.57 0 0 0 37.7284
31.57 0 0 0 37.7284
31.57 0 0 0 37.7284
31.57 0 0 0 37.7284
31.57 0 0 0 37.7284
31.57 0 0 0 37.7284
32.18 0 0 0 37.7284
32.18 0 0 0 37.7284
32.18 0 0 0 37.7284
32.18 0 0 0 37.7284
32.18 0 0 0 37.7284
32.18 0 0 0 37.7284
32.63 0 0 0 37.7284
32.63 0 0 0 37.7284
32.63 0 0 0 37.7284
32.63 0 0 0 37.7284
32.63 0 0 0 37.7284
32.63 0 0 0 37.7284
32.83 0 0 0 37.7284
32.83 0 0 0 37.7284
32.83 0 0 0 37.7284
32.83 0 0 0 37.7284
32.83 0 0 0 37.7284
32.83 0 0 0 37.7284
32.83 0 0 0 37.7284
32.83 0 0 0 37.7284
32.83 0 0 0 37.7284
32.83 0 0 0 37.7284
32.83 0 0 0 37.7284
32.83 0 0 0 37.7284
33.07 0 0 0 37.7284
33.07 0 0 0 37.7284
33.07 0 0 0 37.7284
33.07 0 0 0 37.7284
33.07 0 0 0 37.7284
33.07 0 0 0 37.7284
32.58 0 0 0 37.7284
32.58 0 0 0 37.7284
32.58 0 0 0 37.7284
32.58 0 0 0 37.7284
32.58 0 0 0 37.7284
32.58 0 0 0 37.7284
31.33 0 0 0 37.7284
31.33 0 0 0 37.7284
31.33 0 0 0 37.7284
31.33 0 0 0 37.7284
31.33 0 0 0 37.7284
31.33 0 0 0 37.7284
30.37 0 0 0 37.7284
30.37 0 0 0 37.7284
30.37 0 0 0 37.7284
30.37 0 0 0 37.7284
30.37 0 0 0 37.7284
30.37 0 0 0 37.7284
29.49 0 0 0 37.7284
29.49 0 0 0 37.7284
29.49 0 0 0 37.7284
29.49 0 0 0 37.7284
29.49 0 0 0 37.7284
29.49 0 0 0 37.7284
28.18 0 0 0 37.7284
28.18 0 0 0 37.7284
28.18 0 0 0 37.7284
28.18 0 0 0 37.7284
28.18 0 0 0 37.7284
28.18 0 0 0 37.7284
27.02 0 0 0 37.7284
27.02 0 0 0 37.7284
27.02 0 0 0 37.7284
27.02 0 0 0 37.7284
27.02 0 0 0 37.7284
27.02 0 0 0 37.7284
25.52 0 0 0 37.7284
25.52 0 0 0 37.7284
25.52 0 0 0 37.7284
25.52 0 0 0 37.7284
25.52 0 0 0 37.7284
25.52 0 0 0 37.7284
24.63 0 0 0 37.7284
24.63 0 0 0 37.7284
24.63 0 0 0 37.7284
24.63 0 0 0 37.7284
24.63 0 0 0 37.7284
24.63 0 0 0 37.7284
24.25 0 0 0 37.7284
24.25 0 0 0 37.7284
24.25 0 0 0 37.7284
24.25 0 0 0 37.7284
24.25 0 0 0 37.7284
24.25 0 0 0 37.7284
23.72 0 0 0 37.7284
23.72 0 0 0 37.7284
23.72 0 0 0 37.7284
23.72 0 0 0 37.7284
23.72 0 0 0 37.7284
23.72 0 0 0 37.7284
23.31 0 0 0 37.7284
23.31 0 0 0 37.7284
23.31 0 0 0 37.7284
23.31 0 0 0 37.7284
23.31 0 0 0 37.7284
23.31 0 0 0 37.7284
23.7 0 0 0 37.7284
23.7 0 0 0 37.7284
23.7 0 0 0 37.7284
23.7 0 0 0 37.7284
23.7 0 0 0 37.7284
23.7 0 0 0 37.7284
24.61 0 0 0 37.7284
24.61 0 0 0 37.7284
24.61 0 0 0 37.7284
24.61 0 0 0 37.7284
24.61 0 0 0 37.7284
24.61 0 0 0 37.7284
25.06 0 0 0 37.7284
25.06 0 0 0 37.7284
25.06 0 0 0 37.7284
25.06 0 0 0 37.7284
25.06 0 0 0 37.7284
25.06 0 0 0 37.7284
24.77 0 0 0 37.7284
24.77 0 0 0 37.7284
24.77 0 0 0 37.7284
24.77 0 0 0 37.7284
24.77 0 0 0 37.7284
24.77 0 0 0 37.7284
23.88 0 0 0 37.7284
23.88 0 0 0 37.7284
23.88 0 0 0 37.7284
23.88 0 0 0 37.7284
23.88 0 0 0 37.7284
23.88 0 0 0 37.7284
22.91 0 0 0 37.7284
22.91 0 0 0 37.7284
22.91 0 0 0 37.7284
22.91 0 0 0 37.7284
22.91 0 0 0 37.7284
22.91 0 0 0 37.7284
22.06 0 0 0 37.7284
22.06 0 0 0 37.7284
22.06 0 0 0 37.7284
22.06 0 0 0 37.7284
22.06 0 0 0 37.7284
22.06 0 0 0 37.7284
21.14 0 0 0 37.7284
21.14 0 0 0 37.7284
21.14 0 0 0 37.7284
21.14 0 0 0 37.7284
21.14 0 0 0 37.7284
21.14 0 0 0 37.7284
20.38 0 0 0 37.7284
20.38 0 0 0 37.7284
20.38 0 0 0 37.7284
20.38 0 0 0 37.7284
20.38 0 0 0 37.7284
20.38 0 0 0 37.7284
19.94 0 0 0 37.7284
19.94 0 0 0 37.7284
19.94 0 0 0 37.7284
19.94 0 0 0 37.7284
19.94 0 0 0 37.7284
19.94 0 0 0 37.7284
19.85 0 0 0 37.7284
19.85 0 0 0 37.7284
19.85 0 0 0 37.7284
19.85 0 0 0 37.7284
19.85 0 0 0 37.7284
19.85 0 0 0 37.7284
19.96 0 0 0 37.7284
19.96 0 0 0 37.7284
19.96 0 0 0 37.7284
19.96 0 0 0 37.7284
19.96 0 0 0 37.7284
19.96 0 0 0 37.7284
20.01 0 0 0 37.7284
20.01 0 0 0 37.7284
20.01 0 0 0 37.7284
20.01 0 0 0 37.7284
20.01 0 0 0 37.7284
20.01 0 0 0 37.7284
19.99 0 0 0 37.7284
19.99 0 0 0 37.7284
19.99 0 0 0 37.7284
19.99 0 0 0 37.7284
19.99 0 0 0 37.7284
19.99 0 0 0 37.7284
19.99 0 0 0 37.7284
19.99 0 0 0 37.7284
19.99 0 0 0 37.7284
19.99 0 0 0 37.7284
19.99 0 0 0 37.7284
19.99 0 0 0 37.7284
20 0 0 0 37.7284
20 0 0 0 37.7284
20 0 0 0 37.7284
20 0 0 0 37.7284
20 0 0 0 37.7284
20 0 0 0 37.7284
19.99 0 0 0 37.7284
19.99 0 0 0 37.7284
19.99 0 0 0 37.7284
19.99 0 0 0 37.7284
19.99 0 0 0 37.7284
19.99 0 0 0 37.7284
20.64 0 0 0 37.7284
20.64 0 0 0 37.7284
20.64 0 0 0 37.7284
20.64 0 0 0 37.7284
20.64 0 0 0 37.7284
20.64 0 0 0 37.7284
17.75 0 0 0 37.7284
17.75 0 0 0 37.7284
17.75 0 0 0 37.7284
17.75 0 0 0 37.7284
17.75 0 0 0 37.7284
17.75 0 0 0 37.7284
16.79 0 0 0 37.7284
16.79 0 0 0 37.7284
16.79 0 0 0 37.7284
16.79 0 0 0 37.7284
16.79 0 0 0 37.7284
16.79 0 0 0 37.7284
14.03 0 0 0 37.7284
14.03 0 0 0 37.7284
14.03 0 0 0 37.7284
14.03 0 0 0 37.7284
14.03 0 0 0 37.7284
14.03 0 0 0 37.7284
16.78 0 0 0 37.7284
16.78 0 0 0 37.7284
16.78 0 0 0 37.7284
16.78 0 0 0 37.7284
16.78 0 0 0 37.7284
16.78 0 0 0 37.7284
17.73 0 0 0 37.7284
17.73 0 0 0 37.7284
17.73 0 0 0 37.7284
17.73 0 0 0 37.7284
17.73 0 0 0 37.7284
17.73 0 0 0 37.7284
20.62 0 0 0 37.7284
20.62 0 0 0 37.7284
20.62 0 0 0 37.7284
20.62 0 0 0 37.7284
20.62 0 0 0 37.7284
20.62 0 0 0 37.7284
20.09 0 0 0 37.7284
20.09 0 0 0 37.7284
20.09 0 0 0 37.7284
20.09 0 0 0 37.7284
20.09 0 0 0 37.7284
20.09 0 0 0 37.7284
20.01 0 0 0 37.7284
20.01 0 0 0 37.7284
20.01 0 0 0 37.7284
20.01 0 0 0 37.7284
20.01 0 0 0 37.7284
20.01 0 0 0 37.7284
19.58 0 0 0 37.7284
19.58 0 0 0 37.7284
19.58 0 0 0 37.7284
19.58 0 0 0 37.7284
19.58 0 0 0 37.7284
19.58 0 0 0 37.7284
18.82 0 0 0 37.7284
18.82 0 0 0 37.7284
18.82 0 0 0 37.7284
18.82 0 0 0 37.7284
18.82 0 0 0 37.7284
18.82 0 0 0 37.7284
17.88 0 0 0 37.7284
17.88 0 0 0 37.7284
17.88 0 0 0 37.7284
17.88 0 0 0 37.7284
17.88 0 0 0 37.7284
17.88 0 0 0 37.7284
16.9 0 0 0 37.7284
16.9 0 0 0 37.7284
16.9 0 0 0 37.7284
16.9 0 0 0 37.7284
16.9 0 0 0 37.7284
16.9 0 0 0 37.7284
16.05 0 0 0 37.7284
16.05 0 0 0 37.7284
16.05 0 0 0 37.7284
16.05 0 0 0 37.7284
16.05 0 0 0 37.7284
16.05 0 0 0 37.7284
15.7 0 0 0 37.7284
15.7 0 0 0 37.7284
15.7 0 0 0 37.7284
15.7 0 0 0 37.7284
15.7 0 0 0 37.7284
15.7 0 0 0 37.7284
16.03 0 0 0 37.7284
16.03 0 0 0 37.7284
16.03 0 0 0 37.7284
16.03 0 0 0 37.7284
16.03 0 0 0 37.7284
16.03 0 0 0 37.7284
16.97 0 0 0 37.7284
16.97 0 0 0 37.7284
16.97 0 0 0 37.7284
16.97 0 0 0 37.7284
16.97 0 0 0 37.7284
16.97 0 0 0 37.7284
18.19 0 0 0 37.7284
18.19 0 0 0 37.7284
18.19 0 0 0 37.7284
18.19 0 0 0 37.7284
18.19 0 0 0 37.7284
18.19 0 0 0 37.7284
18.78 0 0 0 37.7284
18.78 0 0 0 37.7284
18.78 0 0 0 37.7284
18.78 0 0 0 37.7284
18.78 0 0 0 37.7284
18.78 0 0 0 37.7284
17.78 0 0 0 37.7284
17.78 0 0 0 37.7284
17.78 0 0 0 37.7284
17.78 0 0 0 37.7284
17.78 0 0 0 37.7284
17.78 0 0 0 37.7284
15.95 0 0 0 37.7284
15.95 0 0 0 37.7284
15.95 0 0 0 37.7284
15.95 0 0 0 37.7284
15.95 0 0 0 37.7284
15.95 0 0 0 37.7284
14.37 0 0 0 37.7284
14.37 0 0 0 37.7284
14.37 0 0 0 37.7284
14.37 0 0 0 37.7284
14.37 0 0 0 37.7284
14.37 0 0 0 37.7284
12.87 0 0 0 37.7284
12.87 0 0 0 37.7284
12.87 0 0 0 37.7284
12.87 0 0 0 37.7284
12.87 0 0 0 37.7284
12.87 0 0 0 37.7284
11.03 0 0 0 37.7284
11.03 0 0 0 37.7284
11.03 0 0 0 37.7284
11.03 0 0 0 37.7284
11.03 0 0 0 37.7284
11.03 0 0 0 37.7284
10.7 0 0 0 37.7284
10.7 0 0 0 37.7284
10.7 0 0 0 37.7284
10.7 0 0 0 37.7284
10.7 0 0 0 37.7284
10.7 0 0 0 37.7284
10.88 0 0 0 37.7284
10.88 0 0 0 37.7284
10.88 0 0 0 37.7284
10.88 0 0 0 37.7284
10.88 0 0 0 37.7284
10.88 0 0 0 37.7284
11.01 0 0 0 37.7284
11.01 0 0 0 37.7284
11.01 0 0 0 37.7284
11.01 0 0 0 37.7284
11.01 0 0 0 37.7284
11.01 0 0 0 37.7284
10.96 0 0 0 37.7284
10.96 0 0 0 37.7284
10.96 0 0 0 37.7284
10.96 0 0 0 37.7284
10.96 0 0 0 37.7284
10.96 0 0 0 37.7284
10.89 0 0 0 37.7284
10.89 0 0 0 37.7284
10.89 0 0 0 37.7284
10.89 0 0 0 37.7284
10.89 0 0 0 37.7284
10.89 0 0 0 37.7284
10.81 0 0 0 37.7284
10.81 0 0 0 37.7284
10.81 0 0 0 37.7284
10.81 0 0 0 37.7284
10.81 0 0 0 37.7284
10.81 0 0 0 37.7284
11.12 0 0 0 37.7284
11.12 0 0 0 37.7284
11.12 0 0 0 37.7284
11.12 0 0 0 37.7284
11.12 0 0 0 37.7284
11.12 0 0 0 37.7284
12.24 0 0 0 37.7284
12.24 0 0 0 37.7284
12.24 0 0 0 37.7284
12.24 0 0 0 37.7284
12.24 0 0 0 37.7284
12.24 0 0 0 37.7284
13.66 0 0 0 37.7284
13.66 0 0 0 37.7284
13.66 0 0 0 37.7284
13.66 0 0 0 37.7284
13.66 0 0 0 37.7284
13.66 0 0 0 37.7284
14.89 0 0 0 37.7284
14.89 0 0 0 37.7284
14.89 0 0 0 37.7284
14.89 0 0 0 37.7284
14.89 0 0 0 37.7284
14.89 0 0 0 37.7284
16.52 0 0 0 37.7284
16.52 0 0 0 37.7284
16.52 0 0 0 37.7284
16.52 0 0 0 37.7284
16.52 0 0 0 37.7284
16.52 0 0 0 37.7284
17.1 0 0 0 37.7284
17.1 0 0 0 37.7284
17.1 0 0 0 37.7284
17.1 0 0 0 37.7284
17.1 0 0 0 37.7284
17.1 0 0 0 37.7284
16.76 0 0 0 37.7284
16.76 0 0 0 37.7284
16.76 0 0 0 37.7284
16.76 0 0 0 37.7284
16.76 0 0 0 37.7284
16.76 0 0 0 37.7284
16.06 0 0 0 37.7284
16.06 0 0 0 37.7284
16.06 0 0 0 37.7284
16.06 0 0 0 37.7284
16.06 0 0 0 37.7284
16.06 0 0 0 37.7284
15.74 0 0 0 37.7284
15.74 0 0 0 37.7284
15.74 0 0 0 37.7284
15.74 0 0 0 37.7284
15.74 0 0 0 37.7284
15.74 0 0 0 37.7284
16.03 0 0 0 37.7284
16.03 0 0 0 37.7284
16.03 0 0 0 37.7284
16.03 0 0 0 37.7284
16.03 0 0 0 0
