-318.759 -1986.74 376.294 390148 26.7623
-318.439 -1986.1 376.313 390148 26.7623
-318.119 -1985.47 376.332 390148 26.7623
-317.8 -1984.83 376.351 390148 26.0537
-317.488 -1984.2 376.371 390148 25.8854
-317.178 -1983.56 376.392 390148 25.8854
-316.868 -1982.92 376.413 390148 25.7595
-316.565 -1982.29 376.434 390148 25.7595
-316.262 -1981.66 376.454 390148 25.7595
-315.958 -1981.03 376.475 390148 25.7595
-315.655 -1980.41 376.496 390148 25.7594
-315.352 -1979.78 376.516 390148 25.7594
-315.049 -1979.15 376.537 390148 25.8468
-314.744 -1978.52 376.558 390148 25.8468
-314.44 -1977.89 376.578 390148 25.8468
-314.136 -1977.26 376.599 390148 25.8468
-313.831 -1976.64 376.62 390148 25.8467
-313.527 -1976.01 376.64 390148 25.8467
-313.222 -1975.38 376.661 390148 25.8466
-312.916 -1974.75 376.682 390148 25.8466
-312.61 -1974.11 376.702 390148 25.8466
-312.304 -1973.48 376.723 390148 25.8465
-311.997 -1972.85 376.744 390148 25.8465
-311.691 -1972.22 376.765 390148 25.8465
-311.385 -1971.59 376.786 390148 25.8569
-311.078 -1970.95 376.806 390148 25.8569
-310.771 -1970.32 376.827 390148 25.8569
-310.464 -1969.69 376.848 390148 25.8569
-310.157 -1969.05 376.869 390148 25.8569
-309.85 -1968.42 376.89 390148 25.8569
-309.543 -1967.79 376.911 390148 25.8507
-309.237 -1967.15 376.931 390148 25.8507
-308.931 -1966.52 376.952 390148 25.8507
-308.625 -1965.89 376.973 390148 25.8506
-308.318 -1965.26 376.994 390148 25.8506
-308.012 -1964.63 377.014 390148 25.1957
-307.713 -1963.99 377.037 390148 24.946
-307.419 -1963.36 377.06 390148 24.946
-307.124 -1962.72 377.082 390148 24.946
-306.829 -1962.09 377.105 390148 24.946
-306.534 -1961.46 377.128 390148 24.946
-306.239 -1960.82 377.151 390148 24.946
-305.944 -1960.19 377.174 390148 24.9428
-305.649 -1959.55 377.196 390148 24.9428
-305.353 -1958.92 377.219 390148 24.9428
-305.058 -1958.28 377.242 390148 24.9428
-304.763 -1957.65 377.265 390148 24.9428
-304.467 -1957.01 377.288 390148 24.9428
-304.172 -1956.38 377.311 390148 25.1036
-303.872 -1955.74 377.334 390148 25.1036
-303.571 -1955.09 377.357 390148 25.1036
-303.271 -1954.45 377.38 390148 25.1036
-302.97 -1953.81 377.403 390148 25.1036
-302.67 -1953.17 377.426 390148 25.1036
-302.37 -1952.53 377.449 390148 25.4283
-302.059 -1951.88 377.473 390148 25.4283
-301.748 -1951.22 377.496 390148 25.4283
-301.438 -1950.57 377.52 390148 25.4283
-301.127 -1949.92 377.544 390148 25.4283
-300.816 -1949.26 377.567 390148 25.4283
-300.505 -1948.61 377.591 390148 25.7431
-300.182 -1947.94 377.615 390148 25.7431
-299.858 -1947.27 377.639 390148 25.7431
-299.535 -1946.6 377.664 390148 25.7431
-299.211 -1945.92 377.688 390148 25.7431
-298.887 -1945.25 377.712 390148 25.7431
-298.564 -1944.58 377.736 390148 25.5909
-298.232 -1943.89 377.762 390148 25.0024
-297.907 -1943.19 377.79 390148 25.0024
-297.582 -1942.5 377.817 390148 25.0024
-297.258 -1941.8 377.844 390148 25.0024
-296.933 -1941.1 377.871 390148 25.0024
-296.608 -1940.41 377.899 390148 25.0075
-296.271 -1939.69 377.927 390148 25.0075
-295.935 -1938.96 377.955 390148 25.0075
-295.598 -1938.24 377.984 390148 25.0075
-295.261 -1937.52 378.012 390148 25.0075
-294.924 -1936.8 378.04 390148 25.0075
-294.587 -1936.08 378.069 390148 25.0712
-294.239 -1935.33 378.098 390148 25.0712
-293.891 -1934.59 378.127 390148 25.0712
-293.543 -1933.84 378.156 390148 25.0712
-293.195 -1933.1 378.185 390148 25.0712
-292.847 -1932.36 378.214 390148 25.0712
-292.499 -1931.61 378.244 390148 25.0134
-292.146 -1930.85 378.273 390148 25.0134
-291.792 -1930.1 378.303 390148 25.0134
-291.439 -1929.34 378.333 390148 25.0134
-291.085 -1928.58 378.362 390148 25.0134
-290.732 -1927.82 378.392 390148 25.0134
-290.379 -1927.07 378.422 390148 25.0088
-290.024 -1926.31 378.451 390148 25.0088
-289.669 -1925.55 378.481 390148 25.0088
-289.315 -1924.79 378.511 390148 25.0088
-288.96 -1924.03 378.541 390148 24.5014
-288.612 -1923.26 378.572 390148 24.141
-288.269 -1922.5 378.604 390148 24.1416
-287.927 -1921.73 378.636 390148 24.1416
-287.585 -1920.97 378.668 390148 24.1416
-287.243 -1920.21 378.7 390148 24.1416
-286.901 -1919.45 378.732 390148 24.1416
-286.559 -1918.68 378.764 390148 24.1416
-286.217 -1917.92 378.796 390148 24.1497
-285.876 -1917.16 378.828 390148 24.1497
-285.535 -1916.4 378.86 390148 24.1497
-285.194 -1915.64 378.892 390148 24.1497
-284.853 -1914.88 378.924 390148 24.1497
-284.511 -1914.11 378.956 390148 24.1497
-284.17 -1913.35 378.988 390148 24.142
-283.829 -1912.59 379.02 390148 24.142
-283.487 -1911.83 379.052 390148 24.142
-283.146 -1911.07 379.084 390148 24.142
-282.805 -1910.31 379.116 390148 24.142
-282.464 -1909.55 379.148 390148 24.142
-282.122 -1908.78 379.18 390148 24.1419
-281.781 -1908.02 379.212 390148 24.1419
-281.44 -1907.26 379.244 390148 24.1419
-281.098 -1906.5 379.276 390148 24.1419
-280.757 -1905.74 379.308 390148 24.1419
-280.415 -1904.98 379.34 390148 24.1419
-280.074 -1904.21 379.372 390148 24.142
-279.732 -1903.45 379.404 390148 23.6329
-279.398 -1902.69 379.437 390148 23.2779
-279.068 -1901.92 379.471 390148 23.2779
-278.739 -1901.16 379.505 390148 23.2779
-278.409 -1900.39 379.539 390148 23.2779
-278.079 -1899.62 379.574 390148 23.2818
-277.749 -1898.86 379.608 390148 23.2818
-277.42 -1898.09 379.642 390148 23.2818
-277.09 -1897.32 379.676 390148 23.2818
-276.76 -1896.56 379.71 390148 23.2818
-276.43 -1895.79 379.744 390148 23.2818
-276.1 -1895.02 379.779 390148 23.2779
-275.771 -1894.26 379.813 390148 23.2779
-275.441 -1893.49 379.847 390148 23.2779
-275.111 -1892.72 379.881 390148 23.2779
-274.781 -1891.96 379.915 390148 23.2779
-274.451 -1891.19 379.95 390148 23.2779
-274.121 -1890.42 379.984 390148 23.2815
-273.791 -1889.66 380.018 390148 23.2815
-273.461 -1888.89 380.052 390148 23.2815
-273.131 -1888.12 380.087 390148 23.2815
-272.8 -1887.35 380.121 390148 23.2815
-272.47 -1886.59 380.155 390148 23.2815
-272.14 -1885.82 380.189 390148 23.282
-271.811 -1885.05 380.223 390148 23.282
-271.481 -1884.29 380.258 390148 23.282
-271.152 -1883.52 380.292 390148 23.282
-270.822 -1882.76 380.326 390148 22.8164
-270.499 -1881.99 380.361 390148 22.4221
-270.181 -1881.22 380.397 390148 22.3964
-269.866 -1880.45 380.433 390148 22.3964
-269.55 -1879.69 380.469 390148 22.3964
-269.235 -1878.92 380.506 390148 22.3964
-268.919 -1878.16 380.542 390148 22.3964
-268.603 -1877.39 380.578 390148 22.3964
-268.288 -1876.62 380.614 390148 22.4725
-267.97 -1875.86 380.65 390148 22.4725
-267.653 -1875.09 380.686 390148 22.4725
-267.335 -1874.32 380.722 390148 22.4725
-267.017 -1873.55 380.758 390148 22.4725
-266.7 -1872.78 380.794 390148 22.4725
-266.382 -1872.02 380.831 390148 22.3278
-266.058 -1871.23 380.868 390148 22.3278
-265.734 -1870.44 380.905 390148 22.3278
-265.41 -1869.65 380.942 390148 22.3278
-265.086 -1868.86 380.979 390148 22.3278
-264.762 -1868.07 381.016 390148 22.3278
-264.438 -1867.28 381.053 390148 22.2652
-264.096 -1866.45 381.093 390148 22.2652
-263.754 -1865.61 381.132 390148 22.2652
-263.412 -1864.78 381.171 390148 22.2652
-263.07 -1863.94 381.211 390148 22.2652
-262.727 -1863.1 381.25 390148 22.2652
-262.385 -1862.27 381.289 390148 22.1862
-262.03 -1861.4 381.33 390148 21.4315
-261.686 -1860.52 381.374 390148 21.4315
-261.342 -1859.65 381.417 390148 21.4315
-260.998 -1858.77 381.46 390148 21.4315
-260.654 -1857.89 381.503 390148 21.4315
-260.311 -1857.02 381.547 390148 21.3765
-259.95 -1856.1 381.592 390148 21.3765
-259.589 -1855.17 381.638 390148 21.3765
-259.229 -1854.25 381.683 390148 21.3765
-258.868 -1853.33 381.728 390148 21.3765
-258.507 -1852.41 381.774 390148 21.3765
-258.147 -1851.49 381.819 390148 21.1255
-257.78 -1850.54 381.866 390148 21.1255
-257.414 -1849.59 381.913 390148 21.1255
-257.048 -1848.65 381.959 390148 21.1255
-256.682 -1847.7 382.006 390148 21.1255
-256.315 -1846.75 382.053 390148 21.1255
-255.949 -1845.8 382.1 390148 21.1395
-255.58 -1844.85 382.147 390148 21.1395
-255.211 -1843.89 382.194 390148 21.1395
-254.842 -1842.94 382.241 390148 21.1395
-254.474 -1841.99 382.288 390148 21.1395
-254.105 -1841.03 382.335 390148 20.8536
-253.741 -1840.08 382.382 390148 20.2882
-253.387 -1839.12 382.432 390148 20.2882
-253.034 -1838.16 382.481 390148 20.2882
-252.681 -1837.21 382.53 390148 20.2882
-252.327 -1836.25 382.579 390148 20.2882
-251.974 -1835.3 382.628 390148 20.2882
-251.62 -1834.34 382.678 390148 20.2875
-251.268 -1833.39 382.727 390148 20.2875
-250.916 -1832.43 382.776 390148 20.2875
-250.564 -1831.48 382.825 390148 20.2875
-250.211 -1830.53 382.874 390148 20.2875
-249.859 -1829.58 382.923 390148 20.2875
-249.507 -1828.62 382.972 390148 20.2884
-249.153 -1827.67 383.021 390148 20.2884
-248.799 -1826.71 383.07 390148 20.2884
-248.445 -1825.75 383.119 390148 20.2884
-248.091 -1824.79 383.169 390148 20.2884
-247.738 -1823.84 383.218 390148 20.2884
-247.384 -1822.88 383.267 390148 20.2894
-247.029 -1821.92 383.317 390148 20.2894
-246.673 -1820.96 383.366 390148 20.2894
-246.318 -1820 383.416 390148 20.2894
-246.39 -1820.2 383.404 400148 19.6433
-246.046 -1819.24 383.457 400148 19.6433
-245.701 -1818.27 383.511 400148 19.6934
-245.362 -1817.32 383.563 400148 19.6934
-245.022 -1816.37 383.615 400148 19.6934
-244.682 -1815.42 383.667 400148 19.6934
-244.343 -1814.47 383.72 400148 19.6934
-244.003 -1813.53 383.772 400148 19.6934
-243.663 -1812.58 383.824 400148 19.8022
-243.349 -1811.7 383.872 400148 19.8022
-243.034 -1810.83 383.92 400148 19.8022
-242.72 -1809.96 383.968 400148 19.8022
-242.405 -1809.08 384.016 400148 19.8022
-242.091 -1808.21 384.065 400148 19.8022
-241.776 -1807.34 384.113 400148 19.6929
-241.482 -1806.51 384.158 400148 19.6929
-241.187 -1805.69 384.203 400148 19.4013
-240.896 -1804.86 384.249 400148 19.0867
-240.61 -1804.04 384.294 400148 19.0867
-240.324 -1803.21 384.339 400148 19.0867
-240.038 -1802.38 384.384 400148 19.0172
-239.775 -1801.62 384.426 400148 19.0172
-239.512 -1800.86 384.467 400148 19.0172
-239.249 -1800.1 384.509 400148 19.0172
-238.986 -1799.33 384.551 400148 19.0172
-238.723 -1798.57 384.592 400148 19.0172
-238.46 -1797.81 384.634 400148 19.2746
-238.21 -1797.09 384.673 400148 19.2746
-237.959 -1796.37 384.712 400148 19.2746
-237.709 -1795.66 384.751 400148 19.2746
-237.458 -1794.94 384.79 400148 19.2746
-237.208 -1794.22 384.83 400148 19.2746
-236.957 -1793.51 384.869 400148 19.6131
-236.687 -1792.75 384.91 400148 19.6131
-236.416 -1791.99 384.952 400148 19.6131
-236.145 -1791.23 384.994 400148 19.6131
-235.875 -1790.47 385.035 400148 19.2302
-235.609 -1789.71 385.077 400148 19.0082
-235.347 -1788.95 385.118 400148 19.0285
-235.073 -1788.15 385.161 400148 19.0285
-234.8 -1787.36 385.204 400148 19.0285
-234.526 -1786.57 385.247 400148 19.0285
-234.253 -1785.77 385.29 400148 19.0285
-233.979 -1784.98 385.333 400148 19.0285
-233.706 -1784.19 385.376 400148 18.9972
-233.435 -1783.4 385.419 400148 18.9972
-233.164 -1782.62 385.461 400148 18.9972
-232.893 -1781.83 385.504 400148 18.9972
-232.622 -1781.04 385.547 400148 18.9972
-232.352 -1780.26 385.589 400148 18.9972
-232.081 -1779.47 385.632 400148 18.9996
-231.809 -1778.68 385.675 400148 18.9996
-231.537 -1777.89 385.718 400148 18.9996
-231.265 -1777.1 385.761 400148 18.9996
-230.993 -1776.31 385.803 400148 18.9996
-230.721 -1775.52 385.846 400148 18.7185
-230.453 -1774.73 385.889 400148 18.3374
-230.185 -1773.92 385.932 400148 18.3374
-229.918 -1773.11 385.976 400148 18.3374
-229.65 -1772.31 386.019 400148 18.3374
-229.383 -1771.5 386.062 400148 18.3374
-229.115 -1770.69 386.105 400148 18.3374
-228.848 -1769.89 386.149 400148 18.4546
-228.572 -1769.06 386.193 400148 18.4546
-228.296 -1768.23 386.237 400148 18.4546
-228.02 -1767.41 386.282 400148 18.4546
-227.745 -1766.58 386.326 400148 18.4546
-227.469 -1765.75 386.37 400148 18.4546
-227.193 -1764.93 386.415 400148 18.3983
-226.914 -1764.09 386.46 400148 18.3983
-226.635 -1763.25 386.505 400148 18.3983
-226.355 -1762.41 386.55 400148 18.3983
-226.076 -1761.57 386.595 400148 18.3983
-225.797 -1760.73 386.64 400148 18.3602
-225.519 -1759.89 386.685 400148 17.7931
-225.246 -1759.04 386.73 400148 17.7931
-224.974 -1758.19 386.775 400148 17.7931
-224.701 -1757.34 386.82 400148 17.7931
-224.428 -1756.49 386.865 400148 17.7931
-224.156 -1755.65 386.91 400148 17.7931
-223.883 -1754.8 386.955 400148 17.6604
-223.608 -1753.93 387.001 400148 17.6604
-223.332 -1753.06 387.047 400148 17.6604
-223.056 -1752.2 387.093 400148 17.6604
-222.78 -1751.33 387.138 400148 17.6604
-222.504 -1750.46 387.184 400148 17.6604
-222.228 -1749.6 387.23 400148 17.7838
-221.939 -1748.7 387.278 400148 17.7838
-221.651 -1747.8 387.326 400148 17.7838
-221.362 -1746.9 387.373 400148 17.7838
-221.074 -1746 387.421 400148 17.7838
-220.785 -1745.1 387.469 400148 17.4303
-220.502 -1744.2 387.516 400148 17.3229
-220.21 -1743.26 387.565 400148 17.3229
-219.917 -1742.32 387.614 400148 17.3229
-219.625 -1741.38 387.663 400148 17.3229
-219.333 -1740.45 387.712 400148 17.3229
-219.04 -1739.51 387.761 400148 17.3229
-218.748 -1738.57 387.81 400148 17.1954
-218.452 -1737.62 387.86 400148 17.1954
-218.155 -1736.66 387.91 400148 17.1954
-217.859 -1735.7 387.96 400148 17.1954
-217.562 -1734.74 388.01 400148 17.1954
-217.266 -1733.78 388.06 400148 17.1954
-216.97 -1732.83 388.11 400148 17.1909
-216.672 -1731.86 388.161 400148 17.1909
-216.375 -1730.9 388.211 400148 17.1909
-216.077 -1729.94 388.261 400148 16.8921
-215.785 -1728.98 388.311 400148 16.5919
-215.497 -1728.01 388.361 400148 16.5919
-215.21 -1727.05 388.41 400148 16.5934
-214.924 -1726.09 388.46 400148 16.5934
-214.638 -1725.13 388.509 400148 16.5934
-214.351 -1724.17 388.559 400148 16.5934
-214.065 -1723.21 388.608 400148 16.5934
-213.779 -1722.25 388.658 400148 16.5934
-213.493 -1721.29 388.707 400148 16.5973
-213.207 -1720.33 388.756 400148 16.5973
-212.921 -1719.37 388.806 400148 16.5973
-212.636 -1718.41 388.855 400148 16.5973
-212.35 -1717.45 388.904 400148 16.5973
-212.064 -1716.49 388.954 400148 16.5973
-211.779 -1715.54 389.003 400148 16.5939
-211.493 -1714.58 389.052 400148 16.2753
-211.212 -1713.62 389.101 400148 15.9967
-210.937 -1712.65 389.15 400148 15.9967
-210.661 -1711.69 389.199 400148 15.9967
-210.385 -1710.73 389.247 400148 15.9967
-210.109 -1709.77 389.296 400148 15.9934
-209.833 -1708.81 389.345 400148 15.9934
-209.557 -1707.84 389.394 400148 15.9934
-209.282 -1706.88 389.442 400148 15.9933
-209.006 -1705.92 389.491 400148 15.9933
-208.73 -1704.96 389.54 400148 15.9933
-208.454 -1703.99 389.588 400148 15.9966
-208.178 -1703.03 389.637 400148 15.9966
-207.902 -1702.07 389.686 400148 15.9966
-207.626 -1701.11 389.735 400148 15.9966
-207.351 -1700.14 389.783 400148 15.9966
-207.075 -1699.18 389.832 400148 15.6745
-206.804 -1698.22 389.88 400148 15.4017
-206.539 -1697.25 389.928 400148 15.4017
-206.273 -1696.29 389.976 400148 15.4017
-206.008 -1695.33 390.024 400148 15.4017
-205.742 -1694.36 390.072 400148 15.4017
-205.476 -1693.4 390.12 400148 15.4017
-205.211 -1692.43 390.168 400148 15.4018
-204.945 -1691.47 390.216 400148 15.4018
-204.68 -1690.51 390.264 400148 15.4018
-204.414 -1689.54 390.311 400148 15.4018
-204.149 -1688.58 390.359 400148 15.4018
-203.883 -1687.62 390.407 400148 15.4018
-203.618 -1686.65 390.455 400148 15.4038
-203.351 -1685.68 390.503 400148 15.4038
-203.085 -1684.72 390.551 400148 15.4038
-202.819 -1683.75 390.599 400148 15.091
-202.557 -1682.78 390.647 400148 14.8106
-202.301 -1681.81 390.694 400148 14.8106
-202.045 -1680.84 390.741 400148 14.8012
-201.786 -1679.86 390.789 400148 14.8012
-201.528 -1678.89 390.837 400148 14.8012
-201.269 -1677.91 390.884 400148 14.8012
-201.01 -1676.93 390.932 400148 14.8012
-200.752 -1675.95 390.98 400148 14.8012
-200.493 -1674.97 391.027 400148 14.8735
-200.232 -1673.99 391.076 400148 14.8735
-199.97 -1673 391.124 400148 14.8735
-199.708 -1672.01 391.172 400148 14.8735
-199.446 -1671.03 391.22 400148 14.8735
-199.184 -1670.04 391.268 400148 14.8735
-198.923 -1669.06 391.316 400148 14.7339
-198.664 -1668.07 391.364 400148 14.7339
-198.585 -1667.75 391.382 410148 13.7141
-198.345 -1666.76 391.439 410148 13.7141
-198.104 -1665.78 391.495 410148 13.6922
-197.865 -1664.79 391.551 410148 13.6591
-197.625 -1663.81 391.607 410148 13.3414
-197.394 -1662.83 391.661 410148 13.3384
-197.163 -1661.86 391.715 410148 13.2947
-196.933 -1660.89 391.769 410148 13.2947
-196.703 -1659.91 391.822 410148 13.2947
-196.473 -1658.94 391.875 410148 13.2674
-196.243 -1657.96 391.928 410148 13.1438
-196.017 -1657 391.98 410148 13.1438
-195.791 -1656.03 392.032 410148 13.1336
-195.566 -1655.06 392.084 410148 13.1138
-195.34 -1654.09 392.136 410148 13.1138
-195.115 -1653.13 392.187 410148 13.1138
-194.89 -1652.16 392.239 410148 13.2053
-194.661 -1651.19 392.291 410148 13.2045
-194.432 -1650.21 392.342 410148 13.2045
-194.204 -1649.24 392.394 410148 13.1962
-193.975 -1648.26 392.446 410148 13.1911
-193.747 -1647.29 392.498 410148 13.1911
-193.518 -1646.31 392.55 410148 13.5316
-193.28 -1645.32 392.603 410148 13.5279
-193.042 -1644.34 392.656 410148 13.5279
-192.805 -1643.35 392.709 410148 13.5279
-192.567 -1642.36 392.762 410148 13.531
-192.329 -1641.37 392.816 410148 13.5311
-192.091 -1640.38 392.87 410148 13.647
-191.85 -1639.39 392.925 410148 13.6549
-191.608 -1638.39 392.98 410148 13.6584
-191.366 -1637.4 393.035 410148 13.6584
-191.124 -1636.4 393.091 410148 14.0564
-191 -1635.91 393.114 420148 13.6467
-190.758 -1634.91 393.159 420148 13.4278
-190.52 -1633.91 393.204 420148 13.3427
-190.284 -1632.92 393.249 420148 13.1653
-190.051 -1631.92 393.295 420148 13.1653
-189.818 -1630.93 393.341 420148 13.115
-189.586 -1629.93 393.387 420148 12.9323
-189.358 -1628.93 393.434 420148 12.7393
-189.135 -1627.95 393.48 420148 12.7211
-188.912 -1626.96 393.527 420148 12.5357
-188.692 -1625.97 393.574 420148 12.5357
-188.473 -1624.99 393.622 420148 12.5357
-188.253 -1624 393.669 420148 12.3698
-188.037 -1623.01 393.717 420148 12.2157
-187.825 -1622.03 393.764 420148 12.2157
-187.612 -1621.05 393.812 420148 12.0996
-187.402 -1620.07 393.859 420148 12.0709
-187.192 -1619.09 393.907 420148 12.0709
-186.982 -1618.11 393.955 420148 11.9962
-186.774 -1617.13 394.003 420148 11.9234
-186.567 -1616.15 394.05 420148 11.9234
-186.36 -1615.17 394.098 420148 11.8813
-186.154 -1614.19 394.145 420148 11.8375
-185.948 -1613.21 394.192 420148 11.8375
-185.743 -1612.23 394.24 420148 11.8186
-185.538 -1611.25 394.287 420148 11.8097
-185.333 -1610.27 394.333 420148 11.8097
-185.128 -1609.29 394.38 420148 11.8047
-184.923 -1608.3 394.426 420148 11.7826
-184.718 -1607.32 394.472 420148 11.7826
-184.513 -1606.34 394.518 420148 11.5727
-184.397 -1605.77 394.541 430148 11.0652
-184.205 -1604.79 394.589 430148 11.0652
-184.014 -1603.81 394.637 430148 11.0652
-183.822 -1602.83 394.685 430148 11.1131
-183.629 -1601.85 394.73 430148 11.1189
-183.437 -1600.87 394.775 430148 11.1189
-183.244 -1599.89 394.82 430148 11.1366
-183.052 -1598.92 394.862 430148 11.1429
-182.859 -1597.94 394.905 430148 11.1429
-182.667 -1596.96 394.947 430148 11.1401
-182.474 -1595.98 394.989 430148 11.138
-182.282 -1595.01 395.031 430148 11.138
-182.09 -1594.03 395.072 430148 11.1243
-181.897 -1593.05 395.114 430148 11.1045
-181.704 -1592.07 395.157 430148 11.1045
-181.512 -1591.09 395.199 430148 11.088
-181.319 -1590.11 395.242 430148 11.0413
-181.128 -1589.12 395.287 430148 11.0413
-180.937 -1588.14 395.331 430148 10.9763
-180.743 -1587.15 395.377 430148 10.8944
-180.552 -1586.15 395.425 430148 10.8944
-180.36 -1585.16 395.474 430148 10.894
-180.168 -1584.16 395.522 430148 10.7734
-179.979 -1583.16 395.576 430148 10.7727
-179.789 -1582.17 395.629 430148 10.8238
-179.594 -1581.14 395.684 430148 10.687
-179.4 -1580.12 395.744 430148 10.6728
-179.207 -1579.1 395.806 430148 10.6728
-179.015 -1578.07 395.867 430148 10.5172
-178.825 -1577.05 395.935 430148 10.4926
-178.635 -1576.03 396.004 430148 10.5441
-178.44 -1574.98 396.074 430148 9.88048
-178.337 -1574.39 396.089 440148 10.12
-178.149 -1573.34 396.134 440148 10.12
-177.961 -1572.28 396.179 440148 10.12
-177.773 -1571.23 396.224 440148 10.12
-177.585 -1570.17 396.27 440148 10.0304
-177.396 -1569.1 396.316 440148 9.87336
-177.21 -1568.03 396.363 440148 9.87336
-177.024 -1566.97 396.41 440148 9.87336
-176.837 -1565.9 396.457 440148 9.87336
-176.651 -1564.83 396.505 440148 9.87336
-176.465 -1563.76 396.552 440148 9.74527
-176.281 -1562.68 396.599 440148 9.67348
-176.098 -1561.61 396.647 440148 9.67348
-175.915 -1560.54 396.695 440148 9.67348
-175.732 -1559.46 396.743 440148 9.67348
-175.549 -1558.39 396.791 440148 9.65754
-175.366 -1557.32 396.839 440148 9.47955
-175.187 -1556.24 396.887 440148 9.47955
-175.008 -1555.17 396.935 440148 9.47954
-174.829 -1554.1 396.982 440148 9.47954
-174.65 -1553.03 397.03 440148 9.47954
-174.471 -1551.95 397.078 440148 9.37786
-174.293 -1550.88 397.126 440148 9.28482
-174.116 -1549.8 397.173 440148 9.28481
-173.939 -1548.71 397.221 440148 9.28481
-173.762 -1547.63 397.268 440148 9.28481
-173.586 -1546.55 397.316 440148 9.28481
-173.409 -1545.47 397.364 440148 9.08997
-173.235 -1544.39 397.41 440148 9.08421
-173.065 -1543.32 397.456 440148 9.08421
-172.895 -1542.26 397.501 440148 9.0842
-172.725 -1541.19 397.547 440148 9.0842
-172.554 -1540.13 397.593 440148 9.00545
-172.386 -1539.06 397.637 440148 8.88977
-172.219 -1538 397.681 440148 8.93839
-172.059 -1536.98 397.723 440148 8.93839
-171.899 -1535.96 397.765 440148 8.93839
-171.739 -1534.94 397.807 440148 8.93839
-171.578 -1533.92 397.849 440148 8.82215
-171.42 -1532.9 397.889 440148 8.74471
-171.264 -1531.89 397.929 440148 8.77598
-171.112 -1530.91 397.967 440148 8.77598
-170.961 -1529.93 398.005 440148 8.77598
-170.81 -1528.95 398.043 440148 8.77598
-170.659 -1527.97 398.081 440148 8.66779
-170.509 -1526.99 398.118 440148 8.58305
-170.361 -1526.01 398.153 440148 8.53954
-170.216 -1525.04 398.188 440148 8.53954
-170.071 -1524.08 398.223 440148 8.53954
-169.926 -1523.11 398.257 440148 8.53954
-169.782 -1522.15 398.292 440148 8.46528
-169.638 -1521.18 398.326 440148 8.34738
-169.496 -1520.21 398.357 440148 8.40063
-169.351 -1519.23 398.389 440148 8.40063
-169.206 -1518.25 398.421 440148 8.40063
-169.061 -1517.27 398.453 440148 8.40063
-168.916 -1516.28 398.485 440148 8.00502
-168.843 -1515.77 398.504 450148 7.61291
-168.712 -1514.78 398.542 450148 7.61362
-168.578 -1513.79 398.581 450148 7.61362
-168.445 -1512.79 398.62 450148 7.61362
-168.312 -1511.79 398.659 450148 7.61362
-168.179 -1510.8 398.698 450148 7.61362
-168.046 -1509.8 398.737 450148 7.61362
-167.912 -1508.8 398.776 450148 7.61332
-167.78 -1507.81 398.815 450148 7.61332
-167.647 -1506.82 398.854 450148 7.61332
-167.515 -1505.83 398.893 450148 7.61332
-167.382 -1504.84 398.932 450148 7.61332
-167.25 -1503.85 398.971 450148 7.61332
-167.117 -1502.86 399.009 450148 7.61346
-166.984 -1501.86 399.048 450148 7.61346
-166.851 -1500.87 399.087 450148 7.61346
-166.719 -1499.87 399.126 450148 7.61346
-166.586 -1498.88 399.165 450148 7.61346
-166.453 -1497.89 399.204 450148 7.61346
-166.32 -1496.89 399.243 450148 7.61658
-166.187 -1495.9 399.282 450148 7.61658
-166.055 -1494.91 399.321 450148 7.06914
-165.931 -1493.91 399.358 450148 6.84367
-165.812 -1492.92 399.395 450148 6.84367
-165.693 -1491.92 399.431 450148 6.84367
-165.573 -1490.93 399.468 450148 6.84051
-165.454 -1489.93 399.505 450148 6.84051
-165.334 -1488.94 399.541 450148 6.84051
-165.215 -1487.94 399.578 450148 6.84051
-165.096 -1486.95 399.615 450148 6.84051
-164.976 -1485.95 399.651 450148 6.84051
-164.857 -1484.96 399.688 450148 6.84051
-164.738 -1483.96 399.724 450148 6.84051
-164.618 -1482.97 399.761 450148 6.84051
-164.499 -1481.97 399.798 450148 6.84051
-164.38 -1480.98 399.834 450148 6.84051
-164.26 -1479.98 399.871 450148 6.84051
-164.141 -1478.99 399.908 450148 6.84051
-164.022 -1477.99 399.944 450148 6.84051
-163.902 -1477 399.981 450148 6.84051
-163.783 -1476 400.018 450148 6.84051
-163.663 -1475.01 400.054 450148 6.84051
-163.544 -1474.01 400.091 450148 6.73138
-163.427 -1473.02 400.127 450148 6.05799
-163.321 -1472.02 400.162 450148 6.05799
-163.215 -1471.03 400.196 450148 6.05799
-163.109 -1470.03 400.23 450148 6.05799
-163.004 -1469.03 400.265 450148 6.05799
-162.898 -1468.04 400.299 450148 6.05799
-162.792 -1467.04 400.334 450148 6.05799
-162.686 -1466.04 400.368 450148 6.05799
-162.581 -1465.05 400.402 450148 6.05799
-162.475 -1464.05 400.437 450148 6.05799
-162.369 -1463.05 400.471 450148 6.05799
-162.263 -1462.06 400.505 450148 6.05799
-162.158 -1461.06 400.54 450148 6.05799
-162.052 -1460.06 400.574 450148 6.05799
-161.946 -1459.07 400.609 450148 6.05799
-161.84 -1458.07 400.643 450148 6.05799
-161.734 -1457.07 400.677 450148 6.05799
-161.629 -1456.08 400.712 450148 6.05799
-161.523 -1455.08 400.746 450148 6.05799
-161.417 -1454.08 400.781 450148 6.05799
-161.311 -1453.09 400.815 450148 6.05799
-161.206 -1452.09 400.849 450148 5.60936
-161.108 -1451.09 400.883 450148 5.26618
-161.016 -1450.1 400.915 450148 5.26618
-160.924 -1449.1 400.947 450148 5.26618
-160.832 -1448.1 400.979 450148 5.26618
-160.74 -1447.1 401.011 450148 5.26618
-160.648 -1446.1 401.043 450148 5.26618
-160.556 -1445.11 401.075 450148 5.26618
-160.464 -1444.11 401.108 450148 5.26618
-160.372 -1443.11 401.14 450148 5.26616
-160.28 -1442.11 401.172 450148 5.26616
-160.188 -1441.12 401.204 450148 5.26616
-160.096 -1440.12 401.236 450148 5.26616
-160.004 -1439.12 401.268 450148 5.26616
-159.912 -1438.12 401.3 450148 5.26616
-159.82 -1437.12 401.333 450148 5.2663
-159.728 -1436.12 401.365 450148 5.2663
-159.636 -1435.12 401.397 450148 5.2663
-159.544 -1434.12 401.429 450148 5.2663
-159.451 -1433.13 401.462 450148 5.2663
-159.359 -1432.13 401.494 450148 5.2663
-159.267 -1431.13 401.526 450148 5.24635
-159.175 -1430.12 401.558 450148 4.44816
-159.097 -1429.12 401.588 450148 4.44679
-159.019 -1428.11 401.618 450148 4.44679
-158.94 -1427.11 401.649 450148 4.44679
-158.862 -1426.1 401.679 450148 4.44679
-158.784 -1425.1 401.709 450148 4.5321
-158.705 -1424.1 401.739 450148 4.5321
-158.626 -1423.1 401.769 450148 4.5321
-158.547 -1422.1 401.798 450148 4.5321
-158.468 -1421.11 401.828 450148 4.5321
-158.389 -1420.11 401.858 450148 4.5321
-158.31 -1419.11 401.888 450148 4.71609
-158.23 -1418.14 401.917 450148 4.71609
-158.15 -1417.18 401.946 450148 4.71609
-158.07 -1416.21 401.975 450148 4.71609
-157.991 -1415.24 402.004 450148 4.71609
-157.911 -1414.28 402.033 450148 4.71608
-157.831 -1413.31 402.062 450148 4.51882
-157.759 -1412.39 402.089 450148 4.51882
-157.686 -1411.48 402.117 450148 4.51882
-157.614 -1410.56 402.144 450148 4.51882
-157.541 -1409.64 402.172 450148 4.51882
-157.469 -1408.72 402.199 450148 3.86823
-157.407 -1407.81 402.225 450148 3.6367
-157.351 -1406.93 402.25 450148 3.6367
-157.295 -1406.05 402.274 450148 3.6367
-157.239 -1405.17 402.298 450148 3.6367
-157.184 -1404.3 402.323 450148 3.6367
-157.128 -1403.42 402.347 450148 3.6367
-157.072 -1402.54 402.371 450148 3.37829
-157.023 -1401.71 402.394 450148 3.37829
-156.974 -1400.89 402.417 450148 3.37829
-156.925 -1400.06 402.44 450148 3.37828
-156.877 -1399.23 402.463 450148 3.37828
-156.828 -1398.4 402.486 450148 3.37828
-156.779 -1397.58 402.509 450148 3.4422
-156.731 -1396.78 402.531 450148 3.4422
-156.683 -1395.98 402.553 450148 3.4422
-156.635 -1395.18 402.575 450148 3.4422
-156.587 -1394.38 402.597 450148 3.4422
-156.538 -1393.58 402.62 450148 3.4422
-156.49 -1392.78 402.642 450148 3.47307
-156.442 -1391.98 402.664 450148 3.47307
-156.394 -1391.19 402.686 450148 3.47306
-156.345 -1390.39 402.708 450148 3.47306
-156.297 -1389.59 402.73 450148 3.47306
-156.249 -1388.8 402.752 450148 3.47306
-156.2 -1388 402.774 450148 3.47468
-156.152 -1387.2 402.797 450148 2.9399
-156.11 -1386.39 402.818 450148 2.65706
-156.073 -1385.59 402.838 450148 2.65705
-156.036 -1384.79 402.859 450148 2.65705
-155.999 -1383.99 402.879 450148 2.65705
-155.961 -1383.18 402.9 450148 2.65765
-155.924 -1382.38 402.92 450148 2.65765
-155.887 -1381.57 402.941 450148 2.65765
-155.849 -1380.77 402.961 450148 2.65765
-155.812 -1379.97 402.982 450148 2.65765
-155.775 -1379.16 403.002 450148 2.65765
-155.737 -1378.36 403.023 450148 2.65745
-155.7 -1377.55 403.043 450148 2.65744
-155.663 -1376.75 403.064 450148 2.65744
-155.625 -1375.94 403.084 450148 2.65744
-155.588 -1375.14 403.105 450148 2.65744
-155.551 -1374.34 403.125 450148 2.65744
-155.513 -1373.53 403.146 450148 2.6605
-155.476 -1372.73 403.166 450148 2.6605
-155.439 -1371.93 403.187 450148 2.6605
-155.402 -1371.13 403.207 450148 2.6605
-155.364 -1370.33 403.228 450148 2.6605
-155.327 -1369.53 403.248 450148 2.6605
-155.29 -1368.73 403.268 450148 2.67175
-155.253 -1367.93 403.289 450148 2.67174
-155.216 -1367.13 403.309 450148 2.67174
-155.178 -1366.33 403.33 450148 2.67174
-155.141 -1365.53 403.35 450148 2.13217
-155.111 -1364.73 403.369 450148 1.84626
-155.085 -1363.93 403.388 450148 1.74292
-155.061 -1363.12 403.407 450148 1.74292
-155.036 -1362.32 403.426 450148 1.74291
-155.012 -1361.51 403.445 450148 1.74291
-154.987 -1360.7 403.463 450148 1.74291
-154.962 -1359.89 403.482 450148 1.74291
-154.938 -1359.08 403.501 450148 1.61791
-154.914 -1358.23 403.521 450148 1.61791
-154.89 -1357.39 403.541 450148 1.61791
-154.866 -1356.54 403.56 450148 1.6179
-154.842 -1355.7 403.58 450148 1.6179
-154.818 -1354.85 403.6 450148 1.61789
-154.794 -1354 403.62 450148 1.85228
-154.766 -1353.11 403.64 450148 1.85228
-154.737 -1352.22 403.661 450148 1.85228
-154.708 -1351.33 403.682 450148 1.85227
-154.679 -1350.43 403.703 450148 1.85227
-154.65 -1349.54 403.724 450148 1.85227
-154.621 -1348.65 403.745 450148 1.95379
-154.589 -1347.71 403.766 450148 1.95379
-154.558 -1346.78 403.788 450148 1.95379
-154.526 -1345.85 403.81 450148 1.95379
-154.494 -1344.92 403.832 450148 1.95379
-154.462 -1343.98 403.853 450148 1.50891
-154.438 -1343.05 403.874 450148 1.25961
-154.416 -1342.07 403.895 450148 1.25961
-154.394 -1341.08 403.916 450148 1.25961
-154.373 -1340.1 403.937 450148 1.25961
-154.351 -1339.11 403.958 450148 1.25961
-154.329 -1338.13 403.979 450148 1.25961
-154.308 -1337.14 403.999 450148 1.20226
-154.286 -1336.13 404.021 450148 1.20226
-154.265 -1335.13 404.042 450148 1.20226
-154.244 -1334.12 404.063 450148 1.20226
-154.223 -1333.12 404.085 450148 1.20226
-154.202 -1332.11 404.106 450148 1.20226
-154.181 -1331.11 404.127 450148 1.18031
-154.16 -1330.1 404.149 450148 1.18031
-154.139 -1329.09 404.17 450148 1.18031
-154.119 -1328.08 404.192 450148 1.18031
-154.098 -1327.07 404.213 450148 1.18031
-154.077 -1326.06 404.234 450148 1.18031
-154.056 -1325.05 404.256 450148 1.18023
-154.035 -1324.04 404.277 450148 1.18023
-154.015 -1323.03 404.298 450148 1.18023
-153.994 -1322.03 404.32 450148 0.524234
-153.985 -1321.02 404.339 450148 0.340275
-153.979 -1320.01 404.359 450148 0.340275
-153.973 -1319 404.378 450148 0.339955
-153.967 -1318 404.397 450148 0.339955
-153.961 -1317 404.416 450148 0.339955
-153.955 -1316 404.435 450148 0.339955
-153.949 -1314.99 404.454 450148 0.339955
-153.943 -1313.99 404.473 450148 0.339955
-153.937 -1312.99 404.493 450148 0.393827
-153.93 -1312 404.511 450148 0.393827
-153.923 -1311.01 404.53 450148 0.393827
-153.917 -1310.02 404.549 450148 0.393827
-153.91 -1309.04 404.568 450148 0.393827
-153.903 -1308.05 404.587 450148 0.393827
-153.896 -1307.06 404.606 450148 0.340625
-153.891 -1306.1 404.624 450148 0.340625
-153.885 -1305.14 404.642 450148 0.340624
-153.879 -1304.18 404.661 450148 0.340624
-153.873 -1303.22 404.679 450148 0.340624
-153.868 -1302.26 404.697 450148 0.340624
-153.862 -1301.3 404.716 450148 0.284297
-153.857 -1300.36 404.733 450148 0.284297
-153.862 -1300.53 404.729 460148 -0.591724
-153.871 -1299.6 404.744 460148 -0.591725
-153.881 -1298.67 404.759 460148 -0.591725
-153.891 -1297.73 404.774 460148 -0.591725
-153.9 -1296.8 404.788 460148 -0.534762
-153.909 -1295.88 404.803 460148 -0.534762
-153.917 -1294.96 404.817 460148 -0.534762
-153.926 -1294.05 404.832 460148 -0.534762
-153.935 -1293.13 404.847 460148 -0.534762
-153.943 -1292.21 404.861 460148 -0.534762
-153.952 -1291.3 404.876 460148 -0.538323
-153.96 -1290.38 404.89 460148 -0.538323
-153.969 -1289.46 404.905 460148 -0.538324
-153.977 -1288.55 404.919 460148 -0.538324
-153.986 -1287.63 404.934 460148 -0.538324
-153.995 -1286.72 404.948 460148 -0.538324
-154.003 -1285.8 404.963 460148 -0.534463
-154.012 -1284.88 404.977 460148 -0.534463
-154.02 -1283.96 404.992 460148 -0.534463
-154.029 -1283.03 405.007 460148 -0.534463
-154.038 -1282.11 405.021 460148 -0.534463
-154.046 -1281.19 405.036 460148 -0.534464
-154.055 -1280.27 405.05 460148 -0.538029
-154.064 -1279.35 405.065 460148 -0.538029
-154.072 -1278.43 405.08 460148 -0.538029
-154.081 -1277.51 405.094 460148 -0.655742
-154.091 -1276.59 405.109 460148 -1.42672
-154.114 -1275.67 405.122 460148 -1.42672
-154.137 -1274.75 405.135 460148 -1.36446
-154.159 -1273.84 405.148 460148 -1.36446
-154.18 -1272.94 405.161 460148 -1.36446
-154.202 -1272.03 405.174 460148 -1.36446
-154.223 -1271.13 405.187 460148 -1.36446
-154.245 -1270.23 405.2 460148 -1.36446
-154.266 -1269.32 405.213 460148 -1.42612
-154.288 -1268.44 405.226 460148 -1.42612
-154.31 -1267.57 405.239 460148 -1.42612
-154.332 -1266.69 405.251 460148 -1.42612
-154.354 -1265.81 405.264 460148 -1.42612
-154.376 -1264.93 405.276 460148 -1.42612
-154.397 -1264.06 405.289 460148 -1.48456
-154.419 -1263.21 405.301 460148 -1.48456
-154.441 -1262.36 405.314 460148 -1.48456
-154.463 -1261.51 405.326 460148 -1.48456
-154.485 -1260.67 405.338 460148 -1.48456
-154.507 -1259.82 405.35 460148 -1.48456
-154.529 -1258.97 405.362 460148 -1.42582
-154.55 -1258.14 405.374 460148 -1.42582
-154.571 -1257.31 405.386 460148 -1.42582
-154.591 -1256.48 405.398 460148 -1.42582
-154.612 -1255.65 405.41 460148 -1.42582
-154.633 -1254.82 405.422 460148 -1.42582
-154.653 -1253.99 405.434 460148 -1.42203
-154.674 -1253.16 405.446 460148 -1.42203
-154.694 -1252.33 405.458 460148 -2.28829
-154.727 -1251.5 405.469 460148 -2.32539
-154.761 -1250.68 405.48 460148 -2.32539
-154.795 -1249.85 405.491 460148 -2.32539
-154.828 -1249.02 405.502 460148 -2.38778
-154.864 -1248.17 405.513 460148 -2.38778
-154.899 -1247.32 405.525 460148 -2.38778
-154.935 -1246.47 405.536 460148 -2.38778
-154.97 -1245.63 405.547 460148 -2.38778
-155.005 -1244.78 405.559 460148 -2.38778
-155.041 -1243.93 405.57 460148 -2.32919
-155.077 -1243.05 405.582 460148 -2.32919
-155.112 -1242.17 405.593 460148 -2.32919
-155.148 -1241.29 405.605 460148 -2.32919
-155.184 -1240.4 405.617 460148 -2.32919
-155.22 -1239.52 405.629 460148 -2.32919
-155.256 -1238.64 405.64 460148 -2.27482
-155.292 -1237.73 405.652 460148 -2.27482
-155.328 -1236.82 405.664 460148 -2.27482
-155.364 -1235.92 405.677 460148 -2.27482
-155.4 -1235.01 405.689 460148 -2.27482
-155.436 -1234.1 405.701 460148 -2.27482
-155.472 -1233.19 405.713 460148 -2.34012
-155.51 -1232.27 405.725 460148 -2.34012
-155.548 -1231.34 405.737 460148 -2.34012
-155.586 -1230.42 405.75 460148 -2.34012
-155.623 -1229.49 405.762 460148 -2.34012
-155.661 -1228.57 405.774 460148 -2.58231
-155.703 -1227.65 405.786 460148 -3.25052
-155.755 -1226.72 405.798 460148 -3.25053
-155.808 -1225.79 405.81 460148 -3.25053
-155.861 -1224.87 405.821 460148 -3.25053
-155.913 -1223.94 405.833 460148 -3.25053
-155.966 -1223.01 405.845 460148 -3.25053
-156.019 -1222.09 405.856 460148 -3.2544
-156.071 -1221.16 405.868 460148 -3.2544
-156.123 -1220.24 405.879 460148 -3.2544
-156.176 -1219.32 405.891 460148 -3.2544
-156.228 -1218.4 405.903 460148 -3.2544
-156.28 -1217.48 405.914 460148 -3.2544
-156.333 -1216.56 405.926 460148 -3.25189
-156.384 -1215.65 405.937 460148 -3.25189
-156.436 -1214.75 405.949 460148 -3.25189
-156.487 -1213.84 405.96 460148 -3.25189
-156.539 -1212.93 405.971 460148 -3.25189
-156.591 -1212.02 405.983 460148 -3.25189
-156.642 -1211.11 405.994 460148 -3.30032
-156.693 -1210.23 406.005 460148 -3.30032
-156.744 -1209.35 406.016 460148 -3.30032
-156.795 -1208.46 406.027 460148 -3.30032
-156.846 -1207.58 406.039 460148 -3.30032
-156.897 -1206.69 406.05 460148 -3.30032
-156.948 -1205.81 406.061 460148 -3.33711
-156.998 -1204.95 406.072 460148 -3.33711
-157.048 -1204.09 406.082 460148 -3.61003
-157.103 -1203.23 406.093 460148 -4.26831
-157.167 -1202.37 406.104 460148 -4.26831
-157.231 -1201.52 406.114 460148 -4.26831
-157.295 -1200.66 406.124 460148 -4.28648
-157.358 -1199.82 406.135 460148 -4.28648
-157.421 -1198.98 406.145 460148 -4.28648
-157.484 -1198.14 406.155 460148 -4.28649
-157.547 -1197.29 406.165 460148 -4.28649
-157.61 -1196.45 406.176 460148 -4.28649
-157.673 -1195.61 406.186 460148 -4.38679
-157.737 -1194.78 406.196 460148 -4.38679
-157.801 -1193.95 406.206 460148 -4.3868
-157.865 -1193.11 406.216 460148 -4.3868
-157.929 -1192.28 406.227 460148 -4.3868
-157.993 -1191.44 406.237 460148 -4.3868
-158.057 -1190.61 406.247 460148 -4.42093
-158.121 -1189.78 406.257 460148 -4.42093
-158.185 -1188.94 406.267 460148 -4.42094
-158.25 -1188.11 406.277 460148 -4.42094
-158.314 -1187.27 406.288 460148 -4.42094
-158.379 -1186.44 406.298 460148 -4.42094
-158.443 -1185.6 406.308 460148 -4.38541
-158.508 -1184.77 406.318 460148 -4.38542
-158.572 -1183.93 406.328 460148 -4.38542
-158.636 -1183.09 406.339 460148 -4.38542
-158.701 -1182.25 406.349 460148 -4.38542
-158.765 -1181.41 406.359 460148 -4.38542
-158.829 -1180.58 406.369 460148 -4.2824
-158.892 -1179.73 406.379 460148 -4.49515
-158.958 -1178.89 406.39 460148 -5.22668
-159.035 -1178.05 406.4 460148 -5.22668
-159.112 -1177.21 406.41 460148 -5.22668
-159.189 -1176.37 406.42 460148 -5.22668
-159.266 -1175.53 406.431 460148 -5.18099
-159.343 -1174.68 406.441 460148 -5.18099
-159.419 -1173.84 406.451 460148 -5.18099
-159.496 -1172.99 406.461 460148 -5.18099
-159.573 -1172.15 406.472 460148 -5.18099
-159.649 -1171.3 406.482 460148 -5.18099
-159.726 -1170.46 406.492 460148 -5.2034
-159.803 -1169.61 406.502 460148 -5.2034
-159.88 -1168.77 406.513 460148 -5.2034
-159.957 -1167.92 406.523 460148 -5.2034
-160.034 -1167.08 406.533 460148 -5.2034
-160.11 -1166.23 406.544 460148 -5.2034
-160.187 -1165.39 406.554 460148 -5.20374
-160.264 -1164.55 406.564 460148 -5.20374
-160.341 -1163.7 406.574 460148 -5.20374
-160.418 -1162.86 406.585 460148 -5.20374
-160.495 -1162.02 406.595 460148 -5.20374
-160.571 -1161.17 406.605 460148 -5.20374
-160.648 -1160.33 406.615 460148 -5.21934
-160.725 -1159.49 406.625 460148 -5.21934
-160.802 -1158.65 406.636 460148 -5.21934
-160.878 -1157.81 406.646 460148 -5.21934
-160.955 -1156.97 406.656 460148 -5.21934
-161.032 -1156.13 406.666 460148 -5.21934
-161.109 -1155.29 406.677 460148 -5.50782
-161.189 -1154.45 406.687 460148 -6.20294
-161.28 -1153.61 406.697 460148 -6.20294
-161.371 -1152.78 406.708 460148 -6.20294
-161.462 -1151.94 406.718 460148 -6.20295
-161.553 -1151.1 406.729 460148 -6.20295
-161.644 -1150.27 406.739 460148 -6.29437
-161.736 -1149.43 406.749 460148 -6.29437
-161.828 -1148.6 406.76 460148 -6.29437
-161.92 -1147.76 406.77 460148 -6.29438
-162.012 -1146.93 406.781 460148 -6.29438
-162.104 -1146.09 406.791 460148 -6.29438
-162.196 -1145.26 406.802 460148 -5.96387
-162.283 -1144.44 406.812 460148 -5.96387
-162.369 -1143.61 406.822 460148 -5.96387
-162.455 -1142.79 406.832 460148 -5.96387
-162.541 -1141.96 406.843 460148 -5.96387
-162.627 -1141.14 406.853 460148 -5.96387
-162.713 -1140.31 406.863 460148 -5.85393
-162.794 -1139.52 406.873 460148 -5.85393
-162.876 -1138.73 406.883 460148 -5.85393
-162.957 -1137.93 406.893 460148 -5.85393
-163.038 -1137.14 406.903 460148 -5.85393
-163.12 -1136.35 406.913 460148 -5.85393
-163.201 -1135.56 406.923 460148 -6.17416
-163.282 -1134.81 406.932 460148 -6.17416
-163.363 -1134.06 406.941 460148 -6.17416
-163.444 -1133.31 406.951 460148 -6.17416
-163.525 -1132.56 406.96 460148 -6.17416
-163.606 -1131.82 406.969 460148 -6.17416
-163.687 -1131.07 406.979 460148 -6.33611
-163.765 -1130.36 406.987 460148 -7.19032
-163.854 -1129.66 406.997 460148 -7.30464
-163.944 -1128.95 407.006 460148 -7.30465
-164.034 -1128.25 407.015 460148 -7.30465
-164.124 -1127.55 407.024 460148 -7.30465
-164.215 -1126.84 407.034 460148 -7.50755
-164.302 -1126.18 407.042 460148 -7.50755
-164.39 -1125.51 407.051 460148 -7.50756
-164.478 -1124.85 407.06 460148 -7.50756
-164.566 -1124.18 407.069 460148 -7.50756
-164.653 -1123.51 407.078 460148 -7.50757
-164.741 -1122.85 407.086 460148 -7.14498
-164.823 -1122.19 407.095 460148 -7.14498
-164.906 -1121.54 407.104 460148 -7.14498
-164.988 -1120.88 407.112 460148 -7.14498
-165.07 -1120.22 407.121 460148 -7.14498
-165.152 -1119.57 407.129 460148 -7.14498
-165.235 -1118.91 407.138 460148 -6.85193
-165.314 -1118.25 407.147 460148 -6.85193
-165.393 -1117.59 407.155 460148 -6.85193
-165.472 -1116.93 407.164 460148 -6.85193
-165.552 -1116.27 407.173 460148 -6.85193
-165.631 -1115.61 407.181 460148 -6.85193
-165.71 -1114.96 407.19 460148 -6.96238
-165.791 -1114.29 407.199 460148 -6.96238
-165.872 -1113.63 407.208 460148 -6.96238
-165.953 -1112.96 407.216 460148 -6.96238
-166.034 -1112.3 407.225 460148 -6.96238
-166.115 -1111.64 407.234 460148 -6.96238
-166.196 -1110.97 407.243 460148 -6.96714
-166.277 -1110.31 407.251 460148 -6.96714
-166.358 -1109.65 407.26 460148 -6.96714
-166.439 -1108.98 407.269 460148 -6.96714
-166.52 -1108.32 407.277 460148 -6.96714
-166.602 -1107.66 407.286 460148 -6.96714
-166.683 -1106.99 407.295 460148 -6.96235
-166.764 -1106.33 407.304 460148 -7.28053
-166.848 -1105.67 407.313 460148 -7.94201
-166.94 -1105.01 407.322 460148 -7.94201
-167.033 -1104.35 407.331 460148 -7.94201
-167.125 -1103.68 407.341 460148 -7.94201
-167.217 -1103.02 407.35 460148 -7.94684
-167.31 -1102.36 407.36 460148 -7.94684
-167.402 -1101.7 407.369 460148 -7.94684
-167.495 -1101.03 407.378 460148 -7.94684
-167.588 -1100.37 407.388 460148 -7.94684
-167.68 -1099.71 407.397 460148 -7.94684
-167.773 -1099.04 407.407 460148 -7.93745
-167.866 -1098.38 407.416 460148 -7.93745
-167.958 -1097.71 407.426 460148 -7.93745
-168.051 -1097.04 407.435 460148 -7.93745
-168.144 -1096.38 407.444 460148 -7.93745
-168.237 -1095.71 407.454 460148 -7.93745
-168.33 -1095.05 407.463 460148 -7.94682
-168.422 -1094.38 407.473 460148 -7.94683
-168.515 -1093.72 407.482 460148 -7.94683
-168.607 -1093.06 407.492 460148 -7.94683
-168.7 -1092.4 407.501 460148 -7.94682
-168.793 -1091.73 407.51 460148 -7.94683
-168.885 -1091.07 407.52 460148 -7.86372
-168.975 -1090.42 407.529 460148 -7.86372
-169.064 -1089.77 407.538 460148 -7.86372
-169.154 -1089.12 407.547 460148 -7.86372
-169.243 -1088.48 407.557 460148 -7.86372
-169.333 -1087.83 407.566 460148 -7.86372
-169.422 -1087.18 407.575 460148 -7.93549
-169.509 -1086.56 407.584 460148 -7.93549
-169.596 -1085.93 407.593 460148 -7.93549
-169.683 -1085.31 407.601 460148 -7.93549
-169.77 -1084.69 407.61 460148 -7.93549
-169.857 -1084.06 407.619 460148 -7.93549
-169.943 -1083.44 407.628 460148 -7.93397
-170.026 -1082.85 407.636 460148 -7.93397
-170.109 -1082.25 407.645 460148 -7.93397
-170.191 -1081.66 407.653 460148 -8.6173
-170.281 -1081.07 407.662 460148 -8.92399
-170.374 -1080.48 407.671 460148 -8.92399
-170.467 -1079.89 407.681 460148 -8.94471
-170.556 -1079.32 407.689 460148 -8.94471
-170.644 -1078.76 407.698 460148 -8.94471
-170.733 -1078.2 407.707 460148 -8.94471
-170.822 -1077.63 407.716 460148 -8.94471
-170.91 -1077.07 407.725 460148 -8.94471
-170.999 -1076.51 407.733 460148 -8.93231
-171.083 -1075.97 407.742 460148 -8.93231
-171.167 -1075.44 407.75 460148 -8.93231
-171.251 -1074.9 407.758 460148 -8.93231
-171.335 -1074.37 407.767 460148 -8.93231
-171.418 -1073.84 407.775 460148 -8.93231
-171.502 -1073.3 407.783 460148 -9.03625
-171.583 -1072.8 407.791 460148 -9.03625
-171.664 -1072.29 407.799 460148 -9.03625
-171.745 -1071.78 407.807 460148 -9.03625
-171.826 -1071.27 407.815 460148 -9.03625
-171.907 -1070.76 407.823 460148 -9.03625
-171.987 -1070.25 407.831 460148 -8.93042
-172.065 -1069.76 407.839 460148 -8.93042
-172.143 -1069.27 407.846 460148 -8.93042
-172.22 -1068.77 407.854 460148 -8.93042
-172.298 -1068.28 407.862 460148 -8.93042
-172.376 -1067.78 407.869 460148 -8.93042
-172.453 -1067.29 407.877 460148 -8.93042
-172.53 -1066.8 407.885 460148 -8.93042
-172.607 -1066.31 407.892 460148 -8.93042
-172.685 -1065.82 407.9 460148 -8.93042
-172.762 -1065.33 407.908 460148 -8.93042
-172.839 -1064.84 407.915 460148 -8.93042
-172.916 -1064.34 407.923 460148 -8.93042
-172.994 -1063.85 407.931 460148 -8.93042
-173.071 -1063.36 407.938 460148 -8.93042
-173.149 -1062.86 407.946 460148 -8.93042
-173.226 -1062.37 407.954 460148 -8.93042
-173.304 -1061.88 407.961 460148 -8.93042
-173.381 -1061.38 407.969 460148 -8.93685
-173.459 -1060.89 407.977 460148 -8.93685
-173.537 -1060.39 407.984 460148 -8.93685
-173.615 -1059.9 407.992 460148 -8.93685
-173.693 -1059.4 408 460148 -8.93685
-173.771 -1058.91 408.008 460148 -8.93685
-173.849 -1058.41 408.015 460148 -8.93044
-173.927 -1057.92 408.023 460148 -8.93044
-174.005 -1057.42 408.031 460148 170.302
-173.809 -1058.56 408.011 470148 -7.49363
-173.875 -1058.07 408.009 470148 -7.24924
-173.938 -1057.57 408.014 470148 -7.09508
-174 -1057.07 408.022 470148 -7.03405
-174.062 -1056.57 408.034 470148 -7.0503
-174.124 -1056.07 408.047 470148 -7.14706
-174.187 -1055.57 408.061 470148 -7.32089
-174.251 -1055.07 408.076 470148 -7.56839
-174.317 -1054.57 408.089 470148 -7.88614
-174.387 -1054.07 408.101 470148 -7.88614
-174.423 -1053.9 408.097 480148 -10.0682
-174.512 -1053.4 408.103 480148 -10.0682
-174.6 -1052.9 408.109 480148 -10.0682
-174.688 -1052.41 408.114 480148 -10.0682
-174.777 -1051.91 408.12 480148 -10.0682
-174.865 -1051.41 408.126 480148 -10.0617
-174.953 -1050.92 408.131 480148 -10.0617
-175.041 -1050.42 408.137 480148 -10.0617
-175.129 -1049.93 408.143 480148 -10.0617
-175.216 -1049.43 408.148 480148 -10.0617
-175.304 -1048.94 408.154 480148 -10.0617
-175.392 -1048.44 408.16 480148 -10.0617
-175.474 -1047.97 408.165 480148 -10.0617
-175.556 -1047.49 408.17 480148 -10.0617
-175.638 -1047.02 408.176 480148 -10.0617
-175.72 -1046.54 408.181 480148 -10.0617
-175.803 -1046.07 408.187 480148 -10.0617
-175.885 -1045.59 408.192 480148 -10.0617
-175.96 -1045.16 408.197 480148 -10.0617
-176.035 -1044.73 408.202 480148 -10.0617
-176.11 -1044.3 408.207 480148 -10.0617
-176.185 -1043.87 408.212 480148 -10.0617
-176.26 -1043.44 408.217 480148 -10.0617
-176.335 -1043.01 408.222 480148 -10.0617
-176.406 -1042.62 408.226 480148 -10.0617
-176.476 -1042.23 408.231 480148 -10.0617
-176.547 -1041.84 408.235 480148 -10.0617
-176.618 -1041.45 408.24 480148 -10.0617
-176.691 -1041.06 408.244 480148 -10.0617
-176.763 -1040.67 408.249 480148 -10.0617
-176.828 -1040.32 408.253 480148 -10.0617
-176.894 -1039.97 408.257 480148 -10.0617
-176.959 -1039.63 408.261 480148 -10.0617
-177.024 -1039.28 408.265 480148 -10.0617
-177.089 -1038.94 408.268 480148 -10.0617
-177.155 -1038.59 408.272 480148 -10.0617
-177.214 -1038.27 408.276 480148 -10.0617
-177.273 -1037.94 408.28 480148 -10.0617
-177.333 -1037.62 408.284 480148 -10.0617
-177.392 -1037.29 408.288 480148 -10.0617
-177.452 -1036.96 408.291 480148 -10.0617
-177.511 -1036.64 408.295 480148 -10.0617
-177.57 -1036.32 408.299 480148 -10.0617
-177.628 -1035.99 408.303 480148 -10.0617
-177.687 -1035.67 408.306 480148 -10.0617
-177.746 -1035.35 408.31 480148 -10.0617
-177.805 -1035.02 408.314 480148 -10.0617
-177.863 -1034.7 408.317 480148 -10.0617
-177.923 -1034.38 408.321 480148 -10.0617
-177.982 -1034.05 408.325 480148 -10.0617
-178.042 -1033.72 408.329 480148 -10.0617
-178.101 -1033.4 408.332 480148 -10.0617
-178.161 -1033.07 408.336 480148 -10.0617
-178.22 -1032.74 408.34 480148 -10.0617
-178.28 -1032.41 408.344 480148 -10.0617
-178.34 -1032.09 408.348 480148 -10.0617
-178.4 -1031.76 408.351 480148 -10.0617
-178.46 -1031.43 408.355 480148 -10.0617
-178.52 -1031.1 408.359 480148 -10.0617
-178.58 -1030.77 408.363 480148 -10.0617
-178.639 -1030.44 408.367 480148 -10.0617
-178.699 -1030.11 408.37 480148 -10.0617
-178.759 -1029.79 408.374 480148 -10.0617
-178.819 -1029.46 408.378 480148 -10.0617
-178.878 -1029.13 408.382 480148 -10.0617
-178.939 -1028.8 408.386 480148 -10.0617
-179 -1028.47 408.389 480148 -10.0617
-179.06 -1028.15 408.393 480148 -10.0617
-179.121 -1027.82 408.397 480148 -10.0617
-179.182 -1027.49 408.401 480148 -10.0617
-179.243 -1027.16 408.405 480148 -10.0617
-179.304 -1026.83 408.409 480148 -10.0617
-179.365 -1026.51 408.412 480148 -10.0617
-179.426 -1026.18 408.416 480148 -10.0617
-179.487 -1025.85 408.42 480148 -10.0617
-179.548 -1025.52 408.424 480148 -10.0617
-179.609 -1025.2 408.428 480148 -10.0617
-179.67 -1024.87 408.432 480148 -10.0617
-179.731 -1024.54 408.435 480148 -10.0617
-179.793 -1024.21 408.439 480148 -10.0617
-179.854 -1023.88 408.443 480148 -10.0617
-179.915 -1023.56 408.447 480148 -10.0617
-179.976 -1023.23 408.451 480148 -10.0617
-180.037 -1022.9 408.455 480148 -10.0617
-180.098 -1022.57 408.458 480148 -10.0617
-180.159 -1022.24 408.462 480148 -10.0617
-180.22 -1021.92 408.466 480148 -10.0617
-180.281 -1021.59 408.47 480148 -10.0617
-180.342 -1021.26 408.474 480148 -10.0617
-180.403 -1020.93 408.477 480148 -10.0617
-180.464 -1020.61 408.481 480148 -10.0617
-180.525 -1020.28 408.485 480148 -10.0617
-180.586 -1019.95 408.489 480148 -10.0617
-180.647 -1019.62 408.493 480148 -10.0617
-180.708 -1019.29 408.497 480148 -10.0617
-180.769 -1018.97 408.5 480148 -10.0617
-180.829 -1018.64 408.504 480148 -10.0617
-180.89 -1018.31 408.508 480148 -10.0617
-180.951 -1017.98 408.512 480148 -10.0617
-181.012 -1017.65 408.516 480148 -10.0617
-181.073 -1017.33 408.52 480148 -10.0617
-181.134 -1017 408.523 480148 -10.0617
-181.195 -1016.67 408.527 480148 -10.0617
-181.256 -1016.34 408.531 480148 -10.0617
-181.319 -1016.02 408.535 480148 -10.0617
-181.381 -1015.69 408.539 480148 -10.0617
-181.443 -1015.36 408.543 480148 -10.0617
-181.505 -1015.03 408.547 480148 -10.0617
-181.567 -1014.71 408.551 480148 -10.0617
-181.629 -1014.38 408.554 480148 -10.0617
-181.691 -1014.05 408.558 480148 -10.0617
-181.753 -1013.72 408.562 480148 -10.0617
-181.815 -1013.39 408.566 480148 -10.0617
-181.877 -1013.07 408.57 480148 -10.0617
-181.939 -1012.74 408.574 480148 -10.0617
-182.001 -1012.41 408.578 480148 -10.0617
-182.063 -1012.08 408.582 480148 -10.0617
-182.125 -1011.76 408.586 480148 -10.0617
-182.187 -1011.43 408.589 480148 -10.0617
-182.249 -1011.1 408.593 480148 -10.0617
-182.311 -1010.77 408.597 480148 -10.0617
-182.373 -1010.45 408.601 480148 -10.0617
-182.435 -1010.12 408.605 480148 -10.0617
-182.497 -1009.79 408.609 480148 -10.0617
-182.559 -1009.46 408.613 480148 -10.0617
-182.621 -1009.13 408.617 480148 -10.0617
-182.683 -1008.81 408.621 480148 -10.0617
-182.745 -1008.48 408.624 480148 -10.0617
-182.807 -1008.15 408.628 480148 -10.0617
-182.869 -1007.82 408.632 480148 -10.0617
-182.931 -1007.5 408.636 480148 -10.0617
-182.993 -1007.17 408.64 480148 -10.0617
-183.055 -1006.84 408.644 480148 -10.0617
-183.117 -1006.51 408.648 480148 -10.0617
-183.179 -1006.19 408.652 480148 -10.0617
-183.242 -1005.86 408.656 480148 -10.0617
-183.304 -1005.53 408.659 480148 -10.0617
-183.366 -1005.2 408.663 480148 -10.0617
-183.428 -1004.88 408.667 480148 -10.0617
-183.49 -1004.55 408.671 480148 -10.0617
-183.552 -1004.22 408.675 480148 -10.0617
-183.614 -1003.89 408.679 480148 -10.0617
-183.676 -1003.56 408.683 480148 -10.0617
-183.739 -1003.24 408.687 480148 -10.0617
-183.802 -1002.91 408.691 480148 -10.0617
-183.865 -1002.58 408.695 480148 -10.0617
-183.928 -1002.25 408.699 480148 -10.0617
-183.991 -1001.93 408.703 480148 -10.0617
-184.054 -1001.6 408.707 480148 -10.0617
-184.116 -1001.27 408.71 480148 -10.0617
-184.179 -1000.94 408.714 480148 -10.0617
-184.242 -1000.62 408.718 480148 -10.0617
-184.305 -1000.29 408.722 480148 -10.0617
-184.368 -999.962 408.726 480148 -10.0617
-184.431 -999.635 408.73 480148 -10.0617
-184.493 -999.307 408.734 480148 -10.0617
-184.556 -998.98 408.738 480148 -10.0617
-184.619 -998.654 408.742 480148 -10.0617
-184.682 -998.327 408.746 480148 -10.0617
-184.745 -998 408.75 480148 -10.0617
-184.808 -997.673 408.754 480148 -10.0617
-184.87 -997.346 408.758 480148 -10.0617
-184.934 -997.017 408.762 480148 -10.0617
-184.997 -996.688 408.766 480148 -10.0617
-185.06 -996.359 408.77 480148 -10.0617
-185.123 -996.03 408.774 480148 -10.0617
-185.186 -995.701 408.778 480148 -10.0617
-185.249 -995.371 408.782 480148 -10.0617
-185.313 -995.04 408.786 480148 -10.0617
-185.377 -994.708 408.79 480148 -10.0617
-185.44 -994.376 408.794 480148 -10.0617
-185.504 -994.044 408.798 480148 -10.0617
-185.568 -993.713 408.802 480148 -10.0617
-185.631 -993.381 408.806 480148 -10.0617
-185.695 -993.051 408.81 480148 -10.0617
-185.758 -992.721 408.814 480148 -10.0617
-185.821 -992.39 408.818 480148 -10.0617
-185.885 -992.06 408.822 480148 -10.0617
-185.948 -991.73 408.826 480148 -10.0617
-186.011 -991.4 408.83 480148 -10.0617
-186.071 -991.085 408.833 480148 -10.0617
-186.132 -990.769 408.837 480148 -10.0617
-186.192 -990.454 408.841 480148 -10.0617
-186.252 -990.138 408.845 480148 -10.0617
-186.313 -989.823 408.849 480148 -10.0617
-186.373 -989.508 408.853 480148 -10.0617
-186.427 -989.231 408.856 480148 -10.0617
-186.48 -988.955 408.86 480148 -10.0617
-186.534 -988.679 408.863 480148 -10.0617
-186.587 -988.402 408.867 480148 -10.0617
-186.641 -988.126 408.87 480148 -10.0617
-186.694 -987.85 408.873 480148 -10.0617
-186.74 -987.616 408.876 480148 -10.0617
-186.785 -987.383 408.879 480148 -10.0617
-186.83 -987.149 408.882 480148 -10.0617
-186.875 -986.916 408.885 480148 -10.0617
-186.92 -986.682 408.888 480148 -10.0617
-186.965 -986.449 408.891 480148 -10.0617
-187.005 -986.246 408.893 480148 -10.0617
-187.044 -986.042 408.896 480148 -10.0617
-187.083 -985.839 408.898 480148 -10.0617
-187.123 -985.636 408.901 480148 -10.0617
-187.162 -985.432 408.903 480148 -10.0617
-187.201 -985.229 408.906 480148 -10.0617
-187.237 -985.043 408.908 480148 -10.0617
-187.273 -984.858 408.91 480148 -10.0617
-187.309 -984.672 408.912 480148 -10.0617
-187.345 -984.486 408.915 480148 -10.0617
-187.381 -984.301 408.917 480148 -10.0617
-187.416 -984.115 408.919 480148 -10.0617
-187.451 -983.939 408.922 480148 -10.0617
-187.486 -983.763 408.924 480148 -10.0617
-187.521 -983.587 408.926 480148 -10.0617
-187.556 -983.411 408.928 480148 -10.0617
-187.591 -983.235 408.93 480148 -10.0617
-187.625 -983.059 408.932 480148 -10.0617
-187.657 -982.893 408.934 480148 -10.0617
-187.689 -982.728 408.936 480148 -10.0617
-187.722 -982.562 408.938 480148 -10.0617
-187.754 -982.396 408.941 480148 -10.0617
-187.786 -982.231 408.943 480148 -10.0617
-187.818 -982.065 408.945 480148 -10.0617
-187.848 -981.906 408.947 480148 -10.0617
-187.879 -981.746 408.949 480148 -10.0617
-187.91 -981.587 408.95 480148 -10.0617
-187.941 -981.427 408.952 480148 -10.0617
-187.971 -981.268 408.954 480148 -10.0617
-188.002 -981.108 408.956 480148 -10.0617
-188.033 -980.946 408.958 480148 -10.0617
-188.065 -980.784 408.96 480148 -10.0617
-188.096 -980.622 408.962 480148 -10.0617
-188.127 -980.46 408.964 480148 -10.0617
-188.158 -980.298 408.966 480148 -10.0617
-188.19 -980.136 408.968 480148 -10.0617
-188.221 -979.972 408.97 480148 -10.0617
-188.253 -979.808 408.972 480148 -10.0617
-188.285 -979.644 408.974 480148 -10.0617
-188.316 -979.48 408.976 480148 -10.0617
-188.348 -979.316 408.978 480148 -10.0617
-188.38 -979.151 408.98 480148 -10.0617
-188.411 -978.988 408.983 480148 -10.0617
-188.443 -978.824 408.985 480148 -10.0617
-188.475 -978.66 408.987 480148 -10.0617
-188.506 -978.497 408.989 480148 -10.0617
-188.538 -978.333 408.991 480148 -10.0617
-188.57 -978.169 408.993 480148 -10.0617
-188.602 -978.006 408.995 480148 -10.0617
-188.634 -977.842 408.997 480148 -10.0617
-188.665 -977.678 408.999 480148 -10.0617
-188.697 -977.515 409.001 480148 -10.0617
-188.729 -977.351 409.003 480148 -10.0617
-188.761 -977.187 409.005 480148 -10.0617
-188.793 -977.024 409.007 480148 -10.0617
-188.824 -976.86 409.009 480148 -10.0617
-188.856 -976.696 409.011 480148 -10.0617
-188.888 -976.533 409.013 480148 -10.0617
-188.92 -976.369 409.015 480148 -10.0617
-188.952 -976.205 409.017 480148 -10.0617
-188.984 -976.042 409.02 480148 -10.0617
-189.015 -975.878 409.022 480148 -10.0617
-189.047 -975.714 409.024 480148 -10.0617
-189.079 -975.551 409.026 480148 -10.0617
-189.111 -975.387 409.028 480148 -10.0617
-189.143 -975.223 409.03 480148 -10.0617
-189.174 -975.059 409.032 480148 -10.0617
-189.206 -974.896 409.034 480148 -10.0617
-189.238 -974.732 409.036 480148 -10.0617
-189.27 -974.568 409.038 480148 -10.0617
-189.301 -974.405 409.04 480148 -10.0617
-189.333 -974.241 409.042 480148 -10.0617
-189.365 -974.077 409.044 480148 -10.0617
-189.397 -973.913 409.046 480148 -10.0617
-189.429 -973.749 409.048 480148 -10.0617
-189.461 -973.585 409.05 480148 -10.0617
-189.493 -973.421 409.053 480148 -10.0617
-189.525 -973.257 409.055 480148 -10.0617
-189.556 -973.094 409.057 480148 -10.0617
-189.588 -972.93 409.059 480148 -10.0617
-189.62 -972.767 409.061 480148 -10.0617
-189.652 -972.604 409.063 480148 -10.0617
-189.683 -972.44 409.065 480148 -10.0617
-189.715 -972.277 409.067 480148 -10.0617
-189.747 -972.113 409.069 480148 -10.0617
-189.779 -971.95 409.071 480148 -10.0617
-189.811 -971.786 409.073 480148 -10.0617
-189.842 -971.622 409.075 480148 -10.0617
-189.874 -971.459 409.077 480148 -10.0617
-189.906 -971.295 409.079 480148 -10.0617
-189.938 -971.131 409.081 480148 -10.0617
-189.97 -970.968 409.083 480148 -10.0617
-190.001 -970.804 409.085 480148 -10.0617
-190.033 -970.64 409.088 480148 -10.0617
-190.065 -970.477 409.09 480148 -10.0617
-190.097 -970.313 409.092 480148 -10.0617
-190.129 -970.149 409.094 480148 -10.0617
-190.161 -969.986 409.096 480148 -10.0617
-190.192 -969.822 409.098 480148 -10.0617
-190.224 -969.658 409.1 480148 -10.0617
-190.256 -969.494 409.102 480148 -10.0617
-190.288 -969.331 409.104 480148 -10.0617
-190.32 -969.167 409.106 480148 -10.0617
-190.351 -969.003 409.108 480148 -10.0617
-190.383 -968.84 409.11 480148 -10.0617
-190.415 -968.676 409.112 480148 -10.0617
-190.447 -968.512 409.114 480148 -10.0617
-190.478 -968.349 409.116 480148 -10.0617
-190.51 -968.185 409.118 480148 -10.0617
-190.542 -968.021 409.121 480148 -10.0617
-190.574 -967.858 409.123 480148 -10.0617
-190.606 -967.694 409.125 480148 -10.0617
-190.638 -967.53 409.127 480148 -10.0617
-190.669 -967.367 409.129 480148 -10.0617
-190.701 -967.203 409.131 480148 -10.0617
-190.733 -967.039 409.133 480148 -10.0617
-190.765 -966.876 409.135 480148 -10.0617
-190.796 -966.712 409.137 480148 -10.0617
-190.828 -966.548 409.139 480148 -10.0617
-190.86 -966.385 409.141 480148 -10.0617
-190.892 -966.221 409.143 480148 -10.0617
-190.924 -966.057 409.145 480148 -10.0617
-190.956 -965.894 409.147 480148 -10.0617
-190.988 -965.73 409.149 480148 -10.0617
-191.02 -965.566 409.152 480148 -10.0617
-191.052 -965.403 409.154 480148 -10.0617
-191.084 -965.239 409.156 480148 -10.0617
-191.116 -965.075 409.158 480148 -10.0617
-191.148 -964.912 409.16 480148 -10.0617
-191.179 -964.748 409.162 480148 -10.0617
-191.211 -964.584 409.164 480148 -10.0617
-191.243 -964.421 409.166 480148 -10.0617
-191.275 -964.257 409.168 480148 -10.0617
-191.307 -964.093 409.171 480148 -10.0617
-191.339 -963.93 409.173 480148 -10.0617
-191.371 -963.766 409.175 480148 -10.0617
-191.403 -963.602 409.177 480148 -10.0617
-191.435 -963.439 409.179 480148 -10.0617
-191.467 -963.275 409.181 480148 -10.0617
-191.499 -963.111 409.183 480148 -10.0617
-191.531 -962.948 409.185 480148 -10.0617
-191.563 -962.784 409.188 480148 -10.0617
-191.595 -962.621 409.19 480148 -10.0617
-191.627 -962.457 409.192 480148 -10.0617
-191.658 -962.293 409.194 480148 -10.0617
-191.69 -962.13 409.196 480148 -10.0617
-191.722 -961.966 409.198 480148 -10.0617
-191.754 -961.802 409.2 480148 -10.0617
-191.786 -961.639 409.202 480148 -10.0617
-191.818 -961.475 409.204 480148 -10.0617
-191.85 -961.311 409.207 480148 -10.0617
-191.882 -961.148 409.209 480148 -10.0617
-191.914 -960.984 409.211 480148 -10.0617
-191.946 -960.82 409.213 480148 -10.0617
-191.978 -960.657 409.215 480148 -10.0617
-192.01 -960.493 409.217 480148 -10.0617
-192.041 -960.329 409.219 480148 -10.0617
-192.073 -960.166 409.221 480148 -10.0617
-192.105 -960.002 409.223 480148 -10.0617
-192.137 -959.838 409.226 480148 -10.0617
-192.169 -959.675 409.228 480148 -10.0617
-192.201 -959.511 409.23 480148 -10.0617
-192.233 -959.347 409.232 480148 -10.0617
-192.265 -959.184 409.234 480148 -10.0617
-192.297 -959.02 409.236 480148 -10.0617
-192.329 -958.856 409.238 480148 -10.0617
-192.361 -958.693 409.24 480148 -10.0617
-192.392 -958.529 409.242 480148 -10.0617
-192.424 -958.366 409.245 480148 -10.0617
-192.456 -958.202 409.247 480148 -10.0617
-192.488 -958.038 409.249 480148 -10.0617
-192.52 -957.875 409.251 480148 -10.0617
-192.552 -957.711 409.253 480148 -10.0617
-192.584 -957.547 409.255 480148 -10.0617
-192.616 -957.384 409.257 480148 -10.0617
-192.648 -957.22 409.259 480148 -10.0617
-192.68 -957.056 409.261 480148 -10.0617
-192.712 -956.893 409.264 480148 -10.0617
-192.744 -956.729 409.266 480148 -10.0617
-192.776 -956.565 409.268 480148 -10.0617
-192.808 -956.402 409.27 480148 -10.0617
-192.84 -956.238 409.272 480148 -10.0617
-192.872 -956.074 409.274 480148 -10.0617
-192.904 -955.911 409.276 480148 -10.0617
-192.935 -955.747 409.278 480148 -10.0617
-192.967 -955.583 409.28 480148 -10.0617
-192.999 -955.42 409.283 480148 -10.0617
-193.031 -955.256 409.285 480148 -10.0617
-193.063 -955.092 409.287 480148 -10.0617
-193.095 -954.929 409.289 480148 -10.0617
-193.127 -954.765 409.291 480148 -10.0617
-193.159 -954.602 409.293 480148 -10.0617
-193.191 -954.438 409.295 480148 -10.0617
-193.223 -954.274 409.297 480148 -10.0617
-193.255 -954.111 409.299 480148 -10.0617
-193.287 -953.947 409.302 480148 -10.0617
-193.319 -953.783 409.304 480148 -10.0617
-193.351 -953.62 409.306 480148 -10.0617
-193.383 -953.456 409.308 480148 -10.0617
-193.415 -953.292 409.31 480148 -10.0617
-193.446 -953.129 409.312 480148 -10.0617
-193.478 -952.965 409.314 480148 -10.0617
-193.51 -952.801 409.317 480148 -10.0617
-193.542 -952.638 409.319 480148 -10.0617
-193.574 -952.474 409.321 480148 -10.0617
-193.606 -952.31 409.323 480148 -10.0617
-193.638 -952.147 409.325 480148 -10.0617
-193.67 -951.983 409.327 480148 -10.0617
-193.702 -951.819 409.33 480148 -10.0617
-193.734 -951.656 409.332 480148 -10.0617
-193.766 -951.492 409.334 480148 -10.0617
-193.798 -951.329 409.336 480148 -10.0617
-193.83 -951.165 409.338 480148 -10.0617
-193.862 -951.001 409.34 480148 -10.0617
-193.894 -950.838 409.343 480148 -10.0617
-193.925 -950.674 409.345 480148 -10.0617
-193.958 -950.51 409.347 480148 -10.0617
-193.99 -950.347 409.349 480148 -10.0617
-194.022 -950.183 409.351 480148 -10.0617
-194.054 -950.019 409.353 480148 -10.0617
-194.086 -949.856 409.356 480148 -10.0617
-194.118 -949.692 409.358 480148 -10.0617
-194.149 -949.528 409.36 480148 -10.0617
-194.181 -949.365 409.362 480148 -10.0617
-194.213 -949.201 409.364 480148 -10.0617
-194.245 -949.037 409.366 480148 -10.0617
-194.277 -948.874 409.369 480148 -10.0617
-194.309 -948.71 409.371 480148 -10.0617
-194.341 -948.546 409.373 480148 -10.0617
-194.373 -948.383 409.375 480148 -10.0617
-194.405 -948.219 409.377 480148 -10.0617
-194.437 -948.055 409.38 480148 -10.0617
-194.469 -947.892 409.382 480148 -10.0617
-194.501 -947.728 409.384 480148 -10.0617
-194.533 -947.565 409.386 480148 -10.0617
-194.565 -947.401 409.388 480148 -10.0617
-194.597 -947.237 409.39 480148 -10.0617
-194.629 -947.074 409.393 480148 -10.0617
-194.66 -946.91 409.395 480148 -10.0617
-194.692 -946.746 409.397 480148 -10.0617
-194.724 -946.583 409.399 480148 -10.0617
-194.756 -946.419 409.401 480148 -10.0617
-194.788 -946.255 409.403 480148 -10.0617
-194.82 -946.092 409.406 480148 -10.0617
-194.852 -945.928 409.408 480148 -10.0617
-194.884 -945.764 409.41 480148 -10.0617
-194.916 -945.601 409.412 480148 -10.0617
-194.948 -945.437 409.414 480148 -10.0617
-194.98 -945.273 409.416 480148 -10.0617
-195.012 -945.11 409.419 480148 -10.0617
-195.044 -944.946 409.421 480148 -10.0617
-195.076 -944.783 409.423 480148 -10.0617
-195.108 -944.619 409.425 480148 -10.0617
-195.14 -944.455 409.427 480148 -10.0617
-195.172 -944.292 409.429 480148 -10.0617
-195.204 -944.128 409.432 480148 -10.0617
-195.236 -943.964 409.434 480148 -10.0617
-195.268 -943.801 409.436 480148 -10.0617
-195.3 -943.637 409.438 480148 -10.0617
-195.331 -943.473 409.44 480148 -10.0617
-195.363 -943.31 409.442 480148 -10.0617
-195.395 -943.146 409.445 480148 -10.0617
-195.427 -942.982 409.447 480148 -10.0617
-195.459 -942.819 409.449 480148 -10.0617
-195.491 -942.655 409.451 480148 -10.0617
-195.523 -942.491 409.453 480148 -10.0617
-195.555 -942.328 409.455 480148 -10.0617
-195.587 -942.164 409.458 480148 -10.0617
-195.619 -942 409.46 480148 -10.0617
-195.651 -941.837 409.462 480148 -10.0617
-195.683 -941.673 409.464 480148 -10.0617
-195.715 -941.509 409.466 480148 -10.0617
-195.747 -941.346 409.468 480148 -10.0617
-195.779 -941.182 409.471 480148 -10.0617
-195.811 -941.019 409.473 480148 -10.0617
-195.843 -940.855 409.475 480148 -10.0617
-195.874 -940.691 409.477 480148 -10.0617
-195.906 -940.528 409.479 480148 -10.0617
-195.938 -940.364 409.482 480148 -10.0617
-195.97 -940.2 409.484 480148 -10.0617
-196.002 -940.037 409.486 480148 -10.0617
-196.034 -939.873 409.488 480148 -10.0617
-196.066 -939.709 409.491 480148 -10.0617
-196.097 -939.546 409.493 480148 -10.0617
-196.129 -939.382 409.495 480148 -10.0617
-196.161 -939.218 409.497 480148 -10.0617
-196.193 -939.055 409.5 480148 -10.0617
-196.225 -938.891 409.502 480148 -10.0617
-196.257 -938.728 409.504 480148 -10.0617
-196.288 -938.564 409.506 480148 -10.0617
-196.32 -938.401 409.508 480148 -10.0617
-196.352 -938.238 409.511 480148 -10.0617
-196.384 -938.074 409.513 480148 -10.0617
-196.415 -937.911 409.515 480148 -10.0617
-196.447 -937.747 409.517 480148 -10.0617
-196.479 -937.584 409.52 480148 -10.0617
-196.511 -937.42 409.522 480148 -10.0617
-196.543 -937.256 409.524 480148 -10.0617
-196.575 -937.093 409.526 480148 -10.0617
-196.607 -936.929 409.528 480148 -10.0617
-196.639 -936.765 409.531 480148 -10.0617
-196.671 -936.601 409.533 480148 -10.0617
-196.703 -936.437 409.535 480148 -10.0617
-196.735 -936.273 409.537 480148 -10.0617
-196.767 -936.109 409.54 480148 -10.0617
-196.799 -935.945 409.542 480148 -10.0617
-196.83 -935.781 409.544 480148 -10.0617
-196.862 -935.618 409.546 480148 -10.0617
-196.894 -935.454 409.549 480148 -10.0617
-196.926 -935.29 409.551 480148 -10.0617
-196.958 -935.127 409.553 480148 -10.0617
-196.99 -934.963 409.555 480148 -10.0617
-197.022 -934.799 409.558 480148 -10.0617
-197.054 -934.634 409.56 480148 -10.0617
-197.086 -934.47 409.562 480148 -10.0617
-197.118 -934.306 409.564 480148 -10.0617
-197.15 -934.141 409.567 480148 -10.0617
-197.182 -933.977 409.569 480148 -10.0617
-197.213 -933.815 409.571 480148 -10.0617
-197.245 -933.653 409.573 480148 -10.0617
-197.276 -933.491 409.575 480148 -10.0617
-197.308 -933.329 409.578 480148 -10.0617
-197.339 -933.167 409.58 480148 -10.0617
-197.371 -933.005 409.582 480148 -10.0617
-197.402 -932.846 409.584 480148 -10.0617
-197.433 -932.687 409.586 480148 -10.0617
-197.464 -932.528 409.589 480148 -10.0617
-197.495 -932.368 409.591 480148 -10.0617
-197.525 -932.209 409.593 480148 -10.0617
-197.556 -932.05 409.595 480148 -10.0617
-197.588 -931.887 409.597 480148 -10.0617
-197.62 -931.724 409.599 480148 -10.0617
-197.652 -931.561 409.602 480148 -10.0617
-197.684 -931.398 409.604 480148 -10.0617
-197.715 -931.235 409.606 480148 -10.0617
-197.747 -931.072 409.608 480148 -10.0617
-197.783 -930.895 409.611 480148 -10.0617
-197.818 -930.718 409.613 480148 -10.0617
-197.853 -930.541 409.616 480148 -10.0617
-197.888 -930.365 409.618 480148 -10.0617
-197.924 -930.188 409.62 480148 -10.0617
-197.959 -930.011 409.623 480148 -10.0617
-197.998 -929.809 409.626 480148 -10.0617
-198.038 -929.607 409.628 480148 -10.0617
-198.077 -929.406 409.631 480148 -10.0617
-198.116 -929.204 409.634 480148 -10.0617
-198.155 -929.003 409.637 480148 -10.0617
-198.195 -928.801 409.639 480148 -10.0617
-198.24 -928.569 409.642 480148 -10.0617
-198.285 -928.338 409.646 480148 -10.0617
-198.231 -928.614 409.643 490148 -10.0617
-198.276 -928.382 409.647 490148 -10.0617
-198.321 -928.151 409.651 490148 -10.0617
-198.366 -927.92 409.655 490148 -10.0617
-198.416 -927.66 409.66 490148 -10.0617
-198.466 -927.401 409.664 490148 -10.0617
-198.516 -927.141 409.669 490148 -10.0617
-198.566 -926.882 409.673 490148 -10.0617
-198.617 -926.622 409.678 490148 -10.0617
-198.667 -926.363 409.682 490148 -10.0617
-198.723 -926.074 409.688 490148 -10.0617
-198.779 -925.784 409.693 490148 -10.0617
-198.835 -925.495 409.698 490148 -10.0617
-198.891 -925.206 409.703 490148 -10.0617
-198.947 -924.917 409.708 490148 -10.0617
-199.003 -924.627 409.713 490148 -10.0617
-199.063 -924.314 409.719 490148 -10.0617
-199.123 -924.001 409.724 490148 -10.0617
-199.182 -923.687 409.73 490148 -10.0617
-199.242 -923.374 409.735 490148 -10.0617
-199.302 -923.061 409.741 490148 -10.0617
-199.362 -922.747 409.746 490148 -10.0617
-199.426 -922.418 409.752 490148 -10.0617
-199.489 -922.089 409.758 490148 -10.0617
-199.553 -921.759 409.764 490148 -10.0617
-199.617 -921.43 409.769 490148 -10.0617
-199.681 -921.1 409.775 490148 -10.0617
-199.745 -920.771 409.781 490148 -10.0617
-199.81 -920.434 409.787 490148 -10.0617
-199.876 -920.097 409.793 490148 -10.0617
-199.941 -919.76 409.799 490148 -10.0617
-200.006 -919.423 409.805 490148 -10.0617
-200.072 -919.086 409.811 490148 -10.0617
-200.137 -918.749 409.817 490148 -10.0617
-200.201 -918.418 409.822 490148 -10.0617
-200.265 -918.087 409.828 490148 -10.0617
-200.329 -917.756 409.834 490148 -10.0617
-200.393 -917.425 409.84 490148 -10.0617
-200.457 -917.095 409.846 490148 -10.0617
-200.521 -916.764 409.852 490148 -10.0617
-200.579 -916.454 409.857 490148 -10.0617
-200.637 -916.145 409.863 490148 -10.0617
-200.694 -915.836 409.868 490148 -10.0617
-200.752 -915.526 409.873 490148 -10.0617
-200.81 -915.217 409.879 490148 -10.0617
-200.867 -914.908 409.884 490148 -10.0617
-200.917 -914.643 409.889 490148 -10.0617
-200.967 -914.379 409.894 490148 -10.0617
-201.017 -914.114 409.898 490148 -10.0617
-201.067 -913.849 409.903 490148 -10.0617
-201.117 -913.585 409.908 490148 -10.0617
-201.167 -913.32 409.912 490148 -10.0617
-201.212 -913.094 409.916 490148 -10.0617
-201.257 -912.868 409.92 490148 -10.0617
-201.303 -912.642 409.924 490148 -10.0617
-201.348 -912.415 409.928 490148 -10.0617
-201.393 -912.189 409.932 490148 -10.0617
-201.438 -911.963 409.936 490148 -10.0617
-201.475 -911.782 409.939 490148 -10.0617
-201.513 -911.601 409.943 490148 -10.0617
-201.55 -911.42 409.946 490148 -10.0617
-201.588 -911.238 409.95 490148 -10.0617
-201.625 -911.057 409.954 490148 -10.0617
-201.663 -910.876 409.957 490148 -10.0617
-201.694 -910.715 409.961 490148 -10.0617
-201.725 -910.554 409.964 490148 -10.0617
-201.756 -910.392 409.967 490148 -10.0617
-201.788 -910.231 409.971 490148 -10.0617
-201.819 -910.07 409.974 490148 -10.0617
-201.85 -909.908 409.977 490148 -10.0617
-201.881 -909.75 409.981 490148 -10.0617
-201.911 -909.592 409.984 490148 -10.0617
-201.942 -909.434 409.987 490148 -10.0617
-201.973 -909.276 409.99 490148 -10.0617
-202.004 -909.118 409.994 490148 -10.0617
-202.034 -908.96 409.997 490148 -10.0617
-202.066 -908.798 410 490148 -10.0617
-202.097 -908.636 410.003 490148 -10.0617
-202.129 -908.474 410.007 490148 -10.0617
-202.16 -908.311 410.01 490148 -10.0617
-202.192 -908.149 410.014 490148 -10.0617
-202.223 -907.987 410.017 490148 -10.0617
-202.255 -907.823 410.02 490148 -10.0617
-202.287 -907.659 410.024 490148 -10.0617
-202.319 -907.495 410.027 490148 -10.0617
-202.35 -907.331 410.03 490148 -10.0617
-202.382 -907.167 410.034 490148 -10.0617
-202.414 -907.003 410.037 490148 -10.0617
-202.446 -906.84 410.041 490148 -10.0617
-202.477 -906.676 410.044 490148 -10.0617
-202.509 -906.512 410.047 490148 -10.0617
-202.541 -906.349 410.051 490148 -10.0617
-202.573 -906.185 410.054 490148 -10.0617
-202.605 -906.022 410.057 490148 -10.0617
-202.636 -905.858 410.061 490148 -10.0617
-202.668 -905.695 410.064 490148 -10.0617
-202.7 -905.531 410.068 490148 -10.0617
-202.732 -905.367 410.071 490148 -10.0617
-202.763 -905.204 410.074 490148 -10.0617
-202.795 -905.04 410.078 490148 -10.0617
-202.827 -904.877 410.081 490148 -10.0617
-202.859 -904.713 410.084 490148 -10.0617
-202.89 -904.55 410.088 490148 -10.0617
-202.922 -904.386 410.091 490148 -10.0617
-202.954 -904.222 410.094 490148 -10.0617
-202.985 -904.059 410.098 490148 -10.0617
-203.017 -903.895 410.101 490148 -10.0617
-203.049 -903.732 410.105 490148 -10.0617
-203.081 -903.568 410.108 490148 -10.0617
-203.112 -903.404 410.111 490148 -10.0617
-203.144 -903.241 410.115 490148 -10.0617
-203.176 -903.077 410.118 490148 -10.0617
-203.208 -902.914 410.121 490148 -10.0617
-203.239 -902.75 410.125 490148 -10.0617
-203.271 -902.587 410.128 490148 -10.0617
-203.303 -902.423 410.132 490148 -10.0617
-203.334 -902.259 410.135 490148 -10.0617
-203.366 -902.096 410.138 490148 -10.0617
-203.398 -901.932 410.142 490148 -10.0617
-203.43 -901.769 410.145 490148 -10.0617
-203.461 -901.605 410.148 490148 -10.0617
-203.493 -901.441 410.152 490148 -10.0617
-203.525 -901.278 410.155 490148 -10.0617
-203.557 -901.114 410.159 490148 -10.0617
-203.589 -900.951 410.162 490148 -10.0617
-203.62 -900.787 410.165 490148 -10.0617
-203.652 -900.624 410.169 490148 -10.0617
-203.684 -900.46 410.172 490148 -10.0617
-203.716 -900.296 410.175 490148 -10.0617
-203.747 -900.133 410.179 490148 -10.0617
-203.779 -899.969 410.182 490148 -10.0617
-203.811 -899.806 410.186 490148 -10.0617
-203.843 -899.642 410.189 490148 -10.0617
-203.874 -899.478 410.192 490148 -10.0617
-203.906 -899.315 410.196 490148 -10.0617
-203.938 -899.151 410.199 490148 -10.0617
-203.969 -898.988 410.202 490148 -10.0617
-204.001 -898.824 410.206 490148 -10.0617
-204.033 -898.661 410.209 490148 -10.0617
-204.065 -898.497 410.213 490148 -10.0617
-204.097 -898.333 410.216 490148 -10.0617
-204.128 -898.17 410.219 490148 0
