-595.525 -2464.25 379.689 370149 26.4532
-595.056 -2463.31 379.645 370149 26.4532
-594.587 -2462.36 379.602 370149 26.4532
-594.118 -2461.42 379.559 370149 26.4532
-593.649 -2460.48 379.516 370149 26.4532
-593.18 -2459.53 379.472 370149 26.4532
-592.711 -2458.59 379.429 370149 26.4506
-592.244 -2457.65 379.386 370149 26.4506
-591.776 -2456.71 379.343 370149 26.4506
-591.309 -2455.77 379.3 370149 26.4506
-590.841 -2454.83 379.257 370149 26.4506
-590.374 -2453.89 379.213 370149 26.4506
-589.906 -2452.95 379.17 370149 26.4567
-589.439 -2452.01 379.127 370149 26.4567
-588.971 -2451.07 379.084 370149 26.4567
-588.504 -2450.14 379.041 370149 26.4567
-588.036 -2449.2 378.998 370149 26.4567
-587.569 -2448.26 378.955 370149 26.4567
-587.101 -2447.32 378.912 370149 26.4506
-586.634 -2446.38 378.869 370149 26.4506
-586.166 -2445.44 378.825 370149 26.7848
-585.693 -2444.5 378.784 370149 27.3089
-585.211 -2443.57 378.745 370149 27.3089
-584.73 -2442.64 378.706 370149 27.3089
-584.248 -2441.7 378.667 370149 27.3119
-583.766 -2440.77 378.629 370149 27.3119
-583.285 -2439.84 378.59 370149 27.3119
-582.803 -2438.9 378.551 370149 27.3119
-582.321 -2437.97 378.512 370149 27.3119
-581.84 -2437.04 378.473 370149 27.3119
-581.358 -2436.11 378.434 370149 27.3089
-580.876 -2435.17 378.396 370149 27.3089
-580.395 -2434.24 378.357 370149 27.3089
-579.913 -2433.31 378.318 370149 27.3089
-579.432 -2432.37 378.279 370149 27.3089
-578.95 -2431.44 378.24 370149 27.3089
-578.468 -2430.51 378.201 370149 27.3119
-577.987 -2429.58 378.163 370149 27.3119
-577.505 -2428.64 378.124 370149 27.3119
-577.024 -2427.71 378.085 370149 27.3119
-576.542 -2426.78 378.046 370149 27.3119
-576.061 -2425.85 378.007 370149 27.3119
-575.579 -2424.91 377.969 370149 27.3089
-575.098 -2423.98 377.93 370149 27.3089
-574.616 -2423.05 377.891 370149 27.3089
-574.134 -2422.12 377.852 370149 27.3089
-573.653 -2421.18 377.813 370149 27.3089
-573.171 -2420.25 377.774 370149 27.3089
-572.69 -2419.32 377.736 370149 27.3119
-572.208 -2418.39 377.697 370149 27.3119
-571.726 -2417.45 377.658 370149 27.3119
-571.245 -2416.52 377.619 370149 27.3119
-570.763 -2415.59 377.58 370149 27.3119
-570.281 -2414.65 377.541 370149 27.3119
-569.8 -2413.72 377.503 370149 27.3089
-569.318 -2412.79 377.464 370149 27.3089
-568.836 -2411.86 377.425 370149 27.9063
-568.345 -2410.93 377.389 370149 28.1651
-567.849 -2410 377.355 370149 28.1651
-567.354 -2409.08 377.321 370149 28.1651
-566.858 -2408.15 377.287 370149 28.1712
-566.363 -2407.23 377.254 370149 28.1712
-565.867 -2406.3 377.22 370149 28.1712
-565.372 -2405.38 377.186 370149 28.1712
-564.876 -2404.45 377.152 370149 28.1712
-564.381 -2403.53 377.118 370149 28.1712
-563.885 -2402.6 377.084 370149 28.1651
-563.39 -2401.67 377.05 370149 28.1651
-562.894 -2400.75 377.016 370149 28.1651
-562.398 -2399.82 376.982 370149 28.1651
-561.903 -2398.9 376.948 370149 28.1651
-561.407 -2397.97 376.914 370149 28.1651
-560.912 -2397.05 376.88 370149 28.1651
-560.416 -2396.12 376.846 370149 28.1651
-559.921 -2395.2 376.812 370149 28.1651
-559.425 -2394.27 376.778 370149 28.1651
-558.929 -2393.34 376.744 370149 28.1651
-558.434 -2392.42 376.71 370149 28.1651
-557.938 -2391.49 376.676 370149 28.1682
-557.443 -2390.57 376.642 370149 28.1682
-556.947 -2389.64 376.608 370149 28.1682
-556.452 -2388.72 376.574 370149 28.1682
-555.956 -2387.79 376.54 370149 28.1682
-555.461 -2386.87 376.506 370149 28.1682
-554.966 -2385.94 376.472 370149 28.1651
-554.47 -2385.02 376.438 370149 28.1651
-553.974 -2384.09 376.404 370149 28.1651
-553.479 -2383.16 376.37 370149 28.1651
-552.983 -2382.24 376.336 370149 28.1651
-552.488 -2381.31 376.302 370149 28.1651
-551.992 -2380.39 376.268 370149 28.1673
-551.493 -2379.46 376.234 370149 28.1673
-550.995 -2378.53 376.2 370149 28.9987
-550.483 -2377.6 376.171 370149 29.021
-549.97 -2376.68 376.142 370149 29.021
-549.457 -2375.75 376.114 370149 29.021
-548.945 -2374.83 376.085 370149 29.0227
-548.438 -2373.92 376.057 370149 29.0227
-547.932 -2373 376.028 370149 29.0227
-547.426 -2372.09 376 370149 29.0227
-546.92 -2371.18 375.971 370149 29.0227
-546.414 -2370.27 375.943 370149 29.0227
-545.907 -2369.35 375.915 370149 29.0231
-545.414 -2368.47 375.887 370149 29.0231
-544.922 -2367.58 375.859 370149 29.0231
-544.429 -2366.69 375.832 370149 29.0231
-543.936 -2365.8 375.804 370149 29.0231
-543.443 -2364.91 375.777 370149 29.0231
-542.95 -2364.03 375.749 370149 29.0913
-542.462 -2363.15 375.722 370149 29.0913
-541.974 -2362.27 375.694 370149 29.0913
-541.487 -2361.39 375.667 370149 29.0913
-540.999 -2360.52 375.64 370149 29.0913
-540.511 -2359.64 375.613 370149 29.0913
-540.023 -2358.76 375.585 370149 29.1624
-539.53 -2357.88 375.558 370149 29.1624
-539.038 -2357 375.53 370149 29.1624
-538.546 -2356.12 375.503 370149 29.1624
-538.053 -2355.23 375.475 370149 29.1624
-537.561 -2354.35 375.448 370149 29.1624
-537.069 -2353.47 375.42 370149 29.2369
-536.56 -2352.56 375.392 370149 29.2369
-536.051 -2351.65 375.364 370149 29.2369
-535.543 -2350.74 375.335 370149 29.2369
-535.034 -2349.84 375.307 370149 29.2369
-534.526 -2348.93 375.279 370149 29.2369
-534.017 -2348.02 375.25 370149 29.0758
-533.497 -2347.08 375.221 370149 29.0758
-532.976 -2346.15 375.192 370149 29.4923
-532.449 -2345.21 375.166 370149 29.9267
-531.915 -2344.29 375.143 370149 29.9267
-531.38 -2343.36 375.12 370149 29.9267
-530.846 -2342.43 375.097 370149 29.7628
-530.302 -2341.48 375.074 370149 29.7628
-529.758 -2340.53 375.05 370149 29.7628
-529.214 -2339.58 375.026 370149 29.7628
-528.671 -2338.62 375.003 370149 29.7628
-528.127 -2337.67 374.979 370149 29.7628
-527.583 -2336.72 374.956 370149 29.6526
-527.022 -2335.74 374.931 370149 29.6526
-526.461 -2334.75 374.907 370149 29.6526
-525.9 -2333.77 374.883 370149 29.6526
-525.339 -2332.78 374.858 370149 29.6526
-524.778 -2331.8 374.834 370149 29.6526
-524.217 -2330.81 374.81 370149 29.5078
-523.642 -2329.79 374.785 370149 29.5078
-523.067 -2328.78 374.759 370149 29.5078
-522.493 -2327.76 374.734 370149 29.5078
-521.918 -2326.75 374.709 370149 29.5078
-521.344 -2325.73 374.684 370149 29.5078
-520.769 -2324.72 374.659 370149 29.2646
-520.189 -2323.68 374.634 370149 29.2646
-519.61 -2322.65 374.608 370149 29.2646
-519.03 -2321.61 374.583 370149 29.2646
-518.45 -2320.58 374.557 370149 29.2646
-517.871 -2319.55 374.532 370149 29.2646
-517.291 -2318.51 374.506 370149 29.2885
-516.708 -2317.47 374.481 370149 29.2885
-516.124 -2316.43 374.455 370149 29.2885
-515.541 -2315.39 374.429 370149 29.2885
-514.958 -2314.35 374.404 370149 29.2885
-514.375 -2313.31 374.378 370149 29.8146
-513.782 -2312.28 374.357 370149 30.1408
-513.184 -2311.25 374.339 370149 30.1408
-512.587 -2310.22 374.321 370149 30.1408
-511.989 -2309.19 374.303 370149 30.1408
-511.392 -2308.16 374.285 370149 30.1408
-510.794 -2307.13 374.266 370149 30.1408
-510.196 -2306.1 374.248 370149 30.1398
-509.6 -2305.08 374.23 370149 30.1398
-509.004 -2304.05 374.212 370149 30.1398
-508.408 -2303.02 374.194 370149 30.1398
-507.811 -2301.99 374.176 370149 30.1398
-507.215 -2300.97 374.158 370149 30.1398
-506.619 -2299.94 374.14 370149 30.1357
-506.021 -2298.91 374.121 370149 30.1357
-505.423 -2297.88 374.103 370149 30.1357
-504.825 -2296.85 374.085 370149 30.1357
-504.228 -2295.82 374.067 370149 30.1357
-503.63 -2294.79 374.049 370149 30.1357
-503.032 -2293.76 374.03 370149 30.1427
-502.432 -2292.73 374.012 370149 30.1427
-501.832 -2291.69 373.994 370149 30.1427
-501.231 -2290.66 373.976 370149 30.1427
-500.631 -2289.63 373.958 370149 30.1427
-500.031 -2288.59 373.939 370149 30.1427
-499.431 -2287.56 373.921 370149 30.1662
-498.835 -2286.53 373.903 370149 30.1662
-498.239 -2285.51 373.885 370149 30.1662
-497.642 -2284.48 373.867 370149 30.1662
-497.046 -2283.46 373.849 370149 30.1662
-496.45 -2282.43 373.831 370149 30.1662
-495.854 -2281.41 373.812 370149 30.3319
-495.275 -2280.42 373.795 370149 212.455
-495.639 -2280.99 373.804 380149 30.1881
-494.999 -2279.89 373.79 380149 30.1881
-494.359 -2278.79 373.775 380149 30.1881
-493.719 -2277.69 373.761 380149 30.1881
-493.079 -2276.59 373.747 380149 30.1356
-492.468 -2275.54 373.733 380149 30.1356
-491.857 -2274.48 373.719 380149 30.1356
-491.246 -2273.43 373.706 380149 30.1356
-490.635 -2272.38 373.692 380149 30.1356
-490.024 -2271.33 373.678 380149 30.1356
-489.413 -2270.27 373.664 380149 30.1546
-488.836 -2269.28 373.652 380149 30.1546
-488.26 -2268.29 373.639 380149 30.1546
-487.683 -2267.3 373.626 380149 30.1546
-487.106 -2266.3 373.613 380149 30.1546
-486.529 -2265.31 373.6 380149 30.1546
-485.953 -2264.32 373.587 380149 30.4149
-485.398 -2263.37 373.575 380149 30.4149
-484.842 -2262.43 373.562 380149 30.4149
-484.287 -2261.48 373.55 380149 30.4149
-483.732 -2260.53 373.538 380149 30.4149
-483.177 -2259.59 373.525 380149 30.4149
-482.622 -2258.64 373.513 380149 30.9806
-482.098 -2257.77 373.502 380149 30.9806
-481.574 -2256.9 373.49 380149 30.9806
-481.051 -2256.03 373.479 380149 31.1041
-480.525 -2255.15 373.47 380149 31.1296
-479.999 -2254.28 373.462 380149 31.1296
-479.473 -2253.41 373.454 380149 31.2631
-478.91 -2252.49 373.445 380149 31.2631
-478.348 -2251.56 373.436 380149 31.2631
-477.786 -2250.63 373.428 380149 31.2631
-477.224 -2249.71 373.419 380149 31.2631
-476.662 -2248.78 373.411 380149 31.2631
-476.099 -2247.86 373.402 380149 31.2184
-475.517 -2246.9 373.393 380149 31.2184
-474.935 -2245.93 373.384 380149 31.2184
-474.352 -2244.97 373.375 380149 31.2184
-473.77 -2244.01 373.366 380149 31.2184
-473.187 -2243.05 373.357 380149 31.2184
-472.605 -2242.09 373.348 380149 31.182
-471.991 -2241.08 373.339 380149 31.182
-471.377 -2240.06 373.329 380149 31.182
-470.764 -2239.05 373.32 380149 31.182
-470.15 -2238.03 373.31 380149 31.182
-469.536 -2237.02 373.301 380149 31.182
-468.923 -2236.01 373.292 380149 31.1965
-468.32 -2235.01 373.282 380149 31.1965
-467.718 -2234.02 373.273 380149 31.1965
-467.115 -2233.02 373.264 380149 31.1965
-466.513 -2232.03 373.254 380149 31.1965
-465.91 -2231.03 373.245 380149 31.197
-465.308 -2230.04 373.236 380149 31.2855
-464.703 -2229.04 373.231 380149 31.2858
-464.097 -2228.04 373.225 380149 31.2858
-463.492 -2227.05 373.22 380149 31.2858
-462.886 -2226.05 373.215 380149 31.2858
-462.281 -2225.06 373.209 380149 31.2858
-461.676 -2224.06 373.204 380149 31.2866
-461.068 -2223.06 373.198 380149 31.2866
-460.461 -2222.06 373.193 380149 31.2866
-459.854 -2221.06 373.188 380149 31.2866
-459.246 -2220.06 373.182 380149 31.2866
-458.639 -2219.06 373.177 380149 31.2866
-458.032 -2218.06 373.172 380149 31.2918
-457.427 -2217.07 373.166 380149 31.2918
-456.822 -2216.07 373.161 380149 31.2918
-456.217 -2215.08 373.156 380149 31.2918
-455.612 -2214.08 373.15 380149 31.2918
-455.007 -2213.09 373.145 380149 31.2918
-454.402 -2212.09 373.14 380149 31.3267
-453.806 -2211.11 373.134 380149 31.3267
-453.21 -2210.13 373.129 380149 31.3267
-452.613 -2209.15 373.124 380149 31.3267
-452.017 -2208.17 373.119 380149 31.3267
-451.421 -2207.19 373.113 380149 31.3267
-450.825 -2206.21 373.108 380149 31.284
-450.241 -2205.25 373.103 380149 31.284
-449.658 -2204.29 373.098 380149 31.3193
-449.074 -2203.33 373.096 380149 31.3221
-448.491 -2202.37 373.095 380149 31.3221
-447.907 -2201.42 373.094 380149 31.3221
-447.323 -2200.46 373.092 380149 31.2565
-446.746 -2199.51 373.091 380149 31.2565
-446.168 -2198.55 373.09 380149 31.2565
-445.591 -2197.6 373.089 380149 31.2565
-445.014 -2196.65 373.088 380149 31.2565
-444.437 -2195.7 373.086 380149 31.2565
-443.86 -2194.75 373.085 380149 31.0381
-443.279 -2193.79 373.084 380149 31.0381
-442.699 -2192.82 373.083 380149 31.0381
-442.119 -2191.86 373.081 380149 31.0381
-441.539 -2190.89 373.08 380149 31.0381
-440.959 -2189.93 373.079 380149 31.0381
-440.379 -2188.97 373.078 380149 30.9889
-439.786 -2187.98 373.076 380149 30.9889
-439.194 -2186.99 373.075 380149 30.9889
-438.601 -2186.01 373.074 380149 30.9889
-438.008 -2185.02 373.073 380149 30.9889
-437.415 -2184.03 373.071 380149 30.9889
-436.822 -2183.04 373.07 380149 30.8597
-436.224 -2182.04 373.069 380149 30.8597
-435.627 -2181.04 373.067 380149 30.8597
-435.029 -2180.04 373.066 380149 30.8597
-434.431 -2179.04 373.065 380149 30.8543
-433.833 -2178.04 373.065 380149 30.8424
-433.235 -2177.04 373.068 380149 30.6042
-432.646 -2176.05 373.071 380149 30.6042
-432.058 -2175.05 373.073 380149 30.6042
-431.469 -2174.05 373.076 380149 30.6042
-430.88 -2173.06 373.079 380149 30.6042
-430.291 -2172.06 373.082 380149 30.6042
-429.702 -2171.07 373.085 380149 30.3473
-429.129 -2170.09 373.088 380149 30.3473
-428.556 -2169.11 373.091 380149 30.3473
-427.983 -2168.13 373.093 380149 30.3473
-427.409 -2167.15 373.096 380149 30.3473
-426.836 -2166.17 373.099 380149 30.3473
-426.263 -2165.19 373.102 380149 30.2326
-425.699 -2164.22 373.105 380149 30.2326
-425.134 -2163.26 373.107 380149 30.2326
-424.569 -2162.29 373.11 380149 30.2326
-424.005 -2161.32 373.113 380149 30.2326
-423.44 -2160.35 373.116 380149 30.2326
-422.876 -2159.38 373.119 380149 30.3472
-422.303 -2158.4 373.121 380149 30.3472
-421.73 -2157.42 373.124 380149 30.3472
-421.157 -2156.44 373.127 380149 30.3472
-420.584 -2155.47 373.13 380149 30.3472
-420.011 -2154.49 373.133 380149 30.3472
-419.438 -2153.51 373.135 380149 30.6429
-418.846 -2152.51 373.138 380149 30.5852
-418.255 -2151.51 373.145 380149 30.57
-417.664 -2150.51 373.152 380149 30.57
-417.074 -2149.51 373.159 380149 30.57
-416.483 -2148.51 373.166 380149 30.57
-415.892 -2147.51 373.173 380149 30.7007
-415.294 -2146.5 373.181 380149 30.7007
-414.695 -2145.49 373.188 380149 30.7007
-414.096 -2144.48 373.195 380149 30.7007
-413.497 -2143.48 373.202 380149 30.7007
-412.898 -2142.47 373.209 380149 30.7007
-412.299 -2141.46 373.217 380149 30.7242
-411.709 -2140.47 373.224 380149 30.7242
-411.12 -2139.47 373.231 380149 30.7242
-410.53 -2138.48 373.238 380149 30.7242
-409.94 -2137.49 373.245 380149 30.7242
-409.35 -2136.5 373.252 380149 30.7242
-408.76 -2135.5 373.26 380149 30.6573
-408.198 -2134.55 373.266 380149 30.6573
-407.636 -2133.61 373.273 380149 30.6573
-407.073 -2132.66 373.28 380149 30.6573
-406.511 -2131.71 373.287 380149 30.6573
-405.949 -2130.76 373.294 380149 30.6573
-405.387 -2129.81 373.3 380149 30.5364
-404.846 -2128.9 373.307 380149 30.5364
-404.305 -2127.98 373.314 380149 30.5364
-403.764 -2127.06 373.32 380149 30.5132
-403.223 -2126.14 373.327 380149 30.4081
-402.684 -2125.23 373.338 380149 30.4081
-402.145 -2124.31 373.349 380149 30.3357
-401.631 -2123.43 373.359 380149 30.3357
-401.118 -2122.55 373.369 380149 30.3357
-400.604 -2121.67 373.379 380149 30.3357
-400.091 -2120.8 373.389 380149 30.3357
-399.577 -2119.92 373.399 380149 30.3357
-399.063 -2119.04 373.409 380149 30.4605
-398.558 -2118.18 373.419 380149 30.4605
-398.053 -2117.32 373.429 380149 30.4605
-397.547 -2116.46 373.439 380149 30.4605
-397.042 -2115.6 373.449 380149 30.4605
-396.536 -2114.74 373.459 380149 30.4605
-396.031 -2113.89 373.469 380149 30.4604
-395.527 -2113.03 373.479 380149 30.4604
-395.023 -2112.17 373.489 380149 30.4604
-394.519 -2111.31 373.499 380149 30.4604
-394.015 -2110.46 373.509 380149 30.4604
-393.511 -2109.6 373.519 380149 30.4604
-393.007 -2108.74 373.529 380149 30.4605
-392.501 -2107.88 373.538 380149 30.4605
-391.995 -2107.02 373.548 380149 30.4605
-391.488 -2106.16 373.558 380149 30.4605
-390.982 -2105.3 373.568 380149 30.4605
-390.476 -2104.44 373.578 380149 30.4605
-389.97 -2103.58 373.588 380149 30.4606
-389.463 -2102.72 373.598 380149 30.4606
-388.955 -2101.85 373.608 380149 30.4606
-388.448 -2100.99 373.618 380149 30.4328
-387.941 -2100.13 373.629 380149 30.2768
-387.437 -2099.26 373.643 380149 30.2768
-386.932 -2098.4 373.656 380149 30.2768
-386.428 -2097.54 373.67 380149 30.2768
-385.924 -2096.67 373.684 380149 30.2768
-385.42 -2095.81 373.698 380149 30.2768
-384.916 -2094.95 373.712 380149 30.2768
-384.412 -2094.08 373.726 380149 30.2768
-383.908 -2093.22 373.74 380149 30.2768
-383.404 -2092.36 373.754 380149 30.2768
-382.9 -2091.49 373.767 380149 30.2768
-382.397 -2090.63 373.781 380149 30.2768
-381.893 -2089.77 373.795 380149 30.2768
-381.389 -2088.91 373.809 380149 30.2768
-380.885 -2088.04 373.823 380149 30.2736
-380.381 -2087.18 373.837 380149 30.2736
-379.876 -2086.31 373.851 380149 30.2736
-379.371 -2085.45 373.864 380149 30.2736
-378.866 -2084.58 373.878 380149 30.2736
-378.362 -2083.72 373.892 380149 30.2736
-377.857 -2082.85 373.906 380149 30.2769
-377.35 -2081.99 373.92 380149 30.2769
-376.844 -2081.12 373.934 380149 30.2769
-376.338 -2080.25 373.948 380149 30.2769
-375.831 -2079.38 373.962 380149 30.2769
-375.325 -2078.52 373.976 380149 30.2769
-374.818 -2077.65 373.99 380149 30.2768
-374.314 -2076.79 374.004 380149 30.2768
-373.809 -2075.92 374.017 380149 30.2768
-373.304 -2075.06 374.031 380149 30.2768
-372.8 -2074.19 374.045 380149 30.0449
-372.299 -2073.33 374.063 380149 30.0376
-371.798 -2072.46 374.081 380149 30.0855
-371.299 -2071.6 374.099 380149 30.0855
-370.801 -2070.74 374.116 380149 30.0855
-370.303 -2069.88 374.134 380149 30.0855
-369.804 -2069.02 374.152 380149 30.0855
-369.306 -2068.16 374.17 380149 30.0855
-368.808 -2067.3 374.187 380149 30.0392
-368.345 -2066.5 374.204 380149 30.0392
-367.882 -2065.7 374.22 380149 30.0392
-367.42 -2064.9 374.237 380149 30.0392
-366.957 -2064.1 374.253 380149 30.0392
-366.495 -2063.3 374.27 380149 30.0392
-366.032 -2062.5 374.286 380149 30.0455
-365.589 -2061.73 374.302 380149 30.0455
-365.146 -2060.97 374.318 380149 30.0455
-364.703 -2060.2 374.334 380149 30.0455
-364.261 -2059.44 374.35 380149 30.0455
-363.818 -2058.67 374.366 380149 30.0455
-363.375 -2057.9 374.381 380149 30.0869
-362.962 -2057.19 374.396 380149 30.0869
-362.549 -2056.48 374.411 380149 30.0869
-362.135 -2055.77 374.425 380149 30.0869
-361.722 -2055.05 374.44 380149 30.0869
-361.309 -2054.34 374.455 380149 30.0869
-360.896 -2053.63 374.47 380149 30.2814
-360.49 -2052.93 374.484 380149 30.2814
-360.085 -2052.24 374.498 380149 30.2814
-359.679 -2051.54 374.513 380149 30.2814
-359.273 -2050.85 374.527 380149 30.2814
-358.868 -2050.15 374.542 380149 30.2814
-358.462 -2049.46 374.556 380149 30.2088
-358.043 -2048.74 374.571 380149 30.2054
-357.623 -2048.02 374.586 380149 29.9142
-357.208 -2047.29 374.604 380149 29.9142
-356.792 -2046.57 374.622 380149 29.9142
-356.376 -2045.85 374.641 380149 29.9142
-355.961 -2045.13 374.659 380149 29.9649
-355.539 -2044.4 374.678 380149 29.9649
-355.117 -2043.66 374.696 380149 29.9649
-354.695 -2042.93 374.715 380149 29.9649
-354.273 -2042.2 374.733 380149 29.9649
-353.851 -2041.47 374.752 380149 29.9649
-353.429 -2040.74 374.77 380149 29.9688
-353.015 -2040.02 374.789 380149 29.9688
-352.601 -2039.3 374.807 380149 29.9688
-352.187 -2038.58 374.825 380149 29.9688
-351.773 -2037.86 374.843 380149 29.9688
-351.359 -2037.15 374.861 380149 29.9688
-350.945 -2036.43 374.88 380149 29.972
-350.53 -2035.71 374.898 380149 29.972
-350.114 -2034.99 374.916 380149 29.972
-349.699 -2034.27 374.934 380149 29.972
-349.284 -2033.55 374.953 380149 29.972
-348.868 -2032.83 374.971 380149 29.972
-348.453 -2032.11 374.989 380149 29.9676
-348.037 -2031.38 375.008 380149 29.9676
-347.62 -2030.66 375.026 380149 29.9676
-347.204 -2029.94 375.044 380149 29.9676
-346.788 -2029.22 375.062 380149 29.9676
-346.371 -2028.5 375.081 380149 29.9676
-345.955 -2027.77 375.099 380149 29.9716
-345.539 -2027.05 375.117 380149 29.9716
-345.123 -2026.33 375.136 380149 29.9716
-344.707 -2025.61 375.154 380149 29.9716
-344.291 -2024.89 375.172 380149 29.9716
-343.875 -2024.17 375.191 380149 29.9716
-343.459 -2023.45 375.209 380149 29.9677
-343.043 -2022.72 375.227 380149 29.9677
-342.627 -2022 375.245 380149 29.9677
-342.465 -2021.7 375.252 390149 28.5121
-342.067 -2020.96 375.272 390149 28.5121
-341.67 -2020.23 375.291 390149 28.5121
-341.272 -2019.5 375.311 390149 28.5122
-340.875 -2018.77 375.33 390149 28.5122
-340.477 -2018.04 375.349 390149 28.5122
-340.08 -2017.31 375.369 390149 28.5122
-339.683 -2016.57 375.388 390149 28.5122
-339.285 -2015.84 375.408 390149 28.5122
-338.888 -2015.11 375.427 390149 28.5161
-338.491 -2014.38 375.446 390149 28.5161
-338.094 -2013.65 375.466 390149 28.5161
-337.696 -2012.92 375.485 390149 28.5161
-337.299 -2012.19 375.504 390149 28.5161
-336.902 -2011.46 375.524 390149 28.5161
-336.504 -2010.72 375.543 390149 28.5156
-336.106 -2009.99 375.563 390149 28.5156
-335.708 -2009.26 375.582 390149 28.5156
-335.31 -2008.53 375.601 390149 28.5156
-334.912 -2007.79 375.621 390149 28.5156
-334.513 -2007.06 375.64 390149 28.5156
-334.115 -2006.33 375.66 390149 28.511
-333.716 -2005.59 375.679 390149 28.511
-333.316 -2004.86 375.699 390149 28.511
-332.916 -2004.12 375.718 390149 28.511
-332.517 -2003.38 375.738 390149 28.511
-332.117 -2002.65 375.757 390149 27.7265
-331.728 -2001.91 375.779 390149 27.6366
-331.341 -2001.17 375.801 390149 27.6366
-330.955 -2000.43 375.823 390149 27.6366
-330.568 -1999.69 375.845 390149 27.6366
-330.181 -1998.95 375.868 390149 27.6366
-329.795 -1998.22 375.89 390149 27.6366
-329.408 -1997.48 375.912 390149 27.6945
-329.027 -1996.75 375.934 390149 27.6945
-328.647 -1996.03 375.955 390149 27.6945
-328.266 -1995.3 375.977 390149 27.6945
-327.885 -1994.58 375.999 390149 27.6945
-327.504 -1993.85 376.02 390149 27.6945
-327.123 -1993.12 376.042 390149 27.6348
-326.755 -1992.42 376.063 390149 27.6348
-326.387 -1991.72 376.084 390149 27.6348
-326.019 -1991.01 376.105 390149 27.6348
-325.65 -1990.31 376.126 390149 27.6348
-325.282 -1989.61 376.148 390149 27.6348
-324.914 -1988.9 376.169 390149 27.647
-324.56 -1988.23 376.189 390149 27.647
-324.205 -1987.55 376.209 390149 27.647
-323.851 -1986.87 376.229 390149 27.647
-323.496 -1986.2 376.25 390149 27.647
-323.142 -1985.52 376.27 390149 27.647
-322.787 -1984.84 376.29 390149 27.6251
-322.447 -1984.19 376.31 390149 27.6251
-322.106 -1983.54 376.329 390149 27.6251
-321.765 -1982.89 376.349 390149 26.9907
-321.431 -1982.24 376.37 390149 26.7482
-321.1 -1981.58 376.392 390149 26.7482
-320.769 -1980.92 376.414 390149 26.7567
-320.452 -1980.29 376.434 390149 26.7567
-320.135 -1979.66 376.455 390149 26.7567
-319.818 -1979.04 376.476 390149 26.7567
-319.501 -1978.41 376.497 390149 26.7567
-319.184 -1977.78 376.518 390149 26.7567
-318.866 -1977.15 376.539 390149 26.6892
-318.561 -1976.54 376.559 390149 26.6892
-318.256 -1975.93 376.579 390149 26.6892
-317.951 -1975.33 376.599 390149 26.6892
-317.646 -1974.72 376.62 390149 26.6892
-317.34 -1974.11 376.64 390149 26.6892
-317.035 -1973.51 376.66 390149 26.7544
-316.736 -1972.91 376.68 390149 26.7544
-316.437 -1972.32 376.699 390149 26.7544
-316.137 -1971.72 376.719 390149 26.7544
-315.838 -1971.13 376.739 390149 26.7544
-315.539 -1970.54 376.759 390149 26.7544
-315.239 -1969.94 376.778 390149 26.7555
-314.942 -1969.35 376.798 390149 26.7555
-314.644 -1968.76 376.818 390149 26.7555
-314.346 -1968.17 376.837 390149 26.7555
-314.049 -1967.58 376.857 390149 26.7555
-313.751 -1966.99 376.876 390149 26.7555
-313.453 -1966.4 376.896 390149 26.7592
-313.154 -1965.81 376.916 390149 26.7592
-312.855 -1965.21 376.935 390149 26.7592
-312.555 -1964.62 376.955 390149 26.7592
-312.256 -1964.03 376.975 390149 26.7592
-311.957 -1963.43 376.995 390149 26.7592
-311.657 -1962.84 377.014 390149 26.1151
-311.364 -1962.24 377.036 390149 25.8844
-311.073 -1961.64 377.057 390149 25.8844
-310.782 -1961.04 377.079 390149 25.8844
-310.491 -1960.44 377.101 390149 25.8844
-310.2 -1959.84 377.123 390149 25.8844
-309.909 -1959.24 377.145 390149 25.8846
-309.619 -1958.64 377.166 390149 25.8846
-309.328 -1958.04 377.188 390149 25.8846
-309.037 -1957.45 377.21 390149 25.8846
-308.747 -1956.85 377.232 390149 25.8846
-308.456 -1956.25 377.253 390149 25.8846
-308.165 -1955.65 377.275 390149 25.8797
-307.874 -1955.05 377.297 390149 25.8797
-307.584 -1954.45 377.319 390149 25.8797
-307.293 -1953.85 377.341 390149 25.8797
-307.002 -1953.25 377.362 390149 25.8797
-306.711 -1952.65 377.384 390149 25.8797
-306.421 -1952.05 377.406 390149 25.8892
-306.13 -1951.45 377.428 390149 25.8892
-305.839 -1950.85 377.45 390149 25.8892
-305.548 -1950.25 377.471 390149 25.8892
-305.257 -1949.65 377.493 390149 25.8892
-304.966 -1949.05 377.515 390149 25.8892
-304.674 -1948.45 377.537 390149 25.8799
-304.384 -1947.86 377.558 390149 25.8799
-304.094 -1947.26 377.58 390149 25.8799
-303.803 -1946.66 377.602 390149 25.8799
-303.513 -1946.06 377.624 390149 25.8799
-303.222 -1945.46 377.646 390149 25.8799
-302.932 -1944.86 377.667 390149 25.8566
-302.642 -1944.27 377.689 390149 25.8566
-302.353 -1943.67 377.711 390149 25.8566
-302.064 -1943.07 377.732 390149 25.8327
-301.775 -1942.47 377.754 390149 24.9853
-301.495 -1941.87 377.778 390149 24.9853
-301.215 -1941.27 377.801 390149 25.1145
-300.933 -1940.67 377.825 390149 25.1145
-300.651 -1940.07 377.849 390149 25.1145
-300.369 -1939.47 377.872 390149 25.1145
-300.087 -1938.87 377.896 390149 25.1145
-299.805 -1938.27 377.92 390149 25.1145
-299.524 -1937.66 377.943 390149 25.0203
-299.239 -1937.05 377.967 390149 25.0203
-298.954 -1936.44 377.991 390149 25.0203
-298.669 -1935.83 378.015 390149 25.0203
-298.384 -1935.22 378.039 390149 25.0203
-298.099 -1934.61 378.063 390149 25.0203
-297.814 -1934 378.087 390149 24.6927
-297.525 -1933.37 378.112 390149 24.6927
-297.236 -1932.74 378.136 390149 24.6927
-296.947 -1932.12 378.161 390149 24.6927
-296.658 -1931.49 378.186 390149 24.6927
-296.369 -1930.86 378.21 390149 24.6927
-296.08 -1930.23 378.235 390149 24.447
-295.784 -1929.58 378.26 390149 24.447
-295.488 -1928.93 378.286 390149 24.447
-295.192 -1928.28 378.311 390149 24.447
-294.897 -1927.63 378.337 390149 24.447
-294.601 -1926.98 378.362 390149 24.447
-294.305 -1926.33 378.388 390149 24.1885
-294.004 -1925.66 378.414 390149 24.1885
-293.703 -1924.99 378.44 390149 24.1885
-293.401 -1924.31 378.466 390149 24.1885
-293.1 -1923.64 378.492 390149 24.1885
-292.799 -1922.97 378.519 390149 24.1885
-292.498 -1922.3 378.545 390149 23.2726
-292.202 -1921.62 378.573 390149 22.9957
-291.91 -1920.93 378.602 390149 22.9957
-291.617 -1920.24 378.63 390149 22.9957
-291.325 -1919.55 378.659 390149 22.9956
-291.033 -1918.86 378.688 390149 22.9956
-290.74 -1918.17 378.716 390149 23.0867
-290.445 -1917.48 378.745 390149 23.0867
-290.149 -1916.78 378.774 390149 23.0867
-289.854 -1916.09 378.803 390149 23.0867
-289.558 -1915.4 378.832 390149 23.0867
-289.263 -1914.7 378.861 390149 23.0867
-288.967 -1914.01 378.89 390149 23.089
-288.672 -1913.32 378.919 390149 23.089
-288.377 -1912.63 378.948 390149 23.089
-288.082 -1911.94 378.977 390149 23.089
-287.787 -1911.24 379.006 390149 23.089
-287.493 -1910.55 379.035 390149 23.0889
-287.198 -1909.86 379.063 390149 23.0858
-286.902 -1909.17 379.092 390149 23.0858
-286.607 -1908.48 379.121 390149 23.0858
-286.312 -1907.78 379.15 390149 23.0858
-286.017 -1907.09 379.179 390149 23.0858
-285.722 -1906.4 379.208 390149 23.0858
-285.426 -1905.71 379.237 390149 23.0899
-285.13 -1905.01 379.266 390149 23.0899
-284.833 -1904.31 379.295 390149 23.0899
-284.536 -1903.62 379.324 390149 23.0898
-284.24 -1902.92 379.353 390149 23.0898
-283.943 -1902.23 379.382 390149 23.0898
-283.646 -1901.53 379.411 390149 22.3866
-283.362 -1900.84 379.442 390149 22.2241
-283.079 -1900.15 379.472 390149 22.2241
-282.796 -1899.45 379.503 390149 22.2241
-282.514 -1898.76 379.534 390149 22.2241
-282.231 -1898.07 379.564 390149 22.224
-281.948 -1897.38 379.595 390149 22.4142
-281.673 -1896.71 379.625 390149 22.4142
-281.398 -1896.04 379.654 390149 22.4142
-281.122 -1895.38 379.684 390149 22.4142
-280.847 -1894.71 379.714 390149 22.4142
-280.572 -1894.04 379.743 390149 22.4142
-280.297 -1893.38 379.773 390149 22.3349
-280.037 -1892.74 379.801 390149 22.3349
-279.778 -1892.11 379.829 390149 22.3349
-279.518 -1891.48 379.857 390149 22.3349
-279.258 -1890.85 379.885 390149 22.3348
-278.999 -1890.22 379.913 390149 22.3348
-278.739 -1889.58 379.942 390149 22.4438
-278.491 -1888.98 379.968 390149 22.4438
-278.243 -1888.38 379.995 390149 22.4438
-277.995 -1887.78 380.022 390149 22.4438
-277.747 -1887.18 380.048 390149 22.4438
-277.499 -1886.58 380.075 390149 22.4438
-277.251 -1885.98 380.102 390149 22.9963
-277 -1885.39 380.128 390149 22.9963
-276.75 -1884.8 380.154 390149 22.9963
-276.5 -1884.21 380.181 390149 22.9963
-276.249 -1883.62 380.207 390149 22.9963
-275.999 -1883.03 380.233 390149 22.9963
-275.748 -1882.44 380.26 390149 23.3203
-275.491 -1881.84 380.287 390149 23.3203
-275.233 -1881.25 380.313 390149 23.3203
-274.975 -1880.65 380.34 390149 22.5056
-274.726 -1880.05 380.368 390149 22.4604
-274.478 -1879.45 380.397 390149 22.4604
-274.229 -1878.84 380.425 390149 22.4556
-273.976 -1878.23 380.454 390149 22.4556
-273.722 -1877.62 380.483 390149 22.4556
-273.469 -1877 380.512 390149 22.4556
-273.215 -1876.39 380.541 390149 22.4556
-272.962 -1875.78 380.57 390149 22.4556
-272.708 -1875.16 380.599 390149 22.4203
-272.453 -1874.55 380.628 390149 22.4203
-272.198 -1873.93 380.657 390149 22.4203
-271.942 -1873.31 380.687 390149 22.4203
-271.687 -1872.69 380.716 390149 22.4203
-271.432 -1872.07 380.745 390149 22.4203
-271.177 -1871.45 380.774 390149 22.4211
-270.922 -1870.84 380.803 390149 22.4211
-270.668 -1870.22 380.833 390149 22.4211
-270.414 -1869.6 380.862 390149 22.4211
-270.16 -1868.99 380.891 390149 22.4211
-269.905 -1868.37 380.92 390149 22.4211
-269.651 -1867.75 380.949 390149 22.4216
-269.397 -1867.14 380.978 390149 22.4216
-269.144 -1866.52 381.007 390149 22.4216
-268.89 -1865.91 381.036 390149 22.4216
-268.636 -1865.3 381.065 390149 22.4216
-268.383 -1864.68 381.094 390149 22.4216
-268.129 -1864.07 381.123 390149 22.4167
-267.875 -1863.45 381.152 390149 22.4167
-267.621 -1862.83 381.181 390149 22.4167
-267.368 -1862.22 381.21 390149 22.4167
-267.114 -1861.6 381.239 390149 22.4167
-266.86 -1860.99 381.268 390149 22.4167
-266.606 -1860.37 381.297 390149 22.3842
-266.353 -1859.76 381.327 390149 21.5661
-266.108 -1859.14 381.357 390149 21.5661
-265.863 -1858.52 381.388 390149 21.5661
-265.619 -1857.9 381.419 390149 21.5661
-265.374 -1857.28 381.449 390149 21.5661
-265.129 -1856.66 381.48 390149 21.566
-264.884 -1856.04 381.511 390149 21.566
-264.64 -1855.42 381.541 390149 21.566
-264.395 -1854.8 381.572 390149 21.566
-264.15 -1854.19 381.603 390149 21.566
-263.905 -1853.57 381.633 390149 21.566
-263.661 -1852.95 381.664 390149 21.5666
-263.417 -1852.33 381.695 390149 21.5666
-263.172 -1851.71 381.725 390149 21.5666
-262.928 -1851.09 381.756 390149 21.5666
-262.684 -1850.48 381.787 390149 21.5666
-262.44 -1849.86 381.817 390149 21.5666
-262.196 -1849.24 381.848 390149 21.5628
-261.953 -1848.63 381.878 390149 21.5628
-261.711 -1848.01 381.909 390149 21.5628
-261.468 -1847.4 381.939 390149 21.5628
-261.225 -1846.78 381.97 390149 21.5628
-260.982 -1846.17 382 390149 21.5628
-260.739 -1845.56 382.03 390149 21.5662
-260.495 -1844.94 382.061 390149 21.5662
-260.25 -1844.32 382.092 390149 21.5662
-260.006 -1843.7 382.122 390149 21.5662
-259.761 -1843.08 382.153 390149 21.5662
-259.517 -1842.46 382.184 390149 21.5662
-259.272 -1841.84 382.214 390149 21.4959
-259.022 -1841.21 382.246 390149 21.4959
-258.773 -1840.58 382.277 390149 21.4959
-258.523 -1839.94 382.309 390149 21.4959
-258.273 -1839.31 382.34 390149 21.3407
-258.025 -1838.67 382.372 390149 20.6454
-257.785 -1838.03 382.405 390149 20.7809
-257.535 -1837.38 382.439 390149 20.7809
-257.285 -1836.72 382.473 390149 20.7809
-257.035 -1836.06 382.507 390149 20.7809
-256.785 -1835.4 382.541 390149 20.7809
-256.534 -1834.74 382.575 390149 20.7809
-256.284 -1834.08 382.61 390149 20.7176
-256.029 -1833.41 382.644 390149 20.7176
-255.775 -1832.73 382.679 390149 20.7176
-255.52 -1832.06 382.714 390149 20.7176
-255.265 -1831.38 382.749 390149 20.7176
-255.01 -1830.71 382.784 390149 20.7176
-254.755 -1830.04 382.819 390149 20.7175
-254.5 -1829.36 382.854 390149 20.7175
-254.245 -1828.69 382.889 390149 20.7175
-253.99 -1828.01 382.923 390149 20.7175
-253.735 -1827.34 382.958 390149 20.7175
-253.48 -1826.67 382.993 390149 20.7175
-253.225 -1825.99 383.028 390149 20.7129
-252.97 -1825.32 383.063 390149 20.7129
-252.715 -1824.64 383.098 390149 20.7129
-252.46 -1823.97 383.133 390149 20.7129
-252.205 -1823.29 383.168 390149 20.7129
-251.95 -1822.62 383.203 390149 20.7129
-251.695 -1821.94 383.238 390149 20.6313
-251.436 -1821.26 383.273 390149 20.6313
-251.177 -1820.57 383.309 390149 20.6313
-250.919 -1819.88 383.344 390149 20.6313
-250.66 -1819.2 383.38 390149 20.6313
-250.401 -1818.51 383.415 390149 20.6313
-250.143 -1817.82 383.451 390149 20.6313
-250.304 -1818.27 383.429 400149 20.0819
-250.043 -1817.56 383.468 400149 20.0819
-249.783 -1816.84 383.507 400149 20.0819
-249.522 -1816.13 383.547 400149 20.0819
-249.261 -1815.42 383.586 400149 20.0819
-249.001 -1814.7 383.626 400149 20.0667
-248.726 -1813.95 383.667 400149 20.0667
-248.451 -1813.2 383.709 400149 20.0667
-248.176 -1812.45 383.751 400149 20.0667
-247.902 -1811.69 383.792 400149 20.0667
-247.627 -1810.94 383.834 400149 20.0667
-247.352 -1810.19 383.875 400149 20.1308
-247.073 -1809.43 383.918 400149 20.1308
-246.794 -1808.67 383.96 400149 20.1308
-246.515 -1807.91 384.002 400149 20.1308
-246.236 -1807.15 384.044 400149 20.1308
-245.957 -1806.38 384.086 400149 20.1308
-245.678 -1805.62 384.128 400149 20.0816
-245.407 -1804.88 384.169 400149 20.0816
-245.136 -1804.14 384.21 400149 19.7178
-244.869 -1803.4 384.251 400149 19.4755
-244.606 -1802.65 384.292 400149 19.4755
-244.343 -1801.91 384.333 400149 19.4755
-244.079 -1801.16 384.374 400149 19.5556
-243.818 -1800.43 384.414 400149 19.5556
-243.557 -1799.69 384.455 400149 19.5556
-243.296 -1798.96 384.495 400149 19.5556
-243.035 -1798.22 384.535 400149 19.5556
-242.773 -1797.49 384.576 400149 19.5556
-242.512 -1796.75 384.616 400149 19.6206
-242.247 -1796.01 384.657 400149 19.6206
-241.982 -1795.26 384.698 400149 19.6206
-241.717 -1794.52 384.739 400149 19.6206
-241.452 -1793.78 384.78 400149 19.6206
-241.186 -1793.03 384.82 400149 19.6206
-240.921 -1792.29 384.861 400149 19.6099
-240.645 -1791.51 384.904 400149 19.6099
-240.369 -1790.74 384.946 400149 19.6099
-240.093 -1789.96 384.989 400149 19.6099
-239.817 -1789.19 385.032 400149 19.2722
-239.545 -1788.41 385.074 400149 19.0049
-239.277 -1787.63 385.116 400149 18.9977
-239.004 -1786.84 385.16 400149 18.9977
-238.731 -1786.05 385.203 400149 18.9977
-238.457 -1785.25 385.246 400149 18.9977
-238.184 -1784.46 385.289 400149 18.9977
-237.91 -1783.66 385.332 400149 18.9977
-237.637 -1782.87 385.376 400149 18.9974
-237.366 -1782.08 385.418 400149 18.9974
-237.096 -1781.3 385.461 400149 18.9974
-236.825 -1780.51 385.504 400149 18.9974
-236.554 -1779.72 385.547 400149 18.9974
-236.284 -1778.94 385.589 400149 18.9974
-236.013 -1778.15 385.632 400149 19.0049
-235.742 -1777.37 385.675 400149 19.0049
-235.471 -1776.58 385.718 400149 19.0049
-235.201 -1775.79 385.76 400149 19.0049
-234.93 -1775.01 385.803 400149 19.0049
-234.659 -1774.22 385.846 400149 18.7297
-234.392 -1773.43 385.889 400149 18.3976
-234.129 -1772.64 385.931 400149 18.3976
-233.867 -1771.85 385.973 400149 18.3976
-233.605 -1771.07 386.016 400149 18.3976
-233.342 -1770.28 386.058 400149 18.3976
-233.08 -1769.49 386.101 400149 18.3976
-232.817 -1768.7 386.143 400149 18.3937
-232.555 -1767.91 386.186 400149 18.3937
-232.293 -1767.12 386.228 400149 18.3937
-232.03 -1766.33 386.27 400149 18.3937
-231.768 -1765.54 386.313 400149 18.3937
-231.506 -1764.75 386.355 400149 18.3937
-231.243 -1763.97 386.398 400149 18.3974
-230.981 -1763.18 386.44 400149 18.3974
-230.718 -1762.39 386.483 400149 18.3974
-230.456 -1761.6 386.525 400149 18.3974
-230.193 -1760.81 386.568 400149 18.3974
-229.931 -1760.02 386.61 400149 18.3974
-229.668 -1759.23 386.653 400149 18.2114
-229.409 -1758.44 386.695 400149 17.7915
-229.154 -1757.65 386.737 400149 17.7915
-228.9 -1756.86 386.779 400149 17.7915
-228.646 -1756.07 386.821 400149 17.7915
-228.392 -1755.27 386.863 400149 17.7915
-228.138 -1754.48 386.905 400149 17.7991
-227.884 -1753.69 386.947 400149 17.7991
-227.63 -1752.9 386.989 400149 17.7991
-227.376 -1752.11 387.031 400149 17.7991
-227.122 -1751.32 387.073 400149 17.7991
-226.867 -1750.52 387.116 400149 17.7991
-226.613 -1749.73 387.158 400149 17.7951
-226.359 -1748.94 387.2 400149 17.7951
-226.105 -1748.15 387.242 400149 17.7951
-225.851 -1747.36 387.284 400149 17.7951
-225.596 -1746.56 387.326 400149 17.7951
-225.342 -1745.77 387.368 400149 17.7951
-225.088 -1744.98 387.41 400149 17.7914
-224.834 -1744.19 387.452 400149 17.706
-224.581 -1743.4 387.494 400149 17.1907
-224.335 -1742.6 387.536 400149 17.1907
-224.089 -1741.81 387.577 400149 17.1907
-223.844 -1741.01 387.619 400149 17.1907
-223.598 -1740.22 387.661 400149 17.1984
-223.352 -1739.42 387.702 400149 17.1984
-223.106 -1738.63 387.744 400149 17.1984
-222.86 -1737.84 387.786 400149 17.1984
-222.615 -1737.04 387.827 400149 17.1984
-222.369 -1736.25 387.869 400149 17.1984
-222.123 -1735.45 387.91 400149 17.1904
-221.877 -1734.66 387.952 400149 17.1904
-221.631 -1733.86 387.994 400149 17.1904
-221.385 -1733.07 388.035 400149 17.1904
-221.139 -1732.27 388.077 400149 17.1904
-220.893 -1731.48 388.119 400149 17.1904
-220.647 -1730.68 388.16 400149 17.1951
-220.402 -1729.89 388.202 400149 17.1951
-220.156 -1729.1 388.244 400149 17.1951
-219.911 -1728.3 388.285 400149 16.614
-219.673 -1727.51 388.326 400149 16.5961
-219.436 -1726.71 388.367 400149 16.5961
-219.199 -1725.92 388.408 400149 16.6016
-218.963 -1725.12 388.449 400149 16.6016
-218.727 -1724.33 388.49 400149 16.6016
-218.491 -1723.54 388.531 400149 16.6016
-218.255 -1722.75 388.572 400149 16.6016
-218.019 -1721.96 388.613 400149 16.6016
-217.782 -1721.16 388.654 400149 16.5889
-217.546 -1720.37 388.695 400149 16.5889
-217.309 -1719.58 388.736 400149 16.5889
-217.072 -1718.78 388.777 400149 16.5889
-216.836 -1717.99 388.818 400149 16.5889
-216.599 -1717.19 388.859 400149 16.5889
-216.362 -1716.4 388.9 400149 16.4458
-216.122 -1715.58 388.942 400149 16.4458
-215.882 -1714.77 388.984 400149 16.4458
-215.641 -1713.95 389.026 400149 16.4458
-215.401 -1713.14 389.068 400149 15.9601
-215.167 -1712.32 389.109 400149 15.8486
-214.935 -1711.51 389.151 400149 15.9165
-214.69 -1710.64 389.194 400149 15.9165
-214.444 -1709.78 389.238 400149 15.9165
-214.198 -1708.92 389.282 400149 15.9165
-213.952 -1708.06 389.325 400149 15.9165
-213.707 -1707.2 389.369 400149 15.9165
-213.461 -1706.34 389.413 400149 16.0725
-213.202 -1705.44 389.458 400149 16.0725
-212.944 -1704.54 389.504 400149 16.0725
-212.685 -1703.64 389.55 400149 16.0725
-212.426 -1702.75 389.595 400149 16.0725
-212.168 -1701.85 389.641 400149 16.0725
-211.909 -1700.95 389.686 400149 16.1307
-211.637 -1700.01 389.734 400149 16.1307
-211.365 -1699.07 389.782 400149 16.1307
-211.092 -1698.13 389.83 400149 15.842
-210.825 -1697.18 389.877 400149 15.5355
-210.562 -1696.24 389.924 400149 15.5355
-210.3 -1695.3 389.971 400149 15.3988
-210.035 -1694.33 390.019 400149 15.3988
-209.769 -1693.37 390.067 400149 15.3988
-209.504 -1692.41 390.115 400149 15.3988
-209.239 -1691.44 390.163 400149 15.3988
-208.973 -1690.48 390.211 400149 15.3988
-208.708 -1689.51 390.259 400149 15.4028
-208.441 -1688.55 390.308 400149 15.4028
-208.174 -1687.58 390.356 400149 15.4028
-207.906 -1686.61 390.404 400149 15.4028
-207.639 -1685.64 390.453 400149 15.4028
-207.372 -1684.67 390.501 400149 15.4028
-207.105 -1683.7 390.549 400149 15.4105
-206.836 -1682.72 390.598 400149 15.112
-206.573 -1681.75 390.646 400149 14.8173
-206.314 -1680.77 390.694 400149 14.8173
-206.055 -1679.79 390.742 400149 14.8173
-205.797 -1678.81 390.789 400149 14.8173
-205.538 -1677.84 390.837 400149 14.9006
-205.277 -1676.85 390.885 400149 14.9006
-205.016 -1675.87 390.933 400149 14.9005
-204.755 -1674.89 390.981 400149 14.9005
-204.494 -1673.91 391.029 400149 14.9005
-204.233 -1672.93 391.077 400149 14.9005
-203.972 -1671.95 391.125 400149 14.7986
-203.714 -1670.97 391.172 400149 14.7986
-203.456 -1670 391.22 400149 14.7986
-203.198 -1669.02 391.268 400149 14.7986
-202.94 -1668.04 391.316 400149 14.7986
-202.682 -1667.07 391.363 400149 14.7986
-202.615 -1666.79 391.382 410149 13.5275
-202.383 -1665.83 391.437 410149 13.5275
-202.151 -1664.86 391.493 410149 13.5091
-201.919 -1663.9 391.548 410149 13.4725
-201.688 -1662.93 391.602 410149 13.4725
-201.457 -1661.97 391.656 410149 13.4725
-201.226 -1661.01 391.71 410149 13.3316
-201 -1660.05 391.762 410149 13.3295
-200.774 -1659.1 391.814 410149 13.3295
-200.547 -1658.14 391.866 410149 13.3089
-200.322 -1657.19 391.918 410149 13.2911
-200.096 -1656.23 391.97 410149 13.2911
-199.871 -1655.28 392.021 410149 13.412
-199.64 -1654.31 392.073 410149 13.3859
-199.409 -1653.34 392.125 410149 13.3859
-199.179 -1652.37 392.177 410149 13.3859
-198.948 -1651.41 392.228 410149 13.3692
-198.718 -1650.44 392.28 410149 13.3641
-198.488 -1649.47 392.332 410149 13.4907
-198.248 -1648.47 392.385 410149 13.4847
-198.009 -1647.47 392.438 410149 13.4773
-197.769 -1646.47 392.491 410149 13.4773
-197.53 -1645.47 392.545 410149 13.4763
-197.291 -1644.47 392.598 410149 13.4721
-197.051 -1643.47 392.652 410149 13.5751
-196.804 -1642.45 392.707 410149 13.5751
-196.557 -1641.43 392.762 410149 13.5781
-196.31 -1640.4 392.818 410149 13.5782
-196.063 -1639.38 392.874 410149 13.5782
-195.815 -1638.36 392.93 410149 13.5873
-195.568 -1637.33 392.987 410149 13.2751
-195.325 -1636.3 393.044 410149 13.2751
-195.082 -1635.27 393.101 410149 13.2833
-194.955 -1634.73 393.124 420149 13.2648
-194.712 -1633.7 393.171 420149 13.2648
-194.469 -1632.67 393.217 420149 13.096
-194.229 -1631.64 393.265 420149 12.8223
-193.993 -1630.61 393.312 420149 12.8223
-193.758 -1629.57 393.36 420149 12.6678
-193.525 -1628.54 393.409 420149 12.5893
-193.294 -1627.5 393.458 420149 12.5893
-193.063 -1626.47 393.507 420149 12.4498
-192.834 -1625.43 393.557 420149 12.3196
-192.605 -1624.38 393.607 420149 12.3196
-192.375 -1623.33 393.658 420149 12.191
-192.148 -1622.28 393.709 420149 12.1454
-191.922 -1621.23 393.76 420149 12.1454
-191.696 -1620.18 393.811 420149 12.0294
-191.472 -1619.13 393.862 420149 12.1091
-191.242 -1618.06 393.914 420149 12.1091
-191.013 -1616.99 393.967 420149 12.0051
-190.785 -1615.92 394.019 420149 11.9938
-190.558 -1614.85 394.071 420149 11.9923
-190.331 -1613.78 394.123 420149 11.9079
-190.105 -1612.71 394.175 420149 11.9048
-189.88 -1611.64 394.226 420149 11.8974
-189.655 -1610.57 394.278 420149 11.8483
-189.43 -1609.5 394.329 420149 11.8483
-189.206 -1608.43 394.38 420149 11.8416
-188.982 -1607.36 394.43 420149 11.8212
-188.758 -1606.29 394.48 420149 11.7418
-188.54 -1605.24 394.529 420149 11.1473
-188.425 -1604.66 394.556 430149 11.0217
-188.22 -1603.61 394.607 430149 11.0217
-188.015 -1602.55 394.659 430149 11.0427
-187.81 -1601.5 394.709 430149 11.0754
-187.604 -1600.45 394.757 430149 11.1211
-187.4 -1599.41 394.804 430149 11.1317
-187.196 -1598.38 394.851 430149 11.1455
-186.991 -1597.34 394.896 430149 11.1455
-186.787 -1596.3 394.941 430149 11.1433
-186.582 -1595.26 394.985 430149 11.1407
-186.378 -1594.22 395.029 430149 11.1382
-186.172 -1593.18 395.074 430149 11.1217
-185.968 -1592.14 395.119 430149 11.1042
-185.763 -1591.1 395.164 430149 11.1042
-185.558 -1590.05 395.209 430149 11.0714
-185.355 -1589.01 395.255 430149 11.0409
-185.151 -1587.97 395.302 430149 11.0366
-184.946 -1586.91 395.35 430149 10.9843
-184.741 -1585.86 395.4 430149 10.9441
-184.537 -1584.81 395.452 430149 10.9441
-184.333 -1583.75 395.503 430149 10.8677
-184.131 -1582.7 395.558 430149 10.8223
-183.929 -1581.64 395.615 430149 10.8269
-183.725 -1580.58 395.672 430149 10.7209
-183.523 -1579.51 395.734 430149 10.6759
-183.323 -1578.45 395.798 430149 10.6759
-183.122 -1577.38 395.862 430149 10.5331
-182.923 -1576.31 395.932 430149 10.4957
-182.726 -1575.25 396.004 430149 10.4479
-182.527 -1574.17 396.077 430149 9.67015
-182.425 -1573.57 396.092 440149 10.0238
-182.234 -1572.49 396.138 440149 10.0238
-182.043 -1571.41 396.185 440149 10.0238
-181.852 -1570.33 396.231 440149 10.0238
-181.661 -1569.25 396.278 440149 9.99017
-181.466 -1568.14 396.326 440149 9.8728
-181.273 -1567.03 396.375 440149 9.8728
-181.08 -1565.93 396.424 440149 9.8728
-180.888 -1564.82 396.473 440149 9.8728
-180.695 -1563.71 396.522 440149 9.86455
-180.502 -1562.6 396.571 440149 9.71792
-180.307 -1561.46 396.622 440149 9.71792
-180.112 -1560.32 396.673 440149 9.71792
-179.917 -1559.18 396.724 440149 9.71792
-179.721 -1558.04 396.775 440149 9.71792
-179.526 -1556.9 396.826 440149 9.55666
-179.334 -1555.76 396.877 440149 9.47658
-179.141 -1554.61 396.929 440149 9.47658
-178.948 -1553.45 396.98 440149 9.47658
-178.755 -1552.29 397.032 440149 9.47658
-178.562 -1551.14 397.084 440149 9.34694
-178.372 -1549.98 397.135 440149 9.28065
-178.183 -1548.82 397.186 440149 9.32753
-177.996 -1547.69 397.236 440149 9.32753
-177.81 -1546.55 397.286 440149 9.32753
-177.623 -1545.42 397.336 440149 9.2404
-177.439 -1544.28 397.386 440149 9.13235
-177.256 -1543.15 397.434 440149 9.13235
-177.074 -1542.01 397.483 440149 9.08443
-176.9 -1540.93 397.53 440149 9.08443
-176.726 -1539.84 397.577 440149 9.07007
-176.552 -1538.75 397.623 440149 8.89
-176.382 -1537.66 397.668 440149 8.88999
-176.212 -1536.57 397.713 440149 8.88999
-176.042 -1535.49 397.758 440149 8.9171
-175.878 -1534.44 397.801 440149 8.91709
-175.714 -1533.39 397.844 440149 8.82078
-175.551 -1532.35 397.886 440149 8.72341
-175.39 -1531.3 397.927 440149 8.72341
-175.23 -1530.25 397.967 440149 8.72341
-175.069 -1529.21 398.008 440149 8.78234
-174.91 -1528.18 398.048 440149 8.78234
-174.752 -1527.15 398.088 440149 8.63606
-174.595 -1526.12 398.126 440149 8.58941
-174.44 -1525.09 398.163 440149 8.58941
-174.285 -1524.07 398.2 440149 8.58941
-174.129 -1523.04 398.237 440149 8.58898
-173.975 -1522.02 398.274 440149 8.58898
-173.821 -1520.99 398.311 440149 8.40825
-173.67 -1519.97 398.345 440149 8.39681
-173.519 -1518.95 398.378 440149 8.39681
-173.368 -1517.93 398.412 440149 8.39681
-173.217 -1516.91 398.445 440149 8.349
-173.069 -1515.9 398.478 440149 8.21438
-172.995 -1515.38 398.496 450149 7.56125
-172.861 -1514.37 398.536 450149 7.56125
-172.727 -1513.36 398.575 450149 7.56125
-172.593 -1512.35 398.615 450149 7.56125
-172.459 -1511.34 398.655 450149 7.61639
-172.326 -1510.35 398.693 450149 7.61639
-172.194 -1509.36 398.732 450149 7.61639
-172.062 -1508.38 398.771 450149 7.61639
-171.929 -1507.39 398.81 450149 7.61639
-171.797 -1506.4 398.849 450149 7.61639
-171.665 -1505.41 398.888 450149 7.61299
-171.533 -1504.42 398.926 450149 7.61299
-171.401 -1503.43 398.965 450149 7.61299
-171.269 -1502.45 399.004 450149 7.61299
-171.138 -1501.46 399.043 450149 7.61299
-171.006 -1500.48 399.081 450149 7.61299
-170.874 -1499.49 399.12 450149 7.61316
-170.742 -1498.5 399.159 450149 7.61316
-170.61 -1497.51 399.198 450149 7.61316
-170.477 -1496.52 399.237 450149 7.61316
-170.345 -1495.53 399.275 450149 7.61316
-170.213 -1494.55 399.314 450149 7.19797
-170.088 -1493.56 399.352 450149 6.84039
-169.969 -1492.56 399.388 450149 6.84039
-169.85 -1491.57 399.425 450149 6.84039
-169.731 -1490.58 399.462 450149 6.84039
-169.612 -1489.58 399.498 450149 6.84039
-169.493 -1488.59 399.535 450149 6.84039
-169.373 -1487.6 399.572 450149 6.84355
-169.254 -1486.61 399.608 450149 6.84355
-169.135 -1485.61 399.645 450149 6.84355
-169.016 -1484.62 399.682 450149 6.84355
-168.897 -1483.63 399.718 450149 6.84355
-168.778 -1482.64 399.755 450149 6.84355
-168.659 -1481.64 399.792 450149 6.84035
-168.54 -1480.65 399.828 450149 6.84035
-168.421 -1479.66 399.865 450149 6.84035
-168.302 -1478.67 399.902 450149 6.84035
-168.183 -1477.67 399.938 450149 6.84035
-168.064 -1476.68 399.975 450149 6.84035
-167.945 -1475.69 400.011 450149 6.84031
-167.826 -1474.7 400.048 450149 6.84031
-167.707 -1473.71 400.085 450149 6.84031
-167.588 -1472.71 400.121 450149 6.08078
-167.482 -1471.72 400.156 450149 6.05779
-167.376 -1470.73 400.19 450149 6.05779
-167.271 -1469.74 400.224 450149 6.05791
-167.165 -1468.74 400.259 450149 6.05791
-167.06 -1467.74 400.293 450149 6.05791
-166.954 -1466.75 400.328 450149 6.05791
-166.849 -1465.75 400.362 450149 6.05791
-166.743 -1464.76 400.397 450149 6.05791
-166.637 -1463.76 400.431 450149 6.05811
-166.531 -1462.77 400.466 450149 6.05811
-166.425 -1461.77 400.5 450149 6.05811
-166.32 -1460.77 400.535 450149 6.05811
-166.214 -1459.77 400.569 450149 6.05811
-166.108 -1458.77 400.604 450149 6.05811
-166.002 -1457.77 400.638 450149 6.05783
-165.896 -1456.78 400.673 450149 6.05783
-165.791 -1455.79 400.707 450149 6.05783
-165.685 -1454.79 400.742 450149 6.05783
-165.58 -1453.8 400.776 450149 6.05783
-165.474 -1452.8 400.81 450149 6.05783
-165.369 -1451.81 400.845 450149 5.77856
-165.27 -1450.83 400.878 450149 5.32005
-165.179 -1449.85 400.909 450149 5.32005
-165.087 -1448.87 400.941 450149 5.32005
-164.996 -1447.9 400.973 450149 5.32005
-164.905 -1446.92 401.004 450149 5.32005
-164.814 -1445.94 401.036 450149 5.21046
-164.727 -1444.98 401.067 450149 5.21046
-164.64 -1444.03 401.098 450149 5.21046
-164.552 -1443.07 401.128 450149 5.21046
-164.465 -1442.11 401.159 450149 5.21046
-164.378 -1441.16 401.19 450149 5.21046
-164.291 -1440.2 401.221 450149 5.26589
-164.204 -1439.26 401.251 450149 5.26589
-164.118 -1438.32 401.282 450149 5.26589
-164.031 -1437.38 401.312 450149 5.26589
-163.944 -1436.44 401.343 450149 5.26589
-163.857 -1435.5 401.373 450149 5.26589
-163.771 -1434.56 401.403 450149 5.26584
-163.684 -1433.62 401.434 450149 5.26584
-163.597 -1432.68 401.464 450149 5.26584
-163.511 -1431.74 401.495 450149 5.26584
-163.424 -1430.8 401.525 450149 5.26584
-163.337 -1429.86 401.555 450149 4.54426
-163.263 -1428.91 401.584 450149 4.465
-163.189 -1427.97 401.612 450149 4.465
-163.116 -1427.03 401.64 450149 4.465
-163.042 -1426.09 401.669 450149 4.465
-162.969 -1425.15 401.697 450149 4.465
-162.895 -1424.21 401.725 450149 4.465
-162.822 -1423.27 401.753 450149 4.53258
-162.749 -1422.34 401.781 450149 4.53258
-162.675 -1421.42 401.809 450149 4.53258
-162.601 -1420.49 401.837 450149 4.53258
-162.528 -1419.56 401.865 450149 4.53258
-162.454 -1418.63 401.893 450149 4.53258
-162.381 -1417.71 401.92 450149 4.45891
-162.31 -1416.8 401.948 450149 4.45891
-162.24 -1415.9 401.975 450149 4.45891
-162.17 -1415 402.002 450149 4.45891
-162.099 -1414.1 402.029 450149 4.45891
-162.029 -1413.2 402.056 450149 4.45891
-161.959 -1412.29 402.083 450149 4.46008
-161.891 -1411.42 402.109 450149 4.46008
-161.823 -1410.55 402.135 450149 4.46008
-161.755 -1409.68 402.161 450149 4.46008
-161.687 -1408.81 402.188 450149 4.18213
-161.624 -1407.94 402.213 450149 3.65068
-161.568 -1407.07 402.237 450149 3.59599
-161.515 -1406.23 402.261 450149 3.59599
-161.462 -1405.38 402.284 450149 3.59598
-161.409 -1404.54 402.308 450149 3.59598
-161.356 -1403.69 402.331 450149 3.59598
-161.303 -1402.85 402.355 450149 3.59598
-161.25 -1402 402.378 450149 3.65515
-161.197 -1401.17 402.401 450149 3.65515
-161.143 -1400.34 402.424 450149 3.65515
-161.09 -1399.51 402.447 450149 3.65515
-161.037 -1398.68 402.471 450149 3.65515
-160.984 -1397.85 402.494 450149 3.65515
-160.931 -1397.02 402.517 450149 3.65869
-160.878 -1396.19 402.54 450149 3.65869
-160.825 -1395.37 402.563 450149 3.65869
-160.773 -1394.54 402.586 450149 3.65869
-160.72 -1393.71 402.609 450149 3.65869
-160.667 -1392.89 402.632 450149 3.65869
-160.614 -1392.06 402.655 450149 3.6551
-160.561 -1391.23 402.678 450149 3.6551
-160.508 -1390.4 402.701 450149 3.6551
-160.455 -1389.57 402.724 450149 3.6551
-160.402 -1388.74 402.747 450149 3.6551
-160.349 -1387.91 402.77 450149 3.6551
-160.296 -1387.08 402.793 450149 3.23523
-160.249 -1386.25 402.815 450149 2.84139
-160.208 -1385.42 402.837 450149 2.84139
-160.166 -1384.58 402.858 450149 2.84139
-160.125 -1383.75 402.879 450149 2.84139
-160.084 -1382.92 402.9 450149 2.84139
-160.042 -1382.09 402.922 450149 2.83373
-160.001 -1381.26 402.943 450149 2.83373
-159.96 -1380.42 402.964 450149 2.83373
-159.919 -1379.59 402.986 450149 2.83373
-159.878 -1378.76 403.007 450149 2.83373
-159.836 -1377.93 403.028 450149 2.83373
-159.795 -1377.1 403.05 450149 2.84137
-159.754 -1376.26 403.071 450149 2.84137
-159.713 -1375.43 403.092 450149 2.84137
-159.671 -1374.6 403.113 450149 2.84137
-159.63 -1373.77 403.135 450149 2.84137
-159.589 -1372.94 403.156 450149 2.84137
-159.548 -1372.1 403.177 450149 2.83755
-159.506 -1371.27 403.199 450149 2.83755
-159.465 -1370.44 403.22 450149 2.83755
-159.424 -1369.61 403.241 450149 2.83755
-159.383 -1368.78 403.262 450149 2.83755
-159.341 -1367.94 403.284 450149 2.83755
-159.3 -1367.11 403.305 450149 2.84137
-159.259 -1366.28 403.326 450149 2.84137
-159.217 -1365.45 403.348 450149 2.38218
-159.183 -1364.62 403.368 450149 2.01587
-159.154 -1363.78 403.387 450149 2.01587
-159.124 -1362.95 403.407 450149 2.01587
-159.095 -1362.12 403.426 450149 2.01205
-159.066 -1361.29 403.446 450149 2.01205
-159.036 -1360.45 403.465 450149 2.01205
-159.007 -1359.62 403.485 450149 2.01205
-158.978 -1358.79 403.504 450149 2.01205
-158.949 -1357.95 403.524 450149 2.01205
-158.919 -1357.12 403.543 450149 2.01205
-158.89 -1356.29 403.563 450149 2.01205
-158.861 -1355.46 403.582 450149 2.01205
-158.832 -1354.62 403.602 450149 2.01205
-158.802 -1353.79 403.621 450149 2.01205
-158.773 -1352.96 403.641 450149 2.01205
-158.744 -1352.13 403.66 450149 2.012
-158.715 -1351.3 403.68 450149 2.012
-158.686 -1350.46 403.699 450149 2.012
-158.656 -1349.63 403.719 450149 2.012
-158.627 -1348.8 403.738 450149 2.012
-158.598 -1347.97 403.758 450149 2.012
-158.569 -1347.14 403.777 450149 2.01214
-158.539 -1346.3 403.797 450149 2.01214
-158.51 -1345.47 403.816 450149 2.01214
-158.481 -1344.63 403.836 450149 2.01214
-158.451 -1343.8 403.855 450149 1.54453
-158.429 -1342.97 403.874 450149 1.1792
-158.412 -1342.13 403.891 450149 1.17944
-158.395 -1341.29 403.909 450149 1.17944
-158.377 -1340.46 403.927 450149 1.17944
-158.36 -1339.62 403.945 450149 1.17944
-158.343 -1338.78 403.962 450149 1.17944
-158.326 -1337.94 403.98 450149 1.17944
-158.308 -1337.11 403.998 450149 1.17915
-158.291 -1336.27 404.016 450149 1.17915
-158.274 -1335.44 404.034 450149 1.17915
-158.257 -1334.61 404.051 450149 1.17915
-158.24 -1333.77 404.069 450149 1.17915
-158.223 -1332.94 404.087 450149 1.17915
-158.205 -1332.11 404.104 450149 1.24412
-158.188 -1331.29 404.122 450149 1.24412
-158.17 -1330.47 404.139 450149 1.24412
-158.152 -1329.65 404.157 450149 1.24412
-158.134 -1328.83 404.174 450149 1.24412
-158.116 -1328.01 404.191 450149 1.24412
-158.099 -1327.19 404.209 450149 1.18412
-158.082 -1326.4 404.226 450149 1.18412
-158.066 -1325.6 404.243 450149 1.18412
-158.049 -1324.81 404.259 450149 1.18412
-158.033 -1324.01 404.276 450149 1.18412
-158.017 -1323.22 404.293 450149 1.18412
-158 -1322.43 404.31 450149 1.09477
-157.986 -1321.66 404.326 450149 0.350286
-157.981 -1320.9 404.341 450149 0.350286
-157.976 -1320.13 404.355 450149 0.350286
-157.972 -1319.37 404.37 450149 0.350286
-157.967 -1318.61 404.385 450149 0.350286
-157.962 -1317.84 404.399 450149 0.326699
-157.958 -1317.11 404.413 450149 0.326699
-157.954 -1316.37 404.427 450149 0.326699
-157.95 -1315.64 404.441 450149 0.326699
-157.945 -1314.9 404.455 450149 0.326698
-157.941 -1314.16 404.469 450149 0.326698
-157.937 -1313.43 404.483 450149 0.341618
-157.933 -1312.72 404.497 450149 0.341618
-157.929 -1312.02 404.51 450149 0.341618
-157.924 -1311.31 404.524 450149 0.341618
-157.92 -1310.61 404.537 450149 0.341618
-157.916 -1309.9 404.551 450149 0.341618
-157.912 -1309.2 404.564 450149 0.264555
-157.909 -1308.52 404.577 450149 0.264555
-157.906 -1307.84 404.59 450149 0.264555
-157.902 -1307.16 404.603 450149 0.264555
-157.899 -1306.48 404.616 450149 0.264554
-157.896 -1305.8 404.629 450149 0.264554
-157.893 -1305.12 404.642 450149 0.338124
-157.889 -1304.45 404.655 450149 0.338123
-157.885 -1303.78 404.668 450149 0.338123
-157.881 -1303.12 404.681 450149 0.338123
-157.877 -1302.45 404.693 450149 0.338123
-157.873 -1301.79 404.706 450149 0.338123
-157.869 -1301.12 404.719 450149 0.342586
-157.865 -1300.46 404.731 450149 0.342586
-157.865 -1300.9 404.723 460149 -0.533448
-157.871 -1300.24 404.734 460149 -0.533448
-157.877 -1299.58 404.744 460149 -0.533448
-157.883 -1298.91 404.755 460149 -0.533448
-157.89 -1298.25 404.765 460149 -0.533217
-157.896 -1297.59 404.776 460149 -0.533217
-157.902 -1296.92 404.787 460149 -0.533217
-157.908 -1296.26 404.797 460149 -0.533217
-157.914 -1295.59 404.808 460149 -0.533217
-157.92 -1294.93 404.818 460149 -0.533217
-157.927 -1294.26 404.829 460149 -0.542558
-157.933 -1293.59 404.84 460149 -0.542558
-157.939 -1292.93 404.85 460149 -0.542558
-157.946 -1292.26 404.861 460149 -0.542558
-157.952 -1291.59 404.871 460149 -0.542558
-157.958 -1290.93 404.882 460149 -0.542558
-157.965 -1290.26 404.893 460149 -0.533074
-157.971 -1289.59 404.903 460149 -0.533074
-157.977 -1288.93 404.914 460149 -0.533074
-157.983 -1288.26 404.924 460149 -0.533074
-157.989 -1287.59 404.935 460149 -0.533074
-157.996 -1286.93 404.945 460149 -0.533074
-158.002 -1286.26 404.956 460149 -0.533074
-158.008 -1285.59 404.967 460149 -0.533074
-158.014 -1284.93 404.977 460149 -0.533074
-158.02 -1284.26 404.988 460149 -0.533074
-158.027 -1283.59 404.998 460149 -0.533074
-158.033 -1282.93 405.009 460149 -0.533074
-158.039 -1282.26 405.02 460149 -0.53785
-158.045 -1281.59 405.03 460149 -0.53785
-158.052 -1280.93 405.041 460149 -0.53785
-158.058 -1280.26 405.051 460149 -0.53785
-158.064 -1279.6 405.062 460149 -0.53785
-158.07 -1278.93 405.073 460149 -0.53785
-158.077 -1278.26 405.083 460149 -0.53785
-158.083 -1277.6 405.094 460149 -0.53785
-158.089 -1276.93 405.104 460149 -1.21989
-158.103 -1276.26 405.114 460149 -1.42654
-158.12 -1275.6 405.124 460149 -1.42654
-158.136 -1274.93 405.133 460149 -1.42654
-158.153 -1274.26 405.143 460149 -1.42176
-158.17 -1273.6 405.153 460149 -1.42176
-158.186 -1272.93 405.162 460149 -1.42176
-158.203 -1272.27 405.172 460149 -1.42176
-158.219 -1271.6 405.182 460149 -1.42176
-158.236 -1270.93 405.191 460149 -1.42176
-158.252 -1270.27 405.201 460149 -1.42657
-158.269 -1269.6 405.21 460149 -1.42657
-158.285 -1268.93 405.22 460149 -1.42657
-158.302 -1268.27 405.23 460149 -1.42657
-158.319 -1267.6 405.239 460149 -1.42657
-158.335 -1266.94 405.249 460149 -1.42657
-158.352 -1266.27 405.259 460149 -1.42176
-158.368 -1265.6 405.268 460149 -1.42176
-158.385 -1264.94 405.278 460149 -1.42176
-158.401 -1264.27 405.287 460149 -1.42176
-158.418 -1263.61 405.297 460149 -1.42176
-158.434 -1262.94 405.307 460149 -1.42176
-158.451 -1262.27 405.316 460149 -1.42651
-158.468 -1261.61 405.326 460149 -1.42651
-158.484 -1260.94 405.336 460149 -1.42651
-158.501 -1260.27 405.345 460149 -1.42651
-158.517 -1259.61 405.355 460149 -1.42651
-158.534 -1258.94 405.364 460149 -1.42651
-158.551 -1258.27 405.374 460149 -1.42654
-158.567 -1257.61 405.384 460149 -1.42654
-158.584 -1256.94 405.393 460149 -1.42654
-158.6 -1256.27 405.403 460149 -1.42654
-158.617 -1255.61 405.413 460149 -1.42654
-158.634 -1254.94 405.422 460149 -1.42654
-158.65 -1254.27 405.432 460149 -1.42179
-158.667 -1253.61 405.441 460149 -1.42179
-158.683 -1252.94 405.451 460149 -1.62444
-158.702 -1252.28 405.46 460149 -2.32516
-158.729 -1251.61 405.469 460149 -2.32516
-158.756 -1250.95 405.478 460149 -2.32516
-158.783 -1250.28 405.487 460149 -2.32996
-158.81 -1249.61 405.496 460149 -2.32996
-158.837 -1248.95 405.505 460149 -2.32996
-158.864 -1248.28 405.514 460149 -2.32996
-158.891 -1247.62 405.523 460149 -2.32996
-158.919 -1246.95 405.531 460149 -2.32996
-158.946 -1246.29 405.54 460149 -2.32984
-158.973 -1245.62 405.549 460149 -2.32984
-159 -1244.95 405.558 460149 -2.32984
-159.027 -1244.29 405.567 460149 -2.32984
-159.054 -1243.62 405.576 460149 -2.32984
-159.081 -1242.96 405.585 460149 -2.32984
-159.108 -1242.29 405.594 460149 -2.32462
-159.136 -1241.62 405.603 460149 -2.32462
-159.163 -1240.94 405.612 460149 -2.32462
-159.19 -1240.27 405.621 460149 -2.32462
-159.217 -1239.6 405.63 460149 -2.32462
-159.245 -1238.93 405.639 460149 -2.32462
-159.272 -1238.26 405.648 460149 -2.33402
-159.299 -1237.58 405.657 460149 -2.33402
-159.327 -1236.91 405.665 460149 -2.33402
-159.354 -1236.24 405.674 460149 -2.33402
-159.382 -1235.57 405.683 460149 -2.33402
-159.409 -1234.89 405.692 460149 -2.33402
-159.436 -1234.22 405.701 460149 -2.33967
-159.464 -1233.56 405.71 460149 -2.33967
-159.491 -1232.89 405.719 460149 -2.33967
-159.518 -1232.23 405.728 460149 -2.33967
-159.545 -1231.57 405.737 460149 -2.33967
-159.572 -1230.9 405.746 460149 -2.33967
-159.599 -1230.24 405.755 460149 -2.30741
-159.625 -1229.59 405.763 460149 -2.30741
-159.651 -1228.95 405.772 460149 -2.30741
-159.677 -1228.31 405.78 460149 -2.89784
-159.709 -1227.67 405.789 460149 -3.22496
-159.746 -1227.02 405.797 460149 -3.22496
-159.782 -1226.38 405.805 460149 -3.34034
-159.818 -1225.77 405.812 460149 -3.34034
-159.854 -1225.15 405.82 460149 -3.34034
-159.89 -1224.54 405.828 460149 -3.34034
-159.925 -1223.92 405.836 460149 -3.34034
-159.961 -1223.31 405.843 460149 -3.34034
-159.997 -1222.69 405.851 460149 -3.31855
-160.032 -1222.1 405.859 460149 -3.31855
-160.066 -1221.5 405.866 460149 -3.31855
-160.101 -1220.9 405.874 460149 -3.31855
-160.136 -1220.31 405.881 460149 -3.31855
-160.17 -1219.71 405.889 460149 -3.31855
-160.205 -1219.11 405.896 460149 -3.31496
-160.239 -1218.52 405.904 460149 -3.31496
-160.273 -1217.94 405.911 460149 -3.31496
-160.307 -1217.35 405.919 460149 -3.31496
-160.341 -1216.76 405.926 460149 -3.31496
-160.375 -1216.17 405.933 460149 -3.31496
-160.409 -1215.58 405.941 460149 -3.32028
-160.443 -1214.99 405.948 460149 -3.32028
-160.478 -1214.4 405.956 460149 -3.32028
-160.512 -1213.81 405.963 460149 -3.32028
-160.546 -1213.23 405.97 460149 -3.32028
-160.58 -1212.64 405.978 460149 -3.32028
-160.614 -1212.05 405.985 460149 -3.30886
-160.649 -1211.46 405.993 460149 -3.30886
-160.683 -1210.86 406 460149 -3.30886
-160.717 -1210.27 406.008 460149 -3.30886
-160.751 -1209.68 406.015 460149 -3.30886
-160.785 -1209.09 406.023 460149 -3.30886
-160.82 -1208.5 406.03 460149 -3.31401
-160.854 -1207.9 406.038 460149 -3.31401
-160.888 -1207.31 406.045 460149 -3.31401
-160.923 -1206.72 406.052 460149 -3.31401
-160.957 -1206.13 406.06 460149 -3.31401
-160.991 -1205.53 406.067 460149 -3.31402
-161.026 -1204.94 406.075 460149 -3.29269
-161.06 -1204.35 406.082 460149 -3.2927
-161.094 -1203.76 406.09 460149 -4.19603
-161.137 -1203.16 406.097 460149 -4.2239
-161.181 -1202.57 406.104 460149 -4.2239
-161.224 -1201.98 406.112 460149 -4.2239
-161.268 -1201.39 406.119 460149 -4.27316
-161.312 -1200.8 406.126 460149 -4.27316
-161.356 -1200.21 406.133 460149 -4.27316
-161.4 -1199.63 406.14 460149 -4.27316
-161.444 -1199.04 406.147 460149 -4.27316
-161.488 -1198.45 406.155 460149 -4.27316
-161.532 -1197.86 406.162 460149 -4.38886
-161.576 -1197.28 406.169 460149 -4.38886
-161.621 -1196.7 406.176 460149 -4.38886
-161.666 -1196.11 406.183 460149 -4.38886
-161.711 -1195.53 406.19 460149 -4.38886
-161.755 -1194.95 406.197 460149 -4.38886
-161.8 -1194.37 406.205 460149 -4.43387
-161.845 -1193.79 406.212 460149 -4.43388
-161.89 -1193.21 406.219 460149 -4.43388
-161.935 -1192.62 406.226 460149 -4.43388
-161.98 -1192.04 406.233 460149 -4.43388
-162.025 -1191.46 406.24 460149 -4.43388
-162.07 -1190.88 406.247 460149 -4.38887
-162.115 -1190.3 406.254 460149 -4.38887
-162.159 -1189.72 406.261 460149 -4.38887
-162.204 -1189.14 406.268 460149 -4.38887
-162.249 -1188.55 406.276 460149 -4.38887
-162.294 -1187.97 406.283 460149 -4.38888
-162.338 -1187.39 406.29 460149 -4.27326
-162.382 -1186.8 406.297 460149 -4.27326
-162.426 -1186.21 406.304 460149 -4.27326
-162.47 -1185.63 406.311 460149 -4.27326
-162.514 -1185.04 406.319 460149 -4.27326
-162.558 -1184.45 406.326 460149 -4.27326
-162.602 -1183.86 406.333 460149 -4.21849
-162.645 -1183.27 406.34 460149 -4.21849
-162.689 -1182.68 406.347 460149 -4.21849
-162.733 -1182.09 406.355 460149 -4.21849
-162.776 -1181.5 406.362 460149 -4.21849
-162.82 -1180.9 406.369 460149 -4.21849
-162.864 -1180.31 406.376 460149 -4.24451
-162.908 -1179.72 406.384 460149 -4.68903
-162.957 -1179.12 406.391 460149 -5.1888
-163.011 -1178.53 406.398 460149 -5.1888
-163.065 -1177.93 406.405 460149 -5.1888
-163.119 -1177.34 406.413 460149 -5.1888
-163.173 -1176.74 406.42 460149 -5.18909
-163.227 -1176.15 406.427 460149 -5.18909
-163.281 -1175.56 406.434 460149 -5.18909
-163.334 -1174.96 406.441 460149 -5.18909
-163.388 -1174.37 406.449 460149 -5.18909
-163.442 -1173.78 406.456 460149 -5.18909
-163.496 -1173.18 406.463 460149 -5.14247
-163.549 -1172.6 406.47 460149 -5.14247
-163.601 -1172.02 406.477 460149 -5.14247
-163.653 -1171.43 406.484 460149 -5.14247
-163.706 -1170.85 406.492 460149 -5.14247
-163.758 -1170.27 406.499 460149 -5.14247
-163.811 -1169.69 406.506 460149 -5.14591
-163.861 -1169.13 406.513 460149 -5.14591
-163.911 -1168.57 406.519 460149 -5.14591
-163.962 -1168.01 406.526 460149 -5.14591
-164.012 -1167.45 406.533 460149 -5.14591
-164.063 -1166.89 406.54 460149 -5.14591
-164.113 -1166.33 406.547 460149 -5.30672
-164.162 -1165.8 406.553 460149 -5.30673
-164.211 -1165.27 406.56 460149 -5.30673
-164.26 -1164.74 406.566 460149 -5.30673
-164.309 -1164.22 406.572 460149 -5.30673
-164.358 -1163.69 406.579 460149 -5.30673
-164.407 -1163.16 406.585 460149 -5.31192
-164.454 -1162.65 406.591 460149 -5.31192
-164.501 -1162.15 406.598 460149 -5.31192
-164.548 -1161.64 406.604 460149 -5.31192
-164.595 -1161.14 406.61 460149 -5.31192
-164.642 -1160.63 406.616 460149 -5.31193
-164.689 -1160.13 406.622 460149 -5.31193
-164.735 -1159.63 406.628 460149 -5.31193
-164.78 -1159.14 406.634 460149 -5.31193
-164.826 -1158.64 406.64 460149 -5.31193
-164.872 -1158.15 406.646 460149 -5.31193
-164.917 -1157.66 406.652 460149 -5.31193
-164.963 -1157.16 406.658 460149 -5.31193
-165.008 -1156.67 406.664 460149 -5.31193
-165.054 -1156.17 406.67 460149 -5.31193
-165.099 -1155.68 406.676 460149 -5.31193
-165.145 -1155.18 406.683 460149 -5.31193
-165.197 -1154.69 406.689 460149 -5.31193
-165.251 -1154.2 406.695 460149 -5.31193
-165.305 -1153.7 406.701 460149 -5.31193
-165.359 -1153.2 406.707 460149 -5.31193
-165.413 -1152.71 406.713 460149 -5.31193
-165.467 -1152.21 406.72 460149 -5.31193
-165.521 -1151.72 406.726 460149 -5.31193
-165.575 -1151.22 406.732 460149 -5.31193
-165.629 -1150.72 406.738 460149 -5.31193
-165.683 -1150.22 406.745 460149 -5.31193
-165.738 -1149.73 406.751 460149 -5.31193
-165.792 -1149.23 406.757 460149 -5.31193
-165.846 -1148.73 406.763 460149 -5.31193
-165.9 -1148.24 406.769 460149 -5.31193
-165.954 -1147.74 406.776 460149 -5.31193
-166.009 -1147.24 406.782 460149 -5.31193
-166.063 -1146.75 406.788 460149 -5.31193
-166.117 -1146.25 406.794 460149 -5.31193
-166.171 -1145.75 406.801 460149 -5.31193
-166.225 -1145.26 406.807 460149 -5.31193
-166.279 -1144.76 406.813 460149 -5.31193
-166.333 -1144.26 406.819 460149 -5.31193
-166.387 -1143.77 406.825 460149 -5.31193
-166.442 -1143.27 406.832 460149 -5.31193
-166.496 -1142.77 406.838 460149 -5.31193
-166.55 -1142.27 406.844 460149 -5.31193
-166.604 -1141.78 406.85 460149 -5.31193
-166.658 -1141.28 406.856 460149 -5.31193
-166.712 -1140.79 406.863 460149 -5.31193
-166.766 -1140.29 406.869 460149 -5.31193
-166.82 -1139.79 406.875 460149 -5.31193
-166.874 -1139.3 406.881 460149 -5.31193
-166.929 -1138.8 406.888 460149 -5.31193
-166.983 -1138.3 406.894 460149 -5.31193
-167.037 -1137.81 406.9 460149 -5.31193
-167.091 -1137.31 406.906 460149 -5.31193
-167.145 -1136.81 406.912 460149 -5.31193
-167.199 -1136.32 406.919 460149 -6.2148
-167.253 -1135.82 406.925 460149 -6.2148
-167.308 -1135.32 406.931 460149 -6.2148
-167.362 -1134.82 406.937 460149 -6.2148
-167.416 -1134.33 406.944 460149 -6.2148
-167.47 -1133.83 406.95 460149 -6.2148
-167.524 -1133.33 406.956 460149 -6.26502
-167.579 -1132.83 406.962 460149 -6.26502
-167.634 -1132.33 406.968 460149 -6.26502
-167.688 -1131.84 406.975 460149 -6.26503
-167.743 -1131.34 406.981 460149 -6.26503
-167.798 -1130.84 406.987 460149 -7.04133
-167.86 -1130.34 406.994 460149 -7.1453
-167.922 -1129.84 407 460149 -7.1453
-167.984 -1129.35 407.007 460149 -7.1453
-168.046 -1128.85 407.013 460149 -7.1453
-168.108 -1128.35 407.02 460149 -7.1453
-168.171 -1127.86 407.026 460149 -7.1453
-168.233 -1127.36 407.033 460149 -7.1453
-168.292 -1126.87 407.039 460149 -7.1453
-168.352 -1126.39 407.046 460149 -7.1453
-168.412 -1125.9 407.052 460149 -7.1453
-168.472 -1125.41 407.059 460149 -7.1453
-168.531 -1124.92 407.065 460149 -7.1453
-168.591 -1124.43 407.072 460149 -7.1453
-168.648 -1123.96 407.078 460149 -7.1453
-168.705 -1123.49 407.084 460149 -7.1453
-168.763 -1123.01 407.09 460149 -7.1453
-168.82 -1122.54 407.097 460149 -7.1453
-168.877 -1122.07 407.103 460149 -7.1453
-168.934 -1121.6 407.109 460149 -7.1453
-168.99 -1121.14 407.115 460149 -7.1453
-169.046 -1120.68 407.121 460149 -7.1453
-169.101 -1120.23 407.127 460149 -7.1453
-169.157 -1119.77 407.133 460149 -7.1453
-169.213 -1119.31 407.139 460149 -7.1453
-169.269 -1118.85 407.145 460149 -7.1453
-169.325 -1118.41 407.151 460149 -7.1453
-169.381 -1117.96 407.157 460149 -7.1453
-169.437 -1117.51 407.163 460149 -7.1453
-169.493 -1117.07 407.169 460149 -7.1453
-169.549 -1116.62 407.175 460149 -7.1453
-169.605 -1116.17 407.181 460149 -7.1453
-169.661 -1115.73 407.186 460149 -7.1453
-169.717 -1115.29 407.192 460149 -7.1453
-169.774 -1114.84 407.198 460149 -7.1453
-169.83 -1114.4 407.204 460149 -7.1453
-169.886 -1113.95 407.21 460149 -7.1453
-169.943 -1113.51 407.216 460149 -7.1453
-169.999 -1113.06 407.222 460149 -7.1453
-170.055 -1112.62 407.228 460149 -7.1453
-170.111 -1112.17 407.233 460149 -7.1453
-170.167 -1111.73 407.239 460149 -7.1453
-170.223 -1111.28 407.245 460149 -7.1453
-170.28 -1110.84 407.251 460149 -7.1453
-170.336 -1110.39 407.257 460149 -7.1453
-170.392 -1109.95 407.263 460149 -7.1453
-170.448 -1109.5 407.269 460149 -7.1453
-170.504 -1109.06 407.275 460149 -7.1453
-170.561 -1108.61 407.28 460149 -7.1453
-170.617 -1108.16 407.286 460149 -7.1453
-170.673 -1107.72 407.292 460149 -7.1453
-170.73 -1107.27 407.298 460149 -7.1453
-170.786 -1106.82 407.304 460149 -7.1453
-170.843 -1106.38 407.31 460149 -7.1453
-170.907 -1105.93 407.316 460149 -7.1453
-170.971 -1105.49 407.323 460149 -7.1453
-171.035 -1105.04 407.329 460149 -7.1453
-171.099 -1104.59 407.335 460149 -7.1453
-171.163 -1104.14 407.342 460149 -7.1453
-171.227 -1103.7 407.348 460149 -7.1453
-171.292 -1103.25 407.355 460149 -7.1453
-171.356 -1102.8 407.361 460149 -7.1453
-171.42 -1102.35 407.367 460149 -7.1453
-171.484 -1101.91 407.374 460149 -7.1453
-171.549 -1101.46 407.38 460149 -7.1453
-171.613 -1101.01 407.386 460149 -7.1453
-171.677 -1100.56 407.393 460149 -7.1453
-171.742 -1100.11 407.399 460149 -7.1453
-171.805 -1099.67 407.405 460149 -7.1453
-171.868 -1099.23 407.412 460149 -7.1453
-171.932 -1098.79 407.418 460149 -7.1453
-171.995 -1098.35 407.424 460149 -7.1453
-172.058 -1097.91 407.431 460149 -7.1453
-172.122 -1097.47 407.437 460149 -7.1453
-172.182 -1097.05 407.443 460149 -7.1453
-172.242 -1096.62 407.449 460149 -7.1453
-172.303 -1096.2 407.455 460149 -7.1453
-172.363 -1095.77 407.461 460149 -7.1453
-172.424 -1095.35 407.467 460149 -7.1453
-172.484 -1094.93 407.473 460149 -7.1453
-172.542 -1094.53 407.479 460149 -7.1453
-172.6 -1094.12 407.484 460149 -7.1453
-172.658 -1093.72 407.49 460149 -7.1453
-172.716 -1093.32 407.496 460149 -7.1453
-172.773 -1092.92 407.502 460149 -7.1453
-172.831 -1092.52 407.507 460149 -7.1453
-172.886 -1092.14 407.513 460149 -7.1453
-172.941 -1091.76 407.518 460149 -7.1453
-172.996 -1091.37 407.524 460149 -7.1453
-173.051 -1090.99 407.529 460149 -7.1453
-173.106 -1090.6 407.535 460149 -7.1453
-173.161 -1090.22 407.54 460149 -7.1453
-173.215 -1089.84 407.545 460149 -7.1453
-173.269 -1089.47 407.551 460149 -7.1453
-173.323 -1089.09 407.556 460149 -7.1453
-173.377 -1088.72 407.562 460149 -7.1453
-173.431 -1088.34 407.567 460149 -7.1453
-173.485 -1087.96 407.572 460149 -7.1453
-173.54 -1087.59 407.578 460149 -7.1453
-173.594 -1087.21 407.583 460149 -7.1453
-173.648 -1086.83 407.588 460149 -7.1453
-173.702 -1086.46 407.594 460149 -7.1453
-173.756 -1086.08 407.599 460149 -7.1453
-173.81 -1085.7 407.604 460149 -7.1453
-173.865 -1085.32 407.61 460149 -7.1453
-173.919 -1084.95 407.615 460149 -7.1453
-173.973 -1084.57 407.621 460149 -7.1453
-174.028 -1084.19 407.626 460149 -7.1453
-174.082 -1083.81 407.631 460149 -7.1453
-174.137 -1083.43 407.637 460149 -7.1453
-174.191 -1083.05 407.642 460149 -7.1453
-174.245 -1082.67 407.648 460149 -7.1453
-174.3 -1082.29 407.653 460149 -7.1453
-174.357 -1081.92 407.659 460149 -7.1453
-174.418 -1081.54 407.664 460149 -7.1453
-174.479 -1081.16 407.67 460149 -7.1453
-174.539 -1080.79 407.676 460149 -7.1453
-174.599 -1080.41 407.682 460149 -7.1453
-174.659 -1080.04 407.688 460149 -7.1453
-174.72 -1079.66 407.694 460149 -7.1453
-174.78 -1079.29 407.7 460149 -7.1453
-174.84 -1078.92 407.706 460149 -7.1453
-174.901 -1078.54 407.711 460149 -7.1453
-174.961 -1078.16 407.717 460149 -7.1453
-175.022 -1077.78 407.723 460149 -7.1453
-175.082 -1077.4 407.729 460149 -7.1453
-175.143 -1077.03 407.735 460149 -7.1453
-175.203 -1076.65 407.741 460149 -7.1453
-175.268 -1076.25 407.747 460149 -7.1453
-175.334 -1075.86 407.753 460149 -7.1453
-175.399 -1075.47 407.759 460149 -7.1453
-175.465 -1075.08 407.766 460149 -7.1453
-175.53 -1074.68 407.772 460149 -7.1453
-175.595 -1074.29 407.778 460149 0
