-554.068 -2392.93 376.658 370148 28.1648
-553.572 -2392.01 376.624 370148 28.1648
-553.075 -2391.08 376.59 370148 28.1648
-552.578 -2390.15 376.556 370148 28.1648
-552.082 -2389.22 376.522 370148 28.1648
-551.585 -2388.3 376.488 370148 28.1648
-551.089 -2387.37 376.453 370148 28.1681
-550.593 -2386.44 376.419 370148 28.1681
-550.097 -2385.52 376.385 370148 28.1681
-549.601 -2384.59 376.351 370148 28.1681
-549.106 -2383.67 376.317 370148 28.1681
-548.61 -2382.74 376.283 370148 28.1681
-548.114 -2381.81 376.249 370148 28.1635
-547.612 -2380.88 376.215 370148 28.6296
-547.103 -2379.94 376.183 370148 29.0173
-546.587 -2379.01 376.154 370148 29.0173
-546.072 -2378.08 376.125 370148 29.0173
-545.556 -2377.15 376.096 370148 29.0173
-545.04 -2376.23 376.067 370148 29.0247
-544.542 -2375.33 376.039 370148 29.0247
-544.043 -2374.43 376.011 370148 29.0247
-543.544 -2373.53 375.983 370148 29.0247
-543.045 -2372.63 375.955 370148 29.0247
-542.547 -2371.73 375.927 370148 29.0247
-542.048 -2370.83 375.899 370148 29.1506
-541.569 -2369.97 375.873 370148 29.1506
-541.091 -2369.12 375.846 370148 29.1506
-540.612 -2368.26 375.819 370148 29.1506
-540.133 -2367.4 375.792 370148 29.1506
-539.654 -2366.54 375.766 370148 29.1506
-539.176 -2365.68 375.739 370148 29.151
-538.716 -2364.86 375.713 370148 29.151
-538.255 -2364.03 375.687 370148 29.151
-537.795 -2363.21 375.662 370148 29.151
-537.335 -2362.38 375.636 370148 29.151
-536.875 -2361.56 375.61 370148 29.151
-536.415 -2360.73 375.585 370148 29.1357
-535.977 -2359.95 375.56 370148 29.1357
-535.539 -2359.16 375.536 370148 29.1357
-535.101 -2358.38 375.511 370148 29.1357
-534.663 -2357.59 375.487 370148 29.1357
-534.225 -2356.8 375.462 370148 29.1357
-533.787 -2356.02 375.438 370148 29.0359
-533.349 -2355.23 375.413 370148 29.0359
-532.91 -2354.44 375.388 370148 29.0359
-532.472 -2353.65 375.364 370148 29.0359
-532.033 -2352.86 375.339 370148 29.0359
-531.594 -2352.07 375.315 370148 29.0359
-531.156 -2351.28 375.29 370148 29.1659
-530.715 -2350.49 375.265 370148 29.1659
-530.274 -2349.7 375.241 370148 29.1659
-529.833 -2348.91 375.216 370148 29.1659
-529.392 -2348.12 375.191 370148 29.5357
-528.946 -2347.33 375.169 370148 30.0168
-528.493 -2346.55 375.149 370148 30.0239
-528.046 -2345.77 375.13 370148 30.0239
-527.599 -2345 375.111 370148 30.0239
-527.152 -2344.23 375.092 370148 30.0239
-526.706 -2343.45 375.073 370148 30.0239
-526.259 -2342.68 375.053 370148 30.0239
-525.812 -2341.91 375.034 370148 30.0227
-525.363 -2341.13 375.015 370148 30.0227
-524.914 -2340.35 374.995 370148 30.0227
-524.465 -2339.58 374.976 370148 30.0227
-524.016 -2338.8 374.957 370148 30.0227
-523.567 -2338.02 374.938 370148 30.0227
-523.118 -2337.25 374.918 370148 30.0258
-522.669 -2336.47 374.899 370148 30.0258
-522.219 -2335.69 374.88 370148 30.0258
-521.769 -2334.91 374.86 370148 30.0258
-521.32 -2334.13 374.841 370148 30.0258
-520.87 -2333.36 374.822 370148 30.0258
-520.42 -2332.58 374.802 370148 30.0188
-519.971 -2331.8 374.783 370148 30.0188
-519.521 -2331.02 374.764 370148 30.0188
-519.072 -2330.24 374.744 370148 30.0188
-518.623 -2329.47 374.725 370148 30.0188
-518.173 -2328.69 374.705 370148 30.0188
-517.724 -2327.91 374.686 370148 30.0258
-517.274 -2327.13 374.667 370148 30.0258
-516.825 -2326.36 374.647 370148 30.0258
-516.375 -2325.58 374.628 370148 30.0258
-515.925 -2324.8 374.609 370148 30.0258
-515.476 -2324.02 374.589 370148 30.0258
-515.026 -2323.24 374.57 370148 30.0188
-514.577 -2322.47 374.551 370148 30.0188
-514.127 -2321.69 374.531 370148 30.0188
-513.678 -2320.91 374.512 370148 30.0188
-513.228 -2320.13 374.493 370148 30.0188
-512.779 -2319.35 374.473 370148 30.0188
-512.33 -2318.58 374.454 370148 30.0225
-511.88 -2317.8 374.435 370148 30.0225
-511.431 -2317.02 374.415 370148 30.0225
-510.982 -2316.24 374.396 370148 30.0225
-510.532 -2315.47 374.377 370148 30.5075
-510.077 -2314.69 374.361 370148 30.8701
-509.616 -2313.92 374.347 370148 30.8665
-509.155 -2313.15 374.333 370148 30.8665
-508.694 -2312.38 374.319 370148 30.8665
-508.233 -2311.61 374.306 370148 30.8665
-507.772 -2310.84 374.292 370148 30.8665
-507.311 -2310.07 374.278 370148 30.8665
-506.85 -2309.3 374.265 370148 30.8735
-506.389 -2308.52 374.251 370148 30.8735
-505.928 -2307.75 374.237 370148 30.8735
-505.467 -2306.98 374.223 370148 30.8735
-505.006 -2306.21 374.21 370148 30.8735
-504.544 -2305.44 374.196 370148 30.8735
-504.083 -2304.67 374.182 370148 30.8665
-503.622 -2303.9 374.168 370148 30.8665
-503.162 -2303.12 374.155 370148 30.8665
-502.701 -2302.35 374.141 370148 30.8665
-502.24 -2301.58 374.127 370148 30.8665
-501.779 -2300.81 374.113 370148 30.8665
-501.318 -2300.04 374.1 370148 30.8701
-500.857 -2299.27 374.086 370148 30.8701
-500.396 -2298.5 374.072 370148 30.8701
-499.936 -2297.73 374.058 370148 30.8701
-499.475 -2296.96 374.045 370148 30.8701
-499.014 -2296.19 374.031 370148 30.8701
-498.553 -2295.42 374.017 370148 30.8735
-498.092 -2294.64 374.004 370148 30.8735
-497.631 -2293.87 373.99 370148 30.8735
-497.17 -2293.1 373.976 370148 30.8735
-496.709 -2292.33 373.962 370148 30.8735
-496.248 -2291.56 373.949 370148 30.8735
-495.786 -2290.79 373.935 370148 30.8701
-495.326 -2290.02 373.921 370148 30.8701
-494.865 -2289.25 373.907 370148 30.8701
-494.404 -2288.47 373.894 370148 30.8701
-493.943 -2287.7 373.88 370148 30.8701
-493.482 -2286.93 373.866 370148 30.8701
-493.021 -2286.16 373.852 370148 30.8423
-492.562 -2285.39 373.839 370148 30.8423
-492.102 -2284.62 373.825 370148 30.8423
-491.643 -2283.85 373.811 370148 30.8423
-491.183 -2283.08 373.798 370148 211.308
-491.659 -2283.87 373.809 380148 30.6473
-491.15 -2283.01 373.798 380148 30.7554
-490.639 -2282.15 373.787 380148 30.7554
-490.129 -2281.29 373.775 380148 30.7554
-489.618 -2280.43 373.764 380148 30.7554
-489.107 -2279.57 373.753 380148 30.7554
-488.597 -2278.72 373.742 380148 30.7554
-488.086 -2277.86 373.73 380148 30.6608
-487.558 -2276.97 373.719 380148 30.6608
-487.031 -2276.08 373.707 380148 30.6608
-486.504 -2275.19 373.696 380148 30.6608
-485.976 -2274.3 373.684 380148 30.6608
-485.449 -2273.41 373.672 380148 30.6608
-484.922 -2272.52 373.661 380148 30.3842
-484.437 -2271.69 373.65 380148 30.3842
-483.952 -2270.87 373.639 380148 30.3842
-483.467 -2270.04 373.628 380148 30.3842
-482.981 -2269.21 373.618 380148 30.3842
-482.496 -2268.38 373.607 380148 30.3842
-482.011 -2267.56 373.596 380148 30.1031
-481.549 -2266.76 373.586 380148 30.1031
-481.086 -2265.96 373.575 380148 30.1031
-480.624 -2265.16 373.565 380148 30.1031
-480.161 -2264.37 373.554 380148 30.1031
-479.699 -2263.57 373.544 380148 30.1031
-479.236 -2262.77 373.534 380148 29.8647
-478.812 -2262.03 373.524 380148 29.8647
-478.387 -2261.29 373.514 380148 29.8647
-477.962 -2260.55 373.505 380148 29.8647
-477.537 -2259.81 373.495 380148 29.8647
-477.113 -2259.07 373.486 380148 29.8742
-476.688 -2258.33 373.476 380148 30.1258
-476.213 -2257.51 373.469 380148 30.1258
-475.738 -2256.69 373.461 380148 30.1258
-475.263 -2255.88 373.454 380148 30.1258
-474.788 -2255.06 373.446 380148 30.1258
-474.313 -2254.24 373.439 380148 30.1258
-473.838 -2253.42 373.431 380148 30.2133
-473.343 -2252.57 373.423 380148 30.2133
-472.849 -2251.72 373.415 380148 30.2133
-472.355 -2250.87 373.408 380148 30.2133
-471.86 -2250.02 373.4 380148 30.2133
-471.366 -2249.18 373.392 380148 30.2133
-470.871 -2248.33 373.384 380148 30.2443
-470.329 -2247.4 373.375 380148 30.2443
-469.787 -2246.47 373.367 380148 30.2443
-469.245 -2245.54 373.358 380148 30.2443
-468.703 -2244.61 373.35 380148 30.2443
-468.161 -2243.68 373.341 380148 30.2443
-467.619 -2242.75 373.333 380148 30.2447
-467.082 -2241.83 373.324 380148 30.2447
-466.544 -2240.9 373.316 380148 30.2447
-466.006 -2239.98 373.307 380148 30.2447
-465.469 -2239.06 373.298 380148 30.2447
-464.931 -2238.14 373.29 380148 30.2447
-464.394 -2237.22 373.281 380148 30.2418
-463.856 -2236.29 373.273 380148 30.2418
-463.318 -2235.37 373.264 380148 30.2418
-462.78 -2234.45 373.256 380148 30.2418
-462.243 -2233.53 373.247 380148 30.2418
-461.705 -2232.6 373.239 380148 30.3028
-461.166 -2231.68 373.233 380148 30.3363
-460.625 -2230.76 373.228 380148 30.3363
-460.084 -2229.83 373.223 380148 30.3363
-459.544 -2228.91 373.218 380148 30.3363
-459.003 -2227.99 373.213 380148 30.3363
-458.462 -2227.06 373.208 380148 30.3363
-457.921 -2226.14 373.203 380148 30.3305
-457.385 -2225.22 373.198 380148 30.3305
-456.849 -2224.3 373.194 380148 30.3305
-456.313 -2223.39 373.189 380148 30.3305
-455.777 -2222.47 373.184 380148 30.3305
-455.24 -2221.56 373.179 380148 30.3305
-454.704 -2220.64 373.174 380148 30.4823
-454.178 -2219.74 373.169 380148 30.4823
-453.651 -2218.85 373.164 380148 30.4823
-453.125 -2217.96 373.16 380148 30.4823
-452.599 -2217.06 373.155 380148 30.4823
-452.072 -2216.17 373.15 380148 30.4823
-451.546 -2215.27 373.145 380148 30.4983
-451.036 -2214.41 373.141 380148 30.4983
-450.527 -2213.54 373.136 380148 30.4983
-450.018 -2212.68 373.132 380148 30.4983
-449.509 -2211.81 373.127 380148 30.4983
-448.999 -2210.95 373.122 380148 30.4983
-448.49 -2210.09 373.118 380148 30.66
-447.992 -2209.25 373.113 380148 30.66
-447.494 -2208.41 373.109 380148 30.66
-446.996 -2207.57 373.104 380148 30.66
-446.499 -2206.73 373.1 380148 30.6763
-446 -2205.89 373.097 380148 30.6981
-445.502 -2205.05 373.096 380148 31.1202
-444.999 -2204.21 373.095 380148 31.1202
-444.496 -2203.38 373.094 380148 31.1202
-443.993 -2202.55 373.093 380148 31.1202
-443.491 -2201.71 373.091 380148 31.1202
-442.988 -2200.88 373.09 380148 31.1202
-442.485 -2200.05 373.089 380148 31.4156
-441.972 -2199.21 373.088 380148 31.4156
-441.458 -2198.37 373.087 380148 31.4156
-440.945 -2197.53 373.086 380148 31.4156
-440.431 -2196.69 373.085 380148 31.4156
-439.918 -2195.85 373.084 380148 31.4156
-439.405 -2195.01 373.083 380148 31.3555
-438.885 -2194.15 373.082 380148 31.3555
-438.366 -2193.3 373.081 380148 31.3555
-437.847 -2192.45 373.079 380148 31.3555
-437.328 -2191.6 373.078 380148 31.3555
-436.809 -2190.75 373.077 380148 31.3555
-436.29 -2189.89 373.076 380148 31.0606
-435.773 -2189.04 373.075 380148 31.0606
-435.257 -2188.18 373.074 380148 31.0606
-434.74 -2187.32 373.073 380148 31.0606
-434.224 -2186.46 373.072 380148 31.0606
-433.707 -2185.61 373.071 380148 31.0606
-433.19 -2184.75 373.07 380148 30.829
-432.679 -2183.89 373.068 380148 30.829
-432.168 -2183.03 373.067 380148 30.829
-431.656 -2182.18 373.066 380148 30.829
-431.145 -2181.32 373.065 380148 30.829
-430.634 -2180.46 373.064 380148 30.8131
-430.123 -2179.61 373.066 380148 30.5405
-429.615 -2178.75 373.069 380148 30.5405
-429.108 -2177.89 373.071 380148 30.5405
-428.601 -2177.03 373.074 380148 30.5405
-428.093 -2176.17 373.076 380148 30.5405
-427.586 -2175.31 373.079 380148 30.5405
-427.078 -2174.45 373.081 380148 30.6073
-426.571 -2173.59 373.084 380148 30.6073
-426.064 -2172.73 373.086 380148 30.6073
-425.557 -2171.88 373.088 380148 30.6073
-425.05 -2171.02 373.091 380148 30.6073
-424.543 -2170.16 373.093 380148 30.6073
-424.035 -2169.3 373.096 380148 30.4443
-423.538 -2168.46 373.098 380148 30.4443
-423.04 -2167.61 373.101 380148 30.4443
-422.542 -2166.76 373.103 380148 30.4443
-422.044 -2165.91 373.106 380148 30.4443
-421.546 -2165.07 373.108 380148 30.4443
-421.048 -2164.22 373.111 380148 29.9785
-420.568 -2163.39 373.113 380148 29.9785
-420.087 -2162.56 373.115 380148 29.9785
-419.607 -2161.72 373.118 380148 29.9785
-419.127 -2160.89 373.12 380148 29.9785
-418.647 -2160.06 373.122 380148 29.9785
-418.167 -2159.23 373.125 380148 29.8046
-417.693 -2158.4 373.127 380148 29.8046
-417.22 -2157.57 373.13 380148 29.8046
-416.747 -2156.75 373.132 380148 29.8046
-416.274 -2155.92 373.134 380148 29.8046
-415.801 -2155.09 373.137 380148 29.8017
-415.327 -2154.27 373.139 380148 29.9131
-414.845 -2153.43 373.145 380148 29.9131
-414.363 -2152.59 373.151 380148 29.9131
-413.881 -2151.76 373.157 380148 29.9131
-413.399 -2150.92 373.163 380148 29.9131
-412.917 -2150.08 373.169 380148 29.9131
-412.435 -2149.24 373.175 380148 30.3655
-411.937 -2148.39 373.181 380148 30.3655
-411.439 -2147.54 373.187 380148 30.3655
-410.942 -2146.69 373.193 380148 30.3655
-410.444 -2145.84 373.199 380148 30.3655
-409.946 -2144.99 373.205 380148 30.3655
-409.448 -2144.14 373.211 380148 30.7151
-408.948 -2143.3 373.217 380148 30.7151
-408.447 -2142.46 373.224 380148 30.7151
-407.947 -2141.62 373.23 380148 30.7151
-407.446 -2140.77 373.236 380148 30.7151
-406.946 -2139.93 373.242 380148 30.7151
-406.446 -2139.09 373.248 380148 30.5806
-405.969 -2138.28 373.254 380148 30.5806
-405.491 -2137.48 373.259 380148 30.5806
-405.014 -2136.67 373.265 380148 30.5806
-404.537 -2135.86 373.271 380148 30.5806
-404.06 -2135.05 373.277 380148 30.5806
-403.583 -2134.25 373.282 380148 30.4655
-403.129 -2133.47 373.288 380148 30.4655
-402.674 -2132.7 373.294 380148 30.4655
-402.22 -2131.93 373.299 380148 30.4655
-401.766 -2131.16 373.305 380148 30.4655
-401.312 -2130.38 373.31 380148 30.4655
-400.857 -2129.61 373.316 380148 30.4277
-400.427 -2128.88 373.321 380148 30.4112
-399.996 -2128.15 373.327 380148 30.2994
-399.568 -2127.41 373.335 380148 30.2994
-399.139 -2126.68 373.343 380148 30.2994
-398.71 -2125.94 373.352 380148 30.2994
-398.281 -2125.21 373.36 380148 30.4714
-397.86 -2124.49 373.369 380148 30.4714
-397.438 -2123.78 373.377 380148 30.4714
-397.017 -2123.06 373.385 380148 30.4714
-396.595 -2122.34 373.394 380148 30.4714
-396.174 -2121.63 373.402 380148 30.4714
-395.752 -2120.91 373.41 380148 30.4598
-395.333 -2120.2 373.418 380148 30.4598
-394.913 -2119.48 373.427 380148 30.4598
-394.493 -2118.77 373.435 380148 30.4598
-394.073 -2118.06 373.443 380148 30.4598
-393.654 -2117.34 373.451 380148 30.4598
-393.234 -2116.63 373.46 380148 30.4599
-392.812 -2115.91 373.468 380148 30.4599
-392.39 -2115.2 373.476 380148 30.4599
-391.969 -2114.48 373.485 380148 30.4599
-391.547 -2113.76 373.493 380148 30.4599
-391.125 -2113.04 373.501 380148 30.4599
-390.703 -2112.33 373.509 380148 30.4599
-390.28 -2111.61 373.518 380148 30.4599
-389.858 -2110.89 373.526 380148 30.4599
-389.435 -2110.17 373.534 380148 30.4599
-389.012 -2109.45 373.543 380148 30.4599
-388.589 -2108.73 373.551 380148 30.4599
-388.166 -2108.01 373.559 380148 30.4599
-387.744 -2107.29 373.568 380148 30.4599
-387.321 -2106.58 373.576 380148 30.4599
-386.899 -2105.86 373.584 380148 30.4599
-386.476 -2105.14 373.592 380148 30.4599
-386.054 -2104.42 373.601 380148 30.4599
-385.632 -2103.7 373.609 380148 30.4599
-385.209 -2102.98 373.617 380148 30.4599
-384.787 -2102.27 373.626 380148 30.2973
-384.366 -2101.55 373.637 380148 30.2762
-383.946 -2100.83 373.648 380148 30.2762
-383.526 -2100.11 373.66 380148 30.2762
-383.106 -2099.39 373.672 380148 30.2762
-382.686 -2098.67 373.683 380148 30.2762
-382.265 -2097.95 373.695 380148 30.2762
-381.845 -2097.23 373.706 380148 30.2762
-381.425 -2096.51 373.718 380148 30.2762
-381.005 -2095.79 373.729 380148 30.2762
-380.585 -2095.07 373.741 380148 30.2762
-380.165 -2094.35 373.752 380148 30.2762
-379.745 -2093.63 373.764 380148 30.2762
-379.324 -2092.91 373.775 380148 30.2762
-378.904 -2092.19 373.787 380148 30.2762
-378.484 -2091.47 373.799 380148 30.2762
-378.064 -2090.75 373.81 380148 30.28
-377.644 -2090.03 373.822 380148 30.28
-377.224 -2089.31 373.833 380148 30.28
-376.803 -2088.59 373.845 380148 30.28
-376.383 -2087.87 373.856 380148 30.28
-375.963 -2087.15 373.868 380148 30.28
-375.543 -2086.43 373.879 380148 30.2762
-375.123 -2085.71 373.891 380148 30.2762
-374.703 -2084.99 373.903 380148 30.2762
-374.282 -2084.27 373.914 380148 30.2762
-373.862 -2083.56 373.926 380148 30.2762
-373.442 -2082.84 373.937 380148 30.2762
-373.022 -2082.12 373.949 380148 30.2762
-372.602 -2081.4 373.96 380148 30.2762
-372.182 -2080.68 373.972 380148 30.2762
-371.762 -2079.96 373.983 380148 30.2762
-371.341 -2079.24 373.995 380148 30.2762
-370.921 -2078.52 374.006 380148 30.2762
-370.501 -2077.8 374.018 380148 30.2762
-370.081 -2077.08 374.03 380148 30.2762
-369.661 -2076.36 374.041 380148 30.1301
-369.243 -2075.64 374.055 380148 30.0369
-368.826 -2074.92 374.07 380148 30.0369
-368.408 -2074.19 374.084 380148 30.0369
-367.991 -2073.47 374.099 380148 30.037
-367.573 -2072.75 374.114 380148 30.037
-367.154 -2072.03 374.129 380148 30.037
-366.736 -2071.3 374.144 380148 30.037
-366.318 -2070.58 374.159 380148 30.037
-365.899 -2069.86 374.174 380148 30.037
-365.481 -2069.13 374.189 380148 30.0373
-365.057 -2068.4 374.204 380148 30.0373
-364.634 -2067.67 374.219 380148 30.0373
-364.21 -2066.93 374.234 380148 30.0373
-363.787 -2066.2 374.249 380148 30.0373
-363.363 -2065.47 374.264 380148 30.0373
-362.94 -2064.74 374.28 380148 30.0398
-362.543 -2064.05 374.294 380148 30.0398
-362.146 -2063.36 374.308 380148 30.0398
-361.749 -2062.68 374.322 380148 30.0398
-361.351 -2061.99 374.336 380148 30.0398
-360.954 -2061.3 374.35 380148 30.0398
-360.557 -2060.62 374.365 380148 30
-360.185 -2059.97 374.378 380148 30
-359.813 -2059.33 374.391 380148 30
-359.44 -2058.68 374.404 380148 30
-359.068 -2058.04 374.418 380148 30
-358.696 -2057.39 374.431 380148 30
-358.323 -2056.75 374.444 380148 30.2959
-357.963 -2056.13 374.457 380148 30.2959
-357.602 -2055.51 374.47 380148 30.2959
-357.242 -2054.9 374.483 380148 30.2959
-356.881 -2054.28 374.495 380148 30.2959
-356.521 -2053.66 374.508 380148 30.2959
-356.16 -2053.05 374.521 380148 30.2854
-355.776 -2052.39 374.535 380148 30.2854
-355.392 -2051.73 374.548 380148 30.2854
-355.007 -2051.07 374.562 380148 30.2854
-354.623 -2050.41 374.575 380148 30.2117
-354.24 -2049.76 374.59 380148 29.9908
-353.859 -2049.1 374.606 380148 29.9734
-353.454 -2048.39 374.624 380148 29.9734
-353.049 -2047.69 374.642 380148 29.9734
-352.645 -2046.99 374.66 380148 29.9734
-352.24 -2046.29 374.678 380148 29.9734
-351.835 -2045.59 374.695 380148 29.9734
-351.43 -2044.88 374.713 380148 29.9664
-351.003 -2044.14 374.732 380148 29.9664
-350.577 -2043.4 374.751 380148 29.9664
-350.15 -2042.66 374.769 380148 29.9664
-349.723 -2041.92 374.788 380148 29.9664
-349.297 -2041.18 374.807 380148 29.9664
-348.87 -2040.44 374.826 380148 29.9708
-348.452 -2039.72 374.844 380148 29.9708
-348.035 -2039 374.862 380148 29.9708
-347.617 -2038.27 374.881 380148 29.9708
-347.2 -2037.55 374.899 380148 29.9708
-346.782 -2036.82 374.917 380148 29.9708
-346.365 -2036.1 374.936 380148 30.1282
-345.955 -2035.39 374.954 380148 30.1282
-345.546 -2034.69 374.972 380148 30.1282
-345.136 -2033.98 374.99 380148 30.1282
-344.727 -2033.28 375.007 380148 30.1282
-344.318 -2032.57 375.025 380148 30.1282
-343.908 -2031.87 375.043 380148 30.0591
-343.523 -2031.2 375.06 380148 30.0591
-343.138 -2030.54 375.077 380148 30.0591
-342.753 -2029.87 375.094 380148 30.0591
-342.368 -2029.2 375.111 380148 30.0591
-341.983 -2028.54 375.128 380148 30.0591
-341.597 -2027.87 375.145 380148 29.8785
-341.234 -2027.24 375.161 380148 29.8785
-340.87 -2026.61 375.177 380148 29.8785
-340.506 -2025.97 375.193 380148 29.8785
-340.142 -2025.34 375.209 380148 29.8785
-339.778 -2024.71 375.225 380148 29.8785
-339.414 -2024.07 375.241 380148 29.8785
-339.292 -2023.85 375.244 390148 28.3234
-338.967 -2023.24 375.26 390148 28.3234
-338.642 -2022.64 375.276 390148 28.3234
-338.317 -2022.04 375.292 390148 28.3234
-337.992 -2021.43 375.308 390148 28.3234
-337.667 -2020.83 375.324 390148 28.5106
-337.349 -2020.25 375.339 390148 28.5106
-337.032 -2019.66 375.354 390148 28.5106
-336.715 -2019.08 375.37 390148 28.5106
-336.397 -2018.49 375.385 390148 28.5106
-336.08 -2017.91 375.401 390148 28.5106
-335.762 -2017.33 375.416 390148 28.5163
-335.446 -2016.74 375.432 390148 28.5163
-335.13 -2016.16 375.447 390148 28.5163
-334.814 -2015.58 375.462 390148 28.5163
-334.498 -2015 375.478 390148 28.5163
-334.182 -2014.42 375.493 390148 28.5163
-333.866 -2013.84 375.508 390148 28.5148
-333.548 -2013.25 375.524 390148 28.5148
-333.23 -2012.66 375.539 390148 28.5148
-332.912 -2012.08 375.555 390148 28.5148
-332.593 -2011.49 375.57 390148 28.5148
-332.275 -2010.91 375.586 390148 28.5148
-331.957 -2010.32 375.601 390148 28.5095
-331.638 -2009.73 375.617 390148 28.5095
-331.319 -2009.15 375.632 390148 28.5095
-331 -2008.56 375.648 390148 28.5095
-330.681 -2007.97 375.663 390148 28.5095
-330.362 -2007.39 375.679 390148 28.5095
-330.043 -2006.8 375.694 390148 28.5144
-329.724 -2006.21 375.71 390148 28.5144
-329.405 -2005.62 375.726 390148 28.5144
-329.087 -2005.04 375.741 390148 28.5144
-328.768 -2004.45 375.757 390148 27.7896
-328.456 -2003.86 375.774 390148 27.6352
-328.147 -2003.27 375.792 390148 27.6306
-327.837 -2002.68 375.809 390148 27.6306
-327.527 -2002.08 375.827 390148 27.6306
-327.218 -2001.49 375.845 390148 27.6306
-326.908 -2000.9 375.862 390148 27.6306
-326.599 -2000.31 375.88 390148 27.6306
-326.289 -1999.72 375.898 390148 27.64
-325.979 -1999.13 375.915 390148 27.64
-325.669 -1998.54 375.933 390148 27.64
-325.359 -1997.94 375.951 390148 27.64
-325.05 -1997.35 375.968 390148 27.64
-324.74 -1996.76 375.986 390148 27.64
-324.43 -1996.17 376.004 390148 27.6306
-324.12 -1995.58 376.021 390148 27.6306
-323.811 -1994.99 376.039 390148 27.6306
-323.501 -1994.39 376.057 390148 27.6306
-323.191 -1993.8 376.074 390148 27.6306
-322.882 -1993.21 376.092 390148 27.6306
-322.572 -1992.62 376.11 390148 27.6352
-322.262 -1992.03 376.127 390148 27.6352
-321.953 -1991.44 376.145 390148 27.6352
-321.643 -1990.84 376.163 390148 27.6352
-321.333 -1990.25 376.18 390148 27.6352
-321.023 -1989.66 376.198 390148 27.6352
-320.713 -1989.07 376.216 390148 27.64
-320.403 -1988.48 376.233 390148 27.64
-320.094 -1987.89 376.251 390148 27.64
-319.784 -1987.29 376.269 390148 27.64
-319.474 -1986.7 376.286 390148 27.64
-319.164 -1986.11 376.304 390148 27.64
-318.854 -1985.52 376.322 390148 27.6306
-318.545 -1984.93 376.339 390148 27.4857
-318.236 -1984.34 376.357 390148 26.7536
-317.936 -1983.74 376.377 390148 26.7536
-317.635 -1983.14 376.397 390148 26.7536
-317.335 -1982.55 376.417 390148 26.7536
-317.034 -1981.95 376.436 390148 26.7583
-316.734 -1981.36 376.456 390148 26.7583
-316.433 -1980.76 376.476 390148 26.7583
-316.132 -1980.16 376.496 390148 26.7583
-315.832 -1979.57 376.515 390148 26.7583
-315.531 -1978.97 376.535 390148 26.7583
-315.23 -1978.37 376.555 390148 26.7584
-314.93 -1977.78 376.575 390148 26.7584
-314.629 -1977.18 376.595 390148 26.7584
-314.329 -1976.59 376.614 390148 26.7584
-314.028 -1975.99 376.634 390148 26.7584
-313.728 -1975.39 376.654 390148 26.7584
-313.427 -1974.8 376.674 390148 26.7583
-313.126 -1974.2 376.693 390148 26.7583
-312.826 -1973.6 376.713 390148 26.7583
-312.525 -1973.01 376.733 390148 26.7583
-312.224 -1972.41 376.753 390148 26.7583
-311.923 -1971.82 376.772 390148 26.7583
-311.623 -1971.22 376.792 390148 26.7536
-311.322 -1970.62 376.812 390148 26.7536
-311.022 -1970.03 376.832 390148 26.7536
-310.721 -1969.43 376.851 390148 26.7536
-310.421 -1968.83 376.871 390148 26.7536
-310.12 -1968.24 376.891 390148 26.7536
-309.82 -1967.64 376.911 390148 26.7583
-309.519 -1967.05 376.93 390148 26.7583
-309.218 -1966.45 376.95 390148 26.7583
-308.918 -1965.85 376.97 390148 26.7583
-308.617 -1965.26 376.99 390148 26.7583
-308.316 -1964.66 377.01 390148 26.3294
-308.02 -1964.06 377.03 390148 25.8841
-307.728 -1963.46 377.052 390148 25.8841
-307.437 -1962.86 377.074 390148 25.8841
-307.146 -1962.26 377.096 390148 25.8841
-306.854 -1961.66 377.117 390148 25.8841
-306.563 -1961.06 377.139 390148 25.8841
-306.271 -1960.46 377.161 390148 25.884
-305.98 -1959.86 377.183 390148 25.884
-305.688 -1959.26 377.204 390148 25.884
-305.397 -1958.66 377.226 390148 25.884
-305.105 -1958.05 377.248 390148 25.884
-304.814 -1957.45 377.27 390148 25.884
-304.522 -1956.85 377.292 390148 25.8793
-304.231 -1956.25 377.313 390148 25.8793
-303.939 -1955.65 377.335 390148 25.8793
-303.648 -1955.05 377.357 390148 25.8793
-303.357 -1954.45 377.379 390148 25.8793
-303.065 -1953.85 377.4 390148 25.8793
-302.774 -1953.25 377.422 390148 25.8887
-302.482 -1952.65 377.444 390148 25.8887
-302.191 -1952.05 377.466 390148 25.8887
-301.899 -1951.45 377.488 390148 25.8887
-301.608 -1950.85 377.509 390148 25.8887
-301.316 -1950.25 377.531 390148 25.8887
-301.024 -1949.64 377.553 390148 25.8792
-300.733 -1949.04 377.575 390148 25.8792
-300.441 -1948.44 377.597 390148 25.8792
-300.15 -1947.84 377.618 390148 25.8792
-299.858 -1947.24 377.64 390148 25.8792
-299.567 -1946.64 377.662 390148 25.8792
-299.275 -1946.04 377.684 390148 25.8841
-298.984 -1945.44 377.705 390148 25.8841
-298.692 -1944.84 377.727 390148 25.8841
-298.401 -1944.24 377.749 390148 25.1919
-298.117 -1943.63 377.772 390148 25.0128
-297.835 -1943.03 377.796 390148 25.0128
-297.552 -1942.42 377.82 390148 25.0127
-297.27 -1941.82 377.843 390148 25.0127
-296.988 -1941.21 377.867 390148 25.0127
-296.705 -1940.61 377.891 390148 25.0127
-296.423 -1940 377.915 390148 25.0127
-296.141 -1939.4 377.938 390148 25.0127
-295.858 -1938.79 377.962 390148 25.008
-295.576 -1938.19 377.986 390148 25.008
-295.294 -1937.58 378.009 390148 25.008
-295.012 -1936.98 378.033 390148 25.008
-294.73 -1936.37 378.057 390148 25.008
-294.447 -1935.77 378.081 390148 25.008
-294.165 -1935.16 378.104 390148 25.0174
-293.883 -1934.56 378.128 390148 25.0174
-293.6 -1933.95 378.152 390148 25.0174
-293.318 -1933.35 378.175 390148 25.0174
-293.035 -1932.74 378.199 390148 25.0174
-292.753 -1932.14 378.223 390148 25.0174
-292.471 -1931.53 378.247 390148 25.008
-292.188 -1930.93 378.27 390148 25.008
-291.906 -1930.32 378.294 390148 25.008
-291.624 -1929.72 378.318 390148 25.008
-291.342 -1929.11 378.341 390148 25.008
-291.06 -1928.51 378.365 390148 25.008
-290.778 -1927.9 378.389 390148 25.0127
-290.495 -1927.3 378.413 390148 25.0127
-290.213 -1926.69 378.436 390148 25.0127
-289.93 -1926.09 378.46 390148 25.0127
-289.648 -1925.48 378.484 390148 25.0127
-289.366 -1924.88 378.507 390148 25.0127
-289.083 -1924.27 378.531 390148 24.9538
-288.802 -1923.67 378.555 390148 24.1449
-288.529 -1923.06 378.581 390148 24.1449
-288.256 -1922.45 378.606 390148 24.1449
-287.983 -1921.84 378.632 390148 24.1449
-287.71 -1921.23 378.657 390148 24.1449
-287.437 -1920.62 378.683 390148 24.1448
-287.163 -1920.01 378.708 390148 24.1448
-286.89 -1919.4 378.734 390148 24.1448
-286.617 -1918.79 378.76 390148 24.1448
-286.344 -1918.18 378.785 390148 24.1448
-286.071 -1917.57 378.811 390148 24.1448
-285.798 -1916.96 378.836 390148 24.1401
-285.525 -1916.36 378.862 390148 24.1401
-285.252 -1915.75 378.887 390148 24.1401
-284.979 -1915.14 378.913 390148 24.1401
-284.706 -1914.53 378.939 390148 24.1401
-284.433 -1913.92 378.964 390148 24.1401
-284.16 -1913.31 378.99 390148 24.1492
-283.886 -1912.7 379.015 390148 24.1492
-283.613 -1912.09 379.041 390148 24.1492
-283.339 -1911.48 379.066 390148 24.1492
-283.065 -1910.87 379.092 390148 24.1492
-282.792 -1910.26 379.118 390148 24.1492
-282.518 -1909.65 379.143 390148 24.1406
-282.246 -1909.04 379.169 390148 24.1406
-281.973 -1908.43 379.194 390148 24.1406
-281.701 -1907.83 379.22 390148 24.1406
-281.429 -1907.22 379.245 390148 24.1406
-281.157 -1906.61 379.271 390148 24.1406
-280.884 -1906 379.296 390148 24.1181
-280.614 -1905.4 379.322 390148 24.1181
-280.344 -1904.8 379.347 390148 24.1181
-280.074 -1904.19 379.372 390148 24.1181
-279.804 -1903.59 379.398 390148 23.9044
-279.536 -1902.99 379.423 390148 23.254
-279.276 -1902.38 379.45 390148 23.3674
-279.011 -1901.77 379.478 390148 23.3674
-278.747 -1901.16 379.505 390148 23.3674
-278.483 -1900.55 379.532 390148 23.3674
-278.219 -1899.93 379.56 390148 23.3674
-277.955 -1899.32 379.587 390148 23.3674
-277.691 -1898.71 379.614 390148 23.053
-277.417 -1898.07 379.643 390148 23.053
-277.144 -1897.43 379.671 390148 23.053
-276.87 -1896.78 379.7 390148 23.053
-276.596 -1896.14 379.729 390148 23.053
-276.322 -1895.5 379.757 390148 23.053
-276.049 -1894.85 379.786 390148 22.9397
-275.757 -1894.16 379.817 390148 22.9397
-275.465 -1893.47 379.847 390148 22.9397
-275.173 -1892.78 379.878 390148 22.9397
-274.881 -1892.09 379.909 390148 22.9397
-274.589 -1891.4 379.939 390148 22.9397
-274.297 -1890.71 379.97 390148 22.8991
-273.989 -1889.98 380.003 390148 22.8991
-273.68 -1889.25 380.035 390148 22.8991
-273.372 -1888.52 380.067 390148 22.8991
-273.064 -1887.79 380.1 390148 22.8991
-272.755 -1887.06 380.132 390148 22.8991
-272.447 -1886.33 380.165 390148 22.7808
-272.121 -1885.56 380.199 390148 22.7808
-271.795 -1884.78 380.234 390148 22.7808
-271.469 -1884.01 380.268 390148 22.7808
-271.143 -1883.23 380.303 390148 22.7808
-270.817 -1882.45 380.337 390148 22.0229
-270.502 -1881.67 380.374 390148 21.5962
-270.178 -1880.86 380.412 390148 21.5962
-269.855 -1880.04 380.45 390148 21.5962
-269.532 -1879.22 380.488 390148 21.5962
-269.208 -1878.41 380.527 390148 21.5962
-268.885 -1877.59 380.565 390148 21.5962
-268.562 -1876.77 380.603 390148 21.602
-268.235 -1875.95 380.642 390148 21.602
-267.909 -1875.12 380.68 390148 21.602
-267.583 -1874.3 380.719 390148 21.602
-267.256 -1873.48 380.757 390148 21.6019
-266.93 -1872.65 380.796 390148 21.6019
-266.603 -1871.83 380.835 390148 21.5998
-266.278 -1871 380.873 390148 21.5998
-265.953 -1870.18 380.912 390148 21.5998
-265.627 -1869.36 380.95 390148 21.5998
-265.302 -1868.54 380.989 390148 21.5998
-264.977 -1867.72 381.027 390148 21.5998
-264.652 -1866.9 381.065 390148 21.6013
-264.327 -1866.08 381.104 390148 21.6013
-264.003 -1865.26 381.142 390148 21.6013
-263.679 -1864.44 381.18 390148 21.6013
-263.355 -1863.62 381.219 390148 21.6013
-263.031 -1862.8 381.257 390148 21.6013
-262.707 -1861.98 381.295 390148 21.4081
-262.384 -1861.16 381.334 390148 20.7453
-262.07 -1860.33 381.375 390148 20.7453
-261.757 -1859.51 381.416 390148 20.7453
-261.443 -1858.68 381.456 390148 20.7453
-261.13 -1857.85 381.497 390148 20.7453
-260.816 -1857.02 381.538 390148 20.748
-260.502 -1856.19 381.579 390148 20.748
-260.187 -1855.36 381.619 390148 20.748
-259.872 -1854.53 381.66 390148 20.748
-259.557 -1853.7 381.701 390148 20.748
-259.242 -1852.87 381.742 390148 20.748
-258.927 -1852.04 381.783 390148 20.818
-258.617 -1851.22 381.823 390148 20.818
-258.306 -1850.4 381.863 390148 20.818
-257.995 -1849.58 381.903 390148 20.818
-257.684 -1848.77 381.944 390148 20.818
-257.374 -1847.95 381.984 390148 20.818
-257.063 -1847.13 382.024 390148 20.9617
-256.772 -1846.37 382.061 390148 20.9617
-256.48 -1845.61 382.099 390148 20.9617
-256.189 -1844.85 382.136 390148 20.9617
-255.898 -1844.09 382.174 390148 20.9617
-255.606 -1843.33 382.211 390148 20.9617
-255.315 -1842.57 382.249 390148 20.8965
-255.041 -1841.85 382.284 390148 20.8965
-254.767 -1841.14 382.319 390148 20.8965
-254.493 -1840.42 382.355 390148 20.3157
-254.226 -1839.7 382.391 390148 20.046
-253.963 -1838.97 382.428 390148 20.046
-253.699 -1838.25 382.465 390148 19.946
-253.453 -1837.57 382.5 390148 19.9459
-253.206 -1836.89 382.535 390148 19.9459
-252.96 -1836.22 382.57 390148 19.9459
-252.713 -1835.54 382.605 390148 19.9459
-252.467 -1834.86 382.64 390148 19.9459
-252.22 -1834.18 382.675 390148 20.1821
-251.993 -1833.56 382.706 390148 20.1821
-251.765 -1832.94 382.738 390148 20.1821
-251.537 -1832.32 382.77 390148 20.1821
-251.309 -1831.7 382.802 390148 20.1821
-251.081 -1831.08 382.834 390148 20.1821
-250.854 -1830.46 382.866 390148 20.7442
-250.623 -1829.85 382.897 390148 20.7442
-250.392 -1829.24 382.929 390148 20.7442
-250.161 -1828.63 382.96 390148 20.7442
-249.93 -1828.02 382.992 390148 20.7441
-249.698 -1827.41 383.023 390148 20.7441
-249.467 -1826.8 383.055 390148 20.7505
-249.233 -1826.18 383.087 390148 20.7505
-248.999 -1825.56 383.119 390148 20.7505
-248.764 -1824.94 383.151 390148 20.7505
-248.53 -1824.32 383.183 390148 20.7505
-248.295 -1823.71 383.215 390148 20.7505
-248.061 -1823.09 383.247 390148 20.7147
-247.825 -1822.46 383.279 390148 20.7147
-247.588 -1821.84 383.311 390148 20.7147
-247.352 -1821.21 383.343 390148 20.7147
-247.115 -1820.59 383.376 390148 20.7147
-246.879 -1819.96 383.408 390148 20.7147
-246.643 -1819.34 383.44 390148 199.684
-246.837 -1819.88 383.412 400148 20.0655
-246.609 -1819.26 383.446 400148 20.0655
-246.382 -1818.63 383.481 400148 20.0655
-246.154 -1818.01 383.515 400148 20.0655
-245.927 -1817.39 383.55 400148 20.0655
-245.699 -1816.77 383.584 400148 20.0701
-245.471 -1816.14 383.618 400148 20.0701
-245.244 -1815.52 383.653 400148 20.0701
-245.016 -1814.89 383.687 400148 20.0701
-244.788 -1814.27 383.722 400148 20.0701
-244.56 -1813.65 383.756 400148 20.0701
-244.332 -1813.02 383.79 400148 19.8776
-244.096 -1812.37 383.826 400148 19.8776
-243.859 -1811.72 383.863 400148 19.8776
-243.623 -1811.06 383.899 400148 19.8776
-243.386 -1810.41 383.935 400148 19.8776
-243.149 -1809.75 383.971 400148 19.8776
-242.913 -1809.1 384.007 400148 19.9799
-242.669 -1808.43 384.044 400148 19.9798
-242.425 -1807.76 384.081 400148 19.9798
-242.181 -1807.09 384.118 400148 19.9798
-241.937 -1806.41 384.155 400148 19.9798
-241.693 -1805.74 384.192 400148 19.9465
-241.45 -1805.07 384.229 400148 19.5736
-241.21 -1804.4 384.266 400148 19.5736
-240.97 -1803.72 384.303 400148 19.5736
-240.731 -1803.05 384.34 400148 19.5736
-240.491 -1802.38 384.377 400148 19.5736
-240.251 -1801.7 384.414 400148 19.5736
-240.011 -1801.03 384.45 400148 19.78
-239.762 -1800.33 384.489 400148 19.78
-239.512 -1799.64 384.527 400148 19.78
-239.263 -1798.94 384.565 400148 19.78
-239.013 -1798.25 384.603 400148 19.78
-238.763 -1797.56 384.641 400148 19.78
-238.514 -1796.86 384.679 400148 19.6345
-238.253 -1796.13 384.719 400148 19.6345
-237.991 -1795.4 384.759 400148 19.6345
-237.73 -1794.67 384.799 400148 19.6345
-237.469 -1793.93 384.839 400148 19.6345
-237.208 -1793.2 384.879 400148 19.6345
-236.947 -1792.47 384.92 400148 19.6045
-236.669 -1791.69 384.962 400148 19.6045
-236.392 -1790.91 385.005 400148 19.6045
-236.115 -1790.13 385.047 400148 19.0404
-235.845 -1789.35 385.09 400148 18.9995
-235.576 -1788.57 385.132 400148 18.9995
-235.307 -1787.79 385.175 400148 18.9988
-235.032 -1786.99 385.218 400148 18.9988
-234.756 -1786.19 385.262 400148 18.9988
-234.48 -1785.39 385.305 400148 18.9988
-234.205 -1784.59 385.348 400148 18.9988
-233.929 -1783.79 385.392 400148 18.9988
-233.654 -1782.99 385.435 400148 18.9967
-233.383 -1782.2 385.478 400148 18.9967
-233.111 -1781.41 385.521 400148 18.9967
-232.84 -1780.63 385.563 400148 18.9967
-232.569 -1779.84 385.606 400148 18.9967
-232.298 -1779.05 385.649 400148 18.9967
-232.027 -1778.26 385.692 400148 19.0004
-231.755 -1777.47 385.734 400148 19.0004
-231.484 -1776.69 385.777 400148 19.0004
-231.213 -1775.9 385.82 400148 19.0004
-230.941 -1775.11 385.863 400148 18.4886
-230.677 -1774.32 385.905 400148 18.3967
-230.414 -1773.53 385.948 400148 18.4005
-230.151 -1772.74 385.99 400148 18.4005
-229.888 -1771.95 386.032 400148 18.4005
-229.625 -1771.16 386.075 400148 18.4005
-229.362 -1770.37 386.117 400148 18.4005
-229.099 -1769.57 386.16 400148 18.4005
-228.835 -1768.78 386.202 400148 18.3927
-228.572 -1767.99 386.245 400148 18.3927
-228.309 -1767.2 386.287 400148 18.3927
-228.046 -1766.41 386.33 400148 18.3927
-227.783 -1765.62 386.372 400148 18.3927
-227.52 -1764.83 386.415 400148 18.3927
-227.257 -1764.04 386.457 400148 18.3967
-226.994 -1763.25 386.499 400148 18.3967
-226.731 -1762.45 386.542 400148 18.3967
-226.468 -1761.66 386.584 400148 18.3967
-226.205 -1760.87 386.627 400148 18.3967
-225.942 -1760.08 386.669 400148 17.9787
-225.684 -1759.29 386.711 400148 17.7944
-225.43 -1758.5 386.753 400148 17.7944
-225.175 -1757.7 386.795 400148 17.7944
-224.92 -1756.91 386.838 400148 17.7944
-224.665 -1756.11 386.88 400148 17.7944
-224.411 -1755.32 386.922 400148 17.7944
-224.156 -1754.53 386.964 400148 17.7906
-223.901 -1753.73 387.006 400148 17.7906
-223.647 -1752.94 387.048 400148 17.7906
-223.392 -1752.15 387.09 400148 17.7906
-223.137 -1751.35 387.132 400148 17.7906
-222.883 -1750.56 387.174 400148 17.7906
-222.628 -1749.77 387.216 400148 17.7943
-222.373 -1748.97 387.258 400148 17.7943
-222.118 -1748.18 387.3 400148 17.7943
-221.863 -1747.38 387.342 400148 17.7942
-221.609 -1746.59 387.384 400148 17.7942
-221.354 -1745.8 387.427 400148 17.7942
-221.099 -1745 387.469 400148 17.4778
-220.848 -1744.21 387.51 400148 17.1975
-220.602 -1743.41 387.552 400148 17.1975
-220.356 -1742.61 387.594 400148 17.1975
-220.109 -1741.82 387.635 400148 17.1975
-219.863 -1741.02 387.677 400148 17.1975
-219.616 -1740.22 387.719 400148 17.1897
-219.37 -1739.43 387.76 400148 17.1897
-219.123 -1738.63 387.802 400148 17.1897
-218.877 -1737.83 387.844 400148 17.1897
-218.63 -1737.04 387.885 400148 17.1897
-218.384 -1736.24 387.927 400148 17.1897
-218.137 -1735.44 387.968 400148 17.1937
-217.891 -1734.65 388.01 400148 17.1937
-217.645 -1733.85 388.052 400148 17.1937
-217.398 -1733.05 388.093 400148 17.1937
-217.152 -1732.26 388.135 400148 17.1937
-216.905 -1731.46 388.177 400148 17.1937
-216.659 -1730.67 388.218 400148 17.1898
-216.412 -1729.87 388.26 400148 16.9719
-216.169 -1729.07 388.301 400148 16.5908
-215.931 -1728.27 388.342 400148 16.5908
-215.693 -1727.47 388.384 400148 16.5908
-215.455 -1726.68 388.425 400148 16.5908
-215.217 -1725.88 388.466 400148 16.5945
-214.979 -1725.08 388.507 400148 16.5945
-214.741 -1724.28 388.548 400148 16.5945
-214.502 -1723.48 388.589 400148 16.5945
-214.264 -1722.68 388.63 400148 16.5945
-214.026 -1721.88 388.672 400148 16.5945
-213.788 -1721.08 388.713 400148 16.5946
-213.55 -1720.28 388.754 400148 16.5946
-213.312 -1719.48 388.795 400148 16.5946
-213.073 -1718.68 388.836 400148 16.5946
-212.835 -1717.88 388.877 400148 16.5946
-212.597 -1717.09 388.918 400148 16.5946
-212.359 -1716.29 388.96 400148 16.5945
-212.121 -1715.49 389.001 400148 16.5945
-211.883 -1714.69 389.042 400148 16.4844
-211.646 -1713.89 389.083 400148 15.9973
-211.416 -1713.09 389.123 400148 15.9973
-211.186 -1712.28 389.164 400148 15.9973
-210.956 -1711.48 389.205 400148 15.9974
-210.727 -1710.68 389.245 400148 15.9974
-210.497 -1709.88 389.286 400148 15.9974
-210.267 -1709.08 389.326 400148 15.9974
-210.037 -1708.28 389.367 400148 15.9974
-209.807 -1707.48 389.408 400148 15.9974
-209.578 -1706.67 389.448 400148 15.9974
-209.348 -1705.87 389.489 400148 15.9974
-209.118 -1705.07 389.529 400148 15.9974
-208.888 -1704.27 389.57 400148 15.9974
-208.659 -1703.47 389.61 400148 15.9974
-208.429 -1702.67 389.651 400148 15.9974
-208.199 -1701.86 389.692 400148 15.9977
-207.969 -1701.06 389.732 400148 15.9977
-207.74 -1700.26 389.773 400148 15.9977
-207.51 -1699.46 389.813 400148 15.9977
-207.281 -1698.66 389.854 400148 15.4104
-207.059 -1697.86 389.894 400148 15.4024
-206.838 -1697.05 389.934 400148 15.4018
-206.616 -1696.25 389.974 400148 15.4018
-206.395 -1695.45 390.014 400148 15.4018
-206.173 -1694.64 390.054 400148 15.4018
-205.951 -1693.84 390.094 400148 15.4018
-205.73 -1693.03 390.134 400148 15.4018
-205.508 -1692.23 390.174 400148 15.5101
-205.284 -1691.42 390.214 400148 15.5101
-205.059 -1690.61 390.254 400148 15.5101
-204.835 -1689.8 390.294 400148 15.5101
-204.611 -1688.99 390.334 400148 15.5101
-204.386 -1688.19 390.375 400148 15.51
-204.162 -1687.38 390.415 400148 15.2716
-203.942 -1686.57 390.455 400148 15.2716
-203.721 -1685.76 390.495 400148 15.2716
-203.501 -1684.96 390.535 400148 15.2716
-203.281 -1684.15 390.575 400148 15.2716
-203.06 -1683.34 390.615 400148 14.7783
-202.847 -1682.53 390.655 400148 14.0797
-202.644 -1681.72 390.694 400148 14.0797
-202.441 -1680.92 390.733 400148 14.0797
-202.239 -1680.11 390.773 400148 14.0797
-202.036 -1679.3 390.812 400148 14.0797
-201.833 -1678.49 390.851 400148 14.0797
-201.63 -1677.68 390.89 400148 13.632
-201.432 -1676.87 390.93 400148 13.6319
-201.234 -1676.05 390.97 400148 13.6319
-201.036 -1675.23 391.009 400148 13.6319
-200.838 -1674.42 391.049 400148 13.6319
-200.64 -1673.6 391.088 400148 13.6319
-200.442 -1672.78 391.128 400148 13.6359
-200.238 -1671.94 391.169 400148 13.6359
-200.035 -1671.1 391.209 400148 13.6359
-199.831 -1670.26 391.25 400148 13.6359
-199.628 -1669.43 391.291 400148 13.6358
-199.424 -1668.59 391.331 400148 13.6358
-199.22 -1667.75 391.372 400148 13.6358
-199.184 -1667.54 391.385 410148 13.1299
-198.982 -1666.68 391.435 410148 13.1299
-198.78 -1665.81 391.485 410148 13.1242
-198.577 -1664.94 391.535 410148 13.075
-198.376 -1664.07 391.583 410148 13.075
-198.174 -1663.21 391.631 410148 13.6474
-197.962 -1662.33 391.68 410148 13.6308
-197.75 -1661.46 391.729 410148 13.6007
-197.538 -1660.58 391.777 410148 13.6007
-197.326 -1659.71 391.825 410148 13.6007
-197.114 -1658.83 391.873 410148 13.5765
-196.903 -1657.95 391.92 410148 13.2902
-196.698 -1657.09 391.967 410148 13.2902
-196.493 -1656.22 392.014 410148 13.2902
-196.288 -1655.35 392.061 410148 13.2638
-196.083 -1654.48 392.107 410148 13.2601
-195.879 -1653.62 392.153 410148 13.2601
-195.674 -1652.75 392.2 410148 13.0085
-195.476 -1651.89 392.245 410148 12.9891
-195.278 -1651.03 392.291 410148 12.9891
-195.08 -1650.17 392.337 410148 12.9891
-194.882 -1649.31 392.382 410148 12.985
-194.684 -1648.45 392.428 410148 12.9756
-194.486 -1647.59 392.474 410148 13.117
-194.285 -1646.73 392.52 410148 13.117
-194.084 -1645.87 392.566 410148 13.1143
-193.883 -1645.01 392.612 410148 13.1118
-193.682 -1644.14 392.658 410148 13.1118
-193.481 -1643.28 392.704 410148 13.1118
-193.28 -1642.42 392.751 410148 13.5176
-193.069 -1641.54 392.799 410148 13.5184
-192.857 -1640.66 392.847 410148 13.5184
-192.645 -1639.78 392.895 410148 13.5188
-192.434 -1638.9 392.943 410148 13.5299
-192.222 -1638.02 392.992 410148 13.5299
-192.01 -1637.14 393.041 410148 13.5875
-191.792 -1636.24 393.091 410148 13.5875
-191.691 -1635.83 393.111 420148 13.5762
-191.472 -1634.93 393.151 420148 13.5762
-191.254 -1634.02 393.192 420148 13.5762
-191.035 -1633.11 393.233 420148 13.3218
-190.82 -1632.21 393.274 420148 13.0958
-190.604 -1631.28 393.317 420148 13.0958
-190.388 -1630.35 393.36 420148 12.9514
-190.174 -1629.42 393.404 420148 12.8628
-189.961 -1628.49 393.448 420148 12.8628
-189.749 -1627.56 393.492 420148 12.8028
-189.537 -1626.63 393.536 420148 12.5587
-189.326 -1625.68 393.581 420148 12.5587
-189.116 -1624.73 393.627 420148 12.5549
-188.905 -1623.79 393.672 420148 12.3846
-188.697 -1622.84 393.718 420148 12.3846
-188.489 -1621.89 393.764 420148 12.3846
-188.281 -1620.94 393.81 420148 12.3239
-188.073 -1619.99 393.856 420148 12.2887
-187.866 -1619.04 393.903 420148 12.2887
-187.658 -1618.09 393.949 420148 12.2301
-187.452 -1617.14 393.995 420148 12.1734
-187.247 -1616.19 394.042 420148 12.1734
-187.041 -1615.23 394.088 420148 12.313
-186.835 -1614.29 394.134 420148 12.2491
-186.63 -1613.34 394.179 420148 12.2491
-186.424 -1612.4 394.225 420148 12.2491
-186.219 -1611.45 394.271 420148 12.193
-186.015 -1610.51 394.316 420148 12.1926
-185.81 -1609.56 394.361 420148 12.4367
-185.604 -1608.62 394.405 420148 12.4171
-185.397 -1607.69 394.45 420148 12.4095
-185.191 -1606.75 394.493 420148 12.4095
-184.985 -1605.81 394.537 420148 12.1769
-184.873 -1605.29 394.559 430148 11.6904
-184.679 -1604.36 394.605 430148 11.575
-184.489 -1603.43 394.651 430148 11.5822
-184.299 -1602.5 394.696 430148 11.6286
-184.108 -1601.57 394.738 430148 11.6286
-183.917 -1600.65 394.781 430148 11.6286
-183.727 -1599.72 394.823 430148 11.6483
-183.535 -1598.79 394.864 430148 11.2933
-183.354 -1597.88 394.903 430148 11.2933
-183.173 -1596.98 394.942 430148 11.2913
-182.992 -1596.07 394.981 430148 11.2885
-182.811 -1595.16 395.02 430148 11.2885
-182.63 -1594.26 395.059 430148 11.2879
-182.449 -1593.35 395.097 430148 11.0861
-182.278 -1592.48 395.135 430148 11.0861
-182.107 -1591.61 395.173 430148 11.0861
-181.936 -1590.73 395.21 430148 11.0567
-181.766 -1589.86 395.249 430148 11.0229
-181.596 -1588.99 395.289 430148 11.0229
-181.427 -1588.12 395.328 430148 10.8848
-181.266 -1587.28 395.366 430148 10.805
-181.106 -1586.45 395.406 430148 10.7922
-180.947 -1585.61 395.447 430148 10.7922
-180.788 -1584.78 395.488 430148 10.7744
-180.629 -1583.94 395.529 430148 10.6704
-180.471 -1583.1 395.574 430148 10.8279
-180.315 -1582.29 395.617 430148 10.8279
-180.159 -1581.47 395.661 430148 10.7729
-180.004 -1580.66 395.707 430148 10.6769
-179.85 -1579.84 395.756 430148 10.6769
-179.696 -1579.02 395.804 430148 10.6769
-179.542 -1578.21 395.853 430148 10.5738
-179.39 -1577.4 395.905 430148 10.4925
-179.24 -1576.58 395.96 430148 10.4925
-179.089 -1575.77 396.015 430148 10.4925
-178.938 -1574.95 396.07 430148 10.4925
-178.879 -1574.61 396.075 440148 10.0684
-178.734 -1573.79 396.11 440148 10.069
-178.589 -1572.97 396.146 440148 10.069
-178.443 -1572.15 396.181 440148 10.069
-178.297 -1571.33 396.216 440148 10.069
-178.152 -1570.51 396.251 440148 10.069
-178.006 -1569.69 396.287 440148 9.98017
-177.862 -1568.87 396.322 440148 9.87511
-177.719 -1568.05 396.359 440148 9.87511
-177.575 -1567.23 396.395 440148 9.87511
-177.432 -1566.4 396.431 440148 9.87511
-177.289 -1565.58 396.468 440148 9.87511
-177.146 -1564.76 396.504 440148 9.87511
-177.003 -1563.93 396.54 440148 9.83092
-176.86 -1563.11 396.576 440148 9.67371
-176.72 -1562.29 396.613 440148 9.67371
-176.58 -1561.47 396.65 440148 9.6737
-176.44 -1560.65 396.686 440148 9.6737
-176.3 -1559.82 396.723 440148 9.6737
-176.159 -1559 396.76 440148 9.67758
-176.019 -1558.18 396.797 440148 9.67758
-175.879 -1557.36 396.833 440148 9.49015
-175.741 -1556.53 396.87 440148 9.4809
-175.604 -1555.71 396.907 440148 9.4809
-175.467 -1554.89 396.943 440148 9.4809
-175.329 -1554.07 396.98 440148 9.47703
-175.192 -1553.24 397.017 440148 9.47703
-175.054 -1552.42 397.054 440148 9.47703
-174.917 -1551.6 397.09 440148 9.33927
-174.782 -1550.78 397.127 440148 9.2811
-174.647 -1549.95 397.163 440148 9.2811
-174.513 -1549.13 397.199 440148 9.28624
-174.377 -1548.3 397.236 440148 9.28624
-174.241 -1547.47 397.272 440148 9.28624
-174.105 -1546.64 397.309 440148 9.28623
-173.97 -1545.81 397.345 440148 9.18999
-173.835 -1544.98 397.381 440148 9.09105
-173.702 -1544.14 397.417 440148 9.08086
-173.572 -1543.33 397.452 440148 9.08086
-173.441 -1542.51 397.487 440148 9.08086
-173.31 -1541.69 397.522 440148 9.08086
-173.18 -1540.88 397.557 440148 9.08086
-173.049 -1540.06 397.592 440148 9.0402
-172.919 -1539.24 397.627 440148 8.8883
-172.796 -1538.46 397.659 440148 8.8883
-172.673 -1537.67 397.691 440148 8.8883
-172.55 -1536.88 397.724 440148 8.8883
-172.427 -1536.1 397.756 440148 8.8883
-172.304 -1535.31 397.788 440148 8.8883
-172.182 -1534.53 397.821 440148 8.91039
-172.06 -1533.75 397.853 440148 8.79496
-171.94 -1532.98 397.884 440148 8.71671
-171.821 -1532.2 397.914 440148 8.71671
-171.703 -1531.43 397.944 440148 8.71671
-171.584 -1530.65 397.974 440148 8.71671
-171.465 -1529.88 398.004 440148 8.78664
-171.343 -1529.09 398.035 440148 8.78664
-171.222 -1528.3 398.065 440148 8.78664
-171.1 -1527.52 398.096 440148 8.60739
-170.981 -1526.73 398.124 440148 8.59371
-170.862 -1525.94 398.153 440148 8.59371
-170.743 -1525.15 398.181 440148 8.59211
-170.619 -1524.34 398.211 440148 8.59211
-170.496 -1523.52 398.24 440148 8.59211
-170.372 -1522.7 398.269 440148 8.59211
-170.249 -1521.88 398.299 440148 8.49466
-170.126 -1521.06 398.327 440148 8.39995
-170.006 -1520.25 398.354 440148 8.4048
-169.883 -1519.41 398.381 440148 8.4048
-169.759 -1518.58 398.408 440148 8.4048
-169.636 -1517.75 398.435 440148 8.4048
-169.513 -1516.91 398.462 440148 8.4048
-169.39 -1516.08 398.49 440148 8.4048
-169.34 -1515.72 398.503 450148 7.60895
-169.229 -1514.89 398.535 450148 7.60895
-169.119 -1514.06 398.568 450148 7.60895
-169.008 -1513.24 398.6 450148 7.60895
-168.898 -1512.41 398.633 450148 7.60895
-168.787 -1511.58 398.665 450148 7.60895
-168.677 -1510.75 398.697 450148 7.61658
-168.566 -1509.93 398.73 450148 7.61658
-168.456 -1509.1 398.762 450148 7.61658
-168.345 -1508.27 398.795 450148 7.61658
-168.234 -1507.44 398.827 450148 7.61658
-168.124 -1506.62 398.859 450148 7.61658
-168.013 -1505.79 398.892 450148 7.61277
-167.902 -1504.96 398.924 450148 7.61277
-167.792 -1504.14 398.957 450148 7.61277
-167.681 -1503.31 398.989 450148 7.61277
-167.571 -1502.48 399.022 450148 7.61277
-167.46 -1501.65 399.054 450148 7.61277
-167.35 -1500.83 399.086 450148 7.61658
-167.239 -1500 399.119 450148 7.61658
-167.128 -1499.17 399.151 450148 7.61658
-167.018 -1498.34 399.184 450148 7.61658
-166.907 -1497.52 399.216 450148 7.61658
-166.796 -1496.69 399.249 450148 7.61658
-166.686 -1495.86 399.281 450148 7.61276
-166.575 -1495.03 399.313 450148 7.28872
-166.469 -1494.21 399.345 450148 6.83986
-166.37 -1493.38 399.376 450148 6.83986
-166.27 -1492.55 399.406 450148 6.83986
-166.171 -1491.72 399.437 450148 6.83986
-166.072 -1490.89 399.467 450148 6.83986
-165.972 -1490.06 399.498 450148 6.83986
-165.873 -1489.23 399.528 450148 6.83986
-165.773 -1488.4 399.559 450148 6.83985
-165.674 -1487.58 399.589 450148 6.83985
-165.574 -1486.75 399.62 450148 6.83985
-165.475 -1485.92 399.65 450148 6.83985
-165.376 -1485.09 399.681 450148 6.83985
-165.276 -1484.26 399.711 450148 6.83985
-165.177 -1483.43 399.742 450148 6.83985
-165.077 -1482.6 399.772 450148 6.83985
-164.978 -1481.77 399.803 450148 6.83985
-164.878 -1480.94 399.833 450148 6.84364
-164.779 -1480.12 399.864 450148 6.84364
-164.68 -1479.29 399.895 450148 6.84364
-164.58 -1478.46 399.925 450148 6.84364
-164.481 -1477.63 399.956 450148 6.84364
-164.381 -1476.8 399.986 450148 6.84364
-164.282 -1475.97 400.017 450148 6.83985
-164.182 -1475.14 400.047 450148 6.83985
-164.083 -1474.32 400.078 450148 6.83985
-163.984 -1473.49 400.108 450148 6.42084
-163.89 -1472.66 400.138 450148 6.05734
-163.802 -1471.83 400.166 450148 6.05734
-163.714 -1471 400.195 450148 6.05734
-163.626 -1470.17 400.224 450148 6.05734
-163.538 -1469.34 400.252 450148 6.05734
-163.45 -1468.51 400.281 450148 6.05734
-163.362 -1467.68 400.31 450148 6.05734
-163.274 -1466.85 400.338 450148 6.05734
-163.185 -1466.02 400.367 450148 6.06115
-163.097 -1465.19 400.396 450148 6.06115
-163.009 -1464.36 400.424 450148 6.06115
-162.921 -1463.53 400.453 450148 6.06115
-162.833 -1462.69 400.482 450148 6.06115
-162.745 -1461.86 400.51 450148 6.06115
-162.657 -1461.03 400.539 450148 6.05734
-162.568 -1460.2 400.568 450148 6.05734
-162.48 -1459.37 400.596 450148 6.05734
-162.392 -1458.54 400.625 450148 6.05734
-162.304 -1457.71 400.654 450148 6.05734
-162.216 -1456.88 400.682 450148 6.05734
-162.128 -1456.05 400.711 450148 6.06115
-162.04 -1455.22 400.74 450148 6.06115
-161.952 -1454.39 400.768 450148 6.06115
-161.864 -1453.56 400.797 450148 6.06115
-161.775 -1452.73 400.826 450148 6.06115
-161.687 -1451.9 400.854 450148 5.5482
-161.607 -1451.07 400.882 450148 5.26174
-161.53 -1450.24 400.908 450148 5.26174
-161.453 -1449.41 400.935 450148 5.26174
-161.377 -1448.58 400.962 450148 5.26174
-161.3 -1447.74 400.989 450148 5.26174
-161.224 -1446.91 401.016 450148 5.26174
-161.147 -1446.08 401.043 450148 5.26552
-161.07 -1445.25 401.069 450148 5.26552
-160.994 -1444.42 401.096 450148 5.26552
-160.917 -1443.59 401.123 450148 5.26552
-160.84 -1442.76 401.15 450148 5.26552
-160.764 -1441.92 401.176 450148 5.26552
-160.687 -1441.09 401.203 450148 5.26552
-160.611 -1440.26 401.23 450148 5.26552
-160.534 -1439.43 401.257 450148 5.26552
-160.457 -1438.6 401.284 450148 5.26552
-160.381 -1437.77 401.31 450148 5.26552
-160.304 -1436.94 401.337 450148 5.26552
-160.228 -1436.1 401.364 450148 5.26934
-160.151 -1435.27 401.391 450148 5.26934
-160.074 -1434.44 401.418 450148 5.26934
-159.997 -1433.61 401.444 450148 5.26934
-159.921 -1432.78 401.471 450148 5.26934
-159.844 -1431.95 401.498 450148 5.26934
-159.767 -1431.12 401.525 450148 5.26552
-159.691 -1430.29 401.552 450148 4.66397
-159.623 -1429.45 401.577 450148 4.46474
-159.558 -1428.62 401.602 450148 4.46474
-159.493 -1427.79 401.627 450148 4.46474
-159.428 -1426.96 401.652 450148 4.46474
-159.363 -1426.12 401.677 450148 4.46853
-159.298 -1425.29 401.702 450148 4.46853
-159.233 -1424.46 401.727 450148 4.46853
-159.168 -1423.63 401.752 450148 4.46853
-159.103 -1422.8 401.777 450148 4.46853
-159.038 -1421.96 401.801 450148 4.46853
-158.973 -1421.13 401.826 450148 4.4609
-158.908 -1420.3 401.851 450148 4.4609
-158.843 -1419.47 401.876 450148 4.4609
-158.778 -1418.63 401.901 450148 4.4609
-158.713 -1417.8 401.926 450148 4.4609
-158.648 -1416.97 401.951 450148 4.4609
-158.583 -1416.14 401.976 450148 4.46864
-158.518 -1415.3 402.001 450148 4.46864
-158.453 -1414.47 402.026 450148 4.46864
-158.388 -1413.64 402.051 450148 4.46864
-158.323 -1412.8 402.076 450148 4.46864
-158.258 -1411.97 402.101 450148 4.46864
-158.192 -1411.14 402.126 450148 4.46513
-158.127 -1410.3 402.151 450148 4.46513
-158.062 -1409.46 402.176 450148 4.46513
-157.996 -1408.62 402.201 450148 3.76867
-157.941 -1407.78 402.225 450148 3.65573
-157.887 -1406.95 402.248 450148 3.65573
-157.834 -1406.11 402.271 450148 3.65551
-157.78 -1405.27 402.294 450148 3.65551
-157.727 -1404.44 402.318 450148 3.65551
-157.674 -1403.6 402.341 450148 3.65551
-157.62 -1402.76 402.364 450148 3.65551
-157.567 -1401.93 402.387 450148 3.65551
-157.513 -1401.09 402.41 450148 3.81768
-157.459 -1400.28 402.433 450148 3.81768
-157.405 -1399.46 402.456 450148 3.81768
-157.35 -1398.65 402.478 450148 3.81768
-157.296 -1397.83 402.501 450148 3.81768
-157.242 -1397.02 402.523 450148 3.81768
-157.187 -1396.2 402.546 450148 3.74935
-157.137 -1395.44 402.567 450148 3.74935
-157.086 -1394.67 402.589 450148 3.74935
-157.036 -1393.9 402.61 450148 3.74935
-156.985 -1393.13 402.631 450148 3.74935
-156.935 -1392.36 402.653 450148 3.74935
-156.885 -1391.59 402.674 450148 3.55982
-156.839 -1390.86 402.694 450148 3.55982
-156.794 -1390.13 402.715 450148 3.55982
-156.748 -1389.4 402.735 450148 3.55981
-156.703 -1388.66 402.755 450148 3.55981
-156.657 -1387.93 402.775 450148 3.55981
-156.612 -1387.2 402.796 450148 3.01337
-156.576 -1386.52 402.814 450148 2.64352
-156.544 -1385.83 402.831 450148 2.64352
-156.513 -1385.15 402.849 450148 2.64352
-156.481 -1384.46 402.866 450148 2.64351
-156.449 -1383.78 402.884 450148 2.64351
-156.418 -1383.09 402.901 450148 2.84131
-156.385 -1382.43 402.918 450148 2.84131
-156.352 -1381.76 402.935 450148 2.84131
-156.319 -1381.1 402.952 450148 2.84131
-156.286 -1380.43 402.969 450148 2.84131
-156.253 -1379.77 402.986 450148 2.84131
-156.22 -1379.1 403.003 450148 2.84105
-156.187 -1378.44 403.02 450148 2.84105
-156.154 -1377.78 403.037 450148 2.84105
-156.121 -1377.12 403.054 450148 2.84104
-156.088 -1376.45 403.071 450148 2.84104
-156.055 -1375.79 403.088 450148 2.84104
-156.023 -1375.13 403.104 450148 2.83659
-155.99 -1374.47 403.121 450148 2.83659
-155.957 -1373.8 403.138 450148 2.83659
-155.924 -1373.13 403.155 450148 2.83659
-155.891 -1372.47 403.172 450148 2.83659
-155.858 -1371.8 403.189 450148 2.83659
-155.825 -1371.14 403.206 450148 2.8368
-155.792 -1370.47 403.223 450148 2.8368
-155.758 -1369.8 403.241 450148 2.8368
-155.725 -1369.13 403.258 450148 2.8368
-155.692 -1368.47 403.275 450148 2.8368
-155.659 -1367.8 403.292 450148 2.8368
-155.626 -1367.13 403.309 450148 2.84151
-155.593 -1366.46 403.326 450148 2.84151
-155.56 -1365.8 403.343 450148 2.70716
-155.528 -1365.13 403.36 450148 2.016
-155.505 -1364.46 403.375 450148 2.016
-155.481 -1363.79 403.391 450148 2.016
-155.458 -1363.13 403.406 450148 2.01124
-155.434 -1362.46 403.422 450148 2.01124
-155.411 -1361.79 403.438 450148 2.01124
-155.387 -1361.12 403.453 450148 2.01124
-155.364 -1360.46 403.469 450148 2.01124
-155.341 -1359.79 403.484 450148 2.01124
-155.317 -1359.12 403.5 450148 2.016
-155.294 -1358.45 403.515 450148 2.016
-155.27 -1357.79 403.531 450148 2.016
-155.247 -1357.12 403.547 450148 2.016
-155.223 -1356.45 403.562 450148 2.016
-155.2 -1355.78 403.578 450148 2.016
-155.176 -1355.11 403.593 450148 2.01124
-155.153 -1354.45 403.609 450148 2.01124
-155.129 -1353.78 403.625 450148 2.01124
-155.106 -1353.11 403.64 450148 2.01124
-155.082 -1352.44 403.656 450148 2.01124
-155.059 -1351.78 403.671 450148 2.01124
-155.035 -1351.11 403.687 450148 2.01124
-155.012 -1350.44 403.703 450148 2.01124
-154.989 -1349.77 403.718 450148 2.01124
-154.965 -1349.11 403.734 450148 2.01124
-154.942 -1348.44 403.749 450148 2.01124
-154.918 -1347.77 403.765 450148 2.01124
-154.895 -1347.1 403.78 450148 2.01597
-154.871 -1346.44 403.796 450148 2.01597
-154.848 -1345.77 403.812 450148 2.01597
-154.824 -1345.1 403.827 450148 2.01597
-154.801 -1344.43 403.843 450148 2.01597
-154.777 -1343.77 403.858 450148 1.4648
-154.76 -1343.1 403.873 450148 1.17829
-154.747 -1342.43 403.887 450148 1.17829
-154.733 -1341.76 403.901 450148 1.17829
-154.719 -1341.1 403.915 450148 1.17829
-154.705 -1340.43 403.93 450148 1.17829
-154.692 -1339.76 403.944 450148 1.17829
-154.678 -1339.09 403.958 450148 1.17829
-154.664 -1338.42 403.972 450148 1.17829
-154.65 -1337.76 403.986 450148 1.17829
-154.637 -1337.09 404 450148 1.17829
-154.623 -1336.42 404.015 450148 1.17829
-154.609 -1335.75 404.029 450148 1.17829
-154.595 -1335.08 404.043 450148 1.18303
-154.582 -1334.42 404.057 450148 1.18303
-154.568 -1333.75 404.071 450148 1.18303
-154.554 -1333.08 404.085 450148 1.18303
-154.54 -1332.41 404.099 450148 1.18303
-154.527 -1331.75 404.114 450148 1.18303
-154.513 -1331.08 404.128 450148 1.17842
-154.499 -1330.41 404.142 450148 1.17842
-154.485 -1329.74 404.156 450148 1.17842
-154.471 -1329.07 404.17 450148 1.17842
-154.458 -1328.4 404.185 450148 1.17842
-154.444 -1327.73 404.199 450148 1.17842
-154.43 -1327.06 404.213 450148 1.18351
-154.416 -1326.39 404.227 450148 1.18351
-154.402 -1325.72 404.241 450148 1.18351
-154.388 -1325.04 404.256 450148 1.18351
-154.374 -1324.37 404.27 450148 1.18351
-154.361 -1323.7 404.284 450148 1.18351
-154.347 -1323.02 404.299 450148 1.17851
-154.333 -1322.35 404.313 450148 1.02965
-154.321 -1321.68 404.327 450148 0.33855
-154.317 -1321.01 404.339 450148 0.33855
-154.313 -1320.34 404.352 450148 0.33855
-154.309 -1319.67 404.365 450148 0.33855
-154.305 -1319 404.378 450148 0.542273
-154.299 -1318.35 404.39 450148 0.542273
-154.293 -1317.7 404.403 450148 0.542272
-154.287 -1317.05 404.415 450148 0.542272
-154.28 -1316.4 404.427 450148 0.542272
-154.274 -1315.75 404.44 450148 0.542271
-154.268 -1315.1 404.452 450148 0.458244
-154.263 -1314.5 404.464 450148 0.458244
-154.258 -1313.89 404.475 450148 0.458244
-154.254 -1313.29 404.487 450148 0.458244
-154.249 -1312.69 404.498 450148 0.458244
-154.244 -1312.08 404.51 450148 0.458244
-154.239 -1311.48 404.521 450148 0.208683
-154.237 -1310.91 404.532 450148 0.208683
-154.235 -1310.35 404.543 450148 0.208682
-154.233 -1309.78 404.554 450148 0.208682
-154.231 -1309.22 404.564 450148 0.208682
-154.229 -1308.65 404.575 450148 0.208681
-154.227 -1308.09 404.586 450148 0.0938792
-154.226 -1307.57 404.596 450148 0.0938781
-154.225 -1307.05 404.606 450148 0.0938769
-154.224 -1306.53 404.616 450148 0.0938758
-154.223 -1306.01 404.626 450148 0.0938748
-154.222 -1305.49 404.635 450148 0.0938736
-154.222 -1304.97 404.645 450148 0.0938736
-154.219 -1304.47 404.655 450148 0.0938736
-154.216 -1303.97 404.664 450148 0.0938736
-154.213 -1303.48 404.674 450148 0.0938736
-154.21 -1302.98 404.683 450148 0.0938736
-154.207 -1302.48 404.693 450148 0.0938736
-154.204 -1301.98 404.702 450148 0.0938736
-154.201 -1301.48 404.712 450148 0.0938736
-154.198 -1300.99 404.721 450148 0.0938736
-154.195 -1300.49 404.731 450148 179.751
-154.193 -1301.1 404.72 460148 179.751
-154.197 -1300.6 404.728 460148 179.751
-154.202 -1300.11 404.736 460148 179.751
-154.206 -1299.61 404.744 460148 179.751
-154.211 -1299.11 404.752 460148 179.751
-154.216 -1298.61 404.76 460148 179.751
-154.221 -1298.11 404.768 460148 179.751
-154.225 -1297.61 404.776 460148 179.751
-154.23 -1297.11 404.783 460148 -0.532859
-154.235 -1296.61 404.791 460148 -0.532859
-154.239 -1296.11 404.799 460148 -0.532859
-154.244 -1295.61 404.807 460148 -0.532859
-154.249 -1295.1 404.815 460148 -0.532859
-154.253 -1294.6 404.823 460148 -0.532859
-154.258 -1294.1 404.831 460148 -0.532935
-154.263 -1293.6 404.839 460148 -0.532935
-154.267 -1293.1 404.847 460148 -0.532935
-154.272 -1292.6 404.855 460148 -0.532935
-154.277 -1292.1 404.863 460148 -0.532935
-154.281 -1291.59 404.871 460148 -0.532935
-154.286 -1291.09 404.879 460148 -0.539287
-154.291 -1290.59 404.887 460148 -0.539287
-154.295 -1290.09 404.895 460148 -0.539287
-154.3 -1289.59 404.903 460148 -0.539287
-154.305 -1289.09 404.911 460148 -0.539287
-154.31 -1288.59 404.919 460148 -0.539287
-154.314 -1288.09 404.927 460148 -0.532936
-154.319 -1287.59 404.934 460148 -0.532936
-154.324 -1287.08 404.942 460148 -0.532936
-154.328 -1286.58 404.95 460148 -0.532936
-154.333 -1286.08 404.958 460148 -0.532936
-154.338 -1285.58 404.966 460148 -0.532936
-154.342 -1285.08 404.974 460148 -0.532936
-154.347 -1284.58 404.982 460148 -0.532936
-154.352 -1284.08 404.99 460148 -0.532936
-154.356 -1283.58 404.998 460148 -0.532936
-154.361 -1283.08 405.006 460148 -0.532936
-154.366 -1282.58 405.014 460148 -0.532936
-154.37 -1282.07 405.022 460148 -0.53933
-154.375 -1281.57 405.03 460148 -0.53933
-154.38 -1281.07 405.038 460148 -0.539331
-154.384 -1280.57 405.046 460148 -0.53933
-154.389 -1280.07 405.054 460148 -0.539331
-154.394 -1279.57 405.062 460148 -0.539331
-154.398 -1279.07 405.07 460148 -0.532974
-154.403 -1278.57 405.077 460148 -0.532975
-154.408 -1278.07 405.085 460148 -0.532975
-154.412 -1277.57 405.093 460148 -0.532975
-154.417 -1277.07 405.101 460148 -0.799053
-154.424 -1276.57 405.109 460148 -1.42166
-154.437 -1276.07 405.116 460148 -1.42781
-154.449 -1275.56 405.123 460148 -1.42781
-154.462 -1275.06 405.131 460148 -1.42781
-154.474 -1274.56 405.138 460148 -1.42781
-154.487 -1274.06 405.145 460148 -1.42781
-154.499 -1273.55 405.152 460148 -1.42781
-154.512 -1273.05 405.16 460148 -1.42098
-154.524 -1272.54 405.167 460148 -1.42098
-154.537 -1272.04 405.174 460148 -1.42098
-154.549 -1271.53 405.182 460148 -1.42098
-154.562 -1271.02 405.189 460148 -1.42098
-154.574 -1270.52 405.196 460148 -1.42098
-154.587 -1270.01 405.203 460148 -1.42768
-154.6 -1269.51 405.211 460148 -1.42768
-154.612 -1269 405.218 460148 -1.42768
-154.625 -1268.5 405.225 460148 -1.42768
-154.637 -1268 405.232 460148 -1.42768
-154.65 -1267.49 405.24 460148 -1.42768
-154.662 -1266.99 405.247 460148 -1.42768
-154.672 -1266.51 405.254 460148 -1.42768
-154.682 -1266.03 405.261 460148 -1.42768
-154.691 -1265.54 405.268 460148 -1.42768
-154.701 -1265.06 405.275 460148 -1.42768
-154.711 -1264.58 405.282 460148 -1.42768
-154.721 -1264.1 405.289 460148 -1.42768
-154.73 -1263.66 405.295 460148 -1.42768
-154.74 -1263.22 405.301 460148 -1.42768
-154.75 -1262.78 405.308 460148 -1.42768
-154.759 -1262.35 405.314 460148 -1.42768
-154.769 -1261.91 405.32 460148 -1.42768
-154.778 -1261.47 405.326 460148 -1.42768
-154.789 -1261.08 405.332 460148 -1.42768
-154.801 -1260.68 405.338 460148 -1.42768
-154.812 -1260.28 405.344 460148 -1.42768
-154.823 -1259.88 405.349 460148 -1.42768
-154.834 -1259.48 405.355 460148 -1.42768
-154.845 -1259.09 405.361 460148 -1.42768
-154.856 -1258.73 405.366 460148 -1.42768
-154.867 -1258.38 405.371 460148 -1.42768
-154.878 -1258.03 405.376 460148 -1.42768
-154.889 -1257.68 405.381 460148 -1.42768
-154.9 -1257.32 405.386 460148 -1.42768
-154.911 -1256.97 405.391 460148 -1.42768
-154.92 -1256.64 405.396 460148 -1.42768
-154.928 -1256.31 405.401 460148 -1.42768
-154.936 -1255.98 405.406 460148 -1.42768
-154.944 -1255.65 405.41 460148 -1.42768
-154.952 -1255.31 405.415 460148 -1.42768
-154.961 -1254.98 405.42 460148 -1.42768
-154.969 -1254.65 405.425 460148 -1.42768
-154.977 -1254.33 405.429 460148 -1.42768
-154.985 -1254 405.434 460148 -1.42768
-154.994 -1253.67 405.439 460148 -1.42768
-155.002 -1253.34 405.444 460148 -1.42768
-155.01 -1253.01 405.448 460148 -1.42768
-155.018 -1252.68 405.453 460148 -1.42768
-155.026 -1252.35 405.458 460148 -1.42768
-155.039 -1252.01 405.462 460148 -1.42768
-155.053 -1251.68 405.467 460148 -1.42768
-155.066 -1251.35 405.471 460148 -1.42768
-155.08 -1251.02 405.476 460148 -1.42768
-155.093 -1250.68 405.48 460148 -1.42768
-155.107 -1250.35 405.485 460148 -1.42768
-155.121 -1250.01 405.489 460148 -1.42768
-155.134 -1249.68 405.493 460148 -1.42768
-155.148 -1249.35 405.498 460148 -1.42768
-155.161 -1249.01 405.502 460148 -1.42768
-155.175 -1248.68 405.507 460148 -1.42768
-155.189 -1248.34 405.511 460148 -1.42768
-155.202 -1248.01 405.516 460148 -1.42768
-155.216 -1247.68 405.52 460148 -1.42768
-155.229 -1247.34 405.525 460148 -1.42768
-155.243 -1247.01 405.529 460148 -1.42768
-155.257 -1246.67 405.533 460148 -1.42768
-155.27 -1246.34 405.538 460148 -1.42768
-155.284 -1246.01 405.542 460148 -1.42768
-155.297 -1245.67 405.547 460148 -1.42768
-155.311 -1245.34 405.551 460148 -1.42768
-155.324 -1245 405.556 460148 -1.42768
-155.338 -1244.67 405.56 460148 -1.42768
-155.351 -1244.34 405.565 460148 -1.42768
-155.365 -1244.01 405.569 460148 -1.42768
-155.378 -1243.67 405.573 460148 -1.42768
-155.392 -1243.34 405.578 460148 -1.42768
-155.405 -1243.01 405.582 460148 -1.42768
-155.419 -1242.67 405.587 460148 -1.42768
-155.433 -1242.34 405.591 460148 -1.42768
-155.446 -1242 405.596 460148 -1.42768
-155.46 -1241.67 405.6 460148 -1.42768
-155.474 -1241.33 405.605 460148 -1.42768
-155.487 -1241 405.609 460148 -1.42768
-155.501 -1240.66 405.614 460148 -1.42768
-155.515 -1240.33 405.618 460148 -1.42768
-155.528 -1239.99 405.622 460148 -1.42768
-155.542 -1239.65 405.627 460148 -1.42768
-155.556 -1239.31 405.631 460148 -1.42768
-155.569 -1238.98 405.636 460148 -1.42768
-155.583 -1238.64 405.64 460148 -1.42768
-155.597 -1238.3 405.645 460148 -1.42768
-155.611 -1237.96 405.65 460148 -1.42768
-155.625 -1237.61 405.654 460148 -1.42768
-155.638 -1237.27 405.659 460148 -1.42768
-155.652 -1236.93 405.663 460148 -1.42768
-155.666 -1236.59 405.668 460148 -1.42768
-155.68 -1236.25 405.672 460148 -1.42768
-155.694 -1235.9 405.677 460148 -1.42768
-155.708 -1235.56 405.681 460148 -1.42768
-155.723 -1235.22 405.686 460148 -1.42768
-155.737 -1234.87 405.691 460148 -1.42768
-155.75 -1234.54 405.695 460148 -1.42768
-155.764 -1234.2 405.7 460148 -1.42768
-155.778 -1233.86 405.704 460148 -1.42768
-155.792 -1233.53 405.709 460148 -1.42768
-155.805 -1233.19 405.713 460148 -1.42768
-155.819 -1232.85 405.717 460148 -1.42768
-155.83 -1232.54 405.722 460148 -1.42768
-155.84 -1232.22 405.726 460148 -1.42768
-155.851 -1231.91 405.73 460148 -1.42768
-155.861 -1231.59 405.734 460148 -1.42768
-155.872 -1231.28 405.738 460148 -1.42768
-155.882 -1230.96 405.743 460148 -1.42768
-155.892 -1230.69 405.746 460148 -1.42768
-155.902 -1230.42 405.75 460148 -1.42768
-155.912 -1230.15 405.753 460148 -1.42768
-155.922 -1229.88 405.757 460148 -1.42768
-155.931 -1229.61 405.761 460148 -1.42768
-155.941 -1229.34 405.764 460148 -1.42768
-155.952 -1229.11 405.767 460148 -1.42768
-155.963 -1228.88 405.77 460148 -1.42768
-155.973 -1228.65 405.773 460148 -1.42768
-155.984 -1228.42 405.776 460148 -1.42768
-155.995 -1228.19 405.78 460148 -1.42768
-156.005 -1227.96 405.783 460148 -1.42768
-156.017 -1227.78 405.785 460148 -1.42768
-156.03 -1227.59 405.787 460148 -1.42768
-156.043 -1227.41 405.79 460148 -1.42768
-156.055 -1227.22 405.792 460148 -1.42768
-156.068 -1227.04 405.794 460148 -1.42768
-156.081 -1226.85 405.797 460148 -1.42768
-156.09 -1226.69 405.799 460148 -1.42768
-156.1 -1226.52 405.801 460148 -1.42768
-156.109 -1226.36 405.803 460148 -1.42768
-156.118 -1226.19 405.805 460148 -1.42768
-156.128 -1226.03 405.807 460148 -1.42768
-156.137 -1225.86 405.809 460148 -1.42768
-156.146 -1225.7 405.811 460148 -1.42768
-156.155 -1225.54 405.813 460148 -1.42768
-156.165 -1225.38 405.815 460148 -1.42768
-156.174 -1225.22 405.817 460148 -1.42768
-156.183 -1225.06 405.819 460148 -1.42768
-156.192 -1224.9 405.821 460148 -1.42768
-156.202 -1224.73 405.823 460148 -1.42768
-156.211 -1224.56 405.825 460148 -1.42768
-156.22 -1224.4 405.827 460148 -1.42768
-156.23 -1224.23 405.829 460148 -1.42768
-156.239 -1224.07 405.832 460148 -1.42768
-156.249 -1223.9 405.834 460148 -1.42768
-156.258 -1223.74 405.836 460148 -1.42768
-156.268 -1223.57 405.838 460148 -1.42768
-156.277 -1223.4 405.84 460148 -1.42768
-156.287 -1223.23 405.842 460148 -1.42768
-156.296 -1223.07 405.844 460148 -1.42768
-156.305 -1222.9 405.846 460148 -1.42768
-156.315 -1222.73 405.848 460148 -1.42768
-156.324 -1222.57 405.85 460148 -1.42768
-156.334 -1222.4 405.853 460148 -1.42768
-156.343 -1222.23 405.855 460148 -1.42768
-156.353 -1222.07 405.857 460148 -1.42768
-156.362 -1221.9 405.859 460148 -1.42768
-156.372 -1221.73 405.861 460148 -1.42768
-156.381 -1221.57 405.863 460148 -1.42768
-156.391 -1221.4 405.865 460148 -1.42768
-156.4 -1221.23 405.867 460148 -1.42768
-156.41 -1221.07 405.869 460148 -1.42768
-156.419 -1220.9 405.871 460148 -1.42768
-156.429 -1220.73 405.873 460148 -1.42768
-156.438 -1220.57 405.876 460148 -1.42768
-156.448 -1220.4 405.878 460148 -1.42768
-156.457 -1220.23 405.88 460148 -1.42768
-156.467 -1220.06 405.882 460148 -1.42768
-156.476 -1219.9 405.884 460148 -1.42768
-156.486 -1219.73 405.886 460148 -1.42768
-156.495 -1219.56 405.888 460148 -1.42768
-156.505 -1219.4 405.89 460148 -1.42768
-156.514 -1219.23 405.892 460148 -1.42768
-156.524 -1219.06 405.894 460148 -1.42768
-156.533 -1218.9 405.897 460148 -1.42768
-156.543 -1218.73 405.899 460148 -1.42768
-156.552 -1218.56 405.901 460148 -1.42768
-156.562 -1218.4 405.903 460148 -1.42768
-156.571 -1218.23 405.905 460148 -1.42768
-156.581 -1218.06 405.907 460148 -1.42768
-156.59 -1217.9 405.909 460148 -1.42768
-156.6 -1217.73 405.911 460148 -1.42768
-156.609 -1217.56 405.913 460148 -1.42768
-156.619 -1217.4 405.915 460148 -1.42768
-156.628 -1217.23 405.918 460148 -1.42768
-156.637 -1217.06 405.92 460148 -1.42768
-156.647 -1216.9 405.922 460148 -1.42768
-156.656 -1216.73 405.924 460148 -1.42768
-156.666 -1216.56 405.926 460148 -1.42768
-156.675 -1216.4 405.928 460148 -1.42768
-156.685 -1216.23 405.93 460148 -1.42768
-156.694 -1216.06 405.932 460148 -1.42768
-156.704 -1215.9 405.934 460148 -1.42768
-156.713 -1215.73 405.936 460148 -1.42768
-156.723 -1215.56 405.938 460148 -1.42768
-156.732 -1215.4 405.941 460148 -1.42768
-156.742 -1215.23 405.943 460148 -1.42768
-156.751 -1215.06 405.945 460148 -1.42768
-156.761 -1214.9 405.947 460148 -1.42768
-156.77 -1214.73 405.949 460148 -1.42768
-156.78 -1214.56 405.951 460148 -1.42768
-156.789 -1214.39 405.953 460148 -1.42768
-156.799 -1214.23 405.955 460148 -1.42768
-156.808 -1214.06 405.957 460148 -1.42768
-156.818 -1213.89 405.959 460148 -1.42768
-156.827 -1213.73 405.962 460148 -1.42768
-156.837 -1213.56 405.964 460148 -1.42768
-156.846 -1213.4 405.966 460148 -1.42768
-156.856 -1213.23 405.968 460148 -1.42768
-156.865 -1213.06 405.97 460148 -1.42768
-156.875 -1212.9 405.972 460148 -1.42768
-156.884 -1212.73 405.974 460148 -1.42768
-156.894 -1212.56 405.976 460148 -1.42768
-156.903 -1212.39 405.978 460148 -1.42768
-156.913 -1212.23 405.98 460148 -1.42768
-156.922 -1212.06 405.982 460148 -1.42768
-156.932 -1211.89 405.985 460148 -1.42768
-156.941 -1211.73 405.987 460148 -1.42768
-156.951 -1211.56 405.989 460148 -1.42768
-156.96 -1211.39 405.991 460148 -1.42768
-156.97 -1211.22 405.993 460148 -1.42768
-156.979 -1211.05 405.995 460148 -1.42768
-156.989 -1210.88 405.997 460148 -1.42768
-156.998 -1210.72 405.999 460148 -1.42768
-157.008 -1210.55 406.002 460148 -1.42768
-157.018 -1210.38 406.004 460148 -1.42768
-157.027 -1210.21 406.006 460148 -1.42768
-157.037 -1210.04 406.008 460148 -1.42768
-157.046 -1209.87 406.01 460148 -1.42768
-157.056 -1209.71 406.012 460148 -1.42768
-157.065 -1209.54 406.014 460148 -1.42768
-157.075 -1209.38 406.016 460148 -1.42768
-157.084 -1209.21 406.018 460148 -1.42768
-157.093 -1209.05 406.02 460148 -1.42768
-157.103 -1208.88 406.022 460148 -1.42768
-157.112 -1208.73 406.024 460148 -1.42768
-157.12 -1208.58 406.026 460148 -1.42768
-157.129 -1208.42 406.028 460148 -1.42768
-157.138 -1208.27 406.03 460148 -1.42768
-157.146 -1208.12 406.032 460148 -1.42768
-157.155 -1207.96 406.034 460148 -1.42768
-157.163 -1207.83 406.036 460148 -1.42768
-157.171 -1207.69 406.037 460148 -1.42768
-157.179 -1207.55 406.039 460148 -1.42768
-157.186 -1207.41 406.041 460148 -1.42768
-157.194 -1207.28 406.043 460148 -1.42768
-157.202 -1207.14 406.044 460148 -1.42768
-157.209 -1207.01 406.046 460148 -1.42768
-157.216 -1206.89 406.048 460148 -1.42768
-157.223 -1206.76 406.049 460148 -1.42768
-157.231 -1206.64 406.051 460148 -1.42768
-157.238 -1206.51 406.052 460148 -1.42768
-157.245 -1206.38 406.054 460148 -1.42768
-157.252 -1206.26 406.055 460148 -1.42768
-157.259 -1206.13 406.057 460148 -1.42768
-157.266 -1206.01 406.059 460148 -1.42768
-157.273 -1205.88 406.06 460148 -1.42768
-157.28 -1205.76 406.062 460148 -1.42768
-157.287 -1205.64 406.063 460148 -1.42768
-157.295 -1205.5 406.065 460148 -1.42768
-157.303 -1205.37 406.067 460148 -1.42768
-157.31 -1205.24 406.068 460148 -1.42768
-157.318 -1205.1 406.07 460148 -1.42768
-157.326 -1204.97 406.072 460148 -1.42768
-157.333 -1204.83 406.073 460148 -1.42768
-157.342 -1204.69 406.075 460148 -1.42768
-157.35 -1204.54 406.077 460148 -1.42768
-157.359 -1204.4 406.079 460148 -1.42768
-157.367 -1204.25 406.081 460148 -1.42768
-157.375 -1204.1 406.082 460148 -1.42768
-157.384 -1203.96 406.084 460148 -1.42768
-157.393 -1203.8 406.086 460148 -1.42768
-157.402 -1203.65 406.088 460148 -1.42768
-157.411 -1203.49 406.09 460148 -1.42768
-157.422 -1203.34 406.092 460148 -1.42768
-157.434 -1203.19 406.094 460148 -1.42768
-157.445 -1203.03 406.096 460148 0
