6.90825e-310 6.90825e-310 0 0 0
0 0 0 0 0
0 0 0 0 0
0 0 0 0 0
0 0 0 0 0
0 0 0 0 0
-641.555 -2573.65 385.197 370148 23.6835
-641.075 -2572.55 385.137 370148 23.6835
-640.594 -2571.46 385.077 370148 23.6835
-640.113 -2570.36 385.017 370148 23.6835
-639.633 -2569.26 384.957 370148 23.6835
-639.152 -2568.17 384.897 370148 23.6835
-638.671 -2567.07 384.837 370148 23.6862
-638.19 -2565.98 384.777 370148 23.6862
-637.709 -2564.88 384.717 370148 23.6862
-637.229 -2563.78 384.657 370148 23.6862
-636.748 -2562.69 384.596 370148 23.6862
-636.267 -2561.59 384.536 370148 23.6862
-635.786 -2560.5 384.476 370148 23.6835
-635.305 -2559.4 384.416 370148 23.6835
-634.824 -2558.3 384.356 370148 23.6835
-634.343 -2557.21 384.296 370148 23.6835
-633.862 -2556.11 384.236 370148 23.6835
-633.381 -2555.01 384.176 370148 23.6835
-632.9 -2553.92 384.116 370148 23.6835
-632.42 -2552.82 384.056 370148 23.6835
-631.939 -2551.72 383.996 370148 23.6835
-631.458 -2550.63 383.936 370148 23.6835
-630.977 -2549.53 383.876 370148 23.6835
-630.497 -2548.44 383.816 370148 24.0975
-630.008 -2547.34 383.757 370148 24.575
-629.167 -2545.51 383.661 370148 24.575
-628.326 -2543.67 383.565 370148 24.575
-627.486 -2541.83 383.468 370148 24.575
-626.645 -2539.99 383.372 370148 24.575
-625.804 -2538.15 383.275 370148 24.575
-624.963 -2536.31 383.179 370148 24.5858
-624.213 -2534.67 383.093 370148 24.5858
-623.463 -2533.03 383.007 370148 24.5858
-622.712 -2531.39 382.921 370148 24.5858
-621.962 -2529.75 382.835 370148 24.5858
-621.212 -2528.11 382.749 370148 24.5858
-620.462 -2526.47 382.663 370148 24.7187
-619.643 -2524.69 382.569 370148 24.7187
-618.823 -2522.91 382.476 370148 24.7187
-618.004 -2521.14 382.382 370148 24.7187
-617.185 -2519.36 382.289 370148 24.7187
-616.366 -2517.58 382.195 370148 24.7187
-615.547 -2515.8 382.102 370148 24.5353
-614.791 -2514.14 382.015 370148 25.3022
-614.012 -2512.49 381.933 370148 25.3967
-613.231 -2510.85 381.851 370148 25.3967
-612.449 -2509.2 381.77 370148 25.3967
-611.668 -2507.56 381.689 370148 25.3967
-610.887 -2505.91 381.607 370148 25.3626
-610.181 -2504.42 381.533 370148 25.3626
-609.476 -2502.93 381.46 370148 25.3626
-608.771 -2501.45 381.386 370148 25.3626
-608.065 -2499.96 381.313 370148 25.3626
-607.36 -2498.47 381.239 370148 25.3626
-606.655 -2496.98 381.165 370148 25.3533
-606.047 -2495.7 381.102 370148 25.3533
-605.438 -2494.42 381.038 370148 25.3533
-604.83 -2493.13 380.975 370148 25.3533
-604.222 -2491.85 380.911 370148 25.3533
-603.614 -2490.57 380.848 370148 25.3533
-603.006 -2489.28 380.784 370148 25.3815
-602.488 -2488.19 380.73 370148 25.3815
-601.97 -2487.1 380.676 370148 25.3815
-601.452 -2486.01 380.622 370148 25.3815
-600.934 -2484.91 380.568 370148 25.3815
-600.416 -2483.82 380.514 370148 25.3815
-599.898 -2482.73 380.46 370148 25.3353
-599.45 -2481.79 380.413 370148 25.3353
-599.002 -2480.84 380.367 370148 25.6425
-598.55 -2479.9 380.321 370148 26.1954
-598.088 -2478.96 380.278 370148 26.1954
-597.626 -2478.02 380.235 370148 26.1954
-597.165 -2477.08 380.192 370148 26.5217
-596.749 -2476.25 380.154 370148 26.5217
-596.334 -2475.42 380.116 370148 26.5217
-595.918 -2474.58 380.077 370148 26.5217
-595.503 -2473.75 380.039 370148 26.5217
-595.088 -2472.92 380.001 370148 26.5217
-594.672 -2472.09 379.962 370148 26.4069
-594.267 -2471.27 379.925 370148 26.4069
-593.861 -2470.45 379.887 370148 26.4069
-593.455 -2469.64 379.85 370148 26.4069
-593.049 -2468.82 379.812 370148 26.4069
-592.644 -2468 379.775 370148 26.4069
-592.238 -2467.19 379.737 370148 26.455
-591.84 -2466.39 379.7 370148 26.455
-591.442 -2465.58 379.664 370148 26.455
-591.044 -2464.78 379.627 370148 26.455
-590.645 -2463.98 379.59 370148 26.455
-590.247 -2463.18 379.553 370148 26.455
-589.849 -2462.38 379.517 370148 26.4484
-589.453 -2461.59 379.48 370148 26.4484
-589.056 -2460.79 379.443 370148 26.4484
-588.66 -2459.99 379.407 370148 26.4484
-588.264 -2459.2 379.37 370148 26.4484
-587.867 -2458.4 379.333 370148 26.4484
-587.471 -2457.6 379.297 370148 26.3197
-587.065 -2456.78 379.259 370148 26.3197
-586.66 -2455.96 379.221 370148 26.3197
-586.255 -2455.14 379.184 370148 26.3197
-585.849 -2454.33 379.146 370148 26.3197
-585.444 -2453.51 379.109 370148 26.3197
-585.038 -2452.69 379.071 370148 26.4602
-584.614 -2451.83 379.032 370148 26.4602
-584.189 -2450.98 378.993 370148 26.4602
-583.765 -2450.13 378.953 370148 26.4602
-583.341 -2449.27 378.914 370148 26.4602
-582.916 -2448.42 378.875 370148 26.4602
-582.492 -2447.57 378.836 370148 26.6502
-582.051 -2446.69 378.796 370148 27.4277
-581.598 -2445.82 378.759 370148 27.4277
-581.145 -2444.95 378.723 370148 27.4277
-580.693 -2444.07 378.686 370148 27.4277
-580.24 -2443.2 378.65 370148 27.4277
-579.787 -2442.33 378.614 370148 27.3428
-579.334 -2441.45 378.577 370148 27.3428
-578.881 -2440.58 378.54 370148 27.3428
-578.428 -2439.7 378.504 370148 27.3428
-577.975 -2438.82 378.467 370148 27.3428
-577.522 -2437.95 378.431 370148 27.3428
-577.068 -2437.07 378.394 370148 27.2802
-576.625 -2436.21 378.358 370148 27.2802
-576.181 -2435.35 378.322 370148 27.2802
-575.737 -2434.49 378.287 370148 27.2802
-575.294 -2433.63 378.251 370148 27.2802
-574.85 -2432.77 378.215 370148 27.2802
-574.406 -2431.91 378.179 370148 27.3092
-573.972 -2431.07 378.144 370148 27.3092
-573.537 -2430.23 378.109 370148 27.3092
-573.103 -2429.38 378.074 370148 27.3092
-572.668 -2428.54 378.039 370148 27.3092
-572.234 -2427.7 378.004 370148 27.3092
-571.799 -2426.86 377.968 370148 27.3104
-571.369 -2426.03 377.934 370148 27.3104
-570.938 -2425.19 377.899 370148 27.3104
-570.508 -2424.36 377.864 370148 27.3104
-570.077 -2423.52 377.829 370148 27.3104
-569.646 -2422.69 377.795 370148 27.3104
-569.216 -2421.86 377.76 370148 27.313
-568.783 -2421.02 377.725 370148 27.313
-568.35 -2420.18 377.69 370148 27.313
-567.916 -2419.34 377.655 370148 27.313
-567.483 -2418.5 377.62 370148 27.313
-567.05 -2417.66 377.585 370148 27.313
-566.617 -2416.82 377.55 370148 27.1947
-566.176 -2415.97 377.514 370148 27.1947
-565.735 -2415.11 377.478 370148 27.1947
-565.295 -2414.25 377.443 370148 27.3426
-564.852 -2413.39 377.408 370148 28.051
-564.398 -2412.54 377.376 370148 28.051
-563.944 -2411.69 377.345 370148 28.1589
-563.473 -2410.81 377.313 370148 28.1589
-563.002 -2409.93 377.28 370148 28.1589
-562.531 -2409.05 377.248 370148 28.1589
-562.06 -2408.17 377.216 370148 28.1589
-561.589 -2407.29 377.183 370148 28.1589
-561.117 -2406.41 377.151 370148 28.2814
-560.628 -2405.5 377.118 370148 28.2814
-560.139 -2404.59 377.084 370148 28.2814
-559.65 -2403.68 377.051 370148 28.2814
-559.162 -2402.77 377.017 370148 28.2814
-558.673 -2401.87 376.984 370148 28.2814
-558.184 -2400.96 376.95 370148 28.168
-557.688 -2400.03 376.916 370148 28.1681
-557.192 -2399.11 376.882 370148 28.1681
-556.696 -2398.18 376.848 370148 28.1681
-556.2 -2397.25 376.814 370148 28.1681
-555.704 -2396.33 376.78 370148 28.1681
-555.208 -2395.4 376.746 370148 28.1677
-554.711 -2394.47 376.712 370148 28.1677
-554.214 -2393.54 376.678 370148 28.1677
-553.716 -2392.61 376.644 370148 28.1677
-553.219 -2391.69 376.609 370148 28.1677
-552.722 -2390.76 376.575 370148 28.1677
-552.224 -2389.83 376.541 370148 28.1652
-551.729 -2388.9 376.507 370148 28.1652
-551.234 -2387.98 376.473 370148 28.1652
-550.739 -2387.05 376.439 370148 28.1652
-550.244 -2386.13 376.405 370148 28.1652
-549.749 -2385.2 376.371 370148 28.1652
-549.254 -2384.28 376.337 370148 28.1675
-548.755 -2383.35 376.303 370148 28.1675
-548.257 -2382.42 376.269 370148 28.1675
-547.759 -2381.49 376.234 370148 28.1675
-547.261 -2380.56 376.2 370148 28.9925
-546.749 -2379.64 376.171 370148 29.0212
-546.237 -2378.71 376.143 370148 29.0228
-545.732 -2377.8 376.114 370148 29.0228
-545.226 -2376.89 376.086 370148 29.0228
-544.72 -2375.98 376.057 370148 29.0228
-544.214 -2375.07 376.029 370148 29.0228
-543.708 -2374.15 376.001 370148 29.0228
-543.202 -2373.24 375.972 370148 29.0245
-542.715 -2372.36 375.945 370148 29.0245
-542.227 -2371.48 375.917 370148 29.0245
-541.739 -2370.6 375.89 370148 29.0245
-541.251 -2369.73 375.863 370148 29.0245
-540.763 -2368.85 375.835 370148 29.0245
-540.276 -2367.97 375.808 370148 29.037
-539.798 -2367.11 375.781 370148 29.037
-539.32 -2366.25 375.754 370148 29.037
-538.842 -2365.39 375.727 370148 29.037
-538.364 -2364.52 375.701 370148 29.037
-537.886 -2363.66 375.674 370148 29.037
-537.409 -2362.8 375.647 370148 29.186
-536.924 -2361.94 375.62 370148 29.186
-536.439 -2361.07 375.593 370148 29.186
-535.954 -2360.2 375.566 370148 29.186
-535.469 -2359.33 375.539 370148 29.186
-534.984 -2358.46 375.512 370148 29.186
-534.499 -2357.59 375.484 370148 29.1761
-533.998 -2356.7 375.456 370148 29.1761
-533.496 -2355.8 375.428 370148 29.1761
-532.994 -2354.9 375.4 370148 29.1761
-532.493 -2354 375.372 370148 29.1761
-531.991 -2353.1 375.344 370148 29.1761
-531.489 -2352.2 375.316 370148 29.1524
-530.978 -2351.29 375.288 370148 29.1524
-530.467 -2350.37 375.259 370148 29.1524
-529.956 -2349.45 375.231 370148 29.1524
-529.445 -2348.54 375.202 370148 29.2709
-528.932 -2347.62 375.174 370148 30.0032
-528.407 -2346.71 375.152 370148 30.0855
-527.881 -2345.81 375.129 370148 30.0855
-527.356 -2344.9 375.107 370148 30.0855
-526.83 -2343.99 375.084 370148 30.0855
-526.305 -2343.09 375.061 370148 30.0855
-525.779 -2342.18 375.039 370148 30.0855
-525.253 -2341.27 375.016 370148 29.9252
-524.723 -2340.35 374.993 370148 29.9252
-524.193 -2339.43 374.971 370148 29.9252
-523.663 -2338.51 374.948 370148 29.9252
-523.133 -2337.59 374.925 370148 29.9252
-522.603 -2336.67 374.902 370148 29.9252
-522.073 -2335.75 374.879 370148 29.7628
-521.531 -2334.8 374.856 370148 29.7628
-520.988 -2333.85 374.832 370148 29.7628
-520.445 -2332.9 374.808 370148 29.7628
-519.902 -2331.95 374.785 370148 29.7628
-519.359 -2331 374.761 370148 29.7628
-518.816 -2330.05 374.738 370148 29.6524
-518.256 -2329.07 374.713 370148 29.6524
-517.696 -2328.08 374.689 370148 29.6524
-517.136 -2327.1 374.665 370148 29.6524
-516.576 -2326.12 374.64 370148 29.6524
-516.016 -2325.13 374.616 370148 29.6524
-515.456 -2324.15 374.592 370148 29.5046
-514.883 -2323.13 374.567 370148 29.5046
-514.309 -2322.12 374.541 370148 29.5046
-513.736 -2321.11 374.516 370148 29.5046
-513.162 -2320.09 374.491 370148 29.5046
-512.589 -2319.08 374.466 370148 29.5046
-512.015 -2318.07 374.441 370148 29.2665
-511.436 -2317.03 374.416 370148 29.2665
-510.858 -2316 374.39 370148 29.3908
-510.277 -2314.97 374.366 370148 30.1142
-509.683 -2313.95 374.348 370148 30.1142
-509.089 -2312.92 374.33 370148 30.1142
-508.495 -2311.9 374.312 370148 30.1408
-507.897 -2310.87 374.293 370148 30.1408
-507.3 -2309.84 374.275 370148 30.1408
-506.702 -2308.81 374.257 370148 30.1408
-506.104 -2307.78 374.239 370148 30.1408
-505.507 -2306.75 374.221 370148 30.1408
-504.909 -2305.72 374.202 370148 30.1374
-504.313 -2304.69 374.184 370148 30.1374
-503.716 -2303.67 374.166 370148 30.1374
-503.119 -2302.64 374.148 370148 30.1374
-502.523 -2301.61 374.13 370148 30.1374
-501.926 -2300.58 374.112 370148 30.1374
-501.33 -2299.56 374.093 370148 30.1364
-500.735 -2298.53 374.075 370148 30.1364
-500.139 -2297.51 374.057 370148 30.1364
-499.544 -2296.48 374.039 370148 30.1364
-498.949 -2295.46 374.021 370148 30.1364
-498.354 -2294.43 374.003 370148 30.1364
-497.759 -2293.41 373.985 370148 30.1403
-497.162 -2292.38 373.967 370148 30.1403
-496.565 -2291.35 373.948 370148 30.1403
-495.968 -2290.32 373.93 370148 30.1403
-495.371 -2289.29 373.912 370148 30.1403
-494.774 -2288.27 373.894 370148 30.1403
-494.177 -2287.24 373.876 370148 30.1392
-493.578 -2286.21 373.857 370148 30.1392
-492.979 -2285.17 373.839 370148 30.1393
-492.38 -2284.14 373.821 370148 30.1393
-491.781 -2283.11 373.803 370148 212.842
-492.122 -2283.64 373.81 380148 30.0154
-491.458 -2282.49 373.795 380148 30.0356
-490.804 -2281.36 373.78 380148 30.0356
-490.15 -2280.23 373.765 380148 30.0356
-489.497 -2279.1 373.751 380148 30.0356
-488.843 -2277.97 373.736 380148 30.0356
-488.189 -2276.84 373.721 380148 30.0356
-487.535 -2275.7 373.706 380148 30.1744
-486.931 -2274.67 373.693 380148 30.1744
-486.327 -2273.63 373.679 380148 30.1744
-485.723 -2272.59 373.666 380148 30.1744
-485.119 -2271.55 373.652 380148 30.1744
-484.514 -2270.51 373.639 380148 30.1744
-483.91 -2269.47 373.625 380148 30.1114
-483.342 -2268.49 373.613 380148 30.1114
-482.774 -2267.51 373.6 380148 30.1114
-482.207 -2266.53 373.587 380148 30.1114
-481.639 -2265.55 373.574 380148 30.1114
-481.071 -2264.57 373.562 380148 30.1114
-480.503 -2263.59 373.549 380148 30.1948
-479.978 -2262.69 373.537 380148 30.1948
-479.454 -2261.79 373.525 380148 30.1948
-478.93 -2260.89 373.514 380148 30.1948
-478.405 -2259.99 373.502 380148 30.1948
-477.881 -2259.09 373.49 380148 30.1948
-477.356 -2258.19 373.479 380148 30.9495
-476.828 -2257.31 373.47 380148 30.9727
-476.3 -2256.43 373.462 380148 30.9727
-475.771 -2255.55 373.453 380148 30.9727
-475.243 -2254.67 373.445 380148 30.9727
-474.715 -2253.78 373.437 380148 30.9727
-474.186 -2252.9 373.429 380148 31.2582
-473.622 -2251.98 373.42 380148 31.2582
-473.058 -2251.05 373.412 380148 31.2582
-472.495 -2250.12 373.403 380148 31.2582
-471.931 -2249.19 373.394 380148 31.2582
-471.367 -2248.26 373.386 380148 31.2582
-470.803 -2247.33 373.377 380148 31.2158
-470.203 -2246.34 373.368 380148 31.2158
-469.603 -2245.35 373.358 380148 31.2158
-469.003 -2244.36 373.349 380148 31.2158
-468.403 -2243.37 373.34 380148 31.2158
-467.803 -2242.38 373.331 380148 31.2158
-467.203 -2241.39 373.322 380148 31.1921
-466.588 -2240.37 373.312 380148 31.1921
-465.974 -2239.36 373.303 380148 31.1921
-465.359 -2238.34 373.293 380148 31.1921
-464.745 -2237.33 373.284 380148 31.1921
-464.13 -2236.31 373.274 380148 31.1921
-463.515 -2235.3 373.265 380148 31.1949
-462.896 -2234.28 373.255 380148 31.1949
-462.276 -2233.25 373.246 380148 31.1949
-461.656 -2232.23 373.236 380148 31.2865
-461.035 -2231.21 373.231 380148 31.2884
-460.413 -2230.18 373.225 380148 31.2884
-459.792 -2229.16 373.22 380148 31.2884
-459.17 -2228.14 373.214 380148 31.2884
-458.549 -2227.12 373.209 380148 31.2884
-457.927 -2226.09 373.203 380148 31.2884
-457.306 -2225.07 373.198 380148 31.2884
-456.684 -2224.05 373.192 380148 31.2884
-456.063 -2223.03 373.187 380148 31.3287
-455.449 -2222.02 373.181 380148 31.3287
-454.834 -2221.01 373.176 380148 31.3287
-454.22 -2220 373.17 380148 31.3286
-453.605 -2218.99 373.165 380148 31.3286
-452.991 -2217.98 373.16 380148 31.3286
-452.377 -2216.97 373.154 380148 31.2834
-451.777 -2215.98 373.149 380148 31.2834
-451.177 -2215 373.143 380148 31.2834
-450.577 -2214.01 373.138 380148 31.2834
-449.978 -2213.02 373.133 380148 31.2834
-449.378 -2212.03 373.128 380148 31.2834
-448.778 -2211.05 373.122 380148 31.3564
-448.197 -2210.09 373.117 380148 31.3564
-447.617 -2209.14 373.112 380148 31.3564
-447.036 -2208.19 373.107 380148 31.3564
-446.455 -2207.23 373.102 380148 31.3612
-445.874 -2206.28 373.097 380148 31.3945
-445.293 -2205.33 373.096 380148 31.2683
-444.734 -2204.41 373.095 380148 31.2683
-444.174 -2203.49 373.094 380148 31.2683
-443.615 -2202.57 373.092 380148 31.2683
-443.055 -2201.64 373.091 380148 31.2683
-442.496 -2200.72 373.09 380148 31.2683
-441.936 -2199.8 373.089 380148 31.2336
-441.387 -2198.9 373.088 380148 31.2336
-440.838 -2197.99 373.086 380148 31.2336
-440.289 -2197.09 373.085 380148 31.2336
-439.74 -2196.18 373.084 380148 31.2336
-439.191 -2195.28 373.083 380148 31.2336
-438.642 -2194.37 373.082 380148 30.9607
-438.093 -2193.45 373.081 380148 30.9607
-437.544 -2192.54 373.079 380148 30.9607
-436.994 -2191.62 373.078 380148 30.9607
-436.445 -2190.71 373.077 380148 30.9607
-435.896 -2189.79 373.076 380148 30.9607
-435.346 -2188.88 373.075 380148 30.8797
-434.778 -2187.93 373.073 380148 30.8797
-434.21 -2186.98 373.072 380148 30.8797
-433.643 -2186.03 373.071 380148 30.8797
-433.075 -2185.08 373.07 380148 30.8797
-432.507 -2184.13 373.069 380148 30.8797
-431.939 -2183.18 373.067 380148 30.9355
-431.352 -2182.2 373.066 380148 30.9355
-430.765 -2181.22 373.065 380148 30.9304
-430.178 -2180.24 373.065 380148 30.9181
-429.591 -2179.26 373.068 380148 30.9181
-429.004 -2178.28 373.07 380148 30.9181
-428.418 -2177.3 373.073 380148 30.587
-427.833 -2176.31 373.076 380148 30.587
-427.249 -2175.32 373.079 380148 30.587
-426.664 -2174.33 373.082 380148 30.587
-426.08 -2173.34 373.085 380148 30.587
-425.495 -2172.36 373.088 380148 30.587
-424.91 -2171.37 373.09 380148 30.3136
-424.338 -2170.39 373.093 380148 30.3136
-423.765 -2169.41 373.096 380148 30.3136
-423.193 -2168.43 373.099 380148 30.3136
-422.62 -2167.45 373.102 380148 30.3136
-422.048 -2166.47 373.104 380148 30.3136
-421.475 -2165.49 373.107 380148 30.203
-420.909 -2164.52 373.11 380148 30.203
-420.343 -2163.55 373.113 380148 30.203
-419.777 -2162.57 373.116 380148 30.203
-419.211 -2161.6 373.118 380148 30.203
-418.645 -2160.63 373.121 380148 30.203
-418.079 -2159.66 373.124 380148 30.3177
-417.504 -2158.67 373.127 380148 30.3177
-416.93 -2157.69 373.13 380148 30.3177
-416.355 -2156.71 373.133 380148 30.3177
-415.78 -2155.73 373.135 380148 30.3177
-415.206 -2154.74 373.138 380148 30.2646
-414.632 -2153.76 373.144 380148 30.5861
-414.049 -2152.77 373.151 380148 30.5861
-413.467 -2151.79 373.158 380148 30.5861
-412.884 -2150.8 373.165 380148 30.5861
-412.301 -2149.82 373.172 380148 30.5861
-411.719 -2148.83 373.179 380148 30.5861
-411.136 -2147.85 373.186 380148 30.7909
-410.574 -2146.9 373.193 380148 30.7909
-410.012 -2145.96 373.2 380148 30.7909
-409.45 -2145.02 373.207 380148 30.7909
-408.888 -2144.07 373.214 380148 30.7909
-408.326 -2143.13 373.22 380148 30.7909
-407.764 -2142.19 373.227 380148 30.5959
-407.232 -2141.29 373.234 380148 30.5959
-406.7 -2140.39 373.24 380148 30.5959
-406.168 -2139.49 373.246 380148 30.5959
-405.636 -2138.59 373.253 380148 30.5959
-405.104 -2137.69 373.259 380148 30.5959
-404.573 -2136.79 373.266 380148 30.5219
-404.065 -2135.93 373.272 380148 30.5219
-403.558 -2135.07 373.278 380148 30.5219
-403.051 -2134.21 373.284 380148 30.5219
-402.544 -2133.35 373.29 380148 30.5219
-402.036 -2132.49 373.297 380148 30.5219
-401.529 -2131.63 373.303 380148 30.4553
-401.053 -2130.82 373.309 380148 30.4553
-400.576 -2130.01 373.314 380148 30.4553
-400.1 -2129.2 373.32 380148 30.4429
-399.624 -2128.39 373.326 380148 30.327
-399.15 -2127.58 373.336 380148 30.327
-398.675 -2126.76 373.345 380148 30.4587
-398.206 -2125.97 373.354 380148 30.4587
-397.737 -2125.17 373.364 380148 30.4587
-397.269 -2124.37 373.373 380148 30.4587
-396.8 -2123.58 373.382 380148 30.4588
-396.331 -2122.78 373.391 380148 30.4587
-395.862 -2121.98 373.4 380148 30.5903
-395.395 -2121.19 373.41 380148 30.5903
-394.928 -2120.4 373.419 380148 30.5903
-394.46 -2119.61 373.428 380148 30.5903
-393.993 -2118.82 373.437 380148 30.5903
-393.526 -2118.03 373.446 380148 30.5903
-393.058 -2117.24 373.455 380148 30.4686
-392.605 -2116.47 373.464 380148 30.4686
-392.152 -2115.7 373.473 380148 30.4686
-391.7 -2114.93 373.482 380148 30.4686
-391.247 -2114.16 373.491 380148 30.4686
-390.794 -2113.39 373.5 380148 30.4686
-390.341 -2112.62 373.509 380148 30.3113
-389.91 -2111.88 373.517 380148 30.3113
-389.479 -2111.15 373.526 380148 30.3113
-389.049 -2110.41 373.534 380148 30.3113
-388.618 -2109.67 373.543 380148 30.3113
-388.187 -2108.93 373.551 380148 30.3113
-387.756 -2108.2 373.56 380148 30.4637
-387.335 -2107.48 373.568 380148 30.4637
-386.913 -2106.77 373.576 380148 30.4637
-386.492 -2106.05 373.585 380148 30.4637
-386.071 -2105.33 373.593 380148 30.4637
-385.649 -2104.62 373.601 380148 30.4637
-385.228 -2103.9 373.609 380148 30.4598
-384.808 -2103.19 373.618 380148 30.4598
-384.389 -2102.47 373.626 380148 30.2922
-383.971 -2101.76 373.637 380148 30.276
-383.554 -2101.04 373.649 380148 30.276
-383.137 -2100.33 373.66 380148 30.276
-382.719 -2099.61 373.672 380148 30.2761
-382.3 -2098.9 373.683 380148 30.2761
-381.88 -2098.18 373.695 380148 30.2761
-381.461 -2097.46 373.706 380148 30.2761
-381.041 -2096.74 373.718 380148 30.2761
-380.622 -2096.02 373.729 380148 30.2761
-380.202 -2095.3 373.741 380148 30.2762
-379.782 -2094.58 373.752 380148 30.2762
-379.362 -2093.86 373.764 380148 30.2762
-378.942 -2093.14 373.775 380148 30.2762
-378.522 -2092.42 373.787 380148 30.2762
-378.102 -2091.7 373.798 380148 30.2762
-377.682 -2090.98 373.81 380148 30.2762
-377.261 -2090.26 373.822 380148 30.2762
-376.84 -2089.54 373.833 380148 30.2762
-376.419 -2088.82 373.845 380148 30.2762
-375.998 -2088.1 373.856 380148 30.2762
-375.577 -2087.38 373.868 380148 30.2762
-375.157 -2086.66 373.879 380148 30.2763
-374.734 -2085.94 373.891 380148 30.2763
-374.312 -2085.21 373.903 380148 30.2763
-373.889 -2084.49 373.914 380148 30.2763
-373.467 -2083.76 373.926 380148 30.2763
-373.044 -2083.04 373.937 380148 30.2763
-372.622 -2082.32 373.949 380148 30.2762
-372.201 -2081.6 373.961 380148 30.2762
-371.78 -2080.88 373.972 380148 30.2762
-371.36 -2080.16 373.984 380148 30.2762
-370.939 -2079.43 373.995 380148 30.2762
-370.518 -2078.71 374.007 380148 30.2762
-370.098 -2077.99 374.018 380148 30.3379
-369.683 -2077.29 374.03 380148 30.3379
-369.269 -2076.58 374.041 380148 30.1914
-368.857 -2075.87 374.055 380148 30.0987
-368.446 -2075.16 374.069 380148 30.0987
-368.035 -2074.45 374.084 380148 30.0987
-367.623 -2073.74 374.099 380148 30.0398
-367.225 -2073.05 374.113 380148 30.0398
-366.827 -2072.36 374.127 380148 30.0398
-366.429 -2071.68 374.141 380148 30.0398
-366.031 -2070.99 374.155 380148 30.0398
-365.633 -2070.3 374.169 380148 30.0398
-365.236 -2069.61 374.184 380148 30.0431
-364.854 -2068.95 374.197 380148 30.0431
-364.473 -2068.29 374.211 380148 30.0431
-364.092 -2067.64 374.224 380148 30.0431
-363.711 -2066.98 374.238 380148 30.0431
-363.33 -2066.32 374.252 380148 30.0431
-362.949 -2065.66 374.265 380148 30.0276
-362.604 -2065.06 374.278 380148 30.0276
-362.258 -2064.46 374.29 380148 30.0276
-361.913 -2063.87 374.302 380148 30.0276
-361.568 -2063.27 374.315 380148 30.0276
-361.223 -2062.67 374.327 380148 30.0276
-360.878 -2062.08 374.339 380148 30.0352
-360.556 -2061.52 374.351 380148 30.0352
-360.233 -2060.96 374.362 380148 30.0352
-359.911 -2060.4 374.374 380148 30.0352
-359.588 -2059.84 374.385 380148 30.0352
-359.266 -2059.29 374.397 380148 30.0352
-358.943 -2058.73 374.408 380148 30.0373
-358.66 -2058.24 374.418 380148 30.0373
-358.377 -2057.75 374.428 380148 30.0373
-358.095 -2057.26 374.438 380148 30.0373
-357.812 -2056.77 374.449 380148 30.0373
-357.529 -2056.28 374.459 380148 30.0373
-357.246 -2055.79 374.469 380148 30.2908
-356.954 -2055.29 374.479 380148 30.2908
-356.662 -2054.79 374.489 380148 30.2908
-356.37 -2054.29 374.5 380148 30.2908
-356.078 -2053.79 374.51 380148 30.2908
-355.786 -2053.29 374.52 380148 30.2908
-355.494 -2052.79 374.531 380148 30.2763
-355.175 -2052.25 374.542 380148 30.2763
-354.856 -2051.7 374.553 380148 30.2763
-354.538 -2051.16 374.565 380148 30.2763
-354.219 -2050.61 374.576 380148 30.2333
-353.9 -2050.06 374.588 380148 29.9817
-353.584 -2049.52 374.601 380148 29.9606
-353.243 -2048.92 374.616 380148 29.9606
-352.901 -2048.33 374.631 380148 29.9606
-352.559 -2047.74 374.647 380148 29.9606
-352.218 -2047.14 374.662 380148 29.9606
-351.876 -2046.55 374.677 380148 29.9606
-351.534 -2045.96 374.692 380148 29.9752
-351.201 -2045.38 374.706 380148 29.9752
-350.868 -2044.8 374.721 380148 29.9752
-350.534 -2044.23 374.735 380148 29.9752
-350.201 -2043.65 374.75 380148 29.9752
-349.868 -2043.07 374.765 380148 29.9752
-349.535 -2042.49 374.779 380148 29.9706
-349.202 -2041.92 374.794 380148 29.9706
-348.869 -2041.34 374.809 380148 29.9706
-348.536 -2040.76 374.823 380148 29.9706
-348.203 -2040.18 374.838 380148 29.9706
-347.871 -2039.61 374.853 380148 29.9706
-347.538 -2039.03 374.867 380148 29.9658
-347.205 -2038.45 374.882 380148 29.9658
-346.872 -2037.87 374.896 380148 29.9658
-346.539 -2037.3 374.911 380148 29.9658
-346.206 -2036.72 374.926 380148 29.9658
-345.873 -2036.14 374.94 380148 29.9658
-345.54 -2035.56 374.955 380148 29.9706
-345.207 -2034.99 374.97 380148 29.9706
-344.874 -2034.41 374.984 380148 29.9706
-344.542 -2033.83 374.999 380148 29.9706
-344.209 -2033.26 375.013 380148 29.9706
-343.876 -2032.68 375.028 380148 29.9706
-343.543 -2032.1 375.043 380148 29.9705
-343.21 -2031.52 375.057 380148 29.9705
-342.877 -2030.95 375.072 380148 29.9705
-342.544 -2030.37 375.087 380148 29.9705
-342.211 -2029.79 375.101 380148 29.9705
-341.878 -2029.21 375.116 380148 29.9705
-341.545 -2028.64 375.131 380148 29.9705
-341.212 -2028.06 375.145 380148 29.9705
-340.879 -2027.48 375.16 380148 29.9705
-340.546 -2026.9 375.174 380148 29.9705
-340.213 -2026.33 375.189 380148 29.9705
-339.88 -2025.75 375.204 380148 29.9705
-339.547 -2025.17 375.218 380148 29.9706
-339.214 -2024.6 375.233 380148 29.9706
-338.881 -2024.02 375.248 380148 29.9706
-338.77 -2023.8 375.251 390148 28.5145
-338.451 -2023.21 375.266 390148 28.5145
-338.132 -2022.63 375.282 390148 28.5145
-337.813 -2022.04 375.297 390148 28.5145
-337.495 -2021.45 375.313 390148 28.5145
-337.176 -2020.87 375.328 390148 28.5145
-336.857 -2020.28 375.344 390148 28.5145
-336.538 -2019.69 375.359 390148 28.5145
-336.219 -2019.1 375.375 390148 28.5145
-335.901 -2018.52 375.39 390148 28.509
-335.581 -2017.93 375.406 390148 28.509
-335.261 -2017.34 375.421 390148 28.509
-334.941 -2016.75 375.437 390148 28.509
-334.621 -2016.16 375.453 390148 28.509
-334.301 -2015.57 375.468 390148 28.509
-333.981 -2014.98 375.484 390148 28.4841
-333.66 -2014.39 375.499 390148 28.4841
-333.338 -2013.8 375.515 390148 28.4841
-333.016 -2013.21 375.531 390148 28.4841
-332.695 -2012.61 375.546 390148 28.4841
-332.373 -2012.02 375.562 390148 28.4841
-332.051 -2011.43 375.578 390148 28.6346
-331.732 -2010.84 375.593 390148 28.6346
-331.413 -2010.26 375.609 390148 28.6346
-331.094 -2009.67 375.624 390148 28.6346
-330.775 -2009.09 375.64 390148 28.6346
-330.456 -2008.51 375.655 390148 28.6346
-330.137 -2007.92 375.67 390148 28.9075
-329.836 -2007.38 375.685 390148 28.9075
-329.535 -2006.83 375.699 390148 28.9075
-329.234 -2006.29 375.714 390148 28.9075
-328.933 -2005.74 375.728 390148 28.9075
-328.632 -2005.2 375.743 390148 28.9075
-328.331 -2004.65 375.757 390148 27.8014
-328.063 -2004.14 375.772 390148 27.6634
-327.797 -2003.63 375.787 390148 27.6634
-327.531 -2003.13 375.802 390148 27.6634
-327.264 -2002.62 375.818 390148 27.6634
-326.998 -2002.11 375.833 390148 27.6634
-326.732 -2001.6 375.848 390148 27.6054
-326.487 -2001.14 375.862 390148 27.6054
-326.243 -2000.67 375.876 390148 27.6054
-325.999 -2000.2 375.89 390148 27.6054
-325.755 -1999.73 375.904 390148 27.6054
-325.51 -1999.27 375.918 390148 27.6054
-325.266 -1998.8 375.932 390148 27.6054
-325.048 -1998.38 375.944 390148 27.6054
-324.831 -1997.95 375.957 390148 27.6054
-324.613 -1997.53 375.969 390148 27.6054
-324.396 -1997.11 375.982 390148 27.6054
-324.178 -1996.68 375.995 390148 27.6054
-323.96 -1996.26 376.007 390148 27.6054
-323.76 -1995.87 376.019 390148 27.6054
-323.559 -1995.48 376.03 390148 27.6054
-323.358 -1995.09 376.042 390148 27.6054
-323.158 -1994.7 376.054 390148 27.6054
-322.957 -1994.31 376.065 390148 27.6054
-322.756 -1993.92 376.077 390148 27.6054
-322.558 -1993.53 376.088 390148 27.6054
-322.359 -1993.15 376.1 390148 27.6054
-322.16 -1992.76 376.111 390148 27.6054
-321.962 -1992.38 376.123 390148 27.6054
-321.763 -1991.99 376.134 390148 27.6054
-321.564 -1991.61 376.146 390148 27.6054
-321.363 -1991.22 376.157 390148 27.6054
-321.162 -1990.83 376.169 390148 27.6054
-320.96 -1990.44 376.18 390148 27.6054
-320.759 -1990.05 376.192 390148 27.6054
-320.558 -1989.66 376.204 390148 27.6054
-320.356 -1989.27 376.215 390148 27.6054
-320.154 -1988.88 376.227 390148 27.6054
-319.952 -1988.48 376.239 390148 27.6054
-319.749 -1988.09 376.25 390148 27.6054
-319.547 -1987.7 376.262 390148 27.6054
-319.344 -1987.31 376.274 390148 27.6054
-319.142 -1986.92 376.285 390148 27.6054
-318.94 -1986.53 376.297 390148 27.6054
-318.738 -1986.13 376.309 390148 27.6054
-318.536 -1985.74 376.32 390148 27.6054
-318.334 -1985.35 376.332 390148 27.6054
-318.132 -1984.96 376.344 390148 27.6054
-317.93 -1984.57 376.355 390148 27.6054
-317.736 -1984.18 376.368 390148 27.6054
-317.542 -1983.79 376.381 390148 27.6054
-317.348 -1983.4 376.394 390148 27.6054
-317.154 -1983.01 376.407 390148 27.6054
-316.96 -1982.62 376.42 390148 27.6054
-316.765 -1982.23 376.433 390148 27.6054
-316.571 -1981.84 376.446 390148 27.6054
-316.377 -1981.45 376.459 390148 27.6054
-316.183 -1981.06 376.471 390148 27.6054
-315.989 -1980.67 376.484 390148 27.6054
-315.795 -1980.28 376.497 390148 27.6054
-315.601 -1979.89 376.51 390148 27.6054
-315.402 -1979.48 376.523 390148 27.6054
-315.204 -1979.08 376.537 390148 27.6054
-315.005 -1978.67 376.55 390148 27.6054
-314.806 -1978.27 376.563 390148 27.6054
-314.607 -1977.86 376.577 390148 27.6054
-314.408 -1977.46 376.59 390148 26.1727
-314.187 -1977.01 376.605 390148 26.1727
-313.966 -1976.56 376.62 390148 26.1727
-313.744 -1976.11 376.635 390148 26.1727
-313.523 -1975.66 376.65 390148 26.1727
-313.302 -1975.21 376.664 390148 26.1727
-313.081 -1974.76 376.679 390148 26.5126
-312.836 -1974.27 376.695 390148 26.5126
-312.592 -1973.78 376.712 390148 26.5126
-312.348 -1973.29 376.728 390148 26.5126
-312.104 -1972.8 376.744 390148 26.5126
-311.859 -1972.31 376.76 390148 26.5126
-311.615 -1971.82 376.776 390148 26.6232
-311.35 -1971.29 376.794 390148 26.6232
-311.084 -1970.76 376.811 390148 26.6232
-310.819 -1970.23 376.829 390148 26.6232
-310.553 -1969.7 376.846 390148 26.6232
-310.288 -1969.17 376.864 390148 26.6232
-310.022 -1968.64 376.882 390148 26.8986
-309.73 -1968.07 376.901 390148 26.8986
-309.438 -1967.49 376.92 390148 26.8986
-309.146 -1966.92 376.939 390148 26.8986
-308.854 -1966.34 376.958 390148 26.8986
-308.562 -1965.76 376.977 390148 26.8986
-308.27 -1965.19 376.996 390148 26.7852
-307.967 -1964.59 377.016 390148 26.0696
-307.671 -1963.98 377.038 390148 25.9109
-307.378 -1963.38 377.06 390148 25.9109
-307.084 -1962.77 377.081 390148 25.9109
-306.79 -1962.17 377.103 390148 25.9109
-306.496 -1961.56 377.125 390148 25.8867
-306.201 -1960.96 377.147 390148 25.8867
-305.907 -1960.35 377.169 390148 25.8867
-305.613 -1959.74 377.191 390148 25.8867
-305.318 -1959.14 377.213 390148 25.8867
-305.024 -1958.53 377.235 390148 25.8867
-304.729 -1957.92 377.257 390148 25.879
-304.438 -1957.32 377.279 390148 25.879
-304.146 -1956.72 377.301 390148 25.879
-303.854 -1956.12 377.323 390148 25.879
-303.562 -1955.52 377.344 390148 25.879
-303.27 -1954.92 377.366 390148 25.879
-302.978 -1954.31 377.388 390148 25.8841
-302.687 -1953.71 377.41 390148 25.8841
-302.396 -1953.11 377.432 390148 25.8841
-302.104 -1952.51 377.453 390148 25.8841
-301.813 -1951.91 377.475 390148 25.8841
-301.522 -1951.31 377.497 390148 25.8841
-301.23 -1950.71 377.519 390148 25.884
-300.939 -1950.11 377.54 390148 25.884
-300.647 -1949.51 377.562 390148 25.884
-300.356 -1948.91 377.584 390148 25.884
-300.064 -1948.31 377.606 390148 25.884
-299.773 -1947.71 377.627 390148 25.884
-299.481 -1947.11 377.649 390148 25.8839
-299.19 -1946.51 377.671 390148 25.8839
-298.898 -1945.91 377.693 390148 25.8839
-298.607 -1945.3 377.715 390148 25.8839
-298.315 -1944.7 377.736 390148 25.6944
-298.025 -1944.1 377.759 390148 25.0126
-297.743 -1943.5 377.782 390148 25.008
-297.461 -1942.89 377.806 390148 25.008
-297.178 -1942.29 377.83 390148 25.008
-296.896 -1941.68 377.853 390148 25.008
-296.614 -1941.08 377.877 390148 25.008
-296.332 -1940.47 377.901 390148 25.008
-296.05 -1939.87 377.925 390148 25.0126
-295.767 -1939.26 377.948 390148 25.0126
-295.485 -1938.66 377.972 390148 25.0126
-295.202 -1938.05 377.996 390148 25.0126
-294.92 -1937.45 378.019 390148 25.0126
-294.638 -1936.84 378.043 390148 25.0126
-294.355 -1936.23 378.067 390148 25.0127
-294.073 -1935.63 378.091 390148 25.0127
-293.791 -1935.02 378.114 390148 25.0127
-293.508 -1934.42 378.138 390148 25.0127
-293.226 -1933.81 378.162 390148 25.0127
-292.944 -1933.21 378.185 390148 25.0127
-292.661 -1932.6 378.209 390148 25.0126
-292.379 -1932 378.233 390148 25.0126
-292.097 -1931.39 378.257 390148 25.0126
-291.814 -1930.79 378.28 390148 25.0126
-291.532 -1930.18 378.304 390148 25.0126
-291.249 -1929.58 378.328 390148 25.0126
-290.967 -1928.97 378.351 390148 25.008
-290.685 -1928.37 378.375 390148 25.008
-290.402 -1927.76 378.399 390148 25.008
-290.12 -1927.16 378.423 390148 25.008
-289.838 -1926.55 378.446 390148 25.008
-289.556 -1925.95 378.47 390148 25.008
-289.273 -1925.34 378.494 390148 25.0126
-288.991 -1924.74 378.517 390148 25.0126
-288.708 -1924.13 378.541 390148 24.5874
-288.431 -1923.52 378.566 390148 24.1448
-288.157 -1922.91 378.591 390148 24.1448
-287.884 -1922.31 378.617 390148 24.1448
-287.611 -1921.7 378.642 390148 24.1449
-287.338 -1921.09 378.668 390148 24.1449
-287.065 -1920.48 378.694 390148 24.1449
-286.792 -1919.87 378.719 390148 24.1449
-286.519 -1919.26 378.745 390148 24.1449
-286.246 -1918.65 378.77 390148 24.1449
-285.973 -1918.04 378.796 390148 24.1448
-285.699 -1917.43 378.821 390148 24.1448
-285.426 -1916.82 378.847 390148 24.1448
-285.153 -1916.21 378.873 390148 24.1448
-284.88 -1915.6 378.898 390148 24.1448
-284.606 -1914.99 378.924 390148 24.1448
-284.333 -1914.38 378.949 390148 24.1448
-284.06 -1913.77 378.975 390148 24.1448
-283.787 -1913.17 379.001 390148 24.1448
-283.514 -1912.56 379.026 390148 24.1448
-283.24 -1911.95 379.052 390148 24.1448
-282.967 -1911.34 379.077 390148 24.1448
-282.694 -1910.73 379.103 390148 24.1449
-282.421 -1910.12 379.128 390148 24.1449
-282.148 -1909.51 379.154 390148 24.1449
-281.875 -1908.9 379.18 390148 24.1449
-281.602 -1908.29 379.205 390148 24.1449
-281.329 -1907.68 379.231 390148 24.1449
-281.056 -1907.07 379.256 390148 24.1447
-280.782 -1906.46 379.282 390148 24.1447
-280.509 -1905.85 379.307 390148 24.1447
-280.236 -1905.24 379.333 390148 24.1447
-279.963 -1904.63 379.359 390148 24.1447
-279.689 -1904.02 379.384 390148 24.1447
-279.416 -1903.41 379.41 390148 23.5114
-279.15 -1902.8 379.437 390148 23.276
-278.886 -1902.19 379.464 390148 23.276
-278.622 -1901.58 379.491 390148 23.276
-278.359 -1900.96 379.519 390148 23.276
-278.095 -1900.35 379.546 390148 23.276
-277.831 -1899.74 379.573 390148 23.2807
-277.567 -1899.12 379.601 390148 23.2807
-277.303 -1898.51 379.628 390148 23.2807
-277.039 -1897.9 379.655 390148 23.2807
-276.775 -1897.28 379.683 390148 23.2807
-276.511 -1896.67 379.71 390148 23.2807
-276.247 -1896.06 379.737 390148 23.2808
-275.983 -1895.44 379.765 390148 23.2808
-275.719 -1894.83 379.792 390148 23.2808
-275.456 -1894.22 379.819 390148 23.2808
-275.192 -1893.6 379.847 390148 23.2808
-274.928 -1892.99 379.874 390148 23.2808
-274.664 -1892.38 379.902 390148 23.2805
-274.4 -1891.76 379.929 390148 23.2805
-274.136 -1891.15 379.956 390148 23.2805
-273.871 -1890.53 379.984 390148 23.2805
-273.607 -1889.92 380.011 390148 23.2805
-273.343 -1889.31 380.038 390148 23.2805
-273.079 -1888.69 380.066 390148 23.2765
-272.816 -1888.08 380.093 390148 23.2765
-272.552 -1887.47 380.12 390148 23.2765
-272.289 -1886.86 380.148 390148 23.2765
-272.026 -1886.24 380.175 390148 23.2765
-271.763 -1885.63 380.202 390148 23.2765
-271.5 -1885.02 380.23 390148 23.2586
-271.239 -1884.41 380.257 390148 23.2586
-270.977 -1883.81 380.284 390148 23.2586
-270.716 -1883.2 380.311 390148 23.2586
-270.455 -1882.59 380.338 390148 22.5113
-270.202 -1881.98 380.366 390148 22.3987
-269.949 -1881.37 380.395 390148 22.5399
-269.693 -1880.75 380.424 390148 22.5399
-269.437 -1880.13 380.453 390148 22.5399
-269.181 -1879.52 380.482 390148 22.5399
-268.925 -1878.9 380.511 390148 22.5399
-268.669 -1878.28 380.541 390148 22.5399
-268.413 -1877.67 380.57 390148 22.1381
-268.151 -1877.02 380.6 390148 22.1381
-267.889 -1876.38 380.63 390148 22.1381
-267.626 -1875.73 380.661 390148 22.1381
-267.364 -1875.09 380.691 390148 22.1381
-267.102 -1874.44 380.721 390148 22.1381
-266.839 -1873.8 380.751 390148 21.8907
-266.562 -1873.11 380.784 390148 21.8907
-266.285 -1872.42 380.816 390148 21.8907
-266.007 -1871.73 380.849 390148 21.8907
-265.73 -1871.04 380.881 390148 21.8907
-265.452 -1870.35 380.913 390148 21.8907
-265.175 -1869.66 380.946 390148 21.6637
-264.886 -1868.93 380.98 390148 21.6637
-264.596 -1868.2 381.014 390148 21.6637
-264.307 -1867.47 381.048 390148 21.6637
-264.017 -1866.74 381.082 390148 21.6637
-263.728 -1866.01 381.116 390148 21.6637
-263.438 -1865.28 381.15 390148 21.4192
-263.135 -1864.51 381.187 390148 21.4192
-262.831 -1863.74 381.223 390148 21.4192
-262.528 -1862.96 381.259 390148 21.4192
-262.224 -1862.19 381.295 390148 21.2798
-261.923 -1861.41 381.331 390148 20.5638
-261.631 -1860.64 381.37 390148 20.2045
-261.333 -1859.83 381.409 390148 20.2045
-261.035 -1859.02 381.449 390148 20.2045
-260.738 -1858.21 381.488 390148 20.2045
-260.44 -1857.4 381.528 390148 20.2044
-260.142 -1856.59 381.568 390148 20.2044
-259.845 -1855.78 381.607 390148 20.2359
-259.543 -1854.96 381.647 390148 20.2359
-259.242 -1854.15 381.687 390148 20.2359
-258.94 -1853.33 381.727 390148 20.2358
-258.638 -1852.51 381.767 390148 20.2358
-258.337 -1851.69 381.808 390148 20.2358
-258.035 -1850.87 381.848 390148 20.2332
-257.735 -1850.06 381.888 390148 20.2331
-257.434 -1849.24 381.927 390148 20.2331
-257.133 -1848.43 381.967 390148 20.2331
-256.832 -1847.61 382.007 390148 20.2331
-256.531 -1846.79 382.047 390148 20.233
-256.231 -1845.98 382.087 390148 20.2291
-255.931 -1845.17 382.127 390148 20.2291
-255.631 -1844.35 382.167 390148 20.2291
-255.332 -1843.54 382.207 390148 20.229
-255.032 -1842.73 382.247 390148 20.229
-254.733 -1841.91 382.286 390148 20.229
-254.433 -1841.1 382.326 390148 20.2231
-254.132 -1840.28 382.366 390148 19.3821
-253.844 -1839.46 382.408 390148 19.3821
-253.555 -1838.64 382.45 390148 19.382
-253.267 -1837.82 382.492 390148 19.382
-252.979 -1837 382.534 390148 19.382
-252.69 -1836.18 382.576 390148 19.3845
-252.401 -1835.36 382.618 390148 19.3845
-252.112 -1834.54 382.66 390148 19.3845
-251.823 -1833.72 382.702 390148 19.3845
-251.533 -1832.9 382.744 390148 19.3844
-251.244 -1832.07 382.786 390148 19.3844
-250.955 -1831.25 382.828 390148 19.344
-250.669 -1830.44 382.87 390148 19.344
-250.384 -1829.63 382.912 390148 19.3439
-250.098 -1828.81 382.953 390148 19.3439
-249.812 -1828 382.995 390148 19.3439
-249.526 -1827.18 383.037 390148 19.3439
-249.241 -1826.37 383.078 390148 19.5273
-248.959 -1825.58 383.119 390148 19.5272
-248.678 -1824.78 383.159 390148 19.5272
-248.396 -1823.99 383.2 390148 19.5272
-248.115 -1823.19 383.241 390148 19.5272
-247.833 -1822.4 383.281 390148 19.5272
-247.552 -1821.61 383.322 390148 19.605
-247.278 -1820.84 383.362 390148 19.605
-247.004 -1820.07 383.401 390148 19.605
-246.73 -1819.3 383.44 390148 19.605
-246.887 -1819.69 383.42 400148 18.9589
-246.622 -1818.92 383.462 400148 18.9589
-246.357 -1818.15 383.505 400148 19.2623
-246.091 -1817.39 383.546 400148 19.2623
-245.826 -1816.63 383.588 400148 19.2623
-245.561 -1815.87 383.63 400148 19.2623
-245.295 -1815.11 383.672 400148 19.2623
-245.03 -1814.35 383.713 400148 19.2623
-244.765 -1813.6 383.755 400148 19.8679
-244.49 -1812.84 383.797 400148 19.8679
-244.215 -1812.07 383.839 400148 19.8679
-243.94 -1811.31 383.881 400148 19.8679
-243.666 -1810.55 383.923 400148 19.8679
-243.391 -1809.79 383.965 400148 19.8679
-243.116 -1809.03 384.006 400148 20.1374
-242.844 -1808.29 384.047 400148 20.1374
-242.571 -1807.55 384.089 400148 20.1374
-242.299 -1806.8 384.13 400148 20.1374
-242.026 -1806.06 384.171 400148 20.1374
-241.754 -1805.32 384.212 400148 19.7563
-241.486 -1804.57 384.253 400148 19.5066
-241.23 -1803.85 384.292 400148 19.5066
-240.974 -1803.13 384.332 400148 19.5066
-240.717 -1802.4 384.371 400148 19.5066
-240.461 -1801.68 384.411 400148 19.5066
-240.205 -1800.96 384.451 400148 19.5066
-239.948 -1800.23 384.49 400148 19.6355
-239.691 -1799.51 384.53 400148 19.6355
-239.433 -1798.79 384.569 400148 19.6355
-239.175 -1798.07 384.609 400148 19.6355
-238.918 -1797.34 384.649 400148 19.6355
-238.66 -1796.62 384.688 400148 19.6355
-238.402 -1795.9 384.728 400148 19.6191
-238.136 -1795.15 384.769 400148 19.6191
-237.87 -1794.41 384.81 400148 19.6191
-237.604 -1793.66 384.851 400148 19.6191
-237.337 -1792.91 384.891 400148 19.6191
-237.071 -1792.16 384.932 400148 19.6191
-236.805 -1791.42 384.973 400148 19.6106
-236.526 -1790.64 385.016 400148 19.4897
-236.249 -1789.85 385.059 400148 19.0057
-235.979 -1789.07 385.101 400148 19.0057
-235.709 -1788.28 385.144 400148 19.0057
-235.439 -1787.5 385.187 400148 19.0057
-235.168 -1786.71 385.229 400148 18.9973
-234.895 -1785.92 385.272 400148 18.9973
-234.621 -1785.12 385.316 400148 18.9973
-234.347 -1784.33 385.359 400148 18.9973
-234.073 -1783.53 385.402 400148 18.9973
-233.8 -1782.74 385.445 400148 18.9973
-233.526 -1781.94 385.488 400148 18.9966
-233.255 -1781.16 385.531 400148 18.9966
-232.983 -1780.37 385.574 400148 18.9966
-232.712 -1779.58 385.616 400148 18.9966
-232.441 -1778.79 385.659 400148 18.9966
-232.17 -1778 385.702 400148 18.9966
-231.898 -1777.22 385.745 400148 19.0001
-231.627 -1776.43 385.787 400148 19.0001
-231.355 -1775.64 385.83 400148 18.9461
-231.085 -1774.85 385.873 400148 18.3965
-230.821 -1774.06 385.915 400148 18.3965
-230.558 -1773.27 385.958 400148 18.3965
-230.295 -1772.48 386 400148 18.3973
-230.032 -1771.69 386.043 400148 18.3973
-229.77 -1770.9 386.085 400148 18.3973
-229.507 -1770.11 386.128 400148 18.3973
-229.245 -1769.32 386.17 400148 18.3973
-228.982 -1768.53 386.212 400148 18.3973
-228.719 -1767.74 386.255 400148 18.3991
-228.458 -1766.95 386.297 400148 18.3991
-228.197 -1766.17 386.339 400148 18.3991
-227.936 -1765.38 386.381 400148 18.3991
-227.674 -1764.6 386.423 400148 18.3991
-227.413 -1763.81 386.465 400148 18.3991
-227.152 -1763.03 386.508 400148 18.3939
-226.89 -1762.24 386.55 400148 18.3939
-226.627 -1761.45 386.592 400148 18.3939
-226.365 -1760.66 386.634 400148 18.3939
-226.103 -1759.87 386.677 400148 17.8675
-225.848 -1759.08 386.719 400148 17.7916
-225.594 -1758.29 386.761 400148 17.6413
-225.336 -1757.48 386.804 400148 17.6413
-225.078 -1756.67 386.847 400148 17.6413
-224.82 -1755.86 386.89 400148 17.6413
-224.562 -1755.04 386.933 400148 17.6413
-224.304 -1754.23 386.976 400148 17.6413
-224.046 -1753.42 387.019 400148 17.7172
-223.774 -1752.57 387.064 400148 17.7172
-223.501 -1751.72 387.109 400148 17.7172
-223.229 -1750.86 387.154 400148 17.7172
-222.956 -1750.01 387.199 400148 17.7171
-222.684 -1749.16 387.244 400148 17.7171
-222.411 -1748.31 387.29 400148 17.8757
-222.124 -1747.42 387.337 400148 17.8757
-221.837 -1746.53 387.384 400148 17.8757
-221.55 -1745.64 387.431 400148 17.8757
-221.263 -1744.75 387.478 400148 17.3992
-220.983 -1743.85 387.525 400148 17.2751
-220.706 -1742.96 387.572 400148 17.3059
-220.415 -1742.03 387.621 400148 17.3059
-220.125 -1741.1 387.67 400148 17.3059
-219.835 -1740.16 387.718 400148 17.3059
-219.544 -1739.23 387.767 400148 17.3059
-219.254 -1738.3 387.816 400148 17.3059
-218.963 -1737.37 387.865 400148 17.2119
-218.662 -1736.39 387.915 400148 17.2119
-218.361 -1735.42 387.966 400148 17.2119
-218.059 -1734.45 388.017 400148 17.2119
-217.758 -1733.48 388.068 400148 17.2119
-217.457 -1732.5 388.119 400148 17.2119
-217.155 -1731.53 388.17 400148 17.2786
-216.84 -1730.52 388.223 400148 17.2786
-216.525 -1729.51 388.276 400148 16.8008
-216.219 -1728.49 388.328 400148 16.6796
-215.915 -1727.48 388.38 400148 16.6796
-215.61 -1726.46 388.433 400148 16.6796
-215.306 -1725.44 388.485 400148 16.7914
-214.988 -1724.39 388.539 400148 16.7914
-214.671 -1723.34 388.594 400148 16.7914
-214.353 -1722.29 388.648 400148 16.7914
-214.036 -1721.23 388.702 400148 16.7914
-213.718 -1720.18 388.756 400148 16.7914
-213.4 -1719.13 388.811 400148 16.874
-213.067 -1718.03 388.867 400148 16.874
-212.734 -1716.93 388.924 400148 16.874
-212.401 -1715.83 388.98 400148 16.874
-212.068 -1714.74 389.037 400148 16.6811
-211.738 -1713.64 389.093 400148 16.2768
-211.416 -1712.53 389.149 400148 16.1043
-211.092 -1711.41 389.206 400148 16.1043
-210.767 -1710.29 389.263 400148 16.1043
-210.443 -1709.16 389.32 400148 16.1043
-210.118 -1708.04 389.377 400148 16.1043
-209.794 -1706.91 389.434 400148 16.1043
-209.469 -1705.79 389.491 400148 16.1133
-209.143 -1704.66 389.548 400148 16.1133
-208.817 -1703.53 389.605 400148 16.1133
-208.491 -1702.4 389.663 400148 16.1133
-208.165 -1701.27 389.72 400148 16.1133
-207.839 -1700.15 389.777 400148 16.1133
-207.513 -1699.02 389.834 400148 15.7284
-207.195 -1697.89 389.89 400148 15.517
-206.882 -1696.76 389.947 400148 15.517
-206.569 -1695.63 390.003 400148 15.517
-206.256 -1694.51 390.059 400148 15.517
-205.943 -1693.38 390.115 400148 15.517
-205.63 -1692.25 390.171 400148 15.5205
-205.317 -1691.12 390.227 400148 15.5205
-205.004 -1690 390.283 400148 15.5205
-204.691 -1688.87 390.339 400148 15.5205
-204.379 -1687.75 390.395 400148 15.5205
-204.066 -1686.62 390.451 400148 15.5205
-203.753 -1685.49 390.507 400148 15.516
-203.439 -1684.36 390.563 400148 15.516
-203.126 -1683.23 390.62 400148 14.9495
-202.823 -1682.1 390.675 400148 14.9228
-202.521 -1680.97 390.73 400148 14.9228
-202.219 -1679.83 390.785 400148 14.9228
-201.917 -1678.7 390.841 400148 14.9748
-201.614 -1677.57 390.896 400148 14.9748
-201.311 -1676.44 390.951 400148 14.9748
-201.008 -1675.3 391.006 400148 14.9748
-200.705 -1674.17 391.062 400148 14.9748
-200.403 -1673.04 391.117 400148 14.9748
-200.1 -1671.91 391.172 400148 14.9332
-199.801 -1670.78 391.227 400148 14.9332
-199.501 -1669.66 391.281 400148 14.9332
-199.202 -1668.54 391.336 400148 14.9332
-199.076 -1668.08 391.358 410148 13.9138
-198.797 -1666.96 391.422 410148 13.9138
-198.519 -1665.83 391.487 410148 13.4762
-198.255 -1664.73 391.55 410148 13.4393
-197.992 -1663.63 391.611 410148 13.4393
-197.729 -1662.53 391.673 410148 13.4223
-197.466 -1661.43 391.734 410148 13.3927
-197.204 -1660.33 391.794 410148 13.3927
-196.942 -1659.23 391.855 410148 13.0982
-196.693 -1658.16 391.913 410148 13.0745
-196.445 -1657.09 391.97 410148 13.0745
-196.197 -1656.02 392.028 410148 13.0648
-195.949 -1654.95 392.085 410148 13.0445
-195.701 -1653.88 392.142 410148 13.0445
-195.454 -1652.81 392.199 410148 12.8194
-195.216 -1651.77 392.254 410148 12.8031
-194.979 -1650.73 392.31 410148 12.8031
-194.741 -1649.68 392.365 410148 12.8015
-194.504 -1648.64 392.421 410148 12.7897
-194.267 -1647.59 392.476 410148 12.7897
-194.03 -1646.55 392.532 410148 12.9818
-193.793 -1645.52 392.586 410148 12.9768
-193.557 -1644.5 392.642 410148 12.9767
-193.32 -1643.47 392.697 410148 12.9767
-193.084 -1642.44 392.752 410148 12.9791
-192.847 -1641.42 392.808 410148 12.9798
-192.61 -1640.39 392.864 410148 13.206
-192.373 -1639.38 392.919 410148 13.2128
-192.135 -1638.36 392.975 410148 13.2174
-191.897 -1637.35 393.031 410148 13.2174
-191.659 -1636.34 393.088 410148 13.1747
-191.539 -1635.83 393.112 420148 13.2073
-191.301 -1634.81 393.158 420148 13.2317
-191.066 -1633.81 393.203 420148 13.1524
-190.833 -1632.81 393.248 420148 12.9692
-190.602 -1631.81 393.294 420148 12.9692
-190.372 -1630.81 393.34 420148 12.9212
-190.143 -1629.81 393.386 420148 12.7362
-189.917 -1628.81 393.433 420148 12.594
-189.697 -1627.83 393.48 420148 12.578
-189.478 -1626.85 393.526 420148 12.3904
-189.261 -1625.86 393.573 420148 12.3904
-189.045 -1624.88 393.621 420148 12.3904
-188.829 -1623.89 393.668 420148 12.2282
-188.616 -1622.91 393.716 420148 12.1958
-188.405 -1621.93 393.763 420148 12.1958
-188.194 -1620.96 393.81 420148 12.0846
-187.985 -1619.98 393.858 420148 12.0511
-187.776 -1619 393.905 420148 12.0511
-187.568 -1618.03 393.953 420148 11.9819
-187.36 -1617.05 394 420148 11.955
-187.153 -1616.07 394.048 420148 11.955
-186.946 -1615.1 394.095 420148 11.9175
-186.74 -1614.12 394.143 420148 11.869
-186.534 -1613.14 394.19 420148 11.869
-186.329 -1612.16 394.237 420148 11.8535
-186.124 -1611.18 394.284 420148 11.8097
-185.919 -1610.2 394.33 420148 11.8097
-185.714 -1609.22 394.377 420148 11.8063
-185.509 -1608.24 394.424 420148 11.7825
-185.304 -1607.26 394.469 420148 11.7825
-185.1 -1606.28 394.515 420148 11.7825
-184.895 -1605.3 394.561 420148 10.3944
-184.792 -1604.74 394.586 430148 11.0654
-184.6 -1603.76 394.634 430148 11.0654
-184.408 -1602.78 394.682 430148 11.1102
-184.215 -1601.79 394.728 430148 11.1191
-184.022 -1600.81 394.772 430148 11.1191
-183.829 -1599.83 394.817 430148 11.1359
-183.636 -1598.85 394.86 430148 11.1435
-183.443 -1597.87 394.903 430148 11.1435
-183.25 -1596.89 394.945 430148 11.1409
-183.056 -1595.9 394.988 430148 11.1387
-182.863 -1594.92 395.029 430148 11.1387
-182.67 -1593.94 395.071 430148 11.1222
-182.477 -1592.96 395.113 430148 11.1015
-182.284 -1591.98 395.156 430148 11.1015
-182.091 -1591 395.198 430148 11.0864
-181.899 -1590.01 395.241 430148 11.0382
-181.708 -1589.03 395.286 430148 11.0382
-181.516 -1588.05 395.33 430148 11.0338
-181.325 -1587.07 395.375 430148 10.9488
-181.135 -1586.09 395.423 430148 10.9488
-180.945 -1585.11 395.471 430148 10.9488
-180.755 -1584.12 395.519 430148 10.8369
-180.567 -1583.14 395.571 430148 10.8271
-180.379 -1582.16 395.623 430148 10.8239
-180.191 -1581.18 395.676 430148 10.71
-180.006 -1580.2 395.733 430148 10.6729
-179.821 -1579.21 395.792 430148 10.6729
-179.635 -1578.23 395.851 430148 10.5673
-179.452 -1577.25 395.914 430148 10.4927
-179.27 -1576.27 395.98 430148 10.4959
-179.088 -1575.29 396.046 430148 10.0967
-178.997 -1574.77 396.068 440148 10.0719
-178.821 -1573.78 396.11 440148 10.0719
-178.646 -1572.8 396.152 440148 10.0719
-178.471 -1571.81 396.195 440148 10.0719
-178.296 -1570.83 396.237 440148 10.0686
-178.121 -1569.84 396.28 440148 9.99489
-177.948 -1568.86 396.322 440148 9.87044
-177.776 -1567.87 396.366 440148 9.87044
-177.605 -1566.89 396.409 440148 9.87043
-177.433 -1565.9 396.453 440148 9.87043
-177.262 -1564.91 396.496 440148 9.87391
-177.09 -1563.93 396.54 440148 9.80859
-176.919 -1562.94 396.584 440148 9.6765
-176.75 -1561.95 396.628 440148 9.6765
-176.582 -1560.96 396.672 440148 9.6765
-176.413 -1559.97 396.716 440148 9.67649
-176.245 -1558.99 396.76 440148 9.67708
-176.076 -1557.99 396.804 440148 9.61705
-175.908 -1557 396.849 440148 9.4804
-175.742 -1556.01 396.893 440148 9.4804
-175.576 -1555.02 396.937 440148 9.4804
-175.41 -1554.02 396.981 440148 9.4804
-175.244 -1553.03 397.026 440148 9.47783
-175.078 -1552.03 397.07 440148 9.41836
-174.913 -1551.04 397.114 440148 9.2819
-174.75 -1550.04 397.158 440148 9.28189
-174.587 -1549.04 397.202 440148 9.28189
-174.424 -1548.04 397.246 440148 9.28189
-174.261 -1547.05 397.29 440148 9.41326
-174.105 -1546.11 397.331 440148 9.37042
-173.949 -1545.16 397.373 440148 9.21807
-173.796 -1544.22 397.413 440148 9.21807
-173.644 -1543.28 397.453 440148 9.21807
-173.491 -1542.34 397.494 440148 9.21807
-173.338 -1541.4 397.534 440148 9.16122
-173.193 -1540.5 397.573 440148 9.16122
-173.048 -1539.6 397.611 440148 9.01029
-172.906 -1538.7 397.648 440148 8.96678
-172.764 -1537.81 397.685 440148 8.96678
-172.623 -1536.91 397.722 440148 8.96678
-172.481 -1536.01 397.759 440148 8.81447
-172.349 -1535.16 397.794 440148 8.81447
-172.217 -1534.31 397.829 440148 8.81447
-172.086 -1533.46 397.864 440148 8.62877
-171.957 -1532.61 397.897 440148 8.62079
-171.828 -1531.76 397.93 440148 8.62079
-171.699 -1530.91 397.963 440148 8.62375
-171.577 -1530.11 397.995 440148 8.62375
-171.455 -1529.3 398.026 440148 8.62375
-171.333 -1528.5 398.057 440148 8.62375
-171.211 -1527.69 398.088 440148 8.48952
-171.091 -1526.89 398.118 440148 8.43083
-170.971 -1526.08 398.147 440148 8.59196
-170.848 -1525.27 398.177 440148 8.59196
-170.725 -1524.45 398.206 440148 8.59196
-170.601 -1523.63 398.235 440148 8.59196
-170.478 -1522.82 398.265 440148 8.59196
-170.355 -1522 398.294 440148 8.52598
-170.232 -1521.19 398.323 440148 8.40441
-170.11 -1520.36 398.35 440148 8.40441
-169.988 -1519.53 398.377 440148 8.40441
-169.866 -1518.7 398.404 440148 8.40441
-169.743 -1517.88 398.431 440148 8.40441
-169.621 -1517.05 398.458 440148 8.40441
-169.499 -1516.22 398.485 440148 8.40441
-169.448 -1515.87 398.497 450148 7.61267
-169.338 -1515.04 398.529 450148 7.61267
-169.227 -1514.22 398.561 450148 7.61266
-169.117 -1513.39 398.594 450148 7.61266
-169.006 -1512.57 398.626 450148 7.61266
-168.896 -1511.74 398.658 450148 7.61279
-168.785 -1510.91 398.691 450148 7.61279
-168.675 -1510.08 398.723 450148 7.61279
-168.564 -1509.26 398.756 450148 7.61279
-168.453 -1508.43 398.788 450148 7.61279
-168.343 -1507.6 398.82 450148 7.61279
-168.232 -1506.77 398.853 450148 7.61279
-168.122 -1505.95 398.885 450148 7.61279
-168.011 -1505.12 398.918 450148 7.61279
-167.9 -1504.29 398.95 450148 7.61279
-167.79 -1503.46 398.983 450148 7.61279
-167.679 -1502.63 399.015 450148 7.61279
-167.569 -1501.81 399.048 450148 7.61658
-167.458 -1500.98 399.08 450148 7.61658
-167.347 -1500.15 399.112 450148 7.61658
-167.237 -1499.33 399.145 450148 7.61657
-167.126 -1498.5 399.177 450148 7.61657
-167.015 -1497.67 399.21 450148 7.61657
-166.905 -1496.84 399.242 450148 7.60895
-166.794 -1496.02 399.274 450148 7.60895
-166.684 -1495.19 399.307 450148 7.43955
-166.576 -1494.36 399.339 450148 6.83604
-166.476 -1493.53 399.369 450148 6.83604
-166.377 -1492.7 399.4 450148 6.83604
-166.278 -1491.87 399.43 450148 6.84366
-166.178 -1491.05 399.461 450148 6.84366
-166.079 -1490.22 399.492 450148 6.84366
-165.979 -1489.39 399.522 450148 6.84366
-165.88 -1488.56 399.553 450148 6.84366
-165.78 -1487.73 399.583 450148 6.84366
-165.681 -1486.9 399.614 450148 6.8398
-165.581 -1486.07 399.644 450148 6.8398
-165.482 -1485.25 399.675 450148 6.8398
-165.383 -1484.42 399.705 450148 6.8398
-165.283 -1483.59 399.736 450148 6.8398
-165.184 -1482.76 399.766 450148 6.8398
-165.085 -1481.93 399.797 450148 6.83997
-164.985 -1481.1 399.827 450148 6.83997
-164.885 -1480.27 399.858 450148 6.83997
-164.786 -1479.44 399.888 450148 6.83997
-164.686 -1478.61 399.919 450148 6.83997
-164.587 -1477.78 399.95 450148 6.83997
-164.487 -1476.95 399.98 450148 6.84029
-164.387 -1476.12 400.011 450148 6.84029
-164.287 -1475.28 400.042 450148 6.84029
-164.187 -1474.45 400.073 450148 6.84029
-164.086 -1473.61 400.103 450148 6.54432
-163.991 -1472.78 400.133 450148 6.05777
-163.902 -1471.94 400.162 450148 6.04215
-163.814 -1471.11 400.191 450148 6.04214
-163.726 -1470.28 400.22 450148 6.04214
-163.638 -1469.45 400.248 450148 6.04214
-163.55 -1468.62 400.277 450148 6.04214
-163.462 -1467.79 400.306 450148 6.04214
-163.374 -1466.95 400.334 450148 6.31504
-163.285 -1466.15 400.362 450148 6.31504
-163.196 -1465.35 400.39 450148 6.31504
-163.107 -1464.54 400.418 450148 6.31504
-163.018 -1463.74 400.445 450148 6.31504
-162.929 -1462.93 400.473 450148 6.31504
-162.84 -1462.13 400.501 450148 6.26951
-162.758 -1461.38 400.527 450148 6.26951
-162.675 -1460.62 400.553 450148 6.26951
-162.592 -1459.87 400.579 450148 6.26951
-162.509 -1459.12 400.605 450148 6.26951
-162.426 -1458.36 400.631 450148 6.26951
-162.344 -1457.61 400.657 450148 6.14054
-162.267 -1456.9 400.682 450148 6.14054
-162.19 -1456.18 400.706 450148 6.14054
-162.114 -1455.47 400.731 450148 6.14054
-162.037 -1454.76 400.756 450148 6.14054
-161.96 -1454.04 400.78 450148 6.14054
-161.883 -1453.33 400.805 450148 5.96122
-161.814 -1452.67 400.828 450148 5.96122
-161.745 -1452 400.851 450148 5.64112
-161.679 -1451.34 400.873 450148 5.16942
-161.619 -1450.67 400.894 450148 5.16941
-161.558 -1450 400.916 450148 5.16941
-161.498 -1449.34 400.937 450148 5.29639
-161.44 -1448.71 400.958 450148 5.29639
-161.381 -1448.08 400.978 450148 5.29639
-161.323 -1447.45 400.998 450148 5.29639
-161.264 -1446.81 401.019 450148 5.29639
-161.206 -1446.18 401.039 450148 5.29639
-161.147 -1445.55 401.059 450148 5.23517
-161.09 -1444.93 401.08 450148 5.23517
-161.033 -1444.3 401.1 450148 5.23517
-160.975 -1443.68 401.12 450148 5.23517
-160.918 -1443.05 401.14 450148 5.23517
-160.861 -1442.43 401.16 450148 5.23517
-160.804 -1441.8 401.18 450148 5.26613
-160.746 -1441.17 401.2 450148 5.26613
-160.688 -1440.55 401.221 450148 5.26613
-160.63 -1439.92 401.241 450148 5.26613
-160.572 -1439.29 401.261 450148 5.26613
-160.514 -1438.66 401.282 450148 5.26613
-160.455 -1438.03 401.302 450148 5.26642
-160.397 -1437.39 401.322 450148 5.26642
-160.339 -1436.76 401.343 450148 5.26642
-160.28 -1436.13 401.363 450148 5.26642
-160.222 -1435.49 401.384 450148 5.26642
-160.164 -1434.86 401.404 450148 5.26642
-160.105 -1434.23 401.424 450148 5.26613
-160.047 -1433.6 401.445 450148 5.26613
-159.989 -1432.97 401.465 450148 5.26613
-159.931 -1432.34 401.485 450148 5.26613
-159.873 -1431.71 401.506 450148 5.26613
-159.815 -1431.08 401.526 450148 5.26613
-159.757 -1430.45 401.546 450148 4.95095
-159.703 -1429.82 401.566 450148 4.47003
-159.654 -1429.2 401.585 450148 4.47003
-159.605 -1428.57 401.603 450148 4.47003
-159.556 -1427.94 401.622 450148 4.47003
-159.507 -1427.32 401.641 450148 4.47003
-159.458 -1426.69 401.66 450148 4.45555
-159.409 -1426.06 401.679 450148 4.45555
-159.359 -1425.42 401.698 450148 4.45555
-159.31 -1424.79 401.717 450148 4.45555
-159.261 -1424.16 401.736 450148 4.45555
-159.211 -1423.53 401.755 450148 4.45555
-159.162 -1422.89 401.774 450148 4.14336
-159.114 -1422.23 401.793 450148 4.14336
-159.066 -1421.56 401.813 450148 4.14335
-159.018 -1420.9 401.833 450148 4.14335
-158.97 -1420.24 401.853 450148 4.14335
-158.922 -1419.57 401.873 450148 4.14335
-158.873 -1418.91 401.893 450148 4.30169
-158.82 -1418.2 401.914 450148 4.30169
-158.767 -1417.49 401.935 450148 4.30168
-158.714 -1416.78 401.957 450148 4.30168
-158.66 -1416.07 401.978 450148 4.30168
-158.607 -1415.37 401.999 450148 4.30168
-158.554 -1414.66 402.02 450148 4.58806
-158.492 -1413.89 402.043 450148 4.58806
-158.431 -1413.13 402.066 450148 4.58806
-158.37 -1412.37 402.089 450148 4.58806
-158.309 -1411.6 402.112 450148 4.58806
-158.247 -1410.84 402.135 450148 4.58806
-158.186 -1410.08 402.158 450148 4.77989
-158.121 -1409.3 402.181 450148 4.77989
-158.057 -1408.53 402.204 450148 3.99884
-158.002 -1407.75 402.226 450148 3.97048
-157.949 -1406.98 402.247 450148 3.97048
-157.895 -1406.2 402.269 450148 3.97048
-157.841 -1405.43 402.29 450148 3.78732
-157.794 -1404.71 402.31 450148 3.78732
-157.746 -1404 402.33 450148 3.78732
-157.699 -1403.28 402.35 450148 3.78732
-157.652 -1402.57 402.369 450148 3.78732
-157.604 -1401.85 402.389 450148 3.78732
-157.557 -1401.13 402.409 450148 3.74011
-157.513 -1400.47 402.428 450148 3.74011
-157.47 -1399.8 402.446 450148 3.74011
-157.426 -1399.13 402.465 450148 3.74011
-157.382 -1398.46 402.483 450148 3.74011
-157.339 -1397.8 402.502 450148 3.74011
-157.295 -1397.13 402.52 450148 3.46
-157.257 -1396.51 402.537 450148 3.46
-157.22 -1395.89 402.555 450148 3.46
-157.182 -1395.27 402.572 450148 3.46
-157.145 -1394.65 402.589 450148 3.46
-157.108 -1394.03 402.606 450148 3.46
-157.07 -1393.41 402.623 450148 3.60988
-157.034 -1392.84 402.639 450148 3.60988
-156.999 -1392.28 402.655 450148 3.60988
-156.963 -1391.71 402.671 450148 3.60988
-156.927 -1391.14 402.686 450148 3.60988
-156.891 -1390.57 402.702 450148 3.60988
-156.855 -1390.01 402.718 450148 3.65944
-156.82 -1389.45 402.733 450148 3.65944
-156.784 -1388.89 402.749 450148 3.65944
-156.748 -1388.33 402.764 450148 3.65944
-156.713 -1387.77 402.78 450148 3.65944
-156.677 -1387.22 402.795 450148 3.31943
-156.645 -1386.66 402.81 450148 2.83673
-156.617 -1386.09 402.825 450148 2.83673
-156.589 -1385.53 402.839 450148 2.83673
-156.561 -1384.96 402.853 450148 2.83673
-156.533 -1384.4 402.868 450148 2.83673
-156.505 -1383.84 402.882 450148 2.83673
-156.477 -1383.27 402.897 450148 2.83716
-156.449 -1382.7 402.911 450148 2.83716
-156.42 -1382.13 402.926 450148 2.83716
-156.392 -1381.57 402.94 450148 2.83716
-156.364 -1381 402.955 450148 2.83716
-156.336 -1380.43 402.969 450148 2.83716
-156.308 -1379.86 402.984 450148 2.84266
-156.28 -1379.29 402.998 450148 2.84266
-156.251 -1378.73 403.013 450148 2.84266
-156.223 -1378.16 403.027 450148 2.84266
-156.195 -1377.59 403.042 450148 2.84266
-156.167 -1377.02 403.056 450148 2.84266
-156.139 -1376.46 403.071 450148 2.87064
-156.11 -1375.89 403.085 450148 2.87064
-156.082 -1375.32 403.1 450148 2.87064
-156.053 -1374.76 403.114 450148 2.87064
-156.025 -1374.19 403.128 450148 2.87064
-155.997 -1373.62 403.143 450148 2.87064
-155.968 -1373.06 403.157 450148 2.77005
-155.941 -1372.49 403.172 450148 2.77005
-155.913 -1371.92 403.186 450148 2.77005
-155.886 -1371.35 403.201 450148 2.77005
-155.858 -1370.78 403.215 450148 2.77005
-155.831 -1370.21 403.23 450148 2.77005
-155.803 -1369.64 403.244 450148 2.66789
-155.777 -1369.08 403.259 450148 2.66789
-155.75 -1368.51 403.273 450148 2.66788
-155.724 -1367.95 403.288 450148 2.66788
-155.698 -1367.38 403.302 450148 2.66788
-155.672 -1366.82 403.317 450148 2.66788
-155.645 -1366.26 403.331 450148 3.09021
-155.616 -1365.71 403.345 450148 2.97697
-155.587 -1365.16 403.359 450148 2.26471
-155.565 -1364.61 403.372 450148 2.2647
-155.544 -1364.06 403.384 450148 2.2647
-155.522 -1363.52 403.397 450148 2.2647
-155.5 -1362.97 403.41 450148 2.2647
-155.479 -1362.47 403.422 450148 2.2647
-155.458 -1361.97 403.433 450148 2.2647
-155.437 -1361.48 403.445 450148 2.2647
-155.416 -1360.98 403.456 450148 2.2647
-155.395 -1360.48 403.468 450148 2.2647
-155.374 -1359.98 403.48 450148 2.2647
-155.356 -1359.53 403.49 450148 2.2647
-155.337 -1359.07 403.501 450148 2.2647
-155.319 -1358.62 403.512 450148 2.2647
-155.301 -1358.16 403.522 450148 2.2647
-155.282 -1357.7 403.533 450148 2.2647
-155.264 -1357.25 403.544 450148 2.2647
-155.25 -1356.84 403.553 450148 2.2647
-155.235 -1356.43 403.563 450148 2.2647
-155.221 -1356.02 403.572 450148 2.2647
-155.207 -1355.61 403.582 450148 2.2647
-155.192 -1355.2 403.591 450148 2.2647
-155.178 -1354.79 403.601 450148 2.2647
-155.163 -1354.42 403.61 450148 2.2647
-155.148 -1354.05 403.618 450148 2.2647
-155.133 -1353.68 403.627 450148 2.2647
-155.118 -1353.32 403.635 450148 2.2647
-155.103 -1352.95 403.644 450148 2.2647
-155.088 -1352.58 403.653 450148 2.2647
-155.072 -1352.22 403.661 450148 2.2647
-155.057 -1351.86 403.669 450148 2.2647
-155.041 -1351.5 403.678 450148 2.2647
-155.026 -1351.14 403.686 450148 2.2647
-155.01 -1350.78 403.695 450148 2.2647
-154.995 -1350.42 403.703 450148 2.2647
-154.979 -1350.06 403.712 450148 2.2647
-154.964 -1349.69 403.72 450148 2.2647
-154.948 -1349.32 403.729 450148 2.2647
-154.932 -1348.96 403.737 450148 2.2647
-154.917 -1348.59 403.746 450148 2.2647
-154.901 -1348.23 403.754 450148 2.2647
-154.886 -1347.86 403.763 450148 2.2647
-154.87 -1347.5 403.771 450148 2.2647
-154.854 -1347.13 403.78 450148 2.2647
-154.839 -1346.76 403.788 450148 2.2647
-154.823 -1346.4 403.797 450148 2.2647
-154.807 -1346.03 403.806 450148 2.2647
-154.792 -1345.67 403.814 450148 2.2647
-154.776 -1345.3 403.823 450148 2.2647
-154.761 -1344.94 403.831 450148 2.2647
-154.745 -1344.58 403.839 450148 2.2647
-154.73 -1344.21 403.848 450148 2.2647
-154.714 -1343.85 403.856 450148 2.2647
-154.699 -1343.48 403.865 450148 2.2647
-154.689 -1343.11 403.873 450148 2.2647
-154.678 -1342.74 403.881 450148 2.2647
-154.668 -1342.37 403.888 450148 2.2647
-154.657 -1342 403.896 450148 2.2647
-154.646 -1341.63 403.904 450148 2.2647
-154.636 -1341.25 403.912 450148 2.2647
-154.625 -1340.86 403.92 450148 2.2647
-154.614 -1340.48 403.929 450148 2.2647
-154.603 -1340.09 403.937 450148 2.2647
-154.593 -1339.71 403.945 450148 2.2647
-154.582 -1339.32 403.953 450148 2.2647
-154.572 -1338.93 403.961 450148 2.2647
-154.562 -1338.53 403.97 450148 2.2647
-154.552 -1338.14 403.978 450148 2.2647
-154.542 -1337.75 403.986 450148 2.2647
-154.531 -1337.36 403.995 450148 2.2647
-154.521 -1336.96 404.003 450148 2.2647
-154.511 -1336.58 404.011 450148 2.2647
-154.5 -1336.2 404.019 450148 2.2647
-154.49 -1335.83 404.027 450148 2.2647
-154.479 -1335.45 404.035 450148 2.2647
-154.469 -1335.07 404.043 450148 2.2647
-154.459 -1334.69 404.051 450148 2.2647
-154.451 -1334.35 404.059 450148 2.2647
-154.443 -1334.01 404.066 450148 2.2647
-154.436 -1333.67 404.073 450148 2.2647
-154.428 -1333.33 404.08 450148 2.2647
-154.42 -1332.99 404.087 450148 2.2647
-154.413 -1332.66 404.094 450148 2.2647
-154.409 -1332.36 404.101 450148 2.2647
-154.406 -1332.06 404.107 450148 2.2647
-154.402 -1331.77 404.113 450148 2.2647
-154.398 -1331.47 404.12 450148 2.2647
-154.395 -1331.17 404.126 450148 2.2647
-154.391 -1330.88 404.132 450148 2.2647
-154.386 -1330.6 404.138 450148 2.2647
-154.38 -1330.33 404.144 450148 2.2647
-154.375 -1330.06 404.149 450148 2.2647
-154.369 -1329.78 404.155 450148 2.2647
-154.364 -1329.51 404.161 450148 2.2647
-154.359 -1329.24 404.167 450148 2.2647
-154.353 -1328.97 404.172 450148 2.2647
-154.348 -1328.71 404.178 450148 2.2647
-154.342 -1328.44 404.184 450148 2.2647
-154.337 -1328.17 404.189 450148 2.2647
-154.331 -1327.9 404.195 450148 2.2647
-154.326 -1327.64 404.201 450148 2.2647
-154.32 -1327.37 404.207 450148 2.2647
-154.314 -1327.09 404.212 450148 2.2647
-154.309 -1326.82 404.218 450148 2.2647
-154.303 -1326.55 404.224 450148 2.2647
-154.298 -1326.28 404.23 450148 2.2647
-154.292 -1326.01 404.235 450148 2.2647
-154.287 -1325.74 404.241 450148 2.2647
-154.281 -1325.46 404.247 450148 2.2647
-154.275 -1325.19 404.253 450148 2.2647
-154.27 -1324.91 404.258 450148 2.2647
-154.264 -1324.64 404.264 450148 2.2647
-154.258 -1324.37 404.27 450148 2.2647
-154.253 -1324.09 404.276 450148 2.2647
-154.247 -1323.82 404.282 450148 2.2647
-154.241 -1323.55 404.287 450148 2.2647
-154.236 -1323.27 404.293 450148 2.2647
-154.23 -1323 404.299 450148 2.2647
-154.224 -1322.72 404.305 450148 2.2647
-154.218 -1322.45 404.311 450148 2.2647
-154.213 -1322.17 404.317 450148 2.2647
-154.207 -1321.9 404.322 450148 2.2647
-154.204 -1321.62 404.328 450148 2.2647
-154.202 -1321.35 404.333 450148 2.2647
-154.201 -1321.07 404.338 450148 2.2647
-154.199 -1320.8 404.344 450148 2.2647
-154.197 -1320.53 404.349 450148 2.2647
-154.195 -1320.25 404.354 450148 2.2647
-154.193 -1319.98 404.359 450148 2.2647
-154.191 -1319.71 404.364 450148 2.2647
-154.189 -1319.44 404.37 450148 2.2647
-154.188 -1319.17 404.375 450148 2.2647
-154.187 -1318.91 404.38 450148 2.2647
-154.185 -1318.65 404.385 450148 2.2647
-154.184 -1318.38 404.39 450148 2.2647
-154.183 -1318.12 404.395 450148 2.2647
-154.182 -1317.86 404.4 450148 2.2647
-154.182 -1317.6 404.405 450148 2.2647
-154.183 -1317.34 404.41 450148 2.2647
-154.184 -1317.08 404.414 450148 2.2647
-154.184 -1316.82 404.419 450148 2.2647
-154.185 -1316.56 404.424 450148 2.2647
-154.186 -1316.3 404.429 450148 2.2647
-154.187 -1316.04 404.434 450148 2.2647
-154.187 -1315.77 404.439 450148 2.2647
-154.188 -1315.51 404.444 450148 2.2647
-154.189 -1315.24 404.45 450148 2.2647
-154.19 -1314.98 404.455 450148 2.2647
-154.191 -1314.71 404.46 450148 2.2647
-154.189 -1314.44 404.465 450148 2.2647
-154.187 -1314.16 404.47 450148 2.2647
-154.185 -1313.89 404.475 450148 2.2647
-154.183 -1313.62 404.481 450148 2.2647
-154.181 -1313.34 404.486 450148 2.2647
-154.179 -1313.07 404.491 450148 2.2647
-154.172 -1312.8 404.496 450148 2.2647
-154.165 -1312.53 404.501 450148 2.2647
-154.158 -1312.27 404.506 450148 2.2647
-154.152 -1312 404.511 450148 2.2647
-154.145 -1311.73 404.516 450148 2.2647
-154.138 -1311.46 404.522 450148 2.2647
-154.131 -1311.22 404.526 450148 2.2647
-154.125 -1310.98 404.531 450148 2.2647
-154.118 -1310.74 404.535 450148 2.2647
-154.112 -1310.5 404.54 450148 2.2647
-154.105 -1310.26 404.545 450148 2.2647
-154.099 -1310.02 404.549 450148 2.2647
-154.094 -1309.81 404.553 450148 2.2647
-154.088 -1309.59 404.557 450148 2.2647
-154.083 -1309.38 404.561 450148 2.2647
-154.078 -1309.17 404.565 450148 2.2647
-154.072 -1308.96 404.569 450148 2.2647
-154.067 -1308.75 404.573 450148 2.2647
-154.061 -1308.55 404.577 450148 2.2647
-154.055 -1308.35 404.581 450148 2.2647
-154.049 -1308.16 404.585 450148 2.2647
-154.042 -1307.96 404.588 450148 2.2647
-154.036 -1307.77 404.592 450148 2.2647
-154.03 -1307.57 404.596 450148 2.2647
-154.024 -1307.38 404.6 450148 2.2647
-154.018 -1307.18 404.603 450148 2.2647
-154.011 -1306.99 404.607 450148 2.2647
-154.005 -1306.8 404.611 450148 2.2647
-153.999 -1306.6 404.614 450148 2.2647
-153.993 -1306.41 404.618 450148 2.2647
-153.986 -1306.21 404.622 450148 2.2647
-153.98 -1306.02 404.625 450148 2.2647
-153.974 -1305.82 404.629 450148 2.2647
-153.968 -1305.62 404.633 450148 2.2647
-153.962 -1305.43 404.637 450148 2.2647
-153.955 -1305.23 404.64 450148 2.2647
-153.949 -1305.03 404.644 450148 2.2647
-153.943 -1304.84 404.648 450148 2.2647
-153.937 -1304.64 404.652 450148 2.2647
-153.931 -1304.44 404.656 450148 2.2647
-153.924 -1304.24 404.659 450148 2.2647
-153.918 -1304.05 404.663 450148 2.2647
-153.912 -1303.85 404.667 450148 2.2647
-153.906 -1303.65 404.671 450148 2.2647
-153.899 -1303.45 404.674 450148 2.2647
-153.893 -1303.25 404.678 450148 2.2647
-153.887 -1303.05 404.682 450148 2.2647
-153.881 -1302.85 404.686 450148 2.2647
-153.875 -1302.65 404.69 450148 2.2647
-153.868 -1302.44 404.694 450148 2.2647
-153.862 -1302.24 404.698 450148 2.2647
-153.856 -1302.03 404.701 450148 2.2647
-153.85 -1301.83 404.705 450148 2.2647
-153.843 -1301.62 404.709 450148 2.2647
-153.837 -1301.42 404.713 450148 2.2647
-153.83 -1301.22 404.717 450148 2.2647
-153.824 -1301.02 404.721 450148 2.2647
-153.817 -1300.82 404.724 450148 2.2647
-153.81 -1300.62 404.728 450148 2.2647
-153.804 -1300.42 404.732 450148 2.2647
-153.795 -1300.25 404.735 450148 2.2647
-153.787 -1300.08 404.739 450148 179.594
-153.781 -1301 404.722 460148 179.594
-153.775 -1300.83 404.724 460148 179.594
-153.769 -1300.65 404.727 460148 179.594
-153.763 -1300.48 404.73 460148 179.594
-153.762 -1300.35 404.732 460148 179.594
-153.76 -1300.23 404.734 460148 179.594
-153.759 -1300.1 404.736 460148 179.594
-153.757 -1299.97 404.738 460148 179.594
-153.756 -1299.85 404.74 460148 179.594
-153.754 -1299.72 404.742 460148 179.594
-153.755 -1299.64 404.743 460148 179.594
-153.756 -1299.55 404.745 460148 179.594
-153.757 -1299.47 404.746 460148 179.594
-153.758 -1299.39 404.747 460148 179.594
-153.759 -1299.3 404.749 460148 179.594
-153.759 -1299.22 404.75 460148 179.594
-153.765 -1299.15 404.751 460148 179.594
-153.77 -1299.07 404.752 460148 179.594
-153.775 -1299 404.753 460148 179.594
-153.78 -1298.92 404.755 460148 179.594
-153.785 -1298.85 404.756 460148 179.594
-153.79 -1298.78 404.757 460148 179.594
-153.793 -1298.67 404.759 460148 179.594
-153.796 -1298.56 404.76 460148 179.594
-153.799 -1298.46 404.762 460148 179.594
-153.802 -1298.35 404.764 460148 179.594
-153.805 -1298.25 404.765 460148 179.594
-153.808 -1298.14 404.767 460148 179.594
-153.807 -1297.99 404.769 460148 179.594
-153.806 -1297.84 404.772 460148 179.594
-153.805 -1297.69 404.774 460148 179.594
-153.804 -1297.54 404.777 460148 179.594
-153.804 -1297.39 404.779 460148 179.594
-153.803 -1297.24 404.781 460148 179.594
-153.806 -1297.06 404.784 460148 179.594
-153.809 -1296.88 404.787 460148 179.594
-153.812 -1296.7 404.79 460148 179.594
-153.816 -1296.52 404.793 460148 179.594
-153.819 -1296.34 404.796 460148 179.594
-153.822 -1296.16 404.799 460148 179.594
-153.831 -1295.97 404.801 460148 179.594
-153.841 -1295.79 404.804 460148 179.594
-153.85 -1295.6 404.807 460148 179.594
-153.86 -1295.42 404.81 460148 179.594
-153.869 -1295.23 404.813 460148 179.594
-153.878 -1295.05 404.816 460148 179.594
-153.893 -1294.87 404.819 460148 179.594
-153.908 -1294.69 404.822 460148 179.594
-153.923 -1294.52 404.825 460148 179.594
-153.938 -1294.34 404.827 460148 179.594
-153.953 -1294.16 404.83 460148 179.594
-153.968 -1293.99 404.833 460148 179.594
-153.978 -1293.81 404.836 460148 179.594
-153.988 -1293.64 404.838 460148 179.594
-153.997 -1293.46 404.841 460148 179.594
-154.007 -1293.29 404.844 460148 179.594
-154.017 -1293.11 404.847 460148 179.594
-154.027 -1292.94 404.85 460148 179.594
-154.031 -1292.77 404.852 460148 179.594
-154.035 -1292.6 404.855 460148 179.594
-154.039 -1292.43 404.858 460148 179.594
-154.043 -1292.25 404.86 460148 179.594
-154.047 -1292.08 404.863 460148 179.594
-154.051 -1291.91 404.866 460148 179.594
-154.047 -1291.75 404.868 460148 179.594
-154.044 -1291.6 404.871 460148 179.594
-154.04 -1291.44 404.873 460148 179.594
-154.036 -1291.29 404.876 460148 179.594
-154.033 -1291.13 404.878 460148 179.594
-154.029 -1290.97 404.881 460148 179.594
-154.027 -1290.86 404.882 460148 179.594
-154.024 -1290.75 404.884 460148 179.594
-154.021 -1290.64 404.886 460148 179.594
-154.019 -1290.53 404.888 460148 179.594
-154.016 -1290.42 404.89 460148 179.594
-154.013 -1290.31 404.891 460148 0
