6.90825e-310 6.90825e-310 0 0 0
30.2088 4 0 0 0
30.1114 4 0 0 0
30.1114 4 0 0 0
30.1114 4 0 0 0
30.1114 4 0 0 0
30.1114 4 0 0 0
30.1114 4 0 0 0
30.1991 4 0 0 0
30.1991 4 0 0 0
30.1991 4 0 0 0
30.1991 4 0 0 0
30.1991 4 0 0 0
30.1991 4 0 0 0
30.3636 4 0 0 0
30.3636 4 0 0 0
30.3636 4 0 0 0
30.3636 4 0 0 0
30.3636 4 0 0 0
30.3636 4 0 0 0
30.4324 4 0 0 0
30.4324 4 0 0 0
30.4324 4 0 0 0
30.4324 4 0 0 0
30.4324 4 0 0 0
30.4324 4 0 0 0
30.324 4 0 0 0
30.324 4 0 0 0
30.324 4 0 0 0
30.324 4 0 0 0
30.324 4 0 0 0
30.324 4 0 0 0
30.1456 4 0 0 0
30.1456 4 0 0 0
30.1456 4 0 0 0
30.1456 4 0 0 0
30.1456 4 0 0 0
30.1456 4 0 0 0
30.0166 4 0 0 0
30.0166 4 0 0 0
30.0166 4 0 0 0
30.0166 4 0 0 0
30.0166 4 0 0 0
30.0166 4 0 0 0
29.9768 4 0 0 0
29.9768 4 0 0 0
29.9768 4 0 0 0
29.9768 4 0 0 0
29.9768 4 0 0 0
29.9768 4 0 0 0
29.9868 4 0 0 0
29.9868 4 0 0 0
29.9868 4 0 0 0
29.9868 4 0 0 0
29.9868 4 0 0 0
29.9868 4 0 0 0
30.0066 4 0 0 0
30.0066 4 0 0 0
30.0066 4 0 0 0
30.0066 4 0 0 0
30.0066 4 0 0 0
30.0066 4 0 0 0
29.9966 4 0 0 0
29.9966 4 0 0 0
29.9966 4 0 0 0
29.9966 4 0 0 0
29.9966 4 0 0 0
29.9966 4 0 0 0
30.0066 4 0 0 0
30.0066 4 0 0 0
30.0066 4 0 0 0
30.0066 4 0 0 0
30.0066 4 0 0 0
30.0066 4 0 0 0
30.0068 4 0 0 0
30.0068 4 0 0 0
30.0068 4 0 0 0
30.0068 4 0 0 0
30.0068 4 0 0 0
30.0068 4 0 0 0
30.0166 4 0 0 0
30.0166 4 0 0 0
30.0166 4 0 0 0
30.0166 4 0 0 0
30.0166 4 0 0 0
30.0166 4 0 0 0
29.9266 4 0 0 0
29.9266 4 0 0 0
29.9266 4 0 0 0
29.9266 4 0 0 0
29.9266 4 0 0 0
29.9266 4 0 0 0
29.8674 4 0 0 0
29.8674 4 0 0 0
29.8674 4 0 0 0
29.8674 4 0 0 0
29.8674 4 0 0 0
29.8674 4 0 0 0
29.8032 4 0 0 0
29.8032 4 0 0 0
29.8032 4 0 0 0
29.8032 4 0 0 0
29.8032 4 0 0 0
29.8032 4 0 0 0
29.7819 4 0 0 0
29.7819 4 0 0 0
29.7819 4 0 0 0
29.7819 4 0 0 0
29.7819 4 0 0 0
29.7819 4 0 0 0
29.6858 4 0 0 0
29.6858 4 0 0 0
29.6858 4 0 0 0
29.6858 4 0 0 0
29.6858 4 0 0 0
29.6858 4 0 0 0
29.4673 4 0 0 0
29.4673 4 0 0 0
29.4673 4 0 0 0
29.4673 4 0 0 0
29.4673 4 0 0 0
29.4673 4 0 0 0
29.5603 4 0 0 0
29.5603 4 0 0 0
29.5603 4 0 0 0
29.5603 4 0 0 0
29.5603 4 0 0 0
29.5603 4 0 0 0
29.8278 4 0 0 0
29.8278 4 0 0 0
29.8278 4 0 0 0
29.8278 4 0 0 0
29.8278 4 0 0 0
29.8278 4 0 0 0
30.0116 4 0 0 0
30.0116 4 0 0 0
30.0116 4 0 0 0
30.0116 4 0 0 0
30.0116 4 0 0 0
30.0116 4 0 0 0
30.0601 4 0 0 0
30.0601 4 0 0 0
30.0601 4 0 0 0
30.0601 4 0 0 0
30.0601 4 0 0 0
30.0601 4 0 0 0
29.9901 4 0 0 0
29.9901 4 0 0 0
29.9901 4 0 0 0
29.9901 4 0 0 0
29.9901 4 0 0 0
29.9901 4 0 0 0
30.0001 4 0 0 0
30.0001 4 0 0 0
30.0001 4 0 0 0
30.0001 4 0 0 0
30.0001 4 0 0 0
30.0001 4 0 0 0
30.0001 4 0 0 0
30.0001 4 0 0 0
30.0001 4 0 0 0
30.0001 4 0 0 0
30.0001 4 0 0 0
30.0001 4 0 0 0
29.9901 4 0 0 0
29.9901 4 0 0 0
29.9901 4 0 0 0
29.9901 4 0 0 0
29.9901 4 0 0 0
29.9901 4 0 0 0
30.0401 4 0 0 0
30.0401 4 0 0 0
30.0401 4 0 0 0
30.0401 4 0 0 0
30.0401 4 0 0 0
30.0401 4 0 0 0
30.1401 4 0 0 0
30.1401 4 0 0 0
30.1401 4 0 0 0
30.1401 4 0 0 0
30.1401 4 0 0 0
30.1401 4 0 0 0
30.0001 4 0 0 0
30.0001 4 0 0 0
30.0001 4 0 0 0
30.0001 4 0 0 0
30.0001 4 0 0 0
30.0001 4 0 0 0
29.4909 4 0 0 0
29.4909 4 0 0 0
29.4909 4 0 0 0
29.4909 4 0 0 0
29.4909 4 0 0 0
29.4909 4 0 0 0
29.0201 4 0 0 0
29.0201 4 0 0 0
29.0201 4 0 0 0
29.0201 4 0 0 0
29.0201 4 0 0 0
29.0201 4 0 0 0
28.3501 4 0 0 0
28.3501 4 0 0 0
28.3501 4 0 0 0
28.3501 4 0 0 0
28.3501 4 0 0 0
28.3501 4 0 0 0
27.5301 4 0 0 0
27.5301 4 0 0 0
27.5301 4 0 0 0
27.5301 4 0 0 0
27.5301 4 0 0 0
27.5301 4 0 0 0
26.707 4 0 0 0
26.707 4 0 0 0
26.707 4 0 0 0
26.707 4 0 0 0
26.707 4 0 0 0
26.707 4 0 0 0
25.92 4 0 0 0
25.92 4 0 0 0
25.92 4 0 0 0
25.92 4 0 0 0
25.92 4 0 0 0
25.92 4 0 0 0
25.94 4 0 0 0
25.94 4 0 0 0
25.94 4 0 0 0
25.94 4 0 0 0
25.94 4 0 0 0
25.94 4 0 0 0
26.3509 4 0 0 0
26.3509 4 0 0 0
26.3509 4 0 0 0
26.3509 4 0 0 0
26.3509 4 0 0 0
26.3509 4 0 0 0
26.5309 4 0 0 0
26.5309 4 0 0 0
26.5309 4 0 0 0
26.5309 4 0 0 0
26.5309 4 0 0 0
26.5309 4 0 0 0
26.3027 4 0 0 0
26.3027 4 0 0 0
26.3027 4 0 0 0
26.3027 4 0 0 0
26.3027 4 0 0 0
26.3027 4 0 0 0
25.5401 4 0 0 0
25.5401 4 0 0 0
25.5401 4 0 0 0
25.5401 4 0 0 0
25.5401 4 0 0 0
25.5401 4 0 0 0
24.9809 4 0 0 0
24.9809 4 0 0 0
24.9809 4 0 0 0
24.9809 4 0 0 0
24.9809 4 0 0 0
24.9809 4 0 0 0
24.8608 4 0 0 0
24.8608 4 0 0 0
24.8608 4 0 0 0
24.8608 4 0 0 0
24.8608 4 0 0 0
24.8608 4 0 0 0
24.9509 4 0 0 0
24.9509 4 0 0 0
24.9509 4 0 0 0
24.9509 4 0 0 0
24.9509 4 0 0 0
24.9509 4 0 0 0
25.0209 4 0 0 0
25.0209 4 0 0 0
25.0209 4 0 0 0
25.0209 4 0 0 0
25.0209 4 0 0 0
25.0209 4 0 0 0
25.0009 4 0 0 0
25.0009 4 0 0 0
25.0009 4 0 0 0
25.0009 4 0 0 0
25.0009 4 0 0 0
25.0009 4 0 0 0
25.0008 4 0 0 0
25.0008 4 0 0 0
25.0008 4 0 0 0
25.0008 4 0 0 0
25.0008 4 0 0 0
25.0008 4 0 0 0
25.0009 4 0 0 0
25.0009 4 0 0 0
25.0009 4 0 0 0
25.0009 4 0 0 0
25.0009 4 0 0 0
25.0009 4 0 0 0
25.0009 4 0 0 0
25.0009 4 0 0 0
25.0009 4 0 0 0
25.0009 4 0 0 0
25.0009 4 0 0 0
25.0009 4 0 0 0
25.0009 4 0 0 0
25.0009 4 0 0 0
25.0009 4 0 0 0
25.0009 4 0 0 0
25.0009 4 0 0 0
25.0009 4 0 0 0
24.9908 4 0 0 0
24.9908 4 0 0 0
24.9908 4 0 0 0
24.9908 4 0 0 0
24.9908 4 0 0 0
24.9908 4 0 0 0
25.0009 4 0 0 0
25.0009 4 0 0 0
25.0009 4 0 0 0
25.0009 4 0 0 0
25.0009 4 0 0 0
25.0009 4 0 0 0
25.0009 4 0 0 0
25.0009 4 0 0 0
25.0009 4 0 0 0
25.0009 4 0 0 0
25.0009 4 0 0 0
25.0009 4 0 0 0
25.0009 4 0 0 0
25.0009 4 0 0 0
25.0009 4 0 0 0
25.0009 4 0 0 0
25.0009 4 0 0 0
25.0009 4 0 0 0
25.0008 4 0 0 0
25.0008 4 0 0 0
25.0008 4 0 0 0
25.0008 4 0 0 0
25.0008 4 0 0 0
25.0008 4 0 0 0
24.9809 4 0 0 0
24.9809 4 0 0 0
24.9809 4 0 0 0
24.9809 4 0 0 0
24.9809 4 0 0 0
24.9809 4 0 0 0
24.9713 4 0 0 0
24.9713 4 0 0 0
24.9713 4 0 0 0
24.9713 4 0 0 0
24.9713 4 0 0 0
24.9713 4 0 0 0
25.0309 4 0 0 0
25.0309 4 0 0 0
25.0309 4 0 0 0
25.0309 4 0 0 0
25.0309 4 0 0 0
25.0309 4 0 0 0
25.21 4 0 0 0
25.21 4 0 0 0
25.21 4 0 0 0
25.21 4 0 0 0
25.21 4 0 0 0
25.21 4 0 0 0
25.441 4 0 0 0
25.441 4 0 0 0
25.441 4 0 0 0
25.441 4 0 0 0
25.441 4 0 0 0
25.441 4 0 0 0
25.6234 4 0 0 0
25.6234 4 0 0 0
25.6234 4 0 0 0
25.6234 4 0 0 0
25.6234 4 0 0 0
25.6234 4 0 0 0
25.6843 4 0 0 0
25.6843 4 0 0 0
25.6843 4 0 0 0
25.6843 4 0 0 0
25.6843 4 0 0 0
25.6843 4 0 0 0
25.673 4 0 0 0
25.673 4 0 0 0
25.673 4 0 0 0
25.673 4 0 0 0
25.673 4 0 0 0
25.673 4 0 0 0
25.6516 4 0 0 0
25.6516 4 0 0 0
25.6516 4 0 0 0
25.6516 4 0 0 0
25.6516 4 0 0 0
25.6516 4 0 0 0
25.6711 4 0 0 0
25.6711 4 0 0 0
25.6711 4 0 0 0
25.6711 4 0 0 0
25.6711 4 0 0 0
25.6711 4 0 0 0
25.6621 4 0 0 0
25.6621 4 0 0 0
25.6621 4 0 0 0
25.6621 4 0 0 0
25.6621 4 0 0 0
25.6621 4 0 0 0
25.633 4 0 0 0
25.633 4 0 0 0
25.633 4 0 0 0
25.633 4 0 0 0
25.633 4 0 0 0
25.633 4 0 0 0
25.5716 4 0 0 0
25.5716 4 0 0 0
25.5716 4 0 0 0
25.5716 4 0 0 0
25.5716 4 0 0 0
25.5716 4 0 0 0
25.3801 4 0 0 0
25.3801 4 0 0 0
25.3801 4 0 0 0
25.3801 4 0 0 0
25.3801 4 0 0 0
25.3801 4 0 0 0
25.16 4 0 0 0
25.16 4 0 0 0
25.16 4 0 0 0
25.16 4 0 0 0
25.16 4 0 0 0
25.16 4 0 0 0
25.0001 4 0 0 0
25.0001 4 0 0 0
25.0001 4 0 0 0
25.0001 4 0 0 0
25.0001 4 0 0 0
25.0001 4 0 0 0
24.95 4 0 0 0
24.95 4 0 0 0
24.95 4 0 0 0
24.95 4 0 0 0
24.95 4 0 0 0
24.95 4 0 0 0
25 4 0 0 0
25 4 0 0 0
25 4 0 0 0
25 4 0 0 0
25 4 0 0 0
25 4 0 0 0
25 4 0 0 0
25 4 0 0 0
25 4 0 0 0
25 4 0 0 0
25 4 0 0 0
25 4 0 0 0
25 4 0 0 0
25 4 0 0 0
25 4 0 0 0
25 4 0 0 0
25 4 0 0 0
25 4 0 0 0
25 4 0 0 0
25 4 0 0 0
25 4 0 0 0
25 4 0 0 0
25 4 0 0 0
25 4 0 0 0
25 4 0 0 0
25 4 0 0 0
25 4 0 0 0
25 4 0 0 0
25 4 0 0 0
25 4 0 0 0
25 4 0 0 0
25 4 0 0 0
25 4 0 0 0
25 4 0 0 0
25 4 0 0 0
25 4 0 0 0
25 4 0 0 0
25 4 0 0 0
25 4 0 0 0
25 4 0 0 0
25 4 0 0 0
25 4 0 0 0
25 4 0 0 0
25 4 0 0 0
25 4 0 0 0
25 4 0 0 0
25 4 0 0 0
25 4 0 0 0
25 4 0 0 0
25 4 0 0 0
25 4 0 0 0
25 4 0 0 0
25 4 0 0 0
25 4 0 0 0
25 4 0 0 0
25 4 0 0 0
25 4 0 0 0
25 4 0 0 0
25 4 0 0 0
25 4 0 0 0
25 4 0 0 0
25 4 0 0 0
25 4 0 0 0
25 4 0 0 0
25 4 0 0 0
25 4 0 0 0
25 4 0 0 0
25 4 0 0 0
25 4 0 0 0
25 4 0 0 0
25 4 0 0 0
25 4 0 0 0
25 4 0 0 0
25 4 0 0 0
25 4 0 0 0
25 4 0 0 0
25 4 0 0 0
25 4 0 0 0
25 4 0 0 0
25 4 0 0 0
25 4 0 0 0
25 4 0 0 0
25 4 0 0 0
25 4 0 0 0
25 4 0 0 0
25 4 0 0 0
25 4 0 0 0
25 4 0 0 0
25 4 0 0 0
25 4 0 0 0
25 4 0 0 0
25 4 0 0 0
25 4 0 0 0
25 4 0 0 0
25 4 0 0 0
25 4 0 0 0
25 4 0 0 0
25 4 0 0 0
25 4 0 0 0
25 4 0 0 0
25 4 0 0 0
25 4 0 0 0
24.98 4 0 0 0
24.98 4 0 0 0
24.98 4 0 0 0
24.98 4 0 0 0
24.98 4 0 0 0
24.98 4 0 0 0
25.04 4 0 0 0
25.04 4 0 0 0
25.04 4 0 0 0
25.04 4 0 0 0
25.04 4 0 0 0
25.04 4 0 0 0
25.17 4 0 0 0
25.17 4 0 0 0
25.17 4 0 0 0
25.17 4 0 0 0
25.17 4 0 0 0
25.17 4 0 0 0
25.04 4 0 0 0
25.04 4 0 0 0
25.04 4 0 0 0
25.04 4 0 0 0
25.04 4 0 0 0
25.04 4 0 0 0
24.4241 4 0 0 0
24.4241 4 0 0 0
24.4241 4 0 0 0
24.4241 4 0 0 0
24.4241 4 0 0 0
24.4241 4 0 0 0
23.33 4 0 0 0
23.33 4 0 0 0
23.33 4 0 0 0
23.33 4 0 0 0
23.33 4 0 0 0
23.33 4 0 0 0
22.2927 4 0 0 0
22.2927 4 0 0 0
22.2927 4 0 0 0
22.2927 4 0 0 0
22.2927 4 0 0 0
22.2927 4 0 0 0
21.75 4 0 0 0
21.75 4 0 0 0
21.75 4 0 0 0
21.75 4 0 0 0
21.75 4 0 0 0
21.75 4 0 0 0
21.51 4 0 0 0
21.51 4 0 0 0
21.51 4 0 0 0
21.51 4 0 0 0
21.51 4 0 0 0
21.51 4 0 0 0
21.1209 4 0 0 0
21.1209 4 0 0 0
21.1209 4 0 0 0
21.1209 4 0 0 0
21.1209 4 0 0 0
21.1209 4 0 0 0
20.5104 4 0 0 0
20.5104 4 0 0 0
20.5104 4 0 0 0
20.5104 4 0 0 0
20.5104 4 0 0 0
20.5104 4 0 0 0
20.01 4 0 0 0
20.01 4 0 0 0
20.01 4 0 0 0
20.01 4 0 0 0
20.01 4 0 0 0
20.01 4 0 0 0
19.86 4 0 0 0
19.86 4 0 0 0
19.86 4 0 0 0
19.86 4 0 0 0
19.86 4 0 0 0
19.86 4 0 0 0
19.94 4 0 0 0
19.94 4 0 0 0
19.94 4 0 0 0
19.94 4 0 0 0
19.94 4 0 0 0
19.94 4 0 0 0
20.06 4 0 0 0
20.06 4 0 0 0
20.06 4 0 0 0
20.06 4 0 0 0
20.06 4 0 0 0
20.06 4 0 0 0
20.13 4 0 0 0
20.13 4 0 0 0
20.13 4 0 0 0
20.13 4 0 0 0
20.13 4 0 0 0
20.13 4 0 0 0
20.02 4 0 0 0
20.02 4 0 0 0
20.02 4 0 0 0
20.02 4 0 0 0
20.02 4 0 0 0
20.02 4 0 0 0
19.591 4 0 0 0
19.591 4 0 0 0
19.591 4 0 0 0
19.591 4 0 0 0
19.591 4 0 0 0
19.591 4 0 0 0
18.83 4 0 0 0
18.83 4 0 0 0
18.83 4 0 0 0
18.83 4 0 0 0
18.83 4 0 0 0
18.83 4 0 0 0
17.9301 4 0 0 0
17.9301 4 0 0 0
17.9301 4 0 0 0
17.9301 4 0 0 0
17.9301 4 0 0 0
17.9301 4 0 0 0
17.07 4 0 0 0
17.07 4 0 0 0
17.07 4 0 0 0
17.07 4 0 0 0
17.07 4 0 0 0
17.07 4 0 0 0
16.17 4 0 0 0
16.17 4 0 0 0
16.17 4 0 0 0
16.17 4 0 0 0
16.17 4 0 0 0
16.17 4 0 0 0
15.4106 4 0 0 0
15.4106 4 0 0 0
15.4106 4 0 0 0
15.4106 4 0 0 0
15.4106 4 0 0 0
15.4106 4 0 0 0
14.98 4 0 0 0
14.98 4 0 0 0
14.98 4 0 0 0
14.98 4 0 0 0
14.98 4 0 0 0
14.98 4 0 0 0
14.86 4 0 0 0
14.86 4 0 0 0
14.86 4 0 0 0
14.86 4 0 0 0
14.86 4 0 0 0
14.86 4 0 0 0
14.95 4 0 0 0
14.95 4 0 0 0
14.95 4 0 0 0
14.95 4 0 0 0
14.95 4 0 0 0
14.95 4 0 0 0
15.02 4 0 0 0
15.02 4 0 0 0
15.02 4 0 0 0
15.02 4 0 0 0
15.02 4 0 0 0
15.02 4 0 0 0
15 4 0 0 0
15 4 0 0 0
15 4 0 0 0
15 4 0 0 0
15 4 0 0 0
15 4 0 0 0
15 4 0 0 0
15 4 0 0 0
15 4 0 0 0
15 4 0 0 0
15 4 0 0 0
15 4 0 0 0
15.01 4 0 0 0
15.01 4 0 0 0
15.01 4 0 0 0
15.01 4 0 0 0
15.01 4 0 0 0
15.01 4 0 0 0
14.99 4 0 0 0
14.99 4 0 0 0
14.99 4 0 0 0
14.99 4 0 0 0
14.99 4 0 0 0
14.99 4 0 0 0
15.01 4 0 0 0
15.01 4 0 0 0
15.01 4 0 0 0
15.01 4 0 0 0
15.01 4 0 0 0
15.01 4 0 0 0
15 4 0 0 0
15 4 0 0 0
15 4 0 0 0
15 4 0 0 0
15 4 0 0 0
15 4 0 0 0
15 4 0 0 0
15 4 0 0 0
15 4 0 0 0
15 4 0 0 0
15 4 0 0 0
15 4 0 0 0
15 4 0 0 0
15 4 0 0 0
15 4 0 0 0
15 4 0 0 0
15 4 0 0 0
15 4 0 0 0
15 4 0 0 0
15 4 0 0 0
15 4 0 0 0
15 4 0 0 0
15 4 0 0 0
15 4 0 0 0
15 4 0 0 0
15 4 0 0 0
15 4 0 0 0
15 4 0 0 0
15 4 0 0 0
15 4 0 0 0
15 4 0 0 0
15 4 0 0 0
15 4 0 0 0
15 4 0 0 0
15 4 0 0 0
15 4 0 0 0
14.98 4 0 0 0
14.98 4 0 0 0
14.98 4 0 0 0
14.98 4 0 0 0
14.98 4 0 0 0
14.98 4 0 0 0
15.05 4 0 0 0
15.05 4 0 0 0
15.05 4 0 0 0
15.05 4 0 0 0
15.05 4 0 0 0
15.05 4 0 0 0
15.14 4 0 0 0
15.14 4 0 0 0
15.14 4 0 0 0
15.14 4 0 0 0
15.14 4 0 0 0
15.14 4 0 0 0
15 4 0 0 0
15 4 0 0 0
15 4 0 0 0
15 4 0 0 0
15 4 0 0 0
15 4 0 0 0
14.5111 4 0 0 0
14.5111 4 0 0 0
14.5111 4 0 0 0
14.5111 4 0 0 0
14.5111 4 0 0 0
14.5111 4 0 0 0
13.8107 4 0 0 0
13.8107 4 0 0 0
13.8107 4 0 0 0
13.8107 4 0 0 0
13.8107 4 0 0 0
13.8107 4 0 0 0
13.36 4 0 0 0
13.36 4 0 0 0
13.36 4 0 0 0
13.36 4 0 0 0
13.36 4 0 0 0
13.36 4 0 0 0
13.34 4 0 0 0
13.34 4 0 0 0
13.34 4 0 0 0
13.34 4 0 0 0
13.34 4 0 0 0
13.34 4 0 0 0
13.31 4 0 0 0
13.31 4 0 0 0
13.31 4 0 0 0
13.31 4 0 0 0
13.31 4 0 0 0
13.31 4 0 0 0
12.9217 4 0 0 0
12.9217 4 0 0 0
12.9217 4 0 0 0
12.9217 4 0 0 0
12.9217 4 0 0 0
12.9217 4 0 0 0
12.17 4 0 0 0
12.17 4 0 0 0
12.17 4 0 0 0
12.17 4 0 0 0
12.17 4 0 0 0
12.17 4 0 0 0
11.19 4 0 0 0
11.19 4 0 0 0
11.19 4 0 0 0
11.19 4 0 0 0
11.19 4 0 0 0
11.19 4 0 0 0
10.4011 4 0 0 0
10.4011 4 0 0 0
10.4011 4 0 0 0
10.4011 4 0 0 0
10.4011 4 0 0 0
10.4011 4 0 0 0
9.98002 4 0 0 0
9.98002 4 0 0 0
9.98002 4 0 0 0
9.98002 4 0 0 0
9.98002 4 0 0 0
9.98002 4 0 0 0
9.87001 4 0 0 0
9.87001 4 0 0 0
9.87001 4 0 0 0
9.87001 4 0 0 0
9.87001 4 0 0 0
9.87001 4 0 0 0
9.95002 4 0 0 0
9.95002 4 0 0 0
9.95002 4 0 0 0
9.95002 4 0 0 0
9.95002 4 0 0 0
9.95002 4 0 0 0
10.02 4 0 0 0
10.02 4 0 0 0
10.02 4 0 0 0
10.02 4 0 0 0
10.02 4 0 0 0
10.02 4 0 0 0
10 4 0 0 0
10 4 0 0 0
10 4 0 0 0
10 4 0 0 0
10 4 0 0 0
10 4 0 0 0
10 4 0 0 0
10 4 0 0 0
10 4 0 0 0
10 4 0 0 0
10 4 0 0 0
10 4 0 0 0
10 4 0 0 0
10 4 0 0 0
10 4 0 0 0
10 4 0 0 0
10 4 0 0 0
10 4 0 0 0
10 4 0 0 0
10 4 0 0 0
10 4 0 0 0
10 4 0 0 0
10 4 0 0 0
10 4 0 0 0
10 4 0 0 0
10 4 0 0 0
10 4 0 0 0
10 4 0 0 0
10 4 0 0 0
10 4 0 0 0
10.02 4 0 0 0
10.02 4 0 0 0
10.02 4 0 0 0
10.02 4 0 0 0
10.02 4 0 0 0
10.02 4 0 0 0
9.95002 4 0 0 0
9.95002 4 0 0 0
9.95002 4 0 0 0
9.95002 4 0 0 0
9.95002 4 0 0 0
9.95002 4 0 0 0
9.86001 4 0 0 0
9.86001 4 0 0 0
9.86001 4 0 0 0
9.86001 4 0 0 0
9.86001 4 0 0 0
9.86001 4 0 0 0
9.99002 4 0 0 0
9.99002 4 0 0 0
9.99002 4 0 0 0
9.99002 4 0 0 0
9.99002 4 0 0 0
9.99002 4 0 0 0
10.5311 4 0 0 0
10.5311 4 0 0 0
10.5311 4 0 0 0
10.5311 4 0 0 0
10.5311 4 0 0 0
10.5311 4 0 0 0
11.3214 4 0 0 0
11.3214 4 0 0 0
11.3214 4 0 0 0
11.3214 4 0 0 0
11.3214 4 0 0 0
11.3214 4 0 0 0
11.65 4 0 0 0
11.65 4 0 0 0
11.65 4 0 0 0
11.65 4 0 0 0
11.65 4 0 0 0
11.65 4 0 0 0
11.1615 4 0 0 0
11.1615 4 0 0 0
11.1615 4 0 0 0
11.1615 4 0 0 0
11.1615 4 0 0 0
11.1615 4 0 0 0
10.5411 4 0 0 0
10.5411 4 0 0 0
10.5411 4 0 0 0
10.5411 4 0 0 0
10.5411 4 0 0 0
10.5411 4 0 0 0
10.4911 4 0 0 0
10.4911 4 0 0 0
10.4911 4 0 0 0
10.4911 4 0 0 0
10.4911 4 0 0 0
10.4911 4 0 0 0
10.9816 4 0 0 0
10.9816 4 0 0 0
10.9816 4 0 0 0
10.9816 4 0 0 0
10.9816 4 0 0 0
10.9816 4 0 0 0
11.47 4 0 0 0
11.47 4 0 0 0
11.47 4 0 0 0
11.47 4 0 0 0
11.47 4 0 0 0
11.47 4 0 0 0
11.77 4 0 0 0
11.77 4 0 0 0
11.77 4 0 0 0
11.77 4 0 0 0
11.77 4 0 0 0
11.77 4 0 0 0
12.2253 4 0 0 0
12.2253 4 0 0 0
12.2253 4 0 0 0
12.2253 4 0 0 0
12.2253 4 0 0 0
12.2253 4 0 0 0
13.4 4 0 0 0
13.4 4 0 0 0
13.4 4 0 0 0
13.4 4 0 0 0
13.4 4 0 0 0
13.4 4 0 0 0
14.7766 4 0 0 0
14.7766 4 0 0 0
14.7766 4 0 0 0
14.7766 4 0 0 0
14.7766 4 0 0 0
14.7766 4 0 0 0
15.48 4 0 0 0
15.48 4 0 0 0
15.48 4 0 0 0
15.48 4 0 0 0
15.48 4 0 0 0
15.48 4 0 0 0
15.57 4 0 0 0
15.57 4 0 0 0
15.57 4 0 0 0
15.57 4 0 0 0
15.57 4 0 0 0
15.57 4 0 0 0
15.23 4 0 0 0
15.23 4 0 0 0
15.23 4 0 0 0
15.23 4 0 0 0
15.23 4 0 0 0
15.23 4 0 0 0
14.7501 4 0 0 0
14.7501 4 0 0 0
14.7501 4 0 0 0
14.7501 4 0 0 0
14.7501 4 0 0 0
14.7501 4 0 0 0
14.391 4 0 0 0
14.391 4 0 0 0
14.391 4 0 0 0
14.391 4 0 0 0
14.391 4 0 0 0
14.391 4 0 0 0
14.3945 4 0 0 0
14.3945 4 0 0 0
14.3945 4 0 0 0
14.3945 4 0 0 0
14.3945 4 0 0 0
14.3945 4 0 0 0
15.48 4 0 0 0
15.48 4 0 0 0
15.48 4 0 0 0
15.48 4 0 0 0
15.48 4 0 0 0
15.48 4 0 0 0
16.9029 4 0 0 0
16.9029 4 0 0 0
16.9029 4 0 0 0
16.9029 4 0 0 0
16.9029 4 0 0 0
16.9029 4 0 0 0
18.296 4 0 0 0
18.296 4 0 0 0
18.296 4 0 0 0
18.296 4 0 0 0
18.296 4 0 0 0
18.296 4 0 0 0
19.5199 4 0 0 0
19.5199 4 0 0 0
19.5199 4 0 0 0
19.5199 4 0 0 0
19.5199 4 0 0 0
19.5199 4 0 0 0
19.7947 4 0 0 0
19.7947 4 0 0 0
19.7947 4 0 0 0
19.7947 4 0 0 0
19.7947 4 0 0 0
19.7947 4 0 0 0
19.6351 4 0 0 0
19.6351 4 0 0 0
19.6351 4 0 0 0
19.6351 4 0 0 0
19.6351 4 0 0 0
19.6351 4 0 0 0
19.5661 4 0 0 0
19.5661 4 0 0 0
19.5661 4 0 0 0
19.5661 4 0 0 0
19.5661 4 0 0 0
19.5661 4 0 0 0
19.7049 4 0 0 0
19.7049 4 0 0 0
19.7049 4 0 0 0
19.7049 4 0 0 0
19.7049 4 0 0 0
19.7049 4 0 0 0
19.5975 4 0 0 0
19.5975 4 0 0 0
19.5975 4 0 0 0
19.5975 4 0 0 0
19.5975 4 0 0 0
19.5975 4 0 0 0
19.2059 4 0 0 0
19.2059 4 0 0 0
19.2059 4 0 0 0
19.2059 4 0 0 0
19.2059 4 0 0 0
19.2059 4 0 0 0
18.4466 4 0 0 0
18.4466 4 0 0 0
18.4466 4 0 0 0
18.4466 4 0 0 0
18.4466 4 0 0 0
18.4466 4 0 0 0
17.601 4 0 0 0
17.601 4 0 0 0
17.601 4 0 0 0
17.601 4 0 0 0
17.601 4 0 0 0
17.601 4 0 0 0
16.8329 4 0 0 0
16.8329 4 0 0 0
16.8329 4 0 0 0
16.8329 4 0 0 0
16.8329 4 0 0 0
16.8329 4 0 0 0
16.05 4 0 0 0
16.05 4 0 0 0
16.05 4 0 0 0
16.05 4 0 0 0
16.05 4 0 0 0
16.05 4 0 0 0
15.3609 4 0 0 0
15.3609 4 0 0 0
15.3609 4 0 0 0
15.3609 4 0 0 0
15.3609 4 0 0 0
15.3609 4 0 0 0
14.96 4 0 0 0
14.96 4 0 0 0
14.96 4 0 0 0
14.96 4 0 0 0
14.96 4 0 0 0
14.96 4 0 0 0
14.87 4 0 0 0
14.87 4 0 0 0
14.87 4 0 0 0
14.87 4 0 0 0
14.87 4 0 0 0
14.87 4 0 0 0
14.96 4 0 0 0
14.96 4 0 0 0
14.96 4 0 0 0
14.96 4 0 0 0
14.96 4 0 0 0
14.96 4 0 0 0
15.02 4 0 0 0
15.02 4 0 0 0
15.02 4 0 0 0
15.02 4 0 0 0
15.02 4 0 0 0
15.02 4 0 0 0
15 4 0 0 0
15 4 0 0 0
15 4 0 0 0
15 4 0 0 0
15 4 0 0 0
15 4 0 0 0
15 4 0 0 0
15 4 0 0 0
15 4 0 0 0
15 4 0 0 0
15 4 0 0 0
15 4 0 0 0
15 4 0 0 0
15 4 0 0 0
15 4 0 0 0
15 4 0 0 0
15 4 0 0 0
15 4 0 0 0
15 4 0 0 0
15 4 0 0 0
15 4 0 0 0
15 4 0 0 0
15 4 0 0 0
15 4 0 0 0
15 4 0 0 0
15 4 0 0 0
15 4 0 0 0
15 4 0 0 0
15 4 0 0 0
15 4 0 0 0
15 4 0 0 0
15 4 0 0 0
15 4 0 0 0
15 4 0 0 0
15 4 0 0 0
15 4 0 0 0
15 4 0 0 0
15 4 0 0 0
15 4 0 0 0
15 4 0 0 0
15 4 0 0 0
15 4 0 0 0
15 4 0 0 0
15 4 0 0 0
15 4 0 0 0
15 4 0 0 0
15 4 0 0 0
15 4 0 0 0
15 4 0 0 0
15 4 0 0 0
15 4 0 0 0
15 4 0 0 0
15 4 0 0 0
15 4 0 0 0
15 4 0 0 0
15 4 0 0 0
15 4 0 0 0
15 4 0 0 0
15 4 0 0 0
15 4 0 0 0
15 4 0 0 0
15 4 0 0 0
15 4 0 0 0
15 4 0 0 0
15 4 0 0 0
15 4 0 0 0
15 4 0 0 0
15 4 0 0 0
15 4 0 0 0
15 4 0 0 0
15 4 0 0 0
15 4 0 0 0
15 4 0 0 0
15 4 0 0 0
15 4 0 0 0
15 4 0 0 0
15 4 0 0 0
15 4 0 0 0
15 4 0 0 0
15 4 0 0 0
15 4 0 0 0
15 4 0 0 0
15 4 0 0 0
15 4 0 0 0
15.02 4 0 0 0
15.02 4 0 0 0
15.02 4 0 0 0
15.02 4 0 0 0
15.02 4 0 0 0
15.02 4 0 0 0
14.95 4 0 0 0
14.95 4 0 0 0
14.95 4 0 0 0
14.95 4 0 0 0
14.95 4 0 0 0
14.95 4 0 0 0
14.84 4 0 0 0
14.84 4 0 0 0
14.84 4 0 0 0
14.84 4 0 0 0
14.84 4 0 0 0
14.84 4 0 0 0
14.94 4 0 0 0
14.94 4 0 0 0
14.94 4 0 0 0
14.94 4 0 0 0
14.94 4 0 0 0
14.94 4 0 0 0
15.5362 4 0 0 0
15.5362 4 0 0 0
15.5362 4 0 0 0
15.5362 4 0 0 0
15.5362 4 0 0 0
15.5362 4 0 0 0
16.8313 4 0 0 0
16.8313 4 0 0 0
16.8313 4 0 0 0
16.8313 4 0 0 0
16.8313 4 0 0 0
16.8313 4 0 0 0
18.1027 4 0 0 0
18.1027 4 0 0 0
18.1027 4 0 0 0
18.1027 4 0 0 0
18.1027 4 0 0 0
18.1027 4 0 0 0
19.2432 4 0 0 0
19.2432 4 0 0 0
19.2432 4 0 0 0
19.2432 4 0 0 0
19.2432 4 0 0 0
19.2432 4 0 0 0
19.6123 4 0 0 0
19.6123 4 0 0 0
19.6123 4 0 0 0
19.6123 4 0 0 0
19.6123 4 0 0 0
19.6123 4 0 0 0
19.475 4 0 0 0
19.475 4 0 0 0
19.475 4 0 0 0
19.475 4 0 0 0
19.475 4 0 0 0
19.475 4 0 0 0
19.2355 4 0 0 0
19.2355 4 0 0 0
19.2355 4 0 0 0
19.2355 4 0 0 0
19.2355 4 0 0 0
19.2355 4 0 0 0
19.205 4 0 0 0
19.205 4 0 0 0
19.205 4 0 0 0
19.205 4 0 0 0
19.205 4 0 0 0
19.205 4 0 0 0
19.235 4 0 0 0
19.235 4 0 0 0
19.235 4 0 0 0
19.235 4 0 0 0
19.235 4 0 0 0
19.235 4 0 0 0
19.2544 4 0 0 0
19.2544 4 0 0 0
19.2544 4 0 0 0
19.2544 4 0 0 0
19.2544 4 0 0 0
19.2544 4 0 0 0
19.224 4 0 0 0
19.224 4 0 0 0
19.224 4 0 0 0
19.224 4 0 0 0
19.224 4 0 0 0
19.224 4 0 0 0
19.2446 4 0 0 0
19.2446 4 0 0 0
19.2446 4 0 0 0
19.2446 4 0 0 0
19.2446 4 0 0 0
19.2446 4 0 0 0
19.3955 4 0 0 0
19.3955 4 0 0 0
19.3955 4 0 0 0
19.3955 4 0 0 0
19.3955 4 0 0 0
19.3955 4 0 0 0
19.435 4 0 0 0
19.435 4 0 0 0
19.435 4 0 0 0
19.435 4 0 0 0
19.435 4 0 0 0
19.435 4 0 0 0
19.0266 4 0 0 0
19.0266 4 0 0 0
19.0266 4 0 0 0
19.0266 4 0 0 0
19.0266 4 0 0 0
19.0266 4 0 0 0
17.9947 4 0 0 0
17.9947 4 0 0 0
17.9947 4 0 0 0
17.9947 4 0 0 0
17.9947 4 0 0 0
17.9947 4 0 0 0
16.6604 4 0 0 0
16.6604 4 0 0 0
16.6604 4 0 0 0
16.6604 4 0 0 0
16.6604 4 0 0 0
16.6604 4 0 0 0
15.5049 4 0 0 0
15.5049 4 0 0 0
15.5049 4 0 0 0
15.5049 4 0 0 0
15.5049 4 0 0 0
15.5049 4 0 0 0
14.93 4 0 0 0
14.93 4 0 0 0
14.93 4 0 0 0
14.93 4 0 0 0
14.93 4 0 0 0
14.93 4 0 0 0
14.84 4 0 0 0
14.84 4 0 0 0
14.84 4 0 0 0
14.84 4 0 0 0
14.84 4 0 0 0
14.84 4 0 0 0
14.96 4 0 0 0
14.96 4 0 0 0
14.96 4 0 0 0
14.96 4 0 0 0
14.96 4 0 0 0
14.96 4 0 0 0
15.02 4 0 0 0
15.02 4 0 0 0
15.02 4 0 0 0
15.02 4 0 0 0
15.02 4 0 0 0
15.02 4 0 0 0
15 4 0 0 0
15 4 0 0 0
15 4 0 0 0
15 4 0 0 0
15 4 0 0 0
15 4 0 0 0
15 4 0 0 0
15 4 0 0 0
15 4 0 0 0
15 4 0 0 0
15 4 0 0 0
15 4 0 0 0
15 4 0 0 0
15 4 0 0 0
15 4 0 0 0
15 4 0 0 0
15 4 0 0 0
15 4 0 0 0
15 4 0 0 0
15 4 0 0 0
15 4 0 0 0
15 4 0 0 0
15 4 0 0 0
15 4 0 0 0
15 4 0 0 0
15 4 0 0 0
15 4 0 0 0
15 4 0 0 0
15 4 0 0 0
15 4 0 0 0
15 4 0 0 0
15 4 0 0 0
15 4 0 0 0
15 4 0 0 0
15 4 0 0 0
15 4 0 0 0
15 4 0 0 0
15 4 0 0 0
15 4 0 0 0
15 4 0 0 0
15 4 0 0 0
15 4 0 0 0
14.98 4 0 0 0
14.98 4 0 0 0
14.98 4 0 0 0
14.98 4 0 0 0
14.98 4 0 0 0
14.98 4 0 0 0
15.04 4 0 0 0
15.04 4 0 0 0
15.04 4 0 0 0
15.04 4 0 0 0
15.04 4 0 0 0
15.04 4 0 0 0
15.15 4 0 0 0
15.15 4 0 0 0
15.15 4 0 0 0
15.15 4 0 0 0
15.15 4 0 0 0
15.15 4 0 0 0
15.02 4 0 0 0
15.02 4 0 0 0
15.02 4 0 0 0
15.02 4 0 0 0
15.02 4 0 0 0
15.02 4 0 0 0
14.4609 4 0 0 0
14.4609 4 0 0 0
14.4609 4 0 0 0
14.4609 4 0 0 0
14.4609 4 0 0 0
14.4609 4 0 0 0
13.6909 4 0 0 0
13.6909 4 0 0 0
13.6909 4 0 0 0
13.6909 4 0 0 0
13.6909 4 0 0 0
13.6909 4 0 0 0
13.31 4 0 0 0
13.31 4 0 0 0
13.31 4 0 0 0
13.31 4 0 0 0
13.31 4 0 0 0
13.31 4 0 0 0
13.7109 4 0 0 0
13.7109 4 0 0 0
13.7109 4 0 0 0
13.7109 4 0 0 0
13.7109 4 0 0 0
13.7109 4 0 0 0
14.4209 4 0 0 0
14.4209 4 0 0 0
14.4209 4 0 0 0
14.4209 4 0 0 0
14.4209 4 0 0 0
14.4209 4 0 0 0
14.89 4 0 0 0
14.89 4 0 0 0
14.89 4 0 0 0
14.89 4 0 0 0
14.89 4 0 0 0
14.89 4 0 0 0
15.11 4 0 0 0
15.11 4 0 0 0
15.11 4 0 0 0
15.11 4 0 0 0
15.11 4 0 0 0
15.11 4 0 0 0
15.4508 4 0 0 0
15.4508 4 0 0 0
15.4508 4 0 0 0
15.4508 4 0 0 0
15.4508 4 0 0 0
15.4508 4 0 0 0
16.16 4 0 0 0
16.16 4 0 0 0
16.16 4 0 0 0
16.16 4 0 0 0
16.16 4 0 0 0
16.16 4 0 0 0
17.07 4 0 0 0
17.07 4 0 0 0
17.07 4 0 0 0
17.07 4 0 0 0
17.07 4 0 0 0
17.07 4 0 0 0
18.01 4 0 0 0
18.01 4 0 0 0
18.01 4 0 0 0
18.01 4 0 0 0
18.01 4 0 0 0
18.01 4 0 0 0
18.75 4 0 0 0
18.75 4 0 0 0
18.75 4 0 0 0
18.75 4 0 0 0
18.75 4 0 0 0
18.75 4 0 0 0
19.1606 4 0 0 0
19.1606 4 0 0 0
19.1606 4 0 0 0
19.1606 4 0 0 0
19.1606 4 0 0 0
19.1606 4 0 0 0
19.44 4 0 0 0
19.44 4 0 0 0
19.44 4 0 0 0
19.44 4 0 0 0
19.44 4 0 0 0
19.44 4 0 0 0
19.6901 4 0 0 0
19.6901 4 0 0 0
19.6901 4 0 0 0
19.6901 4 0 0 0
19.6901 4 0 0 0
19.6901 4 0 0 0
19.9601 4 0 0 0
19.9601 4 0 0 0
19.9601 4 0 0 0
19.9601 4 0 0 0
-643.963 -2571.88 385.164 370149 23.6862
-643.482 -2570.78 385.104 370149 23.6862
-643 -2569.68 385.043 370149 23.6862
-642.519 -2568.58 384.983 370149 23.6862
-642.037 -2567.49 384.923 370149 23.6862
-641.556 -2566.39 384.863 370149 23.6862
-641.074 -2565.29 384.803 370149 23.6817
-640.653 -2564.33 384.751 370149 23.6817
-640.232 -2563.37 384.698 370149 23.6817
-639.811 -2562.41 384.646 370149 23.6817
-639.39 -2561.45 384.593 370149 23.6817
-638.968 -2560.49 384.541 370149 23.6817
-638.547 -2559.53 384.488 370149 23.6877
-638.126 -2558.57 384.436 370149 23.6877
-637.705 -2557.61 384.383 370149 23.6877
-637.283 -2556.65 384.331 370149 23.6877
-636.862 -2555.69 384.278 370149 23.6877
-636.441 -2554.73 384.226 370149 23.6877
-636.019 -2553.77 384.173 370149 23.6817
-635.598 -2552.81 384.12 370149 23.6817
-635.177 -2551.85 384.068 370149 23.6817
-634.756 -2550.89 384.015 370149 23.6817
-634.335 -2549.93 383.963 370149 23.6817
-633.914 -2548.97 383.91 370149 23.6817
-633.492 -2548.01 383.858 370149 23.688
-633.069 -2547.04 383.805 370149 24.22
-632.637 -2546.08 383.754 370149 24.5504
-632.199 -2545.12 383.704 370149 24.5504
-631.761 -2544.16 383.653 370149 24.5504
-631.324 -2543.21 383.603 370149 24.5504
-630.886 -2542.25 383.553 370149 24.5441
-630.45 -2541.29 383.503 370149 24.5441
-630.013 -2540.34 383.453 370149 24.5441
-629.577 -2539.38 383.403 370149 24.5441
-629.141 -2538.43 383.353 370149 24.5441
-628.705 -2537.47 383.303 370149 24.5441
-628.268 -2536.52 383.253 370149 24.5894
-627.837 -2535.57 383.203 370149 24.5894
-627.405 -2534.63 383.154 370149 24.5894
-626.973 -2533.69 383.104 370149 24.5894
-626.542 -2532.74 383.055 370149 24.5894
-626.11 -2531.8 383.006 370149 24.5894
-625.678 -2530.86 382.956 370149 24.5484
-625.257 -2529.93 382.908 370149 24.5484
-624.836 -2529.01 382.86 370149 24.5484
-624.414 -2528.09 382.811 370149 24.5484
-623.993 -2527.17 382.763 370149 24.5484
-623.571 -2526.24 382.715 370149 24.5484
-623.15 -2525.32 382.666 370149 24.5501
-622.74 -2524.42 382.619 370149 24.5501
-622.33 -2523.53 382.572 370149 24.5501
-621.92 -2522.63 382.525 370149 24.5501
-621.51 -2521.73 382.478 370149 24.5501
-621.099 -2520.83 382.431 370149 24.5501
-620.689 -2519.93 382.384 370149 24.5421
-620.29 -2519.06 382.338 370149 24.5421
-619.891 -2518.19 382.292 370149 24.5421
-619.492 -2517.31 382.247 370149 24.5421
-619.093 -2516.44 382.201 370149 24.5421
-618.694 -2515.56 382.155 370149 24.5421
-618.295 -2514.69 382.109 370149 24.5437
-617.907 -2513.84 382.065 370149 24.5437
-617.52 -2512.99 382.02 370149 25.1148
-617.124 -2512.15 381.978 370149 25.4052
-616.723 -2511.3 381.936 370149 25.4052
-616.323 -2510.46 381.894 370149 25.4052
-615.922 -2509.62 381.853 370149 25.3652
-615.532 -2508.8 381.812 370149 25.3652
-615.142 -2507.97 381.771 370149 25.3652
-614.752 -2507.15 381.731 370149 25.3652
-614.363 -2506.33 381.69 370149 25.3652
-613.973 -2505.51 381.649 370149 25.3652
-613.583 -2504.68 381.609 370149 25.4099
-613.197 -2503.87 381.569 370149 25.4099
-612.812 -2503.06 381.529 370149 25.4099
-612.427 -2502.25 381.489 370149 25.4099
-612.042 -2501.44 381.448 370149 25.4099
-611.656 -2500.63 381.408 370149 25.4099
-611.271 -2499.82 381.368 370149 25.4103
-610.883 -2499 381.328 370149 25.4103
-610.495 -2498.18 381.288 370149 25.4103
-610.108 -2497.37 381.247 370149 25.4103
-609.72 -2496.55 381.207 370149 25.4103
-609.332 -2495.73 381.166 370149 25.4103
-608.944 -2494.92 381.126 370149 25.4059
-608.563 -2494.12 381.086 370149 25.4059
-608.181 -2493.31 381.047 370149 25.4059
-607.8 -2492.51 381.007 370149 25.4059
-607.418 -2491.71 380.967 370149 25.4059
-607.037 -2490.9 380.928 370149 25.4059
-606.655 -2490.1 380.888 370149 25.4071
-606.29 -2489.33 380.85 370149 25.4071
-605.924 -2488.56 380.812 370149 25.4071
-605.558 -2487.79 380.774 370149 25.4071
-605.193 -2487.02 380.736 370149 25.4071
-604.827 -2486.25 380.698 370149 25.4071
-604.462 -2485.48 380.66 370149 25.4289
-604.102 -2484.73 380.622 370149 25.4289
-603.743 -2483.97 380.585 370149 25.4289
-603.383 -2483.21 380.547 370149 25.4289
-603.024 -2482.46 380.51 370149 25.4289
-602.664 -2481.7 380.473 370149 25.4289
-602.304 -2480.94 380.435 370149 25.6014
-601.936 -2480.18 380.397 370149 25.6014
-601.568 -2479.41 380.359 370149 25.9521
-601.196 -2478.64 380.322 370149 26.4614
-600.816 -2477.88 380.287 370149 26.4614
-600.436 -2477.12 380.252 370149 26.4614
-600.057 -2476.35 380.217 370149 26.4519
-599.66 -2475.56 380.181 370149 26.4519
-599.264 -2474.76 380.144 370149 26.4519
-598.867 -2473.96 380.108 370149 26.4519
-598.471 -2473.17 380.071 370149 26.4519
-598.074 -2472.37 380.034 370149 26.4519
-597.678 -2471.57 379.998 370149 26.4528
-597.273 -2470.76 379.96 370149 26.4528
-596.868 -2469.95 379.923 370149 26.4528
-596.463 -2469.13 379.886 370149 26.4528
-596.059 -2468.32 379.848 370149 26.4528
-595.654 -2467.51 379.811 370149 26.4528
-595.249 -2466.69 379.774 370149 26.4542
-594.849 -2465.89 379.737 370149 26.4542
-594.448 -2465.08 379.7 370149 26.4542
-594.048 -2464.28 379.663 370149 26.4542
-593.647 -2463.47 379.626 370149 26.4542
-593.246 -2462.67 379.589 370149 26.4542
-592.846 -2461.86 379.552 370149 26.4506
-592.445 -2461.06 379.515 370149 26.4506
-592.045 -2460.25 379.478 370149 26.4506
-591.644 -2459.45 379.441 370149 26.4506
-591.244 -2458.64 379.404 370149 26.4506
-590.843 -2457.84 379.367 370149 26.4506
-590.443 -2457.03 379.33 370149 26.4508
-590.043 -2456.23 379.293 370149 26.4508
-589.642 -2455.42 379.256 370149 26.4508
-589.242 -2454.62 379.219 370149 26.4508
-588.842 -2453.81 379.182 370149 26.4508
-588.442 -2453.01 379.146 370149 26.4508
-588.042 -2452.21 379.109 370149 26.4505
-587.641 -2451.4 379.072 370149 26.4505
-587.24 -2450.59 379.035 370149 26.4505
-586.839 -2449.79 378.998 370149 26.4505
-586.438 -2448.98 378.961 370149 26.4505
-586.037 -2448.18 378.924 370149 26.4505
-585.636 -2447.37 378.887 370149 26.4568
-585.233 -2446.56 378.849 370149 26.4568
-584.83 -2445.75 378.812 370149 27.0144
-584.418 -2444.94 378.777 370149 27.3151
-584.003 -2444.14 378.744 370149 27.3151
-583.587 -2443.33 378.71 370149 27.3151
-583.172 -2442.53 378.677 370149 27.3296
-582.757 -2441.73 378.643 370149 27.3296
-582.343 -2440.92 378.61 370149 27.3296
-581.928 -2440.12 378.577 370149 27.3296
-581.514 -2439.32 378.543 370149 27.3296
-581.1 -2438.52 378.51 370149 27.3296
-580.685 -2437.72 378.476 370149 27.4088
-580.279 -2436.93 378.444 370149 27.4088
-579.873 -2436.15 378.411 370149 27.4088
-579.467 -2435.37 378.378 370149 27.4088
-579.061 -2434.58 378.346 370149 27.4088
-578.654 -2433.8 378.313 370149 27.4088
-578.248 -2433.02 378.28 370149 27.1853
-577.866 -2432.27 378.249 370149 27.1853
-577.484 -2431.53 378.218 370149 27.1853
-577.102 -2430.79 378.187 370149 27.1853
-576.719 -2430.04 378.157 370149 27.1853
-576.337 -2429.3 378.126 370149 27.1853
-575.955 -2428.55 378.095 370149 27.1062
-575.589 -2427.84 378.065 370149 27.1062
-575.223 -2427.12 378.035 370149 27.1062
-574.858 -2426.41 378.005 370149 27.1062
-574.492 -2425.69 377.976 370149 27.1062
-574.126 -2424.98 377.946 370149 27.1062
-573.76 -2424.26 377.916 370149 26.8325
-573.419 -2423.59 377.888 370149 26.8325
-573.077 -2422.91 377.86 370149 26.8325
-572.735 -2422.24 377.832 370149 26.8325
-572.393 -2421.56 377.804 370149 26.8325
-572.052 -2420.89 377.776 370149 26.8325
-571.71 -2420.21 377.748 370149 26.9136
-571.377 -2419.56 377.721 370149 26.9136
-571.043 -2418.9 377.694 370149 26.9136
-570.71 -2418.24 377.666 370149 26.9136
-570.377 -2417.58 377.639 370149 26.9136
-570.043 -2416.93 377.612 370149 26.9136
-569.71 -2416.27 377.585 370149 26.9431
-569.377 -2415.62 377.557 370149 26.9431
-569.044 -2414.96 377.53 370149 26.9431
-568.712 -2414.31 377.503 370149 26.9431
-568.379 -2413.65 377.476 370149 26.9431
-568.046 -2413 377.449 370149 26.9431
-567.714 -2412.34 377.422 370149 27.5349
-567.372 -2411.69 377.397 370149 27.8009
-567.027 -2411.04 377.373 370149 27.8009
-566.683 -2410.38 377.349 370149 27.8009
-566.338 -2409.73 377.325 370149 27.8009
-565.993 -2409.07 377.301 370149 27.8009
-565.649 -2408.42 377.277 370149 27.7971
-565.303 -2407.77 377.253 370149 27.7971
-564.958 -2407.11 377.229 370149 27.7971
-564.613 -2406.45 377.205 370149 27.7971
-564.267 -2405.8 377.181 370149 27.7971
-563.922 -2405.14 377.157 370149 27.7971
-563.576 -2404.49 377.133 370149 27.8013
-563.231 -2403.83 377.109 370149 27.8013
-562.886 -2403.18 377.085 370149 27.8013
-562.541 -2402.52 377.061 370149 27.8013
-562.195 -2401.87 377.037 370149 27.8013
-561.85 -2401.22 377.013 370149 27.8013
-561.505 -2400.56 376.989 370149 27.797
-561.16 -2399.91 376.965 370149 27.797
-560.814 -2399.25 376.941 370149 27.797
-560.469 -2398.6 376.917 370149 27.797
-560.124 -2397.94 376.893 370149 27.797
-559.779 -2397.29 376.869 370149 27.797
-559.433 -2396.63 376.845 370149 27.8013
-559.088 -2395.98 376.822 370149 27.8013
-558.743 -2395.32 376.798 370149 27.8013
-558.398 -2394.67 376.774 370149 27.8013
-558.052 -2394.01 376.75 370149 27.8013
-557.707 -2393.36 376.726 370149 27.8013
-557.362 -2392.7 376.702 370149 27.8013
-557.016 -2392.05 376.678 370149 27.8013
-556.671 -2391.39 376.654 370149 27.8013
-556.326 -2390.74 376.63 370149 27.8013
-555.981 -2390.08 376.606 370149 27.8013
-555.635 -2389.43 376.582 370149 27.8013
-555.29 -2388.77 376.558 370149 27.7969
-554.945 -2388.12 376.534 370149 27.7969
-554.6 -2387.46 376.51 370149 27.7969
-554.255 -2386.81 376.486 370149 27.7969
-553.91 -2386.15 376.462 370149 27.7969
-553.564 -2385.5 376.438 370149 27.7969
-553.219 -2384.85 376.414 370149 27.8013
-552.874 -2384.19 376.39 370149 27.8013
-552.529 -2383.54 376.366 370149 27.8013
-552.183 -2382.88 376.342 370149 27.8013
-551.838 -2382.23 376.318 370149 27.8013
-551.493 -2381.57 376.294 370149 27.8013
-551.148 -2380.92 376.27 370149 27.7969
-550.802 -2380.26 376.246 370149 27.7969
-550.457 -2379.61 376.222 370149 27.8175
-550.112 -2378.95 376.199 370149 28.6507
-549.757 -2378.3 376.178 370149 28.6507
-549.402 -2377.65 376.158 370149 28.6507
-549.047 -2377 376.138 370149 0
