1033.7 4045.17 411.874 910148 4.63108
1033.76 4046 411.886 910148 4.63912
1033.83 4046.83 411.897 910148 4.65256
1033.9 4047.66 411.909 910148 4.65256
1033.97 4048.49 411.92 910148 4.65256
1034.03 4049.32 411.932 910148 4.65256
1034.1 4050.15 411.943 910148 4.65256
1034.17 4050.98 411.955 910148 4.65256
1034.24 4051.81 411.967 910148 4.65256
1034.3 4052.64 411.978 910148 4.65256
1034.37 4053.47 411.99 910148 4.65256
1034.44 4054.3 412.001 910148 4.65256
1034.51 4055.13 412.013 910148 4.65263
1034.57 4055.97 412.025 910148 4.65263
1034.64 4056.8 412.036 910148 4.65263
1034.71 4057.63 412.048 910148 4.65263
1034.78 4058.47 412.059 910148 4.65547
1034.85 4059.3 412.071 910148 4.66446
1034.91 4060.13 412.083 910148 4.66433
1034.98 4060.96 412.094 910148 4.66433
1035.05 4061.79 412.106 910148 4.66433
1035.12 4062.62 412.117 910148 4.66433
1035.18 4063.44 412.129 910148 4.66433
1035.25 4064.27 412.141 910148 4.66433
1035.32 4065.1 412.152 910148 4.66403
1035.39 4065.91 412.163 910148 4.66403
1035.45 4066.73 412.175 910148 4.66403
1035.52 4067.55 412.186 910148 4.66403
1035.59 4068.36 412.198 910148 4.66403
1035.65 4069.18 412.209 910148 4.66403
1035.72 4069.99 412.22 910148 4.73436
1035.79 4070.8 412.232 910148 4.73436
1035.85 4071.61 412.243 910148 4.73636
1035.92 4072.42 412.254 910148 4.73655
1035.99 4073.23 412.265 910148 4.73655
1036.05 4074.04 412.276 910148 4.73655
1036.12 4074.86 412.288 910148 4.66245
1036.19 4075.67 412.299 910148 4.66245
1036.25 4076.49 412.31 910148 4.66245
1036.32 4077.31 412.321 910148 4.66245
1036.39 4078.13 412.333 910148 4.66245
1036.46 4078.95 412.344 910148 4.66245
1036.52 4079.77 412.355 910148 4.50881
1036.59 4080.62 412.367 910148 4.50881
1036.66 4081.46 412.378 910148 4.50881
1036.72 4082.3 412.39 910148 4.50881
1036.79 4083.14 412.402 910148 4.50881
1036.85 4083.99 412.413 910148 4.50383
1036.92 4084.83 412.425 910148 4.45449
1036.99 4085.7 412.436 910148 4.45449
1037.06 4086.56 412.448 910148 4.45449
1037.12 4087.43 412.459 910148 4.45449
1037.19 4088.29 412.471 910148 4.45449
1037.26 4089.16 412.482 910148 4.45449
1037.33 4090.02 412.494 910148 4.5804
1037.4 4090.9 412.505 910148 4.5804
1037.47 4091.77 412.517 910148 4.5804
1037.54 4092.65 412.529 910148 4.5804
1037.61 4093.53 412.54 910148 4.5804
1037.68 4094.4 412.552 910148 4.5804
1037.75 4095.28 412.563 910148 4.81513
1037.82 4096.16 412.575 910148 4.81158
1037.89 4097.04 412.587 910148 4.79802
1037.97 4097.92 412.598 910148 4.79802
1038.04 4098.8 412.609 910148 4.79802
1038.12 4099.68 412.62 910148 4.79802
1038.19 4100.56 412.631 910148 4.88105
1038.27 4101.44 412.642 910148 4.88105
1038.34 4102.32 412.654 910148 4.88105
1038.42 4103.2 412.665 910148 4.88105
1038.49 4104.08 412.676 910148 4.88105
1038.57 4104.96 412.687 910148 4.88105
1038.64 4105.84 412.698 910148 4.84528
1038.72 4106.72 412.709 910148 4.84528
1038.79 4107.59 412.72 910148 4.84528
1038.86 4108.47 412.731 910148 4.84528
1038.94 4109.35 412.742 910148 4.82118
1039.01 4110.23 412.753 910148 4.81852
1039.09 4111.11 412.763 910148 4.85118
1039.16 4111.99 412.773 910148 4.85118
1039.24 4112.86 412.784 910148 4.85118
1039.31 4113.74 412.794 910148 4.85118
1039.38 4114.62 412.804 910148 4.85118
1039.46 4115.5 412.815 910148 4.85118
1039.53 4116.37 412.825 910148 4.86564
1039.61 4117.25 412.835 910148 4.86564
1039.68 4118.13 412.846 910148 4.86564
1039.76 4119.01 412.856 910148 4.86564
1039.83 4119.88 412.866 910148 4.86564
1039.91 4120.76 412.876 910148 4.86564
1039.98 4121.64 412.887 910148 4.86564
1040.02 4122.02 412.892 920148 4.86583
1040.09 4122.89 412.904 920148 4.86583
1040.17 4123.77 412.916 920148 4.86583
1040.24 4124.65 412.928 920148 4.86583
1040.32 4125.53 412.939 920148 4.86583
1040.39 4126.41 412.951 920148 4.78258
1040.46 4127.29 412.963 920148 4.78258
1040.54 4128.17 412.975 920148 4.78258
1040.61 4129.05 412.987 920148 4.78258
1040.68 4129.93 412.998 920148 4.78258
1040.76 4130.81 413.01 920148 4.78258
1040.83 4131.69 413.022 920148 4.87615
1040.91 4132.57 413.034 920148 4.87615
1040.98 4133.45 413.046 920148 4.87615
1041.06 4134.33 413.057 920148 4.87615
1041.13 4135.21 413.069 920148 4.87797
1041.21 4136.09 413.081 920148 4.87859
1041.28 4136.97 413.093 920148 5.10452
1041.36 4137.84 413.105 920148 5.10452
1041.44 4138.72 413.117 920148 5.10452
1041.52 4139.59 413.129 920148 5.10452
1041.6 4140.47 413.141 920148 5.10452
1041.67 4141.34 413.153 920148 5.10452
1041.75 4142.22 413.165 920148 5.14441
1041.83 4143.08 413.176 920148 5.14441
1041.91 4143.94 413.188 920148 5.14441
1041.98 4144.81 413.2 920148 5.14441
1042.06 4145.67 413.212 920148 5.14441
1042.14 4146.53 413.223 920148 5.14441
1042.22 4147.39 413.235 920148 4.99674
1042.29 4148.24 413.247 920148 4.99674
1042.37 4149.08 413.258 920148 4.99931
1042.44 4149.93 413.27 920148 5.00043
1042.51 4150.77 413.281 920148 5.00043
1042.59 4151.62 413.293 920148 5.00043
1042.66 4152.46 413.304 920148 4.71244
1042.73 4153.3 413.316 920148 4.71244
1042.8 4154.13 413.327 920148 4.71244
1042.87 4154.96 413.338 920148 4.71244
1042.94 4155.8 413.35 920148 4.71244
1043 4156.63 413.361 920148 4.71244
1043.07 4157.46 413.373 920148 4.59397
1043.14 4158.29 413.384 920148 4.59397
1043.21 4159.12 413.395 920148 4.59397
1043.27 4159.94 413.407 920148 4.59397
1043.34 4160.77 413.418 920148 4.59397
1043.41 4161.6 413.429 920148 4.59397
1043.47 4162.43 413.44 920148 4.65916
1043.54 4163.26 413.452 920148 4.66409
1043.61 4164.09 413.463 920148 4.66409
1043.68 4164.92 413.474 920148 4.66409
1043.74 4165.75 413.486 920148 4.66409
1043.81 4166.58 413.497 920148 4.66409
1043.88 4167.41 413.508 920148 4.66788
1043.95 4168.24 413.519 920148 4.66788
1044.01 4169.08 413.531 920148 4.66788
1044.08 4169.91 413.542 920148 4.66788
1044.15 4170.74 413.553 920148 4.66788
1044.22 4171.58 413.565 920148 4.66788
1044.29 4172.41 413.576 920148 4.74867
1044.35 4173.23 413.587 920148 4.74867
1044.42 4174.06 413.598 920148 4.74867
1044.49 4174.88 413.61 920148 4.74867
1044.56 4175.71 413.621 920148 4.74867
1044.63 4176.54 413.632 920148 4.7501
1044.7 4177.36 413.643 920148 4.60412
1044.76 4178.18 413.654 920148 4.60412
1044.83 4178.99 413.665 920148 4.60412
1044.89 4179.8 413.676 920148 4.60412
1044.96 4180.62 413.687 920148 4.60412
1045.03 4181.43 413.697 920148 4.60412
1045.09 4182.25 413.708 920148 4.0577
1045.15 4183.07 413.719 920148 4.0577
1045.21 4183.88 413.73 920148 4.0577
1045.27 4184.7 413.741 920148 4.0577
1045.32 4185.52 413.752 920148 4.0577
1045.38 4186.34 413.763 920148 4.0577
1045.44 4187.16 413.774 920148 4.07255
1045.5 4188.03 413.785 920148 4.07255
1045.56 4188.89 413.797 920148 4.07255
1045.62 4189.76 413.808 920148 4.07255
1045.69 4190.62 413.82 920148 4.07597
1045.75 4191.49 413.831 920148 4.08001
1045.81 4192.36 413.842 920148 4.3193
1045.88 4193.27 413.854 920148 4.3193
1045.95 4194.18 413.866 920148 4.3193
1046.02 4195.09 413.878 920148 4.3193
1046.09 4196.01 413.89 920148 4.3193
1046.15 4196.92 413.902 920148 4.3193
1046.22 4197.83 413.913 920148 4.4715
1046.3 4198.79 413.926 920148 4.4715
1046.37 4199.75 413.938 920148 4.4715
1046.45 4200.7 413.951 920148 4.4715
1046.52 4201.66 413.963 920148 4.4715
1046.6 4202.62 413.975 920148 4.4715
1046.67 4203.57 413.988 920148 4.59852
1046.75 4204.58 414.001 920148 4.60351
1046.83 4205.59 414.014 920148 4.60723
1046.92 4206.6 414.026 920148 4.60723
1047 4207.61 414.039 920148 4.60723
1047.08 4208.62 414.051 920148 4.60723
1047.16 4209.63 414.064 920148 4.5336
1047.24 4210.65 414.077 920148 4.5336
1047.32 4211.67 414.089 920148 4.5336
1047.4 4212.7 414.102 920148 4.5336
1047.48 4213.72 414.115 920148 4.5336
1047.57 4214.74 414.128 920148 4.5336
1047.65 4215.76 414.14 920148 4.53287
1047.73 4216.78 414.153 920148 4.53287
1047.81 4217.8 414.166 920148 4.53287
1047.89 4218.81 414.178 920148 4.54169
1047.97 4219.83 414.19 920148 4.54283
1048.05 4220.85 414.202 920148 4.54283
1048.13 4221.86 414.214 920148 4.54219
1048.21 4222.88 414.226 920148 4.54219
1048.29 4223.89 414.238 920148 4.54219
1048.37 4224.9 414.25 920148 4.54219
1048.45 4225.92 414.262 920148 4.54219
1048.53 4226.93 414.274 920148 4.54219
1048.61 4227.94 414.286 920148 4.54254
1048.69 4228.96 414.298 920148 4.54254
1048.77 4229.97 414.31 920148 4.54254
1048.86 4230.99 414.322 920148 4.54254
1048.94 4232 414.334 920148 4.54439
1049.02 4233.02 414.346 920148 4.55375
1049.1 4234.03 414.357 920148 4.47553
1049.18 4235.05 414.368 920148 4.47553
1049.26 4236.06 414.379 920148 4.47553
1049.34 4237.08 414.39 920148 4.47553
1049.42 4238.09 414.401 920148 4.47553
1049.49 4239.1 414.413 920148 4.47553
1049.57 4240.12 414.424 920148 4.75424
1049.66 4241.13 414.435 920148 4.75424
1049.74 4242.13 414.446 920148 4.75424
1049.83 4243.14 414.457 920148 4.75424
1049.91 4244.15 414.468 920148 4.75424
1049.99 4245.15 414.479 920148 4.75424
1050.08 4246.16 414.49 920148 5.05981
1050.16 4247.14 414.501 920148 5.06748
1050.25 4248.13 414.511 920148 5.06748
1050.34 4249.11 414.52 920148 5.06748
1050.43 4250.09 414.53 920148 5.06748
1050.51 4251.08 414.54 920148 5.06748
1050.6 4252.06 414.55 920148 5.06634
1050.68 4253 414.56 920148 5.06634
1050.77 4253.93 414.569 920148 5.06634
1050.85 4254.86 414.578 920148 5.06634
1050.93 4255.79 414.588 920148 5.06634
1051.01 4256.73 414.597 920148 5.06634
1051.1 4257.66 414.607 920148 4.95371
1051.17 4258.55 414.616 920148 4.95371
1051.25 4259.45 414.625 920148 4.95371
1051.33 4260.34 414.634 920148 4.95371
1051.37 4260.76 414.64 930148 4.82755
1051.44 4261.65 414.653 930148 4.82755
1051.52 4262.55 414.666 930148 4.66951
1051.58 4263.39 414.678 930148 4.66951
1051.65 4264.22 414.689 930148 4.66951
1051.72 4265.06 414.701 930148 4.66951
1051.79 4265.9 414.713 930148 4.66951
1051.86 4266.74 414.725 930148 4.66951
1051.93 4267.58 414.737 930148 4.45174
1051.99 4268.43 414.749 930148 4.45174
1052.06 4269.28 414.761 930148 4.45174
1052.13 4270.13 414.773 930148 4.45174
1052.19 4270.98 414.785 930148 4.45174
1052.26 4271.82 414.798 930148 4.45174
1052.32 4272.67 414.81 930148 4.65363
1052.4 4273.57 414.822 930148 4.65363
1052.47 4274.47 414.835 930148 4.65363
1052.54 4275.37 414.848 930148 4.65363
1052.62 4276.27 414.861 930148 4.65363
1052.69 4277.17 414.874 930148 4.65731
1052.76 4278.07 414.886 930148 4.52661
1052.84 4278.99 414.899 930148 4.52661
1052.91 4279.92 414.912 930148 4.52661
1052.98 4280.84 414.924 930148 4.52661
1053.06 4281.77 414.937 930148 4.52661
1053.13 4282.7 414.95 930148 4.52661
1053.2 4283.62 414.963 930148 4.52124
1053.27 4284.53 414.975 930148 4.52124
1053.35 4285.44 414.988 930148 4.52124
1053.42 4286.34 415 930148 4.52124
1053.49 4287.25 415.013 930148 4.52124
1053.56 4288.15 415.025 930148 4.52124
1053.63 4289.06 415.038 930148 4.40451
1053.7 4289.91 415.049 930148 4.40451
1053.76 4290.77 415.061 930148 4.40451
1053.83 4291.62 415.073 930148 4.40451
1053.9 4292.48 415.085 930148 4.40451
1053.96 4293.33 415.096 930148 4.40451
1054.03 4294.18 415.108 930148 4.46243
1054.09 4295.01 415.12 930148 4.46744
1054.16 4295.83 415.131 930148 4.47991
1054.22 4296.65 415.142 930148 4.47991
1054.29 4297.48 415.153 930148 4.47991
1054.35 4298.3 415.164 930148 4.47991
1054.41 4299.13 415.175 930148 4.47648
1054.48 4299.95 415.186 930148 4.47648
1054.54 4300.78 415.197 930148 4.47648
1054.61 4301.6 415.208 930148 4.47648
1054.67 4302.43 415.219 930148 4.47648
1054.74 4303.26 415.231 930148 4.47648
1054.8 4304.08 415.242 930148 4.47702
1054.87 4304.91 415.253 930148 4.47702
1054.93 4305.74 415.264 930148 4.47702
1055 4306.57 415.275 930148 4.47702
1055.06 4307.4 415.286 930148 4.47702
1055.13 4308.23 415.297 930148 4.47702
1055.19 4309.06 415.308 930148 4.48125
1055.26 4309.89 415.32 930148 4.48125
1055.32 4310.72 415.331 930148 4.48125
1055.39 4311.55 415.342 930148 4.48125
1055.45 4312.38 415.353 930148 4.48125
1055.52 4313.21 415.364 930148 4.49577
1055.58 4314.04 415.375 930148 4.4936
1055.65 4314.87 415.386 930148 4.4936
1055.71 4315.71 415.397 930148 4.4936
1055.78 4316.54 415.408 930148 4.4936
1055.84 4317.37 415.419 930148 4.4936
1055.91 4318.2 415.43 930148 4.4936
1055.97 4319.03 415.441 930148 4.49324
1056.04 4319.86 415.452 930148 4.49324
1056.11 4320.69 415.463 930148 4.49324
1056.17 4321.52 415.474 930148 4.49324
1056.24 4322.35 415.485 930148 4.49324
1056.3 4323.17 415.496 930148 4.49324
1056.37 4324 415.507 930148 4.49655
1056.43 4324.83 415.518 930148 4.49655
1056.5 4325.66 415.529 930148 4.49655
1056.56 4326.48 415.539 930148 4.49655
1056.63 4327.31 415.55 930148 4.49655
1056.69 4328.13 415.561 930148 4.49655
1056.76 4328.96 415.572 930148 4.49342
1056.82 4329.79 415.583 930148 4.49342
1056.89 4330.62 415.594 930148 4.50143
1056.95 4331.45 415.605 930148 4.5084
1057.02 4332.28 415.616 930148 4.5084
1057.08 4333.11 415.627 930148 4.5084
1057.15 4333.94 415.638 930148 4.44694
1057.21 4334.78 415.649 930148 4.44694
1057.28 4335.63 415.66 930148 4.44694
1057.34 4336.47 415.671 930148 4.44694
1057.41 4337.31 415.682 930148 4.44694
1057.48 4338.16 415.693 930148 4.44694
1057.54 4339 415.704 930148 4.50788
1057.61 4339.87 415.715 930148 4.50788
1057.68 4340.74 415.726 930148 4.50788
1057.75 4341.61 415.738 930148 4.50788
1057.82 4342.48 415.749 930148 4.50788
1057.88 4343.35 415.761 930148 4.50788
1057.95 4344.22 415.772 930148 4.50227
1058.02 4345.12 415.784 930148 4.50227
1058.09 4346.02 415.795 930148 4.50227
1058.17 4346.92 415.807 930148 4.50227
1058.24 4347.82 415.819 930148 4.50236
1058.31 4348.72 415.831 930148 4.516
1058.38 4349.62 415.842 930148 4.52761
1058.45 4350.54 415.855 930148 4.52761
1058.52 4351.47 415.867 930148 4.52761
1058.6 4352.4 415.879 930148 4.52761
1058.67 4353.33 415.891 930148 4.52761
1058.75 4354.26 415.903 930148 4.52761
1058.82 4355.18 415.915 930148 4.52874
1058.89 4356.14 415.928 930148 4.52874
1058.97 4357.1 415.94 930148 4.52874
1059.05 4358.06 415.953 930148 4.52874
1059.12 4359.01 415.965 930148 4.52874
1059.2 4359.97 415.978 930148 4.52874
1059.27 4360.93 415.99 930148 4.5744
1059.35 4361.91 416.003 930148 4.5744
1059.43 4362.9 416.016 930148 4.5744
1059.51 4363.88 416.029 930148 4.5744
1059.59 4364.86 416.041 930148 4.5744
1059.67 4365.84 416.054 930148 4.57963
1059.75 4366.83 416.067 930148 4.53736
1059.82 4367.82 416.08 930148 4.53736
1059.9 4368.82 416.093 930148 4.53736
1059.98 4369.82 416.106 930148 4.53736
1060.06 4370.82 416.119 930148 4.53736
1060.14 4371.81 416.133 930148 4.53736
1060.22 4372.81 416.146 930148 4.53468
1060.3 4373.81 416.159 930148 4.53468
1060.38 4374.81 416.172 930148 4.53468
1060.46 4375.81 416.185 930148 4.53468
1060.54 4376.81 416.198 930148 4.53468
1060.62 4377.81 416.211 930148 4.53468
1060.7 4378.82 416.224 930148 4.53448
1060.78 4379.82 416.238 930148 4.53448
1060.86 4380.81 416.251 930148 4.53448
1060.93 4381.81 416.264 930148 4.53448
1061.01 4382.81 416.277 930148 4.53448
1061.09 4383.81 416.29 930148 4.54225
1061.17 4384.81 416.303 930148 4.54907
1061.25 4385.81 416.317 930148 4.54907
1061.33 4386.81 416.33 930148 4.54907
1061.41 4387.81 416.343 930148 4.54907
1061.49 4388.81 416.357 930148 4.54907
1061.57 4389.82 416.37 930148 4.54907
1061.65 4390.82 416.383 930148 4.54535
1061.73 4391.81 416.397 930148 4.54535
1061.81 4392.81 416.41 930148 4.54535
1061.89 4393.81 416.423 930148 4.54535
1061.97 4394.8 416.436 930148 4.54535
1062.05 4395.8 416.45 930148 4.54535
1062.13 4396.8 416.463 930148 4.60095
1062.2 4397.78 416.476 930148 4.60095
1062.28 4398.76 416.489 930148 4.60095
1062.36 4399.74 416.502 930148 4.60095
1062.44 4400.71 416.515 930148 4.60095
1062.52 4401.69 416.528 930148 4.60959
1062.6 4402.67 416.541 930148 4.50331
1062.67 4403.63 416.554 930148 4.50331
1062.75 4404.59 416.568 930148 4.50331
1062.83 4405.55 416.581 930148 4.50331
1062.9 4406.51 416.594 930148 4.50331
1062.98 4407.47 416.607 930148 4.50331
1063.05 4408.43 416.62 930148 4.5588
1063.13 4409.37 416.633 930148 4.5588
1063.2 4410.3 416.645 930148 4.5588
1063.28 4411.24 416.658 930148 4.5588
1063.35 4412.17 416.671 930148 4.5588
1063.42 4413.1 416.683 930148 4.5588
1063.5 4414.04 416.696 930148 4.49366
1063.57 4414.95 416.709 930148 4.49366
1063.64 4415.87 416.721 930148 4.49366
1063.72 4416.79 416.734 930148 4.49366
1063.79 4417.7 416.746 930148 4.49366
1063.86 4418.62 416.758 930148 4.49372
1063.93 4419.53 416.771 930148 4.64884
1064.01 4420.47 416.784 930148 4.64884
1064.08 4421.4 416.797 930148 4.64884
1064.16 4422.33 416.81 930148 4.64884
1064.23 4423.26 416.823 930148 4.64884
1064.31 4424.19 416.836 930148 4.64884
1064.39 4425.12 416.849 930148 4.76318
1064.47 4426.08 416.863 930148 4.76318
1064.55 4427.04 416.876 930148 4.76318
1064.63 4428 416.89 930148 4.76318
1064.71 4428.96 416.903 930148 4.76318
1064.79 4429.92 416.916 930148 4.76318
1064.87 4430.88 416.93 930148 4.7583
1064.95 4431.87 416.944 930148 4.7583
1065.03 4432.87 416.958 930148 4.7583
1065.11 4433.86 416.972 930148 4.7583
1065.2 4434.85 416.986 930148 4.7583
1065.28 4435.85 417 930148 4.7583
1065.36 4436.84 417.013 930148 4.62679
1065.4 4437.36 417.019 940148 4.61747
1065.49 4438.37 417.032 940148 4.61747
1065.57 4439.38 417.044 940148 4.61747
1065.65 4440.38 417.057 940148 4.61747
1065.73 4441.39 417.069 940148 4.61747
1065.81 4442.39 417.082 940148 4.61786
1065.89 4443.39 417.094 940148 4.61786
1065.97 4444.39 417.106 940148 4.61786
1066.05 4445.39 417.119 940148 4.61786
1066.13 4446.38 417.131 940148 4.61786
1066.21 4447.38 417.143 940148 4.61786
1066.29 4448.38 417.156 940148 4.61785
1066.37 4449.37 417.168 940148 4.61785
1066.45 4450.37 417.18 940148 4.61785
1066.54 4451.37 417.193 940148 4.61785
1066.62 4452.37 417.205 940148 4.61785
1066.7 4453.37 417.218 940148 4.58562
1066.78 4454.36 417.23 940148 4.55957
1066.86 4455.36 417.243 940148 4.55957
1066.94 4456.36 417.255 940148 4.55957
1067.01 4457.36 417.268 940148 4.55957
1067.09 4458.35 417.281 940148 4.55957
1067.17 4459.35 417.293 940148 4.55957
1067.25 4460.35 417.306 940148 4.56277
1067.33 4461.35 417.318 940148 4.56277
1067.41 4462.34 417.331 940148 4.56277
1067.49 4463.34 417.344 940148 4.56277
1067.57 4464.34 417.356 940148 4.56277
1067.65 4465.34 417.369 940148 4.56277
1067.73 4466.33 417.382 940148 4.55957
1067.81 4467.33 417.394 940148 4.55957
1067.89 4468.33 417.407 940148 4.55957
1067.97 4469.33 417.419 940148 4.55957
1068.05 4470.32 417.432 940148 4.51655
1068.13 4471.32 417.445 940148 4.46126
1068.21 4472.32 417.457 940148 4.46126
1068.28 4473.32 417.47 940148 4.46126
1068.36 4474.31 417.482 940148 4.46126
1068.44 4475.31 417.495 940148 4.46126
1068.52 4476.31 417.508 940148 4.46126
1068.6 4477.31 417.52 940148 4.46126
1068.67 4478.31 417.533 940148 4.46444
1068.75 4479.3 417.545 940148 4.46444
1068.83 4480.3 417.558 940148 4.46444
1068.91 4481.3 417.57 940148 4.46444
1068.98 4482.3 417.583 940148 4.46444
1069.06 4483.29 417.596 940148 4.46444
1069.14 4484.29 417.608 940148 4.45808
1069.22 4485.29 417.621 940148 4.45808
1069.3 4486.29 417.633 940148 4.45808
1069.37 4487.29 417.646 940148 4.41379
1069.45 4488.28 417.658 940148 4.31974
1069.53 4489.28 417.671 940148 4.31974
1069.6 4490.28 417.683 940148 4.3261
1069.68 4491.28 417.695 940148 4.3261
1069.75 4492.27 417.707 940148 4.3261
1069.83 4493.27 417.72 940148 4.3261
1069.9 4494.27 417.732 940148 4.3261
1069.98 4495.27 417.744 940148 4.3261
1070.05 4496.27 417.756 940148 4.32292
1070.13 4497.26 417.768 940148 4.32292
1070.21 4498.26 417.781 940148 4.32292
1070.28 4499.26 417.793 940148 4.32292
1070.36 4500.26 417.805 940148 4.32292
1070.43 4501.26 417.817 940148 4.32292
1070.51 4502.25 417.829 940148 4.32292
1070.58 4503.25 417.842 940148 4.32292
1070.66 4504.25 417.854 940148 4.28754
1070.73 4505.25 417.866 940148 4.14455
1070.81 4506.25 417.878 940148 4.14455
1070.88 4507.24 417.889 940148 4.14455
1070.95 4508.24 417.901 940148 4.14455
1071.02 4509.24 417.912 940148 4.14455
1071.09 4510.24 417.924 940148 4.14455
1071.17 4511.24 417.935 940148 4.14455
1071.24 4512.24 417.947 940148 4.14455
1071.31 4513.23 417.958 940148 4.14455
1071.38 4514.23 417.97 940148 4.14773
1071.46 4515.23 417.981 940148 4.14773
1071.53 4516.23 417.993 940148 4.14773
1071.6 4517.23 418.004 940148 4.14773
1071.67 4518.23 418.016 940148 4.14773
1071.75 4519.22 418.027 940148 4.14773
1071.82 4520.22 418.039 940148 4.14455
1071.89 4521.22 418.051 940148 4.1288
1071.96 4522.22 418.062 940148 3.92617
1072.03 4523.22 418.073 940148 3.92617
1072.1 4524.21 418.083 940148 3.92617
1072.17 4525.21 418.094 940148 3.92617
1072.24 4526.21 418.104 940148 3.92617
1072.31 4527.21 418.115 940148 3.92617
1072.37 4528.21 418.125 940148 3.92617
1072.44 4529.21 418.136 940148 3.92617
1072.51 4530.21 418.146 940148 3.92617
1072.58 4531.2 418.157 940148 3.92617
1072.65 4532.2 418.167 940148 3.92935
1072.72 4533.2 418.178 940148 3.92935
1072.79 4534.2 418.188 940148 3.92935
1072.85 4535.2 418.199 940148 3.92935
1072.92 4536.2 418.209 940148 3.92935
1072.99 4537.2 418.22 940148 3.92935
1073.06 4538.19 418.23 940148 3.92617
1073.13 4539.19 418.241 940148 3.68296
1073.19 4540.19 418.25 940148 3.66778
1073.26 4541.19 418.259 940148 3.66778
1073.32 4542.19 418.269 940148 3.66778
1073.38 4543.19 418.278 940148 3.66778
1073.45 4544.19 418.287 940148 3.6646
1073.51 4545.19 418.296 940148 3.6646
1073.58 4546.18 418.305 940148 3.6646
1073.64 4547.18 418.315 940148 3.6646
1073.7 4548.18 418.324 940148 3.6646
1073.77 4549.18 418.333 940148 3.6646
1073.83 4550.18 418.342 940148 3.67107
1073.9 4551.18 418.351 940148 3.67107
1073.96 4552.17 418.361 940148 3.67107
1074.02 4553.17 418.37 940148 3.67107
1074.09 4554.17 418.379 940148 3.67107
1074.15 4555.16 418.388 940148 3.67107
1074.22 4556.16 418.397 940148 3.43146
1074.28 4557.16 418.405 940148 3.36931
1074.33 4558.16 418.413 940148 3.36931
1074.39 4559.16 418.42 940148 3.36931
1074.45 4560.16 418.428 940148 3.36931
1074.51 4561.17 418.435 940148 3.36931
1074.57 4562.17 418.443 940148 3.36887
1074.63 4563.18 418.451 940148 3.36887
1074.69 4564.19 418.458 940148 3.36887
1074.75 4565.2 418.466 940148 3.36887
1074.81 4566.21 418.474 940148 3.36887
1074.87 4567.22 418.481 940148 3.36887
1074.93 4568.24 418.489 940148 3.35306
1074.99 4569.25 418.497 940148 3.35306
1075.05 4570.27 418.504 940148 3.35306
1075.11 4571.28 418.512 940148 3.35306
1075.17 4572.3 418.52 940148 3.35306
1075.23 4573.31 418.527 940148 3.07496
1075.28 4574.33 418.533 940148 2.96773
1075.33 4575.34 418.539 940148 2.96773
1075.38 4576.35 418.545 940148 2.96773
1075.44 4577.36 418.55 940148 2.96773
1075.49 4578.37 418.556 940148 2.96773
1075.54 4579.38 418.561 940148 2.96773
1075.59 4580.4 418.567 940148 2.96759
1075.65 4581.4 418.573 940148 2.96759
1075.7 4582.4 418.578 940148 2.96759
1075.75 4583.41 418.584 940148 2.96759
1075.8 4584.41 418.59 940148 2.96759
1075.85 4585.41 418.595 940148 2.96759
1075.91 4586.42 418.601 940148 2.96754
1075.96 4587.42 418.606 940148 2.96754
1076.01 4588.42 418.612 940148 2.96754
1076.06 4589.42 418.618 940148 2.96754
1076.11 4590.42 418.623 940148 2.67002
1076.16 4591.42 418.627 940148 2.58937
1076.21 4592.42 418.63 940148 2.65953
1076.25 4593.42 418.633 940148 2.65953
1076.3 4594.41 418.637 940148 2.65953
1076.34 4595.41 418.64 940148 2.65953
1076.39 4596.4 418.643 940148 2.65953
1076.44 4597.4 418.647 940148 2.65953
1076.48 4598.4 418.65 940148 2.51447
1076.53 4599.38 418.653 940148 2.51447
1076.57 4600.36 418.656 940148 2.51447
1076.61 4601.34 418.66 940148 2.51447
1076.66 4602.32 418.663 940148 2.51447
1076.7 4603.3 418.666 940148 2.51447
1076.74 4604.29 418.669 940148 2.16089
1076.78 4605.27 418.673 940148 2.16089
1076.82 4606.25 418.676 940148 2.16089
1076.85 4607.23 418.679 940148 2.16089
1076.87 4607.65 418.682 950148 2.16358
1076.9 4608.63 418.687 950148 2.16358
1076.94 4609.61 418.693 950148 2.20965
1076.98 4610.62 418.698 950148 2.20964
1077.02 4611.64 418.704 950148 2.20964
1077.06 4612.65 418.709 950148 2.20964
1077.1 4613.67 418.715 950148 2.20964
1077.14 4614.68 418.72 950148 2.20964
1077.18 4615.7 418.726 950148 2.46441
1077.22 4616.76 418.732 950148 2.46441
1077.27 4617.82 418.737 950148 2.46441
1077.31 4618.88 418.743 950148 2.46441
1077.36 4619.95 418.749 950148 2.46441
1077.4 4621.01 418.755 950148 2.46441
1077.45 4622.07 418.761 950148 2.63404
1077.5 4623.18 418.767 950148 2.63404
1077.55 4624.28 418.773 950148 2.63404
1077.6 4625.39 418.779 950148 2.63404
1077.65 4626.5 418.785 950148 2.63404
1077.7 4627.6 418.791 950148 2.3771
1077.75 4628.71 418.794 950148 2.50101
1077.8 4629.86 418.798 950148 2.50101
1077.85 4631 418.801 950148 2.50101
1077.9 4632.15 418.805 950148 2.50101
1077.95 4633.3 418.808 950148 2.50101
1078 4634.45 418.811 950148 2.50101
1078.05 4635.6 418.815 950148 2.43081
1078.1 4636.76 418.818 950148 2.43081
1078.15 4637.92 418.822 950148 2.43081
1078.2 4639.08 418.825 950148 2.43081
1078.25 4640.23 418.828 950148 2.4308
1078.3 4641.39 418.832 950148 2.4308
1078.35 4642.55 418.835 950148 2.43135
1078.4 4643.7 418.839 950148 2.43135
1078.44 4644.86 418.842 950148 2.43135
1078.49 4646.01 418.845 950148 2.43135
1078.54 4647.16 418.849 950148 2.42229
1078.59 4648.32 418.852 950148 2.13207
1078.63 4649.47 418.853 950148 2.13231
1078.68 4650.62 418.854 950148 2.13231
1078.72 4651.77 418.855 950148 2.13231
1078.76 4652.92 418.855 950148 2.13231
1078.81 4654.07 418.856 950148 2.13231
1078.85 4655.22 418.857 950148 2.13231
1078.89 4656.38 418.858 950148 2.13475
1078.93 4657.53 418.859 950148 2.13475
1078.98 4658.68 418.859 950148 2.13475
1079.02 4659.84 418.86 950148 2.13475
1079.06 4660.99 418.861 950148 2.13475
1079.11 4662.15 418.862 950148 2.13475
1079.15 4663.3 418.863 950148 2.10483
1079.19 4664.45 418.864 950148 2.10483
1079.23 4665.6 418.864 950148 2.10483
1079.28 4666.75 418.865 950148 2.10483
1079.32 4667.9 418.866 950148 2.04434
1079.36 4669.05 418.866 950148 1.80455
1079.4 4670.2 418.865 950148 2.04757
1079.44 4671.33 418.863 950148 2.04757
1079.48 4672.46 418.862 950148 2.04757
1079.52 4673.59 418.861 950148 2.04757
1079.56 4674.72 418.859 950148 2.04757
1079.6 4675.86 418.858 950148 2.04757
1079.64 4676.99 418.856 950148 2.1143
1079.68 4678.08 418.855 950148 2.1143
1079.72 4679.18 418.853 950148 2.1143
1079.76 4680.27 418.852 950148 2.1143
1079.8 4681.37 418.851 950148 2.11429
1079.84 4682.46 418.849 950148 2.11429
1079.88 4683.55 418.848 950148 2.0169
1079.92 4684.6 418.846 950148 2.0169
1079.95 4685.65 418.845 950148 2.01689
1079.99 4686.7 418.844 950148 2.01689
1080.03 4687.74 418.842 950148 2.01689
1080.07 4688.79 418.841 950148 1.87631
1080.1 4689.84 418.839 950148 1.70265
1080.13 4690.85 418.836 950148 1.70265
1080.16 4691.85 418.833 950148 1.70265
1080.19 4692.86 418.83 950148 1.70264
1080.22 4693.87 418.827 950148 1.70264
1080.25 4694.87 418.824 950148 1.70264
1080.28 4695.88 418.821 950148 1.27826
1080.3 4696.9 418.818 950148 1.27826
1080.32 4697.93 418.814 950148 1.27826
1080.35 4698.95 418.811 950148 1.27826
1080.37 4699.98 418.808 950148 1.27826
1080.39 4701 418.805 950148 1.27826
1080.42 4702.02 418.802 950148 0.959236
1080.43 4703.12 418.799 950148 0.959234
1080.45 4704.22 418.795 950148 0.959232
1080.47 4705.31 418.792 950148 0.95923
1080.49 4706.41 418.789 950148 0.959228
1080.51 4707.51 418.786 950148 0.959226
1080.53 4708.6 418.782 950148 0.976975
1080.55 4709.76 418.779 950148 0.710924
1080.56 4710.91 418.774 950148 0.674781
1080.57 4712.07 418.769 950148 0.674779
1080.59 4713.23 418.763 950148 0.674777
1080.6 4714.38 418.758 950148 0.674775
1080.61 4715.54 418.753 950148 0.725987
1080.63 4716.76 418.747 950148 0.725985
1080.65 4717.98 418.742 950148 0.725984
1080.66 4719.2 418.737 950148 0.725982
1080.68 4720.42 418.731 950148 0.72598
1080.69 4721.64 418.726 950148 0.725979
1080.71 4722.85 418.72 950148 0.757537
1080.72 4724.14 418.714 950148 0.757536
1080.74 4725.42 418.709 950148 0.757534
1080.76 4726.7 418.703 950148 0.757533
1080.78 4727.99 418.697 950148 0.757531
1080.79 4729.27 418.691 950148 0.732895
1080.81 4730.55 418.685 950148 0.936138
1080.83 4731.88 418.678 950148 0.936137
1080.85 4733.21 418.67 950148 0.936137
1080.87 4734.53 418.662 950148 0.936137
1080.9 4735.86 418.655 950148 0.936137
1080.92 4737.19 418.647 950148 0.936136
1080.94 4738.51 418.64 950148 1.25796
1080.97 4739.82 418.632 950148 1.25796
1081 4741.12 418.625 950148 1.25796
1081.02 4742.43 418.617 950148 1.25796
1081.05 4743.73 418.61 950148 1.25795
1081.08 4745.04 418.602 950148 1.25795
1081.11 4746.34 418.595 950148 1.49498
1081.14 4747.6 418.588 950148 1.49497
1081.18 4748.86 418.58 950148 1.49497
1081.21 4750.13 418.573 950148 1.40189
1081.24 4751.39 418.566 950148 1.19094
1081.27 4752.65 418.557 950148 1.19093
1081.29 4753.91 418.549 950148 1.00151
1081.31 4755.16 418.54 950148 1.00151
1081.34 4756.4 418.532 950148 1.0015
1081.36 4757.64 418.524 950148 1.0015
1081.38 4758.89 418.515 950148 1.0015
1081.4 4760.13 418.507 950148 1.0015
1081.42 4761.38 418.499 950148 0.952902
1081.44 4762.63 418.49 950148 0.952899
1081.46 4763.88 418.482 950148 0.952897
1081.49 4765.13 418.473 950148 0.952895
1081.51 4766.38 418.465 950148 0.952892
1081.53 4767.63 418.457 950148 0.95289
1081.55 4768.88 418.448 950148 0.991831
1081.57 4770.16 418.44 950148 0.991828
1081.59 4771.43 418.431 950148 0.718201
1081.61 4772.71 418.422 950148 0.686881
1081.62 4773.98 418.412 950148 0.686878
1081.64 4775.26 418.403 950148 0.686875
1081.65 4776.53 418.393 950148 0.684527
1081.67 4777.82 418.384 950148 0.684524
1081.68 4779.11 418.374 950148 0.684521
1081.7 4780.39 418.365 950148 0.684518
1081.72 4781.68 418.355 950148 0.684516
1081.73 4782.97 418.346 950148 0.684513
1081.75 4784.26 418.336 950148 0.676485
1081.76 4785.54 418.326 950148 0.676482
1081.78 4786.82 418.317 950148 0.67648
1081.79 4788.11 418.307 950148 0.676477
1081.81 4789.39 418.298 950148 0.676475
1081.82 4790.67 418.288 950148 0.676472
1081.84 4791.95 418.279 950148 0.518512
1081.85 4793.22 418.269 950148 0.476278
1081.86 4794.49 418.259 950148 0.476275
1081.87 4795.76 418.249 950148 0.476271
1081.88 4797.03 418.239 950148 0.476267
1081.89 4798.3 418.229 950148 0.476263
1081.9 4799.57 418.219 950148 0.368125
1081.91 4800.8 418.209 950148 0.368122
1081.92 4802.04 418.199 950148 0.36812
1081.93 4803.27 418.189 950148 0.368117
1081.93 4804.51 418.18 950148 0.368115
1081.94 4805.75 418.17 950148 0.368112
1081.95 4806.98 418.16 950148 0.221452
1081.95 4808.18 418.151 950148 0.221451
1081.96 4809.38 418.141 950148 0.22145
1081.96 4810.57 418.132 950148 0.221449
1081.97 4811.77 418.122 950148 0.546998
1081.97 4812.38 418.117 960148 -0.0909613
1081.97 4813.58 418.103 960148 -0.377225
1081.96 4814.75 418.089 960148 -0.377225
1081.96 4815.92 418.076 960148 -0.377225
1081.95 4817.09 418.062 960148 -0.377225
1081.94 4818.26 418.048 960148 -0.377225
1081.93 4819.43 418.035 960148 -0.377225
1081.93 4820.6 418.021 960148 -0.710192
1081.91 4821.77 418.008 960148 -0.710193
1081.9 4822.93 417.994 960148 -0.710194
1081.88 4824.1 417.98 960148 -0.710194
1081.87 4825.26 417.967 960148 -0.710195
1081.85 4826.43 417.953 960148 -0.710196
1081.84 4827.6 417.94 960148 -0.724896
1081.82 4828.76 417.926 960148 -0.724897
1081.81 4829.92 417.913 960148 -0.724898
1081.79 4831.08 417.899 960148 -0.724899
1081.78 4832.24 417.886 960148 -0.7249
1081.77 4833.4 417.872 960148 -0.724901
1081.75 4834.56 417.859 960148 -0.917602
1081.73 4835.71 417.845 960148 -1.14533
1081.71 4836.86 417.829 960148 -1.14533
1081.69 4838.01 417.814 960148 -1.14533
1081.66 4839.16 417.799 960148 -1.14533
1081.64 4840.31 417.783 960148 -1.14533
1081.62 4841.46 417.768 960148 -1.35319
1081.59 4842.59 417.753 960148 -1.35319
1081.56 4843.73 417.737 960148 -1.3532
1081.54 4844.87 417.722 960148 -1.3532
1081.51 4846.01 417.707 960148 -1.3532
1081.48 4847.15 417.692 960148 -1.35321
1081.46 4848.28 417.676 960148 -1.11508
1081.43 4849.43 417.661 960148 -1.11508
1081.41 4850.58 417.646 960148 -1.11508
1081.39 4851.73 417.63 960148 -1.11508
1081.37 4852.88 417.615 960148 -1.11509
1081.34 4854.02 417.6 960148 -1.11509
1081.32 4855.17 417.584 960148 -0.829592
1081.3 4856.36 417.568 960148 -0.829592
1081.29 4857.54 417.552 960148 -0.864817
1081.27 4858.73 417.536 960148 -1.15796
1081.25 4859.92 417.518 960148 -1.15796
1081.22 4861.1 417.501 960148 -1.15796
1081.2 4862.29 417.483 960148 -0.929931
1081.18 4863.52 417.464 960148 -0.929931
1081.16 4864.75 417.446 960148 -0.929931
1081.14 4865.98 417.427 960148 -0.929932
1081.12 4867.21 417.409 960148 -0.929932
1081.1 4868.44 417.39 960148 -0.929932
1081.08 4869.67 417.372 960148 -0.651024
1081.06 4870.92 417.353 960148 -0.651026
1081.05 4872.17 417.334 960148 -0.651028
1081.04 4873.43 417.315 960148 -0.65103
1081.02 4874.68 417.296 960148 -0.651032
1081.01 4875.94 417.277 960148 -0.651034
1080.99 4877.19 417.259 960148 -0.744015
1080.98 4878.45 417.24 960148 -0.744016
1080.96 4879.71 417.221 960148 -0.744017
1080.94 4880.97 417.202 960148 -0.842807
1080.92 4882.23 417.182 960148 -1.0723
1080.9 4883.49 417.161 960148 -1.0723
1080.88 4884.75 417.14 960148 -1.06843
1080.85 4886 417.12 960148 -1.06843
1080.83 4887.26 417.099 960148 -1.06843
1080.81 4888.51 417.078 960148 -1.06844
1080.78 4889.77 417.057 960148 -1.06844
1080.76 4891.02 417.036 960148 -1.06844
1080.74 4892.28 417.016 960148 -1.07053
1080.71 4893.53 416.995 960148 -1.07053
1080.69 4894.78 416.974 960148 -1.07053
1080.67 4896.04 416.953 960148 -1.07053
1080.64 4897.29 416.933 960148 -1.07053
1080.62 4898.54 416.912 960148 -1.07054
1080.6 4899.8 416.891 960148 -1.07085
1080.57 4901.06 416.87 960148 -1.07085
1080.55 4902.32 416.849 960148 -1.07085
1080.53 4903.59 416.828 960148 -1.07085
1080.5 4904.85 416.807 960148 -1.33455
1080.47 4906.11 416.785 960148 -1.39904
1080.44 4907.38 416.762 960148 -1.41303
1080.41 4908.63 416.74 960148 -1.41303
1080.38 4909.88 416.717 960148 -1.41303
1080.35 4911.13 416.695 960148 -1.41303
1080.32 4912.37 416.672 960148 -1.41303
1080.29 4913.62 416.65 960148 -1.41303
1080.26 4914.87 416.627 960148 -1.29594
1080.23 4916.08 416.606 960148 -1.29594
1080.2 4917.28 416.584 960148 -1.29594
1080.18 4918.49 416.562 960148 -1.29595
1080.15 4919.7 416.541 960148 -1.29595
1080.12 4920.9 416.519 960148 -1.29595
1080.09 4922.11 416.497 960148 -1.29481
1080.07 4923.27 416.476 960148 -1.29481
1080.04 4924.44 416.455 960148 -1.29481
1080.01 4925.61 416.434 960148 -1.29482
1079.99 4926.77 416.413 960148 -1.29482
1079.96 4927.94 416.392 960148 -1.50834
1079.93 4929.11 416.371 960148 -1.57344
1079.9 4930.25 416.348 960148 -1.57345
1079.87 4931.4 416.326 960148 -1.57345
1079.84 4932.55 416.304 960148 -1.57345
1079.8 4933.69 416.282 960148 -1.57345
1079.77 4934.84 416.26 960148 -1.57346
1079.74 4935.98 416.238 960148 -1.9496
1079.7 4937.14 416.216 960148 -1.9496
1079.66 4938.3 416.193 960148 -1.9496
1079.62 4939.46 416.171 960148 -1.9496
1079.58 4940.62 416.149 960148 -1.9496
1079.54 4941.78 416.126 960148 -1.9496
1079.51 4942.94 416.104 960148 -2.1806
1079.46 4944.12 416.081 960148 -2.1806
1079.42 4945.3 416.059 960148 -2.1806
1079.37 4946.48 416.036 960148 -2.1806
1079.33 4947.67 416.013 960148 -2.1806
1079.28 4948.85 415.99 960148 -2.1806
1079.24 4950.03 415.968 960148 -2.18395
1079.19 4951.23 415.944 960148 -2.41141
1079.14 4952.43 415.92 960148 -2.51191
1079.09 4953.63 415.896 960148 -2.51191
1079.03 4954.83 415.871 960148 -2.51191
1078.98 4956.03 415.847 960148 -2.51191
1078.93 4957.23 415.822 960148 -2.5084
1078.87 4958.47 415.797 960148 -2.5084
1078.82 4959.7 415.772 960148 -2.5084
1078.77 4960.94 415.747 960148 -2.5084
1078.71 4962.17 415.721 960148 -2.5084
1078.66 4963.41 415.696 960148 -2.5084
1078.6 4964.65 415.671 960148 -2.4555
1078.55 4965.91 415.645 960148 -2.4555
1078.5 4967.17 415.619 960148 -2.4555
1078.44 4968.44 415.593 960148 -2.4555
1078.39 4969.7 415.568 960148 -2.4555
1078.33 4970.96 415.542 960148 -2.4555
1078.28 4972.23 415.516 960148 -2.50202
1078.22 4973.5 415.49 960148 -2.50202
1078.17 4974.78 415.464 960148 -2.81542
1078.1 4976.06 415.436 960148 -2.82983
1078.04 4977.34 415.409 960148 -2.82983
1077.98 4978.62 415.382 960148 -2.82983
1077.91 4979.89 415.354 960148 -2.83178
1077.85 4981.18 415.327 960148 -2.83178
1077.79 4982.46 415.299 960148 -2.83178
1077.72 4983.74 415.272 960148 -2.83178
1077.66 4985.03 415.244 960148 -2.83178
1077.6 4986.31 415.216 960148 -2.83178
1077.53 4987.6 415.189 960148 -2.82933
1077.47 4988.88 415.161 960148 -2.82933
1077.41 4990.16 415.134 960148 -2.82933
1077.34 4991.44 415.106 960148 -2.82933
1077.28 4992.73 415.079 960148 -2.82933
1077.22 4994.01 415.051 960148 -2.82934
1077.15 4995.29 415.024 960148 -2.83247
1077.09 4996.57 414.996 960148 -2.83247
1077.03 4997.85 414.969 960148 -3.10022
1076.96 4999.12 414.941 960148 -3.1601
1076.89 5000.4 414.912 960148 -3.1601
1076.82 5001.67 414.884 960148 -3.1601
1076.75 5002.95 414.855 960148 -3.12144
1076.68 5004.2 414.827 960148 -3.12144
1076.61 5005.46 414.799 960148 -3.12144
1076.54 5006.72 414.771 960148 -3.12144
1076.47 5007.97 414.743 960148 -3.12144
1076.4 5009.23 414.715 960148 -3.12144
1076.34 5010.48 414.686 960148 -3.19459
1076.27 5011.72 414.659 960148 -3.19459
1076.2 5012.95 414.631 960148 -3.19459
1076.13 5014.19 414.603 960148 -3.19459
1076.06 5015.43 414.576 960148 -3.19459
1075.99 5016.66 414.548 960148 -3.19459
1075.92 5017.9 414.52 960148 -3.26057
1075.85 5019.14 414.493 960148 -3.26057
1075.78 5020.38 414.465 960148 -3.34012
1075.71 5021.62 414.437 960148 -3.588
1075.63 5022.86 414.408 960148 -3.588
1075.55 5024.1 414.379 960148 -3.588
1075.47 5025.34 414.351 960148 -3.4903
1075.4 5026.62 414.321 960148 -3.4903
1075.32 5027.89 414.292 960148 -3.4903
1075.24 5029.16 414.262 960148 -3.4903
1075.16 5030.43 414.233 960148 -3.4903
1075.09 5031.7 414.203 960148 -3.4903
1075.01 5032.98 414.174 960148 -3.38503
1074.93 5034.29 414.143 960148 -3.38503
1074.85 5035.6 414.113 960148 -3.38503
1074.78 5036.91 414.083 960148 -3.38503
1074.7 5038.22 414.052 960148 -3.38503
1074.62 5039.53 414.022 960148 -3.38503
1074.54 5040.84 413.992 960148 -3.48493
1074.46 5042.17 413.961 960148 -3.48493
1074.38 5043.51 413.93 960148 -3.57251
1074.34 5044.21 413.914 970148 -3.80972
1074.25 5045.54 413.884 970148 -3.80972
1074.16 5046.88 413.854 970148 -3.80972
1074.07 5048.21 413.824 970148 -3.81173
1073.98 5049.54 413.794 970148 -3.81173
1073.89 5050.88 413.764 970148 -3.81173
1073.8 5052.22 413.734 970148 -3.81173
1073.71 5053.56 413.704 970148 -3.81173
1073.63 5054.89 413.673 970148 -3.81173
1073.54 5056.23 413.643 970148 -3.81204
1073.45 5057.56 413.613 970148 -3.81204
1073.36 5058.9 413.583 970148 -3.81204
1073.27 5060.23 413.553 970148 -3.81204
1073.18 5061.56 413.523 970148 -3.81204
1073.09 5062.9 413.493 970148 -3.81204
1073 5064.23 413.463 970148 -3.80947
1072.91 5065.56 413.433 970148 -3.80947
1072.83 5066.9 413.403 970148 -3.80947
1072.74 5068.24 413.373 970148 -3.80947
1072.65 5069.57 413.343 970148 -4.00099
1072.55 5070.91 413.313 970148 -4.19668
1072.46 5072.24 413.283 970148 -4.19741
1072.36 5073.57 413.253 970148 -4.19741
1072.26 5074.89 413.223 970148 -4.19741
1072.16 5076.22 413.192 970148 -4.19741
1072.07 5077.55 413.162 970148 -4.19741
1071.97 5078.87 413.132 970148 -4.19741
1071.87 5080.2 413.102 970148 -4.2015
1071.78 5081.51 413.073 970148 -4.2015
1071.68 5082.81 413.043 970148 -4.2015
1071.58 5084.12 413.013 970148 -4.2015
1071.49 5085.43 412.984 970148 -4.2015
1071.39 5086.73 412.954 970148 -4.2015
1071.3 5088.04 412.924 970148 -4.15328
1071.2 5089.34 412.895 970148 -4.15328
1071.11 5090.64 412.865 970148 -4.15328
1071.01 5091.94 412.836 970148 -4.15328
1070.92 5093.24 412.806 970148 -4.15328
1070.82 5094.54 412.777 970148 -4.15328
1070.73 5095.84 412.748 970148 -4.26069
1070.63 5097.15 412.718 970148 -4.46991
1070.53 5098.46 412.688 970148 -4.46991
1070.43 5099.76 412.658 970148 -4.46991
1070.33 5101.07 412.629 970148 -4.46991
1070.22 5102.37 412.599 970148 -4.46991
1070.12 5103.68 412.569 970148 -4.46991
1070.02 5105.01 412.539 970148 -4.46991
1069.91 5106.33 412.509 970148 -4.46991
1069.81 5107.66 412.479 970148 -4.46991
1069.71 5108.99 412.449 970148 -4.46991
1069.6 5110.31 412.419 970148 -4.46991
1069.5 5111.64 412.389 970148 -4.46991
1069.4 5112.97 412.358 970148 -4.46991
1069.29 5114.31 412.328 970148 -4.46991
1069.19 5115.64 412.298 970148 -4.46991
1069.08 5116.98 412.267 970148 -4.46991
1068.98 5118.31 412.237 970148 -4.46991
1068.87 5119.65 412.207 970148 -4.46991
1068.77 5120.98 412.176 970148 -4.46991
1068.67 5122.31 412.146 970148 -4.69672
1068.56 5123.64 412.116 970148 -4.85268
1068.44 5124.97 412.086 970148 -4.85268
1068.33 5126.3 412.056 970148 -4.85268
1068.22 5127.63 412.026 970148 -4.85268
1068.11 5128.96 411.995 970148 -4.85268
1067.99 5130.29 411.965 970148 -4.85268
1067.88 5131.62 411.935 970148 -4.85268
1067.77 5132.95 411.905 970148 -4.85268
1067.65 5134.28 411.875 970148 -4.85268
1067.54 5135.61 411.845 970148 -4.85268
1067.43 5136.94 411.815 970148 -4.85268
1067.31 5138.27 411.784 970148 -4.85268
1067.2 5139.6 411.754 970148 -4.85268
1067.09 5140.93 411.724 970148 -4.85268
1066.98 5142.26 411.694 970148 -4.85268
1066.86 5143.59 411.664 970148 -4.85268
1066.75 5144.92 411.634 970148 -4.85268
1066.64 5146.25 411.604 970148 -4.85268
1066.52 5147.57 411.573 970148 -4.85268
1066.41 5148.9 411.543 970148 -5.16691
1066.29 5150.23 411.513 970148 -5.23317
1066.17 5151.56 411.483 970148 -5.23556
1066.05 5152.89 411.454 970148 -5.23556
1065.93 5154.22 411.424 970148 -5.23556
1065.8 5155.55 411.394 970148 -5.23556
1065.68 5156.88 411.364 970148 -5.23556
1065.56 5158.21 411.334 970148 -5.23556
1065.44 5159.54 411.304 970148 -5.23317
1065.32 5160.86 411.274 970148 -5.23317
1065.2 5162.19 411.244 970148 -5.23317
1065.07 5163.52 411.214 970148 -5.23317
1064.95 5164.85 411.185 970148 -5.23317
1064.83 5166.18 411.155 970148 -5.23317
1064.71 5167.51 411.125 970148 -5.23317
1064.59 5168.84 411.095 970148 -5.23317
1064.47 5170.17 411.065 970148 -5.23317
1064.34 5171.5 411.035 970148 -5.23317
1064.22 5172.83 411.005 970148 -5.23317
1064.1 5174.15 410.975 970148 -5.25376
1063.98 5175.48 410.945 970148 -5.61136
1063.85 5176.81 410.916 970148 -5.61136
1063.72 5178.14 410.886 970148 -5.61136
1063.59 5179.47 410.857 970148 -5.61136
1063.46 5180.8 410.827 970148 -5.61136
1063.32 5182.13 410.798 970148 -5.61136
1063.19 5183.46 410.768 970148 -5.61851
1063.06 5184.79 410.739 970148 -5.61851
1062.93 5186.12 410.709 970148 -5.61851
1062.8 5187.45 410.68 970148 -5.61851
1062.67 5188.78 410.65 970148 -5.61851
1062.54 5190.11 410.621 970148 -5.61851
1062.41 5191.44 410.591 970148 -5.61851
1062.28 5192.77 410.561 970148 -5.61851
1062.15 5194.1 410.532 970148 -5.61851
1062.02 5195.43 410.502 970148 -5.61851
1061.89 5196.76 410.473 970148 -5.61851
1061.76 5198.09 410.443 970148 -5.61851
1061.62 5199.42 410.414 970148 -5.61852
1061.49 5200.75 410.384 970148 -5.73132
1061.36 5202.07 410.355 970148 -5.99438
1061.22 5203.4 410.326 970148 -5.99438
1061.08 5204.73 410.297 970148 -5.99438
1060.94 5206.06 410.268 970148 -5.99438
1060.8 5207.38 410.239 970148 -5.99437
1060.66 5208.71 410.21 970148 -5.99437
1060.52 5210.04 410.181 970148 -5.99437
1060.38 5211.37 410.152 970148 -5.99437
1060.25 5212.69 410.123 970148 -5.99437
1060.11 5214.02 410.094 970148 -5.99437
1059.97 5215.35 410.065 970148 -5.99438
1059.83 5216.68 410.037 970148 -5.99438
1059.69 5218 410.008 970148 -5.99438
1059.55 5219.33 409.979 970148 -5.99438
1059.41 5220.66 409.95 970148 -5.99438
1059.27 5221.98 409.921 970148 -5.99438
1059.13 5223.31 409.892 970148 -5.99438
7.41 0 0 0 -5.99438
7.41 0 0 0 -5.99438
7.41 0 0 0 -5.99438
6.57 0 0 0 -5.99438
6.57 0 0 0 -5.99438
6.57 0 0 0 -5.99438
6.57 0 0 0 -5.99438
6.57 0 0 0 -5.99438
6.57 0 0 0 -5.99438
6.27 0 0 0 -5.99438
6.27 0 0 0 -5.99438
6.27 0 0 0 -5.99438
6.27 0 0 0 -5.99438
6.27 0 0 0 -5.99438
6.27 0 0 0 -5.99438
6.29 0 0 0 -5.99438
6.29 0 0 0 -5.99438
6.29 0 0 0 -5.99438
6.29 0 0 0 -5.99438
6.29 0 0 0 -5.99438
6.29 0 0 0 -5.99438
6.4 0 0 0 -5.99438
6.4 0 0 0 -5.99438
6.4 0 0 0 -5.99438
6.4 0 0 0 -5.99438
6.4 0 0 0 -5.99438
6.4 0 0 0 -5.99438
6.42 0 0 0 -5.99438
6.42 0 0 0 -5.99438
6.42 0 0 0 -5.99438
6.42 0 0 0 -5.99438
6.42 0 0 0 -5.99438
6.42 0 0 0 -5.99438
6.42 0 0 0 -5.99438
6.42 0 0 0 -5.99438
6.42 0 0 0 -5.99438
6.42 0 0 0 -5.99438
6.42 0 0 0 -5.99438
6.42 0 0 0 -5.99438
6.43 0 0 0 -5.99438
6.43 0 0 0 -5.99438
6.43 0 0 0 -5.99438
6.43 0 0 0 -5.99438
6.43 0 0 0 -5.99438
6.43 0 0 0 -5.99438
6.28 0 0 0 -5.99438
6.28 0 0 0 -5.99438
6.28 0 0 0 -5.99438
6.28 0 0 0 -5.99438
6.28 0 0 0 -5.99438
6.28 0 0 0 -5.99438
6.18 0 0 0 -5.99438
6.18 0 0 0 -5.99438
6.18 0 0 0 -5.99438
6.18 0 0 0 -5.99438
6.18 0 0 0 -5.99438
6.18 0 0 0 -5.99438
6.44 0 0 0 -5.99438
6.44 0 0 0 -5.99438
6.44 0 0 0 -5.99438
6.44 0 0 0 -5.99438
6.44 0 0 0 -5.99438
6.44 0 0 0 -5.99438
7.32 0 0 0 -5.99438
7.32 0 0 0 -5.99438
7.32 0 0 0 -5.99438
7.32 0 0 0 -5.99438
7.32 0 0 0 -5.99438
7.32 0 0 0 -5.99438
8.72 0 0 0 -5.99438
8.72 0 0 0 -5.99438
8.72 0 0 0 -5.99438
8.72 0 0 0 -5.99438
8.72 0 0 0 -5.99438
8.72 0 0 0 -5.99438
9.59 0 0 0 -5.99438
9.59 0 0 0 -5.99438
9.59 0 0 0 -5.99438
9.59 0 0 0 -5.99438
9.59 0 0 0 -5.99438
9.59 0 0 0 -5.99438
9.68 0 0 0 -5.99438
9.68 0 0 0 -5.99438
9.68 0 0 0 -5.99438
9.68 0 0 0 -5.99438
9.68 0 0 0 -5.99438
9.68 0 0 0 -5.99438
9.51 0 0 0 -5.99438
9.51 0 0 0 -5.99438
9.51 0 0 0 -5.99438
9.51 0 0 0 -5.99438
9.51 0 0 0 -5.99438
9.51 0 0 0 -5.99438
9.57 0 0 0 -5.99438
9.57 0 0 0 -5.99438
9.57 0 0 0 -5.99438
9.57 0 0 0 -5.99438
9.57 0 0 0 -5.99438
9.57 0 0 0 -5.99438
10.02 0 0 0 -5.99438
10.02 0 0 0 -5.99438
10.02 0 0 0 -5.99438
10.02 0 0 0 -5.99438
10.02 0 0 0 -5.99438
10.02 0 0 0 -5.99438
10.1 0 0 0 -5.99438
10.1 0 0 0 -5.99438
10.1 0 0 0 -5.99438
10.1 0 0 0 -5.99438
10.1 0 0 0 -5.99438
10.1 0 0 0 -5.99438
9.46 0 0 0 -5.99438
9.46 0 0 0 -5.99438
9.46 0 0 0 -5.99438
9.46 0 0 0 -5.99438
9.46 0 0 0 -5.99438
9.46 0 0 0 -5.99438
8.66 0 0 0 -5.99438
8.66 0 0 0 -5.99438
8.66 0 0 0 -5.99438
8.66 0 0 0 -5.99438
8.66 0 0 0 -5.99438
8.66 0 0 0 -5.99438
8.26 0 0 0 -5.99438
8.26 0 0 0 -5.99438
8.26 0 0 0 -5.99438
8.26 0 0 0 -5.99438
8.26 0 0 0 -5.99438
8.26 0 0 0 -5.99438
0 0 0 0 -5.99438
-774.515 -2972.21 0 0 -5.99438
-774.319 -2971.4 0 0 -5.99438
-774.122 -2970.6 0 0 -5.99438
-773.925 -2969.79 0 0 -5.99438
-773.728 -2968.98 0 0 -5.99438
-773.533 -2968.17 0 0 -5.99438
-773.337 -2967.36 0 0 -5.99438
-773.141 -2966.55 0 0 -5.99438
-772.945 -2965.74 0 0 -5.99438
-772.865 -2965.39 0 0 -5.99438
-772.672 -2964.58 0 0 -5.99438
-772.479 -2963.77 0 0 -5.99438
-772.286 -2962.96 0 0 -5.99438
-772.093 -2962.15 0 0 -5.99438
-771.899 -2961.34 0 0 -5.99438
-771.706 -2960.53 0 0 -5.99438
-771.513 -2959.72 0 0 -5.99438
-771.318 -2958.92 0 0 -5.99438
-771.121 -2958.11 0 0 -5.99438
-770.925 -2957.3 0 0 -5.99438
-770.728 -2956.49 0 0 -5.99438
-770.531 -2955.68 0 0 -5.99438
-770.335 -2954.87 0 0 -5.99438
-770.138 -2954.06 0 0 -5.99438
-769.941 -2953.25 0 0 -5.99438
-769.744 -2952.44 0 0 -5.99438
-769.544 -2951.64 0 0 -5.99438
-769.344 -2950.83 0 0 -5.99438
-769.144 -2950.02 0 0 -5.99438
-768.944 -2949.21 0 0 -5.99438
-768.744 -2948.4 0 0 -5.99438
-768.544 -2947.59 0 0 -5.99438
-768.345 -2946.79 0 0 -5.99438
-768.145 -2945.98 0 0 -5.99438
-767.942 -2945.17 0 0 -5.99438
-767.739 -2944.36 0 0 -5.99438
-767.536 -2943.56 0 0 -5.99438
-767.333 -2942.75 0 0 -5.99438
-767.13 -2941.94 0 0 -5.99438
-766.927 -2941.14 0 0 -5.99438
-766.724 -2940.33 0 0 -5.99438
-766.521 -2939.52 0 0 -5.99438
-766.317 -2938.71 0 0 -5.99438
-766.111 -2937.91 0 0 -5.99438
-765.905 -2937.1 0 0 -5.99438
-765.698 -2936.29 0 0 -5.99438
-765.492 -2935.49 0 0 -5.99438
-765.286 -2934.68 0 0 -5.99438
-765.08 -2933.87 0 0 -5.99438
-764.874 -2933.07 0 0 -5.99438
-764.668 -2932.26 0 0 -5.99438
-764.459 -2931.45 0 0 -5.99438
-764.25 -2930.65 0 0 -5.99438
-764.041 -2929.84 0 0 -5.99438
-763.832 -2929.04 0 0 -5.99438
-763.623 -2928.23 0 0 -5.99438
-763.414 -2927.42 0 0 -5.99438
-763.205 -2926.62 0 0 -5.99438
-762.996 -2925.81 0 0 -5.99438
-762.786 -2925.01 0 0 -5.99438
-762.574 -2924.2 0 0 -5.99438
-762.362 -2923.4 0 0 -5.99438
-762.151 -2922.59 0 0 -5.99438
-761.939 -2921.78 0 0 -5.99438
-761.727 -2920.98 0 0 -5.99438
-761.515 -2920.17 0 0 -5.99438
-761.304 -2919.37 0 0 -5.99438
-761.091 -2918.56 0 0 -5.99438
-760.875 -2917.75 0 0 -5.99438
-760.659 -2916.94 0 0 -5.99438
-760.443 -2916.13 0 0 -5.99438
-760.226 -2915.32 0 0 -5.99438
-760.01 -2914.51 0 0 -5.99438
-759.794 -2913.69 0 0 -5.99438
-759.582 -2912.9 0 0 -5.99438
-759.369 -2912.1 0 0 -5.99438
-759.155 -2911.3 0 0 -5.99438
-758.94 -2910.51 0 0 -5.99438
-758.725 -2909.71 0 0 -5.99438
-758.511 -2908.91 0 0 -5.99438
-758.304 -2908.14 0 0 -5.99438
-758.097 -2907.37 0 0 -5.99438
-757.89 -2906.61 0 0 -5.99438
-757.683 -2905.84 0 0 -5.99438
-757.475 -2905.07 0 0 -5.99438
-757.266 -2904.3 0 0 -5.99438
-757.058 -2903.55 0 0 -5.99438
-756.849 -2902.79 0 0 -5.99438
-756.641 -2902.03 0 0 -5.99438
-756.433 -2901.28 0 0 -5.99438
-756.225 -2900.52 0 0 -5.99438
-756.016 -2899.77 0 0 -5.99438
-755.804 -2899 0 0 -5.99438
-755.729 -2898.72 0 0 -5.99438
-755.511 -2897.96 0 0 -5.99438
-755.294 -2897.19 0 0 -5.99438
-755.076 -2896.43 0 0 -5.99438
-754.858 -2895.66 0 0 -5.99438
-754.633 -2894.87 0 0 -5.99438
-754.408 -2894.07 0 0 -5.99438
-754.183 -2893.28 0 0 -5.99438
-753.957 -2892.49 0 0 -5.99438
-753.732 -2891.69 0 0 -5.99438
-753.507 -2890.9 0 0 -5.99438
-753.279 -2890.1 0 0 -5.99438
-753.051 -2889.29 0 0 -5.99438
-752.823 -2888.49 0 0 -5.99438
-752.595 -2887.69 0 0 -5.99438
-752.366 -2886.89 0 0 -5.99438
-752.138 -2886.08 0 0 -5.99438
-751.911 -2885.28 0 0 -5.99438
-751.684 -2884.48 0 0 -5.99438
-751.456 -2883.68 0 0 -5.99438
-751.229 -2882.88 0 0 -5.99438
-751.001 -2882.08 0 0 -5.99438
-750.774 -2881.28 0 0 -5.99438
-750.543 -2880.46 0 0 -5.99438
-750.312 -2879.64 0 0 -5.99438
-750.081 -2878.81 0 0 -5.99438
-749.85 -2877.99 0 0 -5.99438
-749.62 -2877.17 0 0 -5.99438
-749.389 -2876.35 0 0 -5.99438
-749.146 -2875.5 0 0 -5.99438
-748.903 -2874.64 0 0 -5.99438
-748.66 -2873.79 0 0 -5.99438
-748.417 -2872.93 0 0 -5.99438
-748.174 -2872.08 0 0 -5.99438
-747.931 -2871.22 0 0 -5.99438
-747.676 -2870.33 0 0 -5.99438
-747.414 -2869.45 0 0 -5.99438
-747.149 -2868.56 0 0 -5.99438
-746.885 -2867.68 0 0 -5.99438
-746.62 -2866.8 0 0 -5.99438
-746.355 -2865.91 0 0 -5.99438
-746.088 -2865.01 0 0 -5.99438
-745.82 -2864.11 0 0 -5.99438
-745.553 -2863.2 0 0 -5.99438
-745.285 -2862.3 0 0 -5.99438
-745.018 -2861.4 0 0 -5.99438
-744.75 -2860.5 0 0 -5.99438
-744.48 -2859.59 0 0 -5.99438
-744.21 -2858.68 0 0 -5.99438
-743.94 -2857.77 0 0 -5.99438
-743.67 -2856.86 0 0 -5.99438
-743.4 -2855.95 0 0 -5.99438
-743.13 -2855.04 0 0 -5.99438
-742.857 -2854.11 0 0 -5.99438
-742.584 -2853.19 0 0 -5.99438
-742.311 -2852.27 0 0 -5.99438
-742.039 -2851.34 0 0 -5.99438
-741.766 -2850.42 0 0 -5.99438
-741.493 -2849.5 0 0 -5.99438
-741.212 -2848.56 0 0 -5.99438
-740.932 -2847.61 0 0 -5.99438
-740.652 -2846.67 0 0 -5.99438
-740.371 -2845.73 0 0 -5.99438
-740.091 -2844.79 0 0 -5.99438
-739.811 -2843.85 0 0 -5.99438
-739.526 -2842.89 0 0 -5.99438
-739.242 -2841.93 0 0 -5.99438
-738.952 -2840.97 0 0 -5.99438
-738.657 -2840.02 0 0 -5.99438
-738.362 -2839.06 0 0 -5.99438
-738.066 -2838.11 0 0 -5.99438
-737.769 -2837.15 0 0 -5.99438
-737.472 -2836.19 0 0 -5.99438
-737.175 -2835.23 0 0 -5.99438
-736.878 -2834.27 0 0 -5.99438
-736.581 -2833.31 0 0 -5.99438
-736.284 -2832.35 0 0 -5.99438
-735.988 -2831.39 0 0 -5.99438
-735.692 -2830.44 0 0 -5.99438
-735.396 -2829.48 0 0 -5.99438
-735.101 -2828.53 0 0 -5.99438
-734.805 -2827.57 0 0 -5.99438
-734.509 -2826.61 0 0 -5.99438
-734.213 -2825.66 0 0 -5.99438
-733.918 -2824.7 0 0 -5.99438
-733.623 -2823.75 0 0 -5.99438
-733.327 -2822.79 0 0 -5.99438
-733.032 -2821.84 0 0 -5.99438
-732.736 -2820.88 0 0 -5.99438
-732.441 -2819.93 0 0 -5.99438
-732.145 -2818.97 0 0 -5.99438
-731.85 -2818.02 0 0 -5.99438
-731.554 -2817.06 0 0 -5.99438
-731.258 -2816.11 0 0 -5.99438
-730.963 -2815.15 0 0 -5.99438
-730.667 -2814.2 0 0 -5.99438
-730.372 -2813.24 0 0 -5.99438
-730.069 -2812.29 0 0 -5.99438
-729.762 -2811.34 0 0 -5.99438
-729.456 -2810.39 0 0 -5.99438
-729.149 -2809.43 0 0 -5.99438
-728.842 -2808.48 0 0 -5.99438
-728.535 -2807.53 0 0 -5.99438
-728.228 -2806.58 0 0 -5.99438
-727.921 -2805.63 0 0 -5.99438
-727.615 -2804.68 0 0 -5.99438
-727.308 -2803.73 0 0 -5.99438
-727.001 -2802.77 0 0 -5.99438
-726.694 -2801.82 0 0 -5.99438
-726.387 -2800.87 0 0 -5.99438
-726.08 -2799.92 0 0 -5.99438
-725.774 -2798.97 0 0 -5.99438
-725.467 -2798.02 0 0 -5.99438
-725.16 -2797.06 0 0 -5.99438
-724.853 -2796.11 0 0 -5.99438
-724.546 -2795.16 0 0 -5.99438
-724.239 -2794.21 0 0 -5.99438
-723.933 -2793.26 0 0 -5.99438
-723.626 -2792.31 0 0 -5.99438
-723.319 -2791.35 0 0 -5.99438
-723.012 -2790.4 0 0 -5.99438
-722.705 -2789.45 0 0 -5.99438
-722.399 -2788.5 0 0 -5.99438
-722.092 -2787.55 0 0 -5.99438
-721.785 -2786.6 0 0 -5.99438
-721.478 -2785.65 0 0 -5.99438
-721.172 -2784.69 0 0 -5.99438
-720.857 -2783.75 0 0 -5.99438
-720.539 -2782.8 0 0 -5.99438
-720.221 -2781.85 0 0 -5.99438
-719.903 -2780.9 0 0 -5.99438
-719.585 -2779.95 0 0 -5.99438
-719.267 -2779.01 0 0 -5.99438
-718.948 -2778.06 0 0 -5.99438
-718.63 -2777.11 0 0 -5.99438
-718.312 -2776.16 0 0 -5.99438
-717.994 -2775.21 0 0 -5.99438
-717.676 -2774.27 0 0 -5.99438
-717.358 -2773.32 0 0 -5.99438
-717.04 -2772.37 0 0 -5.99438
-716.722 -2771.42 0 0 -5.99438
-716.404 -2770.48 0 0 -5.99438
-716.086 -2769.53 0 0 -5.99438
-715.766 -2768.58 0 0 -5.99438
-715.447 -2767.62 0 0 -5.99438
-715.127 -2766.67 0 0 -5.99438
-714.808 -2765.72 0 0 -5.99438
-714.488 -2764.77 0 0 -5.99438
-714.169 -2763.82 0 0 -5.99438
-713.852 -2762.87 0 0 -5.99438
-713.535 -2761.93 0 0 -5.99438
-713.218 -2760.99 0 0 -5.99438
-712.902 -2760.04 0 0 -5.99438
-712.585 -2759.1 0 0 -5.99438
-712.268 -2758.15 0 0 -5.99438
-711.957 -2757.23 0 0 -5.99438
-711.645 -2756.3 0 0 -5.99438
-711.327 -2755.37 0 0 -5.99438
-711.004 -2754.45 0 0 -5.99438
-710.682 -2753.53 0 0 -5.99438
0 0 0 0 -5.99438
0 0 0 0 -5.99438
0 0 0 0 -5.99438
0 0 0 0 -5.99438
0 0 0 0 -5.99438
0 0 0 0 -5.99438
0 0 0 0 -5.99438
0 0 0 0 -5.99438
0 0 0 0 -5.99438
0 0 0 0 -5.99438
0 0 0 0 -5.99438
0 0 0 0 -5.99438
0 0 0 0 -5.99438
0 0 0 0 -5.99438
0 0 0 0 -5.99438
0 0 0 0 -5.99438
0 0 0 0 -5.99438
0 0 0 0 -5.99438
0 0 0 0 -5.99438
0 0 0 0 -5.99438
0 0 0 0 -5.99438
0 0 0 0 -5.99438
0 0 0 0 -5.99438
0 0 0 0 -5.99438
0 0 0 0 -5.99438
0 0 0 0 -5.99438
0 0 0 0 -5.99438
0 0 0 0 -5.99438
0 0 0 0 -5.99438
0 0 0 0 -5.99438
0 0 0 0 -5.99438
0 0 0 0 -5.99438
0 0 0 0 -5.99438
0 0 0 0 -5.99438
0 0 0 0 -5.99438
0 0 0 0 -5.99438
0 0 0 0 -5.99438
0 0 0 0 -5.99438
0 0 0 0 -5.99438
0 0 0 0 -5.99438
0 0 0 0 -5.99438
0 0 0 0 -5.99438
0 0 0 0 -5.99438
0 0 0 0 -5.99438
0 0 0 0 -5.99438
0 0 0 0 -5.99438
0 0 0 0 -5.99438
0 0 0 0 -5.99438
0 0 0 0 -5.99438
0 0 0 0 -5.99438
0 0 0 0 -5.99438
0 0 0 0 -5.99438
0 0 0 0 -5.99438
0 0 0 0 -5.99438
0 0 0 0 -5.99438
0 0 0 0 -5.99438
0 0 0 0 -5.99438
0 0 0 0 -5.99438
0 0 0 0 -5.99438
0 0 0 0 -5.99438
0 0 0 0 -5.99438
0 0 0 0 -5.99438
0 0 0 0 -5.99438
0 0 0 0 -5.99438
0 0 0 0 -5.99438
0 0 0 0 -5.99438
0 0 0 0 -5.99438
0 0 0 0 -5.99438
0 0 0 0 -5.99438
0 0 0 0 -5.99438
0 0 0 0 -5.99438
0 0 0 0 -5.99438
0 0 0 0 -5.99438
0 0 0 0 -5.99438
0 0 0 0 -5.99438
0 0 0 0 -5.99438
0 0 0 0 -5.99438
0 0 0 0 -5.99438
0 0 0 0 -5.99438
0 0 0 0 -5.99438
0 0 0 0 -5.99438
0 0 0 0 -5.99438
0 0 0 0 -5.99438
0 0 0 0 -5.99438
0 0 0 0 -5.99438
0 0 0 0 -5.99438
0 0 0 0 -5.99438
0 0 0 0 -5.99438
0 0 0 0 -5.99438
0 0 0 0 -5.99438
0 0 0 0 -5.99438
0 0 0 0 -5.99438
0 0 0 0 -5.99438
0 0 0 0 -5.99438
0 0 0 0 -5.99438
0 0 0 0 -5.99438
0 0 0 0 -5.99438
0 0 0 0 -5.99438
0 0 0 0 -5.99438
0 0 0 0 -5.99438
0 0 0 0 -5.99438
0 0 0 0 -5.99438
0 0 0 0 -5.99438
0 0 0 0 -5.99438
0 0 0 0 -5.99438
0 0 0 0 -5.99438
0 0 0 0 -5.99438
0 0 0 0 -5.99438
0 0 0 0 -5.99438
0 0 0 0 -5.99438
0 0 0 0 -5.99438
0 0 0 0 -5.99438
0 0 0 0 -5.99438
0 0 0 0 -5.99438
0 0 0 0 -5.99438
0 0 0 0 -5.99438
0 0 0 0 -5.99438
0 0 0 0 -5.99438
0 0 0 0 -5.99438
0 0 0 0 -5.99438
0 0 0 0 -5.99438
0 0 0 0 -5.99438
0 0 0 0 -5.99438
0 0 0 0 -5.99438
0 0 0 0 -5.99438
0 0 0 0 -5.99438
0 0 0 0 -5.99438
0 0 0 0 -5.99438
0 0 0 0 -5.99438
0 0 0 0 -5.99438
0 0 0 0 -5.99438
0 0 0 0 -5.99438
0 0 0 0 -5.99438
0 0 0 0 -5.99438
0 0 0 0 -5.99438
0 0 0 0 -5.99438
0 0 0 0 -5.99438
0 0 0 0 -5.99438
0 0 0 0 -5.99438
0 0 0 0 -5.99438
0 0 0 0 -5.99438
0 0 0 0 -5.99438
0 0 0 0 -5.99438
0 0 0 0 -5.99438
0 0 0 0 -5.99438
0 0 0 0 -5.99438
0 0 0 0 -5.99438
0 0 0 0 -5.99438
0 0 0 0 -5.99438
0 0 0 0 -5.99438
0 0 0 0 -5.99438
0 0 0 0 -5.99438
0 0 0 0 -5.99438
0 0 0 0 -5.99438
0 0 0 0 -5.99438
0 0 0 0 -5.99438
0 0 0 0 -5.99438
0 0 0 0 -5.99438
0 0 0 0 -5.99438
0 0 0 0 -5.99438
0 0 0 0 -5.99438
0 0 0 0 -5.99438
0 0 0 0 -5.99438
0 0 0 0 -5.99438
0 0 0 0 -5.99438
0 0 0 0 -5.99438
0 0 0 0 -5.99438
0 0 0 0 -5.99438
0 0 0 0 -5.99438
0 0 0 0 -5.99438
0 0 0 0 -5.99438
0 0 0 0 -5.99438
0 0 0 0 -5.99438
0 0 0 0 -5.99438
0 0 0 0 -5.99438
0 0 0 0 -5.99438
0 0 0 0 -5.99438
0 0 0 0 -5.99438
0 0 0 0 -5.99438
0 0 0 0 -5.99438
0 0 0 0 -5.99438
0 0 0 0 -5.99438
0 0 0 0 -5.99438
0 0 0 0 -5.99438
0 0 0 0 -5.99438
0 0 0 0 -5.99438
0 0 0 0 -5.99438
0 0 0 0 -5.99438
0 0 0 0 -5.99438
0 0 0 0 -5.99438
0 0 0 0 -5.99438
0 0 0 0 -5.99438
0 0 0 0 -5.99438
0 0 0 0 -5.99438
0 0 0 0 -5.99438
0 0 0 0 -5.99438
0 0 0 0 -5.99438
0 0 0 0 -5.99438
0 0 0 0 -5.99438
0 0 0 0 -5.99438
0 0 0 0 -5.99438
0 0 0 0 -5.99438
0 0 0 0 -5.99438
0 0 0 0 -5.99438
0 0 0 0 -5.99438
0 0 0 0 -5.99438
0 0 0 0 -5.99438
0 0 0 0 -5.99438
0 0 0 0 -5.99438
0 0 0 0 -5.99438
0 0 0 0 -5.99438
0 0 0 0 -5.99438
0 0 0 0 -5.99438
0 0 0 0 -5.99438
0 0 0 0 -5.99438
0 0 0 0 -5.99438
0 0 0 0 -5.99438
0 0 0 0 -5.99438
0 0 0 0 -5.99438
0 0 0 0 -5.99438
0 0 0 0 -5.99438
0 0 0 0 -5.99438
0 0 0 0 -5.99438
0 0 0 0 -5.99438
0 0 0 0 -5.99438
0 0 0 0 -5.99438
0 0 0 0 -5.99438
0 0 0 0 -5.99438
0 0 0 0 -5.99438
0 0 0 0 -5.99438
0 0 0 0 -5.99438
0 0 0 0 -5.99438
0 0 0 0 -5.99438
0 0 0 0 -5.99438
0 0 0 0 -5.99438
0 0 0 0 -5.99438
0 0 0 0 -5.99438
0 0 0 0 -5.99438
0 0 0 0 -5.99438
0 0 0 0 -5.99438
0 0 0 0 -5.99438
0 0 0 0 -5.99438
0 0 0 0 -5.99438
0 0 0 0 -5.99438
0 0 0 0 -5.99438
0 0 0 0 -5.99438
0 0 0 0 -5.99438
0 0 0 0 -5.99438
0 0 0 0 -5.99438
0 0 0 0 -5.99438
0 0 0 0 -5.99438
0 0 0 0 -5.99438
0 0 0 0 -5.99438
0 0 0 0 -5.99438
0 0 0 0 -5.99438
0 0 0 0 -5.99438
0 0 0 0 -5.99438
0 0 0 0 -5.99438
0 0 0 0 -5.99438
0 0 0 0 -5.99438
0 0 0 0 -5.99438
0 0 0 0 -5.99438
0 0 0 0 -5.99438
0 0 0 0 -5.99438
0 0 0 0 -5.99438
0 0 0 0 -5.99438
0 0 0 0 -5.99438
0 0 0 0 -5.99438
0 0 0 0 -5.99438
0 0 0 0 -5.99438
0 0 0 0 -5.99438
0 0 0 0 -5.99438
0 0 0 0 -5.99438
0 0 0 0 -5.99438
0 0 0 0 -5.99438
0 0 0 0 -5.99438
0 0 0 0 -5.99438
0 0 0 0 -5.99438
0 0 0 0 -5.99438
0 0 0 0 -5.99438
0 0 0 0 -5.99438
0 0 0 0 -5.99438
0 0 0 0 -5.99438
0 0 0 0 -5.99438
0 0 0 0 -5.99438
0 0 0 0 -5.99438
0 0 0 0 -5.99438
0 0 0 0 -5.99438
0 0 0 0 -5.99438
0 0 0 0 -5.99438
0 0 0 0 -5.99438
0 0 0 0 -5.99438
0 0 0 0 -5.99438
0 0 0 0 -5.99438
0 0 0 0 -5.99438
0 0 0 0 -5.99438
0 0 0 0 -5.99438
0 0 0 0 -5.99438
0 0 0 0 -5.99438
0 0 0 0 -5.99438
0 0 0 0 0
