946.903 3026.47 378.461 800149 4.64564
946.932 3026.81 378.472 800149 4.64564
946.96 3027.14 378.482 800149 4.64564
946.988 3027.47 378.493 800149 4.64564
947.017 3027.81 378.503 800149 4.64564
947.045 3028.14 378.514 800149 4.64564
947.073 3028.47 378.525 800149 4.64564
947.1 3028.8 378.535 800149 4.64564
947.127 3029.12 378.545 800149 4.64564
947.153 3029.45 378.556 800149 4.64564
947.18 3029.77 378.566 800149 4.64564
947.207 3030.1 378.576 800149 4.64564
947.234 3030.42 378.587 800149 4.64564
947.259 3030.77 378.598 800149 4.64564
947.285 3031.11 378.609 800149 4.64564
947.311 3031.46 378.62 800149 4.64564
947.337 3031.8 378.631 800149 4.64564
947.362 3032.15 378.642 800149 4.64564
947.388 3032.5 378.653 800149 4.64564
947.419 3032.89 378.665 800149 4.64564
947.45 3033.29 378.678 800149 4.64564
947.481 3033.69 378.69 800149 4.64564
947.512 3034.08 378.703 800149 4.64564
947.543 3034.48 378.716 800149 4.64564
947.574 3034.87 378.728 800149 4.64564
947.611 3035.31 378.742 800149 4.64564
947.647 3035.74 378.756 800149 4.64564
947.684 3036.18 378.77 800149 4.64564
947.721 3036.61 378.784 800149 4.64564
947.757 3037.04 378.797 800149 4.64564
947.794 3037.48 378.811 800149 4.64564
947.835 3037.96 378.826 800149 4.64564
947.877 3038.44 378.842 800149 4.64564
947.918 3038.92 378.857 800149 4.64564
947.96 3039.4 378.872 800149 4.64564
948.001 3039.88 378.888 800149 4.64564
948.043 3040.36 378.903 800149 4.6583
948.083 3040.86 378.919 800149 4.6583
948.124 3041.36 378.935 800149 4.6583
948.165 3041.86 378.951 800149 4.6583
948.206 3042.36 378.966 800149 4.6583
948.246 3042.86 378.982 800149 4.6583
948.287 3043.36 378.998 800149 4.65822
948.328 3043.86 379.014 800149 4.65822
948.369 3044.37 379.03 800149 4.66385
948.41 3044.87 379.047 800149 4.67102
948.452 3045.38 379.063 800149 4.67102
948.493 3045.88 379.079 800149 4.67102
948.534 3046.38 379.096 800149 4.67113
948.575 3046.88 379.112 800149 4.67113
948.615 3047.38 379.129 800149 4.67113
948.656 3047.88 379.145 800149 4.67113
948.697 3048.38 379.161 800149 4.67113
948.738 3048.88 379.177 800149 4.67113
948.779 3049.38 379.194 800149 4.67113
948.819 3049.88 379.21 800149 4.67113
948.86 3050.37 379.226 800149 4.67113
948.901 3050.87 379.243 800149 4.67113
948.942 3051.37 379.259 800149 4.67113
948.982 3051.87 379.275 800149 4.67113
949.023 3052.37 379.291 800149 4.67113
949.064 3052.86 379.308 800149 4.67113
949.104 3053.36 379.324 800149 4.67113
949.145 3053.86 379.34 800149 4.67113
949.186 3054.36 379.356 800149 4.67113
949.226 3054.86 379.373 800149 4.67113
949.267 3055.35 379.389 800149 4.67113
949.308 3055.85 379.405 800149 4.67113
949.349 3056.35 379.422 800149 4.67113
949.389 3056.85 379.438 800149 4.67113
949.43 3057.35 379.454 800149 4.67113
949.471 3057.84 379.47 800149 4.67113
949.512 3058.34 379.487 800149 4.67113
949.552 3058.84 379.503 800149 4.67113
949.593 3059.34 379.519 800149 4.67113
949.634 3059.84 379.535 800149 4.67113
949.674 3060.33 379.552 800149 4.67113
949.715 3060.83 379.568 800149 4.67113
949.756 3061.33 379.584 800149 4.67113
949.797 3061.83 379.6 800149 4.67113
949.837 3062.33 379.617 800149 4.67113
949.878 3062.83 379.633 800149 4.67113
949.919 3063.32 379.65 800149 4.67113
949.96 3063.82 379.667 800149 4.67113
950.001 3064.32 379.683 800149 4.67113
950.042 3064.82 379.7 800149 4.67113
950.083 3065.32 379.717 800149 4.67113
950.124 3065.81 379.734 800149 4.67113
950.165 3066.31 379.751 800149 4.67113
950.206 3066.81 379.767 800149 4.67113
950.247 3067.31 379.784 800149 4.67113
950.288 3067.81 379.801 800149 4.67113
950.329 3068.3 379.818 800149 4.67113
950.37 3068.8 379.834 800149 4.67113
950.411 3069.3 379.851 800149 4.67113
950.452 3069.8 379.868 800149 4.67113
950.492 3070.3 379.885 800149 4.67113
950.533 3070.79 379.902 800149 4.67113
950.574 3071.29 379.918 800149 4.67113
950.615 3071.79 379.935 800149 4.67113
950.656 3072.29 379.952 800149 4.67113
950.697 3072.79 379.969 800149 4.67113
950.738 3073.28 379.985 800149 4.67113
950.779 3073.78 380.002 800149 4.67113
950.82 3074.28 380.019 800149 4.67113
950.861 3074.78 380.036 800149 4.67113
950.902 3075.28 380.052 800149 4.67113
950.943 3075.77 380.069 800149 4.67113
950.984 3076.27 380.086 800149 4.67113
951.025 3076.77 380.103 800149 4.67113
951.066 3077.27 380.12 800149 4.67113
951.107 3077.77 380.136 800149 4.67113
951.148 3078.26 380.153 800149 4.67113
951.189 3078.76 380.17 800149 4.67113
951.23 3079.26 380.187 800149 4.67113
951.271 3079.76 380.203 800149 4.67113
951.312 3080.26 380.22 800149 4.67113
951.311 3080.25 380.22 810149 4.67113
951.352 3080.75 380.237 810149 4.67113
951.392 3081.25 380.255 810149 4.67113
951.433 3081.75 380.272 810149 4.67113
951.473 3082.24 380.289 810149 4.67113
951.513 3082.74 380.307 810149 4.67113
951.554 3083.24 380.324 810149 4.67113
951.594 3083.74 380.342 810149 4.67113
951.635 3084.24 380.359 810149 4.67113
951.675 3084.73 380.377 810149 4.67113
951.715 3085.23 380.394 810149 4.67113
951.756 3085.73 380.411 810149 4.67113
951.796 3086.23 380.429 810149 4.67113
951.837 3086.73 380.446 810149 4.67113
951.877 3087.22 380.464 810149 4.67113
951.917 3087.72 380.481 810149 4.67113
951.958 3088.22 380.499 810149 4.67113
951.998 3088.72 380.516 810149 4.67113
952.039 3089.22 380.533 810149 4.67113
952.079 3089.72 380.551 810149 4.67113
952.119 3090.21 380.568 810149 4.67113
952.16 3090.71 380.586 810149 4.67113
952.2 3091.21 380.603 810149 4.67113
952.241 3091.71 380.621 810149 4.67113
952.281 3092.21 380.638 810149 4.67113
952.321 3092.7 380.655 810149 4.67113
952.362 3093.2 380.673 810149 4.67113
952.402 3093.7 380.69 810149 4.67113
952.443 3094.2 380.708 810149 4.67113
952.483 3094.7 380.725 810149 4.67113
952.524 3095.19 380.743 810149 4.67113
952.564 3095.69 380.76 810149 4.67113
952.604 3096.19 380.777 810149 4.67113
952.645 3096.69 380.795 810149 4.67113
952.685 3097.19 380.812 810149 4.67113
952.726 3097.68 380.83 810149 4.67113
952.766 3098.18 380.847 810149 4.67113
952.806 3098.68 380.865 810149 4.67113
952.847 3099.18 380.882 810149 4.67113
952.887 3099.68 380.899 810149 4.67113
952.927 3100.17 380.917 810149 4.67113
952.968 3100.67 380.934 810149 4.67113
953.008 3101.17 380.952 810149 4.67113
953.049 3101.67 380.969 810149 4.67113
953.089 3102.17 380.988 810149 4.67113
953.129 3102.66 381.006 810149 4.67113
953.17 3103.16 381.024 810149 4.67113
953.21 3103.66 381.042 810149 4.67113
953.251 3104.16 381.06 810149 4.67113
953.291 3104.66 381.078 810149 4.67113
953.331 3105.15 381.096 810149 4.67113
953.372 3105.65 381.114 810149 4.67113
953.412 3106.15 381.133 810149 4.67113
953.453 3106.65 381.151 810149 4.67113
953.493 3107.15 381.169 810149 4.67113
953.533 3107.64 381.187 810149 4.67113
953.574 3108.14 381.205 810149 4.67113
953.614 3108.64 381.223 810149 4.67113
953.654 3109.14 381.241 810149 4.67113
953.695 3109.63 381.259 810149 4.67113
953.735 3110.13 381.277 810149 4.67113
953.776 3110.63 381.296 810149 4.67113
953.816 3111.13 381.314 810149 4.67113
953.856 3111.63 381.332 810149 4.67113
953.897 3112.12 381.35 810149 4.67113
953.937 3112.62 381.368 810149 4.67113
953.978 3113.12 381.386 810149 4.67113
954.018 3113.62 381.404 810149 4.67113
954.058 3114.12 381.422 810149 4.67113
954.099 3114.62 381.441 810149 4.67113
954.139 3115.11 381.459 810149 4.67113
954.179 3115.61 381.477 810149 4.67113
954.22 3116.11 381.495 810149 4.67113
954.26 3116.61 381.513 810149 4.67113
954.3 3117.11 381.531 810149 4.67113
954.341 3117.6 381.549 810149 4.67113
954.381 3118.1 381.567 810149 4.67113
954.422 3118.6 381.585 810149 4.67113
954.462 3119.1 381.604 810149 4.67113
954.502 3119.6 381.622 810149 4.67113
954.543 3120.09 381.64 810149 4.67113
954.583 3120.59 381.658 810149 4.67113
954.624 3121.09 381.676 810149 4.67113
954.664 3121.59 381.694 810149 4.67113
954.704 3122.09 381.712 810149 4.67113
954.745 3122.58 381.73 810149 4.67113
954.785 3123.08 381.749 810149 4.67113
954.826 3123.58 381.768 810149 4.67113
954.866 3124.08 381.786 810149 4.67113
954.906 3124.58 381.805 810149 4.67113
954.947 3125.07 381.824 810149 4.67113
954.987 3125.57 381.842 810149 4.67113
955.028 3126.07 381.861 810149 4.67113
955.068 3126.57 381.88 810149 4.67113
955.108 3127.07 381.899 810149 4.67113
955.149 3127.56 381.917 810149 4.67113
955.189 3128.06 381.936 810149 4.67113
955.229 3128.56 381.955 810149 4.67113
955.27 3129.06 381.973 810149 4.67113
955.31 3129.56 381.992 810149 4.67113
955.35 3130.05 382.011 810149 4.67113
955.391 3130.55 382.029 810149 4.67113
955.431 3131.05 382.048 810149 4.67113
955.472 3131.55 382.067 810149 4.67113
955.512 3132.05 382.086 810149 4.67113
955.552 3132.54 382.104 810149 4.67113
955.593 3133.04 382.123 810149 4.67113
955.633 3133.54 382.142 810149 4.67113
955.674 3134.04 382.16 810149 4.67113
955.714 3134.54 382.179 810149 4.67113
955.755 3135.03 382.198 810149 4.67113
955.795 3135.53 382.217 810149 4.67113
955.836 3136.03 382.235 810149 4.67113
955.876 3136.53 382.254 810149 4.67113
955.916 3137.03 382.273 810149 4.67113
955.957 3137.53 382.291 810149 4.67113
955.997 3138.02 382.31 810149 4.67113
956.037 3138.52 382.329 810149 4.67113
956.078 3139.02 382.348 810149 4.67113
956.118 3139.52 382.366 810149 4.67113
956.159 3140.02 382.385 810149 4.67113
956.199 3140.51 382.404 810149 4.67113
956.239 3141.01 382.422 810149 4.67113
956.28 3141.51 382.441 810149 4.67113
956.32 3142.01 382.46 810149 4.67113
956.361 3142.51 382.478 810149 4.67113
956.401 3143 382.497 810149 4.67113
956.441 3143.5 382.516 810149 4.67113
956.482 3144 382.535 810149 4.67113
956.522 3144.5 382.554 810149 4.67113
956.563 3145 382.573 810149 4.67113
956.603 3145.49 382.592 810149 4.67113
956.644 3145.99 382.611 810149 4.67113
956.684 3146.49 382.631 810149 4.67113
956.724 3146.99 382.65 810149 4.67113
956.765 3147.48 382.669 810149 4.67113
956.805 3147.98 382.688 810149 4.67113
956.846 3148.48 382.707 810149 4.67113
956.886 3148.98 382.727 810149 4.67113
956.927 3149.48 382.746 810149 4.67113
956.967 3149.97 382.765 810149 4.67113
957.007 3150.47 382.784 810149 4.67113
957.048 3150.97 382.803 810149 4.67113
957.088 3151.47 382.823 810149 4.67113
957.129 3151.97 382.842 810149 4.67113
957.169 3152.46 382.861 810149 4.67113
957.21 3152.96 382.88 810149 4.67113
957.25 3153.46 382.899 810149 4.67113
957.291 3153.96 382.919 810149 4.67113
957.331 3154.46 382.938 810149 4.67113
957.372 3154.95 382.957 810149 4.67113
957.412 3155.45 382.976 810149 4.67113
957.452 3155.95 382.995 810149 4.67113
957.493 3156.45 383.015 810149 4.67113
957.533 3156.95 383.034 810149 4.67113
957.574 3157.44 383.053 810149 4.67113
957.614 3157.94 383.072 810149 4.67113
957.655 3158.44 383.091 810149 4.67113
957.695 3158.94 383.111 810149 4.67113
957.735 3159.43 383.13 810149 4.67113
957.776 3159.93 383.149 810149 4.67113
957.816 3160.43 383.168 810149 4.67113
957.857 3160.93 383.187 810149 4.67113
957.897 3161.43 383.206 810149 4.67113
957.938 3161.92 383.226 810149 4.67113
957.978 3162.42 383.245 810149 4.67113
958.018 3162.92 383.264 810149 4.67113
958.059 3163.42 383.283 810149 4.67113
958.099 3163.92 383.302 810149 4.67113
958.14 3164.42 383.322 810149 4.67113
958.18 3164.91 383.341 810149 4.67113
958.221 3165.41 383.36 810149 4.67113
958.261 3165.91 383.38 810149 4.67113
958.302 3166.41 383.4 810149 4.67113
958.342 3166.9 383.419 810149 4.67113
958.383 3167.4 383.439 810149 4.67113
958.424 3167.9 383.458 810149 4.67113
958.464 3168.4 383.478 810149 4.67113
958.505 3168.9 383.497 810149 4.67113
958.545 3169.39 383.517 810149 4.67113
958.586 3169.89 383.537 810149 4.67113
958.626 3170.39 383.556 810149 4.67113
958.667 3170.89 383.576 810149 4.67113
958.707 3171.39 383.595 810149 4.67113
958.748 3171.89 383.615 810149 4.67113
958.788 3172.38 383.635 810149 4.67113
958.829 3172.88 383.654 810149 4.67113
958.87 3173.38 383.674 810149 4.67113
958.91 3173.88 383.693 810149 4.67113
958.951 3174.37 383.713 810149 4.67113
958.991 3174.87 383.733 810149 4.67113
959.032 3175.37 383.752 810149 4.67113
959.072 3175.87 383.772 810149 4.67113
959.113 3176.37 383.791 810149 4.67113
959.153 3176.86 383.811 810149 4.67113
959.194 3177.36 383.831 810149 4.67113
959.234 3177.86 383.85 810149 4.67113
959.275 3178.36 383.87 810149 4.67113
959.315 3178.86 383.889 810149 4.67113
959.356 3179.35 383.909 810149 4.67113
959.396 3179.85 383.928 810149 4.67113
959.437 3180.35 383.948 810149 4.67113
959.477 3180.85 383.968 810149 4.67113
959.518 3181.35 383.987 810149 4.67113
959.559 3181.84 384.007 810149 4.67113
959.599 3182.34 384.026 810149 4.67113
959.64 3182.84 384.046 810149 4.67113
959.68 3183.34 384.066 810149 4.67113
959.721 3183.84 384.085 810149 4.67113
959.761 3184.33 384.105 810149 4.67113
959.802 3184.83 384.124 810149 4.67113
959.842 3185.33 384.144 810149 4.67113
959.883 3185.83 384.163 810149 4.67113
959.923 3186.32 384.183 810149 4.67113
959.964 3186.82 384.203 810149 4.67113
960.005 3187.32 384.223 810149 4.67113
960.045 3187.82 384.243 810149 4.67113
960.086 3188.32 384.263 810149 4.67113
960.127 3188.82 384.283 810149 4.67113
960.167 3189.31 384.302 810149 4.67113
960.208 3189.81 384.322 810149 4.67113
960.249 3190.31 384.342 810149 4.67113
960.289 3190.81 384.362 810149 4.67113
960.33 3191.3 384.382 810149 4.67113
960.371 3191.8 384.402 810149 4.67113
960.411 3192.3 384.422 810149 4.67113
960.452 3192.8 384.442 810149 4.67113
960.493 3193.3 384.461 810149 4.67113
960.533 3193.79 384.481 810149 4.67113
960.574 3194.29 384.501 810149 4.67113
960.615 3194.79 384.521 810149 4.67113
960.655 3195.29 384.541 810149 4.67113
960.696 3195.79 384.561 810149 4.67113
960.737 3196.28 384.581 810149 4.67113
960.777 3196.78 384.601 810149 4.67113
960.818 3197.28 384.621 810149 4.67113
960.859 3197.78 384.64 810149 4.67113
960.899 3198.28 384.66 810149 4.67113
960.94 3198.77 384.68 810149 4.67113
960.981 3199.27 384.7 810149 4.67113
961.021 3199.77 384.72 810149 4.67113
961.062 3200.27 384.74 810149 4.67113
961.103 3200.76 384.76 810149 4.67113
961.143 3201.26 384.78 810149 4.67113
961.184 3201.76 384.799 810149 4.67113
961.225 3202.26 384.819 810149 4.67113
961.265 3202.76 384.839 810149 4.67113
961.306 3203.25 384.859 810149 4.67113
961.347 3203.75 384.879 810149 4.67113
961.387 3204.25 384.899 810149 4.67113
961.428 3204.75 384.919 810149 4.67113
961.469 3205.25 384.939 810149 4.67113
961.509 3205.74 384.959 810149 4.67113
961.55 3206.24 384.978 810149 4.67113
961.591 3206.74 384.998 810149 4.67113
961.631 3207.24 385.018 810149 4.67113
961.672 3207.74 385.038 810149 4.67113
961.713 3208.23 385.058 810149 4.67113
961.754 3208.73 385.078 810149 4.67113
961.794 3209.23 385.098 810149 4.67113
961.835 3209.73 385.119 810149 4.67113
961.876 3210.22 385.139 810149 4.67113
961.917 3210.72 385.159 810149 4.67113
961.958 3211.22 385.179 810149 4.67113
961.999 3211.72 385.199 810149 4.67113
962.039 3212.22 385.219 810149 4.67113
962.08 3212.71 385.239 810149 4.67113
962.121 3213.21 385.259 810149 4.67113
962.162 3213.71 385.279 810149 4.67113
962.203 3214.21 385.299 810149 4.67113
962.244 3214.71 385.319 810149 4.67113
962.284 3215.2 385.339 810149 4.67113
962.325 3215.7 385.36 810149 4.67113
962.366 3216.2 385.38 810149 4.67113
962.407 3216.7 385.4 810149 4.67113
962.448 3217.2 385.42 810149 4.67113
962.489 3217.69 385.44 810149 4.67113
962.529 3218.19 385.46 810149 4.67113
962.57 3218.69 385.48 810149 4.67113
962.611 3219.19 385.5 810149 4.67113
962.652 3219.69 385.52 810149 4.67113
962.693 3220.18 385.54 810149 4.67113
962.734 3220.68 385.56 810149 4.67113
962.774 3221.18 385.58 810149 4.67113
962.815 3221.68 385.601 810149 4.67113
962.856 3222.17 385.621 810149 4.67113
962.897 3222.67 385.641 810149 4.67113
962.938 3223.17 385.661 810149 4.67113
962.978 3223.67 385.681 810149 4.67113
963.019 3224.17 385.701 810149 4.67113
963.06 3224.66 385.721 810149 4.67113
963.101 3225.16 385.741 810149 4.67113
963.142 3225.66 385.761 810149 4.67113
963.183 3226.16 385.781 810149 4.67113
963.223 3226.66 385.801 810149 4.67113
963.264 3227.15 385.821 810149 4.67113
963.305 3227.65 385.842 810149 4.67113
963.346 3228.15 385.862 810149 4.67113
963.387 3228.65 385.882 810149 4.67113
963.428 3229.15 385.902 810149 4.67113
963.469 3229.64 385.922 810149 4.67113
963.51 3230.14 385.942 810149 4.67113
963.551 3230.64 385.962 810149 4.67113
963.592 3231.14 385.983 810149 4.67113
963.633 3231.63 386.003 810149 4.67113
963.674 3232.13 386.023 810149 4.67113
963.715 3232.63 386.043 810149 4.67113
963.756 3233.13 386.063 810149 4.67113
963.797 3233.63 386.084 810149 4.67113
963.838 3234.12 386.104 810149 4.67113
963.879 3234.62 386.124 810149 4.67113
963.92 3235.12 386.144 810149 4.67113
963.961 3235.62 386.164 810149 4.67113
964.002 3236.12 386.185 810149 4.67113
964.044 3236.62 386.205 810149 4.67113
964.085 3237.11 386.225 810149 4.67113
964.126 3237.61 386.245 810149 4.67113
964.167 3238.11 386.265 810149 4.67113
964.208 3238.61 386.285 810149 4.67113
964.249 3239.11 386.306 810149 4.67113
964.29 3239.6 386.326 810149 4.67113
964.331 3240.1 386.346 810149 4.67113
964.372 3240.6 386.366 810149 4.67113
964.413 3241.1 386.386 810149 4.67113
964.454 3241.59 386.407 810149 4.67113
964.495 3242.09 386.427 810149 4.67113
964.536 3242.59 386.447 810149 4.67113
964.577 3243.09 386.467 810149 4.67113
964.618 3243.58 386.487 810149 4.67113
964.659 3244.08 386.507 810149 4.67113
964.7 3244.58 386.528 810149 4.67113
964.741 3245.08 386.548 810149 4.67113
964.782 3245.58 386.568 810149 4.67113
964.823 3246.08 386.588 810149 4.67113
964.864 3246.57 386.608 810149 4.67113
964.905 3247.07 386.629 810149 4.67113
964.946 3247.57 386.649 810149 4.67113
964.987 3248.07 386.669 810149 4.67113
965.028 3248.57 386.689 810149 4.67113
965.069 3249.06 386.709 810149 4.67113
965.11 3249.56 386.73 810149 4.67113
965.151 3250.06 386.75 810149 4.67113
965.193 3250.56 386.77 810149 4.67113
965.234 3251.05 386.79 810149 4.67113
965.275 3251.55 386.81 810149 4.67113
965.316 3252.05 386.83 810149 4.67113
965.358 3252.55 386.851 810149 4.67113
965.399 3253.04 386.871 810149 4.67113
965.44 3253.54 386.891 810149 4.67113
965.481 3254.04 386.911 810149 4.67113
965.523 3254.54 386.931 810149 4.67113
965.564 3255.04 386.952 810149 4.67113
965.605 3255.53 386.972 810149 4.67113
965.646 3256.03 386.992 810149 4.67113
965.688 3256.53 387.012 810149 4.67113
965.729 3257.03 387.032 810149 4.67113
965.77 3257.52 387.052 810149 4.67113
965.811 3258.02 387.073 810149 4.67113
965.853 3258.52 387.093 810149 4.67113
965.894 3259.02 387.113 810149 4.67113
965.935 3259.52 387.133 810149 4.67113
965.977 3260.01 387.153 810149 4.67113
966.018 3260.51 387.174 810149 4.67113
966.059 3261.01 387.194 810149 4.67113
966.101 3261.51 387.214 810149 4.67113
966.142 3262.01 387.234 810149 4.67113
966.183 3262.5 387.254 810149 4.67113
966.224 3263 387.275 810149 4.67113
966.266 3263.5 387.295 810149 4.67113
966.307 3264 387.315 810149 4.67113
966.348 3264.5 387.335 810149 4.67113
966.39 3264.99 387.355 810149 4.67113
966.431 3265.49 387.375 810149 4.67113
966.472 3265.99 387.396 810149 4.67113
966.514 3266.49 387.416 810149 4.67113
966.555 3266.98 387.436 810149 4.67113
966.596 3267.48 387.456 810149 4.67113
966.637 3267.98 387.476 810149 4.67113
966.679 3268.48 387.497 810149 4.67113
966.72 3268.98 387.517 810149 4.67113
966.761 3269.47 387.537 810149 4.67113
966.802 3269.97 387.557 810149 4.73748
966.844 3270.47 387.577 810149 4.73748
966.885 3270.97 387.598 810149 4.75791
966.927 3271.47 387.618 810149 4.76977
966.968 3271.97 387.638 810149 4.76977
967.01 3272.46 387.658 810149 4.76977
967.051 3272.96 387.678 810149 4.76977
967.093 3273.46 387.698 810149 4.76977
967.134 3273.96 387.718 810149 4.76977
967.176 3274.45 387.738 810149 4.76977
967.217 3274.95 387.758 810149 4.76977
967.258 3275.44 387.778 810149 4.76977
967.3 3275.94 387.798 810149 4.76977
967.341 3276.43 387.818 810149 4.76977
967.382 3276.93 387.838 810149 4.76977
967.423 3277.42 387.858 810149 4.76977
967.464 3277.91 387.878 810149 4.76977
967.506 3278.4 387.898 810149 4.76977
967.547 3278.9 387.918 810149 4.76977
967.588 3279.39 387.938 810149 4.76977
967.629 3279.89 387.958 810149 4.76977
967.671 3280.38 387.978 810149 4.76977
967.712 3280.88 387.998 810149 4.76977
967.753 3281.37 388.018 810149 4.76977
967.795 3281.87 388.038 810149 4.51735
967.836 3282.38 388.058 810149 4.51735
967.876 3282.9 388.079 810149 4.51735
967.917 3283.42 388.1 810149 4.51735
967.958 3283.93 388.121 810149 4.51735
967.999 3284.45 388.142 810149 4.51735
968.039 3284.97 388.163 810149 4.64401
968.085 3285.53 388.185 810149 4.64401
968.131 3286.09 388.208 810149 4.64401
968.176 3286.65 388.231 810149 4.64401
968.222 3287.21 388.253 810149 4.64401
968.267 3287.77 388.276 810149 4.64401
968.313 3288.33 388.299 810149 4.89441
968.364 3288.93 388.323 810149 4.89441
968.416 3289.53 388.347 810149 4.89441
968.467 3290.14 388.371 810149 4.89441
968.519 3290.74 388.395 810149 4.89441
968.57 3291.34 388.42 810149 4.89441
968.622 3291.94 388.444 810149 4.89441
968.636 3292.08 388.45 820149 4.82121
968.69 3292.73 388.475 820149 4.82121
968.744 3293.38 388.501 820149 4.82121
968.799 3294.02 388.527 820149 4.82121
968.853 3294.67 388.553 820149 4.82121
968.908 3295.31 388.579 820149 4.61931
968.962 3295.98 388.605 820149 4.61931
969.015 3296.64 388.632 820149 4.61931
969.069 3297.31 388.658 820149 4.61931
969.123 3297.97 388.685 820149 4.61931
969.177 3298.64 388.712 820149 4.61931
969.231 3299.31 388.738 820149 4.61922
969.285 3299.98 388.765 820149 4.61922
969.339 3300.65 388.792 820149 4.61922
969.393 3301.32 388.819 820149 4.61922
969.447 3301.99 388.845 820149 4.61922
969.501 3302.66 388.872 820149 4.61922
969.555 3303.33 388.899 820149 4.61926
969.609 3303.99 388.926 820149 4.61926
969.663 3304.66 388.952 820149 4.61614
969.717 3305.33 388.979 820149 4.6141
969.771 3306 389.006 820149 4.6141
969.825 3306.67 389.032 820149 4.6141
969.879 3307.33 389.059 820149 4.61413
969.933 3308 389.086 820149 4.61413
969.986 3308.67 389.112 820149 4.61413
970.04 3309.33 389.139 820149 4.61413
970.094 3310 389.165 820149 4.61413
970.148 3310.67 389.192 820149 4.61413
970.202 3311.33 389.219 820149 4.58556
970.255 3312 389.245 820149 4.58556
970.309 3312.67 389.272 820149 4.58556
970.362 3313.33 389.298 820149 4.58556
970.415 3314 389.325 820149 4.58556
970.469 3314.66 389.352 820149 4.58556
970.522 3315.33 389.378 820149 4.5903
970.576 3315.99 389.405 820149 4.5903
970.629 3316.66 389.431 820149 4.5903
970.682 3317.32 389.458 820149 4.59031
970.736 3317.99 389.484 820149 4.59238
970.789 3318.65 389.511 820149 4.59238
970.842 3319.32 389.537 820149 4.58759
970.896 3319.98 389.564 820149 4.58759
970.949 3320.64 389.59 820149 4.58759
971.002 3321.31 389.617 820149 4.58759
971.055 3321.97 389.643 820149 4.58759
971.109 3322.63 389.669 820149 4.58759
971.162 3323.3 389.696 820149 4.5876
971.215 3323.96 389.722 820149 4.5876
971.268 3324.63 389.749 820149 4.5876
971.322 3325.29 389.775 820149 4.5876
971.375 3325.95 389.802 820149 4.5876
971.428 3326.62 389.828 820149 4.5876
971.482 3327.28 389.855 820149 4.5876
971.535 3327.95 389.881 820149 4.5876
971.588 3328.61 389.908 820149 4.5876
971.641 3329.27 389.934 820149 4.5876
971.695 3329.94 389.961 820149 4.5876
971.748 3330.6 389.987 820149 4.59076
971.801 3331.27 390.014 820149 4.6017
971.855 3331.93 390.04 820149 4.6017
971.908 3332.59 390.067 820149 4.6017
971.962 3333.26 390.093 820149 4.6017
972.015 3333.92 390.12 820149 4.6017
972.068 3334.59 390.146 820149 4.6017
972.122 3335.25 390.173 820149 4.59692
972.175 3335.91 390.199 820149 4.59692
972.229 3336.58 390.226 820149 4.59692
972.282 3337.24 390.252 820149 4.59692
972.335 3337.91 390.279 820149 4.59692
972.389 3338.57 390.305 820149 4.59692
972.442 3339.23 390.332 820149 4.59691
972.496 3339.9 390.358 820149 4.59691
972.549 3340.56 390.385 820149 4.59691
972.602 3341.22 390.411 820149 4.59691
972.656 3341.89 390.437 820149 4.59691
972.709 3342.55 390.464 820149 4.59691
972.762 3343.22 390.49 820149 4.6017
972.816 3343.88 390.517 820149 4.61282
972.869 3344.54 390.543 820149 4.61826
972.923 3345.21 390.57 820149 4.61826
972.977 3345.87 390.596 820149 4.61826
973.03 3346.54 390.623 820149 4.61826
973.084 3347.2 390.65 820149 4.61349
973.137 3347.86 390.676 820149 4.61349
973.191 3348.53 390.703 820149 4.61349
973.245 3349.19 390.729 820149 4.61349
973.298 3349.85 390.756 820149 4.61349
973.352 3350.52 390.782 820149 4.61349
973.405 3351.18 390.809 820149 4.61347
973.459 3351.85 390.835 820149 4.61347
973.512 3352.51 390.862 820149 4.61347
973.566 3353.17 390.888 820149 4.61347
973.619 3353.84 390.915 820149 4.61347
973.673 3354.5 390.941 820149 4.61347
973.727 3355.16 390.968 820149 4.61352
973.78 3355.83 390.994 820149 4.61352
973.834 3356.49 391.021 820149 4.61371
973.888 3357.16 391.047 820149 4.63733
973.942 3357.83 391.074 820149 4.63733
973.996 3358.49 391.101 820149 4.63733
974.05 3359.16 391.127 820149 4.64215
974.104 3359.83 391.154 820149 4.64215
974.158 3360.49 391.181 820149 4.64215
974.213 3361.16 391.208 820149 4.64215
974.267 3361.83 391.235 820149 4.64215
974.321 3362.5 391.261 820149 4.64215
974.376 3363.17 391.288 820149 4.63734
974.43 3363.84 391.315 820149 4.63734
974.484 3364.5 391.342 820149 4.63734
974.538 3365.17 391.368 820149 4.63734
974.592 3365.84 391.395 820149 4.63734
974.646 3366.5 391.422 820149 4.63734
974.7 3367.17 391.448 820149 4.83826
974.755 3367.81 391.474 820149 4.83826
974.809 3368.46 391.5 820149 4.83826
974.864 3369.11 391.526 820149 4.83826
974.919 3369.75 391.552 820149 4.84736
974.973 3370.4 391.578 820149 4.86931
975.028 3371.04 391.604 820149 4.78846
975.079 3371.64 391.628 820149 4.78846
975.129 3372.24 391.652 820149 4.78846
975.179 3372.84 391.676 820149 4.78846
975.229 3373.44 391.7 820149 4.78846
975.28 3374.04 391.724 820149 4.78846
975.33 3374.64 391.748 820149 4.54696
975.374 3375.2 391.771 820149 4.54696
975.419 3375.76 391.793 820149 4.54696
975.464 3376.33 391.816 820149 4.54696
975.508 3376.89 391.838 820149 4.54696
975.553 3377.45 391.861 820149 4.54696
975.598 3378.01 391.883 820149 4.4098
975.637 3378.52 391.904 820149 4.4098
975.676 3379.03 391.924 820149 4.4098
975.716 3379.54 391.945 820149 4.4098
975.755 3380.06 391.966 820149 4.4098
975.795 3380.57 391.986 820149 4.4098
975.834 3381.08 392.007 820149 4.4098
975.875 3381.57 392.027 820149 4.4098
975.915 3382.07 392.046 820149 4.4098
975.956 3382.57 392.066 820149 4.4098
975.996 3383.06 392.086 820149 4.4098
976.037 3383.56 392.106 820149 4.4098
976.078 3384.05 392.126 820149 4.60897
976.119 3384.56 392.147 820149 4.60897
976.16 3385.07 392.167 820149 4.60897
976.201 3385.58 392.188 820149 4.60897
976.242 3386.09 392.208 820149 4.60897
976.283 3386.6 392.229 820149 4.60897
976.324 3387.11 392.25 820149 4.80321
976.37 3387.65 392.271 820149 4.80321
976.415 3388.19 392.293 820149 4.80321
976.46 3388.73 392.315 820149 4.80321
976.506 3389.27 392.337 820149 4.80321
976.551 3389.81 392.358 820149 4.80321
976.596 3390.35 392.38 820149 4.70953
976.642 3390.9 392.403 820149 4.70953
976.688 3391.46 392.425 820149 4.70953
976.733 3392.01 392.447 820149 4.70953
976.779 3392.57 392.47 820149 4.70953
976.825 3393.12 392.492 820149 4.70953
976.87 3393.68 392.514 820149 4.80306
976.916 3394.22 392.536 820149 4.80306
976.961 3394.76 392.558 820149 4.80306
977.007 3395.3 392.58 820149 4.80306
977.052 3395.84 392.602 820149 4.80834
977.098 3396.38 392.624 820149 4.8486
977.144 3396.92 392.646 820149 4.64965
977.186 3397.44 392.666 820149 4.64965
977.228 3397.95 392.687 820149 4.64965
977.27 3398.47 392.708 820149 4.64965
977.311 3398.99 392.729 820149 4.64965
977.353 3399.5 392.75 820149 4.64965
977.395 3400.02 392.771 820149 4.64965
977.437 3400.51 392.791 820149 4.64965
977.478 3401.01 392.811 820149 4.64965
977.52 3401.51 392.832 820149 4.64965
977.561 3402.01 392.852 820149 4.64965
977.602 3402.5 392.872 820149 4.64965
977.644 3403 392.892 820149 4.64965
977.685 3403.49 392.912 820149 4.64965
977.726 3403.99 392.932 820149 4.64965
977.767 3404.48 392.952 820149 4.64965
977.808 3404.97 392.972 820149 4.64965
977.849 3405.47 392.992 820149 4.64965
977.89 3405.96 393.012 820149 4.64965
977.931 3406.46 393.032 820149 4.64965
977.972 3406.95 393.052 820149 4.64965
978.013 3407.45 393.072 820149 4.64965
978.055 3407.94 393.092 820149 4.64965
978.096 3408.44 393.112 820149 4.64965
978.137 3408.93 393.133 820149 4.64965
978.178 3409.43 393.153 820149 4.64965
978.219 3409.92 393.173 820149 4.64965
978.261 3410.41 393.193 820149 4.64965
978.302 3410.9 393.213 820149 4.64965
978.344 3411.4 393.233 820149 4.64965
978.385 3411.89 393.253 820149 4.64965
978.427 3412.38 393.273 820149 4.64965
978.468 3412.88 393.294 820149 4.64965
978.51 3413.38 393.314 820149 4.64965
978.552 3413.87 393.334 820149 4.64965
978.594 3414.37 393.354 820149 4.64965
978.635 3414.86 393.374 820149 4.54885
978.676 3415.38 393.395 820149 4.54885
978.717 3415.89 393.416 820149 4.54885
978.759 3416.41 393.438 820149 4.54885
978.8 3416.93 393.459 820149 4.54885
978.841 3417.44 393.48 820149 4.54885
978.882 3417.96 393.501 820149 4.67807
978.928 3418.52 393.524 820149 4.67807
978.974 3419.08 393.547 820149 4.67807
979.02 3419.64 393.569 820149 4.67807
979.066 3420.21 393.592 820149 4.67807
979.112 3420.77 393.615 820149 4.67807
979.158 3421.33 393.638 820149 4.92501
979.209 3421.93 393.663 820149 4.92501
979.219 3422.04 393.667 830149 4.70619
979.269 3422.64 393.69 830149 4.70619
979.318 3423.24 393.714 830149 4.70619
979.367 3423.84 393.737 830149 4.70619
979.417 3424.44 393.761 830149 4.79199
979.471 3425.09 393.786 830149 4.7974
979.525 3425.74 393.812 830149 4.81355
979.58 3426.38 393.837 830149 4.81355
979.634 3427.03 393.863 830149 4.81355
979.688 3427.67 393.888 830149 4.81355
979.743 3428.32 393.914 830149 4.60775
979.797 3428.99 393.94 830149 4.61232
979.85 3429.65 393.967 830149 4.61464
979.904 3430.32 393.993 830149 4.61464
979.958 3430.99 394.019 830149 4.61464
980.012 3431.65 394.046 830149 4.61464
980.065 3432.32 394.072 830149 4.6131
980.119 3432.99 394.099 830149 4.60693
980.173 3433.66 394.126 830149 4.60693
980.227 3434.33 394.153 830149 4.60693
980.281 3435 394.179 830149 4.60693
980.335 3435.66 394.206 830149 4.60693
980.389 3436.33 394.233 830149 4.5896
980.443 3437 394.26 830149 4.58443
980.496 3437.67 394.287 830149 4.58443
980.549 3438.33 394.314 830149 4.58443
980.603 3439 394.341 830149 4.58443
980.656 3439.67 394.368 830149 4.57302
980.71 3440.33 394.395 830149 4.54721
980.762 3440.99 394.422 830149 4.54721
980.815 3441.65 394.449 830149 4.54721
980.867 3442.32 394.476 830149 4.54721
980.92 3442.98 394.503 830149 4.54721
980.973 3443.64 394.53 830149 4.50565
981.025 3444.3 394.558 830149 4.50019
981.076 3444.96 394.585 830149 4.50019
981.128 3445.61 394.612 830149 4.50019
981.18 3446.27 394.64 830149 4.50019
981.231 3446.93 394.667 830149 4.48266
981.283 3447.58 394.695 830149 4.43376
981.334 3448.24 394.723 830149 4.40998
981.385 3448.9 394.751 830149 4.40998
981.436 3449.57 394.779 830149 4.40998
981.487 3450.23 394.807 830149 4.40998
981.539 3450.9 394.836 830149 4.34791
981.589 3451.56 394.864 830149 4.32889
981.639 3452.22 394.893 830149 4.04346
981.689 3452.93 394.924 830149 4.04346
981.739 3453.64 394.954 830149 4.04346
981.789 3454.35 394.985 830149 3.99527
981.839 3455.05 395.016 830149 3.9477
981.888 3455.76 395.047 830149 3.9477
981.936 3456.47 395.079 830149 4.16589
981.991 3457.22 395.112 830149 4.16589
982.047 3457.98 395.146 830149 4.16589
982.067 3458.2 395.153 840149 4.87852
982.131 3458.96 395.18 840149 4.87852
982.196 3459.71 395.206 840149 4.87852
982.26 3460.47 395.233 840149 4.87662
982.329 3461.27 395.261 840149 4.87662
982.398 3462.08 395.289 840149 4.87662
982.466 3462.88 395.318 840149 4.87662
982.535 3463.68 395.346 840149 4.86127
982.603 3464.49 395.374 840149 4.75286
982.67 3465.29 395.404 840149 4.93713
982.744 3466.15 395.436 840149 4.93713
982.817 3467 395.467 840149 4.93713
982.891 3467.85 395.499 840149 4.93713
982.965 3468.71 395.531 840149 4.93713
983.039 3469.56 395.562 840149 4.93713
983.113 3470.42 395.594 840149 4.66063
983.186 3471.31 395.628 840149 4.59737
983.258 3472.21 395.662 840149 4.59737
983.33 3473.1 395.697 840149 4.59737
983.402 3474 395.731 840149 4.59737
983.474 3474.9 395.766 840149 4.59737
983.546 3475.79 395.8 840149 4.58108
983.618 3476.7 395.835 840149 4.57669
983.691 3477.6 395.87 840149 4.50016
983.762 3478.51 395.906 840149 4.50016
983.833 3479.41 395.942 840149 4.50016
983.904 3480.31 395.977 840149 4.50016
983.975 3481.22 396.013 840149 4.49214
984.046 3482.12 396.049 840149 4.49214
984.117 3483.02 396.084 840149 4.49214
984.187 3483.91 396.12 840149 4.44735
984.257 3484.81 396.156 840149 4.43264
984.327 3485.71 396.192 840149 4.43264
984.397 3486.61 396.229 840149 4.43565
984.466 3487.51 396.265 840149 4.43565
984.536 3488.4 396.301 840149 4.43565
984.605 3489.3 396.337 840149 4.43565
984.675 3490.2 396.373 840149 4.4198
984.744 3491.09 396.409 840149 4.39756
984.813 3491.99 396.446 840149 4.40464
984.882 3492.89 396.482 840149 4.40464
984.951 3493.78 396.519 840149 4.40464
985.02 3494.68 396.555 840149 4.40464
985.089 3495.57 396.591 840149 4.40464
985.158 3496.47 396.628 840149 4.40344
985.227 3497.37 396.664 840149 4.39095
985.296 3498.26 396.7 840149 4.39095
985.364 3499.15 396.736 840149 4.39095
985.433 3500.05 396.772 840149 4.39095
985.501 3500.94 396.809 840149 4.39095
985.57 3501.83 396.845 840149 4.39095
985.639 3502.73 396.881 840149 4.37674
985.707 3503.62 396.917 840149 4.38009
985.775 3504.51 396.953 840149 4.38149
985.844 3505.41 396.988 840149 4.38149
985.912 3506.3 397.024 840149 4.38149
985.981 3507.19 397.06 840149 4.38149
986.049 3508.09 397.095 840149 4.37653
986.118 3508.99 397.132 840149 4.37653
986.188 3509.89 397.168 840149 4.38618
986.257 3510.8 397.203 840149 4.40269
986.326 3511.7 397.239 840149 4.40269
986.396 3512.61 397.274 840149 4.40269
986.466 3513.51 397.309 840149 4.4348
986.538 3514.44 397.345 840149 4.4348
986.609 3515.36 397.381 840149 4.4348
986.681 3516.29 397.417 840149 4.44371
986.753 3517.22 397.453 840149 4.48238
986.826 3518.15 397.488 840149 4.48238
986.899 3519.07 397.523 840149 4.54457
986.976 3520.04 397.559 840149 4.54457
987.053 3521.01 397.596 840149 4.54457
987.13 3521.98 397.632 840149 4.54457
987.206 3522.94 397.669 840149 4.54457
987.242 3523.39 397.688 850149 4.78728
987.323 3524.36 397.73 850149 4.80695
987.408 3525.37 397.774 850149 4.80695
987.493 3526.38 397.818 850149 4.75571
987.577 3527.39 397.862 850149 4.70252
987.661 3528.4 397.904 850149 4.70252
987.744 3529.42 397.946 850149 4.70252
987.827 3530.43 397.989 850149 4.69654
987.914 3531.48 398.031 850149 4.67765
988 3532.53 398.074 850149 4.67765
988.086 3533.59 398.116 850149 4.67028
988.172 3534.64 398.159 850149 4.63017
988.257 3535.7 398.2 850149 4.63017
988.343 3536.75 398.241 850149 4.71783
988.433 3537.85 398.284 850149 4.70613
988.523 3538.94 398.327 850149 4.69882
988.614 3540.04 398.369 850149 4.69882
988.704 3541.13 398.41 850149 4.70033
988.794 3542.23 398.452 850149 4.70829
988.884 3543.32 398.494 850149 4.7526
988.979 3544.47 398.537 850149 4.7526
989.074 3545.61 398.58 850149 4.783
989.17 3546.76 398.623 850149 4.79054
989.266 3547.9 398.665 850149 4.79054
989.362 3549.05 398.708 850149 4.82332
989.458 3550.19 398.751 850149 4.74334
989.555 3551.35 398.794 850149 4.74334
989.651 3552.52 398.838 850149 4.76556
989.748 3553.68 398.882 850149 4.83824
989.847 3554.84 398.925 850149 4.83824
989.945 3556.01 398.969 850149 4.83824
990.044 3557.17 399.013 850149 4.95968
990.145 3558.34 399.058 850149 4.96162
990.247 3559.51 399.102 850149 4.96162
990.348 3560.67 399.147 850149 4.64476
990.403 3561.35 399.174 860149 4.75157
990.5 3562.52 399.221 860149 4.75157
990.597 3563.69 399.268 860149 4.75212
990.694 3564.85 399.314 860149 4.70242
990.79 3566.02 399.359 860149 4.70242
990.885 3567.18 399.405 860149 4.70242
990.981 3568.34 399.45 860149 4.68748
991.076 3569.51 399.495 860149 4.65667
991.171 3570.67 399.54 860149 4.65667
991.266 3571.83 399.585 860149 4.65667
991.36 3572.99 399.629 860149 4.63257
991.455 3574.15 399.673 860149 4.61704
991.548 3575.32 399.717 860149 4.61704
991.642 3576.48 399.761 860149 4.61704
991.736 3577.64 399.805 860149 4.58454
991.829 3578.8 399.849 860149 4.5808
991.922 3579.96 399.892 860149 4.5808
992.016 3581.13 399.936 860149 4.57611
992.109 3582.29 399.979 860149 4.5534
992.201 3583.45 400.022 860149 4.5534
992.294 3584.61 400.066 860149 4.55613
992.386 3585.78 400.109 860149 4.5465
992.479 3586.94 400.152 860149 4.53484
992.571 3588.1 400.196 860149 4.53484
992.663 3589.26 400.239 860149 4.53484
992.755 3590.42 400.283 860149 4.52374
992.847 3591.58 400.326 860149 4.51694
992.939 3592.74 400.37 860149 4.51694
993.03 3593.9 400.413 860149 4.51687
993.122 3595.06 400.457 860149 4.50789
993.213 3596.22 400.501 860149 4.50789
993.305 3597.38 400.545 860149 4.50789
993.396 3598.54 400.59 860149 4.53992
993.488 3599.7 400.634 860149 4.53782
993.58 3600.86 400.679 860149 4.53782
993.672 3602.02 400.724 860149 4.53782
993.764 3603.18 400.768 860149 4.81308
993.819 3603.83 400.791 870149 4.7949
993.916 3604.99 400.83 870149 4.79762
994.013 3606.14 400.87 870149 4.79762
994.11 3607.3 400.91 870149 4.79762
994.208 3608.46 400.949 870149 4.79762
994.305 3609.62 400.989 870149 4.79762
994.402 3610.78 401.029 870149 4.79762
994.5 3611.94 401.068 870149 4.74836
994.596 3613.1 401.108 870149 4.74806
994.693 3614.26 401.148 870149 4.74806
994.789 3615.43 401.187 870149 4.74806
994.886 3616.59 401.227 870149 4.74806
994.982 3617.75 401.266 870149 4.74806
995.079 3618.91 401.306 870149 4.75077
995.175 3620.07 401.346 870149 4.73582
995.271 3621.23 401.385 870149 4.71759
995.367 3622.4 401.425 870149 4.71759
995.463 3623.56 401.465 870149 4.71759
995.559 3624.72 401.504 870149 4.71759
995.655 3625.88 401.544 870149 4.7176
995.751 3627.05 401.584 870149 4.7176
995.847 3628.21 401.623 870149 4.7176
995.943 3629.37 401.663 870149 4.69976
996.038 3630.53 401.703 870149 4.69801
996.134 3631.69 401.742 870149 4.69801
996.229 3632.86 401.782 870149 4.69528
996.325 3634.02 401.821 870149 4.69528
996.42 3635.18 401.861 870149 4.69528
996.516 3636.34 401.901 870149 4.69528
996.611 3637.5 401.94 870149 4.69306
996.706 3638.67 401.98 870149 4.68928
996.802 3639.83 402.019 870149 4.69201
996.897 3640.99 402.059 870149 4.69201
996.993 3642.15 402.099 870149 4.69201
997.088 3643.31 402.138 870149 4.69201
997.183 3644.48 402.178 870149 4.69201
997.279 3645.64 402.217 870149 4.69201
997.374 3646.8 402.257 870149 4.69558
997.47 3647.96 402.297 870149 4.69687
997.565 3649.13 402.336 870149 4.69687
997.66 3650.29 402.376 870149 4.69687
997.756 3651.45 402.415 870149 4.69687
997.851 3652.61 402.455 870149 4.69687
997.947 3653.77 402.495 870149 4.6996
998.042 3654.94 402.534 870149 4.70575
998.138 3656.1 402.574 870149 4.72077
998.234 3657.26 402.613 870149 4.72077
998.33 3658.42 402.653 870149 4.72077
998.426 3659.58 402.692 870149 4.72077
998.522 3660.75 402.732 870149 4.72077
998.618 3661.91 402.772 870149 4.72077
998.714 3663.07 402.811 870149 4.72077
998.81 3664.23 402.851 870149 4.74689
998.906 3665.39 402.89 870149 4.75553
999.003 3666.56 402.93 870149 4.75553
999.1 3667.72 402.97 870149 4.7528
999.196 3668.88 403.009 870149 4.7528
999.293 3670.04 403.049 870149 4.7528
999.389 3671.2 403.088 870149 4.7528
999.486 3672.37 403.128 870149 4.76309
999.583 3673.53 403.167 870149 4.80114
999.68 3674.69 403.207 870149 4.80114
999.778 3675.85 403.247 870149 4.80114
999.876 3677.01 403.286 870149 4.80114
999.973 3678.17 403.326 870149 4.80114
1000.07 3679.34 403.365 870149 4.80114
1000.17 3680.5 403.405 870149 4.80114
1000.27 3681.66 403.445 870149 4.8484
1000.36 3682.82 403.484 870149 4.86854
1000.46 3683.98 403.524 870149 4.86854
1000.56 3685.15 403.564 870149 4.86854
1000.66 3686.31 403.603 870149 4.86854
1000.76 3687.47 403.643 870149 4.86854
1000.86 3688.63 403.682 870149 4.86308
1000.96 3689.79 403.722 870149 4.71027
1001.02 3690.48 403.739 880149 4.25514
1001.1 3691.65 403.749 880149 4.23236
1001.19 3692.81 403.778 880149 4.22024
1001.27 3693.97 403.82 880149 4.22035
1001.36 3695.13 403.868 880149 4.23438
1001.45 3696.3 403.915 880149 4.25779
1001.53 3697.46 403.952 880149 4.67159
1001.58 3698.11 403.974 890149 4.68697
1001.68 3699.27 404.011 890149 4.68697
1001.78 3700.43 404.048 890149 4.68697
1001.87 3701.59 404.086 890149 4.68422
1001.97 3702.76 404.123 890149 4.68422
1002.06 3703.92 404.16 890149 4.68422
1002.16 3705.08 404.198 890149 4.68422
1002.25 3706.24 404.235 890149 4.68422
1002.35 3707.41 404.272 890149 4.68422
1002.44 3708.57 404.31 890149 4.68705
1002.54 3709.73 404.347 890149 4.68705
1002.63 3710.89 404.384 890149 4.68959
1002.73 3712.05 404.42 890149 4.69075
1002.82 3713.21 404.456 890149 4.69075
1002.92 3714.37 404.492 890149 4.69075
1003.01 3715.53 404.527 890149 4.69087
1003.11 3716.68 404.563 890149 4.69087
1003.2 3717.84 404.599 890149 4.69087
1003.3 3718.99 404.634 890149 4.69087
1003.39 3720.14 404.67 890149 4.69087
1003.49 3721.3 404.706 890149 4.69087
1003.58 3722.45 404.741 890149 4.63343
1003.68 3723.62 404.777 890149 4.63343
1003.77 3724.79 404.813 890149 4.63427
1003.86 3725.95 404.848 890149 4.63445
1003.96 3727.12 404.883 890149 4.63445
1004.05 3728.29 404.918 890149 4.63445
1004.15 3729.45 404.953 890149 4.56754
1004.25 3730.67 404.989 890149 4.56754
1004.34 3731.88 405.025 890149 4.56754
1004.44 3733.1 405.061 890149 4.56754
1004.54 3734.32 405.097 890149 4.56754
1004.63 3735.53 405.134 890149 4.56754
1004.73 3736.75 405.17 890149 4.69167
1004.83 3738.01 405.207 890149 4.69097
1004.94 3739.26 405.244 890149 4.69001
1005.04 3740.52 405.281 890149 4.69001
1005.14 3741.78 405.317 890149 4.69001
1005.25 3743.04 405.354 890149 4.69001
1005.35 3744.3 405.39 890149 4.80532
1005.46 3745.61 405.428 890149 4.80532
1005.57 3746.92 405.465 890149 4.80532
1005.68 3748.22 405.503 890149 4.80532
1005.79 3749.53 405.541 890149 4.80532
1005.9 3750.84 405.579 890149 4.80532
1006.01 3752.14 405.617 890149 4.73154
1006.12 3753.49 405.655 890149 4.73048
1006.23 3754.84 405.693 890149 4.73048
1006.35 3756.19 405.731 890149 4.73048
1006.46 3757.54 405.769 890149 4.73048
1006.57 3758.89 405.807 890149 4.73048
1006.68 3760.24 405.845 890149 4.68349
1006.79 3761.59 405.883 890149 4.68349
1006.9 3762.94 405.921 890149 4.68349
1007.01 3764.29 405.959 890149 4.68349
1007.12 3765.64 405.997 890149 4.67944
1007.23 3766.99 406.034 890149 4.67647
1007.34 3768.34 406.071 890149 4.67684
1007.45 3769.67 406.108 890149 4.67684
1007.56 3771.01 406.145 890149 4.67684
1007.67 3772.34 406.181 890149 4.67684
1007.78 3773.67 406.218 890149 4.67684
1007.89 3775.01 406.255 890149 4.67684
1008 3776.34 406.292 890149 4.67946
1008.11 3777.66 406.328 890149 4.67946
1008.22 3778.99 406.364 890149 4.67682
1008.32 3780.31 406.401 890149 4.66976
1008.43 3781.64 406.437 890149 4.66976
1008.54 3782.96 406.472 890149 4.66976
1008.65 3784.29 406.508 890149 4.6673
1008.76 3785.61 406.544 890149 4.6673
1008.86 3786.94 406.58 890149 4.6673
1008.97 3788.27 406.616 890149 4.6673
1009.08 3789.59 406.652 890149 4.6673
1009.19 3790.92 406.688 890149 4.6673
1009.3 3792.25 406.724 890149 4.66729
1009.41 3793.58 406.76 890149 4.65602
1009.51 3794.9 406.796 890149 4.65492
1009.62 3796.23 406.831 890149 4.65492
1009.73 3797.56 406.867 890149 4.65492
1009.84 3798.88 406.902 890149 4.65492
1009.95 3800.21 406.938 890149 4.65504
1010.05 3801.53 406.973 890149 4.65504
1010.16 3802.86 407.009 890149 4.65504
1010.27 3804.18 407.044 890149 4.65504
1010.38 3805.5 407.079 890149 4.65504
1010.48 3806.82 407.115 890149 4.64696
1010.59 3808.15 407.15 890149 4.64227
1010.7 3809.47 407.186 890149 4.64227
1010.81 3810.8 407.221 890149 4.64227
1010.92 3812.13 407.256 890149 4.64227
1011.02 3813.45 407.292 890149 4.64227
1011.13 3814.78 407.327 890149 4.64227
1011.24 3816.11 407.362 890149 4.54303
1011.35 3817.46 407.398 890149 4.54303
1011.45 3818.81 407.434 890149 4.54303
1011.56 3820.16 407.47 890149 4.53864
1011.67 3821.51 407.506 890149 4.5253
1011.78 3822.86 407.542 890149 4.5253
1011.88 3824.21 407.578 890149 4.53654
1011.99 3825.61 407.616 890149 4.53654
1012.1 3827.01 407.653 890149 4.53654
1012.21 3828.4 407.69 890149 4.53654
1012.33 3829.8 407.727 890149 4.53654
1012.44 3831.2 407.764 890149 4.53654
1012.55 3832.59 407.802 890149 4.62199
1012.66 3834.03 407.84 890149 4.73393
1012.74 3834.96 407.863 900149 4.77707
1012.86 3836.39 407.896 900149 4.77707
1012.98 3837.83 407.93 900149 4.77707
1013.1 3839.27 407.963 900149 4.77707
1013.22 3840.7 407.996 900149 4.81702
1013.34 3842.18 408.03 900149 4.81702
1013.47 3843.66 408.065 900149 4.81702
1013.59 3845.13 408.099 900149 4.81702
1013.72 3846.61 408.133 900149 4.81702
1013.84 3848.09 408.168 900149 4.81702
1013.97 3849.57 408.202 900149 4.71616
1014.09 3851.06 408.236 900149 4.69131
1014.21 3852.56 408.27 900149 4.69131
1014.34 3854.05 408.304 900149 4.69131
1014.46 3855.55 408.338 900149 4.69131
1014.58 3857.04 408.372 900149 4.69131
1014.7 3858.54 408.406 900149 4.69349
1014.83 3860.04 408.44 900149 4.69349
1014.95 3861.54 408.474 900149 4.69349
1015.07 3863.04 408.508 900149 4.69349
1015.2 3864.54 408.542 900149 4.69349
1015.32 3866.04 408.576 900149 4.68303
1015.44 3867.54 408.61 900149 4.66777
1015.56 3869.04 408.643 900149 4.66777
1015.69 3870.53 408.676 900149 4.66777
1015.81 3872.03 408.709 900149 4.66777
1015.93 3873.53 408.742 900149 4.66777
1016.05 3875.02 408.775 900149 4.66777
1016.18 3876.52 408.809 900149 4.66986
1016.3 3878.01 408.842 900149 4.66986
1016.42 3879.51 408.875 900149 4.66986
1016.54 3881 408.908 900149 4.66986
1016.66 3882.49 408.941 900149 4.66038
1016.79 3883.99 408.974 900149 4.65215
1016.91 3885.48 409.006 900149 4.65003
1017.03 3886.98 409.039 900149 4.65003
1017.15 3888.47 409.071 900149 4.65003
1017.27 3889.97 409.103 900149 4.65003
1017.39 3891.46 409.136 900149 4.65003
1017.52 3892.95 409.168 900149 4.65003
1017.64 3894.45 409.2 900149 4.65003
1017.76 3895.94 409.233 900149 4.65003
1017.88 3897.44 409.265 900149 4.65003
1018 3898.93 409.298 900149 4.64362
1018.12 3900.43 409.33 900149 4.64027
1018.24 3901.92 409.361 900149 4.64027
1018.37 3903.42 409.393 900149 4.64027
1018.49 3904.91 409.424 900149 4.64027
1018.61 3906.41 409.456 900149 4.64027
1018.73 3907.9 409.488 900149 4.64027
1018.85 3909.4 409.519 900149 4.64027
1018.97 3910.89 409.551 900149 4.64027
1019.09 3912.39 409.583 900149 4.64027
1019.21 3913.88 409.614 900149 4.64027
1019.34 3915.38 409.646 900149 4.63886
1019.46 3916.87 409.677 900149 4.63847
1019.58 3918.37 409.708 900149 4.63847
1019.7 3919.86 409.739 900149 4.63847
1019.82 3921.35 409.77 900149 4.63847
1019.94 3922.85 409.801 900149 4.63847
1020.06 3924.34 409.832 900149 4.63847
1020.18 3925.84 409.863 900149 4.63847
1020.31 3927.33 409.894 900149 4.63847
1020.43 3928.83 409.925 900149 4.63847
1020.55 3930.32 409.955 900149 4.63847
1020.67 3931.82 409.986 900149 4.64401
1020.79 3933.31 410.017 900149 4.64462
1020.91 3934.81 410.047 900149 4.64462
1021.03 3936.3 410.077 900149 4.64462
1021.16 3937.8 410.107 900149 4.64462
1021.28 3939.29 410.137 900149 4.64462
1021.4 3940.79 410.168 900149 4.64462
1021.52 3942.28 410.198 900149 4.64462
1021.64 3943.78 410.228 900149 4.64462
1021.76 3945.27 410.258 900149 4.64462
1021.88 3946.77 410.289 900149 4.64497
1022.01 3948.26 410.319 900149 4.65872
1022.13 3949.75 410.348 900149 4.65872
1022.25 3951.25 410.378 900149 4.65872
1022.37 3952.74 410.407 900149 4.65872
1022.49 3954.24 410.437 900149 4.65872
1022.61 3955.73 410.466 900149 4.65872
1022.74 3957.23 410.496 900149 4.65872
1022.86 3958.72 410.525 900149 4.65872
1022.98 3960.22 410.555 900149 4.65872
1023.1 3961.71 410.584 900149 4.65872
1023.22 3963.21 410.614 900149 4.662
1023.35 3964.7 410.643 900149 4.68078
1023.47 3966.2 410.672 900149 4.68078
1023.59 3967.69 410.701 900149 4.68078
1023.71 3969.19 410.73 900149 4.68078
1023.84 3970.68 410.758 900149 4.68078
1023.96 3972.18 410.787 900149 4.68078
1024.08 3973.67 410.816 900149 4.68078
1024.2 3975.16 410.845 900149 4.68078
1024.32 3976.66 410.874 900149 4.68078
1024.45 3978.15 410.902 900149 4.68078
1024.57 3979.65 410.931 900149 4.68897
1024.69 3981.14 410.96 900149 4.7108
1024.82 3982.64 410.988 900149 4.7108
1024.94 3984.13 411.016 900149 4.71292
1025.06 3985.63 411.044 900149 4.71292
1025.18 3987.12 411.072 900149 4.71292
1025.31 3988.62 411.101 900149 4.71292
1025.43 3990.11 411.129 900149 4.71292
1025.55 3991.61 411.157 900149 4.71292
1025.68 3993.1 411.185 900149 4.71292
1025.8 3994.6 411.213 900149 4.71292
1025.92 3996.09 411.241 900149 4.57436
1026 3997.09 411.256 910149 4.51087
1026.12 3998.58 411.273 910149 4.51087
1026.24 4000.08 411.29 910149 4.51087
1026.36 4001.57 411.308 910149 4.50875
1026.48 4003.07 411.325 910149 4.50875
1026.59 4004.56 411.343 910149 4.50875
1026.71 4006.06 411.36 910149 4.50875
1026.83 4007.55 411.377 910149 4.50875
1026.95 4009.05 411.395 910149 4.55819
1027.07 4010.54 411.414 910149 4.55704
1027.19 4012.04 411.432 910149 4.55704
1027.3 4013.53 411.451 910149 4.55704
1027.42 4015.03 411.47 910149 4.55704
1027.54 4016.52 411.489 910149 4.55704
1027.66 4018.02 411.507 910149 4.55704
1027.78 4019.51 411.526 910149 4.55919
1027.9 4021.01 411.545 910149 4.58214
1028.02 4022.5 411.564 910149 4.59997
1028.14 4024 411.584 910149 4.59997
1028.26 4025.5 411.604 910149 4.59997
1028.38 4026.99 411.624 910149 4.59997
1028.5 4028.49 411.644 910149 4.60001
1028.62 4029.99 411.664 910149 4.60001
1028.74 4031.49 411.684 910149 4.60001
1028.86 4032.99 411.703 910149 4.60507
1028.99 4034.49 411.723 910149 4.63114
1029.11 4035.99 411.744 910149 4.63114
1029.23 4037.49 411.765 910149 4.6332
1029.35 4038.98 411.785 910149 4.6332
1029.47 4040.48 411.806 910149 4.6332
1029.59 4041.97 411.826 910149 4.6332
1029.71 4043.47 411.847 910149 4.6332
1029.83 4044.96 411.867 910149 4.6332
1029.96 4046.46 411.888 910149 4.68133
1030.08 4047.94 411.908 910149 4.6867
1030.2 4049.41 411.929 910149 4.6867
1030.32 4050.89 411.949 910149 4.6867
1030.44 4052.37 411.97 910149 4.6867
1030.56 4053.84 411.991 910149 4.6867
1030.68 4055.32 412.011 910149 4.6016
1030.8 4056.77 412.031 910149 4.6016
1030.91 4058.22 412.052 910149 4.60369
1031.03 4059.67 412.072 910149 4.61343
1031.15 4061.12 412.092 910149 4.61343
1031.27 4062.57 412.112 910149 4.61343
1031.38 4064.02 412.133 910149 4.66359
1031.5 4065.45 412.153 910149 4.66359
1031.62 4066.89 412.173 910149 4.66359
1031.73 4068.32 412.193 910149 4.66359
1031.85 4069.75 412.213 910149 4.66359
1031.97 4071.19 412.233 910149 4.66455
1032.08 4072.62 412.253 910149 4.78383
1032.21 4074.08 412.273 910149 4.78383
1032.33 4075.53 412.293 910149 4.78383
1032.45 4076.99 412.313 910149 4.78383
1032.57 4078.44 412.333 910149 4.78383
1032.69 4079.9 412.353 910149 4.78383
1032.81 4081.35 412.373 910149 4.95758
1032.94 4082.84 412.393 910149 4.95758
1033.07 4084.34 412.414 910149 4.95132
1033.2 4085.83 412.434 910149 4.95012
1033.33 4087.32 412.454 910149 4.95012
1033.46 4088.82 412.473 910149 4.95012
1033.59 4090.31 412.493 910149 5.00898
1033.72 4091.83 412.514 910149 5.00898
1033.86 4093.36 412.534 910149 5.00898
1033.99 4094.88 412.554 910149 5.00898
1034.13 4096.41 412.574 910149 5.0003
1034.26 4097.93 412.594 910149 4.99187
1034.39 4099.45 412.614 910149 5.02295
1034.53 4100.99 412.633 910149 5.02295
1034.66 4102.52 412.652 910149 5.02295
1034.8 4104.06 412.672 910149 5.02295
1034.93 4105.59 412.691 910149 5.02295
1035.07 4107.12 412.71 910149 5.02295
1035.2 4108.66 412.73 910149 5.00349
1035.33 4110.19 412.749 910149 4.98462
1035.47 4111.72 412.767 910149 4.98462
1035.6 4113.25 412.785 910149 4.98462
1035.73 4114.78 412.803 910149 4.98462
1035.87 4116.31 412.821 910149 4.98462
1036 4117.84 412.839 910149 4.99976
1036.14 4119.36 412.857 910149 4.99976
1036.27 4120.89 412.875 910149 5.18662
1036.36 4121.92 412.887 920149 5.01459
1036.5 4123.45 412.908 920149 5.01459
1036.63 4124.97 412.928 920149 5.01459
1036.76 4126.5 412.949 920149 4.97786
1036.9 4128.03 412.969 920149 4.97786
1037.03 4129.55 412.989 920149 4.97786
1037.16 4131.07 413.01 920149 4.97786
1037.3 4132.6 413.03 920149 4.97786
1037.43 4134.12 413.051 920149 4.97786
1037.56 4135.65 413.071 920149 4.87954
1037.69 4137.16 413.092 920149 4.87966
1037.82 4138.68 413.113 920149 4.87966
1037.95 4140.2 413.133 920149 4.87966
1038.08 4141.71 413.154 920149 4.87966
1038.21 4143.23 413.174 920149 4.87966
1038.34 4144.74 413.195 920149 4.75278
1038.46 4146.25 413.216 920149 4.75278
1038.59 4147.75 413.236 920149 4.75278
1038.71 4149.26 413.257 920149 4.75554
1038.84 4150.76 413.277 920149 4.75647
1038.96 4152.27 413.298 920149 4.75647
1039.09 4153.77 413.318 920149 4.66168
1039.21 4155.27 413.339 920149 4.66168
1039.33 4156.77 413.359 920149 4.66168
1039.46 4158.27 413.38 920149 4.66168
1039.58 4159.76 413.4 920149 4.66168
1039.7 4161.26 413.42 920149 4.66168
1039.82 4162.76 413.441 920149 4.64487
1039.94 4164.25 413.461 920149 4.64751
1040.06 4165.74 413.481 920149 4.64751
1040.19 4167.23 413.502 920149 4.64751
1040.31 4168.73 413.522 920149 4.64751
1040.43 4170.22 413.542 920149 4.64751
1040.55 4171.71 413.562 920149 4.66453
1040.67 4173.2 413.583 920149 4.66453
1040.79 4174.69 413.603 920149 4.66453
1040.91 4176.18 413.623 920149 4.66535
1041.03 4177.67 413.643 920149 4.67073
1041.16 4179.16 413.663 920149 4.67073
1041.28 4180.64 413.683 920149 4.67284
1041.4 4182.14 413.703 920149 4.67284
1041.52 4183.63 413.723 920149 4.67284
1041.64 4185.13 413.743 920149 4.67284
1041.77 4186.62 413.763 920149 4.67284
1041.89 4188.11 413.783 920149 4.67284
1042.01 4189.61 413.802 920149 4.63913
1042.13 4191.12 413.823 920149 4.64526
1042.26 4192.62 413.842 920149 4.64658
1042.38 4194.13 413.862 920149 4.64658
1042.5 4195.64 413.881 920149 4.64658
1042.62 4197.15 413.901 920149 4.64658
1042.75 4198.66 413.92 920149 4.67806
1042.87 4200.19 413.94 920149 4.67806
1043 4201.73 413.96 920149 4.67806
1043.12 4203.26 413.98 920149 4.67806
1043.25 4204.79 414 920149 4.68389
1043.37 4206.33 414.019 920149 4.68677
1043.5 4207.86 414.038 920149 4.68466
1043.63 4209.42 414.058 920149 4.68466
1043.76 4210.99 414.077 920149 4.68466
1043.88 4212.55 414.097 920149 4.68466
1044.01 4214.12 414.116 920149 4.68466
1044.14 4215.68 414.136 920149 4.68466
1044.27 4217.24 414.155 920149 4.6926
1044.4 4218.83 414.175 920149 4.70018
1044.53 4220.43 414.194 920149 4.70256
1044.66 4222.02 414.213 920149 4.70256
1044.79 4223.61 414.232 920149 4.70256
1044.92 4225.2 414.25 920149 4.70256
1045.05 4226.8 414.269 920149 4.70042
1045.19 4228.42 414.288 920149 4.70042
1045.32 4230.04 414.307 920149 4.70042
1045.45 4231.66 414.327 920149 4.70146
1045.59 4233.28 414.346 920149 4.71164
1045.72 4234.9 414.363 920149 4.71164
1045.85 4236.52 414.381 920149 4.74037
1045.99 4238.17 414.399 920149 4.74037
1046.13 4239.82 414.417 920149 4.74037
1046.26 4241.47 414.436 920149 4.74037
1046.4 4243.12 414.454 920149 4.74037
1046.54 4244.77 414.472 920149 4.74037
1046.67 4246.41 414.49 920149 4.71728
1046.81 4248.08 414.507 920149 4.72199
1046.95 4249.74 414.524 920149 4.72199
1047.09 4251.41 414.541 920149 4.72199
1047.22 4253.07 414.558 920149 4.72199
1047.36 4254.74 414.574 920149 4.72199
1047.5 4256.4 414.591 920149 4.72198
1047.64 4258.07 414.608 920149 4.72198
1047.78 4259.74 414.625 920149 4.67268
1047.87 4260.92 414.639 930149 4.5958
1048.01 4262.59 414.662 930149 4.5958
1048.14 4264.26 414.686 930149 4.5958
1048.27 4265.93 414.71 930149 4.67258
1048.41 4267.59 414.733 930149 4.67258
1048.54 4269.24 414.757 930149 4.67258
1048.68 4270.89 414.78 930149 4.67258
1048.82 4272.55 414.804 930149 4.67258
1048.95 4274.2 414.827 930149 4.67258
1049.09 4275.86 414.851 930149 4.45305
1049.21 4277.48 414.874 930149 4.46377
1049.34 4279.1 414.897 930149 4.47178
1049.47 4280.72 414.919 930149 4.47178
1049.59 4282.34 414.941 930149 4.47178
1049.72 4283.96 414.964 930149 4.47178
1049.85 4285.58 414.986 930149 4.33178
1049.97 4287.18 415.008 930149 4.33178
1050.09 4288.79 415.03 930149 4.33178
1050.21 4290.39 415.052 930149 4.33178
1050.33 4292 415.074 930149 4.33178
1050.45 4293.6 415.096 930149 4.33178
1050.57 4295.2 415.118 930149 4.32696
1050.7 4296.83 415.14 930149 4.33419
1050.82 4298.46 415.162 930149 4.33419
1050.94 4300.09 415.184 930149 4.33419
1051.07 4301.72 415.206 930149 4.33419
1051.19 4303.35 415.228 930149 4.33419
1051.32 4304.98 415.25 930149 4.43406
1051.45 4306.67 415.273 930149 4.43406
1051.58 4308.35 415.295 930149 4.43406
1051.71 4310.03 415.318 930149 4.43406
1051.84 4311.72 415.34 930149 4.43406
1051.97 4313.4 415.363 930149 4.4485
1052.1 4315.09 415.385 930149 4.56166
1052.24 4316.81 415.408 930149 4.56166
1052.37 4318.54 415.431 930149 4.56166
1052.51 4320.26 415.454 930149 4.56166
1052.65 4321.99 415.476 930149 4.56166
1052.79 4323.72 415.499 930149 4.56166
1052.93 4325.44 415.522 930149 4.51208
1053.07 4327.22 415.545 930149 4.51208
1053.21 4328.99 415.569 930149 4.51208
1053.35 4330.77 415.592 930149 4.52265
1053.49 4332.55 415.616 930149 4.52705
1053.63 4334.32 415.639 930149 4.52705
1053.77 4336.1 415.662 930149 4.51001
1053.91 4337.88 415.685 930149 4.51001
1054.05 4339.67 415.709 930149 4.51001
1054.19 4341.45 415.732 930149 4.51001
1054.33 4343.24 415.755 930149 4.51001
1054.47 4345.03 415.779 930149 4.51001
1054.61 4346.81 415.802 930149 4.50951
1054.75 4348.59 415.825 930149 4.52009
1054.89 4350.37 415.849 930149 4.52324
1055.03 4352.15 415.872 930149 4.52324
1055.18 4353.93 415.895 930149 4.52324
1055.32 4355.71 415.918 930149 4.52324
1055.46 4357.49 415.941 930149 4.52499
1055.6 4359.27 415.965 930149 4.52499
1055.74 4361.05 415.988 930149 4.52499
1055.88 4362.83 416.011 930149 4.52499
1056.02 4364.61 416.034 930149 4.52499
1056.16 4366.38 416.057 930149 4.53523
1056.3 4368.16 416.081 930149 4.53607
1056.44 4369.95 416.104 930149 4.53607
1056.59 4371.73 416.128 930149 4.53607
1056.73 4373.52 416.151 930149 4.53607
1056.87 4375.3 416.174 930149 4.53607
1057.01 4377.08 416.198 930149 4.53607
1057.15 4378.87 416.221 930149 4.55854
1057.29 4380.64 416.245 930149 4.55854
1057.43 4382.42 416.268 930149 4.55854
1057.58 4384.19 416.291 930149 4.56838
1057.72 4385.96 416.315 930149 4.56976
1057.86 4387.74 416.338 930149 4.56976
1058 4389.51 416.362 930149 4.66927
1058.14 4391.24 416.385 930149 4.66927
1058.28 4392.98 416.408 930149 4.66927
1058.43 4394.71 416.431 930149 4.66927
1058.57 4396.44 416.454 930149 4.66927
1058.71 4398.17 416.477 930149 4.66927
1058.85 4399.9 416.5 930149 4.60234
1058.98 4401.58 416.523 930149 4.60914
1059.12 4403.26 416.545 930149 4.61231
1059.26 4404.94 416.568 930149 4.61231
1059.39 4406.62 416.591 930149 4.61231
1059.53 4408.29 416.614 930149 4.61231
1059.66 4409.97 416.637 930149 4.56129
1059.79 4411.61 416.659 930149 4.56129
1059.92 4413.24 416.681 930149 4.56129
1060.05 4414.88 416.704 930149 4.56129
1060.18 4416.51 416.726 930149 4.56129
1060.31 4418.15 416.748 930149 4.56129
1060.44 4419.78 416.77 930149 4.65718
1060.57 4421.36 416.793 930149 4.65736
1060.7 4422.94 416.815 930149 4.65736
1060.83 4424.52 416.837 930149 4.65736
1060.96 4426.1 416.859 930149 4.65736
1061.09 4427.68 416.881 930149 4.65736
1061.22 4429.26 416.903 930149 4.77273
1061.35 4430.81 416.925 930149 4.77273
1061.48 4432.37 416.947 930149 4.77273
1061.61 4433.93 416.969 930149 4.77273
1061.74 4435.48 416.99 930149 4.77273
1061.87 4437.04 417.012 930149 4.65574
1061.95 4438.1 417.025 940149 4.64063
1062.08 4439.66 417.044 940149 4.64063
1062.2 4441.21 417.064 940149 4.64063
1062.33 4442.77 417.083 940149 4.64063
1062.46 4444.32 417.102 940149 4.64063
1062.58 4445.88 417.121 940149 4.64063
1062.71 4447.44 417.141 940149 4.6166
1062.83 4448.98 417.16 940149 4.6166
1062.96 4450.52 417.179 940149 4.6166
1063.08 4452.06 417.198 940149 4.6166
1063.21 4453.59 417.217 940149 4.57701
1063.33 4455.13 417.236 940149 4.55832
1063.45 4456.67 417.256 940149 4.52555
1063.57 4458.18 417.275 940149 4.52555
1063.69 4459.69 417.294 940149 4.52555
1063.81 4461.21 417.313 940149 4.52555
1063.93 4462.72 417.332 940149 4.52555
1064.05 4464.23 417.351 940149 4.52555
1064.17 4465.74 417.371 940149 4.56178
1064.29 4467.23 417.389 940149 4.56178
1064.41 4468.72 417.408 940149 4.56178
1064.53 4470.22 417.427 940149 4.52534
1064.65 4471.71 417.446 940149 4.46347
1064.76 4473.2 417.465 940149 4.46347
1064.88 4474.7 417.484 940149 4.46138
1065 4476.19 417.503 940149 4.46138
1065.11 4477.68 417.521 940149 4.46138
1065.23 4479.18 417.54 940149 4.46138
1065.35 4480.67 417.559 940149 4.46138
1065.46 4482.16 417.578 940149 4.46138
1065.58 4483.65 417.597 940149 4.46328
1065.7 4485.15 417.616 940149 4.46328
1065.81 4486.65 417.635 940149 4.46328
1065.93 4488.15 417.654 940149 4.33198
1066.04 4489.65 417.672 940149 4.32494
1066.16 4491.15 417.69 940149 4.32494
1066.27 4492.65 417.709 940149 4.32287
1066.38 4494.15 417.727 940149 4.32287
1066.5 4495.65 417.745 940149 4.32287
1066.61 4497.15 417.764 940149 4.32287
1066.72 4498.65 417.782 940149 4.32287
1066.84 4500.15 417.8 940149 4.32287
1066.95 4501.64 417.819 940149 4.41158
1067.06 4503.12 417.837 940149 4.41158
1067.18 4504.6 417.855 940149 4.31863
1067.29 4506.08 417.873 940149 4.23321
1067.4 4507.55 417.89 940149 4.23321
1067.51 4509.03 417.907 940149 4.23321
1067.62 4510.51 417.924 940149 4.19534
1067.72 4511.94 417.94 940149 4.19534
1067.83 4513.37 417.957 940149 4.19534
1067.93 4514.81 417.974 940149 4.19533
1068.04 4516.24 417.99 940149 4.19533
1068.14 4517.67 418.007 940149 4.19533
1068.25 4519.1 418.023 940149 4.09319
1068.35 4520.5 418.039 940149 4.09319
1068.45 4521.89 418.055 940149 3.953
1068.54 4523.28 418.071 940149 3.87481
1068.64 4524.68 418.085 940149 3.87481
1068.73 4526.07 418.1 940149 3.87481
1068.83 4527.47 418.115 940149 3.82984
1068.92 4528.81 418.129 940149 3.82984
1069.01 4530.16 418.143 940149 3.82984
1069.1 4531.51 418.157 940149 3.82984
1069.19 4532.86 418.172 940149 3.82984
1069.28 4534.21 418.186 940149 3.82984
1069.37 4535.56 418.2 940149 3.92708
1069.46 4536.89 418.214 940149 3.92708
1069.55 4538.21 418.228 940149 3.91524
1069.64 4539.54 418.242 940149 3.66869
1069.73 4540.87 418.254 940149 3.66869
1069.81 4542.2 418.267 940149 3.66869
1069.9 4543.53 418.279 940149 3.66883
1069.98 4544.85 418.291 940149 3.66883
1070.07 4546.18 418.303 940149 3.66883
1070.15 4547.5 418.315 940149 3.66883
1070.24 4548.82 418.328 940149 3.66883
1070.32 4550.15 418.34 940149 3.66883
1070.41 4551.47 418.352 940149 3.66864
1070.49 4552.8 418.364 940149 3.66864
1070.58 4554.13 418.377 940149 3.66864
1070.66 4555.46 418.389 940149 3.62066
1070.75 4556.79 418.401 940149 3.37027
1070.82 4558.12 418.411 940149 3.37027
1070.9 4559.45 418.421 940149 3.37005
1070.98 4560.79 418.431 940149 3.37005
1071.06 4562.13 418.441 940149 3.37005
1071.14 4563.47 418.451 940149 3.37005
1071.22 4564.8 418.461 940149 3.37005
1071.3 4566.14 418.471 940149 3.37005
1071.38 4567.48 418.482 940149 3.34864
1071.45 4568.82 418.492 940149 3.34864
1071.53 4570.15 418.502 940149 3.34864
1071.61 4571.49 418.512 940149 3.34864
1071.69 4572.83 418.522 940149 3.22708
1071.76 4574.17 418.531 940149 3.01035
1071.83 4575.51 418.539 940149 2.96758
1071.9 4576.84 418.546 940149 2.96758
1071.97 4578.18 418.554 940149 2.96758
1072.04 4579.52 418.561 940149 2.96758
1072.11 4580.85 418.569 940149 2.96758
1072.18 4582.19 418.576 940149 2.96758
1072.25 4583.53 418.584 940149 2.96751
1072.32 4584.86 418.591 940149 2.96751
1072.39 4586.19 418.599 940149 2.96751
1072.46 4587.52 418.606 940149 2.96751
1072.53 4588.86 418.613 940149 2.96751
1072.6 4590.19 418.621 940149 2.76444
1072.66 4591.52 418.627 940149 2.59172
1072.72 4592.85 418.631 940149 2.59172
1072.78 4594.19 418.635 940149 2.59172
1072.84 4595.52 418.64 940149 2.59172
1072.9 4596.85 418.644 940149 2.59172
1072.96 4598.18 418.649 940149 2.59172
1073.02 4599.52 418.653 940149 2.5894
1073.08 4600.85 418.657 940149 2.5894
1073.14 4602.19 418.662 940149 2.5894
1073.2 4603.53 418.666 940149 2.5894
1073.26 4604.86 418.671 940149 2.5894
1073.32 4606.2 418.675 940149 2.5894
1073.38 4607.54 418.68 940149 2.70943
1073.42 4608.33 418.685 950149 2.59195
1073.48 4609.66 418.692 950149 2.59195
1073.54 4610.99 418.699 950149 2.59195
1073.6 4612.33 418.707 950149 2.59195
1073.66 4613.66 418.714 950149 2.59195
1073.72 4614.99 418.721 950149 2.63282
1073.78 4616.31 418.728 950149 2.63282
1073.84 4617.62 418.736 950149 2.63282
1073.91 4618.94 418.743 950149 2.63282
1073.97 4620.25 418.75 950149 2.63282
1074.03 4621.56 418.757 950149 2.63282
1074.09 4622.88 418.764 950149 2.55183
1074.14 4624.17 418.771 950149 2.55183
1074.2 4625.46 418.778 950149 2.55183
1074.26 4626.74 418.785 950149 2.5212
1074.32 4628.03 418.792 950149 2.25355
1074.37 4629.32 418.796 950149 2.25355
1074.42 4630.61 418.8 950149 2.29539
1074.47 4631.89 418.803 950149 2.29539
1074.52 4633.17 418.807 950149 2.29539
1074.57 4634.46 418.811 950149 2.29539
1074.62 4635.74 418.815 950149 2.29539
1074.67 4637.02 418.818 950149 2.29539
1074.73 4638.3 418.822 950149 2.29554
1074.78 4639.59 418.826 950149 2.29554
1074.83 4640.89 418.83 950149 2.29554
1074.88 4642.18 418.834 950149 2.29554
1074.93 4643.47 418.838 950149 2.29554
1074.98 4644.76 418.841 950149 2.29554
1075.04 4646.06 418.845 950149 2.32992
1075.09 4647.35 418.849 950149 2.27443
1075.14 4648.65 418.852 950149 2.03063
1075.19 4649.95 418.853 950149 2.03063
1075.23 4651.25 418.854 950149 2.03063
1075.28 4652.55 418.855 950149 2.03063
1075.32 4653.84 418.856 950149 2.11577
1075.37 4655.12 418.857 950149 2.11577
1075.42 4656.39 418.858 950149 2.11577
1075.47 4657.67 418.859 950149 2.11577
1075.51 4658.94 418.86 950149 2.11577
1075.56 4660.22 418.86 950149 2.11577
1075.61 4661.49 418.861 950149 1.93577
1075.65 4662.72 418.862 950149 1.93577
1075.69 4663.95 418.863 950149 1.93577
1075.73 4665.18 418.864 950149 1.93577
1075.77 4666.41 418.865 950149 1.93577
1075.81 4667.64 418.866 950149 1.93577
1075.86 4668.86 418.867 950149 1.60067
1075.89 4670.05 418.865 950149 1.58432
1075.92 4671.23 418.864 950149 1.58432
1075.96 4672.42 418.862 950149 1.58432
1075.99 4673.6 418.861 950149 1.58432
1076.02 4674.79 418.859 950149 1.58432
1076.05 4675.97 418.858 950149 1.69406
1076.09 4677.14 418.856 950149 1.69406
1076.12 4678.3 418.855 950149 1.69406
1076.16 4679.46 418.853 950149 1.69406
1076.19 4680.63 418.852 950149 1.69406
1076.23 4681.79 418.85 950149 1.69406
1076.26 4682.96 418.849 950149 1.69394
1076.29 4684.11 418.847 950149 1.69394
1076.33 4685.27 418.846 950149 1.69394
1076.36 4686.42 418.844 950149 1.69394
1076.4 4687.58 418.843 950149 1.69394
1076.43 4688.74 418.841 950149 1.5788
1076.46 4689.89 418.839 950149 1.35708
1076.49 4691.05 418.836 950149 1.35708
1076.52 4692.21 418.832 950149 1.35708
1076.55 4693.37 418.829 950149 1.35708
1076.57 4694.53 418.825 950149 1.35708
1076.6 4695.69 418.821 950149 1.35708
1076.63 4696.85 418.818 950149 1.393
1076.66 4698.03 418.814 950149 1.393
1076.68 4699.2 418.811 950149 1.393
1076.71 4700.38 418.807 950149 1.393
1076.74 4701.55 418.804 950149 1.393
1076.77 4702.73 418.8 950149 1.393
1076.8 4703.9 418.797 950149 1.61246
1076.83 4705.11 418.793 950149 1.61246
1076.87 4706.31 418.789 950149 1.61246
1076.9 4707.52 418.786 950149 1.61246
1076.93 4708.73 418.782 950149 1.61246
1076.97 4709.93 418.778 950149 1.32133
1077 4711.14 418.773 950149 1.4462
1077.03 4712.39 418.768 950149 1.4462
1077.06 4713.63 418.762 950149 1.4462
1077.09 4714.88 418.756 950149 1.4462
1077.12 4716.13 418.751 950149 1.4462
1077.15 4717.38 418.745 950149 1.44619
1077.19 4718.63 418.739 950149 1.59708
1077.22 4719.91 418.734 950149 1.59708
1077.26 4721.19 418.728 950149 1.59708
1077.29 4722.47 418.722 950149 1.59707
1077.33 4723.75 418.716 950149 1.59707
1077.36 4725.03 418.711 950149 1.59707
1077.4 4726.31 418.705 950149 1.70446
1077.44 4727.6 418.699 950149 1.70445
1077.48 4728.9 418.693 950149 1.70445
1077.52 4730.19 418.687 950149 1.4747
1077.55 4731.49 418.68 950149 1.40133
1077.58 4732.78 418.673 950149 1.40133
1077.61 4734.08 418.665 950149 1.55445
1077.65 4735.37 418.658 950149 1.55444
1077.68 4736.66 418.651 950149 1.55443
1077.72 4737.96 418.643 950149 1.55443
1077.75 4739.25 418.636 950149 1.55442
1077.79 4740.54 418.628 950149 1.55441
1077.82 4741.84 418.621 950149 1.62694
1077.86 4743.12 418.614 950149 1.62694
1077.9 4744.4 418.606 950149 1.62693
1077.93 4745.69 418.599 950149 1.62692
1077.97 4746.97 418.591 950149 1.62691
1078 4748.26 418.584 950149 1.62691
1078.04 4749.54 418.577 950149 1.62112
1078.08 4750.81 418.569 950149 1.3719
1078.11 4752.08 418.561 950149 1.31711
1078.14 4753.35 418.553 950149 1.3171
1078.17 4754.62 418.544 950149 1.31709
1078.2 4755.89 418.536 950149 1.31709
1078.22 4757.16 418.527 950149 1.045
1078.25 4758.4 418.519 950149 1.04499
1078.27 4759.65 418.51 950149 1.04499
1078.29 4760.89 418.502 950149 1.04499
1078.32 4762.13 418.494 950149 1.04499
1078.34 4763.38 418.485 950149 1.04498
1078.36 4764.62 418.477 950149 0.852389
1078.38 4765.82 418.469 950149 0.852388
1078.4 4767.02 418.461 950149 0.852386
1078.41 4768.22 418.453 950149 0.852385
1078.43 4769.42 418.445 950149 0.852384
1078.45 4770.63 418.437 950149 0.790035
1078.47 4771.83 418.428 950149 0.407092
1078.47 4772.98 418.42 950149 0.407091
1078.48 4774.14 418.411 950149 0.407091
1078.49 4775.29 418.403 950149 0.40709
1078.5 4776.44 418.394 950149 0.40709
1078.51 4777.6 418.386 950149 0.40709
1078.52 4778.75 418.377 950149 0
