-857.345 -3981.48 349.087 220148 1.3156
-857.343 -3981.36 349.093 220148 1.3156
-857.341 -3981.23 349.099 220148 1.3156
-857.339 -3981.11 349.105 220148 1.3156
-857.337 -3980.99 349.111 220148 1.3156
-857.336 -3980.87 349.117 220148 1.3156
-857.334 -3980.74 349.124 220148 1.3156
-857.331 -3980.63 349.129 220148 1.3156
-857.329 -3980.52 349.134 220148 1.3156
-857.326 -3980.41 349.14 220148 1.3156
-857.324 -3980.3 349.145 220148 1.3156
-857.321 -3980.19 349.151 220148 1.3156
-857.319 -3980.09 349.156 220148 1.3156
-857.317 -3979.96 349.162 220148 1.3156
-857.315 -3979.84 349.168 220148 1.3156
-857.313 -3979.71 349.175 220148 1.3156
-857.311 -3979.59 349.181 220148 1.3156
-857.309 -3979.46 349.187 220148 1.3156
-857.307 -3979.34 349.193 220148 1.3156
-857.303 -3979.18 349.201 220148 1.3156
-857.299 -3979.03 349.208 220148 1.3156
-857.294 -3978.88 349.216 220148 1.3156
-857.29 -3978.72 349.223 220148 1.3156
-857.285 -3978.57 349.231 220148 1.3156
-857.281 -3978.42 349.239 220148 1.3156
-857.277 -3978.25 349.247 220148 1.3156
-857.273 -3978.08 349.255 220148 1.3156
-857.27 -3977.92 349.264 220148 1.3156
-857.266 -3977.75 349.272 220148 1.3156
-857.262 -3977.58 349.28 220148 1.3156
-857.258 -3977.41 349.288 220148 1.3156
-857.254 -3977.26 349.296 220148 1.3156
-857.249 -3977.11 349.304 220148 1.3156
-857.245 -3976.95 349.311 220148 1.3156
-857.241 -3976.8 349.319 220148 1.3156
-857.236 -3976.65 349.326 220148 1.3156
-857.232 -3976.49 349.334 220148 1.3156
-857.23 -3976.37 349.34 220148 1.3156
-857.228 -3976.25 349.346 220148 1.3156
-857.226 -3976.12 349.352 220148 1.3156
-857.224 -3976 349.359 220148 1.3156
-857.222 -3975.87 349.365 220148 1.3156
-857.22 -3975.75 349.371 220148 1.3156
-857.218 -3975.64 349.376 220148 1.3156
-857.216 -3975.53 349.382 220148 1.3156
-857.213 -3975.42 349.387 220148 1.3156
-857.211 -3975.31 349.393 220148 1.3156
-857.208 -3975.2 349.398 220148 1.3156
-857.206 -3975.09 349.403 220148 1.3156
-857.204 -3974.97 349.41 220148 1.3156
-857.202 -3974.84 349.416 220148 1.3156
-857.2 -3974.72 349.422 220148 1.3156
-857.198 -3974.6 349.428 220148 1.3156
-857.196 -3974.47 349.434 220148 1.3156
-857.194 -3974.35 349.44 220148 1.3156
-857.19 -3974.2 349.447 220148 1.3156
-857.186 -3974.05 349.455 220148 1.3156
-857.182 -3973.91 349.462 220148 1.3156
-857.177 -3973.76 349.469 220148 1.3156
-857.173 -3973.61 349.477 220148 1.3156
-857.169 -3973.46 349.484 220148 1.3156
-857.165 -3973.29 349.492 220148 1.3156
-857.161 -3973.13 349.501 220148 1.3156
-857.158 -3972.96 349.509 220148 1.3156
-857.154 -3972.79 349.517 220148 1.3156
-857.15 -3972.63 349.525 220148 1.3156
-857.146 -3972.46 349.534 220148 1.3156
-857.142 -3972.29 349.542 220148 1.3156
-857.139 -3972.12 349.551 220148 1.3156
-857.135 -3971.95 349.559 220148 1.3156
-857.131 -3971.77 349.568 220148 1.3156
-857.127 -3971.6 349.576 220148 1.3156
-857.123 -3971.43 349.584 220148 1.3156
-857.119 -3971.26 349.593 220148 1.3156
-857.115 -3971.1 349.601 220148 1.3156
-857.112 -3970.93 349.609 220148 1.3156
-857.108 -3970.76 349.618 220148 1.3156
-857.104 -3970.59 349.626 220148 1.3156
-857.1 -3970.42 349.634 220148 1.3156
-857.096 -3970.26 349.643 220148 1.3156
-857.093 -3970.09 349.651 220148 1.3156
-857.089 -3969.93 349.659 220148 1.3156
-857.085 -3969.76 349.667 220148 1.3156
-857.081 -3969.6 349.675 220148 1.3156
-857.077 -3969.43 349.684 220148 1.3156
-857.074 -3969.26 349.692 220148 1.3156
-857.07 -3969.1 349.7 220148 1.3156
-857.066 -3968.93 349.708 220148 1.3156
-857.063 -3968.76 349.717 220148 1.3156
-857.059 -3968.6 349.725 220148 1.3156
-857.055 -3968.43 349.733 220148 1.3156
-857.051 -3968.26 349.741 220148 1.3156
-857.047 -3968.1 349.75 220148 1.3156
-857.044 -3967.93 349.758 220148 1.3156
-857.04 -3967.77 349.766 220148 1.3156
-857.036 -3967.6 349.774 220148 1.3156
-857.032 -3967.43 349.782 220148 1.3156
-857.028 -3967.27 349.791 220148 1.3156
-857.025 -3967.1 349.799 220148 1.3156
-857.021 -3966.93 349.807 220148 1.3156
-857.017 -3966.77 349.815 220148 1.3156
-857.013 -3966.6 349.824 220148 1.3156
-857.01 -3966.43 349.832 220148 1.3156
-857.006 -3966.27 349.84 220148 1.3156
-857.002 -3966.1 349.848 220148 1.3156
-856.998 -3965.93 349.857 220148 1.3156
-856.995 -3965.77 349.865 220148 1.3156
-856.991 -3965.6 349.873 220148 1.3156
-856.987 -3965.44 349.881 220148 1.3156
-856.983 -3965.27 349.89 220148 1.3156
-856.979 -3965.1 349.898 220148 1.3156
-856.976 -3964.94 349.906 220148 1.3156
-856.972 -3964.77 349.914 220148 1.3156
-856.968 -3964.6 349.922 220148 1.3156
-856.964 -3964.44 349.93 220148 1.3156
-856.96 -3964.27 349.938 220148 1.3156
-856.956 -3964.1 349.946 220148 1.3156
-856.953 -3963.94 349.954 220148 1.3156
-856.949 -3963.77 349.962 220148 1.3156
-856.945 -3963.6 349.97 220148 1.3156
-856.941 -3963.44 349.978 220148 1.3156
-856.937 -3963.27 349.987 220148 1.3156
-856.934 -3963.11 349.995 220148 1.3156
-856.93 -3962.94 350.003 220148 1.3156
-856.926 -3962.77 350.011 220148 1.3156
-856.922 -3962.61 350.019 220148 1.3156
-856.919 -3962.44 350.027 220148 1.3156
-856.915 -3962.27 350.035 220148 1.3156
-856.911 -3962.11 350.043 220148 1.3156
-856.907 -3961.94 350.051 220148 1.3156
-856.903 -3961.77 350.059 220148 1.3156
-856.9 -3961.61 350.067 220148 1.3156
-856.896 -3961.44 350.076 220148 1.3156
-856.892 -3961.27 350.084 220148 1.3156
-856.888 -3961.11 350.092 220148 1.3156
-856.884 -3960.94 350.1 220148 1.3156
-856.88 -3960.78 350.108 220148 1.3156
-856.876 -3960.61 350.116 220148 1.3156
-856.873 -3960.44 350.124 220148 1.3156
-856.869 -3960.28 350.132 220148 1.3156
-856.865 -3960.11 350.14 220148 1.3156
-856.861 -3959.94 350.148 220148 1.3156
-856.857 -3959.78 350.156 220148 1.3156
-856.854 -3959.61 350.164 220148 1.3156
-856.85 -3959.44 350.173 220148 1.3156
-856.846 -3959.28 350.181 220148 1.3156
-856.842 -3959.11 350.189 220148 1.3156
-856.838 -3958.94 350.197 220148 1.3156
-856.834 -3958.78 350.205 220148 1.3156
-856.831 -3958.61 350.213 220148 1.3156
-856.827 -3958.45 350.221 220148 1.3156
-856.823 -3958.28 350.229 220148 1.3156
-856.819 -3958.11 350.237 220148 1.3156
-856.815 -3957.95 350.245 220148 1.3156
-856.812 -3957.78 350.253 220148 1.3156
-856.808 -3957.61 350.261 220148 1.3156
-856.804 -3957.45 350.27 220148 1.3156
-856.8 -3957.28 350.278 220148 1.3156
-856.796 -3957.11 350.286 220148 1.3156
-856.793 -3956.95 350.294 220148 1.3156
-856.789 -3956.78 350.302 220148 1.3156
-856.785 -3956.61 350.31 220148 1.3156
-856.781 -3956.45 350.318 220148 1.3156
-856.777 -3956.28 350.326 220148 1.3156
-856.773 -3956.12 350.334 220148 1.3156
-856.77 -3955.95 350.342 220148 1.3156
-856.766 -3955.78 350.35 220148 1.3156
-856.762 -3955.62 350.358 220148 1.3156
-856.758 -3955.45 350.367 220148 1.3156
-856.754 -3955.28 350.375 220148 1.3156
-856.75 -3955.12 350.383 220148 1.3156
-856.747 -3954.95 350.391 220148 1.3156
-856.743 -3954.79 350.399 220148 1.3156
-856.739 -3954.62 350.407 220148 1.3156
-856.735 -3954.45 350.415 220148 1.3156
-856.731 -3954.29 350.423 220148 1.3156
-856.728 -3954.12 350.431 220148 1.3156
-856.724 -3953.95 350.439 220148 1.3156
-856.72 -3953.78 350.448 220148 1.3156
-856.716 -3953.61 350.456 220148 1.3156
-856.712 -3953.45 350.464 220148 1.3156
-856.709 -3953.28 350.472 220148 1.3156
-856.705 -3953.11 350.48 220148 1.3156
-856.701 -3952.94 350.489 220148 1.3156
-856.697 -3952.77 350.497 220148 1.3156
-856.693 -3952.6 350.505 220148 1.3156
-856.689 -3952.43 350.513 220148 1.3156
-856.684 -3952.27 350.521 220148 1.3156
-856.679 -3952.1 350.529 220148 1.3156
-856.674 -3951.94 350.537 220148 1.3156
-856.669 -3951.78 350.545 220148 1.3156
-856.664 -3951.62 350.553 220148 1.3156
-856.659 -3951.45 350.561 220148 1.3156
-856.657 -3951.3 350.568 220148 1.3156
-856.654 -3951.15 350.575 220148 1.3156
-856.651 -3951 350.583 220148 1.3156
-856.649 -3950.85 350.59 220148 1.3156
-856.646 -3950.7 350.597 220148 1.3156
-856.643 -3950.55 350.604 220148 1.3156
-856.649 -3950.4 350.612 220148 1.3156
-856.654 -3950.25 350.619 220148 1.3156
-856.659 -3950.1 350.626 220148 1.3156
-856.665 -3949.95 350.634 220148 1.3156
-856.67 -3949.8 350.641 220148 1.3156
-856.675 -3949.65 350.648 220148 1.3156
-856.682 -3949.46 350.658 220148 1.3156
-856.689 -3949.27 350.667 220148 1.3156
-856.695 -3949.08 350.676 220148 1.3156
-856.702 -3948.89 350.685 220148 1.3156
-856.708 -3948.7 350.694 220148 1.3156
-856.715 -3948.51 350.703 220148 1.3156
-856.717 -3948.27 350.715 220148 1.3156
-856.719 -3948.03 350.726 220148 1.3156
-856.721 -3947.79 350.738 220148 1.3156
-856.722 -3947.55 350.749 220148 1.3156
-856.724 -3947.31 350.761 220148 1.3156
-856.726 -3947.08 350.772 220148 1.3156
-856.725 -3946.79 350.786 220148 1.3156
-856.724 -3946.51 350.799 220148 1.3156
-856.723 -3946.23 350.813 220148 1.3156
-856.722 -3945.95 350.826 220148 1.3156
-856.721 -3945.67 350.84 220148 1.3156
-856.72 -3945.39 350.853 220148 1.3156
-856.717 -3945.06 350.869 220148 1.3156
-856.713 -3944.73 350.885 220148 1.3156
-856.71 -3944.4 350.901 220148 1.3156
-856.707 -3944.07 350.917 220148 1.3156
-856.703 -3943.73 350.933 220148 1.3156
-856.7 -3943.4 350.949 220148 1.3156
-856.698 -3943.06 350.965 220148 1.3156
-856.695 -3942.72 350.981 220148 1.3156
-856.693 -3942.38 350.998 220148 1.3156
-856.691 -3942.04 351.014 220148 1.3156
-856.688 -3941.7 351.031 220148 1.3156
-856.686 -3941.36 351.047 220148 1.3156
-856.684 -3941.02 351.063 220148 1.3156
-856.682 -3940.68 351.079 220148 1.3156
-856.679 -3940.35 351.095 220148 1.3156
-856.677 -3940.01 351.112 220148 1.3156
-856.675 -3939.68 351.128 220148 1.3156
-856.672 -3939.34 351.144 220148 1.3156
-856.67 -3939.01 351.16 220148 1.3156
-856.668 -3938.67 351.176 220148 1.3156
-856.666 -3938.34 351.192 220148 1.3156
-856.663 -3938 351.208 220148 1.3156
-856.661 -3937.67 351.224 220148 1.3156
-856.659 -3937.34 351.24 220148 1.3156
-856.657 -3937 351.256 220148 1.3156
-856.654 -3936.66 351.273 220148 1.3156
-856.652 -3936.33 351.289 220148 1.3156
-856.65 -3935.99 351.305 220148 1.3156
-856.648 -3935.65 351.321 220148 1.3156
-856.645 -3935.32 351.337 220148 1.3156
-856.644 -3934.99 351.353 220148 1.3156
-856.642 -3934.66 351.369 220148 1.3156
-856.641 -3934.33 351.385 220148 1.3156
-856.639 -3934 351.4 220148 1.3156
-856.638 -3933.67 351.416 220148 1.3156
-856.636 -3933.34 351.432 220148 1.3156
-856.629 -3933.04 351.447 220148 1.3156
-856.623 -3932.73 351.462 220148 1.3156
-856.616 -3932.42 351.477 220148 1.3156
-856.609 -3932.11 351.491 220148 1.3156
-856.602 -3931.8 351.506 220148 1.3156
-856.595 -3931.49 351.521 220148 1.3156
-856.586 -3931.23 351.534 220148 1.3156
-856.578 -3930.96 351.547 220148 1.3156
-856.569 -3930.69 351.56 220148 1.3156
-856.56 -3930.42 351.572 220148 1.3156
-856.551 -3930.16 351.585 220148 1.3156
-856.542 -3929.89 351.598 220148 1.3156
-856.533 -3929.66 351.609 220148 1.3156
-856.525 -3929.43 351.62 220148 1.3156
-856.517 -3929.2 351.631 220148 1.3156
-856.509 -3928.98 351.642 220148 1.3156
-856.5 -3928.75 351.653 220148 1.3156
-856.492 -3928.52 351.664 220148 1.3156
-856.484 -3928.34 351.672 220148 1.3156
-856.475 -3928.16 351.681 220148 1.3156
-856.467 -3927.97 351.69 220148 1.3156
-856.458 -3927.79 351.699 220148 1.3156
-856.45 -3927.61 351.708 220148 1.3156
-856.441 -3927.42 351.717 220148 1.3156
-856.436 -3927.26 351.724 220148 1.3156
-856.431 -3927.1 351.732 220148 1.3156
-856.426 -3926.94 351.74 220148 1.3156
-856.42 -3926.77 351.748 220148 1.3156
-856.415 -3926.61 351.755 220148 1.3156
-856.41 -3926.45 351.763 220148 1.3156
-856.407 -3926.29 351.771 220148 1.3156
-856.405 -3926.13 351.779 220148 1.3156
-856.402 -3925.97 351.786 220148 1.3156
-856.4 -3925.81 351.794 220148 1.3156
-856.397 -3925.65 351.802 220148 1.3156
-856.394 -3925.49 351.809 220148 1.3156
-856.391 -3925.32 351.817 220148 1.3156
-856.387 -3925.16 351.825 220148 1.3156
-856.383 -3924.99 351.833 220148 1.3156
-856.379 -3924.83 351.841 220148 1.3156
-856.375 -3924.66 351.849 220148 1.3156
-856.371 -3924.49 351.857 220148 1.3156
-856.367 -3924.33 351.865 220148 1.3156
-856.363 -3924.16 351.873 220148 1.3156
-856.359 -3923.99 351.881 220148 1.3156
-856.355 -3923.83 351.889 220148 1.3156
-856.351 -3923.66 351.897 220148 1.3156
-856.347 -3923.49 351.905 220148 1.3156
-856.343 -3923.33 351.913 220148 1.3156
-856.339 -3923.16 351.921 220148 1.3156
-856.336 -3922.99 351.929 220148 1.3156
-856.332 -3922.83 351.937 220148 1.3156
-856.328 -3922.66 351.945 220148 1.3156
-856.324 -3922.49 351.953 220148 1.3156
-856.32 -3922.33 351.961 220148 1.3156
-856.316 -3922.16 351.969 220148 1.3156
-856.312 -3921.99 351.977 220148 1.3156
-856.308 -3921.83 351.985 220148 1.3156
-856.304 -3921.66 351.993 220148 1.3156
-856.3 -3921.49 352.001 220148 1.3156
-856.296 -3921.33 352.009 220148 1.3156
-856.292 -3921.16 352.017 220148 1.3156
-856.288 -3921 352.025 220148 1.3156
-856.284 -3920.83 352.033 220148 1.3156
-856.281 -3920.66 352.041 220148 1.3156
-856.277 -3920.5 352.049 220148 1.3156
-856.273 -3920.33 352.057 220148 1.3156
-856.269 -3920.16 352.065 220148 1.3156
-856.265 -3920 352.073 220148 1.3156
-856.261 -3919.83 352.081 220148 1.3156
-856.257 -3919.66 352.089 220148 1.3156
-856.253 -3919.5 352.097 220148 1.3156
-856.249 -3919.33 352.105 220148 1.3156
-856.245 -3919.16 352.113 220148 1.3156
-856.241 -3919 352.121 220148 1.3156
-856.237 -3918.83 352.129 220148 1.3156
-856.233 -3918.67 352.137 220148 1.3156
-856.23 -3918.5 352.145 220148 1.3156
-856.226 -3918.33 352.153 220148 1.3156
-856.222 -3918.17 352.161 220148 1.3156
-856.218 -3918 352.169 220148 1.3156
-856.214 -3917.83 352.177 220148 1.3156
-856.21 -3917.67 352.185 220148 1.3156
-856.206 -3917.5 352.193 220148 1.3156
-856.202 -3917.33 352.201 220148 1.3156
-856.198 -3917.17 352.209 220148 1.3156
-856.194 -3917 352.217 220148 1.3156
-856.19 -3916.83 352.225 220148 1.3156
-856.186 -3916.67 352.233 220148 1.3156
-856.182 -3916.5 352.241 220148 1.3156
-856.178 -3916.34 352.249 220148 1.3156
-856.174 -3916.17 352.257 220148 1.3156
-856.17 -3916 352.265 220148 1.3156
-856.166 -3915.84 352.273 220148 1.3156
-856.162 -3915.67 352.281 220148 1.3156
-856.158 -3915.5 352.289 220148 1.3156
-856.154 -3915.34 352.297 220148 1.3156
-856.15 -3915.17 352.305 220148 1.3156
-856.146 -3915 352.313 220148 1.3156
-856.142 -3914.84 352.321 220148 1.3156
-856.139 -3914.67 352.329 220148 1.3156
-856.135 -3914.51 352.337 220148 1.3156
-856.131 -3914.34 352.345 220148 1.3156
-856.127 -3914.17 352.353 220148 1.3156
-856.123 -3914.01 352.361 220148 1.3156
-856.119 -3913.84 352.37 220148 1.3156
-856.115 -3913.67 352.378 220148 1.3156
-856.111 -3913.51 352.386 220148 1.3156
-856.107 -3913.34 352.394 220148 1.3156
-856.103 -3913.17 352.402 220148 1.3156
-856.099 -3913.01 352.41 220148 1.3156
-856.095 -3912.84 352.418 220148 1.3156
-856.091 -3912.67 352.426 220148 1.3156
-856.087 -3912.51 352.434 220148 1.3156
-856.083 -3912.34 352.442 220148 1.3156
-856.079 -3912.18 352.45 220148 1.3156
-856.075 -3912.01 352.458 220148 1.3156
-856.071 -3911.84 352.466 220148 1.3156
-856.067 -3911.68 352.474 220148 1.3156
-856.063 -3911.51 352.482 220148 1.3156
-856.059 -3911.34 352.49 220148 1.3156
-856.055 -3911.18 352.498 220148 1.3156
-856.051 -3911.01 352.506 220148 1.3156
-856.047 -3910.84 352.514 220148 1.3156
-856.043 -3910.68 352.522 220148 1.3156
-856.039 -3910.51 352.531 220148 1.3156
-856.035 -3910.34 352.539 220148 1.3156
-856.031 -3910.18 352.547 220148 1.3156
-856.027 -3910.01 352.555 220148 1.3156
-856.023 -3909.85 352.563 220148 1.3156
-856.019 -3909.68 352.571 220148 1.3156
-856.015 -3909.51 352.579 220148 1.3156
-856.011 -3909.35 352.587 220148 1.3156
-856.007 -3909.18 352.595 220148 1.3156
-856.003 -3909.01 352.603 220148 1.3156
-855.999 -3908.85 352.611 220148 1.3156
-855.995 -3908.68 352.619 220148 1.3156
-855.991 -3908.51 352.627 220148 1.3156
-855.987 -3908.35 352.635 220148 1.3156
-855.983 -3908.18 352.643 220148 1.3156
-855.979 -3908.02 352.651 220148 1.3156
-855.975 -3907.85 352.659 220148 1.3156
-855.971 -3907.69 352.667 220148 1.3156
-855.967 -3907.52 352.675 220148 1.3156
-855.963 -3907.35 352.683 220148 1.3156
-855.959 -3907.18 352.691 220148 1.3156
-855.955 -3907.02 352.7 220148 1.3156
-855.951 -3906.85 352.708 220148 1.3156
-855.947 -3906.68 352.716 220148 1.3156
-855.943 -3906.51 352.724 220148 1.3156
-855.939 -3906.34 352.732 220148 1.3156
-855.935 -3906.17 352.74 220148 1.3156
-855.931 -3906 352.749 220148 1.3156
-855.927 -3905.83 352.757 220148 1.3156
-855.923 -3905.66 352.765 220148 1.3156
-855.919 -3905.49 352.773 220148 1.3156
-855.914 -3905.33 352.781 220148 1.3156
-855.908 -3905.17 352.789 220148 1.3156
-855.903 -3905.01 352.797 220148 1.3156
-855.898 -3904.85 352.804 220148 1.3156
-855.893 -3904.69 352.812 220148 1.3156
-855.888 -3904.53 352.82 220148 1.3156
-855.886 -3904.38 352.827 220148 1.3156
-855.883 -3904.23 352.835 220148 1.3156
-855.88 -3904.08 352.842 220148 1.3156
-855.878 -3903.93 352.849 220148 1.3156
-855.875 -3903.78 352.856 220148 1.3156
-855.873 -3903.63 352.864 220148 1.3156
-855.878 -3903.47 352.871 220148 1.3156
-855.883 -3903.32 352.878 220148 1.3156
-855.888 -3903.16 352.886 220148 1.3156
-855.893 -3903.01 352.893 220148 1.3156
-855.898 -3902.86 352.901 220148 1.3156
-855.903 -3902.7 352.908 220148 1.3156
-855.907 -3902.5 352.918 220148 1.3156
-855.911 -3902.3 352.927 220148 1.3156
-855.915 -3902.1 352.937 220148 1.3156
-855.919 -3901.9 352.947 220148 1.3156
-855.924 -3901.7 352.957 220148 1.3156
-855.928 -3901.5 352.966 220148 1.3156
-855.927 -3901.25 352.978 220148 1.3156
-855.927 -3901.01 352.99 220148 1.3156
-855.927 -3900.76 353.002 220148 1.3156
-855.927 -3900.51 353.014 220148 1.3156
-855.926 -3900.26 353.026 220148 1.3156
-855.926 -3900.01 353.038 220148 1.3156
-855.922 -3899.72 353.052 220148 1.3156
-855.918 -3899.43 353.067 220148 1.3156
-855.914 -3899.14 353.081 220148 1.3156
-855.91 -3898.85 353.095 220148 1.3156
-855.907 -3898.56 353.11 220148 1.3156
-855.903 -3898.27 353.124 220148 1.3156
-855.896 -3897.92 353.141 220148 1.3156
-855.889 -3897.58 353.158 220148 1.3156
-855.881 -3897.23 353.175 220148 1.3156
-855.874 -3896.89 353.192 220148 1.3156
-855.867 -3896.54 353.209 220148 1.3156
-855.86 -3896.2 353.226 220148 1.3156
-855.854 -3895.84 353.243 220148 1.3156
-855.848 -3895.49 353.261 220148 1.3156
-855.842 -3895.13 353.278 220148 1.3156
-855.835 -3894.77 353.296 220148 1.3156
-855.829 -3894.42 353.313 220148 1.3156
-855.823 -3894.06 353.331 220148 1.3156
-855.817 -3893.71 353.348 220148 1.3156
-855.811 -3893.36 353.365 220148 1.3156
-855.805 -3893 353.383 220148 1.3156
-855.799 -3892.65 353.4 220148 1.3156
-855.793 -3892.3 353.417 220148 1.3156
-855.787 -3891.95 353.435 220148 1.3156
-855.781 -3891.6 353.452 220148 1.3156
-855.775 -3891.26 353.469 220148 1.3156
-855.769 -3890.91 353.486 220148 1.3156
-855.763 -3890.56 353.503 220148 1.3156
-855.757 -3890.22 353.52 220148 1.3156
-855.751 -3889.87 353.537 220148 1.3156
-855.745 -3889.52 353.554 220148 1.3156
-855.739 -3889.17 353.571 220148 1.3156
-855.733 -3888.82 353.588 220148 1.3156
-855.727 -3888.47 353.606 220148 1.3156
-855.721 -3888.12 353.623 220148 1.3156
-855.715 -3887.77 353.64 220148 1.3156
-855.709 -3887.42 353.657 220148 1.3156
-855.703 -3887.07 353.675 220148 1.3156
-855.697 -3886.71 353.692 220148 1.3156
-855.691 -3886.36 353.709 220148 1.3156
-855.685 -3886.01 353.726 220148 1.3156
-855.679 -3885.66 353.744 220148 1.3156
-855.673 -3885.31 353.761 220148 1.3156
-855.668 -3884.97 353.778 220148 1.3156
-855.662 -3884.62 353.795 220148 1.3156
-855.657 -3884.28 353.812 220148 1.3156
-855.651 -3883.94 353.828 220148 1.3156
-855.646 -3883.59 353.846 220148 1.3156
-855.635 -3883.27 353.862 220148 1.3156
-855.625 -3882.95 353.878 220148 1.3156
-855.614 -3882.62 353.894 220148 1.3156
-855.604 -3882.3 353.911 220148 1.3156
-855.593 -3881.98 353.927 220148 1.3156
-855.583 -3881.65 353.943 220148 1.3156
-855.571 -3881.38 353.957 220148 1.3156
-855.56 -3881.11 353.971 220148 1.3156
-855.548 -3880.84 353.984 220148 1.3156
-855.537 -3880.56 353.998 220148 1.3156
-855.525 -3880.29 354.012 220148 1.3156
-855.514 -3880.02 354.026 220148 1.3156
-855.504 -3879.78 354.038 220148 1.3156
-855.494 -3879.55 354.049 220148 1.3156
-855.485 -3879.31 354.061 220148 1.3156
-855.475 -3879.08 354.073 220148 1.3156
-855.465 -3878.84 354.085 220148 1.3156
-855.456 -3878.61 354.097 220148 1.3156
-855.447 -3878.42 354.106 220148 1.3156
-855.438 -3878.24 354.115 220148 1.3156
-855.43 -3878.06 354.124 220148 1.3156
-855.421 -3877.88 354.134 220148 1.3156
-855.413 -3877.69 354.143 220148 1.3156
-855.404 -3877.51 354.152 220148 1.3156
-855.399 -3877.35 354.16 220148 1.3156
-855.395 -3877.19 354.168 220148 1.3156
-855.39 -3877.03 354.176 220148 1.3156
-855.386 -3876.87 354.185 220148 1.3156
-855.382 -3876.7 354.193 220148 1.3156
-855.377 -3876.54 354.201 220148 1.3156
-855.374 -3876.37 354.209 220148 1.3156
-855.371 -3876.2 354.218 220148 1.3156
-855.368 -3876.03 354.227 220148 1.3156
-855.365 -3875.85 354.235 220148 1.3156
-855.362 -3875.68 354.244 220148 1.3156
-855.359 -3875.51 354.253 220148 1.3156
-855.354 -3875.31 354.263 220148 1.3156
-855.349 -3875.1 354.273 220148 1.3156
-855.344 -3874.9 354.284 220148 1.3156
-855.339 -3874.69 354.294 220148 1.3156
-855.334 -3874.49 354.304 220148 1.3156
-855.329 -3874.29 354.314 220148 1.3156
-855.324 -3874.05 354.327 220148 1.3156
-855.318 -3873.81 354.339 220148 1.3156
-855.312 -3873.57 354.351 220148 1.3156
-855.306 -3873.33 354.363 220148 1.3156
-855.3 -3873.09 354.375 220148 1.3156
-855.294 -3872.85 354.387 220148 1.3156
-855.287 -3872.59 354.4 220148 1.3156
-855.279 -3872.33 354.413 220148 1.3156
-855.272 -3872.06 354.427 220148 1.3156
-855.264 -3871.8 354.44 220148 1.3156
-855.257 -3871.53 354.453 220148 1.3156
-855.249 -3871.27 354.467 220148 1.3156
-855.242 -3870.99 354.48 220148 1.3156
-855.235 -3870.72 354.494 220148 1.3156
-855.228 -3870.44 354.508 220148 1.3156
-855.222 -3870.16 354.522 220148 1.3156
-855.215 -3869.89 354.536 220148 1.3156
-855.208 -3869.61 354.55 220148 1.3156
-855.201 -3869.33 354.564 220148 1.3156
-855.194 -3869.05 354.578 220148 1.3156
-855.187 -3868.78 354.592 220148 1.3156
-855.18 -3868.5 354.606 220148 1.3156
-855.173 -3868.22 354.62 220148 1.3156
-855.167 -3867.94 354.634 220148 1.3156
-855.16 -3867.67 354.648 220148 1.3156
-855.153 -3867.39 354.662 220148 1.3156
-855.146 -3867.11 354.677 220148 1.3156
-855.139 -3866.83 354.691 220148 1.3156
-855.132 -3866.55 354.706 220148 1.3156
-855.125 -3866.27 354.72 220148 1.3156
-855.118 -3865.98 354.735 220148 1.3156
-855.112 -3865.69 354.751 220148 1.3156
-855.105 -3865.4 354.766 220148 1.3156
-855.099 -3865.1 354.781 220148 1.3156
-855.092 -3864.81 354.796 220148 1.3156
-855.086 -3864.52 354.812 220148 1.3156
-855.077 -3864.2 354.828 220148 1.3156
-855.068 -3863.88 354.845 220148 1.3156
-855.059 -3863.56 354.861 220148 1.3156
-855.05 -3863.25 354.878 220148 1.3156
-855.041 -3862.93 354.894 220148 1.3156
-855.032 -3862.61 354.911 220148 1.3156
-855.024 -3862.27 354.928 220148 1.3156
-855.015 -3861.94 354.946 220148 1.3156
-855.007 -3861.6 354.963 220148 1.3156
-854.998 -3861.26 354.981 220148 1.3156
-854.99 -3860.92 354.998 220148 1.3156
-854.981 -3860.59 355.016 220148 1.3156
-854.973 -3860.25 355.034 220148 1.3156
-854.964 -3859.91 355.051 220148 1.3156
-854.956 -3859.57 355.069 220148 1.3156
-854.947 -3859.23 355.086 220148 1.3156
-854.939 -3858.9 355.104 220148 1.3156
-854.93 -3858.56 355.122 220148 1.3156
-854.921 -3858.24 355.138 220148 1.3156
-854.913 -3857.92 355.155 220148 1.3156
-854.904 -3857.61 355.171 220148 1.3156
-854.895 -3857.29 355.187 220148 1.3156
-854.886 -3856.98 355.204 220148 1.3156
-854.877 -3856.66 355.22 220148 1.3156
-854.871 -3856.37 355.235 220148 1.3156
-854.864 -3856.08 355.25 220148 1.3156
-854.858 -3855.79 355.265 220148 1.3156
-854.852 -3855.5 355.28 220148 1.3156
-854.845 -3855.22 355.295 220148 1.3156
-854.839 -3854.93 355.31 220148 1.3156
-854.832 -3854.65 355.325 220148 1.3156
-854.825 -3854.37 355.339 220148 1.3156
-854.818 -3854.1 355.354 220148 1.3156
-854.811 -3853.82 355.368 220148 1.3156
-854.804 -3853.54 355.382 220148 1.3156
-854.797 -3853.27 355.397 220148 1.3156
-854.791 -3852.98 355.412 220148 1.3156
-854.784 -3852.69 355.427 220148 1.3156
-854.778 -3852.4 355.442 220148 1.3156
-854.771 -3852.11 355.457 220148 1.3156
-854.765 -3851.82 355.472 220148 1.3156
-854.759 -3851.53 355.487 220148 1.3156
-854.75 -3851.22 355.504 220148 1.3156
-854.754 -3851.38 355.493 230148 1.3156
-854.747 -3851.06 355.51 230148 1.3156
-854.739 -3850.75 355.526 230148 1.3156
-854.731 -3850.43 355.543 230148 1.3156
-854.724 -3850.12 355.559 230148 1.3156
-854.716 -3849.78 355.576 230148 1.3156
-854.709 -3849.45 355.594 230148 1.3156
-854.702 -3849.12 355.611 230148 1.3156
-854.695 -3848.78 355.628 230148 1.3156
-854.687 -3848.45 355.646 230148 1.3156
-854.68 -3848.12 355.663 230148 1.3156
-854.673 -3847.78 355.681 230148 1.3156
-854.666 -3847.44 355.698 230148 1.3156
-854.658 -3847.1 355.716 230148 1.3156
-854.651 -3846.77 355.733 230148 1.3156
-854.644 -3846.43 355.751 230148 1.3156
-854.636 -3846.09 355.769 230148 1.3156
-854.629 -3845.76 355.786 230148 1.3156
-854.622 -3845.42 355.803 230148 1.3156
-854.614 -3845.09 355.821 230148 1.3156
-854.607 -3844.75 355.838 230148 1.3156
-854.6 -3844.42 355.856 230148 1.3156
-854.592 -3844.09 355.873 230148 1.3156
-854.585 -3843.75 355.89 230148 1.3156
-854.578 -3843.42 355.908 230148 1.3156
-854.571 -3843.09 355.925 230148 1.3156
-854.564 -3842.76 355.942 230148 1.3156
-854.557 -3842.42 355.96 230148 1.3156
-854.55 -3842.09 355.977 230148 1.3156
-854.542 -3841.76 355.994 230148 1.3156
-854.535 -3841.43 356.011 230148 1.3156
-854.528 -3841.09 356.029 230148 1.3156
-854.521 -3840.76 356.046 230148 1.3156
-854.513 -3840.43 356.063 230148 1.3156
-854.506 -3840.1 356.08 230148 1.3156
-854.498 -3839.76 356.097 230148 1.3156
-854.491 -3839.43 356.115 230148 1.3156
-854.483 -3839.1 356.132 230148 1.3156
-854.476 -3838.76 356.149 230148 1.3156
-854.468 -3838.43 356.166 230148 1.3156
-854.461 -3838.1 356.183 230148 1.3156
-854.453 -3837.77 356.2 230148 1.3156
-854.446 -3837.43 356.217 230148 1.3156
-854.438 -3837.1 356.234 230148 1.3156
-854.431 -3836.77 356.251 230148 1.3156
-854.423 -3836.43 356.268 230148 1.3156
-854.416 -3836.1 356.286 230148 1.3156
-854.408 -3835.77 356.303 230148 1.3156
-854.401 -3835.44 356.32 230148 1.3156
-854.393 -3835.1 356.337 230148 1.3156
-854.386 -3834.77 356.354 230148 1.3156
-854.378 -3834.44 356.371 230148 1.3156
-854.371 -3834.1 356.388 230148 1.3156
-854.363 -3833.77 356.405 230148 1.3156
-854.356 -3833.44 356.422 230148 1.3156
-854.348 -3833.11 356.439 230148 1.3156
-854.341 -3832.77 356.457 230148 1.3156
-854.333 -3832.44 356.474 230148 1.3156
-854.326 -3832.11 356.491 230148 1.3156
-854.318 -3831.78 356.508 230148 1.3156
-854.311 -3831.44 356.525 230148 1.3156
-854.303 -3831.11 356.542 230148 1.3156
-854.296 -3830.78 356.559 230148 1.3156
-854.288 -3830.44 356.576 230148 1.3156
-854.281 -3830.11 356.593 230148 1.3156
-854.273 -3829.78 356.61 230148 1.3156
-854.266 -3829.45 356.627 230148 1.3156
-854.258 -3829.11 356.644 230148 1.3156
-854.25 -3828.78 356.661 230148 1.3156
-854.243 -3828.45 356.678 230148 1.3156
-854.235 -3828.11 356.695 230148 1.3156
-854.227 -3827.78 356.712 230148 1.3156
-854.219 -3827.45 356.728 230148 1.3156
-854.212 -3827.12 356.745 230148 1.3156
-854.204 -3826.78 356.762 230148 1.3156
-854.196 -3826.45 356.779 230148 1.3156
-854.188 -3826.12 356.796 230148 1.3156
-854.181 -3825.78 356.813 230148 1.3156
-854.173 -3825.45 356.83 230148 1.3156
-854.165 -3825.12 356.846 230148 1.3156
-854.158 -3824.79 356.863 230148 1.3156
-854.15 -3824.45 356.88 230148 1.3156
-854.142 -3824.12 356.897 230148 1.3156
-854.134 -3823.79 356.914 230148 1.3156
-854.127 -3823.45 356.931 230148 1.3156
-854.119 -3823.12 356.948 230148 1.3156
-854.111 -3822.79 356.964 230148 1.3156
-854.104 -3822.46 356.981 230148 1.3156
-854.096 -3822.12 356.998 230148 1.3156
-854.088 -3821.79 357.015 230148 1.3156
-854.08 -3821.46 357.032 230148 1.3156
-854.073 -3821.13 357.049 230148 1.3156
-854.065 -3820.79 357.066 230148 1.3156
-854.057 -3820.46 357.082 230148 1.3156
-854.05 -3820.13 357.099 230148 1.3156
-854.042 -3819.79 357.116 230148 1.3156
-854.034 -3819.46 357.133 230148 1.3156
-854.026 -3819.13 357.15 230148 1.3156
-854.018 -3818.8 357.167 230148 1.3156
-854.01 -3818.46 357.183 230148 1.3156
-854.003 -3818.13 357.2 230148 1.3156
-853.995 -3817.8 357.216 230148 1.3156
-853.987 -3817.46 357.233 230148 1.3156
-853.979 -3817.13 357.249 230148 1.3156
-853.971 -3816.8 357.266 230148 1.3156
-853.963 -3816.47 357.283 230148 1.3156
-853.955 -3816.13 357.299 230148 1.3156
-853.947 -3815.8 357.316 230148 1.3156
-853.94 -3815.47 357.332 230148 1.3156
-853.932 -3815.13 357.349 230148 1.3156
-853.924 -3814.8 357.366 230148 1.3156
-853.916 -3814.47 357.382 230148 1.3156
-853.908 -3814.14 357.399 230148 1.3156
-853.9 -3813.8 357.415 230148 1.3156
-853.892 -3813.47 357.432 230148 1.3156
-853.885 -3813.14 357.449 230148 1.3156
-853.877 -3812.8 357.465 230148 1.3156
-853.869 -3812.47 357.482 230148 1.3156
-853.861 -3812.14 357.498 230148 1.3156
-853.853 -3811.81 357.515 230148 1.3156
-853.845 -3811.47 357.531 230148 1.3156
-853.837 -3811.14 357.548 230148 1.3156
-853.829 -3810.81 357.565 230148 1.3156
-853.821 -3810.47 357.581 230148 1.3156
-853.814 -3810.14 357.598 230148 1.3156
-853.806 -3809.81 357.614 230148 1.3156
-853.798 -3809.48 357.631 230148 1.3156
-853.79 -3809.14 357.648 230148 1.3156
-853.782 -3808.81 357.664 230148 1.3156
-853.774 -3808.48 357.681 230148 1.3156
-853.766 -3808.15 357.697 230148 1.3156
-853.758 -3807.81 357.714 230148 1.3156
-853.75 -3807.48 357.73 230148 1.3156
-853.742 -3807.15 357.746 230148 1.3156
-853.734 -3806.81 357.763 230148 1.3156
-853.726 -3806.48 357.779 230148 1.3156
-853.718 -3806.15 357.795 230148 1.3156
-853.71 -3805.82 357.812 230148 1.3156
-853.702 -3805.48 357.828 230148 1.3156
-853.694 -3805.15 357.844 230148 1.3156
-853.686 -3804.82 357.86 230148 1.3156
-853.678 -3804.48 357.877 230148 1.3156
-853.67 -3804.15 357.893 230148 1.3156
-853.662 -3803.82 357.909 230148 1.3156
-853.654 -3803.49 357.926 230148 1.3156
-853.646 -3803.15 357.942 230148 1.3156
-853.638 -3802.82 357.958 230148 1.3156
-853.63 -3802.49 357.975 230148 1.3156
-853.622 -3802.15 357.991 230148 1.3156
-853.614 -3801.82 358.007 230148 1.3156
-853.606 -3801.49 358.024 230148 1.3156
-853.598 -3801.16 358.04 230148 1.3156
-853.59 -3800.82 358.056 230148 1.3156
-853.582 -3800.49 358.072 230148 1.3156
-853.574 -3800.16 358.089 230148 1.3156
-853.566 -3799.82 358.105 230148 1.3156
-853.558 -3799.49 358.121 230148 1.3156
-853.55 -3799.16 358.138 230148 1.3156
-853.542 -3798.83 358.154 230148 1.3156
-853.534 -3798.49 358.17 230148 1.3156
-853.526 -3798.16 358.187 230148 1.3156
-853.518 -3797.83 358.203 230148 1.3156
-853.51 -3797.49 358.219 230148 1.3156
-853.502 -3797.16 358.235 230148 1.3156
-853.494 -3796.83 358.251 230148 1.3156
-853.486 -3796.5 358.267 230148 1.3156
-853.478 -3796.16 358.283 230148 1.3156
-853.47 -3795.83 358.3 230148 1.3156
-853.462 -3795.5 358.316 230148 1.3156
-853.454 -3795.16 358.332 230148 1.3156
-853.446 -3794.83 358.348 230148 1.3156
-853.437 -3794.5 358.364 230148 1.3156
-853.429 -3794.16 358.38 230148 1.3156
-853.421 -3793.83 358.396 230148 1.3156
-853.413 -3793.5 358.412 230148 1.3156
-853.405 -3793.17 358.427 230148 1.3156
-853.397 -3792.84 358.443 230148 1.3156
-853.389 -3792.51 358.459 230148 1.3156
-853.381 -3792.17 358.475 230148 1.3156
-853.373 -3791.85 358.491 230148 1.3156
-853.365 -3791.52 358.507 230148 1.3156
-853.357 -3791.19 358.522 230148 1.3156
-853.349 -3790.87 358.538 230148 1.3156
-853.342 -3790.54 358.554 230148 1.3156
-853.334 -3790.21 358.57 230148 1.3156
-853.326 -3789.88 358.585 230148 1.3156
-853.318 -3789.55 358.601 230148 1.3156
-853.31 -3789.22 358.617 230148 1.3156
-853.302 -3788.89 358.633 230148 1.3156
-853.294 -3788.56 358.649 230148 1.3156
-853.286 -3788.23 358.665 230148 1.3156
-853.279 -3787.88 358.682 230148 1.3156
-853.273 -3787.53 358.699 230148 1.3156
-853.267 -3787.17 358.716 230148 1.3156
-853.261 -3786.82 358.732 230148 1.3156
-853.255 -3786.47 358.749 230148 1.3156
-853.249 -3786.12 358.766 230148 1.3156
-853.24 -3785.72 358.785 230148 1.3156
-853.232 -3785.33 358.803 230148 1.3156
-853.223 -3784.93 358.822 230148 1.3156
-853.215 -3784.54 358.841 230148 1.3156
-853.207 -3784.14 358.859 230148 1.3156
-853.198 -3783.74 358.878 230148 1.3156
-853.187 -3783.31 358.899 230148 1.3156
-853.175 -3782.87 358.919 230148 1.3156
-853.163 -3782.44 358.94 230148 1.3156
-853.151 -3782 358.96 230148 1.3156
-853.139 -3781.57 358.981 230148 1.3156
-853.128 -3781.13 359.001 230148 1.3156
-853.114 -3780.65 359.024 230148 1.3156
-853.1 -3780.17 359.046 230148 1.3156
-853.086 -3779.69 359.069 230148 1.3156
-853.072 -3779.21 359.092 230148 1.3156
-853.058 -3778.72 359.114 230148 1.3156
-853.044 -3778.24 359.137 230148 1.3878
-853.032 -3777.74 359.161 230148 1.3878
-853.019 -3777.24 359.184 230148 1.3878
-853.007 -3776.74 359.208 230148 1.3878
-852.995 -3776.24 359.232 230148 1.3878
-852.983 -3775.73 359.255 230148 1.38482
-852.971 -3775.23 359.279 230148 1.37902
-852.959 -3774.73 359.302 230148 1.37902
-852.947 -3774.22 359.325 230148 1.37902
-852.934 -3773.72 359.348 230148 1.37902
-852.922 -3773.21 359.372 230148 1.37902
-852.91 -3772.71 359.395 230148 1.37902
-852.898 -3772.2 359.418 230148 1.37886
-852.886 -3771.7 359.441 230148 1.37886
-852.874 -3771.2 359.464 230148 1.37886
-852.862 -3770.7 359.487 230148 1.37886
-852.85 -3770.2 359.51 230148 1.37886
-852.838 -3769.7 359.533 230148 1.37886
-852.826 -3769.2 359.557 230148 1.37886
-852.814 -3768.7 359.58 230148 1.37886
-852.802 -3768.2 359.603 230148 1.37886
-852.79 -3767.7 359.626 230148 1.37886
-852.778 -3767.2 359.648 230148 1.37886
-852.766 -3766.7 359.671 230148 1.37886
-852.754 -3766.21 359.694 230148 1.37886
-852.741 -3765.71 359.717 230148 1.37886
-852.729 -3765.21 359.74 230148 1.37886
-852.717 -3764.71 359.763 230148 1.37886
-852.706 -3764.21 359.786 230148 1.37886
-852.694 -3763.71 359.809 230148 1.37886
-852.682 -3763.21 359.831 230148 1.37886
-852.67 -3762.71 359.854 230148 1.37886
-852.658 -3762.21 359.876 230148 1.37886
-852.646 -3761.71 359.898 230148 1.37886
-852.634 -3761.21 359.921 230148 1.37886
-852.623 -3760.71 359.943 230148 1.37886
-852.611 -3760.21 359.966 230148 1.37886
-852.599 -3759.71 359.988 230148 1.37886
-852.587 -3759.21 360.011 230148 1.37886
-852.575 -3758.71 360.033 230148 1.37886
-852.563 -3758.22 360.056 230148 1.37886
-852.551 -3757.72 360.078 230148 1.37886
-852.54 -3757.22 360.101 230148 1.36051
-852.528 -3756.71 360.123 230148 1.36051
-852.516 -3756.21 360.146 230148 1.36051
-852.504 -3755.71 360.168 230148 1.36051
-852.492 -3755.21 360.191 230148 1.36051
-852.48 -3754.71 360.213 230148 1.36051
-852.468 -3754.2 360.236 230148 1.36051
-852.456 -3753.71 360.258 230148 1.36051
-852.444 -3753.21 360.28 230148 1.36051
-852.433 -3752.71 360.302 230148 1.36051
-852.421 -3752.22 360.324 230148 1.36051
-852.41 -3751.72 360.345 230148 1.36051
-852.398 -3751.22 360.367 230148 1.36051
-852.387 -3750.74 360.389 230148 1.36051
-852.376 -3750.25 360.41 230148 1.36051
-852.364 -3749.77 360.431 230148 1.36051
-852.353 -3749.28 360.452 230148 1.36051
-852.342 -3748.79 360.474 230148 1.36051
-852.331 -3748.31 360.495 230148 1.36051
-852.319 -3747.83 360.516 230148 1.36051
-852.307 -3747.35 360.537 230148 1.36051
-852.296 -3746.87 360.558 230148 1.36051
-852.284 -3746.39 360.579 230148 1.36051
-852.272 -3745.91 360.6 230148 1.36051
-852.261 -3745.43 360.621 230148 1.36051
-852.249 -3744.94 360.643 230148 1.36051
-852.237 -3744.46 360.664 230148 1.36051
-852.225 -3743.98 360.685 230148 1.36051
-852.213 -3743.5 360.706 230148 1.36051
-852.201 -3743.01 360.727 230148 1.36051
-852.201 -3743.02 360.728 240148 1.36051
-852.189 -3742.52 360.753 240148 1.36051
-852.177 -3742.03 360.778 240148 1.36051
-852.165 -3741.53 360.804 240148 1.36051
-852.153 -3741.04 360.829 240148 1.36051
-852.141 -3740.54 360.854 240148 1.36051
-852.129 -3740.04 360.879 240148 1.00531
-852.12 -3739.53 360.905 240148 1.03907
-852.111 -3739.02 360.93 240148 1.03907
-852.102 -3738.51 360.954 240148 1.03907
-852.092 -3738 360.979 240148 1.03907
-852.083 -3737.48 361.003 240148 1.03907
-852.074 -3736.97 361.028 240148 0.912048
-852.065 -3736.44 361.053 240148 0.927584
-852.057 -3735.9 361.079 240148 0.953764
-852.048 -3735.37 361.103 240148 0.953765
-852.039 -3734.83 361.127 240148 0.953765
-852.03 -3734.3 361.152 240148 0.953766
-852.021 -3733.77 361.176 240148 1.09909
-852.01 -3733.2 361.202 240148 1.09909
-851.999 -3732.63 361.227 240148 1.13368
-851.988 -3732.07 361.252 240148 1.13905
-851.977 -3731.5 361.277 240148 1.13905
-851.966 -3730.93 361.302 240148 1.13905
-851.954 -3730.36 361.327 240148 1.14451
-851.943 -3729.77 361.353 240148 1.14451
-851.931 -3729.17 361.379 240148 1.17224
-851.918 -3728.58 361.405 240148 1.18273
-851.906 -3727.98 361.43 240148 1.18273
-851.894 -3727.39 361.456 240148 1.18273
-851.882 -3726.79 361.481 240148 1.51185
-851.866 -3726.19 361.507 240148 1.51185
-851.849 -3725.58 361.533 240148 1.54173
-851.833 -3724.97 361.559 240148 1.54833
-851.817 -3724.36 361.585 240148 1.54833
-851.8 -3723.75 361.611 240148 1.54833
-851.784 -3723.14 361.637 240148 1.68908
-851.766 -3722.53 361.663 240148 1.68915
-851.748 -3721.92 361.689 240148 1.72385
-851.729 -3721.31 361.715 240148 1.72383
-851.711 -3720.7 361.741 240148 1.72383
-851.693 -3720.09 361.767 240148 1.72383
-851.674 -3719.48 361.793 240148 1.65211
-851.657 -3718.88 361.819 240148 1.65791
-851.639 -3718.27 361.845 240148 1.68513
-851.621 -3717.67 361.871 240148 1.68513
-851.604 -3717.06 361.898 240148 1.68513
-851.586 -3716.46 361.924 240148 1.68513
-851.568 -3715.85 361.951 240148 1.66418
-851.551 -3715.25 361.977 240148 1.67409
-851.533 -3714.64 362.004 240148 1.69547
-851.515 -3714.04 362.031 240148 1.69547
-851.497 -3713.43 362.059 240148 1.69547
-851.479 -3712.83 362.086 240148 1.69547
-851.461 -3712.22 362.114 240148 1.72694
-851.443 -3711.62 362.141 240148 1.74039
-851.425 -3711.01 362.169 240148 1.7565
-851.406 -3710.41 362.198 240148 1.7565
-851.388 -3709.8 362.227 240148 1.7565
-851.369 -3709.2 362.256 240148 1.7565
-851.35 -3708.59 362.285 240148 1.79857
-851.331 -3707.99 362.314 240148 1.79857
-851.326 -3707.92 362.317 250148 2.01845
-851.305 -3707.31 362.344 250148 2.01844
-851.283 -3706.71 362.37 250148 2.01844
-851.262 -3706.1 362.397 250148 2.01844
-851.241 -3705.49 362.424 250148 1.95256
-851.22 -3704.89 362.451 250148 1.84818
-851.2 -3704.28 362.477 250148 1.84818
-851.181 -3703.68 362.504 250148 1.84818
-851.161 -3703.07 362.53 250148 1.84818
-851.142 -3702.47 362.557 250148 1.80258
-851.123 -3701.86 362.584 250148 1.67915
-851.105 -3701.26 362.61 250148 1.67914
-851.087 -3700.65 362.636 250148 1.67914
-851.07 -3700.05 362.663 250148 1.67914
-851.052 -3699.44 362.689 250148 1.66061
-851.034 -3698.84 362.716 250148 1.54813
-851.018 -3698.23 362.742 250148 1.50082
-851.002 -3697.63 362.768 250148 1.50082
-850.986 -3697.02 362.794 250148 1.50082
-850.97 -3696.42 362.82 250148 1.49986
-850.954 -3695.81 362.846 250148 1.39825
-850.94 -3695.21 362.872 250148 1.39733
-850.925 -3694.6 362.898 250148 1.37104
-850.91 -3693.99 362.923 250148 1.37104
-850.896 -3693.39 362.949 250148 1.37104
-850.881 -3692.78 362.975 250148 1.30537
-850.868 -3692.18 363 250148 1.29506
-850.854 -3691.57 363.026 250148 1.29506
-850.84 -3690.97 363.051 250148 1.30566
-850.827 -3690.36 363.076 250148 1.30566
-850.813 -3689.76 363.102 250148 1.27017
-850.799 -3689.15 363.127 250148 1.25719
-850.786 -3688.55 363.151 250148 1.25719
-850.773 -3687.94 363.176 250148 1.25719
-850.759 -3687.34 363.201 250148 1.25682
-850.746 -3686.73 363.226 250148 1.2441
-850.733 -3686.12 363.25 250148 1.23586
-850.72 -3685.52 363.275 250148 1.23586
-850.707 -3684.91 363.299 250148 1.23586
-850.694 -3684.31 363.323 250148 1.23586
-850.681 -3683.7 363.347 250148 1.171
-850.668 -3683.09 363.371 250148 1.17431
-850.656 -3682.49 363.395 250148 1.17431
-850.643 -3681.88 363.418 250148 1.17431
-850.631 -3681.28 363.442 250148 1.17431
-850.619 -3680.67 363.466 250148 1.18734
-850.606 -3680.06 363.489 250148 1.47462
-850.591 -3679.46 363.511 250148 1.47462
-850.575 -3678.86 363.534 250148 1.47462
-850.56 -3678.26 363.557 250148 1.47462
-850.544 -3677.66 363.579 250148 1.47462
-850.539 -3677.63 363.584 260148 1.98506
-850.518 -3677.03 363.61 260148 2.07097
-850.497 -3676.43 363.636 260148 2.07097
-850.475 -3675.83 363.662 260148 2.07097
-850.453 -3675.23 363.688 260148 2.07097
-850.432 -3674.63 363.715 260148 2.07096
-850.41 -3674.04 363.741 260148 1.98052
-850.389 -3673.44 363.766 260148 1.14368
-850.377 -3672.82 363.792 260148 1.14368
-850.365 -3672.2 363.819 260148 1.14368
-850.352 -3671.58 363.845 260148 1.14368
-850.34 -3670.96 363.871 260148 1.14368
-850.327 -3670.34 363.898 260148 1.07444
-850.316 -3669.71 363.924 260148 1.02883
-850.304 -3669.04 363.952 260148 1.02883
-850.291 -3668.36 363.98 260148 1.02883
-850.279 -3667.68 364.008 260148 1.02883
-850.267 -3667 364.036 260148 1.01307
-850.255 -3666.33 364.064 260148 0.962038
-850.244 -3665.65 364.091 260148 1.12067
-850.23 -3664.92 364.12 260148 1.12067
-850.215 -3664.2 364.15 260148 1.12067
-850.201 -3663.47 364.179 260148 1.12067
-850.187 -3662.75 364.208 260148 1.0696
-850.173 -3662.02 364.237 260148 1.06827
-850.16 -3661.3 364.266 260148 1.14529
-850.145 -3660.53 364.296 260148 1.14529
-850.129 -3659.76 364.327 260148 1.14529
-850.114 -3658.99 364.357 260148 1.10781
-850.099 -3658.22 364.387 260148 1.10728
-850.084 -3657.44 364.417 260148 1.10728
-850.069 -3656.67 364.447 260148 1.19665
-850.052 -3655.84 364.479 260148 1.19072
-850.034 -3655.01 364.511 260148 1.17304
-850.017 -3654.18 364.543 260148 1.17304
-850 -3653.35 364.574 260148 1.17304
-849.983 -3652.52 364.606 260148 1.17304
-849.966 -3651.69 364.638 260148 1.09186
-849.95 -3650.85 364.669 260148 1.08942
-849.934 -3650.01 364.701 260148 1.08942
-849.918 -3649.17 364.733 260148 1.08942
-849.902 -3648.33 364.764 260148 1.09088
-849.886 -3647.49 364.796 260148 1.09461
-849.87 -3646.64 364.827 260148 1.08976
-849.854 -3645.81 364.858 260148 1.08976
-849.839 -3644.97 364.889 260148 1.08976
-849.823 -3644.14 364.92 260148 1.10557
-849.806 -3643.3 364.951 260148 1.10935
-849.79 -3642.46 364.981 260148 1.10935
-849.774 -3641.63 365.012 260148 1.10451
-849.758 -3640.8 365.043 260148 1.10451
-849.753 -3640.48 365.056 270148 1.23129
-849.735 -3639.64 365.091 270148 1.23129
-849.717 -3638.81 365.125 270148 1.23129
-849.699 -3637.98 365.16 270148 1.23129
-849.682 -3637.15 365.194 270148 1.2396
-849.663 -3636.32 365.229 270148 1.24202
-849.645 -3635.48 365.263 270148 1.24562
-849.627 -3634.65 365.296 270148 1.24562
-849.609 -3633.81 365.33 270148 1.24562
-849.591 -3632.98 365.363 270148 1.24562
-849.573 -3632.14 365.397 270148 1.24208
-849.555 -3631.31 365.43 270148 1.2443
-849.537 -3630.47 365.463 270148 1.24648
-849.518 -3629.64 365.496 270148 1.24648
-849.5 -3628.8 365.529 270148 1.24648
-849.482 -3627.97 365.561 270148 1.24648
-849.464 -3627.13 365.594 270148 1.21043
-849.446 -3626.3 365.626 270148 1.21212
-849.429 -3625.47 365.658 270148 1.21322
-849.411 -3624.64 365.689 270148 1.21322
-849.394 -3623.82 365.721 270148 1.21322
-849.376 -3622.99 365.752 270148 1.21322
-849.359 -3622.16 365.784 270148 1.58617
-849.336 -3621.35 365.815 270148 1.5869
-849.314 -3620.54 365.845 270148 1.58734
-849.291 -3619.74 365.875 270148 1.58734
-849.269 -3618.93 365.905 270148 1.58734
-849.247 -3618.12 365.935 270148 1.58734
-849.224 -3617.31 365.965 270148 1.669
-849.202 -3616.54 365.994 270148 1.66879
-849.179 -3615.77 366.023 270148 1.66856
-849.157 -3614.99 366.051 270148 1.66856
-849.134 -3614.22 366.08 270148 1.66856
-849.112 -3613.45 366.108 270148 1.66856
-849.089 -3612.67 366.136 270148 1.70566
-849.067 -3611.93 366.164 270148 1.70562
-849.045 -3611.19 366.191 270148 1.7036
-849.023 -3610.45 366.218 270148 1.7036
-849.001 -3609.71 366.245 270148 1.7036
-848.979 -3608.97 366.271 270148 1.7036
-848.957 -3608.23 366.298 270148 1.90425
-848.933 -3607.51 366.325 270148 1.90425
-848.909 -3606.79 366.351 270148 1.90315
-848.885 -3606.07 366.377 270148 1.90058
-848.861 -3605.34 366.403 270148 1.90058
-848.837 -3604.62 366.429 270148 1.90058
-848.813 -3603.9 366.456 270148 1.52318
-848.794 -3603.18 366.481 270148 1.52318
-848.775 -3602.47 366.507 270148 1.52318
-848.756 -3601.76 366.533 270148 1.52082
-848.737 -3601.04 366.559 270148 1.5179
-848.718 -3600.33 366.585 270148 1.5179
-848.699 -3599.61 366.611 270148 1.38842
-848.682 -3598.91 366.636 270148 1.38842
-848.665 -3598.21 366.662 270148 1.38842
-848.648 -3597.5 366.687 270148 1.38842
-848.631 -3596.8 366.712 270148 1.3851
-848.614 -3596.1 366.738 270148 1.38153
-848.597 -3595.4 366.764 270148 1.32982
-848.581 -3594.71 366.788 270148 1.32982
-848.565 -3594.03 366.813 270148 1.32982
-848.55 -3593.34 366.838 270148 1.32982
-848.534 -3592.66 366.863 270148 1.32982
-848.518 -3591.98 366.888 270148 1.32982
-848.514 -3591.8 366.894 280148 1.40626
-848.498 -3591.14 366.917 280148 1.40626
-848.482 -3590.47 366.941 280148 1.40626
-848.465 -3589.8 366.964 280148 1.40626
-848.449 -3589.14 366.987 280148 1.40626
-848.433 -3588.47 367.01 280148 1.40626
-848.416 -3587.81 367.033 280148 1.40629
-848.4 -3587.14 367.056 280148 1.40629
-848.384 -3586.48 367.079 280148 1.40629
-848.368 -3585.82 367.102 280148 1.40629
-848.351 -3585.16 367.125 280148 1.40629
-848.335 -3584.5 367.148 280148 1.40629
-848.319 -3583.84 367.171 280148 1.40627
-848.302 -3583.17 367.194 280148 1.40627
-848.286 -3582.51 367.217 280148 1.40627
-848.27 -3581.84 367.24 280148 1.40627
-848.254 -3581.18 367.263 280148 1.40627
-848.237 -3580.52 367.286 280148 1.40627
-848.221 -3579.85 367.309 280148 1.41103
-848.205 -3579.18 367.332 280148 1.41102
-848.188 -3578.52 367.356 280148 1.41103
-848.172 -3577.85 367.379 280148 1.41102
-848.155 -3577.18 367.402 280148 1.41102
-848.139 -3576.52 367.425 280148 1.41102
-848.122 -3575.85 367.448 280148 1.3938
-848.106 -3575.19 367.471 280148 1.30819
-848.091 -3574.52 367.494 280148 1.30819
-848.076 -3573.85 367.517 280148 1.30819
-848.061 -3573.19 367.54 280148 1.30819
-848.045 -3572.52 367.563 280148 1.30819
-848.03 -3571.86 367.586 280148 1.30818
-848.015 -3571.19 367.609 280148 1.30818
-848 -3570.52 367.632 280148 1.30818
-847.985 -3569.86 367.655 280148 1.30818
-847.969 -3569.19 367.678 280148 1.30818
-847.954 -3568.52 367.701 280148 1.30818
-847.939 -3567.86 367.724 280148 1.30819
-847.924 -3567.19 367.746 280148 1.30819
-847.908 -3566.52 367.769 280148 1.30819
-847.893 -3565.86 367.792 280148 1.30819
-847.878 -3565.19 367.815 280148 1.30819
-847.863 -3564.53 367.838 280148 1.30819
-847.848 -3563.86 367.861 280148 1.31296
-847.832 -3563.19 367.884 280148 1.31296
-847.817 -3562.53 367.907 280148 1.31296
-847.802 -3561.86 367.93 280148 1.31296
-847.787 -3561.2 367.953 280148 1.31296
-847.771 -3560.53 367.976 280148 1.31296
-847.756 -3559.86 367.999 280148 1.30819
-847.741 -3559.2 368.022 280148 1.30793
-847.726 -3558.53 368.045 280148 1.28363
-847.711 -3557.87 368.067 280148 1.2831
-847.696 -3557.2 368.09 280148 1.2831
-847.681 -3556.53 368.113 280148 1.2831
-847.666 -3555.87 368.136 280148 1.28796
-847.651 -3555.21 368.158 280148 1.28796
-847.636 -3554.55 368.181 280148 1.28796
-847.621 -3553.89 368.204 280148 1.28796
-847.607 -3553.23 368.226 280148 1.28796
-847.592 -3552.57 368.249 280148 1.28796
-847.577 -3551.91 368.271 280148 1.28306
-847.562 -3551.24 368.294 280148 1.28306
-847.547 -3550.56 368.317 280148 1.28306
-847.532 -3549.89 368.34 280148 1.28306
-847.517 -3549.22 368.363 280148 1.28306
-847.502 -3548.55 368.386 280148 1.28306
-847.487 -3547.88 368.409 280148 1.28288
-847.471 -3547.18 368.433 280148 1.28288
-847.455 -3546.48 368.457 280148 1.28288
-847.44 -3545.79 368.481 280148 1.28288
-847.424 -3545.09 368.505 280148 1.28288
-847.409 -3544.39 368.529 280148 1.28288
-847.393 -3543.69 368.553 280148 1.19726
-847.378 -3542.99 368.577 280148 1.19726
-847.363 -3542.28 368.601 280148 1.21182
-847.348 -3541.57 368.625 280148 1.24515
-847.333 -3540.87 368.649 280148 1.24515
-847.318 -3540.16 368.673 280148 1.24515
-847.302 -3539.45 368.698 280148 1.18012
-847.288 -3538.76 368.721 280148 1.18012
-847.274 -3538.06 368.745 280148 1.18012
-847.259 -3537.36 368.769 280148 1.18012
-847.245 -3536.66 368.793 280148 1.18012
-847.231 -3535.97 368.816 280148 1.18012
-847.216 -3535.27 368.84 280148 1.17935
-847.202 -3534.6 368.863 280148 1.17935
-847.189 -3533.93 368.886 280148 1.17935
-847.175 -3533.25 368.909 280148 1.17935
-847.161 -3532.58 368.932 280148 1.17935
-847.147 -3531.91 368.955 280148 1.17935
-847.133 -3531.24 368.978 280148 1.17676
-847.12 -3530.58 369 280148 1.17676
-847.106 -3529.92 369.023 280148 1.17676
-847.093 -3529.26 369.045 280148 1.17676
-847.079 -3528.6 369.068 280148 1.17676
-847.065 -3527.94 369.09 280148 1.17676
-847.052 -3527.28 369.113 280148 1.1781
-847.038 -3526.61 369.136 280148 1.1781
-847.024 -3525.95 369.158 280148 1.1781
-847.011 -3525.28 369.181 280148 1.25858
-846.996 -3524.61 369.204 280148 1.29897
-846.981 -3523.95 369.227 280148 1.29897
-846.966 -3523.28 369.249 280148 1.29897
-846.951 -3522.62 369.272 280148 1.29897
-846.936 -3521.95 369.295 280148 1.29897
-846.921 -3521.28 369.317 280148 1.29897
-846.905 -3520.62 369.34 280148 1.29897
-846.89 -3519.95 369.363 280148 1.29897
-846.875 -3519.29 369.386 280148 1.2989
-846.86 -3518.62 369.408 280148 1.2989
-846.845 -3517.95 369.431 280148 1.2989
-846.83 -3517.29 369.454 280148 1.2989
-846.815 -3516.62 369.476 280148 1.2989
-846.8 -3515.96 369.499 280148 1.2989
-846.785 -3515.29 369.522 280148 1.29897
-846.77 -3514.62 369.545 280148 1.29897
-846.754 -3513.96 369.567 280148 1.29897
-846.739 -3513.29 369.59 280148 1.29897
-846.724 -3512.63 369.613 280148 1.29897
-846.709 -3511.96 369.635 280148 1.29897
-846.694 -3511.29 369.658 280148 1.29897
-846.679 -3510.63 369.681 280148 1.29897
-846.664 -3509.96 369.704 280148 1.29897
-846.649 -3509.3 369.726 280148 1.29897
-846.634 -3508.63 369.749 280148 1.40739
-846.617 -3507.96 369.772 280148 1.49281
-846.6 -3507.3 369.795 280148 1.49759
-846.583 -3506.63 369.817 280148 1.49759
-846.565 -3505.97 369.84 280148 1.49759
-846.548 -3505.3 369.863 280148 1.49759
-846.53 -3504.63 369.886 280148 1.49759
-846.513 -3503.97 369.908 280148 1.49759
-846.495 -3503.3 369.931 280148 1.48796
-846.478 -3502.64 369.954 280148 1.48796
-846.461 -3501.97 369.977 280148 1.48796
-846.444 -3501.3 369.999 280148 1.48796
-846.426 -3500.64 370.022 280148 1.48796
-846.409 -3499.97 370.045 280148 1.48796
-846.392 -3499.31 370.068 280148 1.49759
-846.374 -3498.64 370.09 280148 1.49759
-846.357 -3497.98 370.113 280148 1.49759
-846.339 -3497.31 370.136 280148 1.49759
-846.322 -3496.64 370.159 280148 1.49759
-846.305 -3495.98 370.181 280148 1.49759
-846.287 -3495.31 370.204 280148 1.48803
-846.27 -3494.65 370.227 280148 1.48803
-846.253 -3493.98 370.25 280148 1.48803
-846.235 -3493.31 370.272 280148 1.48803
-846.218 -3492.65 370.295 280148 1.48803
-846.201 -3491.98 370.318 280148 1.61179
-846.182 -3491.31 370.341 280148 1.76437
-846.161 -3490.65 370.364 280148 1.76437
-846.141 -3489.98 370.387 280148 1.76437
-846.12 -3489.32 370.409 280148 1.76437
-846.1 -3488.65 370.432 280148 1.76437
-846.079 -3487.99 370.455 280148 1.76437
-846.059 -3487.32 370.478 280148 1.75482
-846.038 -3486.65 370.501 280148 1.75482
-846.018 -3485.99 370.524 280148 1.75482
-845.998 -3485.32 370.547 280148 1.75482
-845.977 -3484.66 370.569 280148 1.75482
-845.957 -3483.99 370.592 280148 1.75482
-845.936 -3483.32 370.615 280148 1.76437
-845.916 -3482.66 370.638 280148 1.76437
-845.895 -3481.99 370.661 280148 1.76437
-845.875 -3481.33 370.684 280148 1.76437
-845.854 -3480.66 370.707 280148 1.76437
-845.834 -3479.99 370.73 280148 1.76437
-845.813 -3479.33 370.752 280148 1.75952
-845.793 -3478.66 370.775 280148 1.75952
-845.773 -3478 370.798 280148 1.75952
-845.752 -3477.33 370.821 280148 1.75952
-845.732 -3476.67 370.844 280148 1.75952
-845.711 -3476 370.867 280148 1.75952
-845.691 -3475.33 370.89 280148 1.88816
-845.669 -3474.67 370.912 280148 2.09929
-845.644 -3474 370.935 280148 2.09929
-845.62 -3473.34 370.958 280148 2.09929
-845.596 -3472.67 370.982 280148 2.09929
-845.571 -3472 371.005 280148 2.09929
-845.547 -3471.34 371.028 280148 2.09444
-845.522 -3470.67 371.051 280148 2.09444
-845.498 -3470.01 371.074 280148 2.09444
-845.474 -3469.34 371.097 280148 2.09444
-845.449 -3468.68 371.12 280148 2.09444
-845.425 -3468.01 371.143 280148 2.09444
-845.401 -3467.35 371.166 280148 2.09929
-845.376 -3466.68 371.189 280148 2.09929
-845.352 -3466.01 371.212 280148 2.09929
-845.327 -3465.35 371.235 280148 2.09929
-845.303 -3464.68 371.258 280148 2.09929
-845.279 -3464.02 371.281 280148 2.09929
-845.254 -3463.35 371.304 280148 2.10407
-845.23 -3462.69 371.327 280148 2.10407
-845.205 -3462.02 371.35 280148 2.10407
-845.181 -3461.35 371.373 280148 2.10407
-845.156 -3460.69 371.396 280148 2.10407
-845.132 -3460.02 371.419 280148 2.10407
-845.107 -3459.36 371.442 280148 2.09451
-845.083 -3458.69 371.465 280148 2.21889
-845.057 -3458.02 371.488 280148 2.50704
-845.028 -3457.36 371.511 280148 2.50704
-844.999 -3456.69 371.535 280148 2.50704
-844.97 -3456.03 371.558 280148 2.50704
-844.941 -3455.36 371.581 280148 2.51659
-844.912 -3454.7 371.604 280148 2.51659
-844.882 -3454.03 371.628 280148 2.51659
-844.853 -3453.37 371.651 280148 2.51659
-844.824 -3452.7 371.674 280148 2.51659
-844.795 -3452.03 371.697 280148 2.51659
-844.765 -3451.37 371.72 280148 2.50696
-844.736 -3450.7 371.744 280148 2.50696
-844.707 -3450.04 371.767 280148 2.50696
-844.678 -3449.37 371.79 280148 2.50696
-844.649 -3448.71 371.813 280148 2.50696
-844.62 -3448.04 371.837 280148 2.50696
-844.59 -3447.38 371.86 280148 2.51659
-844.561 -3446.71 371.883 280148 2.51659
-844.532 -3446.05 371.906 280148 2.51659
-844.503 -3445.38 371.93 280148 2.51659
-844.473 -3444.71 371.953 280148 2.5166
-844.444 -3444.05 371.976 280148 2.5166
-844.415 -3443.38 371.999 280148 2.51182
-844.386 -3442.72 372.023 280148 2.51182
-844.357 -3442.05 372.046 280148 2.62382
-844.326 -3441.39 372.069 280148 2.99705
-844.291 -3440.72 372.093 280148 2.99705
-844.256 -3440.06 372.116 280148 2.99705
-844.222 -3439.39 372.14 280148 2.99705
-844.187 -3438.72 372.163 280148 2.99705
-844.152 -3438.06 372.187 280148 2.99705
-844.117 -3437.39 372.21 280148 2.99705
-844.082 -3436.73 372.234 280148 2.99705
-844.047 -3436.06 372.257 280148 2.99705
-844.013 -3435.4 372.281 280148 2.99697
-843.978 -3434.73 372.304 280148 2.99697
-843.943 -3434.07 372.328 280148 2.99697
-843.908 -3433.4 372.351 280148 2.99697
-843.873 -3432.74 372.375 280148 2.99697
-843.838 -3432.07 372.398 280148 2.99697
-843.804 -3431.41 372.422 280148 2.99705
-843.769 -3430.74 372.445 280148 2.99705
-843.734 -3430.08 372.469 280148 2.99705
-843.699 -3429.41 372.492 280148 2.99705
-843.664 -3428.75 372.516 280148 2.99705
-843.629 -3428.08 372.539 280148 2.99705
-843.595 -3427.42 372.563 280148 2.99705
-843.56 -3426.75 372.586 280148 2.99705
-843.525 -3426.09 372.61 280148 2.99705
-843.49 -3425.42 372.633 280148 2.99705
-843.485 -3425.27 372.638 290148 3.3129
-843.447 -3424.6 372.662 290148 3.3129
-843.408 -3423.94 372.686 290148 3.3129
-843.37 -3423.27 372.709 290148 3.3129
-843.331 -3422.61 372.733 290148 3.3129
-843.293 -3421.94 372.757 290148 3.3129
-843.254 -3421.28 372.78 290148 3.3129
-843.216 -3420.61 372.804 290148 3.3129
-843.177 -3419.95 372.827 290148 3.3129
-843.139 -3419.28 372.851 290148 3.3129
-843.1 -3418.62 372.875 290148 3.3129
-843.062 -3417.95 372.898 290148 3.3129
-843.023 -3417.29 372.922 290148 3.3129
-842.985 -3416.62 372.946 290148 3.3129
-842.946 -3415.96 372.969 290148 3.3129
-842.908 -3415.29 372.993 290148 3.3129
-842.869 -3414.63 373.017 290148 3.3129
-842.831 -3413.96 373.04 290148 3.3129
-842.792 -3413.3 373.064 290148 3.3129
-842.754 -3412.63 373.088 290148 3.3129
-842.715 -3411.97 373.111 290148 3.31444
-842.676 -3411.29 373.135 290148 3.31444
-842.637 -3410.62 373.159 290148 3.31444
-842.598 -3409.95 373.183 290148 3.35888
-842.559 -3409.28 373.207 290148 3.68133
-842.516 -3408.61 373.231 290148 3.68133
-842.473 -3407.93 373.254 290148 3.67815
-842.43 -3407.28 373.278 290148 3.67815
-842.388 -3406.62 373.301 290148 3.67815
-842.346 -3405.96 373.324 290148 3.67815
-842.304 -3405.3 373.347 290148 3.67815
-842.261 -3404.65 373.371 290148 3.67815
-842.219 -3403.99 373.394 290148 3.67109
-842.179 -3403.36 373.416 290148 3.67109
-842.138 -3402.73 373.438 290148 3.67109
-842.098 -3402.11 373.461 290148 3.67109
-842.058 -3401.48 373.483 290148 3.67109
-842.018 -3400.85 373.505 290148 3.67109
-841.977 -3400.22 373.527 290148 3.77639
-841.937 -3399.6 373.549 290148 3.77639
-841.896 -3398.99 373.571 290148 3.77639
-841.855 -3398.37 373.593 290148 3.77639
-841.814 -3397.75 373.615 290148 3.77639
-841.774 -3397.14 373.636 290148 3.77639
-841.733 -3396.52 373.658 290148 3.8734
-841.69 -3395.89 373.68 290148 3.8734
-841.648 -3395.27 373.703 290148 3.8734
-841.605 -3394.64 373.725 290148 3.8734
-841.563 -3394.01 373.747 290148 3.8734
-841.52 -3393.38 373.769 290148 4.2252
-841.474 -3392.75 373.792 290148 4.24743
-841.425 -3392.1 373.815 290148 4.24743
-841.376 -3391.44 373.838 290148 4.24743
-841.327 -3390.78 373.862 290148 4.24743
-841.279 -3390.12 373.885 290148 4.24743
-841.23 -3389.47 373.909 290148 4.24743
-841.181 -3388.81 373.932 290148 4.24168
-841.131 -3388.14 373.956 290148 4.24168
-841.081 -3387.46 373.98 290148 4.24168
-841.032 -3386.79 374.004 290148 4.24168
-840.982 -3386.12 374.028 290148 4.24168
-840.932 -3385.45 374.052 290148 4.24168
-840.882 -3384.78 374.076 290148 4.24692
-840.833 -3384.11 374.099 290148 4.24692
-840.783 -3383.45 374.123 290148 4.24692
-840.734 -3382.78 374.147 290148 4.24692
-840.685 -3382.12 374.17 290148 4.24692
-840.635 -3381.46 374.194 290148 4.24692
-840.586 -3380.79 374.218 290148 4.24219
-840.537 -3380.13 374.241 290148 4.24219
-840.488 -3379.46 374.265 290148 4.24219
-840.438 -3378.8 374.289 290148 4.24219
-840.389 -3378.14 374.312 290148 4.24219
-840.34 -3377.47 374.336 290148 4.54536
-840.287 -3376.81 374.36 290148 4.62236
-840.233 -3376.14 374.384 290148 4.62236
-840.18 -3375.48 374.408 290148 4.62236
-840.126 -3374.81 374.432 290148 4.62236
-840.072 -3374.15 374.456 290148 4.62236
-840.018 -3373.48 374.481 290148 4.62236
-839.964 -3372.81 374.505 290148 4.6174
-839.91 -3372.15 374.529 290148 4.6174
-839.856 -3371.48 374.553 290148 4.6174
-839.802 -3370.81 374.577 290148 4.6174
-839.748 -3370.14 374.602 290148 4.6174
-839.694 -3369.47 374.626 290148 4.6174
-839.64 -3368.8 374.65 290148 4.62246
-839.586 -3368.14 374.674 290148 4.62246
-839.533 -3367.47 374.698 290148 4.62246
-839.479 -3366.81 374.723 290148 4.62246
-839.425 -3366.15 374.747 290148 4.62246
-839.372 -3365.48 374.771 290148 4.62246
-839.318 -3364.82 374.795 290148 4.70237
-839.265 -3364.17 374.818 290148 4.70237
-839.212 -3363.52 374.842 290148 4.70237
-839.158 -3362.88 374.865 290148 4.70237
-839.105 -3362.23 374.889 290148 4.70237
-839.052 -3361.59 374.912 290148 4.9424
-838.996 -3360.94 374.936 290148 4.91368
-838.943 -3360.32 374.959 290148 4.91368
-838.89 -3359.7 374.982 290148 4.91368
-838.836 -3359.08 375.005 290148 4.91368
-838.783 -3358.46 375.029 290148 4.91368
-838.729 -3357.84 375.052 290148 4.91368
-838.676 -3357.21 375.075 290148 5.0012
-838.622 -3356.6 375.098 290148 5.0012
-838.569 -3355.99 375.121 290148 5.0012
-838.515 -3355.38 375.144 290148 5.0012
-838.462 -3354.77 375.166 290148 5.0012
-838.408 -3354.16 375.189 290148 5.0012
-838.355 -3353.55 375.212 290148 5.00043
-838.301 -3352.92 375.235 290148 5.00043
-838.246 -3352.3 375.259 290148 5.00043
-838.192 -3351.68 375.282 290148 5.00043
-838.137 -3351.06 375.305 290148 5.00043
-838.083 -3350.44 375.328 290148 5.00043
-838.028 -3349.81 375.352 290148 4.99957
-837.973 -3349.18 375.375 290148 4.99957
-837.918 -3348.55 375.399 290148 4.99957
-837.862 -3347.91 375.423 290148 4.99957
-837.807 -3347.28 375.446 290148 4.99957
-837.751 -3346.65 375.47 290148 4.99957
-837.696 -3346.01 375.494 290148 5.08121
-837.64 -3345.39 375.517 290148 5.44788
-837.581 -3344.76 375.541 290148 5.46529
-837.521 -3344.14 375.566 290148 5.46529
-837.461 -3343.51 375.59 290148 5.46529
-837.401 -3342.88 375.614 290148 5.46529
-837.341 -3342.26 375.639 290148 5.39731
-837.285 -3341.67 375.662 290148 5.39731
-837.229 -3341.07 375.685 290148 5.39731
-837.173 -3340.48 375.708 290148 5.39731
-837.117 -3339.88 375.731 290148 5.39731
-837.061 -3339.29 375.754 290148 5.39731
-837.005 -3338.7 375.777 290148 5.28217
-836.953 -3338.13 375.799 290148 5.28216
-836.901 -3337.57 375.821 290148 5.28216
-836.849 -3337.01 375.843 290148 5.28217
-836.797 -3336.45 375.864 290148 5.28217
-836.745 -3335.89 375.886 290148 5.28217
-836.693 -3335.33 375.908 290148 5.37894
-836.641 -3334.78 375.929 290148 5.37894
-836.589 -3334.23 375.951 290148 5.37894
-836.538 -3333.68 375.972 290148 5.37894
-836.486 -3333.13 375.994 290148 5.37894
-836.434 -3332.58 376.015 290148 5.37894
-836.382 -3332.03 376.036 290148 5.16647
-836.331 -3331.45 376.058 290148 5.16647
-836.279 -3330.88 376.081 290148 5.16647
-836.227 -3330.31 376.103 290148 5.16647
-836.176 -3329.74 376.125 290148 5.30298
-836.123 -3329.17 376.148 290148 5.55473
-836.067 -3328.6 376.171 290148 5.89374
-836.005 -3327.99 376.196 290148 5.89374
-835.942 -3327.39 376.22 290148 5.89374
-835.879 -3326.78 376.245 290148 5.89374
-835.817 -3326.17 376.27 290148 5.89374
-835.754 -3325.56 376.295 290148 5.89374
-835.691 -3324.96 376.32 290148 5.85304
-835.627 -3324.33 376.345 290148 5.85304
-835.563 -3323.7 376.371 290148 5.85304
-835.498 -3323.07 376.396 290148 5.85304
-835.434 -3322.45 376.422 290148 5.85304
-835.37 -3321.82 376.448 290148 5.85304
-835.305 -3321.19 376.473 290148 5.77269
-835.242 -3320.57 376.499 290148 5.77269
-835.179 -3319.95 376.524 290148 5.77269
-835.116 -3319.33 376.55 290148 5.77269
-835.054 -3318.7 376.575 290148 5.77269
-834.991 -3318.08 376.6 290148 5.77269
-834.928 -3317.46 376.626 290148 5.77343
-834.866 -3316.85 376.651 290148 5.77343
-834.804 -3316.23 376.676 290148 5.77343
-834.742 -3315.62 376.701 290148 5.77343
-834.68 -3315.01 376.726 290148 5.77343
-834.618 -3314.4 376.751 290148 5.77343
-834.556 -3313.78 376.776 290148 5.83189
-834.493 -3313.16 376.801 290148 6.07843
-834.427 -3312.55 376.828 290148 6.07843
-834.361 -3311.93 376.855 290148 6.07843
-834.295 -3311.31 376.882 290148 6.07843
-834.229 -3310.69 376.908 290148 6.07843
-834.163 -3310.07 376.935 290148 6.24703
-834.093 -3309.42 376.963 290148 6.24703
-834.022 -3308.78 376.991 290148 6.24703
-833.952 -3308.14 377.019 290148 6.24703
-833.881 -3307.49 377.046 290148 6.24703
-833.811 -3306.85 377.074 290148 6.24703
-833.74 -3306.2 377.102 290148 6.16709
-833.669 -3305.54 377.131 290148 6.16709
-833.597 -3304.88 377.159 290148 6.16709
-833.525 -3304.22 377.188 290148 6.16709
-833.454 -3303.55 377.217 290148 6.16709
-833.382 -3302.89 377.245 290148 6.16709
-833.311 -3302.23 377.274 290148 6.16203
-833.239 -3301.56 377.303 290148 6.16203
-833.167 -3300.89 377.331 290148 6.16203
-833.095 -3300.23 377.36 290148 6.16203
-833.023 -3299.56 377.389 290148 6.16203
-832.951 -3298.89 377.418 290148 6.16203
-832.879 -3298.23 377.447 290148 6.16699
-832.807 -3297.56 377.475 290148 6.47996
-832.732 -3296.9 377.505 290148 6.56354
-832.655 -3296.24 377.536 290148 6.56354
-832.579 -3295.57 377.566 290148 6.56354
-832.503 -3294.91 377.597 290148 6.56354
-832.426 -3294.25 377.627 290148 6.55892
-832.35 -3293.59 377.658 290148 6.55892
-832.274 -3292.93 377.688 290148 6.55892
-832.198 -3292.26 377.718 290148 6.55892
-832.122 -3291.6 377.749 290148 6.55892
-832.046 -3290.94 377.779 290148 6.55892
-831.97 -3290.28 377.81 290148 6.56366
-831.894 -3289.62 377.84 290148 6.56366
-831.818 -3288.96 377.87 290148 6.56366
-831.742 -3288.3 377.901 290148 6.56366
-831.666 -3287.64 377.931 290148 6.56366
-831.59 -3286.97 377.962 290148 6.56366
-831.514 -3286.31 377.992 290148 6.55888
-831.438 -3285.65 378.023 290148 6.55888
-831.362 -3284.99 378.053 290148 6.55888
-831.286 -3284.33 378.083 290148 6.55888
-831.209 -3283.67 378.114 290148 6.55888
-831.133 -3283 378.144 290148 6.55888
-831.057 -3282.34 378.175 290148 6.55886
-830.981 -3281.68 378.205 290148 6.82513
-830.902 -3281.02 378.237 290148 6.95947
-830.821 -3280.36 378.269 290148 6.95947
-830.741 -3279.7 378.302 290148 6.95947
-830.66 -3279.04 378.335 290148 6.95947
-830.579 -3278.37 378.367 290148 6.9643
-830.498 -3277.71 378.4 290148 6.9643
-830.418 -3277.05 378.432 290148 6.9643
-830.337 -3276.39 378.465 290148 6.9643
-830.256 -3275.73 378.497 290148 6.9643
-830.176 -3275.07 378.53 290148 6.9643
-830.095 -3274.41 378.562 290148 6.95949
-830.014 -3273.75 378.595 290148 6.95949
-829.934 -3273.09 378.627 290148 6.95949
-829.853 -3272.43 378.66 290148 6.95949
-829.772 -3271.77 378.692 290148 6.95949
-829.692 -3271.11 378.725 290148 6.95949
-829.611 -3270.45 378.757 290148 6.95949
-829.53 -3269.78 378.79 290148 6.95949
-829.45 -3269.12 378.822 290148 6.95949
-829.369 -3268.46 378.855 290148 6.95949
-829.288 -3267.8 378.887 290148 6.95949
-829.208 -3267.14 378.92 290148 6.95949
-829.127 -3266.48 378.952 290148 6.96427
-829.046 -3265.82 378.985 290148 6.96427
-829.041 -3265.77 378.984 300148 7.16825
-828.957 -3265.11 379.014 300148 7.16825
-828.874 -3264.45 379.044 300148 7.16825
-828.791 -3263.79 379.074 300148 7.16825
-828.708 -3263.13 379.103 300148 7.16365
-828.625 -3262.47 379.133 300148 7.16365
-828.543 -3261.81 379.163 300148 7.16365
-828.46 -3261.15 379.193 300148 7.16365
-828.377 -3260.49 379.222 300148 7.16365
-828.295 -3259.84 379.252 300148 7.16365
-828.212 -3259.18 379.282 300148 7.16809
-828.128 -3258.52 379.312 300148 7.16809
-828.045 -3257.85 379.342 300148 7.16809
-827.962 -3257.19 379.372 300148 7.16809
-827.878 -3256.53 379.402 300148 7.16809
-827.795 -3255.86 379.432 300148 7.16809
-827.712 -3255.2 379.462 300148 7.16267
-827.627 -3254.53 379.492 300148 7.16267
-827.542 -3253.85 379.523 300148 7.16267
-827.458 -3253.18 379.553 300148 7.16267
-827.373 -3252.51 379.584 300148 7.16267
-827.288 -3251.83 379.614 300148 7.16267
-827.204 -3251.16 379.645 300148 7.10646
-827.119 -3250.48 379.675 300148 7.10646
-827.035 -3249.81 379.706 300148 7.10646
-826.951 -3249.13 379.736 300148 7.10646
-826.866 -3248.45 379.767 300148 7.44677
-826.778 -3247.78 379.799 300148 7.52001
-826.688 -3247.1 379.83 300148 7.51993
-826.6 -3246.43 379.862 300148 7.51993
-826.511 -3245.75 379.893 300148 7.51993
-826.422 -3245.08 379.925 300148 7.51993
-826.333 -3244.41 379.957 300148 7.51993
-826.245 -3243.74 379.988 300148 7.51993
-826.156 -3243.06 380.02 300148 7.51495
-826.069 -3242.4 380.051 300148 7.51495
-825.981 -3241.74 380.082 300148 7.51495
-825.894 -3241.08 380.113 300148 7.51495
-825.806 -3240.41 380.144 300148 7.51495
-825.719 -3239.75 380.175 300148 7.51495
-825.632 -3239.09 380.206 300148 7.51482
-825.545 -3238.43 380.237 300148 7.51482
-825.458 -3237.77 380.268 300148 7.51482
-825.371 -3237.12 380.299 300148 7.51482
-825.284 -3236.46 380.33 300148 7.51482
-825.198 -3235.8 380.361 300148 7.51482
-825.111 -3235.14 380.392 300148 7.51489
-825.024 -3234.48 380.423 300148 7.51489
-824.937 -3233.82 380.454 300148 7.51489
-824.85 -3233.16 380.485 300148 7.51489
-824.762 -3232.5 380.516 300148 7.51489
-824.675 -3231.84 380.547 300148 7.51489
-824.588 -3231.18 380.578 300148 7.54212
-824.501 -3230.52 380.609 300148 7.92958
-824.409 -3229.86 380.641 300148 7.92958
-824.317 -3229.2 380.673 300148 7.92958
-824.225 -3228.54 380.705 300148 7.92958
-824.133 -3227.88 380.737 300148 7.92958
-824.041 -3227.22 380.769 300148 7.93432
-823.95 -3226.56 380.8 300148 7.93432
-823.858 -3225.91 380.832 300148 7.93432
-823.766 -3225.25 380.864 300148 7.93432
-823.674 -3224.59 380.896 300148 7.93432
-823.583 -3223.93 380.928 300148 7.93432
-823.491 -3223.27 380.96 300148 7.92943
-823.4 -3222.62 380.992 300148 7.92943
-823.308 -3221.96 381.023 300148 7.92943
-823.217 -3221.31 381.055 300148 7.92943
-823.126 -3220.65 381.087 300148 7.92943
-823.035 -3220 381.118 300148 7.92943
-822.944 -3219.34 381.15 300148 7.92476
-822.852 -3218.68 381.182 300148 7.92476
-822.76 -3218.03 381.214 300148 7.92476
-822.668 -3217.37 381.246 300148 7.92476
-822.577 -3216.71 381.278 300148 7.92476
-822.485 -3216.05 381.31 300148 7.92476
-822.393 -3215.39 381.342 300148 7.8556
-822.3 -3214.71 381.374 300148 7.8556
-822.206 -3214.04 381.407 300148 7.8556
-822.113 -3213.36 381.44 300148 7.93566
-822.019 -3212.68 381.473 300148 8.27137
-821.92 -3212 381.507 300148 8.27137
-821.822 -3211.33 381.54 300148 8.41833
-821.718 -3210.63 381.575 300148 8.41833
-821.614 -3209.92 381.61 300148 8.41833
-821.51 -3209.22 381.645 300148 8.41833
-821.407 -3208.52 381.68 300148 8.41833
-821.303 -3207.82 381.714 300148 8.41833
-821.199 -3207.12 381.749 300148 8.34684
-821.094 -3206.4 381.785 300148 8.34684
-820.989 -3205.69 381.82 300148 8.34684
-820.884 -3204.97 381.856 300148 8.34684
-820.779 -3204.26 381.891 300148 8.34684
-820.675 -3203.54 381.927 300148 8.34684
-820.57 -3202.83 381.962 300148 8.41843
-820.466 -3202.13 381.997 300148 8.41843
-820.362 -3201.43 382.032 300148 8.41843
-820.259 -3200.73 382.066 300148 8.41843
-820.155 -3200.03 382.101 300148 8.41843
-820.052 -3199.33 382.136 300148 8.41843
-819.948 -3198.63 382.171 300148 8.27059
-819.85 -3197.96 382.204 300148 8.27059
-819.753 -3197.29 382.237 300148 8.27059
-819.655 -3196.62 382.271 300148 8.27059
-819.558 -3195.94 382.304 300148 8.27059
-819.46 -3195.27 382.337 300148 8.56367
-819.359 -3194.6 382.371 300148 8.7669
-819.258 -3193.95 382.404 300148 8.7669
-819.157 -3193.29 382.437 300148 8.7669
-819.056 -3192.64 382.471 300148 8.7669
-818.955 -3191.98 382.504 300148 8.7669
-818.854 -3191.32 382.537 300148 8.7669
-818.752 -3190.67 382.57 300148 8.56569
-818.651 -3190 382.604 300148 8.56569
-818.55 -3189.32 382.638 300148 8.56569
-818.449 -3188.65 382.672 300148 8.56569
-818.348 -3187.98 382.706 300148 8.56569
-818.247 -3187.31 382.74 300148 8.56569
-818.146 -3186.64 382.774 300148 8.66346
-818.036 -3185.92 382.811 300148 8.66346
-817.926 -3185.2 382.847 300148 8.66346
-817.816 -3184.48 382.883 300148 8.66346
-817.706 -3183.75 382.92 300148 8.66346
-817.596 -3183.03 382.956 300148 8.66347
-817.486 -3182.31 382.993 300148 8.85589
-817.368 -3181.55 383.031 300148 8.85589
-817.25 -3180.79 383.07 300148 8.85589
-817.132 -3180.04 383.108 300148 8.85589
-817.013 -3179.28 383.147 300148 8.85589
-816.895 -3178.52 383.185 300148 8.85589
-816.777 -3177.76 383.223 300148 9.13089
-816.648 -3176.96 383.264 300148 9.34394
-816.516 -3176.15 383.306 300148 9.34394
-816.384 -3175.35 383.347 300148 9.34394
-816.252 -3174.55 383.388 300148 9.34394
-816.12 -3173.75 383.429 300148 9.34394
-815.988 -3172.94 383.47 300148 9.18008
-815.854 -3172.12 383.513 300148 9.18008
-815.721 -3171.29 383.555 300148 9.18008
-815.588 -3170.47 383.597 300148 9.18008
-815.454 -3169.64 383.64 300148 9.18008
-815.321 -3168.82 383.682 300148 9.18008
-815.188 -3167.99 383.724 300148 9.18023
-815.053 -3167.16 383.767 300148 9.18023
-814.919 -3166.33 383.81 300148 9.18023
-814.784 -3165.5 383.852 300148 9.18023
-814.65 -3164.67 383.895 300148 9.18023
-814.515 -3163.83 383.938 300148 9.18023
-814.381 -3163 383.98 300148 9.18003
-814.248 -3162.18 384.023 300148 9.18003
-814.115 -3161.36 384.065 300148 9.18003
-813.982 -3160.53 384.107 300148 9.18003
-813.849 -3159.71 384.149 300148 9.56598
-813.71 -3158.89 384.192 300148 9.59882
-813.571 -3158.06 384.234 300148 9.66092
-813.435 -3157.26 384.276 300148 9.66092
-813.298 -3156.46 384.317 300148 9.66092
-813.161 -3155.66 384.359 300148 9.66092
-813.025 -3154.86 384.4 300148 9.66092
-812.888 -3154.05 384.442 300148 9.66092
-812.752 -3153.25 384.483 300148 9.53314
-812.621 -3152.47 384.524 300148 9.53314
-812.49 -3151.7 384.564 300148 9.53314
-812.36 -3150.92 384.604 300148 9.53314
-812.229 -3150.14 384.644 300148 9.53314
-812.099 -3149.36 384.685 300148 9.53314
-811.968 -3148.58 384.725 300148 0
