900.989 2663.89 371.273 780148 13.0664
901.012 2663.99 371.273 780148 13.0664
901.035 2664.09 371.273 780148 13.0664
901.058 2664.18 371.273 780148 13.0664
901.081 2664.28 371.273 780148 13.0664
901.104 2664.37 371.273 780148 13.0664
901.127 2664.47 371.273 780148 13.0664
901.143 2664.53 371.273 780148 13.0664
901.159 2664.6 371.273 780148 13.0664
901.175 2664.67 371.273 780148 13.0664
901.19 2664.73 371.273 780148 13.0664
901.206 2664.8 371.273 780148 13.0664
901.221 2664.87 371.273 780148 13.0664
901.23 2664.91 371.273 780148 13.0664
901.239 2664.95 371.273 780148 13.0664
901.248 2664.98 371.274 780148 13.0664
901.257 2665.02 371.274 780148 13.0664
901.266 2665.06 371.274 780148 13.0664
901.275 2665.1 371.274 780148 13.0664
901.278 2665.12 371.274 780148 13.0664
901.281 2665.13 371.274 780148 13.0664
901.283 2665.15 371.274 780148 13.0664
901.286 2665.16 371.274 780148 13.0664
901.289 2665.18 371.274 780148 13.0664
901.292 2665.2 371.274 780148 13.0664
901.293 2665.2 371.274 780148 13.0664
901.293 2665.2 371.274 780148 13.0664
901.294 2665.21 371.274 780148 13.0664
901.295 2665.21 371.274 780148 13.0664
901.295 2665.21 371.274 780148 13.0664
901.296 2665.21 371.274 780148 13.0664
901.296 2665.21 371.274 780148 13.0664
901.296 2665.21 371.274 780148 13.0664
901.296 2665.21 371.274 780148 13.0664
901.296 2665.21 371.274 780148 13.0664
901.296 2665.21 371.274 780148 13.0664
901.296 2665.21 371.274 780148 13.0664
901.296 2665.21 371.274 780148 13.0664
901.296 2665.21 371.274 780148 13.0664
901.296 2665.21 371.274 780148 13.0664
901.296 2665.21 371.274 780148 13.0664
901.296 2665.21 371.274 780148 13.0664
901.296 2665.21 371.274 780148 13.0664
901.296 2665.21 371.274 780148 13.0664
901.296 2665.21 371.274 780148 13.0664
901.296 2665.21 371.274 780148 13.0664
901.296 2665.21 371.274 780148 13.0664
901.296 2665.21 371.274 780148 13.0664
901.296 2665.21 371.274 780148 13.0664
901.296 2665.21 371.274 780148 13.0664
901.296 2665.21 371.274 780148 13.0664
901.296 2665.21 371.274 780148 13.0664
901.296 2665.21 371.274 780148 13.0664
901.296 2665.21 371.274 780148 13.0664
901.296 2665.21 371.274 780148 13.0664
901.296 2665.21 371.274 780148 13.0664
901.296 2665.21 371.274 780148 13.0664
901.296 2665.21 371.274 780148 13.0664
901.296 2665.21 371.274 780148 13.0664
901.296 2665.21 371.274 780148 13.0664
901.296 2665.21 371.274 780148 13.0664
901.296 2665.21 371.274 780148 13.0664
901.296 2665.21 371.274 780148 13.0664
901.296 2665.21 371.274 780148 13.0664
901.296 2665.21 371.274 780148 13.0664
901.296 2665.21 371.274 780148 13.0664
901.296 2665.21 371.274 780148 13.0664
901.296 2665.21 371.274 780148 13.0664
901.296 2665.21 371.274 780148 13.0664
901.296 2665.21 371.274 780148 13.0664
901.296 2665.21 371.274 780148 13.0664
901.296 2665.21 371.274 780148 13.0664
901.296 2665.21 371.274 780148 13.0664
901.296 2665.21 371.274 780148 13.0664
901.296 2665.21 371.274 780148 13.0664
901.296 2665.21 371.274 780148 13.0664
901.296 2665.21 371.274 780148 13.0664
901.296 2665.21 371.274 780148 13.0664
901.296 2665.21 371.274 780148 13.0664
901.296 2665.21 371.274 780148 13.0664
901.296 2665.21 371.274 780148 13.0664
901.296 2665.21 371.274 780148 13.0664
901.296 2665.21 371.274 780148 13.0664
901.296 2665.21 371.274 780148 13.0664
901.296 2665.21 371.274 780148 13.0664
901.296 2665.21 371.274 780148 13.0664
901.296 2665.21 371.274 780148 13.0664
901.296 2665.21 371.274 780148 13.0664
901.296 2665.21 371.274 780148 13.0664
901.296 2665.21 371.274 780148 13.0664
901.296 2665.21 371.274 780148 13.0664
901.296 2665.21 371.274 780148 13.0664
901.296 2665.21 371.274 780148 13.0664
901.296 2665.21 371.274 780148 13.0664
901.296 2665.21 371.274 780148 13.0664
901.296 2665.21 371.274 780148 13.0664
901.296 2665.21 371.274 780148 13.0664
901.296 2665.21 371.274 780148 13.0664
901.296 2665.21 371.274 780148 13.0664
901.296 2665.21 371.274 780148 13.0664
901.296 2665.21 371.274 780148 13.0664
901.296 2665.21 371.274 780148 13.0664
901.296 2665.21 371.274 780148 13.0664
901.296 2665.21 371.274 780148 13.0664
901.296 2665.21 371.274 780148 13.0664
901.296 2665.21 371.274 780148 13.0664
901.296 2665.21 371.274 780148 13.0664
901.296 2665.21 371.274 780148 13.0664
901.296 2665.21 371.274 780148 13.0664
901.296 2665.21 371.274 780148 13.0664
901.296 2665.21 371.274 780148 13.0664
901.296 2665.21 371.274 780148 13.0664
901.296 2665.21 371.274 780148 13.0664
901.296 2665.21 371.274 780148 13.0664
901.296 2665.21 371.274 780148 13.0664
901.296 2665.21 371.274 780148 13.0664
901.296 2665.21 371.274 780148 13.0664
901.296 2665.21 371.274 780148 13.0664
901.296 2665.21 371.274 780148 13.0664
901.296 2665.21 371.274 780148 13.0664
901.296 2665.21 371.274 780148 13.0664
901.296 2665.21 371.274 780148 13.0664
901.296 2665.21 371.274 780148 13.0664
901.296 2665.21 371.274 780148 13.0664
901.296 2665.21 371.274 780148 13.0664
901.296 2665.21 371.274 780148 13.0664
901.296 2665.21 371.274 780148 13.0664
901.296 2665.21 371.274 780148 13.0664
901.296 2665.21 371.274 780148 13.0664
901.296 2665.21 371.274 780148 13.0664
901.296 2665.21 371.274 780148 13.0664
901.296 2665.21 371.274 780148 13.0664
901.296 2665.21 371.274 780148 13.0664
901.296 2665.21 371.274 780148 13.0664
901.296 2665.21 371.274 780148 13.0664
901.296 2665.21 371.274 780148 13.0664
901.296 2665.21 371.274 780148 13.0664
901.296 2665.21 371.274 780148 13.0664
901.296 2665.21 371.274 780148 13.0664
901.296 2665.21 371.274 780148 13.0664
901.296 2665.21 371.274 780148 13.0664
901.296 2665.21 371.274 780148 13.0664
901.296 2665.21 371.274 780148 13.0664
901.296 2665.21 371.274 780148 13.0664
901.296 2665.21 371.274 780148 13.0664
901.296 2665.21 371.274 780148 13.0664
901.296 2665.21 371.274 780148 13.0664
901.296 2665.21 371.274 780148 13.0664
901.296 2665.21 371.274 780148 13.0664
901.296 2665.21 371.274 780148 13.0664
901.296 2665.21 371.274 780148 13.0664
901.296 2665.21 371.274 780148 13.0664
901.296 2665.21 371.274 780148 13.0664
901.296 2665.21 371.274 780148 13.0664
901.296 2665.21 371.274 780148 13.0664
901.296 2665.21 371.274 780148 13.0664
901.296 2665.21 371.274 780148 13.0664
901.296 2665.21 371.274 780148 13.0664
901.296 2665.21 371.274 780148 13.0664
901.296 2665.21 371.274 780148 13.0664
901.296 2665.21 371.274 780148 13.0664
901.296 2665.21 371.274 780148 13.0664
901.296 2665.21 371.274 780148 13.0664
901.296 2665.21 371.274 780148 13.0664
901.296 2665.21 371.274 780148 13.0664
901.296 2665.21 371.274 780148 13.0664
901.296 2665.21 371.274 780148 13.0664
901.296 2665.21 371.274 780148 13.0664
901.296 2665.21 371.274 780148 13.0664
901.296 2665.21 371.274 780148 13.0664
901.296 2665.21 371.274 780148 13.0664
901.296 2665.21 371.274 780148 13.0664
901.296 2665.21 371.274 780148 13.0664
901.296 2665.21 371.274 780148 13.0664
901.296 2665.21 371.274 780148 13.0664
901.296 2665.21 371.274 780148 13.0664
901.296 2665.21 371.274 780148 13.0664
901.296 2665.21 371.274 780148 13.0664
901.296 2665.21 371.274 780148 13.0664
901.296 2665.21 371.274 780148 13.0664
901.296 2665.21 371.274 780148 13.0664
901.296 2665.21 371.274 780148 13.0664
901.296 2665.21 371.274 780148 13.0664
901.296 2665.21 371.274 780148 13.0664
901.296 2665.21 371.274 780148 13.0664
901.296 2665.21 371.274 780148 13.0664
901.296 2665.21 371.274 780148 13.0664
901.296 2665.21 371.274 780148 13.0664
901.296 2665.21 371.274 780148 13.0664
901.296 2665.21 371.274 780148 13.0664
901.296 2665.21 371.274 780148 13.0664
901.296 2665.21 371.274 780148 13.0664
901.296 2665.21 371.274 780148 13.0664
901.296 2665.21 371.274 780148 13.0664
901.296 2665.21 371.274 780148 13.0664
901.296 2665.21 371.274 780148 13.0664
901.296 2665.21 371.274 780148 13.0664
901.296 2665.21 371.274 780148 13.0664
901.296 2665.21 371.274 780148 13.0664
901.296 2665.21 371.274 780148 13.0664
901.296 2665.21 371.274 780148 13.0664
901.296 2665.21 371.274 780148 13.0664
901.296 2665.21 371.274 780148 13.0664
901.296 2665.21 371.274 780148 13.0664
901.296 2665.21 371.274 780148 13.0664
901.296 2665.21 371.274 780148 13.0664
901.296 2665.21 371.274 780148 13.0664
901.296 2665.21 371.274 780148 13.0664
901.296 2665.21 371.274 780148 13.0664
901.296 2665.21 371.274 780148 13.0664
901.296 2665.21 371.274 780148 13.0664
901.296 2665.21 371.274 780148 13.0664
901.296 2665.21 371.274 780148 13.0664
901.296 2665.21 371.274 780148 13.0664
901.296 2665.21 371.274 780148 13.0664
901.296 2665.21 371.274 780148 13.0664
901.296 2665.21 371.274 780148 13.0664
901.296 2665.21 371.274 780148 13.0664
901.296 2665.21 371.274 780148 13.0664
901.296 2665.21 371.274 780148 13.0664
901.296 2665.21 371.274 780148 13.0664
901.296 2665.21 371.274 780148 13.0664
901.296 2665.21 371.274 780148 13.0664
901.296 2665.21 371.274 780148 13.0664
901.296 2665.21 371.274 780148 13.0664
901.296 2665.21 371.274 780148 13.0664
901.296 2665.21 371.274 780148 13.0664
901.296 2665.21 371.274 780148 13.0664
901.296 2665.21 371.274 780148 13.0664
901.296 2665.21 371.274 780148 13.0664
901.296 2665.21 371.274 780148 13.0664
901.296 2665.21 371.274 780148 13.0664
901.296 2665.21 371.274 780148 13.0664
901.296 2665.21 371.274 780148 13.0664
901.296 2665.21 371.274 780148 13.0664
901.296 2665.21 371.274 780148 13.0664
901.296 2665.21 371.274 780148 13.0664
901.296 2665.21 371.274 780148 13.0664
901.296 2665.21 371.274 780148 13.0664
901.296 2665.21 371.274 780148 13.0664
901.296 2665.21 371.274 780148 13.0664
901.296 2665.21 371.274 780148 13.0664
901.296 2665.21 371.274 780148 13.0664
901.296 2665.21 371.274 780148 13.0664
901.296 2665.21 371.274 780148 13.0664
901.296 2665.21 371.274 780148 13.0664
901.296 2665.21 371.274 780148 13.0664
901.296 2665.21 371.274 780148 13.0664
901.296 2665.21 371.274 780148 13.0664
901.296 2665.21 371.274 780148 13.0664
901.296 2665.21 371.274 780148 13.0664
901.296 2665.21 371.274 780148 13.0664
901.296 2665.21 371.274 780148 13.0664
901.296 2665.21 371.274 780148 13.0664
901.296 2665.21 371.274 780148 13.0664
901.296 2665.21 371.274 780148 13.0664
901.296 2665.21 371.274 780148 13.0664
901.296 2665.21 371.274 780148 13.0664
901.296 2665.21 371.274 780148 13.0664
901.296 2665.21 371.274 780148 13.0664
901.296 2665.21 371.274 780148 13.0664
901.296 2665.21 371.274 780148 13.0664
901.296 2665.21 371.274 780148 13.0664
901.296 2665.21 371.274 780148 13.0664
901.296 2665.21 371.274 780148 13.0664
901.296 2665.21 371.274 780148 13.0664
901.296 2665.21 371.274 780148 13.0664
901.296 2665.21 371.274 780148 13.0664
901.296 2665.21 371.274 780148 13.0664
901.296 2665.21 371.274 780148 13.0664
901.296 2665.21 371.274 780148 13.0664
901.296 2665.21 371.274 780148 13.0664
901.296 2665.21 371.274 780148 13.0664
901.296 2665.21 371.274 780148 13.0664
901.296 2665.21 371.274 780148 13.0664
901.296 2665.21 371.274 780148 13.0664
901.296 2665.21 371.274 780148 13.0664
901.296 2665.21 371.274 780148 13.0664
901.296 2665.21 371.274 780148 13.0664
901.296 2665.21 371.274 780148 13.0664
901.296 2665.21 371.274 780148 13.0664
901.296 2665.21 371.274 780148 13.0664
901.296 2665.21 371.274 780148 13.0664
901.296 2665.21 371.274 780148 13.0664
901.296 2665.21 371.274 780148 13.0664
901.296 2665.21 371.274 780148 13.0664
901.296 2665.21 371.274 780148 13.0664
901.296 2665.21 371.274 780148 13.0664
901.296 2665.21 371.274 780148 13.0664
901.296 2665.21 371.274 780148 13.0664
901.296 2665.21 371.274 780148 13.0664
901.296 2665.21 371.274 780148 13.0664
901.296 2665.21 371.274 780148 13.0664
901.296 2665.21 371.274 780148 13.0664
901.296 2665.21 371.274 780148 13.0664
901.296 2665.21 371.274 780148 13.0664
901.296 2665.21 371.274 780148 13.0664
901.296 2665.21 371.274 780148 13.0664
901.296 2665.21 371.274 780148 13.0664
901.296 2665.21 371.274 780148 13.0664
901.296 2665.21 371.274 780148 13.0664
901.296 2665.21 371.274 780148 13.0664
901.296 2665.21 371.274 780148 13.0664
901.296 2665.21 371.274 780148 13.0664
901.296 2665.21 371.274 780148 13.0664
901.296 2665.21 371.274 780148 13.0664
901.296 2665.21 371.274 780148 13.0664
901.296 2665.21 371.274 780148 13.0664
901.296 2665.21 371.274 780148 13.0664
901.296 2665.21 371.274 780148 13.0664
901.296 2665.21 371.274 780148 13.0664
901.296 2665.21 371.274 780148 13.0664
901.296 2665.21 371.274 780148 13.0664
901.296 2665.21 371.274 780148 13.0664
901.296 2665.21 371.274 780148 13.0664
901.296 2665.21 371.274 780148 13.0664
901.296 2665.21 371.274 780148 13.0664
901.296 2665.21 371.274 780148 13.0664
901.296 2665.21 371.274 780148 13.0664
901.296 2665.21 371.274 780148 13.0664
901.296 2665.21 371.274 780148 13.0664
901.296 2665.21 371.274 780148 13.0664
901.296 2665.21 371.274 780148 13.0664
901.296 2665.21 371.274 780148 13.0664
901.296 2665.21 371.274 780148 13.0664
901.296 2665.21 371.274 780148 13.0664
901.296 2665.21 371.274 780148 13.0664
901.296 2665.21 371.274 780148 13.0664
901.296 2665.21 371.274 780148 13.0664
901.296 2665.21 371.274 780148 13.0664
901.296 2665.21 371.274 780148 13.0664
901.296 2665.21 371.274 780148 13.0664
901.296 2665.21 371.274 780148 13.0664
901.296 2665.21 371.274 780148 13.0664
901.296 2665.21 371.274 780148 13.0664
901.296 2665.21 371.274 780148 13.0664
901.296 2665.21 371.274 780148 13.0664
901.296 2665.21 371.274 780148 13.0664
901.296 2665.21 371.274 780148 13.0664
901.296 2665.21 371.274 780148 13.0664
901.296 2665.21 371.274 780148 13.0664
901.296 2665.21 371.274 780148 13.0664
901.296 2665.21 371.274 780148 13.0664
901.296 2665.21 371.274 780148 13.0664
901.296 2665.21 371.274 780148 13.0664
901.296 2665.21 371.274 780148 13.0664
901.296 2665.21 371.274 780148 13.0664
901.296 2665.21 371.274 780148 13.0664
901.296 2665.21 371.274 780148 13.0664
901.296 2665.21 371.274 780148 13.0664
901.296 2665.21 371.274 780148 13.0664
901.296 2665.21 371.274 780148 13.0664
901.296 2665.21 371.274 780148 13.0664
901.296 2665.21 371.274 780148 13.0664
901.296 2665.21 371.274 780148 13.0664
901.296 2665.21 371.274 780148 13.0664
901.296 2665.21 371.274 780148 13.0664
901.296 2665.21 371.274 780148 13.0664
901.296 2665.21 371.274 780148 13.0664
901.296 2665.21 371.274 780148 13.0664
901.296 2665.21 371.274 780148 13.0664
901.296 2665.21 371.274 780148 13.0664
901.296 2665.21 371.274 780148 13.0664
901.296 2665.21 371.274 780148 13.0664
901.296 2665.21 371.274 780148 13.0664
901.296 2665.21 371.274 780148 13.0664
901.296 2665.21 371.274 780148 13.0664
901.296 2665.21 371.274 780148 13.0664
901.296 2665.21 371.274 780148 13.0664
901.296 2665.21 371.274 780148 13.0664
901.296 2665.21 371.274 780148 13.0664
901.296 2665.21 371.274 780148 13.0664
901.296 2665.21 371.274 780148 13.0664
901.296 2665.21 371.274 780148 13.0664
901.296 2665.21 371.274 780148 13.0664
901.296 2665.21 371.274 780148 13.0664
901.296 2665.21 371.274 780148 13.0664
901.296 2665.21 371.274 780148 13.0664
901.296 2665.21 371.274 780148 13.0664
901.296 2665.21 371.274 780148 13.0664
901.296 2665.21 371.274 780148 13.0664
901.296 2665.21 371.274 780148 13.0664
901.296 2665.21 371.274 780148 13.0664
901.296 2665.21 371.274 780148 13.0664
901.296 2665.21 371.274 780148 13.0664
901.296 2665.21 371.274 780148 13.0664
901.296 2665.21 371.274 780148 13.0664
901.296 2665.21 371.274 780148 13.0664
901.296 2665.21 371.274 780148 13.0664
901.296 2665.21 371.274 780148 13.0664
901.296 2665.21 371.274 780148 13.0664
901.296 2665.21 371.274 780148 13.0664
901.296 2665.21 371.274 780148 13.0664
901.296 2665.21 371.274 780148 13.0664
901.296 2665.21 371.274 780148 13.0664
901.296 2665.21 371.274 780148 13.0664
901.296 2665.21 371.274 780148 13.0664
901.296 2665.21 371.274 780148 13.0664
901.296 2665.21 371.274 780148 13.0664
901.296 2665.21 371.274 780148 13.0664
901.296 2665.21 371.274 780148 13.0664
901.296 2665.21 371.274 780148 13.0664
901.296 2665.21 371.274 780148 13.0664
901.296 2665.21 371.274 780148 13.0664
901.296 2665.21 371.274 780148 13.0664
901.296 2665.21 371.274 780148 13.0664
901.296 2665.21 371.274 780148 13.0664
901.296 2665.21 371.274 780148 13.0664
901.296 2665.21 371.274 780148 13.0664
901.296 2665.21 371.274 780148 13.0664
901.296 2665.21 371.274 780148 13.0664
901.296 2665.21 371.274 780148 13.0664
901.296 2665.21 371.274 780148 13.0664
901.296 2665.21 371.274 780148 13.0664
901.296 2665.21 371.274 780148 13.0664
901.296 2665.21 371.274 780148 13.0664
901.296 2665.21 371.274 780148 13.0664
901.296 2665.21 371.274 780148 13.0664
901.296 2665.21 371.274 780148 13.0664
901.296 2665.21 371.274 780148 13.0664
901.296 2665.21 371.274 780148 13.0664
901.296 2665.21 371.274 780148 13.0664
901.296 2665.21 371.274 780148 13.0664
901.296 2665.21 371.274 780148 13.0664
901.296 2665.21 371.274 780148 13.0664
901.296 2665.21 371.274 780148 13.0664
901.296 2665.21 371.274 780148 13.0664
901.296 2665.21 371.274 780148 13.0664
901.296 2665.21 371.274 780148 13.0664
901.296 2665.21 371.274 780148 13.0664
901.296 2665.21 371.274 780148 13.0664
901.296 2665.21 371.274 780148 13.0664
901.296 2665.21 371.274 780148 13.0664
901.296 2665.21 371.274 780148 13.0664
901.296 2665.21 371.274 780148 13.0664
901.296 2665.21 371.274 780148 13.0664
901.296 2665.21 371.274 780148 13.0664
901.296 2665.21 371.274 780148 13.0664
901.296 2665.21 371.274 780148 13.0664
901.296 2665.21 371.274 780148 13.0664
901.296 2665.21 371.274 780148 13.0664
901.296 2665.21 371.274 780148 13.0664
901.296 2665.21 371.274 780148 13.0664
901.296 2665.21 371.274 780148 13.0664
901.296 2665.21 371.274 780148 13.0664
901.296 2665.21 371.274 780148 13.0664
901.296 2665.21 371.274 780148 13.0664
901.296 2665.21 371.274 780148 13.0664
901.296 2665.21 371.274 780148 13.0664
901.296 2665.21 371.274 780148 13.0664
901.296 2665.21 371.274 780148 13.0664
901.296 2665.21 371.274 780148 13.0664
901.296 2665.21 371.274 780148 13.0664
901.296 2665.21 371.274 780148 13.0664
901.296 2665.21 371.274 780148 13.0664
901.296 2665.21 371.274 780148 13.0664
901.296 2665.21 371.274 780148 13.0664
901.296 2665.21 371.274 780148 13.0664
901.296 2665.21 371.274 780148 13.0664
901.296 2665.21 371.274 780148 13.0664
901.296 2665.21 371.274 780148 13.0664
901.296 2665.21 371.274 780148 13.0664
901.296 2665.21 371.274 780148 13.0664
901.296 2665.21 371.274 780148 13.0664
901.296 2665.21 371.274 780148 13.0664
901.296 2665.21 371.274 780148 13.0664
901.296 2665.21 371.274 780148 13.0664
901.296 2665.21 371.274 780148 13.0664
901.296 2665.21 371.274 780148 13.0664
901.296 2665.21 371.274 780148 13.0664
901.296 2665.21 371.274 780148 13.0664
901.296 2665.21 371.274 780148 13.0664
901.296 2665.21 371.274 780148 13.0664
901.296 2665.21 371.274 780148 13.0664
901.296 2665.21 371.274 780148 13.0664
901.296 2665.21 371.274 780148 13.0664
901.296 2665.21 371.274 780148 13.0664
901.296 2665.21 371.274 780148 13.0664
901.296 2665.21 371.274 780148 13.0664
901.296 2665.21 371.274 780148 13.0664
901.296 2665.21 371.274 780148 13.0664
901.296 2665.21 371.274 780148 13.0664
901.296 2665.21 371.274 780148 13.0664
901.296 2665.21 371.274 780148 13.0664
901.296 2665.21 371.274 780148 13.0664
901.296 2665.21 371.274 780148 13.0664
901.296 2665.21 371.274 780148 13.0664
901.296 2665.21 371.274 780148 13.0664
901.296 2665.21 371.274 780148 13.0664
901.296 2665.21 371.274 780148 13.0664
901.296 2665.21 371.274 780148 13.0664
901.296 2665.21 371.274 780148 13.0664
901.296 2665.21 371.274 780148 13.0664
901.296 2665.21 371.274 780148 13.0664
901.296 2665.21 371.274 780148 13.0664
901.296 2665.21 371.274 780148 13.0664
901.296 2665.21 371.274 780148 13.0664
901.296 2665.21 371.274 780148 13.0664
901.296 2665.21 371.274 780148 13.0664
901.296 2665.21 371.274 780148 13.0664
901.296 2665.21 371.274 780148 13.0664
901.296 2665.21 371.274 780148 13.0664
901.296 2665.21 371.274 780148 13.0664
901.296 2665.21 371.274 780148 13.0664
901.296 2665.21 371.274 780148 13.0664
901.296 2665.21 371.274 780148 13.0664
901.296 2665.21 371.274 780148 13.0664
901.296 2665.21 371.274 780148 13.0664
901.296 2665.21 371.274 780148 13.0664
901.296 2665.21 371.274 780148 13.0664
901.296 2665.21 371.274 780148 13.0664
901.296 2665.21 371.274 780148 13.0664
901.296 2665.21 371.274 780148 13.0664
901.296 2665.21 371.274 780148 13.0664
901.296 2665.21 371.274 780148 13.0664
901.296 2665.21 371.274 780148 13.0664
901.296 2665.21 371.274 780148 13.0664
901.296 2665.21 371.274 780148 13.0664
901.296 2665.21 371.274 780148 13.0664
901.296 2665.21 371.274 780148 13.0664
901.296 2665.21 371.274 780148 13.0664
901.296 2665.21 371.274 780148 13.0664
901.296 2665.21 371.274 780148 13.0664
901.296 2665.21 371.274 780148 13.0664
901.296 2665.21 371.274 780148 13.0664
901.296 2665.21 371.274 780148 13.0664
901.296 2665.21 371.274 780148 13.0664
901.296 2665.21 371.274 780148 13.0664
901.296 2665.21 371.274 780148 13.0664
901.296 2665.21 371.274 780148 13.0664
901.296 2665.21 371.274 780148 13.0664
901.296 2665.21 371.274 780148 13.0664
901.296 2665.21 371.274 780148 13.0664
901.296 2665.21 371.274 780148 13.0664
901.296 2665.21 371.274 780148 13.0664
901.296 2665.21 371.274 780148 13.0664
901.296 2665.21 371.274 780148 13.0664
901.296 2665.21 371.274 780148 13.0664
901.296 2665.21 371.274 780148 13.0664
901.296 2665.21 371.274 780148 13.0664
901.296 2665.21 371.274 780148 13.0664
901.296 2665.21 371.274 780148 13.0664
901.296 2665.21 371.274 780148 13.0664
901.296 2665.21 371.274 780148 13.0664
901.296 2665.21 371.274 780148 13.0664
901.296 2665.21 371.274 780148 13.0664
901.296 2665.21 371.274 780148 13.0664
901.296 2665.21 371.274 780148 13.0664
901.296 2665.21 371.274 780148 13.0664
901.296 2665.21 371.274 780148 13.0664
901.296 2665.21 371.274 780148 13.0664
901.296 2665.21 371.274 780148 13.0664
901.296 2665.21 371.274 780148 13.0664
901.296 2665.21 371.274 780148 13.0664
901.296 2665.21 371.274 780148 13.0664
901.296 2665.21 371.274 780148 13.0664
901.296 2665.21 371.274 780148 13.0664
901.296 2665.21 371.274 780148 13.0664
901.296 2665.21 371.274 780148 13.0664
901.296 2665.21 371.274 780148 13.0664
901.296 2665.21 371.274 780148 13.0664
901.296 2665.21 371.274 780148 13.0664
901.296 2665.21 371.274 780148 13.0664
901.296 2665.21 371.274 780148 13.0664
901.296 2665.21 371.274 780148 13.0664
901.296 2665.21 371.274 780148 13.0664
901.296 2665.21 371.274 780148 13.0664
901.296 2665.21 371.274 780148 13.0664
901.296 2665.21 371.274 780148 13.0664
901.296 2665.21 371.274 780148 13.0664
901.296 2665.21 371.274 780148 13.0664
901.296 2665.21 371.274 780148 13.0664
901.296 2665.21 371.274 780148 13.0664
901.296 2665.21 371.274 780148 13.0664
901.296 2665.21 371.274 780148 13.0664
901.296 2665.21 371.274 780148 13.0664
901.296 2665.21 371.274 780148 13.0664
901.296 2665.21 371.274 780148 13.0664
901.296 2665.21 371.274 780148 13.0664
901.296 2665.21 371.274 780148 13.0664
901.296 2665.21 371.274 780148 13.0664
901.296 2665.21 371.274 780148 13.0664
901.296 2665.21 371.274 780148 13.0664
901.296 2665.21 371.274 780148 13.0664
901.296 2665.21 371.274 780148 13.0664
901.296 2665.21 371.274 780148 13.0664
901.296 2665.21 371.274 780148 13.0664
901.296 2665.21 371.274 780148 13.0664
901.296 2665.21 371.274 780148 13.0664
901.296 2665.21 371.274 780148 13.0664
901.296 2665.21 371.274 780148 13.0664
901.296 2665.21 371.274 780148 13.0664
901.296 2665.21 371.274 780148 13.0664
901.296 2665.21 371.274 780148 13.0664
901.296 2665.21 371.274 780148 13.0664
901.296 2665.21 371.274 780148 13.0664
901.296 2665.21 371.274 780148 13.0664
901.296 2665.21 371.274 780148 13.0664
901.296 2665.21 371.274 780148 13.0664
901.296 2665.21 371.274 780148 13.0664
901.296 2665.21 371.274 780148 13.0664
901.296 2665.21 371.274 780148 13.0664
901.296 2665.21 371.274 780148 13.0664
901.296 2665.21 371.274 780148 13.0664
901.296 2665.21 371.274 780148 13.0664
901.296 2665.21 371.274 780148 13.0664
901.296 2665.21 371.274 780148 13.0664
901.296 2665.21 371.274 780148 13.0664
901.296 2665.21 371.274 780148 13.0664
901.296 2665.21 371.274 780148 13.0664
901.296 2665.21 371.274 780148 13.0664
901.296 2665.21 371.274 780148 13.0664
901.296 2665.21 371.274 780148 13.0664
901.296 2665.21 371.274 780148 13.0664
901.296 2665.21 371.274 780148 13.0664
901.296 2665.21 371.274 780148 13.0664
901.296 2665.21 371.274 780148 13.0664
901.296 2665.21 371.274 780148 13.0664
901.296 2665.21 371.274 780148 13.0664
901.296 2665.21 371.274 780148 13.0664
901.296 2665.21 371.274 780148 13.0664
901.296 2665.21 371.274 780148 13.0664
901.296 2665.21 371.274 780148 13.0664
901.296 2665.21 371.274 780148 13.0664
901.296 2665.21 371.274 780148 13.0664
901.296 2665.21 371.274 780148 13.0664
901.296 2665.21 371.274 780148 13.0664
901.296 2665.21 371.274 780148 13.0664
901.296 2665.21 371.274 780148 13.0664
901.296 2665.21 371.274 780148 13.0664
901.296 2665.21 371.274 780148 13.0664
901.296 2665.22 371.274 780148 13.0664
901.295 2665.22 371.274 780148 13.0664
901.295 2665.22 371.274 780148 13.0664
901.295 2665.23 371.274 780148 13.0664
901.295 2665.23 371.274 780148 13.0664
901.294 2665.23 371.274 780148 13.0664
901.302 2665.26 371.274 780148 13.0664
901.309 2665.3 371.274 780148 13.0664
901.317 2665.33 371.274 780148 13.0664
901.324 2665.36 371.274 780148 13.0664
901.332 2665.39 371.274 780148 13.0664
901.339 2665.42 371.274 780148 13.0664
901.354 2665.49 371.274 780148 13.0664
901.369 2665.55 371.274 780148 13.0664
901.384 2665.62 371.274 780148 13.0664
901.399 2665.68 371.274 780148 13.0664
901.413 2665.75 371.274 780148 13.0664
901.428 2665.81 371.274 780148 13.0664
901.451 2665.91 371.274 780148 13.0664
901.473 2666.01 371.274 780148 13.0664
901.496 2666.1 371.274 780148 13.0664
901.518 2666.2 371.274 780148 13.0664
901.54 2666.29 371.275 780148 13.0664
901.563 2666.39 371.275 780148 13.0664
901.592 2666.51 371.275 780148 13.0664
901.621 2666.64 371.275 780148 13.0664
901.65 2666.76 371.275 780148 13.0664
901.679 2666.89 371.275 780148 13.0664
901.708 2667.01 371.275 780148 13.0664
901.737 2667.14 371.275 780148 13.0664
901.772 2667.29 371.275 780148 13.0664
901.808 2667.44 371.275 780148 13.0664
901.843 2667.59 371.276 780148 13.0664
901.879 2667.74 371.276 780148 13.0664
901.914 2667.88 371.276 780148 13.0664
901.95 2668.03 371.276 780148 13.0664
901.988 2668.2 371.276 780148 13.0664
902.026 2668.36 371.276 780148 13.0664
902.064 2668.52 371.276 780148 13.0664
902.102 2668.69 371.276 780148 13.0664
902.14 2668.85 371.277 780148 13.0664
902.178 2669.02 371.277 780148 13.0664
902.217 2669.18 371.277 780148 13.0664
902.256 2669.35 371.277 780148 13.0664
902.294 2669.52 371.277 780148 13.0664
902.333 2669.68 371.277 780148 13.0664
902.372 2669.85 371.277 780148 13.0664
902.411 2670.02 371.277 780148 13.0664
902.449 2670.18 371.278 780148 13.0664
902.487 2670.35 371.278 780148 13.0664
902.525 2670.51 371.278 780148 13.0664
902.563 2670.68 371.278 780148 13.0664
902.601 2670.84 371.278 780148 13.0664
902.639 2671 371.278 780148 13.0664
902.676 2671.17 371.278 780148 13.0664
902.714 2671.33 371.279 780148 13.0664
902.752 2671.49 371.279 780148 13.0664
902.789 2671.65 371.279 780148 13.0664
902.827 2671.81 371.279 780148 13.0664
902.865 2671.98 371.279 780148 13.0664
902.902 2672.14 371.279 780148 13.0664
902.94 2672.3 371.279 780148 13.0664
902.978 2672.46 371.279 780148 13.0664
903.016 2672.63 371.28 780148 13.0664
903.053 2672.79 371.28 780148 13.0664
903.091 2672.95 371.28 780148 13.0664
903.129 2673.12 371.28 780148 13.0664
903.167 2673.28 371.28 780148 13.0664
903.205 2673.44 371.28 780148 13.0664
903.243 2673.61 371.28 780148 13.0664
903.281 2673.77 371.28 780148 13.0664
903.318 2673.93 371.281 780148 13.0664
903.356 2674.09 371.281 780148 13.0664
903.393 2674.25 371.281 780148 13.0664
903.43 2674.42 371.281 780148 13.0664
903.468 2674.58 371.281 780148 13.0664
903.505 2674.74 371.281 780148 13.0664
903.543 2674.9 371.281 780148 13.0664
903.579 2675.06 371.281 780148 13.0664
903.616 2675.21 371.282 780148 13.0664
903.653 2675.37 371.282 780148 13.0664
903.689 2675.53 371.282 780148 13.0664
903.726 2675.69 371.282 780148 13.0664
903.763 2675.85 371.282 780148 13.0664
903.8 2676.01 371.282 780148 13.0664
903.838 2676.17 371.282 780148 13.0664
903.876 2676.33 371.282 780148 13.0664
903.913 2676.5 371.283 780148 13.0664
903.951 2676.66 371.283 780148 13.0664
903.988 2676.82 371.283 780148 13.0664
904.03 2677 371.283 780148 13.0664
904.071 2677.18 371.283 780148 13.0664
904.112 2677.36 371.283 780148 13.0664
904.153 2677.55 371.283 780148 13.0664
904.194 2677.73 371.284 780148 13.0664
904.234 2677.91 371.284 780148 13.0664
904.281 2678.12 371.284 780148 13.0664
904.328 2678.33 371.285 780148 13.0664
904.376 2678.53 371.285 780148 13.0664
904.423 2678.74 371.286 780148 13.0664
904.47 2678.95 371.286 780148 13.0664
904.518 2679.16 371.286 780148 13.0664
904.566 2679.37 371.287 780148 13.0664
904.615 2679.58 371.287 780148 13.0664
904.664 2679.8 371.288 780148 13.0664
904.713 2680.01 371.288 780148 13.0664
904.762 2680.23 371.288 780148 13.0664
904.811 2680.44 371.289 780148 13.0664
904.855 2680.63 371.289 780148 13.0664
904.9 2680.81 371.289 780148 13.0664
904.945 2681 371.29 780148 13.0664
904.989 2681.19 371.29 780148 13.0664
905.034 2681.38 371.29 780148 13.0664
905.079 2681.57 371.291 780148 13.0664
905.109 2681.71 371.291 780148 13.0664
905.14 2681.85 371.291 780148 13.0664
905.17 2681.99 371.292 780148 13.0664
905.201 2682.13 371.292 780148 13.0664
905.231 2682.27 371.292 780148 13.0664
905.262 2682.42 371.292 780148 13.0664
905.283 2682.52 371.293 780148 13.0664
905.304 2682.62 371.293 780148 13.0664
905.325 2682.72 371.293 780148 13.0664
905.346 2682.82 371.293 780148 13.0664
905.368 2682.92 371.293 780148 13.0664
905.389 2683.02 371.294 780148 13.0664
905.402 2683.09 371.294 780148 13.0664
905.416 2683.15 371.294 780148 13.0664
905.43 2683.22 371.294 780148 13.0664
905.443 2683.28 371.294 780148 13.0664
905.457 2683.35 371.294 780148 13.0664
905.47 2683.41 371.294 780148 13.0664
905.481 2683.46 371.294 780148 13.0664
905.492 2683.51 371.294 780148 13.0664
905.502 2683.56 371.295 780148 13.0664
905.513 2683.6 371.295 780148 13.0664
905.524 2683.65 371.295 780148 13.0664
905.535 2683.7 371.295 780148 13.0664
905.546 2683.75 371.295 780148 13.0664
905.557 2683.8 371.295 780148 13.0664
905.568 2683.85 371.295 780148 13.0664
905.579 2683.9 371.295 780148 13.0664
905.59 2683.95 371.295 780148 13.0664
905.602 2684 371.295 780148 13.0664
905.616 2684.07 371.296 780148 13.0664
905.631 2684.14 371.296 780148 13.0664
905.645 2684.21 371.296 780148 13.0664
905.66 2684.28 371.296 780148 13.0664
905.674 2684.35 371.296 780148 13.0664
905.689 2684.42 371.296 780148 13.0664
905.711 2684.51 371.296 780148 13.0664
905.732 2684.6 371.297 780148 13.0664
905.754 2684.7 371.297 780148 13.0664
905.776 2684.79 371.297 780148 13.0664
905.798 2684.88 371.297 780148 13.0664
905.82 2684.97 371.297 780148 13.0664
905.844 2685.08 371.297 780148 13.0664
905.868 2685.19 371.298 780148 13.0664
905.892 2685.3 371.298 780148 13.0664
905.916 2685.4 371.298 780148 13.0664
905.94 2685.51 371.298 780148 13.0664
905.964 2685.62 371.298 780148 13.0664
905.988 2685.73 371.299 780148 13.0664
906.013 2685.84 371.299 780148 13.0664
906.037 2685.95 371.299 780148 13.0664
906.061 2686.06 371.299 780148 13.0664
906.086 2686.16 371.299 780148 13.0664
906.11 2686.27 371.3 780148 13.0664
906.134 2686.38 371.3 780148 13.0664
906.159 2686.49 371.3 780148 13.0664
906.183 2686.6 371.3 780148 13.0664
906.208 2686.71 371.3 780148 13.0664
906.232 2686.82 371.301 780148 13.0664
906.257 2686.93 371.301 780148 13.0664
906.284 2687.05 371.301 780148 13.0664
906.311 2687.18 371.301 780148 13.0664
906.338 2687.3 371.302 780148 13.0664
906.364 2687.43 371.302 780148 13.0664
906.391 2687.55 371.302 780148 13.0664
906.418 2687.68 371.302 780148 13.0664
906.452 2687.82 371.303 780148 13.0664
906.486 2687.97 371.303 780148 13.0664
906.52 2688.12 371.303 780148 13.0664
906.553 2688.26 371.303 780148 13.0664
906.587 2688.41 371.304 780148 13.0664
906.621 2688.56 371.304 780148 13.0664
906.657 2688.72 371.304 780148 13.0664
906.694 2688.88 371.305 780148 13.0664
906.73 2689.05 371.305 780148 13.0664
906.767 2689.21 371.305 780148 13.0664
906.803 2689.37 371.305 780148 13.0664
906.84 2689.54 371.306 780148 13.0664
906.877 2689.7 371.306 780148 13.0664
906.915 2689.87 371.306 780148 13.0664
906.952 2690.04 371.307 780148 13.0664
906.99 2690.21 371.307 780148 13.0664
907.027 2690.37 371.307 780148 13.0664
907.065 2690.54 371.308 780148 13.0664
907.101 2690.71 371.308 780148 13.0664
907.136 2690.87 371.309 780148 13.0664
907.172 2691.04 371.309 780148 13.0664
907.207 2691.2 371.31 780148 13.0664
907.243 2691.37 371.31 780148 13.0664
907.278 2691.53 371.311 780148 13.0664
907.313 2691.69 371.311 780148 13.0664
907.348 2691.86 371.312 780148 13.0664
907.383 2692.02 371.312 780148 13.0664
907.418 2692.18 371.313 780148 13.0664
907.453 2692.34 371.313 780148 13.0664
907.488 2692.51 371.314 780148 13.0664
907.523 2692.67 371.314 780148 13.0664
907.559 2692.83 371.315 780148 13.0664
907.594 2693 371.315 780148 13.0664
907.629 2693.16 371.316 780148 13.0664
907.664 2693.32 371.316 780148 13.0664
907.699 2693.49 371.317 780148 13.0664
907.734 2693.65 371.317 780148 13.0664
907.769 2693.81 371.318 780148 13.0664
907.804 2693.98 371.318 780148 13.0664
907.84 2694.14 371.319 780148 13.0664
907.875 2694.3 371.319 780148 13.0664
907.91 2694.47 371.32 780148 13.0664
907.945 2694.63 371.32 780148 13.0664
907.98 2694.79 371.321 780148 13.0664
908.016 2694.96 371.321 780148 13.0664
908.051 2695.12 371.322 780148 13.0664
908.086 2695.28 371.322 780148 13.0664
908.121 2695.45 371.323 780148 13.0664
908.156 2695.61 371.323 780148 13.0664
908.191 2695.77 371.324 780148 13.0664
908.226 2695.93 371.324 780148 13.0664
908.261 2696.1 371.325 780148 13.0664
908.296 2696.26 371.325 780148 13.0664
908.331 2696.42 371.326 780148 13.0664
908.365 2696.58 371.326 780148 13.0664
908.399 2696.74 371.327 780148 13.0664
908.433 2696.89 371.327 780148 13.0664
908.467 2697.05 371.328 780148 13.0664
908.501 2697.21 371.328 780148 13.0664
908.535 2697.37 371.329 780148 13.0664
908.569 2697.53 371.329 780148 13.0664
908.604 2697.69 371.33 780148 13.0664
908.638 2697.85 371.33 780148 13.0664
908.673 2698.01 371.331 780148 13.0664
908.708 2698.17 371.331 780148 13.0664
908.742 2698.33 371.332 780148 13.0664
908.779 2698.51 371.332 780148 13.0664
908.816 2698.7 371.333 780148 13.0664
908.852 2698.88 371.334 780148 13.0664
908.889 2699.06 371.334 780148 13.0664
908.926 2699.24 371.335 780148 13.0664
908.962 2699.42 371.335 780148 13.0664
909.01 2699.65 371.336 780148 13.0664
909.057 2699.87 371.337 780148 13.0664
909.105 2700.1 371.337 780148 13.0664
909.152 2700.32 371.338 780148 13.0664
909.199 2700.55 371.339 780148 13.0664
909.247 2700.78 371.339 780148 13.0664
909.305 2701.04 371.34 780148 13.0664
909.363 2701.3 371.341 780148 13.0664
909.421 2701.57 371.342 780148 13.0664
909.479 2701.83 371.343 780148 13.0664
909.537 2702.1 371.344 780148 13.0664
909.595 2702.36 371.344 780148 13.0664
909.664 2702.67 371.345 780148 13.0664
909.733 2702.98 371.346 780148 13.0664
909.801 2703.29 371.347 780148 13.0664
909.87 2703.59 371.348 780148 13.0664
909.936 2703.9 371.35 780148 13.0664
910.003 2704.21 371.351 780148 13.0664
910.071 2704.54 371.353 780148 13.0664
910.139 2704.87 371.354 780148 13.0664
910.207 2705.2 371.356 780148 13.0664
910.275 2705.53 371.357 780148 13.0664
910.343 2705.86 371.358 780148 13.0664
910.411 2706.19 371.36 780148 13.0664
910.48 2706.52 371.361 780148 13.0664
910.548 2706.85 371.363 780148 13.0664
910.617 2707.19 371.365 780148 13.0664
910.686 2707.52 371.366 780148 13.0664
910.754 2707.85 371.368 780148 13.0664
910.823 2708.18 371.369 780148 13.0664
910.891 2708.51 371.371 780148 13.0664
910.959 2708.84 371.372 780148 13.0664
911.027 2709.17 371.373 780148 13.0664
911.095 2709.5 371.375 780148 13.0664
911.163 2709.83 371.376 780148 13.0664
911.231 2710.16 371.378 780148 13.0664
911.298 2710.48 371.379 780148 13.0664
911.366 2710.81 371.381 780148 13.0664
911.433 2711.13 371.382 780148 13.0664
911.5 2711.46 371.384 780148 13.0664
911.567 2711.78 371.385 780148 13.0664
911.634 2712.11 371.387 780148 13.0664
911.701 2712.43 371.388 780148 13.0664
911.767 2712.75 371.39 780148 13.0664
911.833 2713.07 371.391 780148 13.0664
911.9 2713.39 371.393 780148 13.0664
911.966 2713.72 371.394 780148 13.0664
912.033 2714.04 371.396 780148 13.0664
912.1 2714.36 371.397 780148 13.0664
912.167 2714.69 371.399 780148 13.0664
912.234 2715.01 371.4 780148 13.0664
912.301 2715.34 371.401 780148 13.0664
912.368 2715.66 371.403 780148 13.0664
912.436 2715.99 371.404 780148 13.0664
912.505 2716.33 371.406 780148 13.0664
912.452 2716.08 371.404 790148 13.0664
912.517 2716.42 371.406 790148 13.0664
912.583 2716.77 371.408 790148 13.0664
912.648 2717.12 371.41 790148 13.0664
912.713 2717.46 371.411 790148 13.0664
912.788 2717.85 371.413 790148 13.0664
912.863 2718.24 371.415 790148 13.0664
912.938 2718.64 371.417 790148 13.0664
913.013 2719.03 371.419 790148 13.0664
913.088 2719.42 371.421 790148 13.0664
913.163 2719.81 371.424 790148 13.0664
913.247 2720.24 371.426 790148 13.0664
913.332 2720.67 371.428 790148 13.0664
913.417 2721.09 371.43 790148 13.0664
913.502 2721.52 371.432 790148 13.0664
913.587 2721.95 371.435 790148 13.0664
913.672 2722.38 371.437 790148 13.0664
913.766 2722.85 371.439 790148 13.0664
913.861 2723.33 371.442 790148 13.0664
913.956 2723.8 371.444 790148 13.0664
914.051 2724.28 371.447 790148 13.0664
914.145 2724.75 371.449 790148 13.0664
914.24 2725.22 371.451 790148 11.036
914.336 2725.72 371.454 790148 11.036
914.433 2726.21 371.457 790148 11.036
914.529 2726.71 371.459 790148 11.036
914.625 2727.2 371.462 790148 11.036
914.722 2727.69 371.464 790148 11.036
914.818 2728.19 371.467 790148 11.0295
914.915 2728.68 371.469 790148 11.0295
915.012 2729.18 371.472 790148 11.0295
915.109 2729.68 371.474 790148 11.0295
915.206 2730.18 371.477 790148 11.0295
915.303 2730.67 371.48 790148 11.0295
915.399 2731.17 371.482 790148 11.0297
915.496 2731.66 371.485 790148 11.0297
915.592 2732.16 371.487 790148 11.0297
915.688 2732.65 371.49 790148 11.0297
915.784 2733.14 371.492 790148 11.0297
915.88 2733.64 371.495 790148 11.0297
915.977 2734.13 371.497 790148 10.755
916.07 2734.62 371.501 790148 10.4928
916.161 2735.11 371.505 790148 10.4928
916.252 2735.61 371.509 790148 10.4928
916.343 2736.1 371.513 790148 10.4928
916.434 2736.59 371.517 790148 10.4928
916.526 2737.08 371.521 790148 10.4927
916.617 2737.57 371.525 790148 10.4927
916.708 2738.07 371.529 790148 10.4927
916.799 2738.56 371.533 790148 10.4927
916.891 2739.05 371.537 790148 10.4927
916.982 2739.55 371.541 790148 10.4927
917.073 2740.04 371.546 790148 10.4927
917.164 2740.53 371.55 790148 10.4927
917.256 2741.02 371.554 790148 10.4927
917.347 2741.52 371.558 790148 10.4927
917.439 2742.01 371.562 790148 10.4927
917.53 2742.5 371.566 790148 10.4927
917.621 2743 371.57 790148 10.4927
917.712 2743.49 371.574 790148 10.4927
917.803 2743.98 371.578 790148 10.4927
917.894 2744.47 371.582 790148 10.4927
917.985 2744.96 371.586 790148 10.4927
918.076 2745.45 371.59 790148 10.4927
918.167 2745.94 371.594 790148 10.4927
918.257 2746.43 371.599 790148 10.4927
918.348 2746.92 371.603 790148 10.4927
918.438 2747.41 371.607 790148 10.4927
918.528 2747.9 371.611 790148 10.4927
918.619 2748.39 371.615 790148 10.4927
918.709 2748.87 371.619 790148 10.4928
918.8 2749.37 371.623 790148 10.4928
918.892 2749.86 371.627 790148 10.4928
918.983 2750.35 371.631 790148 10.4928
919.074 2750.84 371.635 790148 10.4928
919.165 2751.34 371.639 790148 10.4928
919.256 2751.83 371.643 790148 10.3869
919.349 2752.33 371.647 790148 10.2482
919.44 2752.84 371.652 790148 9.82723
919.528 2753.35 371.658 790148 9.82723
919.616 2753.85 371.663 790148 9.82723
919.704 2754.36 371.669 790148 9.82723
919.792 2754.87 371.675 790148 9.93124
919.885 2755.4 371.681 790148 9.93124
919.978 2755.93 371.687 790148 9.93124
920.071 2756.46 371.693 790148 9.93124
920.164 2756.99 371.699 790148 9.93124
920.257 2757.53 371.705 790148 9.93124
920.351 2758.06 371.711 790148 9.91885
920.449 2758.62 371.717 790148 9.91885
920.547 2759.18 371.723 790148 9.91885
920.645 2759.74 371.73 790148 9.91885
920.743 2760.3 371.736 790148 9.91885
920.841 2760.86 371.742 790148 9.91885
920.939 2761.42 371.749 790148 9.93952
921.043 2762.02 371.755 790148 9.93952
921.146 2762.61 371.762 790148 9.93952
921.25 2763.2 371.769 790148 9.93952
921.353 2763.79 371.775 790148 9.93952
921.457 2764.38 371.782 790148 9.93952
921.56 2764.97 371.789 790148 9.93273
921.67 2765.59 371.796 790148 9.93273
921.779 2766.22 371.803 790148 9.93273
921.889 2766.84 371.81 790148 9.93273
921.998 2767.47 371.817 790148 9.93273
922.108 2768.1 371.824 790148 9.93273
922.217 2768.72 371.831 790148 10.1104
922.333 2769.37 371.838 790148 10.1104
922.449 2770.02 371.846 790148 10.1104
922.565 2770.67 371.853 790148 9.91394
922.678 2771.32 371.861 790148 9.53458
922.787 2771.97 371.87 790148 9.53458
922.896 2772.62 371.879 790148 9.23443
923.001 2773.26 371.889 790148 9.23443
923.106 2773.91 371.898 790148 9.23443
923.211 2774.55 371.907 790148 9.23443
923.316 2775.2 371.916 790148 9.23443
923.421 2775.84 371.925 790148 9.23443
923.526 2776.49 371.934 790148 8.99258
923.623 2777.1 371.943 790148 8.99258
923.719 2777.71 371.951 790148 8.99258
923.816 2778.32 371.96 790148 8.99257
923.913 2778.94 371.969 790148 8.99257
924.01 2779.55 371.977 790148 8.99257
924.107 2780.16 371.986 790148 8.87986
924.196 2780.73 371.994 790148 8.87985
924.285 2781.3 372.002 790148 8.87985
924.374 2781.87 372.01 790148 8.87985
924.463 2782.44 372.018 790148 8.87985
924.552 2783.01 372.026 790148 8.87984
924.641 2783.58 372.034 790148 9.16523
924.73 2784.13 372.042 790148 9.16523
924.818 2784.68 372.05 790148 9.16523
924.906 2785.22 372.058 790148 9.16523
924.995 2785.77 372.065 790148 9.16523
925.083 2786.32 372.073 790148 9.16523
925.171 2786.87 372.081 790148 9.94509
925.266 2787.41 372.088 790148 9.94509
925.361 2787.95 372.096 790148 9.94508
925.456 2788.49 372.104 790148 9.94508
925.551 2789.03 372.111 790148 9.88939
925.646 2789.58 372.119 790148 9.35326
925.735 2790.12 372.128 790148 9.80835
925.829 2790.66 372.138 790148 9.80834
925.923 2791.2 372.147 790148 9.80833
926.017 2791.75 372.156 790148 9.80832
926.111 2792.29 372.165 790148 9.8083
926.205 2792.83 372.174 790148 9.80829
926.298 2793.38 372.184 790148 9.625
926.391 2793.92 372.193 790148 9.62499
926.484 2794.47 372.202 790148 9.62498
926.576 2795.02 372.211 790148 9.62497
926.669 2795.56 372.221 790148 9.62496
926.761 2796.11 372.23 790148 9.62496
926.854 2796.65 372.239 790148 9.63248
926.946 2797.19 372.248 790148 9.63247
927.038 2797.74 372.257 790148 9.63247
927.13 2798.28 372.266 790148 9.63246
927.222 2798.82 372.276 790148 9.63245
927.314 2799.36 372.285 790148 9.63244
927.405 2799.9 372.294 790148 9.64789
927.496 2800.43 372.303 790148 9.64788
927.586 2800.97 372.312 790148 9.64787
927.677 2801.5 372.321 790148 9.64787
927.767 2802.03 372.33 790148 9.64786
927.858 2802.56 372.339 790148 9.64785
927.948 2803.1 372.348 790148 9.65979
928.038 2803.62 372.357 790148 9.65978
928.127 2804.15 372.366 790148 9.65977
928.217 2804.67 372.375 790148 9.65976
928.306 2805.2 372.383 790148 9.65975
928.395 2805.72 372.392 790148 9.65974
928.485 2806.25 372.401 790148 9.63732
928.575 2806.78 372.41 790148 9.63731
928.664 2807.3 372.419 790148 9.63731
928.754 2807.83 372.428 790148 9.15591
928.839 2808.36 372.438 790148 9.0297
928.923 2808.89 372.448 790148 9.02969
929.007 2809.42 372.459 790148 9.16927
929.096 2809.97 372.469 790148 9.16926
929.185 2810.52 372.48 790148 9.16925
929.274 2811.07 372.491 790148 9.16924
929.363 2811.62 372.502 790148 9.16922
929.452 2812.18 372.512 790148 9.16921
929.541 2812.73 372.523 790148 9.14717
929.636 2813.31 372.535 790148 9.14716
929.73 2813.9 372.546 790148 9.14715
929.824 2814.48 372.557 790148 9.14714
929.918 2815.07 372.569 790148 9.14712
930.012 2815.65 372.58 790148 9.14711
930.107 2816.24 372.592 790148 9.10415
930.206 2816.86 372.604 790148 9.10414
930.305 2817.47 372.616 790148 9.10413
930.404 2818.09 372.628 790148 9.10412
930.503 2818.71 372.64 790148 9.10411
930.602 2819.33 372.652 790148 9.1041
930.701 2819.94 372.664 790148 8.87511
930.801 2820.59 372.676 790148 8.8751
930.901 2821.23 372.689 790148 8.8751
931.002 2821.87 372.702 790148 8.87509
931.102 2822.52 372.714 790148 8.87508
931.203 2823.16 372.727 790148 8.87507
931.303 2823.81 372.739 790148 8.40558
931.4 2824.46 372.752 790148 8.40557
931.497 2825.12 372.765 790148 8.40557
931.594 2825.77 372.778 790148 8.38581
931.691 2826.43 372.79 790148 7.78212
931.781 2827.09 372.805 790148 7.78212
931.871 2827.75 372.819 790148 7.48485
931.958 2828.41 372.834 790148 7.48485
932.045 2829.07 372.848 790148 7.48485
932.132 2829.73 372.863 790148 7.48485
932.219 2830.4 372.877 790148 7.48485
932.306 2831.06 372.892 790148 7.48485
932.393 2831.72 372.906 790148 7.59428
932.482 2832.39 372.921 790148 7.59428
932.57 2833.05 372.935 790148 7.59428
932.659 2833.71 372.95 790148 7.59428
932.747 2834.38 372.964 790148 7.59428
932.835 2835.04 372.979 790148 7.59428
932.924 2835.7 372.994 790148 7.58008
933.012 2836.36 373.008 790148 7.58008
933.1 2837.03 373.023 790148 7.58008
933.188 2837.69 373.037 790148 7.58008
933.277 2838.35 373.052 790148 7.58008
933.365 2839.02 373.066 790148 7.58008
933.453 2839.68 373.081 790148 7.59441
933.541 2840.34 373.095 790148 7.59441
933.63 2841 373.11 790148 7.59441
933.718 2841.66 373.124 790148 7.59441
933.806 2842.33 373.139 790148 7.59441
933.895 2842.99 373.153 790148 7.59441
933.983 2843.65 373.168 790148 7.58488
934.071 2844.31 373.182 790148 7.56613
934.159 2844.98 373.197 790148 6.94592
934.24 2845.64 373.213 790148 6.94592
934.321 2846.3 373.229 790148 6.94592
934.401 2846.97 373.245 790148 6.94592
934.482 2847.63 373.261 790148 6.95069
934.563 2848.29 373.277 790148 6.95069
934.644 2848.96 373.293 790148 6.95069
934.725 2849.62 373.309 790148 6.95069
934.806 2850.28 373.326 790148 6.95069
934.886 2850.95 373.342 790148 6.95069
934.967 2851.61 373.358 790148 6.946
935.048 2852.27 373.374 790148 6.946
935.129 2852.93 373.39 790148 6.946
935.209 2853.6 373.406 790148 6.946
935.29 2854.26 373.422 790148 6.946
935.371 2854.92 373.438 790148 6.946
935.452 2855.58 373.454 790148 6.95052
935.533 2856.25 373.47 790148 6.95052
935.614 2856.91 373.486 790148 6.95052
935.695 2857.58 373.502 790148 6.95052
935.776 2858.24 373.519 790148 6.95052
935.857 2858.91 373.535 790148 6.95052
935.938 2859.57 373.551 790148 6.94535
936.019 2860.24 373.567 790148 6.94535
936.1 2860.91 373.583 790148 6.94535
936.182 2861.58 373.599 790148 6.94535
936.263 2862.24 373.616 790148 6.94535
936.345 2862.91 373.632 790148 6.9123
936.426 2863.58 373.648 790148 6.29644
936.499 2864.24 373.666 790148 6.29644
936.572 2864.91 373.683 790148 6.29644
936.646 2865.57 373.701 790148 6.29644
936.719 2866.24 373.718 790148 6.29644
936.792 2866.9 373.736 790148 6.29644
936.866 2867.57 373.753 790148 6.37707
936.938 2868.21 373.77 790148 6.37707
937.01 2868.86 373.788 790148 6.37707
937.082 2869.5 373.805 790148 6.37707
937.154 2870.15 373.822 790148 6.37707
937.227 2870.8 373.839 790148 6.37707
937.299 2871.44 373.856 790148 6.21038
937.366 2872.06 373.872 790148 6.21038
937.434 2872.68 373.889 790148 6.21038
937.501 2873.3 373.905 790148 6.21038
937.569 2873.92 373.922 790148 6.21038
937.636 2874.54 373.938 790148 6.21038
937.704 2875.17 373.954 790148 6.29346
937.771 2875.77 373.97 790148 6.29346
937.838 2876.38 373.986 790148 6.29346
937.905 2876.99 374.003 790148 6.29346
937.972 2877.6 374.019 790148 6.29346
938.039 2878.21 374.035 790148 6.29346
938.107 2878.82 374.051 790148 6.21044
938.175 2879.44 374.067 790148 6.21044
938.243 2880.07 374.084 790148 6.21044
938.311 2880.7 374.101 790148 6.21044
938.38 2881.33 374.117 790148 6.21044
938.448 2881.95 374.134 790148 5.78398
938.511 2882.58 374.151 790148 5.80856
938.578 2883.23 374.17 790148 5.80855
938.644 2883.89 374.188 790148 5.80855
938.71 2884.54 374.207 790148 5.80855
938.777 2885.19 374.226 790148 5.80855
938.843 2885.84 374.244 790148 5.80855
938.909 2886.49 374.263 790148 5.52187
938.972 2887.14 374.281 790148 5.52187
939.035 2887.79 374.3 790148 5.52187
939.098 2888.44 374.318 790148 5.52187
939.16 2889.09 374.337 790148 5.52187
939.223 2889.74 374.355 790148 5.52187
939.286 2890.39 374.374 790148 5.22936
939.34 2890.98 374.39 790148 5.22936
939.394 2891.57 374.407 790148 5.22936
939.448 2892.16 374.424 790148 5.22936
939.502 2892.75 374.441 790148 5.22936
939.556 2893.34 374.458 790148 5.22936
939.61 2893.93 374.475 790148 5.10186
939.659 2894.48 374.49 790148 5.10185
939.708 2895.03 374.506 790148 5.10185
939.757 2895.58 374.521 790148 5.10185
939.806 2896.13 374.537 790148 5.10185
939.855 2896.67 374.553 790148 5.10185
939.904 2897.22 374.568 790148 4.70416
939.945 2897.72 374.583 790148 4.70416
939.987 2898.23 374.597 790148 4.70415
940.028 2898.73 374.611 790148 4.70414
940.069 2899.23 374.625 790148 4.70414
940.11 2899.73 374.64 790148 4.70413
940.152 2900.23 374.654 790148 4.70413
940.193 2900.69 374.667 790148 4.70413
940.158 2900.35 374.656 800148 4.70413
940.195 2900.8 374.67 800148 4.70413
940.231 2901.26 374.684 800148 4.70413
940.268 2901.72 374.698 800148 4.70413
940.305 2902.18 374.712 800148 4.70413
940.346 2902.63 374.725 800148 4.70413
940.386 2903.07 374.738 800148 4.70413
940.427 2903.52 374.752 800148 4.70413
940.468 2903.97 374.765 800148 4.70413
940.508 2904.41 374.779 800148 4.70413
940.549 2904.86 374.792 800148 4.70413
940.589 2905.3 374.806 800148 4.70413
940.628 2905.75 374.819 800148 4.70413
940.668 2906.19 374.833 800148 4.70413
940.707 2906.64 374.846 800148 4.70413
940.746 2907.08 374.859 800148 4.70413
940.786 2907.53 374.873 800148 4.70413
940.825 2907.97 374.886 800148 4.70413
940.864 2908.41 374.899 800148 4.70413
940.903 2908.85 374.913 800148 4.70413
940.942 2909.29 374.926 800148 4.70413
940.981 2909.73 374.939 800148 4.70413
941.02 2910.17 374.952 800148 4.70413
941.06 2910.62 374.966 800148 4.70413
941.099 2911.06 374.979 800148 4.70413
941.139 2911.51 374.993 800148 4.70413
941.179 2911.96 375.006 800148 4.70413
941.218 2912.4 375.02 800148 4.70413
941.258 2912.85 375.033 800148 4.70413
941.299 2913.35 375.048 800148 4.70413
941.339 2913.84 375.063 800148 4.70413
941.38 2914.34 375.078 800148 4.70413
941.42 2914.84 375.093 800148 4.70413
941.461 2915.34 375.108 800148 4.70413
941.501 2915.83 375.123 800148 5.22338
941.55 2916.37 375.139 800148 5.22338
941.599 2916.91 375.155 800148 5.22338
941.648 2917.44 375.172 800148 5.22338
941.697 2917.98 375.188 800148 5.14973
941.746 2918.52 375.204 800148 5.12844
941.794 2919.05 375.22 800148 5.68124
941.852 2919.64 375.237 800148 5.68124
941.911 2920.22 375.255 800148 5.68124
941.969 2920.81 375.273 800148 5.68124
942.027 2921.4 375.29 800148 5.68124
942.085 2921.98 375.308 800148 5.68124
942.144 2922.57 375.325 800148 5.65132
942.201 2923.14 375.342 800148 5.65131
942.258 2923.72 375.36 800148 5.65131
942.315 2924.3 375.377 800148 5.65131
942.372 2924.87 375.394 800148 5.65131
942.429 2925.45 375.411 800148 5.65131
942.485 2926.02 375.429 800148 5.20013
942.533 2926.55 375.444 800148 5.20013
942.581 2927.07 375.46 800148 5.20013
942.629 2927.6 375.476 800148 5.20013
942.676 2928.12 375.491 800148 5.20013
942.724 2928.65 375.507 800148 5.20013
942.772 2929.17 375.523 800148 4.0799
942.808 2929.68 375.538 800148 4.0799
942.845 2930.19 375.553 800148 4.0799
942.881 2930.69 375.568 800148 4.0799
942.917 2931.2 375.584 800148 4.0799
942.953 2931.71 375.599 800148 4.0799
942.99 2932.22 375.614 800148 4.72421
943.035 2932.77 375.63 800148 4.72421
943.08 2933.32 375.647 800148 4.72421
943.125 2933.86 375.663 800148 4.72421
943.171 2934.41 375.68 800148 4.72421
943.216 2934.96 375.696 800148 4.72421
943.261 2935.51 375.712 800148 4.68282
943.31 2936.1 375.73 800148 4.60717
943.358 2936.69 375.748 800148 4.60328
943.405 2937.28 375.765 800148 4.60328
943.453 2937.88 375.783 800148 4.60328
943.5 2938.47 375.801 800148 4.60328
943.548 2939.06 375.818 800148 4.57427
943.599 2939.7 375.837 800148 4.57427
943.65 2940.34 375.857 800148 4.57427
943.702 2940.98 375.876 800148 4.57427
943.753 2941.62 375.895 800148 4.57427
943.804 2942.26 375.914 800148 4.57427
943.855 2942.9 375.933 800148 4.73334
943.908 2943.54 375.952 800148 4.73334
943.961 2944.18 375.971 800148 4.73334
944.014 2944.82 375.99 800148 4.73334
944.067 2945.46 376.009 800148 4.73334
944.121 2946.1 376.029 800148 4.73334
944.174 2946.75 376.048 800148 4.64268
944.225 2947.38 376.067 800148 4.64268
944.277 2948.02 376.086 800148 4.64268
944.329 2948.65 376.105 800148 4.64268
944.38 2949.29 376.124 800148 4.64268
944.432 2949.92 376.143 800148 4.64268
944.483 2950.56 376.161 800148 4.67271
944.535 2951.19 376.18 800148 4.67271
944.587 2951.83 376.199 800148 4.67271
944.639 2952.46 376.218 800148 4.67271
944.691 2953.1 376.237 800148 4.67271
944.743 2953.74 376.256 800148 4.65242
944.795 2954.37 376.275 800148 4.6385
944.846 2955.01 376.294 800148 4.6385
944.898 2955.64 376.313 800148 4.6385
944.95 2956.28 376.332 800148 4.6385
945.001 2956.91 376.351 800148 4.6385
945.053 2957.55 376.37 800148 4.6385
945.104 2958.19 376.389 800148 4.66841
945.156 2958.82 376.408 800148 4.66841
945.208 2959.46 376.428 800148 4.66841
945.26 2960.09 376.447 800148 4.66841
945.312 2960.73 376.466 800148 4.66841
945.364 2961.36 376.485 800148 4.66841
945.416 2962 376.504 800148 4.57326
945.466 2962.63 376.523 800148 4.57326
945.517 2963.27 376.542 800148 4.57326
945.568 2963.9 376.561 800148 4.57326
945.619 2964.54 376.58 800148 4.57326
945.669 2965.17 376.599 800148 4.57326
945.72 2965.8 376.617 800148 4.65818
945.772 2966.44 376.636 800148 4.65819
945.823 2967.07 376.655 800148 4.65819
945.875 2967.71 376.674 800148 4.65818
945.927 2968.34 376.693 800148 4.65819
945.978 2968.97 376.712 800148 4.65818
946.03 2969.61 376.731 800148 4.96213
946.085 2970.24 376.75 800148 4.96213
946.141 2970.88 376.769 800148 4.96213
946.196 2971.52 376.789 800148 4.96213
946.251 2972.16 376.808 800148 4.91724
946.306 2972.8 376.827 800148 4.91337
946.361 2973.43 376.846 800148 5.08774
946.419 2974.08 376.866 800148 5.08774
946.476 2974.72 376.885 800148 5.08774
946.533 2975.37 376.905 800148 5.08774
946.591 2976.01 376.924 800148 5.08774
946.648 2976.66 376.944 800148 5.08774
946.706 2977.3 376.963 800148 5.03447
946.763 2977.96 376.983 800148 5.03447
946.821 2978.61 377.002 800148 5.03447
946.878 2979.26 377.022 800148 5.03447
946.936 2979.92 377.042 800148 5.03447
946.993 2980.57 377.062 800148 5.03447
947.051 2981.22 377.081 800148 4.74731
947.106 2981.89 377.101 800148 4.74731
947.161 2982.55 377.121 800148 4.74731
947.216 2983.22 377.141 800148 4.74731
947.272 2983.88 377.162 800148 4.74731
947.327 2984.54 377.182 800148 4.74731
947.382 2985.21 377.202 800148 4.61546
947.437 2985.89 377.222 800148 4.61546
947.492 2986.57 377.243 800148 4.61546
947.546 2987.25 377.263 800148 4.61546
947.601 2987.93 377.284 800148 4.61546
947.656 2988.61 377.304 800148 4.61546
947.711 2989.28 377.325 800148 4.71307
947.769 2989.99 377.346 800148 4.69164
947.827 2990.69 377.367 800148 4.6797
947.884 2991.4 377.389 800148 4.6797
947.942 2992.1 377.41 800148 4.6797
948 2992.8 377.432 800148 4.6797
948.057 2993.51 377.453 800148 4.67049
948.117 2994.24 377.476 800148 4.67049
948.177 2994.98 377.498 800148 4.67049
948.237 2995.71 377.521 800148 4.67049
948.297 2996.45 377.543 800148 4.67049
948.358 2997.18 377.566 800148 4.67049
948.418 2997.92 377.588 800148 4.75771
948.481 2998.68 377.611 800148 4.75771
948.545 2999.44 377.635 800148 4.75771
948.608 3000.21 377.658 800148 4.75771
948.671 3000.97 377.681 800148 4.75771
948.735 3001.73 377.705 800148 4.75771
948.798 3002.49 377.728 800148 4.68246
948.862 3003.27 377.752 800148 4.68246
948.926 3004.05 377.776 800148 4.68246
948.99 3004.83 377.799 800148 4.68246
949.054 3005.61 377.823 800148 4.68246
949.118 3006.39 377.847 800148 4.68246
949.181 3007.17 377.871 800148 4.68252
949.245 3007.95 377.895 800148 4.67213
949.308 3008.72 377.919 800148 4.66455
949.372 3009.5 377.943 800148 4.66455
949.435 3010.28 377.967 800148 4.66455
949.499 3011.05 377.991 800148 4.66455
949.562 3011.83 378.015 800148 4.66066
949.624 3012.59 378.039 800148 4.66066
949.686 3013.36 378.063 800148 4.66066
949.749 3014.12 378.086 800148 4.66066
949.811 3014.88 378.11 800148 4.66066
949.873 3015.65 378.134 800148 4.66066
949.935 3016.41 378.158 800148 4.66083
949.997 3017.17 378.181 800148 4.66083
950.058 3017.92 378.205 800148 4.66083
950.12 3018.67 378.228 800148 4.66083
950.181 3019.43 378.252 800148 4.66083
950.243 3020.18 378.275 800148 4.66083
950.304 3020.93 378.298 800148 4.66526
950.365 3021.68 378.322 800148 4.66526
950.426 3022.42 378.345 800148 4.66526
950.486 3023.17 378.368 800148 4.66526
950.547 3023.91 378.391 800148 4.66526
950.608 3024.65 378.414 800148 4.66526
950.669 3025.4 378.437 800148 4.73493
950.729 3026.13 378.46 800148 4.73297
950.79 3026.86 378.483 800148 4.73235
950.85 3027.59 378.507 800148 4.73235
950.911 3028.32 378.53 800148 4.73235
950.971 3029.06 378.553 800148 4.73235
951.032 3029.79 378.576 800148 4.65909
951.089 3030.49 378.599 800148 4.65909
951.147 3031.2 378.621 800148 4.65909
951.205 3031.91 378.644 800148 4.65909
951.262 3032.61 378.666 800148 4.65909
951.32 3033.32 378.689 800148 4.65909
951.377 3034.03 378.711 800148 4.5848
951.432 3034.7 378.733 800148 4.5848
951.486 3035.38 378.754 800148 4.5848
951.54 3036.06 378.776 800148 4.5848
951.595 3036.74 378.798 800148 4.5848
951.649 3037.42 378.819 800148 4.5848
951.704 3038.1 378.841 800148 4.65997
951.758 3038.76 378.862 800148 4.65997
951.812 3039.42 378.883 800148 4.65997
951.866 3040.09 378.904 800148 4.65997
951.92 3040.75 378.925 800148 4.65997
951.974 3041.41 378.946 800148 4.65997
952.028 3042.07 378.967 800148 4.66004
952.082 3042.73 378.988 800148 4.66004
952.136 3043.39 379.009 800148 4.66004
952.189 3044.05 379.03 800148 4.66733
952.243 3044.71 379.052 800148 4.67285
952.297 3045.37 379.073 800148 4.67285
952.351 3046.03 379.095 800148 4.67279
952.405 3046.7 379.116 800148 4.67279
952.459 3047.36 379.138 800148 4.67279
952.514 3048.02 379.16 800148 4.67279
952.568 3048.68 379.181 800148 4.67279
952.622 3049.35 379.203 800148 4.67279
952.676 3050.01 379.225 800148 4.67274
952.73 3050.67 379.246 800148 4.67274
952.785 3051.34 379.268 800148 4.67274
952.839 3052 379.29 800148 4.67274
952.893 3052.67 379.311 800148 4.67274
952.948 3053.33 379.333 800148 4.67274
953.002 3054 379.355 800148 4.67276
953.056 3054.66 379.377 800148 4.67276
953.111 3055.33 379.398 800148 4.67276
953.165 3055.99 379.42 800148 4.67276
953.219 3056.66 379.442 800148 4.67276
953.274 3057.32 379.463 800148 4.67276
953.328 3057.98 379.485 800148 4.67276
953.382 3058.65 379.507 800148 4.67276
953.436 3059.31 379.528 800148 4.67276
953.491 3059.98 379.55 800148 4.67276
953.545 3060.64 379.572 800148 4.67276
953.599 3061.3 379.594 800148 4.67276
953.654 3061.97 379.615 800148 4.68395
953.708 3062.63 379.637 800148 4.70096
953.763 3063.3 379.66 800148 4.70096
953.817 3063.96 379.682 800148 4.70096
953.872 3064.63 379.704 800148 4.70096
953.926 3065.29 379.727 800148 4.70096
953.981 3065.95 379.749 800148 4.70096
954.036 3066.62 379.771 800148 4.70096
954.09 3067.28 379.794 800148 4.70096
954.145 3067.95 379.816 800148 4.70096
954.199 3068.61 379.839 800148 4.70096
954.254 3069.27 379.861 800148 4.70096
954.309 3069.94 379.883 800148 4.70572
954.363 3070.6 379.906 800148 4.70572
954.418 3071.27 379.928 800148 4.70572
954.473 3071.93 379.95 800148 4.70572
954.527 3072.6 379.973 800148 4.70572
954.582 3073.26 379.995 800148 4.70572
954.637 3073.92 380.018 800148 4.70096
954.691 3074.59 380.04 800148 4.70096
954.746 3075.25 380.062 800148 4.70096
954.801 3075.92 380.085 800148 4.70096
954.855 3076.58 380.107 800148 4.70096
954.91 3077.25 380.129 800148 4.70096
954.965 3077.91 380.152 800148 4.70096
955.019 3078.57 380.174 800148 4.70096
955.074 3079.24 380.196 800148 4.70096
955.128 3079.9 380.219 800148 4.70096
955.142 3080.07 380.224 810148 4.63798
955.196 3080.73 380.247 810148 4.63798
955.25 3081.4 380.271 810148 4.63798
955.303 3082.06 380.294 810148 4.63798
955.357 3082.73 380.317 810148 4.63798
955.411 3083.39 380.34 810148 4.63798
955.465 3084.05 380.364 810148 4.63798
955.519 3084.72 380.387 810148 4.63798
955.573 3085.38 380.41 810148 4.63798
955.627 3086.05 380.433 810148 4.63798
955.681 3086.71 380.456 810148 4.63798
955.734 3087.37 380.48 810148 4.63798
955.788 3088.04 380.503 810148 4.63798
955.842 3088.7 380.526 810148 4.63798
955.896 3089.37 380.549 810148 4.63797
955.95 3090.03 380.573 810148 4.63797
956.004 3090.69 380.596 810148 4.63797
956.058 3091.36 380.619 810148 4.63797
956.112 3092.02 380.642 810148 4.63797
956.166 3092.69 380.666 810148 4.63797
956.219 3093.35 380.689 810148 4.63801
956.273 3094.01 380.712 810148 4.63801
956.327 3094.68 380.735 810148 4.63801
956.381 3095.34 380.758 810148 4.63801
956.434 3096 380.782 810148 4.63801
956.488 3096.67 380.805 810148 4.63801
956.542 3097.33 380.828 810148 4.64292
956.595 3097.99 380.851 810148 4.64292
956.649 3098.64 380.874 810148 4.64292
956.702 3099.3 380.897 810148 4.64292
956.756 3099.96 380.92 810148 4.64292
956.809 3100.62 380.943 810148 4.64227
956.863 3101.28 380.967 810148 4.63538
956.916 3101.94 380.991 810148 4.63538
956.97 3102.6 381.015 810148 4.63538
957.024 3103.26 381.039 810148 4.63538
957.077 3103.92 381.063 810148 4.63538
957.131 3104.59 381.087 810148 4.63538
957.185 3105.25 381.111 810148 4.43964
957.238 3105.93 381.136 810148 4.43964
957.291 3106.61 381.161 810148 4.43964
957.344 3107.3 381.185 810148 4.43964
957.397 3107.98 381.21 810148 4.43964
957.45 3108.66 381.235 810148 4.43964
957.503 3109.34 381.26 810148 4.53813
957.56 3110.07 381.286 810148 4.53813
957.618 3110.8 381.313 810148 4.53813
957.676 3111.53 381.339 810148 4.53813
957.734 3112.25 381.366 810148 4.53813
957.791 3112.98 381.392 810148 4.53813
957.849 3113.71 381.419 810148 4.73274
957.913 3114.47 381.447 810148 4.73274
957.976 3115.24 381.474 810148 4.73274
958.039 3116.01 381.502 810148 4.73274
958.103 3116.77 381.53 810148 4.73274
958.166 3117.54 381.558 810148 4.73274
958.23 3118.31 381.586 810148 4.79688
958.298 3119.12 381.615 810148 4.79688
958.366 3119.93 381.645 810148 4.79688
958.434 3120.74 381.675 810148 4.79688
958.502 3121.55 381.704 810148 4.79694
958.57 3122.36 381.734 810148 4.79861
958.638 3123.18 381.764 810148 4.63415
958.706 3124.01 381.795 810148 4.63415
958.773 3124.84 381.827 810148 4.63415
958.841 3125.67 381.858 810148 4.63415
958.908 3126.51 381.889 810148 4.63415
958.976 3127.34 381.92 810148 4.63415
959.043 3128.17 381.952 810148 4.6379
959.111 3129.01 381.983 810148 4.6379
959.179 3129.84 382.014 810148 4.6379
959.247 3130.68 382.046 810148 4.6379
959.314 3131.51 382.077 810148 4.6379
959.382 3132.35 382.109 810148 4.6379
959.45 3133.18 382.14 810148 4.63798
959.517 3134.01 382.171 810148 4.63798
959.585 3134.85 382.202 810148 4.63798
959.652 3135.68 382.234 810148 4.63798
959.72 3136.51 382.265 810148 4.63798
959.787 3137.34 382.296 810148 4.63798
959.855 3138.17 382.327 810148 4.63802
959.922 3139 382.358 810148 4.63802
959.989 3139.83 382.39 810148 4.63802
960.056 3140.66 382.421 810148 4.63802
960.124 3141.49 382.452 810148 4.63802
960.191 3142.32 382.483 810148 4.63802
960.258 3143.15 382.514 810148 4.63731
960.326 3143.98 382.546 810148 4.64027
960.393 3144.81 382.578 810148 4.64027
960.46 3145.64 382.61 810148 4.64027
960.528 3146.47 382.642 810148 4.64027
960.595 3147.3 382.674 810148 4.64027
960.662 3148.13 382.706 810148 4.64409
960.73 3148.96 382.738 810148 4.64409
960.797 3149.79 382.77 810148 4.64409
960.865 3150.62 382.802 810148 4.64409
960.932 3151.45 382.834 810148 4.64409
961 3152.28 382.866 810148 4.64409
961.067 3153.11 382.898 810148 4.6441
961.134 3153.94 382.93 810148 4.64409
961.202 3154.77 382.962 810148 4.64409
961.269 3155.6 382.994 810148 4.64409
961.337 3156.43 383.026 810148 4.64409
961.404 3157.26 383.058 810148 4.6441
961.471 3158.09 383.09 810148 4.64409
961.539 3158.92 383.122 810148 4.64409
961.606 3159.75 383.154 810148 4.64409
961.674 3160.58 383.186 810148 4.64409
961.741 3161.41 383.218 810148 4.6441
961.809 3162.24 383.25 810148 4.64409
961.876 3163.07 383.282 810148 4.64409
961.943 3163.9 383.314 810148 4.64409
962.011 3164.73 383.346 810148 4.65401
962.078 3165.56 383.378 810148 4.65455
962.146 3166.38 383.411 810148 4.65455
962.213 3167.21 383.443 810148 4.65455
962.281 3168.04 383.476 810148 4.65073
962.349 3168.87 383.509 810148 4.65073
962.416 3169.7 383.541 810148 4.65073
962.484 3170.53 383.574 810148 4.65073
962.551 3171.36 383.607 810148 4.65073
962.619 3172.19 383.639 810148 4.65073
962.686 3173.02 383.672 810148 4.65454
962.754 3173.85 383.705 810148 4.65454
962.821 3174.68 383.737 810148 4.65454
962.889 3175.51 383.77 810148 4.65454
962.956 3176.34 383.803 810148 4.65454
963.024 3177.18 383.835 810148 4.65454
963.092 3178.01 383.868 810148 4.65454
963.159 3178.84 383.901 810148 4.65454
963.227 3179.67 383.933 810148 4.65454
963.294 3180.5 383.966 810148 4.65454
963.362 3181.33 383.999 810148 4.65454
963.43 3182.16 384.031 810148 4.65454
963.497 3182.99 384.064 810148 4.65457
963.565 3183.82 384.097 810148 4.65457
963.632 3184.64 384.129 810148 4.65457
963.7 3185.47 384.162 810148 4.66026
963.767 3186.3 384.195 810148 4.6694
963.835 3187.13 384.228 810148 4.6694
963.902 3187.96 384.261 810148 4.66563
963.97 3188.78 384.294 810148 4.66563
964.037 3189.61 384.327 810148 4.66563
964.104 3190.43 384.359 810148 4.66563
964.172 3191.25 384.392 810148 4.66563
964.239 3192.08 384.425 810148 4.66563
964.306 3192.9 384.458 810148 4.67325
964.374 3193.73 384.491 810148 4.67325
964.441 3194.56 384.524 810148 4.67325
964.509 3195.39 384.557 810148 4.67325
964.577 3196.21 384.59 810148 4.67325
964.644 3197.04 384.623 810148 4.67325
964.712 3197.87 384.657 810148 4.51193
964.779 3198.72 384.69 810148 4.51193
964.846 3199.56 384.724 810148 4.51193
964.913 3200.41 384.758 810148 4.51193
964.98 3201.26 384.792 810148 4.51193
965.047 3202.11 384.826 810148 4.51193
965.114 3202.96 384.86 810148 4.59015
965.185 3203.85 384.895 810148 4.59015
965.257 3204.74 384.931 810148 4.59015
965.329 3205.64 384.967 810148 4.59015
965.4 3206.53 385.002 810148 4.59499
965.472 3207.42 385.038 810148 4.60934
965.544 3208.32 385.074 810148 4.76514
965.622 3209.25 385.112 810148 4.76514
965.7 3210.18 385.149 810148 4.76514
965.777 3211.12 385.187 810148 4.76514
965.855 3212.05 385.225 810148 4.76514
965.933 3212.98 385.262 810148 4.76514
966.011 3213.91 385.3 810148 4.82256
966.093 3214.89 385.339 810148 4.82256
966.175 3215.87 385.379 810148 4.82256
966.258 3216.84 385.418 810148 4.82256
966.34 3217.82 385.458 810148 4.82256
966.423 3218.8 385.497 810148 4.82256
966.505 3219.78 385.536 810148 4.68599
966.587 3220.77 385.577 810148 4.68599
966.669 3221.77 385.617 810148 4.68599
966.751 3222.77 385.657 810148 4.68599
966.833 3223.77 385.698 810148 4.68599
966.914 3224.77 385.738 810148 4.68599
966.996 3225.76 385.778 810148 4.68912
967.078 3226.77 385.818 810148 4.68912
967.16 3227.77 385.859 810148 4.6975
967.243 3228.77 385.899 810148 4.71267
967.325 3229.77 385.94 810148 4.71267
967.408 3230.77 385.98 810148 4.71267
967.49 3231.77 386.021 810148 4.70955
967.572 3232.77 386.061 810148 4.70955
967.655 3233.77 386.102 810148 4.70955
967.737 3234.76 386.142 810148 4.70955
967.819 3235.76 386.183 810148 4.70955
967.901 3236.76 386.223 810148 4.70955
967.983 3237.76 386.264 810148 4.71277
968.065 3238.75 386.304 810148 4.71277
968.147 3239.75 386.344 810148 4.71277
968.229 3240.74 386.385 810148 4.71277
968.311 3241.74 386.425 810148 4.71277
968.393 3242.73 386.465 810148 4.71277
968.475 3243.73 386.506 810148 4.71275
968.558 3244.72 386.546 810148 4.71275
968.64 3245.72 386.587 810148 4.71275
968.722 3246.71 386.627 810148 4.71275
968.804 3247.71 386.667 810148 4.71275
968.886 3248.71 386.708 810148 4.71499
968.968 3249.7 386.748 810148 4.73752
969.051 3250.7 386.788 810148 4.73752
969.133 3251.69 386.829 810148 4.73752
969.215 3252.69 386.869 810148 4.73752
969.298 3253.68 386.909 810148 4.73752
969.38 3254.67 386.95 810148 4.73752
969.463 3255.67 386.99 810148 4.74077
969.545 3256.66 387.03 810148 4.74077
969.627 3257.65 387.07 810148 4.74077
969.709 3258.64 387.11 810148 4.74077
969.791 3259.63 387.151 810148 4.74077
969.873 3260.62 387.191 810148 4.74077
969.955 3261.61 387.231 810148 4.73753
970.038 3262.6 387.271 810148 4.73753
970.12 3263.6 387.312 810148 4.73753
970.202 3264.59 387.352 810148 4.73753
970.285 3265.58 387.392 810148 4.73753
970.367 3266.58 387.432 810148 4.73753
970.449 3267.57 387.473 810148 4.61213
970.531 3268.58 387.514 810148 4.61213
970.613 3269.6 387.555 810148 4.61213
970.695 3270.61 387.596 810148 4.63733
970.777 3271.63 387.637 810148 4.64442
970.859 3272.64 387.678 810148 4.64442
970.942 3273.66 387.719 810148 4.70313
971.029 3274.71 387.762 810148 4.70313
971.116 3275.77 387.804 810148 4.70313
971.203 3276.83 387.847 810148 4.70313
971.29 3277.89 387.89 810148 4.70313
971.378 3278.95 387.933 810148 4.70313
971.465 3280.01 387.975 810148 4.83503
971.558 3281.11 388.02 810148 4.83503
971.65 3282.21 388.064 810148 4.83503
971.743 3283.3 388.108 810148 4.83503
971.836 3284.4 388.153 810148 4.83503
971.929 3285.5 388.197 810148 4.83503
972.022 3286.6 388.241 810148 4.88756
972.12 3287.74 388.287 810148 4.88756
972.217 3288.88 388.334 810148 4.88756
972.315 3290.03 388.38 810148 4.88756
972.413 3291.17 388.426 810148 4.90784
972.469 3291.82 388.452 820148 4.73553
972.564 3292.97 388.497 820148 0
