880.702 2600 371.358 780149 15.1825
880.71 2600.04 371.358 780149 15.1825
880.719 2600.08 371.358 780149 15.1825
880.728 2600.12 371.358 780149 15.1825
880.737 2600.16 371.358 780149 15.1825
880.746 2600.19 371.358 780149 15.1825
880.754 2600.23 371.358 780149 15.1825
880.766 2600.28 371.358 780149 15.1825
880.777 2600.32 371.358 780149 15.1825
880.789 2600.36 371.358 780149 15.1825
880.8 2600.4 371.358 780149 15.1825
880.811 2600.45 371.358 780149 15.1825
880.823 2600.49 371.357 780149 15.1825
880.836 2600.54 371.357 780149 15.1825
880.848 2600.58 371.357 780149 15.1825
880.861 2600.63 371.357 780149 15.1825
880.874 2600.67 371.357 780149 15.1825
880.887 2600.72 371.357 780149 15.1825
880.9 2600.77 371.357 780149 15.1825
880.913 2600.81 371.357 780149 15.1825
880.925 2600.86 371.357 780149 15.1825
880.938 2600.91 371.357 780149 15.1825
880.951 2600.95 371.356 780149 15.1825
880.963 2601 371.356 780149 15.1825
880.976 2601.05 371.356 780149 15.1825
880.989 2601.09 371.356 780149 15.1825
881.001 2601.14 371.356 780149 15.1825
881.014 2601.19 371.356 780149 15.1825
881.026 2601.23 371.356 780149 15.1825
881.039 2601.28 371.356 780149 15.1825
881.051 2601.32 371.356 780149 15.1825
881.063 2601.37 371.356 780149 15.1825
881.076 2601.41 371.355 780149 15.1825
881.088 2601.46 371.355 780149 15.1825
881.1 2601.51 371.355 780149 15.1825
881.112 2601.55 371.355 780149 15.1825
881.124 2601.6 371.355 780149 15.1825
881.136 2601.64 371.355 780149 15.1825
881.149 2601.69 371.355 780149 15.1825
881.161 2601.74 371.355 780149 15.1825
881.173 2601.78 371.355 780149 15.1825
881.185 2601.83 371.355 780149 15.1825
881.198 2601.87 371.355 780149 15.1825
881.21 2601.92 371.354 780149 15.1825
881.222 2601.97 371.354 780149 15.1825
881.234 2602.01 371.354 780149 15.1825
881.246 2602.06 371.354 780149 15.1825
881.258 2602.1 371.354 780149 15.1825
881.27 2602.15 371.354 780149 15.1825
881.282 2602.19 371.354 780149 15.1825
881.294 2602.24 371.354 780149 15.1825
881.307 2602.29 371.354 780149 15.1825
881.319 2602.33 371.354 780149 15.1825
881.331 2602.38 371.353 780149 15.1825
881.343 2602.42 371.353 780149 15.1825
881.355 2602.47 371.353 780149 15.1825
881.367 2602.51 371.353 780149 15.1825
881.379 2602.56 371.353 780149 15.1825
881.391 2602.61 371.353 780149 15.1825
881.403 2602.65 371.353 780149 15.1825
881.415 2602.7 371.353 780149 15.1825
881.428 2602.74 371.353 780149 15.1825
881.44 2602.79 371.353 780149 15.1825
881.452 2602.84 371.352 780149 15.1825
881.464 2602.88 371.352 780149 15.1825
881.476 2602.93 371.352 780149 15.1825
881.489 2602.97 371.352 780149 15.1825
881.501 2603.02 371.352 780149 15.1825
881.513 2603.07 371.352 780149 15.1825
881.525 2603.11 371.352 780149 15.1825
881.537 2603.16 371.352 780149 15.1825
881.549 2603.2 371.352 780149 15.1825
881.561 2603.25 371.352 780149 15.1825
881.574 2603.29 371.352 780149 15.1825
881.586 2603.34 371.351 780149 15.1825
881.598 2603.39 371.351 780149 15.1825
881.61 2603.43 371.351 780149 15.1825
881.622 2603.48 371.351 780149 15.1825
881.635 2603.53 371.351 780149 15.1825
881.647 2603.57 371.351 780149 15.1825
881.659 2603.62 371.351 780149 15.1825
881.671 2603.66 371.351 780149 15.1825
881.683 2603.71 371.351 780149 15.1825
881.695 2603.75 371.351 780149 15.1825
881.707 2603.8 371.35 780149 15.1825
881.719 2603.85 371.35 780149 15.1825
881.732 2603.89 371.35 780149 15.1825
881.744 2603.94 371.35 780149 15.1825
881.756 2603.98 371.35 780149 15.1825
881.768 2604.03 371.35 780149 15.1825
881.78 2604.08 371.35 780149 15.1825
881.792 2604.12 371.35 780149 15.1825
881.805 2604.17 371.35 780149 15.1825
881.817 2604.21 371.35 780149 15.1825
881.829 2604.26 371.35 780149 15.1825
881.841 2604.31 371.349 780149 15.1825
881.853 2604.35 371.349 780149 15.1825
881.865 2604.4 371.349 780149 15.1825
881.877 2604.44 371.349 780149 15.1825
881.889 2604.49 371.349 780149 15.1825
881.901 2604.53 371.349 780149 15.1825
881.914 2604.58 371.349 780149 15.1825
881.926 2604.63 371.349 780149 15.1825
881.938 2604.67 371.349 780149 15.1825
881.95 2604.72 371.349 780149 15.1825
881.962 2604.76 371.348 780149 15.1825
881.974 2604.81 371.348 780149 15.1825
881.986 2604.85 371.348 780149 15.1825
881.998 2604.9 371.348 780149 15.1825
882.011 2604.95 371.348 780149 15.1825
882.023 2604.99 371.348 780149 15.1825
882.035 2605.04 371.348 780149 15.1825
882.047 2605.08 371.348 780149 15.1825
882.059 2605.13 371.348 780149 15.1825
882.071 2605.18 371.348 780149 15.1825
882.084 2605.22 371.348 780149 15.1825
882.096 2605.27 371.347 780149 15.1825
882.108 2605.31 371.347 780149 15.1825
882.12 2605.36 371.347 780149 15.1825
882.132 2605.41 371.347 780149 15.1825
882.144 2605.45 371.347 780149 15.1825
882.156 2605.5 371.347 780149 15.1825
882.168 2605.54 371.347 780149 15.1825
882.181 2605.59 371.347 780149 15.1825
882.193 2605.63 371.347 780149 15.1825
882.205 2605.68 371.347 780149 15.1825
882.217 2605.73 371.346 780149 15.1825
882.229 2605.77 371.346 780149 15.1825
882.241 2605.82 371.346 780149 15.1825
882.253 2605.86 371.346 780149 15.1825
882.266 2605.91 371.346 780149 15.1825
882.278 2605.95 371.346 780149 15.1825
882.29 2606 371.346 780149 15.1825
882.302 2606.05 371.346 780149 15.1825
882.314 2606.09 371.346 780149 15.1825
882.326 2606.14 371.346 780149 15.1825
882.338 2606.18 371.345 780149 15.1825
882.351 2606.23 371.345 780149 15.1825
882.363 2606.28 371.345 780149 15.1825
882.375 2606.32 371.345 780149 15.1825
882.387 2606.37 371.345 780149 15.1825
882.399 2606.41 371.345 780149 15.1825
882.411 2606.46 371.345 780149 15.1825
882.423 2606.51 371.345 780149 15.1825
882.435 2606.55 371.345 780149 15.1825
882.448 2606.6 371.345 780149 15.1825
882.46 2606.64 371.345 780149 15.1825
882.472 2606.69 371.344 780149 15.1825
882.484 2606.73 371.344 780149 15.1825
882.496 2606.78 371.344 780149 15.1825
882.508 2606.83 371.344 780149 15.1825
882.52 2606.87 371.344 780149 15.1825
882.532 2606.92 371.344 780149 15.1825
882.545 2606.96 371.344 780149 15.1825
882.557 2607.01 371.344 780149 15.1825
882.569 2607.05 371.344 780149 15.1825
882.581 2607.1 371.344 780149 15.1825
882.593 2607.15 371.343 780149 15.1825
882.605 2607.19 371.343 780149 15.1825
882.618 2607.24 371.343 780149 15.1825
882.63 2607.28 371.343 780149 15.1825
882.642 2607.33 371.343 780149 15.1825
882.654 2607.38 371.343 780149 15.1825
882.666 2607.42 371.343 780149 15.1825
882.678 2607.47 371.343 780149 15.1825
882.69 2607.51 371.343 780149 15.1825
882.702 2607.56 371.343 780149 15.1825
882.714 2607.61 371.343 780149 15.1825
882.726 2607.65 371.342 780149 15.1825
882.739 2607.7 371.342 780149 15.1825
882.751 2607.74 371.342 780149 15.1825
882.763 2607.79 371.342 780149 15.1825
882.775 2607.84 371.342 780149 15.1825
882.788 2607.88 371.342 780149 15.1825
882.8 2607.93 371.342 780149 15.1825
882.812 2607.97 371.342 780149 15.1825
882.824 2608.02 371.342 780149 15.1825
882.836 2608.06 371.342 780149 15.1825
882.848 2608.11 371.341 780149 15.1825
882.86 2608.16 371.341 780149 15.1825
882.872 2608.2 371.341 780149 15.1825
882.885 2608.25 371.341 780149 15.1825
882.897 2608.29 371.341 780149 15.1825
882.909 2608.34 371.341 780149 15.1825
882.921 2608.39 371.341 780149 15.1825
882.934 2608.43 371.341 780149 15.1825
882.946 2608.48 371.341 780149 15.1825
882.958 2608.52 371.341 780149 15.1825
882.97 2608.57 371.34 780149 15.1825
882.982 2608.62 371.34 780149 15.1825
882.994 2608.66 371.34 780149 15.1825
883.006 2608.71 371.34 780149 15.1825
883.018 2608.75 371.34 780149 15.1825
883.031 2608.8 371.34 780149 15.1825
883.043 2608.84 371.34 780149 15.1825
883.055 2608.89 371.34 780149 15.1825
883.067 2608.94 371.34 780149 15.1825
883.079 2608.98 371.34 780149 15.1825
883.091 2609.03 371.34 780149 15.1825
883.103 2609.07 371.339 780149 15.1825
883.115 2609.12 371.339 780149 15.1825
883.127 2609.16 371.339 780149 15.1825
883.139 2609.21 371.339 780149 15.1825
883.151 2609.26 371.339 780149 15.1825
883.164 2609.3 371.339 780149 15.1825
883.176 2609.35 371.339 780149 15.1825
883.188 2609.39 371.339 780149 15.1825
883.2 2609.44 371.339 780149 15.1825
883.212 2609.49 371.339 780149 15.1825
883.225 2609.53 371.338 780149 15.1825
883.237 2609.58 371.338 780149 15.1825
883.249 2609.62 371.338 780149 15.1825
883.261 2609.67 371.338 780149 15.1825
883.273 2609.72 371.338 780149 15.1825
883.285 2609.76 371.338 780149 15.1825
883.297 2609.81 371.338 780149 15.1825
883.31 2609.85 371.338 780149 15.1825
883.322 2609.9 371.338 780149 15.1825
883.334 2609.95 371.338 780149 15.1825
883.346 2609.99 371.338 780149 15.1825
883.358 2610.04 371.337 780149 15.1825
883.37 2610.08 371.337 780149 15.1825
883.383 2610.13 371.337 780149 15.1825
883.395 2610.18 371.337 780149 15.1825
883.407 2610.22 371.337 780149 15.1825
883.419 2610.27 371.337 780149 15.1825
883.431 2610.31 371.337 780149 15.1825
883.443 2610.36 371.337 780149 15.1825
883.455 2610.4 371.337 780149 15.1825
883.467 2610.45 371.337 780149 15.1825
883.48 2610.5 371.336 780149 15.1825
883.492 2610.54 371.336 780149 15.1825
883.504 2610.59 371.336 780149 15.1825
883.516 2610.63 371.336 780149 15.1825
883.529 2610.68 371.336 780149 15.1825
883.541 2610.73 371.336 780149 15.1825
883.553 2610.77 371.336 780149 15.1825
883.565 2610.82 371.336 780149 15.1825
883.577 2610.86 371.336 780149 15.1825
883.589 2610.91 371.336 780149 15.1825
883.601 2610.95 371.336 780149 15.1825
883.613 2611 371.335 780149 15.1825
883.625 2611.05 371.335 780149 15.1825
883.638 2611.09 371.335 780149 15.1825
883.65 2611.14 371.335 780149 15.1825
883.662 2611.18 371.335 780149 15.1825
883.674 2611.23 371.335 780149 15.1825
883.686 2611.28 371.335 780149 15.1825
883.698 2611.32 371.335 780149 15.1825
883.71 2611.37 371.335 780149 15.1825
883.722 2611.41 371.335 780149 15.1825
883.734 2611.46 371.334 780149 15.1825
883.747 2611.5 371.334 780149 15.1825
883.759 2611.55 371.334 780149 15.1825
883.771 2611.6 371.334 780149 15.1825
883.783 2611.64 371.334 780149 15.1825
883.795 2611.69 371.334 780149 15.1825
883.807 2611.73 371.334 780149 15.1825
883.82 2611.78 371.334 780149 15.1825
883.832 2611.83 371.334 780149 15.1825
883.844 2611.87 371.334 780149 15.1825
883.856 2611.92 371.333 780149 15.1825
883.868 2611.96 371.333 780149 15.1825
883.88 2612.01 371.333 780149 15.1825
883.892 2612.05 371.333 780149 15.1825
883.904 2612.1 371.333 780149 15.1825
883.917 2612.15 371.333 780149 15.1825
883.929 2612.19 371.333 780149 15.1825
883.941 2612.24 371.333 780149 15.1825
883.953 2612.29 371.333 780149 15.1825
883.966 2612.33 371.333 780149 15.1825
883.978 2612.38 371.333 780149 15.1825
883.99 2612.42 371.332 780149 15.1825
884.002 2612.47 371.332 780149 15.1825
884.014 2612.51 371.332 780149 15.1825
884.026 2612.56 371.332 780149 15.1825
884.038 2612.61 371.332 780149 15.1825
884.05 2612.65 371.332 780149 15.1825
884.062 2612.7 371.332 780149 15.1825
884.074 2612.74 371.332 780149 15.1825
884.087 2612.79 371.332 780149 15.1825
884.099 2612.83 371.332 780149 15.1825
884.111 2612.88 371.331 780149 15.1825
884.123 2612.93 371.331 780149 15.1825
884.135 2612.97 371.331 780149 15.1825
884.147 2613.02 371.331 780149 15.1825
884.159 2613.06 371.331 780149 15.1825
884.172 2613.11 371.331 780149 15.1825
884.184 2613.16 371.331 780149 15.1825
884.196 2613.2 371.331 780149 15.1825
884.208 2613.25 371.331 780149 15.1825
884.22 2613.29 371.331 780149 15.1825
884.232 2613.34 371.331 780149 15.1825
884.245 2613.39 371.33 780149 15.1825
884.257 2613.43 371.33 780149 15.1825
884.269 2613.48 371.33 780149 15.1825
884.281 2613.52 371.33 780149 15.1825
884.293 2613.57 371.33 780149 15.1825
884.305 2613.61 371.33 780149 15.1825
884.317 2613.66 371.33 780149 15.1825
884.329 2613.71 371.33 780149 15.1825
884.341 2613.75 371.33 780149 15.1825
884.354 2613.8 371.33 780149 15.1825
884.366 2613.84 371.329 780149 15.1825
884.378 2613.89 371.329 780149 15.1825
884.39 2613.93 371.329 780149 15.1825
884.402 2613.98 371.329 780149 15.1825
884.414 2614.03 371.329 780149 15.1825
884.426 2614.07 371.329 780149 15.1825
884.438 2614.12 371.329 780149 15.1825
884.45 2614.16 371.329 780149 15.1825
884.463 2614.21 371.329 780149 15.1825
884.474 2614.26 371.329 780149 15.1825
884.486 2614.3 371.329 780149 15.1825
884.498 2614.35 371.328 780149 15.1825
884.51 2614.39 371.328 780149 15.1825
884.522 2614.44 371.328 780149 15.1825
884.534 2614.49 371.328 780149 15.1825
884.546 2614.53 371.328 780149 15.1825
884.558 2614.58 371.328 780149 15.1825
884.569 2614.62 371.328 780149 15.1825
884.581 2614.67 371.328 780149 15.1825
884.593 2614.72 371.328 780149 15.1825
884.605 2614.76 371.328 780149 15.1825
884.616 2614.81 371.328 780149 15.1825
884.628 2614.85 371.328 780149 15.1825
884.64 2614.9 371.327 780149 15.1825
884.652 2614.95 371.327 780149 15.1825
884.664 2614.99 371.327 780149 15.1825
884.676 2615.04 371.327 780149 15.1825
884.688 2615.08 371.327 780149 15.1825
884.699 2615.13 371.327 780149 15.1825
884.711 2615.18 371.327 780149 15.1825
884.723 2615.22 371.327 780149 15.1825
884.735 2615.27 371.327 780149 15.1825
884.746 2615.31 371.327 780149 15.1825
884.758 2615.36 371.327 780149 15.1825
884.77 2615.4 371.326 780149 15.1825
884.782 2615.45 371.326 780149 15.1825
884.794 2615.5 371.326 780149 15.1825
884.806 2615.54 371.326 780149 15.1825
884.817 2615.59 371.326 780149 15.1825
884.829 2615.63 371.326 780149 15.1825
884.841 2615.68 371.326 780149 15.1825
884.853 2615.73 371.326 780149 15.1825
884.865 2615.77 371.326 780149 15.1825
884.876 2615.82 371.326 780149 15.1825
884.888 2615.86 371.326 780149 15.1825
884.9 2615.91 371.326 780149 15.1825
884.912 2615.96 371.325 780149 15.1825
884.924 2616 371.325 780149 15.1825
884.936 2616.05 371.325 780149 15.1825
884.948 2616.09 371.325 780149 15.1825
884.959 2616.14 371.325 780149 15.1825
884.971 2616.19 371.325 780149 15.1825
884.983 2616.23 371.325 780149 15.1825
884.995 2616.28 371.325 780149 15.1825
885.007 2616.32 371.325 780149 15.1825
885.018 2616.37 371.325 780149 15.1825
885.03 2616.42 371.325 780149 15.1825
885.042 2616.46 371.325 780149 15.1825
885.054 2616.51 371.324 780149 15.1825
885.066 2616.55 371.324 780149 15.1825
885.078 2616.6 371.324 780149 15.1825
885.089 2616.65 371.324 780149 15.1825
885.101 2616.69 371.324 780149 15.1825
885.113 2616.74 371.324 780149 15.1825
885.125 2616.78 371.324 780149 15.1825
885.137 2616.83 371.324 780149 15.1825
885.148 2616.88 371.324 780149 15.1825
885.16 2616.92 371.324 780149 15.1825
885.172 2616.97 371.324 780149 15.1825
885.184 2617.01 371.323 780149 15.1825
885.196 2617.06 371.323 780149 15.1825
885.208 2617.11 371.323 780149 15.1825
885.22 2617.15 371.323 780149 15.1825
885.231 2617.2 371.323 780149 15.1825
885.243 2617.24 371.323 780149 15.1825
885.255 2617.29 371.323 780149 15.1825
885.267 2617.34 371.323 780149 15.1825
885.279 2617.38 371.323 780149 15.1825
885.291 2617.43 371.323 780149 15.1825
885.302 2617.47 371.323 780149 15.1825
885.314 2617.52 371.323 780149 15.1825
885.326 2617.56 371.322 780149 15.1825
885.338 2617.61 371.322 780149 15.1825
885.349 2617.66 371.322 780149 15.1825
885.361 2617.7 371.322 780149 15.1825
885.373 2617.75 371.322 780149 15.1825
885.385 2617.79 371.322 780149 15.1825
885.397 2617.84 371.322 780149 15.1825
885.408 2617.89 371.322 780149 15.1825
885.42 2617.93 371.322 780149 15.1825
885.432 2617.98 371.322 780149 15.1825
885.444 2618.02 371.322 780149 15.1825
885.455 2618.07 371.322 780149 15.1825
885.467 2618.12 371.321 780149 15.1825
885.479 2618.16 371.321 780149 15.1825
885.491 2618.21 371.321 780149 15.1825
885.503 2618.25 371.321 780149 15.1825
885.514 2618.3 371.321 780149 15.1825
885.526 2618.34 371.321 780149 15.1825
885.538 2618.39 371.321 780149 15.1825
885.55 2618.44 371.321 780149 15.1825
885.562 2618.48 371.321 780149 15.1825
885.574 2618.53 371.321 780149 15.1825
885.586 2618.57 371.321 780149 15.1825
885.597 2618.62 371.321 780149 15.1825
885.609 2618.67 371.32 780149 15.1825
885.621 2618.71 371.32 780149 15.1825
885.633 2618.76 371.32 780149 15.1825
885.645 2618.81 371.32 780149 15.1825
885.657 2618.85 371.32 780149 15.1825
885.669 2618.9 371.32 780149 15.1825
885.681 2618.95 371.32 780149 15.1825
885.693 2618.99 371.32 780149 15.1825
885.704 2619.04 371.32 780149 15.1825
885.716 2619.08 371.32 780149 15.1825
885.727 2619.13 371.32 780149 15.1825
885.739 2619.17 371.319 780149 15.1825
885.75 2619.22 371.319 780149 15.1825
885.761 2619.26 371.319 780149 15.1825
885.772 2619.3 371.319 780149 15.1825
885.783 2619.34 371.319 780149 15.1825
885.793 2619.38 371.319 780149 15.1825
885.804 2619.43 371.319 780149 15.1825
885.815 2619.47 371.319 780149 15.1825
885.826 2619.51 371.319 780149 15.1825
885.837 2619.55 371.319 780149 15.1825
885.848 2619.6 371.319 780149 15.1825
885.86 2619.64 371.319 780149 15.1825
885.871 2619.68 371.319 780149 15.1825
885.882 2619.73 371.318 780149 15.1825
885.896 2619.79 371.318 780149 15.1825
885.909 2619.84 371.318 780149 15.1825
885.923 2619.9 371.318 780149 15.1825
885.936 2619.96 371.318 780149 15.1825
885.95 2620.01 371.318 780149 15.1825
885.963 2620.07 371.318 780149 15.1825
885.985 2620.16 371.318 780149 15.1825
886.006 2620.24 371.317 780149 15.1825
886.027 2620.33 371.317 780149 15.1825
886.049 2620.42 371.317 780149 15.1825
886.07 2620.5 371.317 780149 15.1825
886.091 2620.59 371.317 780149 15.1825
886.124 2620.71 371.317 780149 15.1825
886.156 2620.83 371.316 780149 15.1825
886.188 2620.95 371.316 780149 15.1825
886.221 2621.07 371.316 780149 15.1825
886.253 2621.19 371.316 780149 15.1825
886.286 2621.32 371.315 780149 15.1825
886.326 2621.47 371.315 780149 15.1825
886.366 2621.62 371.315 780149 15.1825
886.406 2621.77 371.315 780149 15.1825
886.446 2621.92 371.314 780149 15.1825
886.486 2622.07 371.314 780149 15.1825
886.526 2622.22 371.314 780149 15.1825
886.569 2622.38 371.314 780149 15.1825
886.611 2622.54 371.313 780149 15.1825
886.654 2622.71 371.313 780149 15.1825
886.696 2622.87 371.313 780149 15.1825
886.738 2623.03 371.312 780149 15.1825
886.781 2623.2 371.312 780149 15.1825
886.824 2623.36 371.312 780149 15.1825
886.866 2623.53 371.311 780149 15.1825
886.909 2623.69 371.311 780149 15.1825
886.952 2623.86 371.311 780149 15.1825
886.995 2624.02 371.31 780149 15.1825
887.038 2624.19 371.31 780149 15.1825
887.08 2624.35 371.31 780149 15.1825
887.122 2624.51 371.31 780149 15.1825
887.164 2624.68 371.309 780149 15.1825
887.206 2624.84 371.309 780149 15.1825
887.248 2625 371.309 780149 15.1825
887.29 2625.16 371.308 780149 15.1825
887.332 2625.32 371.308 780149 15.1825
887.374 2625.48 371.308 780149 15.1825
887.415 2625.64 371.307 780149 15.1825
887.457 2625.8 371.307 780149 15.1825
887.499 2625.97 371.307 780149 15.1825
887.54 2626.13 371.307 780149 15.1825
887.582 2626.29 371.306 780149 15.1825
887.624 2626.45 371.306 780149 15.1825
887.666 2626.61 371.306 780149 15.1825
887.708 2626.77 371.305 780149 15.1825
887.75 2626.93 371.305 780149 15.1825
887.791 2627.09 371.305 780149 15.1825
887.832 2627.26 371.305 780149 15.1825
887.872 2627.42 371.304 780149 15.1825
887.913 2627.58 371.304 780149 15.1825
887.954 2627.74 371.304 780149 15.1825
887.995 2627.9 371.304 780149 15.1825
888.035 2628.06 371.303 780149 15.1825
888.076 2628.23 371.303 780149 15.1825
888.117 2628.39 371.303 780149 15.1825
888.157 2628.55 371.303 780149 15.1825
888.198 2628.71 371.302 780149 15.1825
888.239 2628.87 371.302 780149 15.1825
888.279 2629.03 371.302 780149 15.1825
888.32 2629.2 371.302 780149 15.1825
888.361 2629.36 371.301 780149 15.1825
888.401 2629.52 371.301 780149 15.1825
888.442 2629.68 371.301 780149 15.1825
888.483 2629.84 371.301 780149 15.1825
888.523 2630 371.301 780149 15.1825
888.564 2630.16 371.3 780149 15.1825
888.605 2630.33 371.3 780149 15.1825
888.645 2630.49 371.3 780149 15.1825
888.686 2630.65 371.3 780149 15.1825
888.727 2630.81 371.299 780149 15.1825
888.767 2630.97 371.299 780149 15.1825
888.808 2631.13 371.299 780149 15.1825
888.849 2631.3 371.299 780149 15.1825
888.89 2631.46 371.298 780149 15.1825
888.93 2631.62 371.298 780149 15.1825
888.971 2631.78 371.298 780149 15.1825
889.012 2631.94 371.298 780149 15.1825
889.052 2632.1 371.298 780149 15.1825
889.093 2632.26 371.297 780149 15.1825
889.133 2632.43 371.297 780149 15.1825
889.174 2632.59 371.297 780149 15.1825
889.214 2632.75 371.297 780149 15.1825
889.255 2632.91 371.296 780149 15.1825
889.296 2633.07 371.296 780149 15.1825
889.336 2633.23 371.296 780149 15.1825
889.377 2633.39 371.296 780149 15.1825
889.418 2633.56 371.295 780149 15.1825
889.458 2633.72 371.295 780149 15.1825
889.499 2633.88 371.295 780149 15.1825
889.54 2634.04 371.295 780149 15.1825
889.581 2634.2 371.294 780149 15.1825
889.621 2634.36 371.294 780149 15.1825
889.662 2634.53 371.294 780149 15.1825
889.703 2634.69 371.294 780149 15.1825
889.743 2634.85 371.294 780149 15.1825
889.784 2635.01 371.293 780149 15.1825
889.825 2635.17 371.293 780149 15.1825
889.865 2635.33 371.293 780149 15.1825
889.906 2635.5 371.293 780149 15.1825
889.947 2635.66 371.292 780149 15.1825
889.987 2635.82 371.292 780149 15.1825
890.028 2635.98 371.292 780149 15.1825
890.069 2636.14 371.292 780149 15.1825
890.109 2636.3 371.291 780149 15.1825
890.15 2636.47 371.291 780149 15.1825
890.191 2636.63 371.291 780149 15.1825
890.231 2636.79 371.291 780149 15.1825
890.272 2636.95 371.29 780149 15.1825
890.313 2637.11 371.29 780149 15.1825
890.353 2637.27 371.29 780149 15.1825
890.394 2637.43 371.29 780149 15.1825
890.435 2637.6 371.29 780149 15.1825
890.476 2637.76 371.289 780149 15.1825
890.516 2637.92 371.289 780149 15.1825
890.557 2638.08 371.289 780149 15.1825
890.598 2638.24 371.289 780149 15.1825
890.638 2638.4 371.288 780149 15.1825
890.679 2638.57 371.288 780149 15.1825
890.72 2638.73 371.288 780149 15.1825
890.76 2638.89 371.288 780149 15.1825
890.801 2639.05 371.287 780149 15.1825
890.842 2639.21 371.287 780149 15.1825
890.882 2639.37 371.287 780149 15.1825
890.923 2639.54 371.287 780149 15.1825
890.964 2639.7 371.286 780149 15.1825
891.004 2639.86 371.286 780149 15.1825
891.044 2640.02 371.286 780149 15.1825
891.084 2640.18 371.286 780149 15.1825
891.123 2640.34 371.286 780149 15.1825
891.162 2640.51 371.286 780149 15.1825
891.202 2640.67 371.286 780149 15.1825
891.242 2640.83 371.285 780149 15.1825
891.281 2640.99 371.285 780149 15.1825
891.321 2641.15 371.285 780149 15.1825
891.36 2641.32 371.285 780149 15.1825
891.4 2641.48 371.285 780149 15.1825
891.44 2641.64 371.285 780149 15.1825
891.479 2641.8 371.285 780149 15.1825
891.518 2641.96 371.284 780149 15.1825
891.557 2642.12 371.284 780149 15.1825
891.596 2642.28 371.284 780149 15.1825
891.635 2642.44 371.284 780149 15.1825
891.674 2642.61 371.284 780149 15.1825
891.713 2642.76 371.284 780149 15.1825
891.751 2642.92 371.284 780149 15.1825
891.789 2643.07 371.283 780149 15.1825
891.827 2643.23 371.283 780149 15.1825
891.865 2643.39 371.283 780149 15.1825
891.903 2643.54 371.283 780149 15.1825
891.943 2643.7 371.283 780149 15.1825
891.982 2643.87 371.283 780149 15.1825
892.021 2644.03 371.283 780149 15.1825
892.061 2644.19 371.282 780149 15.1825
892.1 2644.35 371.282 780149 15.1825
892.139 2644.51 371.282 780149 15.1825
892.181 2644.69 371.282 780149 15.1825
892.222 2644.87 371.282 780149 15.1825
892.264 2645.05 371.282 780149 15.1825
892.306 2645.23 371.282 780149 15.1825
892.347 2645.41 371.281 780149 15.1825
892.389 2645.59 371.281 780149 15.1825
892.44 2645.8 371.281 780149 15.1825
892.492 2646.01 371.281 780149 15.1825
892.544 2646.22 371.281 780149 15.1825
892.595 2646.43 371.28 780149 15.1825
892.647 2646.65 371.28 780149 15.1825
892.698 2646.86 371.28 780149 15.1825
892.76 2647.11 371.28 780149 15.1825
892.822 2647.36 371.28 780149 15.1825
892.884 2647.61 371.279 780149 15.1825
892.946 2647.87 371.279 780149 15.1825
893.008 2648.12 371.279 780149 15.1825
893.07 2648.37 371.279 780149 15.1825
893.143 2648.66 371.279 780149 15.1825
893.216 2648.95 371.278 780149 15.1825
893.288 2649.24 371.278 780149 15.1825
893.361 2649.53 371.278 780149 15.1825
893.433 2649.82 371.278 780149 15.1825
893.506 2650.11 371.277 780149 15.1825
893.589 2650.44 371.277 780149 15.1825
893.672 2650.77 371.277 780149 15.1825
893.755 2651.1 371.276 780149 15.1825
893.838 2651.42 371.276 780149 15.1825
893.921 2651.75 371.276 780149 15.1825
894.004 2652.08 371.276 780149 15.1825
894.091 2652.43 371.275 780149 15.1825
894.178 2652.78 371.275 780149 15.1825
894.263 2653.13 371.275 780149 15.1825
894.348 2653.49 371.275 780149 15.1825
894.433 2653.84 371.275 780149 15.1825
894.518 2654.19 371.275 780149 15.1825
894.599 2654.54 371.275 780149 15.1825
894.679 2654.9 371.275 780149 15.1825
894.76 2655.25 371.275 780149 15.1825
894.841 2655.6 371.275 780149 15.1825
894.922 2655.96 371.275 780149 15.1825
895.002 2656.31 371.274 780149 15.1825
895.079 2656.65 371.274 780149 15.1825
895.156 2656.99 371.274 780149 15.1825
895.233 2657.33 371.274 780149 15.1825
895.31 2657.67 371.274 780149 15.1825
895.387 2658.01 371.274 780149 15.1825
895.464 2658.35 371.274 780149 15.1825
895.539 2658.68 371.274 780149 15.1825
895.614 2659.01 371.274 780149 15.1825
895.69 2659.33 371.274 780149 15.1825
895.765 2659.66 371.274 780149 15.1825
895.84 2659.99 371.274 780149 15.1825
895.915 2660.31 371.274 780149 15.1825
895.994 2660.63 371.274 780149 15.1825
896.072 2660.95 371.274 780149 15.1825
896.15 2661.27 371.274 780149 15.1825
896.228 2661.59 371.274 780149 15.1825
896.306 2661.91 371.274 780149 15.1825
896.384 2662.23 371.274 780149 15.1825
896.462 2662.56 371.274 780149 15.1825
896.539 2662.88 371.274 780149 15.1825
896.617 2663.2 371.274 780149 15.1825
896.695 2663.53 371.274 780149 15.1825
896.773 2663.85 371.274 780149 15.1825
896.85 2664.17 371.273 780149 15.1825
896.928 2664.5 371.273 780149 15.1825
897.006 2664.82 371.273 780149 15.1825
897.084 2665.15 371.273 780149 15.1825
897.162 2665.47 371.273 780149 15.1825
897.239 2665.8 371.273 780149 15.1825
897.315 2666.12 371.274 780149 15.1825
897.39 2666.45 371.274 780149 15.1825
897.465 2666.77 371.274 780149 15.1825
897.54 2667.1 371.274 780149 15.1825
897.616 2667.42 371.275 780149 15.1825
897.691 2667.75 371.275 780149 15.1825
897.766 2668.07 371.275 780149 15.1825
897.841 2668.39 371.275 780149 15.1825
897.917 2668.72 371.276 780149 15.1825
897.992 2669.04 371.276 780149 15.1825
898.067 2669.37 371.276 780149 15.1825
898.143 2669.69 371.277 780149 15.1825
898.218 2670.02 371.277 780149 15.1825
898.294 2670.34 371.277 780149 15.1825
898.369 2670.67 371.277 780149 15.1825
898.444 2670.99 371.278 780149 15.1825
898.52 2671.32 371.278 780149 15.1825
898.595 2671.64 371.278 780149 15.1825
898.67 2671.97 371.278 780149 15.1825
898.746 2672.29 371.279 780149 15.1825
898.821 2672.61 371.279 780149 15.1825
898.896 2672.94 371.279 780149 15.1825
898.971 2673.26 371.279 780149 15.1825
899.047 2673.59 371.28 780149 15.1825
899.122 2673.91 371.28 780149 15.1825
899.197 2674.24 371.28 780149 15.1825
899.273 2674.56 371.28 780149 15.1825
899.348 2674.89 371.281 780149 15.1825
899.423 2675.21 371.281 780149 15.1825
899.499 2675.54 371.281 780149 15.1825
899.574 2675.86 371.281 780149 15.1825
899.649 2676.19 371.282 780149 15.1825
899.725 2676.51 371.282 780149 15.1825
899.8 2676.84 371.282 780149 15.1825
899.875 2677.16 371.282 780149 15.1825
899.951 2677.48 371.283 780149 15.1825
900.026 2677.81 371.283 780149 15.1825
900.101 2678.13 371.283 780149 15.1825
900.177 2678.46 371.283 780149 15.1825
900.25 2678.78 371.284 780149 15.1825
900.323 2679.11 371.285 780149 15.1825
900.395 2679.43 371.285 780149 15.1825
900.468 2679.76 371.286 780149 15.1825
900.541 2680.08 371.286 780149 15.1825
900.614 2680.41 371.287 780149 15.1825
900.687 2680.73 371.288 780149 15.1825
900.759 2681.06 371.288 780149 15.1825
900.832 2681.39 371.289 780149 15.1825
900.905 2681.71 371.289 780149 15.1825
900.978 2682.04 371.29 780149 15.1825
901.05 2682.36 371.291 780149 15.1825
901.123 2682.69 371.291 780149 15.1825
901.196 2683.01 371.292 780149 15.1825
901.269 2683.34 371.292 780149 15.1825
901.341 2683.66 371.293 780149 15.1825
901.414 2683.99 371.294 780149 15.1825
901.487 2684.31 371.294 780149 15.1825
901.56 2684.64 371.295 780149 15.1825
901.632 2684.96 371.296 780149 15.1825
901.705 2685.29 371.296 780149 15.1825
901.778 2685.61 371.297 780149 15.1825
901.85 2685.94 371.297 780149 15.1825
901.923 2686.26 371.298 780149 15.1825
901.996 2686.59 371.299 780149 15.1825
902.069 2686.91 371.299 780149 15.1825
902.142 2687.24 371.3 780149 15.1825
902.214 2687.56 371.3 780149 15.1825
902.287 2687.89 371.301 780149 15.1825
902.36 2688.22 371.302 780149 15.1825
902.433 2688.54 371.302 780149 15.1825
902.506 2688.87 371.303 780149 15.1825
902.578 2689.19 371.303 780149 15.1825
902.651 2689.52 371.304 780149 15.1825
902.724 2689.84 371.305 780149 15.1825
902.796 2690.17 371.305 780149 15.1825
902.869 2690.49 371.306 780149 15.1825
902.942 2690.82 371.307 780149 15.1825
903.015 2691.14 371.307 780149 15.1825
903.087 2691.47 371.308 780149 15.1825
903.158 2691.79 371.309 780149 15.1825
903.228 2692.12 371.31 780149 15.1825
903.298 2692.44 371.311 780149 15.1825
903.368 2692.77 371.312 780149 15.1825
903.438 2693.1 371.313 780149 15.1825
903.508 2693.42 371.314 780149 15.1825
903.578 2693.75 371.315 780149 15.1825
903.649 2694.07 371.316 780149 15.1825
903.719 2694.4 371.317 780149 15.1825
903.789 2694.73 371.318 780149 15.1825
903.859 2695.05 371.319 780149 15.1825
903.929 2695.38 371.32 780149 15.1825
903.999 2695.7 371.321 780149 15.1825
904.069 2696.03 371.322 780149 15.1825
904.139 2696.35 371.323 780149 15.1825
904.21 2696.68 371.324 780149 15.1825
904.28 2697.01 371.325 780149 15.1825
904.35 2697.33 371.326 780149 15.1825
904.42 2697.66 371.327 780149 15.1825
904.49 2697.98 371.328 780149 15.1825
904.56 2698.31 371.329 780149 15.1825
904.63 2698.64 371.33 780149 15.1825
904.7 2698.96 371.331 780149 15.1825
904.771 2699.29 371.332 780149 15.1825
904.841 2699.61 371.333 780149 15.1825
904.911 2699.94 371.334 780149 15.1825
904.981 2700.26 371.335 780149 15.1825
905.051 2700.59 371.336 780149 15.1825
905.121 2700.92 371.337 780149 15.1825
905.191 2701.24 371.338 780149 15.1825
905.261 2701.57 371.339 780149 15.1825
905.331 2701.89 371.34 780149 15.1825
905.402 2702.22 371.341 780149 15.1825
905.472 2702.54 371.342 780149 15.1825
905.542 2702.87 371.343 780149 15.1825
905.612 2703.2 371.344 780149 15.1825
905.682 2703.52 371.345 780149 15.1825
905.752 2703.85 371.346 780149 15.1825
905.822 2704.17 371.347 780149 15.1825
905.892 2704.5 371.349 780149 15.1825
905.96 2704.82 371.35 780149 15.1825
906.027 2705.15 371.351 780149 15.1825
906.094 2705.48 371.353 780149 15.1825
906.162 2705.8 371.354 780149 15.1825
906.229 2706.13 371.356 780149 15.1825
906.297 2706.46 371.357 780149 15.1825
906.364 2706.78 371.359 780149 15.1825
906.431 2707.11 371.36 780149 15.1825
906.499 2707.44 371.362 780149 15.1825
906.566 2707.76 371.363 780149 15.1825
906.634 2708.09 371.365 780149 15.1825
906.702 2708.42 371.366 780149 15.1825
906.769 2708.74 371.368 780149 15.1825
906.837 2709.07 371.369 780149 15.1825
906.904 2709.4 371.371 780149 15.1825
906.971 2709.72 371.372 780149 15.1825
907.039 2710.05 371.374 780149 15.1825
907.106 2710.37 371.375 780149 15.1825
907.174 2710.7 371.377 780149 15.1825
907.241 2711.03 371.378 780149 15.1825
907.308 2711.35 371.38 780149 15.1825
907.376 2711.68 371.381 780149 15.1825
907.443 2712.01 371.383 780149 15.1825
907.51 2712.33 371.384 780149 15.1825
907.578 2712.66 371.386 780149 15.1825
907.645 2712.98 371.387 780149 15.1825
907.713 2713.31 371.389 780149 15.1825
907.78 2713.64 371.39 780149 15.1825
907.847 2713.96 371.392 780149 15.1825
907.915 2714.29 371.393 780149 15.1825
907.982 2714.62 371.394 780149 15.1825
908.05 2714.94 371.396 780149 15.1825
908.117 2715.27 371.397 780149 15.1825
908.185 2715.6 371.399 780149 15.1825
908.252 2715.92 371.4 780149 15.1825
908.32 2716.25 371.402 780149 15.1825
908.387 2716.58 371.403 780149 15.1825
908.455 2716.9 371.405 780149 15.1825
908.522 2717.23 371.406 780149 15.1825
908.465 2716.95 371.405 790149 15.1825
908.529 2717.27 371.406 790149 15.1825
908.593 2717.6 371.408 790149 15.1825
908.657 2717.93 371.41 790149 15.1825
908.72 2718.25 371.411 790149 15.1825
908.784 2718.58 371.413 790149 15.1825
908.848 2718.91 371.415 790149 15.1825
908.912 2719.24 371.416 790149 15.1825
908.976 2719.56 371.418 790149 15.1825
909.039 2719.89 371.42 790149 15.1825
909.103 2720.22 371.422 790149 15.1825
909.167 2720.54 371.423 790149 15.1825
909.231 2720.87 371.425 790149 15.1825
909.295 2721.2 371.427 790149 15.1825
909.359 2721.52 371.428 790149 15.1825
909.422 2721.85 371.43 790149 15.1825
909.486 2722.18 371.432 790149 15.1825
909.55 2722.51 371.433 790149 15.1825
909.614 2722.83 371.435 790149 15.1825
909.677 2723.16 371.437 790149 15.1825
909.741 2723.49 371.438 790149 15.1825
909.805 2723.81 371.44 790149 15.1825
909.868 2724.14 371.442 790149 15.1825
909.932 2724.47 371.444 790149 15.1825
909.996 2724.8 371.445 790149 15.1825
910.06 2725.12 371.447 790149 15.1825
910.124 2725.45 371.449 790149 15.1825
910.187 2725.78 371.45 790149 15.1825
910.251 2726.1 371.452 790149 15.1825
910.315 2726.43 371.454 790149 15.1825
910.379 2726.76 371.455 790149 15.1825
910.443 2727.09 371.457 790149 15.1825
910.507 2727.41 371.459 790149 15.1825
910.57 2727.74 371.46 790149 15.1825
910.634 2728.07 371.462 790149 15.1825
910.698 2728.39 371.464 790149 15.1825
910.762 2728.72 371.465 790149 15.1825
910.826 2729.05 371.467 790149 15.1825
910.889 2729.38 371.469 790149 15.1825
910.953 2729.7 371.471 790149 15.1825
911.017 2730.03 371.472 790149 15.1825
911.081 2730.36 371.474 790149 15.1825
911.144 2730.68 371.476 790149 15.1825
911.208 2731.01 371.477 790149 15.1825
911.271 2731.33 371.479 790149 15.1825
911.335 2731.66 371.481 790149 15.1825
911.398 2731.99 371.482 790149 15.1825
911.461 2732.31 371.484 790149 15.1825
911.524 2732.63 371.486 790149 15.1825
911.587 2732.95 371.487 790149 15.1825
911.65 2733.28 371.489 790149 15.1825
911.713 2733.6 371.491 790149 15.1825
911.775 2733.92 371.492 790149 15.1825
911.839 2734.25 371.494 790149 15.1825
911.903 2734.57 371.496 790149 15.1825
911.966 2734.9 371.497 790149 15.1825
912.029 2735.23 371.499 790149 15.1825
912.09 2735.55 371.502 790149 15.1825
912.15 2735.88 371.505 790149 15.1825
912.213 2736.22 371.508 790149 15.1825
912.275 2736.56 371.51 790149 15.1825
912.337 2736.91 371.513 790149 15.1825
912.399 2737.25 371.516 790149 15.1825
912.462 2737.59 371.519 790149 15.1825
912.524 2737.93 371.522 790149 15.1825
912.592 2738.3 371.525 790149 15.1825
912.66 2738.66 371.528 790149 15.1825
912.727 2739.03 371.531 790149 15.1825
912.795 2739.39 371.534 790149 15.1825
912.863 2739.76 371.537 790149 15.1825
912.931 2740.13 371.54 790149 15.1825
913.004 2740.52 371.543 790149 15.1825
913.077 2740.92 371.547 790149 15.1825
913.15 2741.31 371.55 790149 15.1825
913.223 2741.71 371.553 790149 15.1825
913.296 2742.1 371.556 790149 15.1825
913.37 2742.5 371.56 790149 15.1825
913.448 2742.92 371.563 790149 15.1825
913.527 2743.35 371.567 790149 15.1825
913.605 2743.77 371.57 790149 15.1825
913.684 2744.19 371.574 790149 15.1825
913.762 2744.62 371.577 790149 15.1825
913.841 2745.04 371.581 790149 15.1825
913.925 2745.49 371.585 790149 15.1825
914.009 2745.95 371.588 790149 15.1825
914.093 2746.4 371.592 790149 15.1825
914.177 2746.85 371.596 790149 15.1825
914.261 2747.31 371.6 790149 15.1825
914.345 2747.76 371.603 790149 15.1825
914.434 2748.24 371.607 790149 15.1825
914.523 2748.72 371.611 790149 15.1825
914.613 2749.19 371.615 790149 15.1825
914.702 2749.67 371.619 790149 15.1825
914.791 2750.15 371.623 790149 15.1825
914.881 2750.63 371.627 790149 10.4928
914.972 2751.12 371.631 790149 10.4928
915.063 2751.61 371.635 790149 10.4928
915.154 2752.1 371.639 790149 10.4928
915.245 2752.6 371.644 790149 10.4928
915.337 2753.09 371.648 790149 10.3277
915.426 2753.58 371.652 790149 9.93291
915.513 2754.08 371.658 790149 9.93291
915.6 2754.58 371.663 790149 9.93291
915.687 2755.07 371.669 790149 9.93291
915.774 2755.57 371.675 790149 9.93291
915.862 2756.07 371.68 790149 9.93291
915.949 2756.56 371.686 790149 9.92672
916.035 2757.06 371.691 790149 9.92672
916.121 2757.55 371.697 790149 9.92672
916.208 2758.04 371.703 790149 9.92672
916.294 2758.54 371.708 790149 9.92672
916.381 2759.03 371.714 790149 9.92672
916.467 2759.53 371.719 790149 9.92672
916.553 2760.02 371.725 790149 9.92672
916.639 2760.51 371.73 790149 9.92672
916.725 2761 371.736 790149 9.92672
916.811 2761.49 371.742 790149 9.92672
916.897 2761.98 371.747 790149 9.92672
916.983 2762.47 371.753 790149 9.92672
917.07 2762.97 371.758 790149 9.92672
917.156 2763.46 371.764 790149 9.92672
917.243 2763.96 371.769 790149 9.92672
917.329 2764.45 371.775 790149 9.92672
917.415 2764.94 371.781 790149 9.92672
917.502 2765.44 371.786 790149 9.93286
917.589 2765.93 371.792 790149 9.93286
917.676 2766.43 371.797 790149 9.93286
917.763 2766.93 371.803 790149 9.93286
917.851 2767.43 371.809 790149 9.93286
917.938 2767.93 371.814 790149 9.93286
918.025 2768.42 371.82 790149 9.97088
918.112 2768.92 371.826 790149 9.97088
918.199 2769.42 371.831 790149 9.97088
918.287 2769.91 371.837 790149 9.97088
918.374 2770.41 371.842 790149 9.97088
918.461 2770.9 371.848 790149 9.97088
918.548 2771.4 371.854 790149 9.97088
918.631 2771.87 371.859 790149 9.97088
918.71 2772.34 371.866 790149 9.97088
918.789 2772.81 371.873 790149 9.97088
918.868 2773.29 371.879 790149 9.97088
918.947 2773.76 371.886 790149 9.97088
919.026 2774.23 371.893 790149 9.97088
919.097 2774.65 371.899 790149 9.97088
919.167 2775.07 371.905 790149 9.97088
919.238 2775.49 371.911 790149 9.97088
919.308 2775.91 371.916 790149 9.97088
919.379 2776.33 371.922 790149 9.97088
919.449 2776.75 371.928 790149 9.97088
919.512 2777.13 371.934 790149 9.97088
919.574 2777.51 371.939 790149 9.97088
919.637 2777.89 371.945 790149 9.97088
919.699 2778.27 371.95 790149 9.97088
919.762 2778.65 371.955 790149 9.97088
919.825 2779.03 371.961 790149 9.97088
919.88 2779.36 371.965 790149 9.97088
919.936 2779.7 371.97 790149 9.97088
919.991 2780.03 371.975 790149 9.97088
920.047 2780.36 371.98 790149 9.97088
920.102 2780.69 371.984 790149 9.97088
920.157 2781.03 371.989 790149 9.97088
920.21 2781.32 371.993 790149 9.97088
920.264 2781.61 371.997 790149 9.97088
920.317 2781.91 372.002 790149 9.97088
920.37 2782.2 372.006 790149 9.97088
920.423 2782.49 372.01 790149 9.97088
920.476 2782.79 372.014 790149 9.97088
920.53 2783.07 372.018 790149 9.97088
920.585 2783.35 372.022 790149 9.97088
920.64 2783.63 372.026 790149 9.97088
920.695 2783.91 372.03 790149 9.97088
920.749 2784.19 372.034 790149 9.97088
920.804 2784.47 372.038 790149 9.97088
920.858 2784.75 372.042 790149 9.97088
920.912 2785.03 372.046 790149 9.97088
920.966 2785.31 372.05 790149 9.97088
921.019 2785.59 372.054 790149 9.97088
921.073 2785.87 372.058 790149 9.97088
921.127 2786.15 372.062 790149 9.97088
921.181 2786.43 372.066 790149 9.97088
921.235 2786.71 372.07 790149 9.97088
921.289 2786.99 372.074 790149 9.97088
921.343 2787.28 372.078 790149 9.97088
921.397 2787.56 372.082 790149 9.97088
921.451 2787.84 372.086 790149 9.97088
921.506 2788.12 372.09 790149 9.97088
921.56 2788.41 372.094 790149 9.97088
921.614 2788.69 372.098 790149 9.97088
921.669 2788.97 372.102 790149 9.97088
921.723 2789.26 372.106 790149 9.97088
921.778 2789.54 372.11 790149 9.97088
921.832 2789.82 372.114 790149 9.97088
921.886 2790.1 372.118 790149 9.97088
921.937 2790.38 372.123 790149 9.97088
921.988 2790.67 372.128 790149 9.97088
922.039 2790.95 372.132 790149 9.97088
922.09 2791.23 372.137 790149 9.97088
922.141 2791.51 372.142 790149 9.97088
922.191 2791.78 372.147 790149 9.97088
922.242 2792.06 372.151 790149 9.97088
922.292 2792.34 372.156 790149 9.97088
922.343 2792.62 372.161 790149 9.97088
922.393 2792.9 372.166 790149 9.97088
922.445 2793.18 372.17 790149 9.97088
922.496 2793.46 372.175 790149 9.97088
922.548 2793.75 372.18 790149 9.97088
922.599 2794.03 372.185 790149 9.97088
922.651 2794.32 372.19 790149 9.97088
922.703 2794.6 372.194 790149 9.97088
922.755 2794.91 372.2 790149 9.97088
922.808 2795.21 372.205 790149 9.97088
922.861 2795.52 372.21 790149 9.97088
922.914 2795.82 372.215 790149 9.97088
922.967 2796.13 372.22 790149 9.97088
923.02 2796.43 372.226 790149 9.97088
923.079 2796.77 372.231 790149 9.97088
923.138 2797.1 372.237 790149 9.97088
923.198 2797.44 372.243 790149 9.97088
923.257 2797.78 372.248 790149 9.97088
923.316 2798.11 372.254 790149 9.97088
923.376 2798.45 372.26 790149 9.97088
923.438 2798.81 372.266 790149 9.97088
923.5 2799.17 372.272 790149 9.97088
923.562 2799.53 372.278 790149 9.97088
923.625 2799.89 372.284 790149 9.97088
923.687 2800.25 372.29 790149 9.97088
923.749 2800.61 372.296 790149 9.97088
923.807 2800.97 372.303 790149 9.97088
923.864 2801.34 372.309 790149 9.97088
923.922 2801.7 372.315 790149 9.97088
923.98 2802.06 372.321 790149 9.97088
924.037 2802.42 372.327 790149 9.97088
924.095 2802.78 372.333 790149 9.97088
924.148 2803.13 372.339 790149 9.97088
924.201 2803.47 372.345 790149 9.97088
924.255 2803.82 372.351 790149 9.97088
924.308 2804.17 372.356 790149 9.97088
924.361 2804.51 372.362 790149 9.97088
924.414 2804.86 372.368 790149 9.97088
924.464 2805.18 372.374 790149 9.97088
924.514 2805.51 372.379 790149 9.97088
924.564 2805.84 372.385 790149 9.97088
924.614 2806.16 372.39 790149 9.97088
924.663 2806.49 372.396 790149 9.97088
924.713 2806.81 372.401 790149 9.97088
924.761 2807.11 372.406 790149 9.97088
924.809 2807.42 372.411 790149 9.97088
924.857 2807.72 372.417 790149 9.97088
924.905 2808.02 372.422 790149 9.97088
924.953 2808.33 372.427 790149 9.97088
924.999 2808.63 372.432 790149 9.97088
925.04 2808.92 372.438 790149 9.97088
925.08 2809.2 372.443 790149 9.97088
925.12 2809.48 372.449 790149 9.97088
925.16 2809.77 372.454 790149 9.97088
925.2 2810.05 372.46 790149 9.97088
925.241 2810.34 372.466 790149 9.97088
925.28 2810.62 372.471 790149 9.97088
925.32 2810.89 372.476 790149 9.97088
925.36 2811.17 372.482 790149 9.97088
925.4 2811.44 372.487 790149 9.97088
925.44 2811.72 372.492 790149 9.97088
925.479 2811.99 372.498 790149 9.97088
925.52 2812.28 372.503 790149 9.97088
925.56 2812.57 372.509 790149 9.97088
925.601 2812.85 372.515 790149 9.97088
925.641 2813.14 372.52 790149 9.97088
925.682 2813.43 372.526 790149 9.97088
925.722 2813.71 372.531 790149 9.97088
925.768 2814.03 372.538 790149 9.97088
925.814 2814.34 372.544 790149 9.97088
925.86 2814.65 372.55 790149 9.97088
925.906 2814.96 372.556 790149 9.97088
925.952 2815.28 372.562 790149 9.97088
925.998 2815.59 372.568 790149 9.97088
926.046 2815.92 372.574 790149 9.97088
926.094 2816.25 372.581 790149 9.97088
926.141 2816.58 372.587 790149 9.97088
926.189 2816.91 372.594 790149 9.97088
926.237 2817.24 372.6 790149 9.97088
926.284 2817.57 372.607 790149 9.97088
926.333 2817.9 372.613 790149 9.97088
926.381 2818.24 372.62 790149 9.97088
926.429 2818.57 372.626 790149 9.97088
926.477 2818.91 372.633 790149 9.97088
926.526 2819.24 372.639 790149 9.97088
926.574 2819.58 372.646 790149 9.97088
926.622 2819.91 372.652 790149 9.97088
926.669 2820.24 372.659 790149 9.97088
926.717 2820.57 372.665 790149 9.97088
926.765 2820.9 372.672 790149 9.97088
926.813 2821.23 372.678 790149 9.97088
926.86 2821.56 372.685 790149 9.97088
926.908 2821.89 372.691 790149 9.97088
926.956 2822.22 372.697 790149 9.97088
927.003 2822.55 372.704 790149 9.97088
927.051 2822.88 372.71 790149 9.97088
927.098 2823.21 372.717 790149 9.97088
927.146 2823.54 372.723 790149 9.97088
927.194 2823.87 372.73 790149 9.97088
927.241 2824.2 372.736 790149 9.97088
927.289 2824.53 372.742 790149 9.97088
927.336 2824.86 372.749 790149 9.97088
927.384 2825.19 372.755 790149 9.97088
927.432 2825.52 372.762 790149 9.97088
927.479 2825.85 372.768 790149 9.97088
927.527 2826.18 372.775 790149 9.97088
927.575 2826.51 372.781 790149 9.97088
927.622 2826.84 372.787 790149 9.97088
927.668 2827.17 372.794 790149 9.97088
927.712 2827.5 372.802 790149 9.97088
927.756 2827.83 372.809 790149 9.97088
927.8 2828.16 372.816 790149 9.97088
927.844 2828.49 372.823 790149 9.97088
927.888 2828.82 372.831 790149 9.97088
927.932 2829.15 372.838 790149 9.97088
927.976 2829.48 372.845 790149 9.97088
928.02 2829.81 372.852 790149 9.97088
928.063 2830.14 372.86 790149 9.97088
928.107 2830.47 372.867 790149 9.97088
928.151 2830.8 372.874 790149 9.97088
928.195 2831.13 372.881 790149 9.97088
928.239 2831.46 372.889 790149 9.97088
928.283 2831.79 372.896 790149 9.97088
928.327 2832.12 372.903 790149 9.97088
928.371 2832.46 372.911 790149 9.97088
928.415 2832.79 372.918 790149 9.97088
928.459 2833.12 372.925 790149 9.97088
928.503 2833.45 372.932 790149 9.97088
928.547 2833.78 372.94 790149 9.97088
928.591 2834.11 372.947 790149 9.97088
928.635 2834.44 372.954 790149 9.97088
928.679 2834.77 372.961 790149 9.97088
928.724 2835.1 372.969 790149 9.97088
928.768 2835.43 372.976 790149 9.97088
928.812 2835.76 372.983 790149 9.97088
928.856 2836.09 372.99 790149 9.97088
928.9 2836.42 372.998 790149 9.97088
928.944 2836.75 373.005 790149 9.97088
928.988 2837.08 373.012 790149 9.97088
929.032 2837.41 373.019 790149 9.97088
929.076 2837.74 373.027 790149 9.97088
929.12 2838.07 373.034 790149 9.97088
929.164 2838.4 373.041 790149 9.97088
929.208 2838.73 373.048 790149 9.97088
929.252 2839.06 373.056 790149 9.97088
929.296 2839.4 373.063 790149 9.97088
929.34 2839.73 373.07 790149 9.97088
929.384 2840.06 373.078 790149 9.97088
929.428 2840.39 373.085 790149 9.97088
929.472 2840.72 373.092 790149 9.97088
929.516 2841.05 373.099 790149 9.97088
929.56 2841.38 373.107 790149 9.97088
929.604 2841.71 373.114 790149 9.97088
929.648 2842.04 373.121 790149 9.97088
929.692 2842.37 373.128 790149 9.97088
929.736 2842.7 373.136 790149 9.97088
929.78 2843.03 373.143 790149 9.97088
929.824 2843.36 373.15 790149 9.97088
929.868 2843.69 373.157 790149 9.97088
929.912 2844.02 373.165 790149 9.97088
929.956 2844.35 373.172 790149 9.97088
930 2844.68 373.179 790149 9.97088
930.044 2845.01 373.186 790149 9.97088
930.088 2845.34 373.194 790149 9.97088
930.13 2845.67 373.201 790149 9.97088
930.17 2846 373.209 790149 9.97088
930.21 2846.33 373.217 790149 9.97088
930.251 2846.66 373.226 790149 9.97088
930.291 2847 373.234 790149 9.97088
930.331 2847.33 373.242 790149 9.97088
930.372 2847.66 373.25 790149 9.97088
930.412 2847.99 373.258 790149 9.97088
930.452 2848.32 373.266 790149 9.97088
930.493 2848.65 373.274 790149 9.97088
930.533 2848.98 373.282 790149 9.97088
930.573 2849.31 373.29 790149 9.97088
930.614 2849.64 373.298 790149 9.97088
930.654 2849.97 373.306 790149 9.97088
930.694 2850.3 373.314 790149 9.97088
930.735 2850.63 373.322 790149 9.97088
930.775 2850.96 373.33 790149 9.97088
930.815 2851.3 373.338 790149 9.97088
930.855 2851.63 373.346 790149 9.97088
930.896 2851.96 373.354 790149 9.97088
930.936 2852.29 373.362 790149 9.97088
930.976 2852.62 373.37 790149 9.97088
931.017 2852.95 373.378 790149 9.97088
931.057 2853.28 373.386 790149 9.97088
931.097 2853.61 373.394 790149 9.97088
931.138 2853.94 373.402 790149 9.97088
931.178 2854.27 373.41 790149 9.97088
931.218 2854.6 373.418 790149 9.97088
931.258 2854.93 373.426 790149 9.97088
931.299 2855.27 373.435 790149 9.97088
931.339 2855.6 373.443 790149 9.97088
931.379 2855.93 373.451 790149 9.97088
931.42 2856.26 373.459 790149 9.97088
931.46 2856.59 373.467 790149 9.97088
931.501 2856.92 373.475 790149 9.97088
931.541 2857.25 373.483 790149 9.97088
931.581 2857.58 373.491 790149 9.97088
931.622 2857.91 373.499 790149 9.97088
931.662 2858.24 373.507 790149 9.97088
931.702 2858.57 373.515 790149 9.97088
931.742 2858.9 373.523 790149 9.97088
931.783 2859.24 373.531 790149 9.97088
931.823 2859.57 373.539 790149 9.97088
931.863 2859.9 373.547 790149 9.97088
931.904 2860.23 373.555 790149 9.97088
931.944 2860.56 373.563 790149 9.97088
931.985 2860.89 373.571 790149 9.97088
932.025 2861.22 373.579 790149 9.97088
932.065 2861.55 373.587 790149 9.97088
932.106 2861.88 373.595 790149 9.97088
932.146 2862.21 373.603 790149 9.97088
932.186 2862.54 373.611 790149 9.97088
932.226 2862.87 373.619 790149 9.97088
932.267 2863.21 373.628 790149 9.97088
932.307 2863.54 373.636 790149 9.97088
932.347 2863.87 373.644 790149 9.97088
932.386 2864.2 373.652 790149 9.97088
932.422 2864.53 373.661 790149 9.97088
932.459 2864.86 373.67 790149 9.97088
932.495 2865.19 373.678 790149 9.97088
932.532 2865.52 373.687 790149 9.97088
932.568 2865.85 373.696 790149 9.97088
932.605 2866.19 373.705 790149 9.97088
932.641 2866.52 373.714 790149 9.97088
932.678 2866.85 373.722 790149 9.97088
932.715 2867.18 373.731 790149 9.97088
932.751 2867.51 373.74 790149 9.97088
932.788 2867.84 373.749 790149 9.97088
932.824 2868.17 373.757 790149 9.97088
932.861 2868.5 373.766 790149 9.97088
932.897 2868.84 373.775 790149 9.97088
932.934 2869.17 373.784 790149 9.97088
932.97 2869.5 373.793 790149 9.97088
933.007 2869.83 373.801 790149 9.97088
933.043 2870.16 373.81 790149 9.97088
933.08 2870.49 373.819 790149 9.97088
933.116 2870.82 373.828 790149 9.97088
933.153 2871.15 373.836 790149 9.97088
933.189 2871.49 373.845 790149 9.97088
933.226 2871.82 373.854 790149 9.97088
933.262 2872.15 373.863 790149 9.97088
933.299 2872.48 373.872 790149 9.97088
933.336 2872.81 373.88 790149 9.97088
933.372 2873.14 373.889 790149 9.97088
933.409 2873.47 373.898 790149 9.97088
933.445 2873.81 373.907 790149 9.97088
933.482 2874.14 373.915 790149 9.97088
933.518 2874.47 373.924 790149 9.97088
933.555 2874.8 373.933 790149 9.97088
933.592 2875.13 373.942 790149 9.97088
933.628 2875.46 373.951 790149 9.97088
933.665 2875.79 373.959 790149 9.97088
933.701 2876.12 373.968 790149 9.97088
933.738 2876.46 373.977 790149 9.97088
933.774 2876.79 373.986 790149 9.97088
933.811 2877.12 373.994 790149 9.97088
933.847 2877.45 374.003 790149 9.97088
933.884 2877.78 374.012 790149 9.97088
933.92 2878.11 374.021 790149 9.97088
933.957 2878.44 374.03 790149 9.97088
933.993 2878.77 374.038 790149 9.97088
934.03 2879.11 374.047 790149 9.97088
934.066 2879.44 374.056 790149 9.97088
934.103 2879.77 374.065 790149 9.97088
934.14 2880.1 374.074 790149 9.97088
934.176 2880.43 374.082 790149 9.97088
934.213 2880.76 374.091 790149 9.97088
934.249 2881.09 374.1 790149 9.97088
934.286 2881.42 374.109 790149 9.97088
934.322 2881.76 374.117 790149 9.97088
934.359 2882.09 374.126 790149 9.97088
934.395 2882.42 374.135 790149 9.97088
934.43 2882.75 374.144 790149 9.97088
934.463 2883.08 374.154 790149 9.97088
934.496 2883.41 374.163 790149 9.97088
934.528 2883.74 374.173 790149 9.97088
934.561 2884.08 374.182 790149 9.97088
934.593 2884.41 374.191 790149 9.97088
934.626 2884.74 374.201 790149 9.97088
934.659 2885.07 374.21 790149 9.97088
934.691 2885.4 374.22 790149 9.97088
934.724 2885.73 374.229 790149 9.97088
934.757 2886.07 374.239 790149 9.97088
934.79 2886.4 374.248 790149 9.97088
934.822 2886.73 374.258 790149 9.97088
934.855 2887.06 374.267 790149 9.97088
934.888 2887.39 374.277 790149 9.97088
934.92 2887.72 374.286 790149 9.97088
934.953 2888.06 374.296 790149 9.97088
934.986 2888.39 374.305 790149 9.97088
935.018 2888.72 374.315 790149 9.97088
935.051 2889.05 374.324 790149 9.97088
935.084 2889.38 374.334 790149 9.97088
935.116 2889.71 374.343 790149 9.97088
935.149 2890.05 374.353 790149 9.97088
935.182 2890.38 374.362 790149 9.97088
935.214 2890.71 374.372 790149 9.97088
935.247 2891.04 374.381 790149 9.97088
935.279 2891.37 374.39 790149 9.97088
935.312 2891.7 374.4 790149 9.97088
935.345 2892.03 374.409 790149 9.97088
935.377 2892.37 374.419 790149 9.97088
935.41 2892.7 374.428 790149 9.97088
935.443 2893.03 374.438 790149 9.97088
935.475 2893.36 374.447 790149 9.97088
935.508 2893.69 374.457 790149 9.97088
935.541 2894.02 374.466 790149 9.97088
935.573 2894.36 374.476 790149 9.97088
935.606 2894.69 374.485 790149 9.97088
935.639 2895.02 374.495 790149 9.97088
935.671 2895.35 374.504 790149 9.97088
935.704 2895.68 374.514 790149 9.97088
935.737 2896.01 374.523 790149 9.97088
935.769 2896.35 374.533 790149 9.97088
935.802 2896.68 374.542 790149 9.97088
935.835 2897.01 374.552 790149 9.97088
935.867 2897.34 374.561 790149 9.97088
935.9 2897.67 374.57 790149 9.97088
935.933 2898 374.58 790149 9.97088
935.965 2898.34 374.589 790149 9.97088
935.998 2898.67 374.599 790149 9.97088
936.031 2899 374.608 790149 9.97088
936.063 2899.33 374.618 790149 9.97088
936.096 2899.66 374.627 790149 9.97088
936.129 2899.99 374.637 790149 9.97088
936.162 2900.33 374.646 790149 9.97088
936.194 2900.66 374.656 790149 9.97088
936.227 2900.99 374.665 790149 9.97088
936.184 2900.51 374.651 800149 9.97088
936.214 2900.84 374.661 800149 9.97088
936.243 2901.17 374.671 800149 9.97088
936.272 2901.5 374.681 800149 9.97088
936.302 2901.83 374.691 800149 9.97088
936.331 2902.17 374.701 800149 9.97088
936.361 2902.5 374.711 800149 9.97088
936.39 2902.83 374.721 800149 9.97088
936.42 2903.16 374.731 800149 9.97088
936.449 2903.49 374.741 800149 9.97088
936.478 2903.83 374.751 800149 9.97088
936.508 2904.16 374.761 800149 9.97088
936.537 2904.49 374.771 800149 9.97088
936.567 2904.82 374.781 800149 9.97088
936.596 2905.15 374.791 800149 9.97088
936.626 2905.49 374.801 800149 9.97088
936.655 2905.82 374.811 800149 9.97088
936.684 2906.15 374.821 800149 9.97088
936.714 2906.48 374.831 800149 9.97088
936.743 2906.81 374.841 800149 9.97088
936.773 2907.14 374.851 800149 9.97088
936.802 2907.47 374.861 800149 9.97088
936.831 2907.81 374.871 800149 9.97088
936.861 2908.14 374.881 800149 9.97088
936.89 2908.47 374.891 800149 9.97088
936.92 2908.8 374.901 800149 9.97088
936.949 2909.13 374.911 800149 9.97088
936.978 2909.47 374.921 800149 9.97088
937.008 2909.8 374.931 800149 9.97088
937.037 2910.13 374.941 800149 9.97088
937.067 2910.46 374.951 800149 9.97088
937.096 2910.79 374.961 800149 9.97088
937.126 2911.13 374.971 800149 9.97088
937.155 2911.46 374.981 800149 9.97088
937.185 2911.79 374.991 800149 9.97088
937.214 2912.12 375.001 800149 9.97088
937.243 2912.46 375.011 800149 9.97088
937.273 2912.79 375.021 800149 9.97088
937.302 2913.12 375.031 800149 9.97088
937.331 2913.45 375.041 800149 9.97088
937.361 2913.78 375.051 800149 9.97088
937.39 2914.11 375.061 800149 9.97088
937.419 2914.43 375.071 800149 9.97088
937.448 2914.76 375.08 800149 9.97088
937.477 2915.09 375.09 800149 9.97088
937.506 2915.41 375.1 800149 9.97088
937.535 2915.74 375.11 800149 9.97088
937.564 2916.07 375.12 800149 9.97088
937.593 2916.39 375.13 800149 9.97088
937.622 2916.72 375.14 800149 9.97088
937.651 2917.05 375.15 800149 9.97088
937.68 2917.38 375.16 800149 9.97088
937.71 2917.71 375.169 800149 9.97088
937.739 2918.04 375.179 800149 9.97088
937.767 2918.39 375.19 800149 9.97088
937.796 2918.74 375.2 800149 9.97088
937.824 2919.09 375.211 800149 9.97088
937.852 2919.44 375.221 800149 9.97088
937.88 2919.79 375.232 800149 9.97088
937.908 2920.14 375.242 800149 9.97088
937.942 2920.54 375.254 800149 9.97088
937.975 2920.93 375.266 800149 9.97088
938.008 2921.33 375.278 800149 9.97088
938.041 2921.72 375.29 800149 9.97088
938.074 2922.12 375.302 800149 9.97088
938.107 2922.52 375.313 800149 9.97088
938.146 2922.95 375.326 800149 9.97088
938.185 2923.38 375.339 800149 9.97088
938.224 2923.82 375.352 800149 9.97088
938.263 2924.25 375.365 800149 9.97088
938.302 2924.68 375.378 800149 9.97088
938.341 2925.12 375.391 800149 9.97088
938.384 2925.59 375.405 800149 9.97088
938.427 2926.07 375.42 800149 9.97088
938.471 2926.55 375.434 800149 9.97088
938.514 2927.02 375.448 800149 9.97088
938.557 2927.5 375.462 800149 9.97088
938.6 2927.97 375.477 800149 4.93559
938.644 2928.48 375.492 800149 4.93559
938.688 2928.99 375.507 800149 4.93559
938.732 2929.5 375.522 800149 4.93559
938.776 2930.01 375.538 800149 4.93559
938.82 2930.52 375.553 800149 4.93559
938.864 2931.03 375.568 800149 4.81509
938.909 2931.56 375.584 800149 4.81509
938.955 2932.1 375.6 800149 4.81509
939 2932.64 375.616 800149 4.81509
939.045 2933.17 375.632 800149 4.81509
939.09 2933.71 375.648 800149 4.81509
939.135 2934.25 375.664 800149 4.89763
939.183 2934.81 375.681 800149 4.89763
939.232 2935.37 375.698 800149 4.89763
939.28 2935.93 375.715 800149 4.89371
939.328 2936.5 375.732 800149 4.81809
939.375 2937.06 375.749 800149 4.81809
939.423 2937.62 375.765 800149 4.76371
939.472 2938.21 375.783 800149 4.76371
939.521 2938.79 375.8 800149 4.76371
939.569 2939.38 375.818 800149 4.76371
939.618 2939.96 375.835 800149 4.76371
939.667 2940.55 375.853 800149 4.76371
939.716 2941.14 375.87 800149 4.67446
939.765 2941.73 375.888 800149 4.67446
939.814 2942.33 375.906 800149 4.67446
939.862 2942.93 375.924 800149 4.67446
939.911 2943.53 375.942 800149 4.67446
939.96 2944.12 375.96 800149 4.67446
940.009 2944.72 375.977 800149 4.67998
940.058 2945.32 375.995 800149 4.67998
940.107 2945.92 376.013 800149 4.67998
940.156 2946.52 376.031 800149 4.67998
940.205 2947.12 376.049 800149 4.67998
940.254 2947.72 376.067 800149 4.67998
940.303 2948.31 376.085 800149 4.66875
940.352 2948.91 376.102 800149 4.66875
940.4 2949.51 376.12 800149 4.66875
940.449 2950.1 376.138 800149 4.66875
940.498 2950.7 376.156 800149 4.66875
940.546 2951.29 376.174 800149 4.66875
940.595 2951.89 376.191 800149 4.69516
940.644 2952.49 376.209 800149 4.69516
940.693 2953.08 376.227 800149 4.69516
940.742 2953.68 376.245 800149 4.69516
940.791 2954.27 376.262 800149 4.65589
940.839 2954.87 376.28 800149 4.63101
940.887 2955.46 376.298 800149 4.67371
940.936 2956.06 376.316 800149 4.67371
940.985 2956.65 376.334 800149 4.67371
941.033 2957.25 376.352 800149 4.67371
941.082 2957.84 376.369 800149 4.67371
941.131 2958.44 376.387 800149 4.67371
941.179 2959.03 376.405 800149 4.68969
941.228 2959.63 376.423 800149 4.68969
941.277 2960.22 376.441 800149 4.68969
941.326 2960.82 376.458 800149 4.68969
941.375 2961.42 376.476 800149 4.68969
941.424 2962.01 376.494 800149 4.68969
941.472 2962.61 376.512 800149 4.67375
941.521 2963.2 376.53 800149 4.67375
941.57 2963.8 376.548 800149 4.67375
941.619 2964.39 376.565 800149 4.67375
941.667 2964.99 376.583 800149 4.67375
941.716 2965.59 376.601 800149 4.67375
941.765 2966.18 376.619 800149 4.63121
941.813 2966.78 376.637 800149 4.63121
941.861 2967.37 376.655 800149 4.63121
941.91 2967.97 376.672 800149 4.63121
941.958 2968.57 376.69 800149 4.63121
942.006 2969.16 376.708 800149 4.63121
942.054 2969.76 376.726 800149 4.60922
942.102 2970.35 376.744 800149 4.60922
942.15 2970.94 376.762 800149 4.60922
942.198 2971.54 376.779 800149 4.60922
942.246 2972.13 376.797 800149 4.59388
942.293 2972.72 376.815 800149 4.56047
942.341 2973.32 376.833 800149 4.56461
942.388 2973.9 376.85 800149 4.56461
942.435 2974.49 376.868 800149 4.56461
942.481 2975.08 376.886 800149 4.56461
942.528 2975.67 376.904 800149 4.56461
942.575 2976.26 376.921 800149 4.56461
942.622 2976.84 376.939 800149 4.53979
942.67 2977.44 376.957 800149 4.53979
942.717 2978.04 376.975 800149 4.53979
942.764 2978.63 376.993 800149 4.53979
942.812 2979.23 377.011 800149 4.53979
942.859 2979.82 377.029 800149 4.53979
942.906 2980.42 377.047 800149 4.29281
942.954 2981.06 377.066 800149 4.29281
943.002 2981.7 377.086 800149 4.29281
943.05 2982.34 377.105 800149 4.29281
943.098 2982.98 377.124 800149 4.29281
943.146 2983.62 377.143 800149 4.29281
943.194 2984.26 377.163 800149 4.63512
943.25 2984.95 377.184 800149 4.63512
943.306 2985.64 377.204 800149 4.63512
943.362 2986.33 377.225 800149 4.63512
943.418 2987.02 377.246 800149 4.63512
943.474 2987.71 377.267 800149 4.63512
943.53 2988.39 377.288 800149 4.66512
943.59 2989.13 377.31 800149 4.66512
943.65 2989.87 377.332 800149 4.66364
943.71 2990.61 377.354 800149 4.63175
943.77 2991.34 377.377 800149 4.63175
943.83 2992.08 377.399 800149 4.63175
943.889 2992.82 377.422 800149 4.90402
943.957 2993.6 377.446 800149 4.90402
944.024 2994.39 377.47 800149 4.90402
944.092 2995.18 377.494 800149 4.90402
944.159 2995.97 377.518 800149 4.90402
944.227 2996.75 377.542 800149 4.90402
944.294 2997.54 377.566 800149 4.70057
944.363 2998.37 377.592 800149 4.70057
944.431 2999.2 377.617 800149 4.70057
944.499 3000.03 377.642 800149 4.70057
944.567 3000.86 377.668 800149 4.70057
944.636 3001.69 377.693 800149 4.70057
944.704 3002.52 377.719 800149 4.68132
944.773 3003.36 377.744 800149 4.68132
944.841 3004.2 377.77 800149 4.68132
944.91 3005.03 377.795 800149 4.68132
944.978 3005.87 377.821 800149 4.68132
945.047 3006.71 377.847 800149 4.68132
945.116 3007.55 377.872 800149 4.68143
945.184 3008.38 377.898 800149 4.66831
945.252 3009.21 377.923 800149 4.66345
945.32 3010.04 377.949 800149 4.66345
945.388 3010.88 377.975 800149 4.66345
945.455 3011.71 378.001 800149 4.66345
945.523 3012.54 378.027 800149 4.66352
945.591 3013.37 378.053 800149 4.66352
945.659 3014.2 378.079 800149 4.66352
945.726 3015.03 378.104 800149 4.66352
945.794 3015.86 378.13 800149 4.66352
945.861 3016.69 378.156 800149 4.66352
945.929 3017.51 378.182 800149 4.65965
945.997 3018.35 378.208 800149 4.65965
946.065 3019.18 378.234 800149 4.65965
946.132 3020.01 378.259 800149 4.65965
946.2 3020.84 378.285 800149 4.65965
946.268 3021.67 378.311 800149 4.65965
946.336 3022.51 378.337 800149 4.66341
946.404 3023.34 378.363 800149 4.66341
946.472 3024.17 378.389 800149 4.66341
946.54 3025.01 378.415 800149 4.66341
946.608 3025.84 378.441 800149 4.66329
946.676 3026.68 378.467 800149 4.66083
946.744 3027.51 378.493 800149 4.6609
946.812 3028.34 378.52 800149 4.6609
946.88 3029.17 378.546 800149 4.6609
946.947 3030 378.573 800149 4.6609
947.015 3030.84 378.599 800149 4.6609
947.083 3031.67 378.626 800149 4.6609
947.151 3032.5 378.652 800149 4.7233
947.218 3033.31 378.678 800149 4.7233
947.286 3034.13 378.704 800149 4.7233
947.353 3034.95 378.73 800149 4.7233
947.421 3035.76 378.756 800149 4.7233
947.488 3036.58 378.782 800149 4.7233
947.556 3037.4 378.808 800149 4.66166
947.62 3038.19 378.833 800149 4.66166
947.685 3038.98 378.858 800149 4.66166
947.749 3039.77 378.883 800149 4.66166
947.814 3040.56 378.909 800149 4.66166
947.878 3041.35 378.934 800149 4.66166
947.943 3042.15 378.959 800149 4.66645
948.005 3042.91 378.983 800149 4.66645
948.067 3043.67 379.007 800149 4.66645
948.129 3044.43 379.032 800149 4.67523
948.191 3045.19 379.056 800149 4.67926
948.254 3045.95 379.081 800149 4.67926
948.316 3046.71 379.106 800149 4.66709
948.376 3047.45 379.13 800149 4.66709
948.436 3048.18 379.154 800149 4.66709
948.495 3048.91 379.178 800149 4.66709
948.555 3049.65 379.202 800149 4.66709
948.615 3050.38 379.226 800149 4.66709
948.675 3051.11 379.25 800149 4.67197
948.732 3051.81 379.273 800149 4.67197
948.79 3052.52 379.296 800149 4.67197
948.847 3053.22 379.319 800149 4.67197
948.905 3053.92 379.342 800149 4.67197
948.962 3054.63 379.365 800149 4.67197
949.02 3055.33 379.387 800149 4.59289
949.074 3056.01 379.41 800149 4.59289
949.129 3056.68 379.432 800149 4.59289
949.183 3057.36 379.454 800149 4.59289
949.237 3058.04 379.476 800149 4.59289
949.292 3058.72 379.498 800149 4.59289
949.346 3059.4 379.52 800149 4.67278
949.401 3060.06 379.542 800149 4.67278
949.455 3060.72 379.564 800149 4.67278
949.509 3061.38 379.585 800149 4.67278
949.563 3062.05 379.607 800149 4.67318
949.617 3062.71 379.629 800149 4.70098
949.672 3063.37 379.651 800149 4.70105
949.726 3064.03 379.673 800149 4.70105
949.78 3064.69 379.695 800149 4.70105
949.835 3065.35 379.718 800149 4.70105
949.889 3066.01 379.74 800149 4.70105
949.943 3066.67 379.762 800149 4.70105
949.997 3067.33 379.784 800149 4.70099
950.052 3067.99 379.807 800149 4.701
950.106 3068.66 379.829 800149 4.701
950.161 3069.32 379.851 800149 4.701
950.215 3069.98 379.873 800149 4.701
950.27 3070.64 379.896 800149 4.701
950.324 3071.31 379.918 800149 4.70572
950.379 3071.97 379.94 800149 4.70572
950.434 3072.64 379.963 800149 4.70572
950.488 3073.3 379.985 800149 4.70572
950.543 3073.97 380.008 800149 4.70572
950.598 3074.63 380.03 800149 4.70572
950.652 3075.29 380.052 800149 4.70096
950.707 3075.96 380.075 800149 4.70096
950.762 3076.62 380.097 800149 4.70096
950.816 3077.29 380.119 800149 4.70096
950.871 3077.95 380.142 800149 4.70096
950.925 3078.61 380.164 800149 4.70096
950.98 3079.28 380.187 800149 4.70096
951.035 3079.94 380.209 800149 4.70096
951.089 3080.61 380.231 800149 4.70096
951.102 3080.77 380.237 810149 4.63798
951.156 3081.43 380.26 810149 4.63798
951.21 3082.1 380.284 810149 4.63798
951.264 3082.76 380.307 810149 4.63798
951.317 3083.42 380.33 810149 4.63798
951.371 3084.09 380.353 810149 4.63798
951.425 3084.75 380.376 810149 4.63798
951.479 3085.42 380.4 810149 4.63798
951.533 3086.08 380.423 810149 4.63798
951.587 3086.74 380.446 810149 4.63798
951.641 3087.41 380.469 810149 4.63798
951.695 3088.07 380.493 810149 4.63798
951.748 3088.74 380.516 810149 4.63798
951.802 3089.4 380.539 810149 4.63798
951.856 3090.07 380.562 810149 4.63798
951.91 3090.73 380.586 810149 4.63798
951.964 3091.39 380.609 810149 4.63798
952.018 3092.06 380.632 810149 4.63798
952.072 3092.72 380.655 810149 4.63798
952.126 3093.39 380.679 810149 4.63798
952.179 3094.05 380.702 810149 4.63798
952.233 3094.71 380.725 810149 4.63798
952.287 3095.38 380.748 810149 4.63798
952.341 3096.04 380.772 810149 4.63798
952.395 3096.71 380.795 810149 4.63798
952.449 3097.37 380.818 810149 4.63798
952.503 3098.03 380.841 810149 4.63798
952.556 3098.7 380.865 810149 4.63798
952.61 3099.36 380.888 810149 4.63798
952.664 3100.03 380.911 810149 4.63798
952.718 3100.69 380.934 810149 4.63798
952.772 3101.35 380.957 810149 4.6357
952.826 3102.02 380.981 810149 4.63533
952.88 3102.68 381.006 810149 4.63533
952.934 3103.35 381.03 810149 4.63533
952.987 3104.01 381.054 810149 4.63533
953.041 3104.67 381.078 810149 4.63533
953.095 3105.34 381.102 810149 4.63533
953.149 3106 381.126 810149 4.63533
953.203 3106.67 381.151 810149 4.63533
953.257 3107.33 381.175 810149 4.63533
953.31 3107.99 381.199 810149 4.63533
953.364 3108.66 381.223 810149 4.63533
953.418 3109.32 381.247 810149 4.63533
953.472 3109.99 381.271 810149 4.63533
953.526 3110.65 381.296 810149 4.63533
953.58 3111.31 381.32 810149 4.63533
953.633 3111.98 381.344 810149 4.63533
953.687 3112.64 381.368 810149 4.63533
953.741 3113.31 381.392 810149 4.63533
953.795 3113.97 381.416 810149 4.63533
953.849 3114.64 381.44 810149 4.63533
953.903 3115.3 381.465 810149 4.63533
953.956 3115.96 381.489 810149 4.63533
954.01 3116.63 381.513 810149 4.63533
954.064 3117.29 381.537 810149 4.63533
954.118 3117.96 381.561 810149 4.63533
954.172 3118.62 381.585 810149 4.6401
954.226 3119.28 381.61 810149 4.6401
954.28 3119.95 381.634 810149 4.6401
954.334 3120.61 381.658 810149 4.6401
954.387 3121.28 381.682 810149 4.6401
954.441 3121.94 381.706 810149 4.6401
954.495 3122.61 381.73 810149 4.63691
954.549 3123.27 381.755 810149 4.63707
954.603 3123.93 381.78 810149 4.63707
954.657 3124.6 381.805 810149 4.63707
954.711 3125.26 381.83 810149 4.63707
954.764 3125.92 381.855 810149 4.63707
954.818 3126.59 381.88 810149 4.63701
954.872 3127.25 381.905 810149 4.63701
954.926 3127.92 381.93 810149 4.63701
954.98 3128.58 381.955 810149 4.63701
955.034 3129.25 381.98 810149 4.63701
955.088 3129.91 382.005 810149 4.63701
955.142 3130.58 382.03 810149 4.63694
955.196 3131.25 382.055 810149 4.63694
955.251 3131.92 382.08 810149 4.63694
955.305 3132.59 382.105 810149 4.63694
955.359 3133.26 382.13 810149 4.63694
955.414 3133.93 382.155 810149 4.63694
955.468 3134.6 382.181 810149 4.63701
955.522 3135.26 382.206 810149 4.63701
955.576 3135.93 382.231 810149 4.63701
955.63 3136.59 382.256 810149 4.63701
955.684 3137.26 382.281 810149 4.63701
955.738 3137.93 382.306 810149 4.63701
955.792 3138.59 382.331 810149 4.83979
955.846 3139.23 382.355 810149 4.83979
955.901 3139.88 382.379 810149 4.83979
955.955 3140.52 382.403 810149 4.83979
956.01 3141.16 382.427 810149 4.83979
956.064 3141.81 382.451 810149 4.83979
956.119 3142.45 382.476 810149 4.62272
956.167 3143.05 382.498 810149 4.62272
956.216 3143.66 382.521 810149 4.62655
956.265 3144.26 382.544 810149 4.6288
956.314 3144.86 382.567 810149 4.6288
956.363 3145.47 382.591 810149 4.6288
956.412 3146.07 382.614 810149 4.42971
956.456 3146.65 382.636 810149 4.42971
956.501 3147.22 382.658 810149 4.42971
956.545 3147.79 382.68 810149 4.42971
956.59 3148.37 382.702 810149 4.42971
956.634 3148.94 382.724 810149 4.42971
956.678 3149.52 382.747 810149 4.57344
956.724 3150.09 382.769 810149 4.57344
956.77 3150.66 382.791 810149 4.57344
956.816 3151.23 382.813 810149 4.57344
956.862 3151.81 382.835 810149 4.57344
956.908 3152.38 382.857 810149 4.57344
956.954 3152.95 382.879 810149 4.71548
957.002 3153.54 382.902 810149 4.71548
957.05 3154.12 382.924 810149 4.71548
957.098 3154.71 382.947 810149 4.71548
957.147 3155.3 382.969 810149 4.71548
957.195 3155.88 382.992 810149 4.71548
957.243 3156.47 383.015 810149 4.72085
957.292 3157.05 383.037 810149 4.72085
957.34 3157.64 383.06 810149 4.72085
957.388 3158.22 383.082 810149 4.72085
957.437 3158.81 383.105 810149 4.72085
957.485 3159.4 383.127 810149 4.72085
957.534 3159.98 383.15 810149 4.56236
957.579 3160.56 383.172 810149 4.56236
957.625 3161.13 383.194 810149 4.56236
957.671 3161.7 383.216 810149 4.56236
957.717 3162.27 383.238 810149 4.56236
957.762 3162.85 383.26 810149 4.56236
957.808 3163.42 383.283 810149 4.43524
957.853 3163.99 383.305 810149 4.43524
957.897 3164.57 383.327 810149 4.43604
957.942 3165.14 383.349 810149 4.44569
957.986 3165.72 383.372 810149 4.44569
958.031 3166.29 383.394 810149 4.44569
958.075 3166.86 383.417 810149 0
