651.418 2094.38 372.573 730149 33.7695
651.875 2095.06 372.563 730149 33.7695
652.333 2095.75 372.553 730149 33.7695
652.791 2096.43 372.543 730149 33.7695
653.248 2097.12 372.533 730149 33.7695
653.706 2097.8 372.523 730149 33.639
654.162 2098.49 372.514 730149 33.1976
654.625 2099.19 372.506 730149 33.1976
655.088 2099.9 372.498 730149 33.1976
655.551 2100.61 372.49 730149 33.1976
656.014 2101.32 372.482 730149 33.1976
656.477 2102.03 372.474 730149 33.1976
656.941 2102.73 372.466 730149 33.3481
657.421 2103.46 372.458 730149 33.3481
657.902 2104.19 372.45 730149 33.3481
658.383 2104.92 372.441 730149 33.3481
658.864 2105.66 372.433 730149 33.3481
659.344 2106.39 372.425 730149 33.3481
659.825 2107.12 372.417 730149 33.4644
660.318 2107.86 372.408 730149 33.4644
660.811 2108.61 372.4 730149 33.4644
661.304 2109.35 372.392 730149 33.4644
661.797 2110.1 372.383 730149 33.4644
662.29 2110.84 372.375 730149 33.4644
662.783 2111.59 372.366 730149 33.4912
663.278 2112.34 372.358 730149 33.4912
663.774 2113.09 372.35 730149 33.4912
664.269 2113.84 372.341 730149 33.4912
664.765 2114.59 372.333 730149 33.4912
665.26 2115.34 372.324 730149 33.4912
665.258 2115.33 372.326 740149 32.7057
665.744 2116.09 372.322 740149 32.7057
666.231 2116.84 372.317 740149 32.7057
666.717 2117.6 372.313 740149 32.7057
667.203 2118.36 372.308 740149 32.7057
667.69 2119.12 372.304 740149 32.7057
668.176 2119.87 372.299 740149 32.7052
668.664 2120.63 372.295 740149 32.7052
669.151 2121.39 372.29 740149 32.7052
669.638 2122.15 372.286 740149 32.7052
670.125 2122.91 372.281 740149 32.7052
670.612 2123.67 372.276 740149 32.7052
671.1 2124.43 372.272 740149 32.8057
671.578 2125.17 372.267 740149 32.8057
672.057 2125.91 372.263 740149 32.8057
672.536 2126.66 372.258 740149 32.8057
673.015 2127.4 372.254 740149 32.8057
673.494 2128.14 372.25 740149 32.3509
673.967 2128.89 372.246 740149 32.2852
674.408 2129.59 372.243 740149 32.2852
674.849 2130.28 372.24 740149 32.2852
675.289 2130.98 372.237 740149 32.2852
675.73 2131.68 372.235 740149 32.2852
676.171 2132.38 372.232 740149 32.2852
676.611 2133.07 372.229 740149 32.1263
677.025 2133.73 372.226 740149 32.1263
677.438 2134.39 372.223 740149 32.1263
677.851 2135.05 372.22 740149 32.1263
678.265 2135.71 372.218 740149 32.1263
678.678 2136.36 372.215 740149 32.1263
679.092 2137.02 372.212 740149 32.0257
679.477 2137.64 372.21 740149 32.0257
679.862 2138.25 372.207 740149 32.0257
680.248 2138.87 372.204 740149 32.0257
680.633 2139.49 372.202 740149 32.0257
681.018 2140.1 372.199 740149 32.0257
681.404 2140.72 372.197 740149 31.811
681.759 2141.29 372.194 740149 31.7071
682.113 2141.87 372.192 740149 31.3204
682.464 2142.44 372.19 740149 31.3204
682.814 2143.02 372.189 740149 31.3204
683.165 2143.59 372.187 740149 31.3204
683.515 2144.17 372.185 740149 31.6994
683.852 2144.72 372.184 740149 31.6994
684.189 2145.26 372.182 740149 31.6994
684.526 2145.81 372.181 740149 31.6994
684.863 2146.35 372.179 740149 31.6994
685.2 2146.9 372.178 740149 31.6994
685.537 2147.44 372.176 740149 31.846
685.867 2147.97 372.175 740149 31.846
686.196 2148.5 372.173 740149 31.846
686.525 2149.03 372.172 740149 31.846
686.854 2149.56 372.17 740149 31.846
687.183 2150.09 372.169 740149 31.8459
687.513 2150.62 372.167 740149 31.5676
687.826 2151.13 372.166 740149 31.5676
688.14 2151.65 372.164 740149 31.5676
688.454 2152.16 372.163 740149 31.5676
688.768 2152.67 372.161 740149 31.5676
689.081 2153.18 372.16 740149 31.5676
689.395 2153.69 372.158 740149 31.5263
689.694 2154.18 372.157 740149 31.5263
689.994 2154.66 372.156 740149 31.5263
690.293 2155.15 372.154 740149 31.2596
690.59 2155.64 372.153 740149 31.032
690.885 2156.13 372.152 740149 31.032
691.18 2156.62 372.151 740149 31.0868
691.468 2157.1 372.15 740149 31.0868
691.757 2157.58 372.149 740149 31.0868
692.045 2158.06 372.148 740149 31.0868
692.333 2158.53 372.147 740149 31.0868
692.622 2159.01 372.146 740149 31.0868
692.91 2159.49 372.146 740149 31.0921
693.199 2159.97 372.145 740149 31.0921
693.488 2160.45 372.144 740149 31.0921
693.777 2160.93 372.143 740149 31.0921
694.066 2161.41 372.142 740149 31.0921
694.355 2161.89 372.141 740149 31.0921
694.644 2162.37 372.14 740149 31.0902
694.936 2162.85 372.139 740149 31.0902
695.228 2163.33 372.138 740149 31.0902
695.519 2163.82 372.137 740149 31.0902
695.811 2164.3 372.136 740149 31.0902
696.103 2164.79 372.135 740149 31.0902
696.395 2165.27 372.134 740149 31.2315
696.687 2165.75 372.133 740149 31.2315
696.98 2166.23 372.132 740149 31.2315
697.272 2166.72 372.132 740149 31.2315
697.565 2167.2 372.131 740149 31.2315
697.858 2167.68 372.13 740149 31.2315
698.15 2168.16 372.129 740149 30.9679
698.435 2168.64 372.128 740149 30.9368
698.72 2169.11 372.127 740149 30.4699
699 2169.59 372.126 740149 30.4699
699.281 2170.07 372.126 740149 30.4699
699.562 2170.55 372.125 740149 30.4699
699.842 2171.02 372.124 740149 29.8809
700.111 2171.49 372.123 740149 29.8809
700.379 2171.96 372.123 740149 29.8809
700.647 2172.42 372.122 740149 29.8808
700.915 2172.89 372.121 740149 29.8808
701.183 2173.36 372.121 740149 29.8808
701.452 2173.82 372.12 740149 29.6516
701.714 2174.28 372.119 740149 29.6515
701.977 2174.75 372.119 740149 29.6515
702.239 2175.21 372.118 740149 29.6515
702.502 2175.67 372.117 740149 29.6515
702.764 2176.13 372.117 740149 29.6515
703.027 2176.59 372.116 740149 29.8805
703.295 2177.06 372.115 740149 29.8805
703.563 2177.52 372.115 740149 29.8805
703.831 2177.99 372.114 740149 29.8805
704.099 2178.46 372.113 740149 29.8805
704.367 2178.92 372.113 740149 29.8805
704.635 2179.39 372.112 740149 30.4756
704.915 2179.87 372.111 740149 30.4756
705.196 2180.34 372.111 740149 30.4756
705.477 2180.82 372.11 740149 30.4756
705.758 2181.3 372.109 740149 30.4756
706.038 2181.77 372.109 740149 30.4756
706.319 2182.25 372.108 740149 30.7212
706.608 2182.74 372.107 740149 30.43
706.895 2183.23 372.106 740149 30.2197
707.18 2183.71 372.106 740149 30.2197
707.465 2184.2 372.105 740149 30.2197
707.749 2184.69 372.104 740149 30.2197
708.034 2185.18 372.104 740149 30.1118
708.32 2185.67 372.103 740149 30.1118
708.605 2186.17 372.102 740149 30.1118
708.89 2186.66 372.102 740149 30.1118
709.175 2187.15 372.101 740149 30.1118
709.461 2187.64 372.1 740149 30.1118
709.746 2188.13 372.1 740149 30.0925
710.027 2188.62 372.099 740149 30.0925
710.307 2189.1 372.098 740149 30.0925
710.588 2189.59 372.097 740149 30.0925
710.869 2190.07 372.097 740149 30.0925
711.15 2190.55 372.096 740149 30.0925
711.43 2191.04 372.095 740149 29.9995
711.701 2191.51 372.095 740149 29.9995
711.972 2191.98 372.094 740149 29.9995
712.243 2192.45 372.093 740149 29.9995
712.514 2192.92 372.093 740149 29.9995
712.785 2193.39 372.092 740149 29.9995
713.056 2193.86 372.091 740149 29.8513
713.316 2194.31 372.091 740149 29.8513
713.576 2194.76 372.09 740149 29.8513
713.835 2195.21 372.09 740149 29.8513
714.095 2195.67 372.089 740149 29.8513
714.355 2196.12 372.088 740149 29.8513
714.615 2196.57 372.088 740149 29.5097
714.865 2197.01 372.087 740149 29.239
715.114 2197.46 372.086 740149 29.239
715.363 2197.9 372.085 740149 29.239
715.611 2198.35 372.085 740149 29.239
715.86 2198.79 372.084 740149 29.239
716.108 2199.23 372.083 740149 29.239
716.352 2199.67 372.082 740149 29.239
716.596 2200.11 372.081 740149 29.239
716.84 2200.54 372.081 740149 29.239
717.084 2200.98 372.08 740149 29.239
717.327 2201.41 372.079 740149 29.239
717.571 2201.85 372.078 740149 29.239
717.807 2202.27 372.078 740149 29.239
718.044 2202.69 372.077 740149 29.239
718.28 2203.1 372.076 740149 29.239
718.516 2203.52 372.075 740149 29.239
718.752 2203.94 372.075 740149 29.239
718.988 2204.35 372.074 740149 29.239
719.203 2204.74 372.073 740149 29.239
719.417 2205.12 372.073 740149 29.239
719.631 2205.5 372.072 740149 29.239
719.846 2205.88 372.071 740149 29.239
720.06 2206.26 372.07 740149 29.239
720.274 2206.64 372.07 740149 29.239
720.467 2206.98 372.069 740149 29.239
720.66 2207.33 372.069 740149 29.239
720.853 2207.68 372.068 740149 29.239
721.046 2208.03 372.067 740149 29.239
721.239 2208.37 372.067 740149 29.239
721.432 2208.72 372.066 740149 29.239
721.601 2209.03 372.066 740149 29.239
721.771 2209.34 372.065 740149 29.239
721.941 2209.64 372.064 740149 29.239
722.11 2209.95 372.064 740149 29.239
722.28 2210.26 372.063 740149 29.239
722.45 2210.57 372.063 740149 29.239
722.611 2210.86 372.062 740149 29.239
722.77 2211.15 372.062 740149 29.239
722.929 2211.44 372.061 740149 29.239
723.088 2211.73 372.06 740149 29.239
723.248 2212.02 372.059 740149 29.239
723.407 2212.31 372.059 740149 29.239
723.564 2212.6 372.058 740149 29.239
723.722 2212.88 372.057 740149 29.239
723.879 2213.17 372.056 740149 29.239
724.037 2213.46 372.056 740149 29.239
724.194 2213.75 372.055 740149 29.239
724.352 2214.03 372.054 740149 29.239
724.511 2214.32 372.053 740149 29.239
724.671 2214.62 372.053 740149 29.239
724.831 2214.91 372.052 740149 29.239
724.99 2215.2 372.051 740149 29.239
725.15 2215.49 372.05 740149 29.239
725.31 2215.78 372.05 740149 29.239
725.47 2216.07 372.049 740149 29.239
725.631 2216.37 372.048 740149 29.239
725.792 2216.66 372.047 740149 29.239
725.952 2216.95 372.047 740149 29.239
726.113 2217.25 372.046 740149 29.239
726.274 2217.54 372.045 740149 29.239
726.434 2217.83 372.044 740149 29.239
726.594 2218.12 372.044 740149 29.239
726.754 2218.42 372.043 740149 29.239
726.915 2218.71 372.042 740149 29.239
727.075 2219 372.041 740149 29.239
727.235 2219.29 372.041 740149 29.239
727.395 2219.59 372.04 740149 29.239
727.555 2219.88 372.039 740149 29.239
727.715 2220.17 372.039 740149 29.239
727.875 2220.46 372.038 740149 29.239
728.035 2220.75 372.037 740149 29.239
728.195 2221.04 372.036 740149 29.239
728.356 2221.34 372.036 740149 29.239
728.517 2221.63 372.035 740149 29.239
728.678 2221.93 372.034 740149 29.239
728.839 2222.22 372.033 740149 29.239
728.999 2222.51 372.033 740149 29.239
729.16 2222.81 372.032 740149 29.239
729.323 2223.1 372.031 740149 29.239
729.486 2223.4 372.03 740149 29.239
729.649 2223.7 372.029 740149 29.239
729.812 2223.99 372.029 740149 29.239
729.975 2224.29 372.028 740149 29.239
730.137 2224.59 372.027 740149 29.239
730.298 2224.88 372.026 740149 29.239
730.457 2225.18 372.025 740149 29.239
730.616 2225.48 372.024 740149 29.239
730.775 2225.77 372.023 740149 29.239
730.933 2226.07 372.022 740149 29.239
731.092 2226.36 372.021 740149 29.239
731.243 2226.64 372.02 740149 29.239
731.394 2226.92 372.019 740149 29.239
731.545 2227.19 372.018 740149 29.239
731.696 2227.47 372.017 740149 29.239
731.847 2227.75 372.016 740149 29.239
731.998 2228.02 372.015 740149 29.239
732.127 2228.26 372.014 740149 29.239
732.256 2228.5 372.013 740149 29.239
732.384 2228.73 372.012 740149 29.239
732.513 2228.97 372.011 740149 29.239
732.642 2229.21 372.01 740149 29.239
732.77 2229.45 372.009 740149 29.239
732.878 2229.65 372.009 740149 29.239
732.985 2229.85 372.008 740149 29.239
733.092 2230.05 372.007 740149 29.239
733.2 2230.26 372.006 740149 29.239
733.307 2230.46 372.006 740149 29.239
733.415 2230.66 372.005 740149 29.239
733.502 2230.83 372.004 740149 29.239
733.59 2230.99 372.004 740149 29.239
733.678 2231.16 372.003 740149 29.239
733.766 2231.33 372.002 740149 29.239
733.854 2231.49 372.002 740149 29.239
733.941 2231.66 372.001 740149 29.239
734.011 2231.79 372.001 740149 29.239
734.081 2231.91 372 740149 29.239
734.151 2232.04 372 740149 29.239
734.221 2232.17 371.999 740149 29.239
734.291 2232.3 371.999 740149 29.239
734.36 2232.43 371.998 740149 29.239
734.411 2232.52 371.998 740149 29.239
734.461 2232.61 371.998 740149 29.239
734.512 2232.7 371.997 740149 29.239
734.562 2232.79 371.997 740149 29.239
734.612 2232.88 371.996 740149 29.239
734.663 2232.97 371.996 740149 29.239
734.692 2233.03 371.996 740149 29.239
734.721 2233.09 371.996 740149 29.239
734.75 2233.14 371.996 740149 29.239
734.779 2233.2 371.995 740149 29.239
734.807 2233.26 371.995 740149 29.239
734.836 2233.31 371.995 740149 29.239
734.844 2233.33 371.995 740149 29.239
734.853 2233.35 371.995 740149 29.239
734.861 2233.37 371.995 740149 29.239
734.869 2233.39 371.995 740149 29.239
734.877 2233.41 371.995 740149 29.239
734.885 2233.43 371.994 740149 29.239
734.886 2233.43 371.994 740149 29.239
734.886 2233.43 371.994 740149 29.239
734.887 2233.43 371.994 740149 29.239
734.887 2233.44 371.994 740149 29.239
734.888 2233.44 371.994 740149 29.239
734.889 2233.44 371.994 740149 29.239
734.889 2233.44 371.994 740149 29.239
734.889 2233.44 371.994 740149 29.239
734.889 2233.44 371.994 740149 29.239
734.889 2233.44 371.994 740149 29.239
734.889 2233.44 371.994 740149 29.239
734.889 2233.44 371.994 740149 29.239
734.889 2233.44 371.994 740149 29.239
734.889 2233.44 371.994 740149 29.239
734.889 2233.44 371.994 740149 29.239
734.889 2233.44 371.994 740149 29.239
734.889 2233.44 371.994 740149 29.239
734.889 2233.44 371.994 740149 29.239
734.889 2233.44 371.994 740149 29.239
734.889 2233.44 371.994 740149 29.239
734.889 2233.44 371.994 740149 29.239
734.889 2233.44 371.994 740149 29.239
734.889 2233.44 371.994 740149 29.239
734.889 2233.44 371.994 740149 29.239
734.889 2233.44 371.994 740149 29.239
734.889 2233.44 371.994 740149 29.239
734.889 2233.44 371.994 740149 29.239
734.889 2233.44 371.994 740149 29.239
734.889 2233.44 371.994 740149 29.239
734.889 2233.44 371.994 740149 29.239
734.889 2233.44 371.994 740149 29.239
734.889 2233.44 371.994 740149 29.239
734.889 2233.44 371.994 740149 29.239
734.889 2233.44 371.994 740149 29.239
734.889 2233.44 371.994 740149 29.239
734.889 2233.44 371.994 740149 29.239
734.889 2233.44 371.994 740149 29.239
734.889 2233.44 371.994 740149 29.239
734.889 2233.44 371.994 740149 29.239
734.889 2233.44 371.994 740149 29.239
734.889 2233.44 371.994 740149 29.239
734.889 2233.44 371.994 740149 29.239
734.889 2233.44 371.994 740149 29.239
734.889 2233.44 371.994 740149 29.239
734.889 2233.44 371.994 740149 29.239
734.889 2233.44 371.994 740149 29.239
734.889 2233.44 371.994 740149 29.239
734.889 2233.44 371.994 740149 29.239
734.889 2233.44 371.994 740149 29.239
734.889 2233.44 371.994 740149 29.239
734.889 2233.44 371.994 740149 29.239
734.889 2233.44 371.994 740149 29.239
734.889 2233.44 371.994 740149 29.239
734.889 2233.44 371.994 740149 29.239
734.889 2233.44 371.994 740149 29.239
734.889 2233.44 371.994 740149 29.239
734.889 2233.44 371.994 740149 29.239
734.889 2233.44 371.994 740149 29.239
734.889 2233.44 371.994 740149 29.239
734.889 2233.44 371.994 740149 29.239
734.889 2233.44 371.994 740149 29.239
734.889 2233.44 371.994 740149 29.239
734.889 2233.44 371.994 740149 29.239
734.889 2233.44 371.994 740149 29.239
734.889 2233.44 371.994 740149 29.239
734.889 2233.44 371.994 740149 29.239
734.889 2233.44 371.994 740149 29.239
734.889 2233.44 371.994 740149 29.239
734.889 2233.44 371.994 740149 29.239
734.889 2233.44 371.994 740149 29.239
734.889 2233.44 371.994 740149 29.239
734.889 2233.44 371.994 740149 29.239
734.889 2233.44 371.994 740149 29.239
734.889 2233.44 371.994 740149 29.239
734.889 2233.44 371.994 740149 29.239
734.889 2233.44 371.994 740149 29.239
734.889 2233.44 371.994 740149 29.239
734.889 2233.44 371.994 740149 29.239
734.889 2233.44 371.994 740149 29.239
734.889 2233.44 371.994 740149 29.239
734.889 2233.44 371.994 740149 29.239
734.889 2233.44 371.994 740149 29.239
734.889 2233.44 371.994 740149 29.239
734.889 2233.44 371.994 740149 29.239
734.889 2233.44 371.994 740149 29.239
734.889 2233.44 371.994 740149 29.239
734.889 2233.44 371.994 740149 29.239
734.889 2233.44 371.994 740149 29.239
734.889 2233.44 371.994 740149 29.239
734.889 2233.44 371.994 740149 29.239
734.889 2233.44 371.994 740149 29.239
734.889 2233.44 371.994 740149 29.239
734.889 2233.44 371.994 740149 29.239
734.889 2233.44 371.994 740149 29.239
734.889 2233.44 371.994 740149 29.239
734.889 2233.44 371.994 740149 29.239
734.889 2233.44 371.994 740149 29.239
734.889 2233.44 371.994 740149 29.239
734.889 2233.44 371.994 740149 29.239
734.889 2233.44 371.994 740149 29.239
734.889 2233.44 371.994 740149 29.239
734.889 2233.44 371.994 740149 29.239
734.889 2233.44 371.994 740149 29.239
734.889 2233.44 371.994 740149 29.239
734.889 2233.44 371.994 740149 29.239
734.889 2233.44 371.994 740149 29.239
734.889 2233.44 371.994 740149 29.239
734.889 2233.44 371.994 740149 29.239
734.889 2233.44 371.994 740149 29.239
734.889 2233.44 371.994 740149 29.239
734.889 2233.44 371.994 740149 29.239
734.889 2233.44 371.994 740149 29.239
734.889 2233.44 371.994 740149 29.239
734.889 2233.44 371.994 740149 29.239
734.889 2233.44 371.994 740149 29.239
734.889 2233.44 371.994 740149 29.239
734.889 2233.44 371.994 740149 29.239
734.889 2233.44 371.994 740149 29.239
734.889 2233.44 371.994 740149 29.239
734.889 2233.44 371.994 740149 29.239
734.889 2233.44 371.994 740149 29.239
734.889 2233.44 371.994 740149 29.239
734.889 2233.44 371.994 740149 29.239
734.889 2233.44 371.994 740149 29.239
734.889 2233.44 371.994 740149 29.239
734.889 2233.44 371.994 740149 29.239
734.889 2233.44 371.994 740149 29.239
734.889 2233.44 371.994 740149 29.239
734.889 2233.44 371.994 740149 29.239
734.889 2233.44 371.994 740149 29.239
734.889 2233.44 371.994 740149 29.239
734.889 2233.44 371.994 740149 29.239
734.889 2233.44 371.994 740149 29.239
734.889 2233.44 371.994 740149 29.239
734.889 2233.44 371.994 740149 29.239
734.889 2233.44 371.994 740149 29.239
734.889 2233.44 371.994 740149 29.239
734.889 2233.44 371.994 740149 29.239
734.889 2233.44 371.994 740149 29.239
734.889 2233.44 371.994 740149 29.239
734.889 2233.44 371.994 740149 29.239
734.889 2233.44 371.994 740149 29.239
734.889 2233.44 371.994 740149 29.239
734.889 2233.44 371.994 740149 29.239
734.889 2233.44 371.994 740149 29.239
734.889 2233.44 371.994 740149 29.239
734.889 2233.44 371.994 740149 29.239
734.889 2233.44 371.994 740149 29.239
734.889 2233.44 371.994 740149 29.239
734.889 2233.44 371.994 740149 29.239
734.889 2233.44 371.994 740149 29.239
734.889 2233.44 371.994 740149 29.239
734.889 2233.44 371.994 740149 29.239
734.889 2233.44 371.994 740149 29.239
734.889 2233.44 371.994 740149 29.239
734.889 2233.44 371.994 740149 29.239
734.889 2233.44 371.994 740149 29.239
734.889 2233.44 371.994 740149 29.239
734.889 2233.44 371.994 740149 29.239
734.889 2233.44 371.994 740149 29.239
734.889 2233.44 371.994 740149 29.239
734.889 2233.44 371.994 740149 29.239
734.889 2233.44 371.994 740149 29.239
734.889 2233.44 371.994 740149 29.239
734.889 2233.44 371.994 740149 29.239
734.889 2233.44 371.994 740149 29.239
734.889 2233.44 371.994 740149 29.239
734.889 2233.44 371.994 740149 29.239
734.889 2233.44 371.994 740149 29.239
734.889 2233.44 371.994 740149 29.239
734.889 2233.44 371.994 740149 29.239
734.889 2233.44 371.994 740149 29.239
734.889 2233.44 371.994 740149 29.239
734.889 2233.44 371.994 740149 29.239
734.889 2233.44 371.994 740149 29.239
734.889 2233.44 371.994 740149 29.239
734.889 2233.44 371.994 740149 29.239
734.889 2233.44 371.994 740149 29.239
734.889 2233.44 371.994 740149 29.239
734.889 2233.44 371.994 740149 29.239
734.889 2233.44 371.994 740149 29.239
734.889 2233.44 371.994 740149 29.239
734.889 2233.44 371.994 740149 29.239
734.889 2233.44 371.994 740149 29.239
734.889 2233.44 371.994 740149 29.239
734.889 2233.44 371.994 740149 29.239
734.889 2233.44 371.994 740149 29.239
734.889 2233.44 371.994 740149 29.239
734.889 2233.44 371.994 740149 29.239
734.889 2233.44 371.994 740149 29.239
734.889 2233.44 371.994 740149 29.239
734.889 2233.44 371.994 740149 29.239
734.889 2233.44 371.994 740149 29.239
734.889 2233.44 371.994 740149 29.239
734.889 2233.44 371.994 740149 29.239
734.889 2233.44 371.994 740149 29.239
734.889 2233.44 371.994 740149 29.239
734.889 2233.44 371.994 740149 29.239
734.889 2233.44 371.994 740149 29.239
734.889 2233.44 371.994 740149 29.239
734.889 2233.44 371.994 740149 29.239
734.889 2233.44 371.994 740149 29.239
734.889 2233.44 371.994 740149 29.239
734.889 2233.44 371.994 740149 29.239
734.889 2233.44 371.994 740149 29.239
734.889 2233.44 371.994 740149 29.239
734.889 2233.44 371.994 740149 29.239
734.889 2233.44 371.994 740149 29.239
734.889 2233.44 371.994 740149 29.239
734.889 2233.44 371.994 740149 29.239
734.889 2233.44 371.994 740149 29.239
734.889 2233.44 371.994 740149 29.239
734.889 2233.44 371.994 740149 29.239
734.889 2233.44 371.994 740149 29.239
734.889 2233.44 371.994 740149 29.239
734.889 2233.44 371.994 740149 29.239
734.889 2233.44 371.994 740149 29.239
734.889 2233.44 371.994 740149 29.239
734.889 2233.44 371.994 740149 29.239
734.889 2233.44 371.994 740149 29.239
734.889 2233.44 371.994 740149 29.239
734.889 2233.44 371.994 740149 29.239
734.889 2233.44 371.994 740149 29.239
734.889 2233.44 371.994 740149 29.239
734.889 2233.44 371.994 740149 29.239
734.889 2233.44 371.994 740149 29.239
734.889 2233.44 371.994 740149 29.239
734.889 2233.44 371.994 740149 29.239
734.889 2233.44 371.994 740149 29.239
734.889 2233.44 371.994 740149 29.239
734.889 2233.44 371.994 740149 29.239
734.889 2233.44 371.994 740149 29.239
734.889 2233.44 371.994 740149 29.239
734.889 2233.44 371.994 740149 29.239
734.889 2233.44 371.994 740149 29.239
734.889 2233.44 371.994 740149 29.239
734.889 2233.44 371.994 740149 29.239
734.889 2233.44 371.994 740149 29.239
734.889 2233.44 371.994 740149 29.239
734.889 2233.44 371.994 740149 29.239
734.889 2233.44 371.994 740149 29.239
734.889 2233.44 371.994 740149 29.239
734.889 2233.44 371.994 740149 29.239
734.889 2233.44 371.994 740149 29.239
734.889 2233.44 371.994 740149 29.239
734.889 2233.44 371.994 740149 29.239
734.889 2233.44 371.994 740149 29.239
734.889 2233.44 371.994 740149 29.239
734.889 2233.44 371.994 740149 29.239
734.889 2233.44 371.994 740149 29.239
734.889 2233.44 371.994 740149 29.239
734.889 2233.44 371.994 740149 29.239
734.889 2233.44 371.994 740149 29.239
734.889 2233.44 371.994 740149 29.239
734.889 2233.44 371.994 740149 29.239
734.889 2233.44 371.994 740149 29.239
734.889 2233.44 371.994 740149 29.239
734.889 2233.44 371.994 740149 29.239
734.889 2233.44 371.994 740149 29.239
734.889 2233.44 371.994 740149 29.239
734.889 2233.44 371.994 740149 29.239
734.889 2233.44 371.994 740149 29.239
734.889 2233.44 371.994 740149 29.239
734.889 2233.44 371.994 740149 29.239
734.889 2233.44 371.994 740149 29.239
734.889 2233.44 371.994 740149 29.239
734.889 2233.44 371.994 740149 29.239
734.889 2233.44 371.994 740149 29.239
734.889 2233.44 371.994 740149 29.239
734.889 2233.44 371.994 740149 29.239
734.889 2233.44 371.994 740149 29.239
734.889 2233.44 371.994 740149 29.239
734.889 2233.44 371.994 740149 29.239
734.889 2233.44 371.994 740149 29.239
734.889 2233.44 371.994 740149 29.239
734.889 2233.44 371.994 740149 29.239
734.889 2233.44 371.994 740149 29.239
734.889 2233.44 371.994 740149 29.239
734.889 2233.44 371.994 740149 29.239
734.889 2233.44 371.994 740149 29.239
734.889 2233.44 371.994 740149 29.239
734.889 2233.44 371.994 740149 29.239
734.889 2233.44 371.994 740149 29.239
734.889 2233.44 371.994 740149 29.239
734.889 2233.44 371.994 740149 29.239
734.889 2233.44 371.994 740149 29.239
734.889 2233.44 371.994 740149 29.239
734.889 2233.44 371.994 740149 29.239
734.889 2233.44 371.994 740149 29.239
734.889 2233.44 371.994 740149 29.239
734.889 2233.44 371.994 740149 29.239
734.889 2233.44 371.994 740149 29.239
734.889 2233.44 371.994 740149 29.239
734.889 2233.44 371.994 740149 29.239
734.889 2233.44 371.994 740149 29.239
734.889 2233.44 371.994 740149 29.239
734.889 2233.44 371.994 740149 29.239
734.889 2233.44 371.994 740149 29.239
734.889 2233.44 371.994 740149 29.239
734.889 2233.44 371.994 740149 29.239
734.889 2233.44 371.994 740149 29.239
734.889 2233.44 371.994 740149 29.239
734.889 2233.44 371.994 740149 29.239
734.889 2233.44 371.994 740149 29.239
734.889 2233.44 371.994 740149 29.239
734.889 2233.44 371.994 740149 29.239
734.889 2233.44 371.994 740149 29.239
734.889 2233.44 371.994 740149 29.239
734.889 2233.44 371.994 740149 29.239
734.889 2233.44 371.994 740149 29.239
734.889 2233.44 371.994 740149 29.239
734.889 2233.44 371.994 740149 29.239
734.889 2233.44 371.994 740149 29.239
734.889 2233.44 371.994 740149 29.239
734.889 2233.44 371.994 740149 29.239
734.889 2233.44 371.994 740149 29.239
734.889 2233.44 371.994 740149 29.239
734.889 2233.44 371.994 740149 29.239
734.889 2233.44 371.994 740149 29.239
734.889 2233.44 371.994 740149 29.239
734.889 2233.44 371.994 740149 29.239
734.889 2233.44 371.994 740149 29.239
734.889 2233.44 371.994 740149 29.239
734.889 2233.44 371.994 740149 29.239
734.889 2233.44 371.994 740149 29.239
734.889 2233.44 371.994 740149 29.239
734.889 2233.44 371.994 740149 29.239
734.889 2233.44 371.994 740149 29.239
734.889 2233.44 371.994 740149 29.239
734.889 2233.44 371.994 740149 29.239
734.889 2233.44 371.994 740149 29.239
734.889 2233.44 371.994 740149 29.239
734.889 2233.44 371.994 740149 29.239
734.889 2233.44 371.994 740149 29.239
734.889 2233.44 371.994 740149 29.239
734.889 2233.44 371.994 740149 29.239
734.889 2233.44 371.994 740149 29.239
734.889 2233.44 371.994 740149 29.239
734.889 2233.44 371.994 740149 29.239
734.889 2233.44 371.994 740149 29.239
734.889 2233.44 371.994 740149 29.239
734.889 2233.44 371.994 740149 29.239
734.889 2233.44 371.994 740149 29.239
734.889 2233.44 371.994 740149 29.239
734.889 2233.44 371.994 740149 29.239
734.889 2233.44 371.994 740149 29.239
734.889 2233.44 371.994 740149 29.239
734.889 2233.44 371.994 740149 29.239
734.889 2233.44 371.994 740149 29.239
734.889 2233.44 371.994 740149 29.239
734.889 2233.44 371.994 740149 29.239
734.889 2233.44 371.994 740149 29.239
734.889 2233.44 371.994 740149 29.239
734.889 2233.44 371.994 740149 29.239
734.889 2233.44 371.994 740149 29.239
734.889 2233.44 371.994 740149 29.239
734.889 2233.44 371.994 740149 29.239
734.889 2233.44 371.994 740149 29.239
734.889 2233.44 371.994 740149 29.239
734.889 2233.44 371.994 740149 29.239
734.889 2233.44 371.994 740149 29.239
734.889 2233.44 371.994 740149 29.239
734.889 2233.44 371.994 740149 29.239
734.889 2233.44 371.994 740149 29.239
734.889 2233.44 371.994 740149 29.239
734.889 2233.44 371.994 740149 29.239
734.889 2233.44 371.994 740149 29.239
734.889 2233.44 371.994 740149 29.239
734.889 2233.44 371.994 740149 29.239
734.889 2233.44 371.994 740149 29.239
734.889 2233.44 371.994 740149 29.239
734.889 2233.44 371.994 740149 29.239
734.889 2233.44 371.994 740149 29.239
734.889 2233.44 371.994 740149 29.239
734.889 2233.44 371.994 740149 29.239
734.889 2233.44 371.994 740149 29.239
734.889 2233.44 371.994 740149 29.239
734.889 2233.44 371.994 740149 29.239
734.889 2233.44 371.994 740149 29.239
734.889 2233.44 371.994 740149 29.239
734.889 2233.44 371.994 740149 29.239
734.889 2233.44 371.994 740149 29.239
734.889 2233.44 371.994 740149 29.239
734.889 2233.44 371.994 740149 29.239
734.889 2233.44 371.994 740149 29.239
734.889 2233.44 371.994 740149 29.239
734.889 2233.44 371.994 740149 29.239
734.889 2233.44 371.994 740149 29.239
734.889 2233.44 371.994 740149 29.239
734.889 2233.44 371.994 740149 29.239
734.889 2233.44 371.994 740149 29.239
734.889 2233.44 371.994 740149 29.239
734.889 2233.44 371.994 740149 29.239
734.889 2233.44 371.994 740149 29.239
734.889 2233.44 371.994 740149 29.239
734.889 2233.44 371.994 740149 29.239
734.889 2233.44 371.994 740149 29.239
734.889 2233.44 371.994 740149 29.239
734.889 2233.44 371.994 740149 29.239
734.889 2233.44 371.994 740149 29.239
734.889 2233.44 371.994 740149 29.239
734.889 2233.44 371.994 740149 29.239
734.889 2233.44 371.994 740149 29.239
734.889 2233.44 371.994 740149 29.239
734.889 2233.44 371.994 740149 29.239
734.889 2233.44 371.994 740149 29.239
734.889 2233.44 371.994 740149 29.239
734.889 2233.44 371.994 740149 29.239
734.889 2233.44 371.994 740149 29.239
734.889 2233.44 371.994 740149 29.239
734.889 2233.44 371.994 740149 29.239
734.889 2233.44 371.994 740149 29.239
734.889 2233.44 371.994 740149 29.239
734.889 2233.44 371.994 740149 29.239
734.889 2233.44 371.994 740149 29.239
734.889 2233.44 371.994 740149 29.239
734.889 2233.44 371.994 740149 29.239
734.889 2233.44 371.994 740149 29.239
734.889 2233.44 371.994 740149 29.239
734.889 2233.44 371.994 740149 29.239
734.889 2233.44 371.994 740149 29.239
734.889 2233.44 371.994 740149 29.239
734.889 2233.44 371.994 740149 29.239
734.889 2233.44 371.994 740149 29.239
734.889 2233.44 371.994 740149 29.239
734.889 2233.44 371.994 740149 29.239
734.889 2233.44 371.994 740149 29.239
734.889 2233.44 371.994 740149 29.239
734.889 2233.44 371.994 740149 29.239
734.889 2233.44 371.994 740149 29.239
734.889 2233.44 371.994 740149 29.239
734.889 2233.44 371.994 740149 29.239
734.889 2233.44 371.994 740149 29.239
734.889 2233.44 371.994 740149 29.239
734.889 2233.44 371.994 740149 29.239
734.889 2233.44 371.994 740149 29.239
734.889 2233.44 371.994 740149 29.239
734.889 2233.44 371.994 740149 29.239
734.889 2233.44 371.994 740149 29.239
734.889 2233.44 371.994 740149 29.239
734.889 2233.44 371.994 740149 29.239
734.889 2233.44 371.994 740149 29.239
734.889 2233.44 371.994 740149 29.239
734.889 2233.44 371.994 740149 29.239
734.889 2233.44 371.994 740149 29.239
734.889 2233.44 371.994 740149 29.239
734.889 2233.44 371.994 740149 29.239
734.889 2233.44 371.994 740149 29.239
734.889 2233.44 371.994 740149 29.239
734.889 2233.44 371.994 740149 29.239
734.889 2233.44 371.994 740149 29.239
734.889 2233.44 371.994 740149 29.239
734.889 2233.44 371.994 740149 29.239
734.889 2233.44 371.994 740149 29.239
734.889 2233.44 371.994 740149 29.239
734.889 2233.44 371.994 740149 29.239
734.889 2233.44 371.994 740149 29.239
734.889 2233.44 371.994 740149 29.239
734.889 2233.44 371.994 740149 29.239
734.889 2233.44 371.994 740149 29.239
734.889 2233.44 371.994 740149 29.239
734.889 2233.44 371.994 740149 29.239
734.889 2233.44 371.994 740149 29.239
734.889 2233.44 371.994 740149 29.239
734.889 2233.44 371.994 740149 29.239
734.889 2233.44 371.994 740149 29.239
734.889 2233.44 371.994 740149 29.239
734.889 2233.44 371.994 740149 29.239
734.889 2233.44 371.994 740149 29.239
734.889 2233.44 371.994 740149 29.239
734.889 2233.44 371.994 740149 29.239
734.889 2233.44 371.994 740149 29.239
734.889 2233.44 371.994 740149 29.239
734.889 2233.44 371.994 740149 29.239
734.889 2233.44 371.994 740149 29.239
734.889 2233.44 371.994 740149 29.239
734.889 2233.44 371.994 740149 29.239
734.889 2233.44 371.994 740149 29.239
734.889 2233.44 371.994 740149 29.239
734.889 2233.44 371.994 740149 29.239
734.889 2233.44 371.994 740149 29.239
734.889 2233.44 371.994 740149 29.239
734.889 2233.44 371.994 740149 29.239
734.889 2233.44 371.994 740149 29.239
734.889 2233.44 371.994 740149 29.239
734.889 2233.44 371.994 740149 29.239
734.889 2233.44 371.994 740149 29.239
734.889 2233.44 371.994 740149 29.239
734.889 2233.44 371.994 740149 29.239
734.889 2233.44 371.994 740149 29.239
734.889 2233.44 371.994 740149 29.239
734.889 2233.44 371.994 740149 29.239
734.889 2233.44 371.994 740149 29.239
734.889 2233.44 371.994 740149 29.239
734.889 2233.44 371.994 740149 29.239
734.889 2233.44 371.994 740149 29.239
734.889 2233.44 371.994 740149 29.239
734.889 2233.44 371.994 740149 29.239
734.889 2233.44 371.994 740149 29.239
734.889 2233.44 371.994 740149 29.239
734.889 2233.44 371.994 740149 29.239
734.889 2233.44 371.994 740149 29.239
734.889 2233.44 371.994 740149 29.239
734.889 2233.44 371.994 740149 29.239
734.889 2233.44 371.994 740149 29.239
734.889 2233.44 371.994 740149 29.239
734.889 2233.44 371.994 740149 29.239
734.889 2233.44 371.994 740149 29.239
734.889 2233.44 371.994 740149 29.239
734.889 2233.44 371.994 740149 29.239
734.889 2233.44 371.994 740149 29.239
734.889 2233.44 371.994 740149 29.239
734.889 2233.44 371.994 740149 29.239
734.889 2233.44 371.994 740149 29.239
734.889 2233.44 371.994 740149 29.239
734.889 2233.44 371.994 740149 29.239
734.889 2233.44 371.994 740149 29.239
734.889 2233.44 371.994 740149 29.239
734.889 2233.44 371.994 740149 29.239
734.889 2233.44 371.994 740149 29.239
734.889 2233.44 371.994 740149 29.239
734.889 2233.44 371.994 740149 29.239
734.889 2233.44 371.994 740149 29.239
734.889 2233.44 371.994 740149 29.239
734.889 2233.44 371.994 740149 29.239
734.889 2233.44 371.994 740149 29.239
734.889 2233.44 371.994 740149 29.239
734.889 2233.44 371.994 740149 29.239
734.889 2233.44 371.994 740149 29.239
734.889 2233.44 371.994 740149 29.239
734.889 2233.44 371.994 740149 29.239
734.889 2233.44 371.994 740149 29.239
734.889 2233.44 371.994 740149 29.239
734.889 2233.44 371.994 740149 29.239
734.889 2233.44 371.994 740149 29.239
734.889 2233.44 371.994 740149 29.239
734.889 2233.44 371.994 740149 29.239
734.889 2233.44 371.994 740149 29.239
734.889 2233.44 371.994 740149 29.239
734.889 2233.44 371.994 740149 29.239
734.889 2233.44 371.994 740149 29.239
734.889 2233.44 371.994 740149 29.239
734.889 2233.44 371.994 740149 29.239
734.889 2233.44 371.994 740149 29.239
734.889 2233.44 371.994 740149 29.239
734.889 2233.44 371.994 740149 29.239
734.889 2233.44 371.994 740149 29.239
734.889 2233.44 371.994 740149 29.239
734.889 2233.44 371.994 740149 29.239
734.889 2233.44 371.994 740149 29.239
734.889 2233.44 371.994 740149 29.239
734.889 2233.44 371.994 740149 29.239
734.889 2233.44 371.994 740149 29.239
734.889 2233.44 371.994 740149 29.239
734.889 2233.44 371.994 740149 29.239
734.889 2233.44 371.994 740149 29.239
734.889 2233.44 371.994 740149 29.239
734.889 2233.44 371.994 740149 29.239
734.889 2233.44 371.994 740149 29.239
734.889 2233.44 371.994 740149 29.239
734.889 2233.44 371.994 740149 29.239
734.889 2233.44 371.994 740149 29.239
734.889 2233.44 371.994 740149 29.239
734.889 2233.44 371.994 740149 29.239
734.889 2233.44 371.994 740149 29.239
734.889 2233.44 371.994 740149 29.239
734.889 2233.44 371.994 740149 29.239
734.889 2233.44 371.994 740149 29.239
734.889 2233.44 371.994 740149 29.239
734.889 2233.44 371.994 740149 29.239
734.889 2233.44 371.994 740149 29.239
734.889 2233.44 371.994 740149 29.239
734.889 2233.44 371.994 740149 29.239
734.889 2233.44 371.994 740149 29.239
734.889 2233.44 371.994 740149 29.239
734.889 2233.44 371.994 740149 29.239
734.889 2233.44 371.994 740149 29.239
734.889 2233.44 371.994 740149 29.239
734.889 2233.44 371.994 740149 29.239
734.889 2233.44 371.994 740149 29.239
734.889 2233.44 371.994 740149 29.239
734.889 2233.44 371.994 740149 29.239
734.889 2233.44 371.994 740149 29.239
734.889 2233.44 371.994 740149 29.239
734.889 2233.44 371.994 740149 29.239
734.889 2233.44 371.994 740149 29.239
734.889 2233.44 371.994 740149 29.239
734.889 2233.44 371.994 740149 29.239
734.889 2233.44 371.994 740149 29.239
734.889 2233.44 371.994 740149 29.239
734.889 2233.44 371.994 740149 29.239
734.889 2233.44 371.994 740149 29.239
734.889 2233.44 371.994 740149 29.239
734.889 2233.44 371.994 740149 29.239
734.889 2233.44 371.994 740149 29.239
734.889 2233.44 371.994 740149 29.239
734.889 2233.44 371.994 740149 29.239
734.889 2233.44 371.994 740149 29.239
734.889 2233.44 371.994 740149 29.239
734.889 2233.44 371.994 740149 29.239
734.889 2233.44 371.994 740149 29.239
734.889 2233.44 371.994 740149 29.239
734.889 2233.44 371.994 740149 29.239
734.889 2233.44 371.994 740149 29.239
734.889 2233.44 371.994 740149 29.239
734.889 2233.44 371.994 740149 29.239
734.889 2233.44 371.994 740149 29.239
734.889 2233.44 371.994 740149 29.239
734.889 2233.44 371.994 740149 29.239
734.889 2233.44 371.994 740149 29.239
734.889 2233.44 371.994 740149 29.239
734.889 2233.44 371.994 740149 29.239
734.889 2233.44 371.994 740149 29.239
734.889 2233.44 371.994 740149 29.239
734.889 2233.44 371.994 740149 29.239
734.889 2233.44 371.994 740149 29.239
734.889 2233.44 371.994 740149 29.239
734.889 2233.44 371.994 740149 29.239
734.889 2233.44 371.994 740149 29.239
734.889 2233.44 371.994 740149 29.239
734.889 2233.44 371.994 740149 29.239
734.889 2233.44 371.994 740149 29.239
734.889 2233.44 371.994 740149 29.239
734.889 2233.44 371.994 740149 29.239
734.889 2233.44 371.994 740149 29.239
734.889 2233.44 371.994 740149 29.239
734.889 2233.44 371.994 740149 29.239
734.889 2233.44 371.994 740149 29.239
734.889 2233.44 371.994 740149 29.239
734.889 2233.44 371.994 740149 29.239
734.889 2233.44 371.994 740149 29.239
734.889 2233.44 371.994 740149 29.239
734.889 2233.44 371.994 740149 29.239
734.889 2233.44 371.994 740149 29.239
734.889 2233.44 371.994 740149 29.239
734.889 2233.44 371.994 740149 29.239
734.889 2233.44 371.994 740149 29.239
734.889 2233.44 371.994 740149 29.239
734.889 2233.44 371.994 740149 29.239
734.889 2233.44 371.994 740149 29.239
734.889 2233.44 371.994 740149 29.239
734.889 2233.44 371.994 740149 29.239
734.889 2233.44 371.994 740149 29.239
734.889 2233.44 371.994 740149 29.239
734.889 2233.44 371.994 740149 29.239
734.889 2233.44 371.994 740149 29.239
734.889 2233.44 371.994 740149 29.239
734.889 2233.44 371.994 740149 29.239
734.889 2233.44 371.994 740149 29.239
734.889 2233.44 371.994 740149 29.239
734.889 2233.44 371.994 740149 29.239
734.889 2233.44 371.994 740149 29.239
734.889 2233.44 371.994 740149 29.239
734.889 2233.44 371.994 740149 29.239
734.889 2233.44 371.994 740149 29.239
734.889 2233.44 371.994 740149 29.239
734.889 2233.44 371.994 740149 29.239
734.889 2233.44 371.994 740149 29.239
734.889 2233.44 371.994 740149 29.239
734.889 2233.44 371.994 740149 29.239
734.889 2233.44 371.994 740149 29.239
734.889 2233.44 371.994 740149 29.239
734.889 2233.44 371.994 740149 29.239
734.889 2233.44 371.994 740149 29.239
734.889 2233.44 371.994 740149 29.239
734.889 2233.44 371.994 740149 29.239
734.889 2233.44 371.994 740149 29.239
734.889 2233.44 371.994 740149 29.239
734.889 2233.44 371.994 740149 29.239
734.889 2233.44 371.994 740149 29.239
734.889 2233.44 371.994 740149 29.239
734.889 2233.44 371.994 740149 29.239
734.889 2233.44 371.994 740149 29.239
734.889 2233.44 371.994 740149 29.239
734.889 2233.44 371.994 740149 29.239
734.889 2233.44 371.994 740149 29.239
734.889 2233.44 371.994 740149 29.239
734.889 2233.44 371.994 740149 29.239
734.889 2233.44 371.994 740149 29.239
734.889 2233.44 371.994 740149 29.239
734.889 2233.44 371.994 740149 29.239
734.889 2233.44 371.994 740149 29.239
734.889 2233.44 371.994 740149 29.239
734.889 2233.44 371.994 740149 29.239
734.889 2233.44 371.994 740149 29.239
734.889 2233.44 371.994 740149 29.239
734.889 2233.44 371.994 740149 29.239
734.889 2233.44 371.994 740149 29.239
734.889 2233.44 371.994 740149 29.239
734.889 2233.44 371.994 740149 29.239
734.889 2233.44 371.994 740149 29.239
734.889 2233.44 371.994 740149 29.239
734.889 2233.44 371.994 740149 29.239
734.889 2233.44 371.994 740149 29.239
734.889 2233.44 371.994 740149 29.239
734.889 2233.44 371.994 740149 29.239
734.889 2233.44 371.994 740149 29.239
734.889 2233.44 371.994 740149 29.239
734.889 2233.44 371.994 740149 29.239
734.889 2233.44 371.994 740149 29.239
734.889 2233.44 371.994 740149 29.239
734.889 2233.44 371.994 740149 29.239
734.889 2233.44 371.994 740149 29.239
734.889 2233.44 371.994 740149 29.239
734.889 2233.44 371.994 740149 29.239
734.889 2233.44 371.994 740149 29.239
734.889 2233.44 371.994 740149 29.239
734.889 2233.44 371.994 740149 29.239
734.889 2233.44 371.994 740149 29.239
734.889 2233.44 371.994 740149 29.239
734.889 2233.44 371.994 740149 29.239
734.889 2233.44 371.994 740149 29.239
734.889 2233.44 371.994 740149 29.239
734.889 2233.44 371.994 740149 29.239
734.889 2233.44 371.994 740149 29.239
734.889 2233.44 371.994 740149 29.239
734.889 2233.44 371.994 740149 29.239
734.889 2233.44 371.994 740149 29.239
734.889 2233.44 371.994 740149 29.239
734.889 2233.44 371.994 740149 29.239
734.889 2233.44 371.994 740149 29.239
734.889 2233.44 371.994 740149 29.239
734.889 2233.44 371.994 740149 29.239
734.889 2233.44 371.994 740149 29.239
734.889 2233.44 371.994 740149 29.239
734.889 2233.44 371.994 740149 29.239
734.889 2233.44 371.994 740149 29.239
734.889 2233.44 371.994 740149 29.239
734.889 2233.44 371.994 740149 29.239
734.889 2233.44 371.994 740149 29.239
734.889 2233.44 371.994 740149 29.239
734.889 2233.44 371.994 740149 29.239
734.889 2233.44 371.994 740149 29.239
734.889 2233.44 371.994 740149 29.239
734.889 2233.44 371.994 740149 29.239
734.889 2233.44 371.994 740149 29.239
734.889 2233.44 371.994 740149 29.239
734.889 2233.44 371.994 740149 29.239
734.889 2233.44 371.994 740149 29.239
734.889 2233.44 371.994 740149 29.239
734.889 2233.44 371.994 740149 29.239
734.889 2233.44 371.994 740149 29.239
734.889 2233.44 371.994 740149 29.239
734.889 2233.44 371.994 740149 29.239
734.889 2233.44 371.994 740149 29.239
734.889 2233.44 371.994 740149 29.239
734.889 2233.44 371.994 740149 29.239
734.889 2233.44 371.994 740149 29.239
734.889 2233.44 371.994 740149 29.239
734.889 2233.44 371.994 740149 29.239
734.889 2233.44 371.994 740149 29.239
734.889 2233.44 371.994 740149 29.239
734.889 2233.44 371.994 740149 29.239
734.889 2233.44 371.994 740149 29.239
734.889 2233.44 371.994 740149 29.239
734.889 2233.44 371.994 740149 29.239
734.889 2233.44 371.994 740149 29.239
734.889 2233.44 371.994 740149 29.239
734.889 2233.44 371.994 740149 29.239
734.889 2233.44 371.994 740149 29.239
734.889 2233.44 371.994 740149 29.239
734.889 2233.44 371.994 740149 29.239
734.889 2233.44 371.994 740149 29.239
734.889 2233.44 371.994 740149 29.239
734.889 2233.44 371.994 740149 29.239
734.889 2233.44 371.994 740149 29.239
734.889 2233.44 371.994 740149 29.239
734.889 2233.44 371.994 740149 29.239
734.889 2233.44 371.994 740149 29.239
734.889 2233.44 371.994 740149 29.239
734.889 2233.44 371.994 740149 29.239
734.889 2233.44 371.994 740149 29.239
734.889 2233.44 371.994 740149 29.239
734.889 2233.44 371.994 740149 29.239
734.889 2233.44 371.994 740149 29.239
734.889 2233.44 371.994 740149 29.239
734.889 2233.44 371.994 740149 29.239
734.889 2233.44 371.994 740149 29.239
734.889 2233.44 371.994 740149 29.239
734.889 2233.44 371.994 740149 29.239
734.889 2233.44 371.994 740149 29.239
734.889 2233.44 371.994 740149 29.239
734.889 2233.44 371.994 740149 29.239
734.889 2233.44 371.994 740149 29.239
734.889 2233.44 371.994 740149 29.239
734.889 2233.44 371.994 740149 29.239
734.889 2233.44 371.994 740149 29.239
734.889 2233.44 371.994 740149 29.239
734.889 2233.44 371.994 740149 29.239
734.889 2233.44 371.994 740149 29.239
734.889 2233.44 371.994 740149 29.239
734.889 2233.44 371.994 740149 29.239
734.889 2233.44 371.994 740149 29.239
734.889 2233.44 371.994 740149 29.239
734.889 2233.44 371.994 740149 29.239
734.889 2233.44 371.994 740149 29.239
734.889 2233.44 371.994 740149 29.239
734.889 2233.44 371.994 740149 29.239
734.889 2233.44 371.994 740149 29.239
734.889 2233.44 371.994 740149 29.239
734.889 2233.44 371.994 740149 29.239
734.889 2233.44 371.994 740149 29.239
734.889 2233.44 371.994 740149 29.239
734.889 2233.44 371.994 740149 29.239
734.889 2233.44 371.994 740149 29.239
734.889 2233.44 371.994 740149 29.239
734.889 2233.44 371.994 740149 29.239
734.889 2233.44 371.994 740149 29.239
734.889 2233.44 371.994 740149 29.239
734.889 2233.44 371.994 740149 29.239
734.889 2233.44 371.994 740149 29.239
734.889 2233.44 371.994 740149 29.239
734.889 2233.44 371.994 740149 29.239
734.889 2233.44 371.994 740149 29.239
734.889 2233.44 371.994 740149 29.239
734.889 2233.44 371.994 740149 29.239
734.889 2233.44 371.994 740149 29.239
734.889 2233.44 371.994 740149 29.239
734.889 2233.44 371.994 740149 29.239
734.889 2233.44 371.994 740149 29.239
734.889 2233.44 371.994 740149 29.239
734.889 2233.44 371.994 740149 29.239
734.889 2233.44 371.994 740149 29.239
734.889 2233.44 371.994 740149 29.239
734.889 2233.44 371.994 740149 29.239
734.889 2233.44 371.994 740149 29.239
734.889 2233.44 371.994 740149 29.239
734.889 2233.44 371.994 740149 29.239
734.889 2233.44 371.994 740149 29.239
734.889 2233.44 371.994 740149 29.239
734.889 2233.44 371.994 740149 29.239
734.889 2233.44 371.994 740149 29.239
734.889 2233.44 371.994 740149 29.239
734.889 2233.44 371.994 740149 29.239
734.889 2233.44 371.994 740149 29.239
734.889 2233.44 371.994 740149 29.239
734.889 2233.44 371.994 740149 29.239
734.889 2233.44 371.994 740149 29.239
734.889 2233.44 371.994 740149 29.239
734.889 2233.44 371.994 740149 29.239
734.889 2233.44 371.994 740149 29.239
734.889 2233.44 371.994 740149 29.239
734.889 2233.44 371.994 740149 29.239
734.889 2233.44 371.994 740149 29.239
734.889 2233.44 371.994 740149 29.239
734.889 2233.44 371.994 740149 29.239
734.889 2233.44 371.994 740149 29.239
734.889 2233.44 371.994 740149 29.239
734.889 2233.44 371.994 740149 29.239
734.889 2233.44 371.994 740149 29.239
734.889 2233.44 371.994 740149 29.239
734.889 2233.44 371.994 740149 29.239
734.889 2233.44 371.994 740149 29.239
734.889 2233.44 371.994 740149 29.239
734.889 2233.44 371.994 740149 29.239
734.889 2233.44 371.994 740149 29.239
734.889 2233.44 371.994 740149 29.239
734.889 2233.44 371.994 740149 29.239
734.889 2233.44 371.994 740149 29.239
734.889 2233.44 371.994 740149 29.239
734.889 2233.44 371.994 740149 29.239
734.889 2233.44 371.994 740149 29.239
734.889 2233.44 371.994 740149 29.239
734.889 2233.44 371.994 740149 29.239
734.889 2233.44 371.994 740149 29.239
734.889 2233.44 371.994 740149 29.239
734.889 2233.44 371.994 740149 29.239
734.889 2233.44 371.994 740149 29.239
734.889 2233.44 371.994 740149 29.239
734.889 2233.44 371.994 740149 29.239
734.889 2233.44 371.994 740149 29.239
734.889 2233.44 371.994 740149 29.239
734.889 2233.44 371.994 740149 29.239
734.889 2233.44 371.994 740149 29.239
734.889 2233.44 371.994 740149 29.239
734.889 2233.44 371.994 740149 29.239
734.889 2233.44 371.994 740149 29.239
734.889 2233.44 371.994 740149 29.239
734.889 2233.44 371.994 740149 29.239
734.889 2233.44 371.994 740149 29.239
734.889 2233.44 371.994 740149 29.239
734.889 2233.44 371.994 740149 29.239
734.889 2233.44 371.994 740149 29.239
734.889 2233.44 371.994 740149 29.239
734.889 2233.44 371.994 740149 29.239
734.889 2233.44 371.994 740149 29.239
734.889 2233.44 371.994 740149 29.239
734.889 2233.44 371.994 740149 29.239
734.889 2233.44 371.994 740149 29.239
734.889 2233.44 371.994 740149 29.239
734.889 2233.44 371.994 740149 29.239
734.889 2233.44 371.994 740149 29.239
734.889 2233.44 371.994 740149 29.239
734.889 2233.44 371.994 740149 29.239
734.889 2233.44 371.994 740149 29.239
734.889 2233.44 371.994 740149 29.239
734.889 2233.44 371.994 740149 29.239
734.889 2233.44 371.994 740149 29.239
734.889 2233.44 371.994 740149 29.239
734.889 2233.44 371.994 740149 29.239
734.889 2233.44 371.994 740149 29.239
734.889 2233.44 371.994 740149 29.239
734.889 2233.44 371.994 740149 29.239
734.889 2233.44 371.994 740149 29.239
734.889 2233.44 371.994 740149 29.239
734.889 2233.44 371.994 740149 29.239
734.889 2233.44 371.994 740149 29.239
734.889 2233.44 371.994 740149 29.239
734.889 2233.44 371.994 740149 29.239
734.889 2233.44 371.994 740149 29.239
734.889 2233.44 371.994 740149 29.239
734.889 2233.44 371.994 740149 29.239
734.889 2233.44 371.994 740149 29.239
734.889 2233.44 371.994 740149 29.239
734.889 2233.44 371.994 740149 29.239
734.889 2233.44 371.994 740149 29.239
734.889 2233.44 371.994 740149 29.239
734.889 2233.44 371.994 740149 29.239
734.889 2233.44 371.994 740149 29.239
734.889 2233.44 371.994 740149 29.239
734.889 2233.44 371.994 740149 29.239
734.889 2233.44 371.994 740149 29.239
734.889 2233.44 371.994 740149 29.239
734.889 2233.44 371.994 740149 29.239
734.889 2233.44 371.994 740149 29.239
734.889 2233.44 371.994 740149 29.239
734.889 2233.44 371.994 740149 29.239
734.889 2233.44 371.994 740149 29.239
734.889 2233.44 371.994 740149 29.239
734.889 2233.44 371.994 740149 29.239
734.889 2233.44 371.994 740149 29.239
734.889 2233.44 371.994 740149 29.239
734.889 2233.44 371.994 740149 29.239
734.889 2233.44 371.994 740149 29.239
734.889 2233.44 371.994 740149 29.239
734.889 2233.44 371.994 740149 29.239
734.889 2233.44 371.994 740149 29.239
734.889 2233.44 371.994 740149 29.239
734.889 2233.44 371.994 740149 29.239
734.889 2233.44 371.994 740149 29.239
734.889 2233.44 371.994 740149 29.239
734.889 2233.44 371.994 740149 29.239
734.889 2233.44 371.994 740149 29.239
734.889 2233.44 371.994 740149 29.239
734.889 2233.44 371.994 740149 29.239
734.889 2233.44 371.994 740149 29.239
734.889 2233.44 371.994 740149 29.239
734.889 2233.44 371.994 740149 29.239
734.889 2233.44 371.994 740149 29.239
734.889 2233.44 371.994 740149 29.239
734.889 2233.44 371.994 740149 29.239
734.889 2233.44 371.994 740149 29.239
734.889 2233.44 371.994 740149 29.239
734.889 2233.44 371.994 740149 29.239
734.889 2233.44 371.994 740149 29.239
734.889 2233.44 371.994 740149 29.239
734.889 2233.44 371.994 740149 29.239
734.889 2233.44 371.994 740149 29.239
734.889 2233.44 371.994 740149 29.239
734.889 2233.44 371.994 740149 29.239
734.889 2233.44 371.994 740149 29.239
734.889 2233.44 371.994 740149 29.239
734.889 2233.44 371.994 740149 29.239
734.889 2233.44 371.994 740149 29.239
734.889 2233.44 371.994 740149 29.239
734.889 2233.44 371.994 740149 29.239
734.889 2233.44 371.994 740149 29.239
734.889 2233.44 371.994 740149 29.239
734.889 2233.44 371.994 740149 29.239
734.889 2233.44 371.994 740149 29.239
734.889 2233.44 371.994 740149 29.239
734.889 2233.44 371.994 740149 29.239
734.889 2233.44 371.994 740149 29.239
734.889 2233.44 371.994 740149 29.239
734.889 2233.44 371.994 740149 29.239
734.889 2233.44 371.994 740149 29.239
734.889 2233.44 371.994 740149 29.239
734.889 2233.44 371.994 740149 29.239
734.889 2233.44 371.994 740149 29.239
734.889 2233.44 371.994 740149 29.239
734.889 2233.44 371.994 740149 29.239
734.889 2233.44 371.994 740149 29.239
734.889 2233.44 371.994 740149 29.239
734.889 2233.44 371.994 740149 29.239
734.889 2233.44 371.994 740149 29.239
734.889 2233.44 371.994 740149 29.239
734.889 2233.44 371.994 740149 29.239
734.889 2233.44 371.994 740149 29.239
734.889 2233.44 371.994 740149 29.239
734.889 2233.44 371.994 740149 29.239
734.889 2233.44 371.994 740149 29.239
734.889 2233.44 371.994 740149 29.239
734.889 2233.44 371.994 740149 29.239
734.889 2233.44 371.994 740149 29.239
734.889 2233.44 371.994 740149 29.239
734.889 2233.44 371.994 740149 29.239
734.889 2233.44 371.994 740149 29.239
734.889 2233.44 371.994 740149 29.239
734.889 2233.44 371.994 740149 29.239
734.889 2233.44 371.994 740149 29.239
734.889 2233.44 371.994 740149 29.239
734.889 2233.44 371.994 740149 29.239
734.889 2233.44 371.994 740149 29.239
734.889 2233.44 371.994 740149 29.239
734.889 2233.44 371.994 740149 29.239
734.889 2233.44 371.994 740149 29.239
734.889 2233.44 371.994 740149 29.239
734.889 2233.44 371.994 740149 29.239
734.889 2233.44 371.994 740149 29.239
734.889 2233.44 371.994 740149 29.239
734.889 2233.44 371.994 740149 29.239
734.889 2233.44 371.994 740149 29.239
734.889 2233.44 371.994 740149 29.239
734.889 2233.44 371.994 740149 29.239
734.889 2233.44 371.994 740149 29.239
734.889 2233.44 371.994 740149 29.239
734.889 2233.44 371.994 740149 29.239
734.889 2233.44 371.994 740149 29.239
734.889 2233.44 371.994 740149 29.239
734.889 2233.44 371.994 740149 29.239
734.889 2233.44 371.994 740149 29.239
734.889 2233.44 371.994 740149 29.239
734.889 2233.44 371.994 740149 29.239
734.889 2233.44 371.994 740149 29.239
734.889 2233.44 371.994 740149 29.239
734.889 2233.44 371.994 740149 29.239
734.889 2233.44 371.994 740149 29.239
734.889 2233.44 371.994 740149 29.239
734.889 2233.44 371.994 740149 29.239
734.889 2233.44 371.994 740149 29.239
734.889 2233.44 371.994 740149 29.239
734.889 2233.44 371.994 740149 29.239
734.889 2233.44 371.994 740149 29.239
734.889 2233.44 371.994 740149 29.239
734.889 2233.44 371.994 740149 29.239
734.889 2233.44 371.994 740149 29.239
734.889 2233.44 371.994 740149 29.239
734.889 2233.44 371.994 740149 29.239
734.889 2233.44 371.994 740149 29.239
734.889 2233.44 371.994 740149 29.239
734.889 2233.44 371.994 740149 29.239
734.889 2233.44 371.994 740149 29.239
734.889 2233.44 371.994 740149 29.239
734.889 2233.44 371.994 740149 29.239
734.889 2233.44 371.994 740149 29.239
734.889 2233.45 371.994 740149 29.239
734.888 2233.45 371.994 740149 29.239
734.888 2233.46 371.994 740149 29.239
734.888 2233.46 371.994 740149 29.239
734.888 2233.47 371.994 740149 29.239
734.915 2233.52 371.994 740149 29.239
734.943 2233.57 371.994 740149 29.239
734.97 2233.63 371.994 740149 29.239
734.998 2233.68 371.994 740149 29.239
735.025 2233.73 371.993 740149 29.239
735.053 2233.79 371.993 740149 29.239
735.1 2233.87 371.993 740149 29.239
735.148 2233.96 371.993 740149 29.239
735.195 2234.05 371.992 740149 29.239
735.242 2234.13 371.992 740149 29.239
735.29 2234.22 371.992 740149 29.239
735.337 2234.3 371.991 740149 29.239
735.409 2234.43 371.991 740149 29.239
735.482 2234.56 371.99 740149 29.239
735.554 2234.69 371.99 740149 29.239
735.626 2234.82 371.989 740149 29.239
735.699 2234.95 371.989 740149 29.239
735.771 2235.08 371.988 740149 29.239
735.851 2235.23 371.988 740149 29.239
735.931 2235.38 371.987 740149 29.239
736.011 2235.53 371.987 740149 29.239
736.091 2235.68 371.986 740149 29.239
736.171 2235.83 371.986 740149 29.239
736.251 2235.98 371.985 740149 29.239
736.332 2236.13 371.984 740149 29.239
736.414 2236.28 371.984 740149 29.239
736.495 2236.43 371.983 740149 29.239
736.577 2236.58 371.983 740149 29.239
736.658 2236.74 371.982 740149 29.239
736.74 2236.89 371.982 740149 29.239
736.819 2237.04 371.981 740149 29.239
736.899 2237.19 371.98 740149 29.239
736.979 2237.33 371.98 740149 29.239
737.058 2237.48 371.979 740149 29.239
737.138 2237.63 371.979 740149 29.239
737.217 2237.78 371.978 740149 29.239
737.296 2237.93 371.978 740149 29.239
737.374 2238.07 371.977 740149 29.239
737.453 2238.22 371.977 740149 29.239
737.532 2238.36 371.976 740149 29.239
737.61 2238.51 371.975 740149 29.239
737.689 2238.66 371.975 740149 29.239
737.768 2238.8 371.974 740149 29.239
737.847 2238.95 371.974 740149 29.239
737.925 2239.1 371.973 740149 29.239
738.002 2239.25 371.972 740149 29.239
738.08 2239.39 371.972 740149 29.239
738.158 2239.54 371.971 740149 29.239
738.234 2239.69 371.97 740149 29.239
738.311 2239.84 371.969 740149 29.239
738.388 2239.98 371.968 740149 29.239
738.465 2240.13 371.968 740149 29.239
738.542 2240.28 371.967 740149 29.239
738.619 2240.42 371.966 740149 29.239
738.694 2240.57 371.965 740149 29.239
738.769 2240.71 371.965 740149 29.239
738.845 2240.85 371.964 740149 29.239
738.92 2241 371.963 740149 29.239
738.995 2241.14 371.962 740149 29.239
739.071 2241.28 371.961 740149 29.239
739.148 2241.43 371.961 740149 29.239
739.225 2241.58 371.96 740149 29.239
739.303 2241.72 371.959 740149 29.239
739.38 2241.87 371.958 740149 29.239
739.457 2242.02 371.958 740149 29.239
739.535 2242.17 371.957 740149 29.239
739.62 2242.33 371.956 740149 29.239
739.705 2242.49 371.955 740149 29.239
739.79 2242.66 371.954 740149 29.239
739.875 2242.82 371.953 740149 29.239
739.96 2242.99 371.952 740149 29.239
740.045 2243.15 371.952 740149 29.239
740.144 2243.34 371.951 740149 29.239
740.242 2243.52 371.95 740149 29.239
740.34 2243.71 371.949 740149 29.239
740.439 2243.89 371.948 740149 29.239
740.537 2244.08 371.947 740149 29.239
740.635 2244.26 371.946 740149 29.239
740.737 2244.46 371.945 740149 29.239
740.839 2244.65 371.944 740149 29.239
740.941 2244.84 371.943 740149 29.239
741.042 2245.04 371.941 740149 29.239
741.144 2245.23 371.94 740149 29.239
741.246 2245.43 371.939 740149 29.239
741.343 2245.61 371.938 740149 29.239
741.44 2245.8 371.937 740149 29.239
741.537 2245.98 371.936 740149 29.239
741.634 2246.17 371.935 740149 29.239
741.731 2246.35 371.935 740149 29.239
741.828 2246.54 371.934 740149 29.239
741.92 2246.71 371.933 740149 29.239
742.012 2246.88 371.932 740149 29.239
742.103 2247.06 371.931 740149 29.239
742.195 2247.23 371.93 740149 29.239
742.287 2247.41 371.929 740149 29.239
742.378 2247.58 371.928 740149 29.239
742.472 2247.76 371.927 740149 29.239
742.566 2247.94 371.926 740149 29.239
742.66 2248.13 371.925 740149 29.239
742.754 2248.31 371.924 740149 29.239
742.848 2248.49 371.923 740149 29.239
742.943 2248.67 371.922 740149 29.239
743.05 2248.87 371.921 740149 29.239
743.158 2249.08 371.92 740149 29.239
743.265 2249.28 371.919 740149 29.239
743.373 2249.49 371.918 740149 29.239
743.481 2249.69 371.917 740149 29.239
743.588 2249.9 371.916 740149 29.239
743.711 2250.13 371.914 740149 29.239
743.834 2250.37 371.913 740149 29.239
743.957 2250.6 371.912 740149 29.239
744.08 2250.84 371.911 740149 29.239
744.202 2251.07 371.909 740149 29.239
744.325 2251.3 371.908 740149 29.239
744.462 2251.56 371.907 740149 29.239
744.599 2251.82 371.905 740149 29.239
744.736 2252.09 371.904 740149 29.239
744.873 2252.35 371.903 740149 29.239
745.01 2252.61 371.901 740149 29.239
745.148 2252.87 371.9 740149 29.239
745.297 2253.15 371.898 740149 29.239
745.143 2252.86 371.902 750149 29.239
745.288 2253.14 371.902 750149 29.239
745.434 2253.43 371.903 750149 29.239
745.58 2253.71 371.903 750149 29.239
745.726 2254 371.903 750149 29.239
745.877 2254.3 371.904 750149 29.239
746.029 2254.59 371.904 750149 29.239
746.18 2254.89 371.904 750149 29.239
746.332 2255.19 371.905 750149 29.239
746.483 2255.49 371.905 750149 29.239
746.635 2255.79 371.905 750149 29.239
746.788 2256.09 371.906 750149 29.239
746.941 2256.39 371.906 750149 29.239
747.094 2256.69 371.906 750149 29.239
747.247 2256.99 371.907 750149 29.239
747.4 2257.29 371.907 750149 29.239
747.554 2257.59 371.907 750149 29.239
747.705 2257.89 371.908 750149 29.239
747.857 2258.19 371.908 750149 29.239
748.009 2258.49 371.908 750149 29.239
748.161 2258.79 371.909 750149 29.239
748.312 2259.08 371.909 750149 29.239
748.464 2259.38 371.909 750149 29.239
748.615 2259.68 371.91 750149 29.239
748.766 2259.98 371.91 750149 29.239
748.917 2260.27 371.911 750149 29.239
749.068 2260.57 371.911 750149 29.239
749.219 2260.87 371.911 750149 29.239
749.37 2261.16 371.912 750149 29.239
749.521 2261.46 371.912 750149 29.239
749.672 2261.76 371.912 750149 29.239
749.823 2262.06 371.913 750149 29.239
749.974 2262.35 371.913 750149 29.239
750.125 2262.65 371.913 750149 29.239
750.276 2262.95 371.914 750149 29.239
750.428 2263.24 371.914 750149 29.239
750.579 2263.54 371.914 750149 29.239
750.73 2263.84 371.915 750149 29.239
750.881 2264.13 371.915 750149 29.239
751.032 2264.43 371.915 750149 29.239
751.184 2264.73 371.916 750149 29.239
751.335 2265.03 371.916 750149 29.239
751.486 2265.32 371.916 750149 29.239
751.637 2265.62 371.917 750149 29.239
751.788 2265.92 371.917 750149 29.239
751.939 2266.22 371.917 750149 29.239
752.09 2266.51 371.918 750149 29.239
752.242 2266.81 371.918 750149 29.239
752.393 2267.11 371.918 750149 29.239
752.544 2267.4 371.919 750149 29.239
752.695 2267.7 371.919 750149 29.239
752.846 2268 371.919 750149 29.239
752.998 2268.3 371.92 750149 29.239
753.149 2268.59 371.92 750149 29.239
753.3 2268.89 371.921 750149 29.239
753.451 2269.19 371.921 750149 29.239
753.603 2269.49 371.921 750149 29.239
753.754 2269.78 371.922 750149 29.239
753.905 2270.08 371.922 750149 29.239
754.056 2270.38 371.922 750149 29.239
754.206 2270.67 371.923 750149 29.239
754.357 2270.97 371.923 750149 29.239
754.508 2271.27 371.923 750149 29.239
754.658 2271.56 371.924 750149 29.239
754.809 2271.86 371.924 750149 29.239
754.958 2272.15 371.924 750149 29.239
755.107 2272.44 371.925 750149 29.239
755.256 2272.74 371.925 750149 29.239
755.405 2273.03 371.925 750149 29.239
755.554 2273.32 371.926 750149 29.239
755.703 2273.62 371.926 750149 29.239
755.854 2273.91 371.926 750149 29.239
756.005 2274.21 371.927 750149 29.239
756.156 2274.51 371.927 750149 29.239
756.307 2274.8 371.927 750149 29.239
756.458 2275.1 371.928 750149 29.239
756.608 2275.4 371.928 750149 29.239
756.765 2275.7 371.928 750149 29.239
756.917 2276.02 371.928 750149 29.239
757.069 2276.33 371.928 750149 29.239
757.221 2276.64 371.929 750149 29.239
757.373 2276.95 371.929 750149 29.239
757.525 2277.26 371.929 750149 29.239
757.689 2277.6 371.929 750149 29.239
757.853 2277.93 371.929 750149 29.239
758.018 2278.27 371.929 750149 29.239
758.182 2278.6 371.929 750149 29.239
758.347 2278.94 371.929 750149 29.239
758.511 2279.28 371.929 750149 29.239
758.688 2279.64 371.929 750149 29.239
758.865 2280 371.929 750149 29.239
759.041 2280.36 371.929 750149 29.239
759.218 2280.72 371.929 750149 29.239
759.395 2281.08 371.929 750149 29.239
759.572 2281.44 371.929 750149 29.239
759.759 2281.82 371.929 750149 29.239
759.947 2282.21 371.929 750149 29.239
760.134 2282.59 371.929 750149 29.239
760.322 2282.97 371.929 750149 29.239
760.51 2283.35 371.929 750149 29.239
760.697 2283.73 371.929 750149 29.239
760.897 2284.14 371.929 750149 29.239
761.096 2284.55 371.929 750149 29.239
761.295 2284.95 371.929 750149 29.239
761.495 2285.36 371.929 750149 29.239
761.694 2285.77 371.929 750149 29.239
761.894 2286.17 371.929 750149 29.239
762.106 2286.6 371.929 750149 29.239
762.318 2287.03 371.929 750149 29.239
762.53 2287.46 371.929 750149 29.239
762.742 2287.89 371.929 750149 29.239
762.954 2288.32 371.929 750149 29.239
763.166 2288.75 371.929 750149 29.239
763.382 2289.19 371.929 750149 29.239
763.599 2289.63 371.929 750149 29.239
763.816 2290.07 371.929 750149 29.239
764.033 2290.51 371.929 750149 29.239
764.249 2290.95 371.929 750149 29.239
764.466 2291.39 371.929 750149 29.239
764.687 2291.84 371.93 750149 29.239
764.908 2292.29 371.93 750149 29.239
765.128 2292.74 371.93 750149 29.239
765.349 2293.18 371.93 750149 29.239
765.57 2293.63 371.93 750149 29.239
765.791 2294.08 371.93 750149 26.2452
766.018 2294.54 371.93 750149 26.2452
766.246 2295 371.93 750149 26.2452
766.474 2295.47 371.93 750149 26.2452
766.701 2295.93 371.93 750149 26.2452
766.929 2296.39 371.93 750149 26.2452
767.157 2296.85 371.93 750149 26.3496
767.405 2297.35 371.93 750149 26.3496
767.653 2297.85 371.93 750149 26.3496
767.901 2298.35 371.93 750149 26.3496
768.15 2298.86 371.93 750149 25.762
768.393 2299.36 371.93 750149 25.5107
768.633 2299.86 371.929 750149 25.772
768.893 2300.4 371.929 750149 25.772
769.153 2300.94 371.928 750149 25.772
769.413 2301.48 371.928 750149 25.772
769.673 2302.02 371.928 750149 25.772
769.932 2302.55 371.927 750149 25.772
770.192 2303.09 371.927 750149 25.8692
770.474 2303.67 371.926 750149 25.8692
770.756 2304.26 371.926 750149 25.8692
771.039 2304.84 371.925 750149 25.8692
771.321 2305.42 371.925 750149 25.8692
771.603 2306 371.924 750149 25.8692
771.885 2306.58 371.924 750149 25.5739
772.173 2307.19 371.923 750149 25.5739
772.462 2307.79 371.923 750149 25.5739
772.75 2308.39 371.922 750149 25.5739
773.039 2308.99 371.922 750149 25.5739
773.327 2309.6 371.921 750149 25.5739
773.616 2310.2 371.921 750149 25.5824
773.906 2310.81 371.92 750149 25.5824
774.197 2311.41 371.92 750149 25.5824
774.487 2312.02 371.919 750149 25.5824
774.778 2312.63 371.919 750149 25.5824
775.069 2313.23 371.918 750149 25.5824
775.359 2313.84 371.918 750149 25.5928
775.648 2314.44 371.917 750149 25.5928
775.937 2315.05 371.917 750149 25.5928
776.226 2315.65 371.916 750149 25.5928
776.515 2316.25 371.916 750149 25.5928
776.804 2316.86 371.915 750149 25.5928
777.093 2317.46 371.915 750149 25.5842
777.38 2318.06 371.914 750149 25.5842
777.667 2318.66 371.914 750149 25.5842
777.955 2319.26 371.914 750149 25.5842
778.242 2319.86 371.913 750149 25.5841
778.529 2320.46 371.913 750149 25.5841
778.817 2321.06 371.912 750149 25.5878
779.106 2321.67 371.912 750149 25.5878
779.396 2322.27 371.911 750149 24.9168
779.678 2322.88 371.91 750149 24.7461
779.959 2323.49 371.909 750149 24.7461
780.239 2324.1 371.908 750149 24.7461
780.52 2324.7 371.908 750149 24.7451
780.802 2325.32 371.907 750149 24.7451
781.085 2325.93 371.906 750149 24.7451
781.367 2326.54 371.905 750149 24.7451
781.65 2327.16 371.904 750149 24.7451
781.932 2327.77 371.903 750149 24.7451
782.215 2328.38 371.902 750149 24.8339
782.494 2328.98 371.901 750149 24.8339
782.772 2329.59 371.9 750149 24.8339
783.051 2330.19 371.899 750149 24.8339
783.33 2330.79 371.899 750149 24.8339
783.609 2331.39 371.898 750149 24.8339
783.888 2332 371.897 750149 24.8573
784.148 2332.56 371.896 750149 24.8573
784.407 2333.12 371.895 750149 24.8573
784.667 2333.68 371.894 750149 24.8573
784.927 2334.24 371.893 750149 24.8573
785.187 2334.8 371.893 750149 24.8573
785.446 2335.36 371.892 750149 24.5561
785.685 2335.88 371.891 750149 24.5561
785.923 2336.4 371.89 750149 24.5561
786.161 2336.93 371.889 750149 24.5561
786.399 2337.45 371.889 750149 24.5561
786.638 2337.97 371.888 750149 24.5561
786.876 2338.49 371.887 750149 24.2265
787.092 2338.97 371.886 750149 24.2265
787.308 2339.45 371.886 750149 24.2265
787.524 2339.93 371.885 750149 24.2265
787.74 2340.41 371.884 750149 24.2265
787.955 2340.89 371.884 750149 24.2265
788.171 2341.37 371.883 750149 24.2265
788.369 2341.81 371.882 750149 24.2265
788.568 2342.25 371.882 750149 24.2265
788.766 2342.69 371.881 750149 24.2265
788.964 2343.13 371.88 750149 24.2265
789.162 2343.57 371.88 750149 24.2265
789.36 2344.02 371.879 750149 24.2265
789.559 2344.45 371.878 750149 24.2265
789.759 2344.89 371.878 750149 24.2265
789.958 2345.33 371.877 750149 24.2265
790.158 2345.77 371.876 750149 24.2265
790.354 2346.21 371.876 750149 24.2265
790.547 2346.65 371.875 750149 24.2265
790.746 2347.1 371.874 750149 24.2265
790.945 2347.55 371.873 750149 24.2265
791.143 2348.01 371.872 750149 24.2265
791.342 2348.46 371.871 750149 24.2265
791.541 2348.91 371.87 750149 24.2265
791.74 2349.36 371.869 750149 23.6888
791.943 2349.83 371.869 750149 23.6888
792.146 2350.29 371.868 750149 23.6888
792.349 2350.75 371.867 750149 23.6888
792.553 2351.22 371.866 750149 23.6888
792.756 2351.68 371.865 750149 23.6888
792.959 2352.14 371.864 750149 23.683
793.164 2352.61 371.863 750149 23.683
793.369 2353.08 371.862 750149 23.683
793.573 2353.54 371.861 750149 23.683
793.778 2354.01 371.86 750149 23.683
793.983 2354.48 371.86 750149 23.683
794.187 2354.94 371.859 750149 23.6882
794.388 2355.4 371.858 750149 23.6882
794.589 2355.86 371.857 750149 23.6882
794.79 2356.32 371.856 750149 23.6882
794.991 2356.78 371.855 750149 23.6882
795.192 2357.23 371.854 750149 23.6882
795.393 2357.69 371.853 750149 23.6882
795.577 2358.1 371.853 750149 23.6882
795.761 2358.51 371.852 750149 23.6882
795.945 2358.92 371.851 750149 23.6882
796.128 2359.33 371.85 750149 23.6882
796.312 2359.74 371.849 750149 23.6882
796.496 2360.15 371.849 750149 23.6882
796.661 2360.53 371.848 750149 23.6882
796.825 2360.9 371.847 750149 23.6882
796.99 2361.28 371.846 750149 23.6882
797.154 2361.65 371.846 750149 23.6882
797.319 2362.03 371.845 750149 23.6882
797.483 2362.4 371.844 750149 23.6882
797.618 2362.72 371.844 750149 23.6882
797.753 2363.03 371.843 750149 23.6882
797.888 2363.35 371.842 750149 23.6882
798.023 2363.66 371.842 750149 23.6882
798.159 2363.98 371.841 750149 23.6882
798.294 2364.29 371.841 750149 23.6882
798.433 2364.62 371.84 750149 23.6882
798.572 2364.94 371.839 750149 23.6882
798.711 2365.27 371.839 750149 23.6882
798.85 2365.6 371.838 750149 23.6882
798.989 2365.92 371.837 750149 23.6882
799.128 2366.25 371.837 750149 23.6882
799.304 2366.65 371.836 750149 23.6882
799.48 2367.06 371.835 750149 23.6882
799.656 2367.46 371.834 750149 23.6882
799.832 2367.86 371.834 750149 23.6882
800.008 2368.26 371.833 750149 23.6882
800.184 2368.67 371.832 750149 23.3841
800.387 2369.14 371.831 750149 23.3841
800.59 2369.61 371.83 750149 22.8961
800.789 2370.08 371.829 750149 22.5382
800.985 2370.55 371.828 750149 22.5382
801.18 2371.02 371.827 750149 22.5382
801.376 2371.49 371.826 750149 22.5596
801.602 2372.04 371.825 750149 22.5596
801.829 2372.58 371.824 750149 22.5596
802.055 2373.13 371.823 750149 22.5596
802.281 2373.67 371.821 750149 22.5596
802.508 2374.22 371.82 750149 22.5596
802.734 2374.76 371.819 750149 22.3941
802.984 2375.37 371.818 750149 22.3941
803.233 2375.97 371.816 750149 22.3941
803.483 2376.58 371.815 750149 22.3941
803.732 2377.18 371.814 750149 22.3941
803.982 2377.79 371.812 750149 22.3941
804.231 2378.39 371.811 750149 22.0522
804.503 2379.07 371.81 750149 22.0522
804.776 2379.74 371.808 750149 22.0522
805.048 2380.41 371.807 750149 22.0522
805.32 2381.08 371.805 750149 22.0521
805.592 2381.75 371.804 750149 22.0521
805.864 2382.43 371.802 750149 22.0491
806.14 2383.11 371.801 750149 22.0491
806.415 2383.79 371.799 750149 22.0491
806.69 2384.47 371.798 750149 22.0491
806.966 2385.15 371.796 750149 22.0491
807.241 2385.83 371.795 750149 22.0491
807.517 2386.51 371.793 750149 0
