6.90825e-310 6.90825e-310 0 0 0
16.742 15 0 0 0
16.742 15 0 0 0
16.74 15 0 0 0
16.74 15 0 0 0
16.74 15 0 0 0
16.74 15 0 0 0
16.74 15 0 0 0
16.74 15 0 0 0
16.738 15 0 0 0
16.738 15 0 0 0
16.738 15 0 0 0
16.738 15 0 0 0
16.738 15 0 0 0
16.738 15 0 0 0
16.736 15 0 0 0
16.736 15 0 0 0
16.736 15 0 0 0
16.736 15 0 0 0
16.736 15 0 0 0
16.736 15 0 0 0
16.734 15 0 0 0
16.734 15 0 0 0
16.734 15 0 0 0
16.734 15 0 0 0
16.734 15 0 0 0
16.734 15 0 0 0
16.7347 15 0 0 0
16.7347 15 0 0 0
16.7347 15 0 0 0
16.7347 15 0 0 0
16.7347 15 0 0 0
16.7347 15 0 0 0
16.7353 15 0 0 0
16.7353 15 0 0 0
16.7353 15 0 0 0
16.7353 15 0 0 0
16.7353 15 0 0 0
16.7353 15 0 0 0
16.736 15 0 0 0
16.736 15 0 0 0
16.736 15 0 0 0
16.736 15 0 0 0
16.736 15 0 0 0
16.736 15 0 0 0
16.7367 15 0 0 0
16.7367 15 0 0 0
16.7367 15 0 0 0
16.7367 15 0 0 0
16.7367 15 0 0 0
16.7367 15 0 0 0
16.7373 15 0 0 0
16.7373 15 0 0 0
16.7373 15 0 0 0
16.7373 15 0 0 0
16.7373 15 0 0 0
16.7373 15 0 0 0
16.738 15 0 0 0
16.738 15 0 0 0
16.738 15 0 0 0
16.738 15 0 0 0
16.738 15 0 0 0
16.738 15 0 0 0
16.7387 15 0 0 0
16.7387 15 0 0 0
16.7387 15 0 0 0
16.7387 15 0 0 0
16.7387 15 0 0 0
16.7387 15 0 0 0
16.7393 15 0 0 0
16.7393 15 0 0 0
16.7393 15 0 0 0
16.7393 15 0 0 0
16.7393 15 0 0 0
16.7393 15 0 0 0
16.74 15 0 0 0
16.74 15 0 0 0
16.74 15 0 0 0
16.74 15 0 0 0
16.74 15 0 0 0
16.74 15 0 0 0
16.7407 15 0 0 0
16.7407 15 0 0 0
16.7407 15 0 0 0
16.7407 15 0 0 0
16.7407 15 0 0 0
16.7407 15 0 0 0
16.7413 15 0 0 0
16.7413 15 0 0 0
16.7413 15 0 0 0
16.7413 15 0 0 0
16.7413 15 0 0 0
16.7413 15 0 0 0
16.742 15 0 0 0
16.742 15 0 0 0
16.742 15 0 0 0
16.742 15 0 0 0
16.742 15 0 0 0
16.742 15 0 0 0
16.7428 15 0 0 0
16.7428 15 0 0 0
16.7428 15 0 0 0
16.7428 15 0 0 0
16.7428 15 0 0 0
16.7428 15 0 0 0
16.7437 15 0 0 0
16.7437 15 0 0 0
16.7437 15 0 0 0
24.0257 1384.76 407.23 690149 39.9977
24.7974 1385.68 407.183 690149 39.9977
25.5692 1386.6 407.136 690149 39.9977
26.3409 1387.52 407.089 690149 39.9977
27.1126 1388.44 407.042 690149 39.9977
27.8843 1389.35 406.995 690149 39.9977
28.656 1390.27 406.948 690149 39.9977
29.4274 1391.19 406.901 690149 39.9977
30.1987 1392.11 406.854 690149 39.9977
30.97 1393.03 406.807 690149 39.9977
31.7414 1393.95 406.76 690149 39.9977
32.5127 1394.87 406.713 690149 39.9977
33.284 1395.79 406.666 690149 40.0004
34.0556 1396.71 406.619 690149 40.0004
34.8272 1397.63 406.572 690149 40.0004
35.5987 1398.55 406.525 690149 40.2523
36.3743 1399.47 406.478 690149 41.0523
37.1626 1400.37 406.431 690149 41.0523
37.9509 1401.28 406.384 690149 41.0497
38.7394 1402.18 406.337 690149 41.0497
39.5279 1403.09 406.29 690149 41.0497
40.3163 1403.99 406.243 690149 41.0497
41.1048 1404.9 406.196 690149 41.0497
41.8933 1405.8 406.149 690149 41.0497
42.6817 1406.71 406.102 690149 41.0531
43.4417 1407.58 406.056 690149 41.0531
44.2016 1408.45 406.011 690149 41.0531
44.9616 1409.33 405.966 690149 41.0531
45.7215 1410.2 405.92 690149 41.0531
46.4815 1411.07 405.875 690149 41.0531
47.2414 1411.94 405.83 690149 41.0474
47.9997 1412.81 405.784 690149 41.0474
48.758 1413.69 405.739 690149 41.0474
49.5163 1414.56 405.694 690149 41.0474
50.2746 1415.43 405.649 690149 41.0474
51.0329 1416.3 405.603 690149 41.0474
51.7911 1417.17 405.558 690149 41.0527
52.5452 1418.03 405.513 690149 41.0527
53.2992 1418.9 405.468 690149 41.1442
54.0546 1419.76 405.423 690149 41.9007
54.8214 1420.62 405.378 690149 41.9007
55.5881 1421.47 405.333 690149 41.9007
56.3549 1422.33 405.288 690149 41.9983
57.1131 1423.17 405.244 690149 41.9983
57.8713 1424.01 405.199 690149 41.9983
58.6296 1424.85 405.155 690149 41.9983
59.3878 1425.7 405.111 690149 41.9983
60.146 1426.54 405.066 690149 41.9983
60.9042 1427.38 405.022 690149 41.9042
61.639 1428.2 404.979 690149 41.9042
62.3737 1429.02 404.935 690149 41.9042
63.1085 1429.84 404.892 690149 41.9042
63.8432 1430.66 404.849 690149 41.9042
64.5779 1431.48 404.806 690149 41.9042
65.3127 1432.29 404.763 690149 41.7864
66.0241 1433.09 404.721 690149 41.7864
66.7355 1433.89 404.679 690149 41.7864
67.4469 1434.68 404.637 690149 41.7864
68.1583 1435.48 404.596 690149 41.7864
68.8698 1436.27 404.554 690149 41.7864
69.5812 1437.07 404.512 690149 41.8989
70.2836 1437.85 404.471 690149 41.8989
70.986 1438.64 404.429 690149 41.8989
71.6884 1439.42 404.388 690149 42.1854
72.3947 1440.2 404.347 690149 42.5435
73.1059 1440.97 404.306 690149 42.5435
73.817 1441.75 404.264 690149 42.5433
74.5245 1442.52 404.223 690149 42.5433
75.232 1443.29 404.182 690149 42.5433
75.9396 1444.06 404.141 690149 42.5433
76.6471 1444.83 404.1 690149 42.5433
77.3546 1445.6 404.059 690149 42.5433
78.0621 1446.37 404.018 690149 42.5857
78.7645 1447.14 403.977 690149 42.5857
79.4669 1447.9 403.937 690149 42.5857
80.1694 1448.67 403.896 690149 42.5857
80.8718 1449.43 403.855 690149 42.5857
81.5742 1450.2 403.815 690149 42.5857
82.2766 1450.96 403.774 690149 42.5417
82.965 1451.71 403.734 690149 42.5417
83.6535 1452.46 403.694 690149 42.5417
84.3419 1453.21 403.654 690149 42.5417
85.0303 1453.96 403.614 690149 42.5417
85.7187 1454.71 403.574 690149 42.5417
86.4071 1455.46 403.534 690149 42.5528
87.0744 1456.19 403.496 690149 42.5528
87.7417 1456.91 403.457 690149 42.5528
88.4089 1457.64 403.418 690149 42.5528
89.0762 1458.37 403.38 690149 42.5528
89.7435 1459.09 403.341 690149 42.5641
90.4109 1459.82 403.302 690149 42.9485
91.0594 1460.52 403.265 690149 42.9765
91.7083 1461.21 403.228 690149 42.9765
92.3572 1461.91 403.19 690149 42.9765
93.0061 1462.61 403.153 690149 42.9765
93.6549 1463.3 403.116 690149 42.9765
94.3038 1464 403.078 690149 43.1334
94.9338 1464.67 403.042 690149 43.1334
95.5637 1465.34 403.006 690149 43.1334
96.1936 1466.02 402.97 690149 43.1334
96.8236 1466.69 402.934 690149 43.1334
97.4535 1467.36 402.898 690149 43.1334
98.0834 1468.03 402.862 690149 43.1249
98.6993 1468.69 402.826 690149 43.1249
99.3152 1469.35 402.791 690149 43.1249
99.9311 1470.01 402.756 690149 43.1249
100.547 1470.66 402.72 690149 43.1249
101.163 1471.32 402.685 690149 43.1249
101.779 1471.98 402.65 690149 43.1711
102.394 1472.64 402.614 690149 43.1712
103.008 1473.29 402.579 690149 43.1712
103.623 1473.95 402.544 690149 43.1712
104.238 1474.6 402.509 690149 43.1712
104.853 1475.26 402.473 690149 43.1712
105.467 1475.91 402.438 690149 43.1671
106.085 1476.57 402.403 690149 43.1671
106.702 1477.23 402.367 690149 43.1671
107.32 1477.89 402.332 690149 43.1671
107.937 1478.54 402.297 690149 43.1671
108.554 1479.2 402.261 690149 43.2336
109.173 1479.86 402.226 690149 43.4111
109.791 1480.51 402.191 690149 43.4111
110.409 1481.17 402.155 690149 43.4111
111.028 1481.82 402.12 690149 43.4111
111.646 1482.48 402.085 690149 43.4111
112.264 1483.13 402.05 690149 43.4111
112.883 1483.78 402.014 690149 43.4564
113.492 1484.42 401.98 690149 43.4564
114.101 1485.07 401.945 690149 43.4564
114.71 1485.71 401.91 690149 43.4564
115.319 1486.35 401.875 690149 43.4564
115.928 1487 401.841 690149 43.4564
116.537 1487.64 401.806 690149 43.3574
117.131 1488.27 401.772 690149 43.3574
117.726 1488.9 401.738 690149 43.3574
118.32 1489.53 401.704 690149 43.3574
118.915 1490.16 401.67 690149 43.3574
119.51 1490.79 401.636 690149 43.3574
120.104 1491.42 401.602 690149 43.4106
120.692 1492.04 401.569 690149 43.4106
121.279 1492.66 401.535 690149 43.4106
121.866 1493.28 401.502 690149 43.4106
122.454 1493.9 401.468 690149 43.4106
123.041 1494.52 401.435 690149 43.4106
123.629 1495.14 401.401 690149 43.4115
124.212 1495.76 401.368 690149 43.4115
124.795 1496.38 401.335 690149 43.4115
125.378 1496.99 401.301 690149 43.4115
125.962 1497.61 401.268 690149 43.4115
126.545 1498.23 401.235 690149 43.4115
127.128 1498.84 401.202 690149 43.5463
127.702 1499.45 401.169 690149 43.5813
128.277 1500.05 401.136 690149 43.5824
128.851 1500.65 401.104 690149 43.5824
129.425 1501.26 401.071 690149 43.5824
130 1501.86 401.038 690149 43.5824
130.574 1502.46 401.006 690149 43.458
131.125 1503.04 400.974 690149 43.458
131.675 1503.63 400.943 690149 43.458
132.226 1504.21 400.912 690149 43.458
132.776 1504.79 400.88 690149 43.458
133.327 1505.37 400.849 690149 43.458
133.877 1505.95 400.817 690149 43.2897
134.403 1506.51 400.787 690149 43.2897
134.928 1507.06 400.757 690149 43.2897
135.453 1507.62 400.727 690149 43.2897
135.979 1508.18 400.697 690149 43.2897
136.504 1508.74 400.667 690149 43.2897
137.029 1509.3 400.637 690149 43.4465
137.544 1509.84 400.608 690149 43.4465
138.058 1510.38 400.579 690149 43.4465
138.572 1510.92 400.549 690149 43.4465
139.086 1511.47 400.52 690149 43.4465
139.601 1512.01 400.491 690149 43.4465
140.115 1512.55 400.461 690149 43.447
140.627 1513.09 400.432 690149 43.447
141.14 1513.63 400.403 690149 43.447
141.652 1514.18 400.374 690149 43.447
142.164 1514.72 400.345 690149 43.447
142.676 1515.26 400.316 690149 43.447
143.188 1515.8 400.286 690149 43.4505
143.704 1516.34 400.257 690149 43.4505
144.219 1516.89 400.228 690149 43.4505
144.734 1517.43 400.198 690149 43.4505
145.249 1517.97 400.169 690149 43.4505
145.764 1518.52 400.14 690149 43.4505
146.279 1519.06 400.11 690149 43.3151
146.794 1519.61 400.081 690149 43.2831
147.309 1520.15 400.051 690149 43.2831
147.824 1520.7 400.022 690149 43.2831
148.339 1521.25 399.993 690149 43.2831
148.854 1521.79 399.963 690149 43.2831
149.368 1522.34 399.934 690149 43.2832
149.883 1522.89 399.904 690149 43.2832
150.397 1523.43 399.875 690149 43.2832
150.912 1523.98 399.846 690149 43.2832
151.426 1524.52 399.816 690149 43.2832
151.94 1525.07 399.787 690149 43.2832
152.455 1525.62 399.757 690149 43.2917
152.969 1526.16 399.728 690149 43.2917
153.484 1526.71 399.699 690149 43.2917
153.998 1527.25 399.669 690149 43.2917
154.512 1527.8 399.64 690149 43.2917
155.027 1528.35 399.611 690149 43.2917
155.541 1528.89 399.581 690149 43.2833
156.055 1529.44 399.552 690149 43.2833
156.569 1529.98 399.522 690149 43.2833
157.083 1530.53 399.493 690149 43.2833
157.597 1531.08 399.464 690149 43.2833
158.111 1531.62 399.434 690149 43.2833
158.625 1532.17 399.405 690149 43.283
159.14 1532.71 399.376 690149 43.283
159.655 1533.26 399.346 690149 43.283
160.171 1533.81 399.317 690149 43.283
160.686 1534.36 399.287 690149 43.283
161.201 1534.9 399.258 690149 43.283
161.716 1535.45 399.228 690149 43.2866
162.234 1536 399.199 690149 43.2866
162.752 1536.55 399.169 690149 43.2866
163.27 1537.1 399.14 690149 43.2866
163.788 1537.65 399.11 690149 43.2866
164.306 1538.2 399.081 690149 43.2866
164.824 1538.75 399.051 690149 43.065
165.338 1539.3 399.021 690149 42.9223
165.851 1539.85 398.992 690149 42.9223
166.364 1540.4 398.962 690149 42.9223
166.877 1540.95 398.933 690149 42.9223
167.39 1541.51 398.904 690149 42.9223
167.903 1542.06 398.874 690149 43.0813
168.405 1542.59 398.845 690149 43.0813
168.907 1543.13 398.817 690149 43.0813
169.409 1543.67 398.788 690149 43.0813
169.911 1544.2 398.759 690149 43.0813
170.414 1544.74 398.73 690149 43.0813
170.916 1545.28 398.701 690149 42.9936
171.388 1545.79 398.674 690149 42.9936
171.86 1546.29 398.647 690149 42.9936
172.332 1546.8 398.62 690149 42.9936
172.804 1547.3 398.593 690149 42.9936
173.276 1547.81 398.566 690149 42.9936
173.748 1548.32 398.539 690149 42.8445
174.196 1548.8 398.513 690149 42.8445
174.643 1549.28 398.487 690149 42.8445
175.091 1549.76 398.462 690149 42.8445
175.538 1550.25 398.436 690149 42.8445
175.986 1550.73 398.41 690149 42.8445
176.433 1551.21 398.384 690149 42.7188
176.85 1551.66 398.36 690149 42.7188
177.268 1552.12 398.336 690149 42.7188
177.685 1552.57 398.312 690149 42.7188
178.102 1553.02 398.288 690149 42.7188
178.519 1553.47 398.264 690149 42.7188
178.936 1553.92 398.24 690149 42.9241
179.344 1554.36 398.217 690149 42.9241
179.752 1554.8 398.193 690149 42.9241
180.16 1555.24 398.17 690149 42.9241
180.568 1555.68 398.146 690149 42.9241
180.976 1556.12 398.123 690149 42.9241
181.383 1556.55 398.099 690149 42.92
181.788 1556.99 398.076 690149 42.92
182.192 1557.42 398.053 690149 42.92
182.596 1557.86 398.03 690149 42.92
183 1558.29 398.006 690149 42.92
183.404 1558.73 397.983 690149 221.89
183.062 1558.35 398.002 700149 43.1493
183.51 1558.82 397.976 700149 43.1493
183.959 1559.3 397.95 700149 43.1493
184.407 1559.78 397.924 700149 43.1493
184.856 1560.26 397.898 700149 43.1493
185.304 1560.74 397.872 700149 43.1493
185.753 1561.22 397.845 700149 43.2767
186.2 1561.69 397.819 700149 43.2767
186.647 1562.17 397.794 700149 43.2767
187.094 1562.64 397.768 700149 43.2767
187.541 1563.12 397.742 700149 43.2767
187.988 1563.59 397.716 700149 43.2767
188.435 1564.06 397.69 700149 43.4794
188.881 1564.54 397.664 700149 43.4794
189.327 1565.01 397.638 700149 43.4794
189.773 1565.48 397.612 700149 43.4794
190.219 1565.95 397.586 700149 43.4794
190.665 1566.42 397.561 700149 43.4794
191.111 1566.89 397.535 700149 43.4608
191.556 1567.36 397.509 700149 43.4608
192.001 1567.83 397.483 700149 43.4608
192.445 1568.29 397.458 700149 43.4608
192.89 1568.76 397.432 700149 43.4608
193.335 1569.23 397.406 700149 43.4608
193.78 1569.7 397.38 700149 43.3248
194.22 1570.17 397.355 700149 43.3248
194.66 1570.64 397.329 700149 43.3248
195.101 1571.1 397.304 700149 43.3248
195.541 1571.57 397.278 700149 43.3248
195.982 1572.04 397.253 700149 43.3248
196.422 1572.5 397.227 700149 43.1121
196.856 1572.97 397.202 700149 43.1121
197.29 1573.43 397.177 700149 43.1121
197.724 1573.9 397.151 700149 43.1121
198.158 1574.36 397.126 700149 43.1121
198.592 1574.82 397.101 700149 43.1121
199.027 1575.29 397.075 700149 43.0469
199.46 1575.75 397.05 700149 43.0447
199.893 1576.21 397.025 700149 43.0188
200.326 1576.68 397 700149 43.0188
200.759 1577.14 396.975 700149 43.0188
201.193 1577.61 396.95 700149 43.0188
201.626 1578.07 396.925 700149 43.0539
202.06 1578.54 396.9 700149 43.0539
202.494 1579 396.874 700149 43.0539
202.928 1579.46 396.849 700149 43.0539
203.362 1579.93 396.824 700149 43.0539
203.796 1580.39 396.799 700149 43.0539
204.23 1580.86 396.774 700149 43.0589
204.665 1581.32 396.749 700149 43.0589
205.099 1581.79 396.724 700149 43.0589
205.533 1582.25 396.699 700149 43.0589
205.968 1582.72 396.673 700149 43.0589
206.402 1583.18 396.648 700149 43.0589
206.836 1583.65 396.623 700149 43.0589
207.271 1584.11 396.598 700149 43.0589
207.705 1584.58 396.573 700149 43.0589
208.139 1585.04 396.548 700149 43.0589
208.574 1585.51 396.523 700149 43.0589
209.008 1585.97 396.498 700149 43.0589
209.442 1586.44 396.472 700149 43.0539
209.877 1586.9 396.447 700149 43.0539
210.311 1587.37 396.422 700149 43.0539
210.745 1587.83 396.397 700149 43.0539
211.179 1588.29 396.372 700149 43.0539
211.613 1588.76 396.347 700149 43.0539
212.047 1589.22 396.322 700149 43.0589
212.481 1589.69 396.297 700149 43.0589
212.914 1590.15 396.272 700149 43.0589
213.348 1590.62 396.246 700149 43.0589
213.782 1591.08 396.221 700149 43.0589
214.215 1591.54 396.196 700149 43.0589
214.649 1592.01 396.171 700149 43.1789
215.084 1592.47 396.146 700149 43.1789
215.52 1592.94 396.121 700149 43.1789
215.955 1593.4 396.096 700149 43.1789
216.39 1593.86 396.071 700149 43.1789
216.826 1594.33 396.045 700149 43.1641
217.261 1594.79 396.02 700149 42.7929
217.696 1595.26 395.995 700149 42.7929
218.131 1595.73 395.97 700149 42.7929
218.566 1596.2 395.945 700149 42.7929
219 1596.67 395.92 700149 42.7929
219.435 1597.14 395.895 700149 42.7929
219.87 1597.61 395.87 700149 42.317
220.308 1598.09 395.844 700149 42.317
220.746 1598.57 395.818 700149 42.317
221.184 1599.05 395.793 700149 42.317
221.622 1599.54 395.767 700149 42.317
222.06 1600.02 395.742 700149 42.317
222.498 1600.5 395.716 700149 42.1287
222.95 1601 395.69 700149 42.1287
223.402 1601.5 395.663 700149 42.1287
223.854 1602 395.637 700149 42.1287
224.306 1602.5 395.61 700149 42.1287
224.759 1603 395.584 700149 42.1287
225.211 1603.5 395.557 700149 42.1161
225.685 1604.02 395.53 700149 42.1161
226.159 1604.54 395.502 700149 42.1161
226.633 1605.07 395.474 700149 42.1161
227.107 1605.59 395.446 700149 42.1161
227.581 1606.12 395.418 700149 42.1161
228.055 1606.64 395.391 700149 42.1854
228.549 1607.19 395.362 700149 42.1854
229.043 1607.73 395.333 700149 42.1854
229.536 1608.28 395.304 700149 42.1854
230.03 1608.82 395.275 700149 42.1854
230.524 1609.37 395.246 700149 42.1854
231.017 1609.91 395.217 700149 42.3572
231.521 1610.46 395.188 700149 42.3572
232.026 1611.02 395.159 700149 42.3572
232.53 1611.57 395.129 700149 42.3572
233.034 1612.12 395.1 700149 42.3572
233.538 1612.68 395.07 700149 42.3527
234.042 1613.23 395.041 700149 42.2905
234.545 1613.78 395.012 700149 42.2905
235.047 1614.33 394.983 700149 42.2905
235.55 1614.89 394.953 700149 42.2905
236.053 1615.44 394.924 700149 42.2905
236.556 1615.99 394.895 700149 42.2905
237.058 1616.54 394.865 700149 42.2892
237.56 1617.1 394.836 700149 42.2892
238.062 1617.65 394.807 700149 42.2892
238.564 1618.2 394.778 700149 42.2892
239.066 1618.75 394.749 700149 42.2892
239.568 1619.3 394.719 700149 42.2892
240.07 1619.86 394.69 700149 42.297
240.574 1620.41 394.661 700149 42.297
241.079 1620.96 394.631 700149 42.297
241.583 1621.52 394.602 700149 42.297
242.087 1622.07 394.573 700149 42.297
242.592 1622.63 394.543 700149 42.297
243.096 1623.18 394.514 700149 42.2811
243.595 1623.73 394.485 700149 42.2811
244.094 1624.28 394.456 700149 42.2811
244.593 1624.83 394.427 700149 42.2811
245.093 1625.38 394.398 700149 42.2811
245.592 1625.93 394.369 700149 42.2811
246.091 1626.47 394.34 700149 42.4868
246.575 1627 394.312 700149 42.4868
247.06 1627.53 394.283 700149 42.4868
247.544 1628.06 394.255 700149 42.4868
248.028 1628.59 394.227 700149 42.4868
248.513 1629.12 394.199 700149 42.4868
248.997 1629.65 394.171 700149 42.3866
249.455 1630.15 394.144 700149 42.3866
249.912 1630.65 394.118 700149 42.3866
250.369 1631.15 394.091 700149 42.3903
250.827 1631.65 394.065 700149 42.3914
251.284 1632.15 394.038 700149 42.3914
251.742 1632.66 394.012 700149 42.4636
252.178 1633.13 393.986 700149 42.4636
252.614 1633.61 393.961 700149 42.4636
253.051 1634.09 393.936 700149 42.4636
253.487 1634.56 393.91 700149 42.4636
253.923 1635.04 393.885 700149 42.4636
254.36 1635.52 393.86 700149 43.0003
254.795 1635.98 393.835 700149 43.0003
255.231 1636.45 393.81 700149 43.0003
255.667 1636.92 393.785 700149 43.0003
256.103 1637.39 393.76 700149 43.0003
256.539 1637.85 393.735 700149 43.0003
256.975 1638.32 393.71 700149 43.304
257.421 1638.79 393.684 700149 43.304
257.867 1639.27 393.659 700149 43.304
258.314 1639.74 393.633 700149 43.304
258.76 1640.21 393.608 700149 43.304
259.206 1640.69 393.582 700149 43.304
259.652 1641.16 393.557 700149 43.3027
260.108 1641.64 393.531 700149 43.3027
260.564 1642.13 393.505 700149 43.3027
261.019 1642.61 393.479 700149 43.3027
261.475 1643.1 393.453 700149 43.3027
261.931 1643.58 393.427 700149 43.3027
262.387 1644.06 393.401 700149 43.2623
262.846 1644.55 393.374 700149 43.2623
263.305 1645.04 393.348 700149 43.2623
263.765 1645.53 393.322 700149 43.2623
264.224 1646.01 393.296 700149 43.2623
264.683 1646.5 393.269 700149 43.2623
265.142 1646.99 393.243 700149 43.2682
265.6 1647.48 393.217 700149 43.2682
266.057 1647.96 393.191 700149 43.2682
266.514 1648.45 393.165 700149 43.2682
266.972 1648.93 393.139 700149 43.2682
267.429 1649.42 393.112 700149 43.2819
267.886 1649.91 393.086 700149 43.2829
268.346 1650.39 393.06 700149 43.2829
268.805 1650.88 393.034 700149 43.2829
269.264 1651.37 393.007 700149 43.2829
269.723 1651.86 392.981 700149 43.2829
270.182 1652.34 392.955 700149 43.2829
270.642 1652.83 392.929 700149 43.2813
271.095 1653.31 392.903 700149 43.2813
271.549 1653.79 392.877 700149 43.2813
272.002 1654.28 392.851 700149 43.2813
272.456 1654.76 392.825 700149 43.2813
272.909 1655.24 392.799 700149 43.2813
273.363 1655.72 392.773 700149 43.2939
273.803 1656.19 392.748 700149 43.2939
274.243 1656.65 392.722 700149 43.2939
274.683 1657.12 392.697 700149 43.2939
275.123 1657.59 392.672 700149 43.2939
275.564 1658.06 392.647 700149 43.2939
276.004 1658.52 392.622 700149 43.4677
276.44 1658.98 392.597 700149 43.4677
276.876 1659.44 392.572 700149 43.4677
277.313 1659.9 392.547 700149 43.4677
277.749 1660.36 392.522 700149 43.4677
278.185 1660.82 392.497 700149 43.4677
278.621 1661.29 392.472 700149 43.6767
279.064 1661.75 392.447 700149 43.6767
279.507 1662.21 392.422 700149 43.6767
279.949 1662.68 392.397 700149 43.6767
280.392 1663.14 392.372 700149 43.6767
280.834 1663.6 392.347 700149 43.6767
281.277 1664.07 392.322 700149 43.6624
281.733 1664.54 392.296 700149 43.6624
282.189 1665.02 392.27 700149 43.6624
282.645 1665.5 392.244 700149 43.6624
283.101 1665.98 392.218 700149 43.6624
283.557 1666.46 392.192 700149 43.6624
284.013 1666.93 392.166 700149 43.6494
284.475 1667.42 392.14 700149 43.6671
284.937 1667.9 392.113 700149 43.6762
285.399 1668.39 392.087 700149 43.6762
285.861 1668.87 392.061 700149 43.6762
286.323 1669.35 392.034 700149 43.6762
286.786 1669.84 392.008 700149 43.685
287.245 1670.32 391.982 700149 43.685
287.704 1670.8 391.955 700149 43.685
288.163 1671.28 391.929 700149 43.685
288.622 1671.76 391.903 700149 43.685
289.082 1672.24 391.877 700149 43.685
289.541 1672.72 391.851 700149 43.6802
290 1673.2 391.824 700149 43.6802
290.459 1673.68 391.798 700149 43.6802
290.918 1674.16 391.772 700149 43.6802
291.378 1674.65 391.746 700149 43.6802
291.837 1675.13 391.72 700149 43.6802
292.296 1675.61 391.693 700149 43.6853
292.755 1676.09 391.667 700149 43.6853
293.214 1676.57 391.641 700149 43.6853
293.673 1677.05 391.615 700149 43.6853
294.132 1677.53 391.589 700149 43.6853
294.591 1678.01 391.562 700149 43.6853
295.05 1678.49 391.536 700149 43.685
295.509 1678.97 391.51 700149 43.685
295.968 1679.45 391.484 700149 43.685
296.427 1679.93 391.458 700149 43.685
296.887 1680.41 391.431 700149 43.685
297.346 1680.89 391.405 700149 43.685
297.805 1681.38 391.379 700149 43.6802
298.264 1681.86 391.353 700149 43.6802
298.723 1682.34 391.327 700149 43.6802
299.183 1682.82 391.3 700149 43.6802
299.642 1683.3 391.274 700149 43.6802
300.101 1683.78 391.248 700149 43.6802
300.56 1684.26 391.222 700149 43.685
301.019 1684.74 391.196 700149 43.685
301.479 1685.22 391.169 700149 43.692
301.938 1685.7 391.143 700149 43.7227
302.397 1686.18 391.117 700149 43.7227
302.857 1686.66 391.09 700149 43.7227
303.316 1687.14 391.064 700149 43.7227
303.776 1687.62 391.038 700149 43.7227
304.235 1688.1 391.011 700149 43.7227
304.695 1688.59 390.985 700149 43.7227
305.154 1689.07 390.958 700149 43.7227
305.614 1689.55 390.932 700149 43.7227
306.073 1690.03 390.906 700149 43.7182
306.533 1690.51 390.879 700149 43.7182
306.992 1690.99 390.853 700149 43.7182
307.451 1691.47 390.827 700149 43.7182
307.911 1691.95 390.8 700149 43.7182
308.37 1692.43 390.774 700149 43.7182
308.829 1692.91 390.747 700149 43.7179
309.288 1693.39 390.721 700149 43.7179
309.748 1693.87 390.695 700149 43.7179
310.207 1694.35 390.668 700149 43.7179
310.667 1694.83 390.642 700149 43.7179
311.126 1695.31 390.616 700149 43.7179
311.586 1695.79 390.589 700149 43.7211
312.047 1696.27 390.563 700149 43.7211
312.507 1696.75 390.536 700149 43.7211
312.968 1697.24 390.51 700149 43.7211
313.429 1697.72 390.483 700149 43.7211
313.889 1698.2 390.457 700149 43.7211
314.35 1698.68 390.43 700149 43.759
314.811 1699.16 390.404 700149 43.759
315.272 1699.64 390.378 700149 43.759
315.734 1700.13 390.351 700149 43.759
316.195 1700.61 390.325 700149 43.759
316.656 1701.09 390.298 700149 43.759
317.117 1701.57 390.272 700149 43.7201
317.575 1702.05 390.245 700149 43.7201
318.033 1702.53 390.219 700149 43.7201
318.491 1703.01 390.193 700149 43.7201
318.949 1703.49 390.167 700149 43.7542
319.407 1703.97 390.14 700149 43.7688
319.865 1704.44 390.114 700149 43.5752
320.313 1704.91 390.087 700149 43.5752
320.761 1705.39 390.061 700149 43.5752
321.209 1705.86 390.035 700149 43.5752
321.657 1706.33 390.009 700149 43.5752
322.105 1706.8 389.983 700149 43.5752
322.553 1707.27 389.957 700149 43.2898
322.987 1707.73 389.932 700149 43.2898
323.422 1708.19 389.907 700149 43.2898
323.857 1708.65 389.881 700149 43.2898
324.291 1709.11 389.856 700149 43.2898
324.726 1709.58 389.83 700149 43.2898
325.16 1710.04 389.805 700149 43.0724
325.585 1710.49 389.78 700149 43.0724
326.009 1710.94 389.755 700149 43.0724
326.433 1711.4 389.73 700149 43.0724
326.857 1711.85 389.705 700149 43.0724
327.282 1712.31 389.681 700149 43.0724
327.706 1712.76 389.656 700149 43.0306
328.127 1713.21 389.631 700149 43.0306
328.548 1713.66 389.606 700149 43.0306
328.969 1714.11 389.582 700149 43.0306
329.389 1714.56 389.557 700149 43.0306
329.81 1715.01 389.532 700149 43.0306
330.231 1715.46 389.507 700149 43.072
330.653 1715.92 389.483 700149 43.072
331.075 1716.37 389.458 700149 43.072
331.496 1716.82 389.433 700149 43.072
331.918 1717.27 389.408 700149 43.072
332.34 1717.72 389.384 700149 43.072
332.762 1718.17 389.359 700149 43.0721
333.184 1718.62 389.334 700149 43.0721
333.606 1719.07 389.309 700149 43.0721
334.029 1719.53 389.285 700149 43.0721
334.451 1719.98 389.26 700149 43.0721
334.874 1720.43 389.235 700149 43.0721
335.296 1720.88 389.21 700149 43.0773
335.719 1721.33 389.186 700149 43.0773
336.142 1721.79 389.161 700149 43.1351
336.565 1722.24 389.136 700149 43.137
336.988 1722.69 389.111 700149 43.137
337.412 1723.14 389.085 700149 43.137
337.835 1723.59 389.06 700149 43.1266
338.258 1724.05 389.035 700149 43.1266
338.681 1724.5 389.01 700149 43.1266
339.104 1724.95 388.985 700149 43.1266
339.527 1725.4 388.96 700149 43.1266
339.95 1725.85 388.935 700149 43.1266
340.373 1726.3 388.91 700149 43.1369
340.797 1726.76 388.885 700149 43.1369
341.22 1727.21 388.86 700149 43.1369
341.643 1727.66 388.835 700149 43.1369
342.066 1728.11 388.81 700149 43.1369
342.489 1728.56 388.785 700149 43.1369
342.912 1729.01 388.759 700149 43.1319
343.336 1729.47 388.734 700149 43.1319
343.76 1729.92 388.709 700149 43.1319
344.184 1730.37 388.684 700149 43.1319
344.607 1730.82 388.659 700149 43.1319
345.031 1731.28 388.634 700149 43.1319
345.455 1731.73 388.609 700149 43.1322
345.88 1732.18 388.584 700149 43.1322
346.306 1732.64 388.558 700149 43.1322
346.731 1733.09 388.533 700149 43.1322
347.156 1733.54 388.508 700149 43.1322
347.582 1734 388.483 700149 43.1322
348.007 1734.45 388.458 700149 43.2859
348.432 1734.9 388.432 700149 43.2859
348.858 1735.36 388.407 700149 43.2859
349.283 1735.81 388.382 700149 43.2859
349.709 1736.26 388.357 700149 43.2859
350.134 1736.71 388.332 700149 43.2859
350.56 1737.16 388.307 700149 42.9787
350.974 1737.61 388.282 700149 42.9787
351.389 1738.05 388.257 700149 42.9787
351.803 1738.5 388.233 700149 42.9787
352.218 1738.94 388.208 700149 42.9787
352.633 1739.39 388.183 700149 42.9787
353.047 1739.83 388.159 700149 42.9787
353.134 1739.95 388.156 710149 41.2089
353.524 1740.39 388.133 710149 41.2089
353.914 1740.84 388.11 710149 41.2089
354.304 1741.29 388.087 710149 41.2089
354.694 1741.73 388.064 710149 41.2089
355.084 1742.18 388.041 710149 40.9776
355.466 1742.62 388.018 710149 41.2515
355.851 1743.05 387.995 710149 41.2515
356.235 1743.49 387.973 710149 41.2515
356.619 1743.93 387.95 710149 41.2516
357.004 1744.37 387.927 710149 41.2516
357.388 1744.81 387.904 710149 41.5108
357.78 1745.25 387.88 710149 41.64
358.173 1745.69 387.857 710149 41.7713
358.567 1746.13 387.834 710149 41.7713
358.961 1746.57 387.81 710149 41.7713
359.355 1747.02 387.787 710149 41.7713
359.749 1747.46 387.763 710149 42.4513
360.161 1747.91 387.739 710149 42.4581
360.573 1748.36 387.715 710149 42.6693
360.987 1748.81 387.691 710149 42.6694
361.4 1749.25 387.666 710149 42.6694
361.814 1749.7 387.642 710149 42.6694
362.228 1750.15 387.618 710149 42.9699
362.654 1750.61 387.593 710149 42.9699
363.081 1751.07 387.568 710149 43.1034
363.509 1751.53 387.544 710149 43.1456
363.937 1751.98 387.519 710149 43.1456
364.365 1752.44 387.494 710149 43.1456
364.793 1752.9 387.47 710149 42.9982
365.22 1753.35 387.445 710149 42.9982
365.648 1753.81 387.42 710149 43.0766
366.076 1754.27 387.396 710149 43.1315
366.504 1754.73 387.372 710149 43.1315
366.933 1755.18 387.347 710149 43.1315
367.361 1755.64 387.323 710149 43.2392
367.779 1756.09 387.299 710149 43.2392
368.197 1756.53 387.276 710149 43.2707
368.615 1756.97 387.252 710149 43.3301
369.033 1757.42 387.229 710149 43.3301
369.452 1757.86 387.206 710149 43.3301
369.87 1758.31 387.183 710149 43.3265
370.268 1758.73 387.161 710149 43.3265
370.665 1759.15 387.139 710149 43.3265
371.062 1759.57 387.117 710149 43.3675
371.46 1759.99 387.095 710149 43.3751
371.858 1760.41 387.074 710149 43.3751
372.256 1760.83 387.053 710149 43.207
372.626 1761.23 387.033 710149 43.207
372.997 1761.62 387.013 710149 43.207
373.368 1762.02 386.993 710149 43.207
373.739 1762.41 386.973 710149 43.2126
374.11 1762.81 386.953 710149 43.2132
374.481 1763.2 386.934 710149 43.1929
374.831 1763.57 386.916 710149 43.1929
375.182 1763.95 386.898 710149 43.1929
375.532 1764.32 386.88 710149 43.1929
375.882 1764.69 386.861 710149 43.1929
376.232 1765.07 386.843 710149 43.177
376.583 1765.44 386.825 710149 43.177
376.924 1765.8 386.809 710149 43.177
377.266 1766.17 386.792 710149 43.177
377.607 1766.53 386.775 710149 43.177
377.949 1766.89 386.758 710149 43.177
378.291 1767.25 386.741 710149 43.177
378.632 1767.62 386.724 710149 43.177
378.973 1767.98 386.707 710149 43.177
378.984 1767.99 386.705 720149 43.177
379.32 1768.36 386.685 720149 43.177
379.656 1768.72 386.664 720149 43.177
379.992 1769.08 386.644 720149 43.177
380.329 1769.45 386.624 720149 43.177
380.667 1769.81 386.603 720149 43.177
381.005 1770.18 386.583 720149 43.177
381.344 1770.55 386.562 720149 43.177
381.682 1770.91 386.542 720149 43.177
382.021 1771.28 386.521 720149 43.177
382.359 1771.65 386.501 720149 43.177
382.699 1772.01 386.48 720149 43.177
383.038 1772.38 386.46 720149 43.177
383.377 1772.75 386.439 720149 43.177
383.717 1773.11 386.419 720149 43.177
384.056 1773.48 386.398 720149 43.177
384.396 1773.85 386.378 720149 43.177
384.735 1774.22 386.357 720149 43.177
385.074 1774.58 386.337 720149 43.177
385.413 1774.95 386.316 720149 43.177
385.752 1775.32 386.296 720149 43.177
386.091 1775.68 386.275 720149 43.177
386.43 1776.05 386.255 720149 43.177
386.769 1776.42 386.234 720149 43.177
387.109 1776.78 386.214 720149 43.177
387.448 1777.15 386.193 720149 43.177
387.787 1777.52 386.173 720149 43.177
388.126 1777.88 386.152 720149 43.177
388.465 1778.25 386.132 720149 43.177
388.804 1778.62 386.111 720149 43.177
389.143 1778.98 386.091 720149 43.177
389.482 1779.35 386.07 720149 43.177
389.822 1779.72 386.05 720149 43.177
390.161 1780.09 386.029 720149 43.177
390.5 1780.45 386.009 720149 43.177
390.839 1780.82 385.988 720149 43.177
391.178 1781.19 385.968 720149 43.177
391.517 1781.55 385.947 720149 43.177
391.856 1781.92 385.927 720149 43.177
392.196 1782.29 385.906 720149 43.177
392.535 1782.65 385.886 720149 43.177
392.874 1783.02 385.865 720149 43.177
393.213 1783.39 385.845 720149 43.177
393.552 1783.75 385.824 720149 43.177
393.891 1784.12 385.804 720149 43.177
394.23 1784.49 385.783 720149 43.177
394.569 1784.86 385.763 720149 42.752
394.909 1785.22 385.742 720149 42.752
395.249 1785.59 385.722 720149 42.7947
395.589 1785.96 385.701 720149 43.0558
395.93 1786.32 385.681 720149 43.0558
396.272 1786.69 385.661 720149 43.0558
396.613 1787.05 385.641 720149 43.0558
396.953 1787.42 385.621 720149 43.0558
397.293 1787.78 385.602 720149 43.0558
397.633 1788.15 385.582 720149 43.0558
397.973 1788.51 385.562 720149 43.0558
398.313 1788.87 385.542 720149 43.0558
398.653 1789.24 385.522 720149 43.0558
398.991 1789.6 385.502 720149 43.0558
399.329 1789.96 385.482 720149 43.0558
399.667 1790.32 385.462 720149 43.0558
400.005 1790.68 385.443 720149 43.0558
400.342 1791.05 385.423 720149 43.0558
400.68 1791.41 385.403 720149 43.0558
401.021 1791.77 385.383 720149 43.0558
401.363 1792.14 385.363 720149 43.0558
401.704 1792.5 385.343 720149 43.0558
402.045 1792.87 385.323 720149 43.0558
402.386 1793.23 385.303 720149 43.0558
402.727 1793.6 385.283 720149 42.9638
403.078 1793.98 385.262 720149 42.9638
403.43 1794.35 385.242 720149 42.9638
403.782 1794.73 385.221 720149 42.9638
404.133 1795.11 385.201 720149 42.9638
404.485 1795.49 385.18 720149 42.9638
404.837 1795.86 385.159 720149 43.1398
405.205 1796.26 385.138 720149 43.1398
405.574 1796.65 385.116 720149 43.1398
405.942 1797.04 385.095 720149 43.1398
406.311 1797.44 385.073 720149 43.1398
406.679 1797.83 385.051 720149 43.1398
407.048 1798.22 385.03 720149 43.0519
407.426 1798.63 385.008 720149 43.0519
407.805 1799.03 384.986 720149 43.0519
408.184 1799.44 384.963 720149 43.0519
408.562 1799.84 384.941 720149 43.0519
408.941 1800.25 384.919 720149 43.0519
409.319 1800.65 384.897 720149 43.0519
409.699 1801.06 384.875 720149 43.0519
410.078 1801.47 384.852 720149 43.0519
410.457 1801.87 384.83 720149 43.0519
410.837 1802.28 384.808 720149 43.0519
411.216 1802.68 384.786 720149 43.0519
411.595 1803.09 384.763 720149 43.0464
411.976 1803.5 384.741 720149 43.0464
412.358 1803.91 384.719 720149 43.1666
412.74 1804.31 384.697 720149 43.1914
413.122 1804.72 384.675 720149 43.1914
413.505 1805.13 384.653 720149 43.1914
413.887 1805.54 384.631 720149 43.2031
414.276 1805.95 384.609 720149 43.2031
414.666 1806.37 384.586 720149 43.2031
415.055 1806.78 384.564 720149 43.2031
415.445 1807.19 384.542 720149 43.2031
415.834 1807.61 384.519 720149 43.2031
416.224 1808.02 384.497 720149 43.1979
416.621 1808.45 384.474 720149 43.1979
417.019 1808.87 384.452 720149 43.1979
417.416 1809.29 384.429 720149 43.1979
417.814 1809.72 384.406 720149 43.1979
418.211 1810.14 384.383 720149 43.1979
418.608 1810.56 384.36 720149 43.1981
419.009 1810.99 384.337 720149 43.1981
419.411 1811.42 384.314 720149 43.1981
419.812 1811.85 384.291 720149 43.1981
420.213 1812.27 384.268 720149 43.1981
420.614 1812.7 384.245 720149 43.1981
421.015 1813.13 384.222 720149 43.1981
421.416 1813.55 384.199 720149 43.1981
421.817 1813.98 384.176 720149 43.1981
422.219 1814.41 384.153 720149 43.1981
422.62 1814.84 384.13 720149 43.1981
423.021 1815.26 384.107 720149 43.1981
423.423 1815.69 384.084 720149 43.1927
423.824 1816.12 384.061 720149 43.1927
424.226 1816.55 384.038 720149 43.1927
424.628 1816.97 384.015 720149 43.1927
425.03 1817.4 383.992 720149 43.1927
425.431 1817.83 383.969 720149 43.1927
425.833 1818.26 383.946 720149 43.2035
426.233 1818.68 383.923 720149 43.2035
426.633 1819.11 383.9 720149 43.2035
427.032 1819.54 383.878 720149 43.2035
427.432 1819.96 383.855 720149 43.2035
427.832 1820.39 383.832 720149 43.2035
428.232 1820.81 383.809 720149 43.2814
428.622 1821.23 383.786 720149 43.2814
429.012 1821.64 383.764 720149 43.2797
429.402 1822.06 383.742 720149 43.2676
429.793 1822.47 383.72 720149 43.2676
430.183 1822.88 383.698 720149 43.2676
430.573 1823.3 383.676 720149 43.1769
430.946 1823.7 383.655 720149 43.1769
431.318 1824.09 383.634 720149 43.1769
431.691 1824.49 383.612 720149 43.1769
432.064 1824.89 383.591 720149 43.1769
432.436 1825.29 383.57 720149 43.1769
432.809 1825.68 383.549 720149 43.0937
433.157 1826.05 383.529 720149 43.0937
433.506 1826.43 383.51 720149 43.0937
433.854 1826.8 383.49 720149 43.0937
434.203 1827.17 383.47 720149 43.0937
434.551 1827.54 383.45 720149 43.0937
434.899 1827.92 383.431 720149 43.0937
435.229 1828.27 383.412 720149 43.0937
435.558 1828.62 383.394 720149 43.0937
435.887 1828.97 383.375 720149 43.0937
436.216 1829.32 383.356 720149 43.0937
436.545 1829.67 383.338 720149 43.0937
436.874 1830.02 383.319 720149 43.0937
437.198 1830.36 383.301 720149 43.0937
437.522 1830.71 383.282 720149 43.0937
437.846 1831.05 383.264 720149 43.0937
438.17 1831.39 383.246 720149 43.0937
438.494 1831.74 383.228 720149 43.0937
438.818 1832.08 383.209 720149 43.0937
439.149 1832.43 383.191 720149 43.0937
439.479 1832.78 383.172 720149 43.0937
439.81 1833.13 383.154 720149 43.0937
440.14 1833.48 383.135 720149 43.0937
440.47 1833.83 383.116 720149 43.0937
440.801 1834.18 383.098 720149 43.0937
441.142 1834.54 383.078 720149 43.0937
441.484 1834.9 383.059 720149 43.0937
441.825 1835.26 383.04 720149 43.0937
442.166 1835.62 383.021 720149 43.0937
442.508 1835.98 383.002 720149 43.0937
442.849 1836.34 382.982 720149 43.4086
443.195 1836.71 382.963 720149 43.4086
443.54 1837.07 382.943 720149 43.4086
443.886 1837.44 382.924 720149 43.4086
444.232 1837.8 382.904 720149 43.4086
444.578 1838.17 382.885 720149 43.4086
444.923 1838.53 382.865 720149 43.4086
445.267 1838.9 382.846 720149 43.4086
445.61 1839.26 382.827 720149 43.4086
445.954 1839.62 382.807 720149 43.4086
446.297 1839.99 382.788 720149 43.4086
446.639 1840.35 382.769 720149 43.4086
446.982 1840.71 382.75 720149 43.4086
447.324 1841.08 382.73 720149 43.4086
447.666 1841.44 382.711 720149 43.4086
448.009 1841.81 382.692 720149 43.4086
448.351 1842.17 382.673 720149 43.4086
448.694 1842.53 382.654 720149 43.4086
449.036 1842.9 382.634 720149 43.4086
449.378 1843.26 382.615 720149 43.4086
449.721 1843.63 382.596 720149 43.4086
450.063 1843.99 382.577 720149 43.4086
450.405 1844.35 382.558 720149 43.4086
450.748 1844.72 382.538 720149 43.4086
451.09 1845.08 382.519 720149 43.4086
451.432 1845.45 382.5 720149 43.4086
451.773 1845.81 382.481 720149 43.4086
452.115 1846.17 382.462 720149 43.4086
452.457 1846.54 382.442 720149 43.4086
452.798 1846.9 382.423 720149 43.4086
453.14 1847.26 382.404 720149 43.2304
453.483 1847.63 382.385 720149 43.2304
453.826 1847.99 382.366 720149 43.2304
454.169 1848.36 382.346 720149 43.2304
454.513 1848.72 382.327 720149 43.2304
454.856 1849.09 382.308 720149 43.2304
455.199 1849.45 382.289 720149 43.2419
455.544 1849.82 382.269 720149 43.2419
455.89 1850.19 382.25 720149 43.2419
456.235 1850.56 382.23 720149 43.2419
456.58 1850.92 382.211 720149 43.2419
456.926 1851.29 382.192 720149 43.2419
457.271 1851.66 382.172 720149 43.2369
457.614 1852.02 382.153 720149 43.2369
457.957 1852.39 382.134 720149 43.2369
458.3 1852.75 382.115 720149 43.2369
458.643 1853.12 382.095 720149 43.2369
458.986 1853.48 382.076 720149 43.2369
459.329 1853.85 382.057 720149 43.2369
459.663 1854.2 382.038 720149 43.2369
459.997 1854.55 382.019 720149 43.2369
460.331 1854.91 382.001 720149 43.2369
460.665 1855.26 381.982 720149 43.2369
460.999 1855.61 381.963 720149 43.2369
461.332 1855.97 381.945 720149 43.2369
461.648 1856.3 381.927 720149 43.2369
461.964 1856.64 381.909 720149 43.2369
462.28 1856.98 381.891 720149 43.2369
462.596 1857.31 381.874 720149 43.2369
462.912 1857.65 381.856 720149 43.2369
463.228 1857.98 381.838 720149 43.2369
463.522 1858.3 381.822 720149 43.2369
463.815 1858.61 381.805 720149 43.2369
464.108 1858.93 381.789 720149 43.2369
464.402 1859.25 381.772 720149 43.2369
464.695 1859.56 381.755 720149 43.2369
464.988 1859.88 381.739 720149 43.2369
465.262 1860.17 381.723 720149 43.2369
465.536 1860.47 381.708 720149 43.2369
465.809 1860.76 381.693 720149 43.2369
466.083 1861.05 381.677 720149 43.2369
466.357 1861.35 381.662 720149 43.2369
466.63 1861.64 381.646 720149 43.2369
466.883 1861.92 381.632 720149 43.2369
467.136 1862.19 381.618 720149 43.2369
467.389 1862.46 381.603 720149 43.2369
467.642 1862.73 381.589 720149 43.2369
467.895 1863 381.575 720149 43.2369
468.148 1863.28 381.561 720149 43.2369
468.383 1863.53 381.547 720149 43.2369
468.618 1863.79 381.534 720149 43.2369
468.853 1864.04 381.521 720149 43.2369
469.089 1864.29 381.507 720149 43.2369
469.324 1864.55 381.494 720149 43.2369
469.559 1864.8 381.481 720149 43.2369
469.785 1865.05 381.468 720149 43.2369
470.011 1865.29 381.455 720149 43.2369
470.237 1865.53 381.443 720149 43.2369
470.463 1865.77 381.43 720149 43.2369
470.689 1866.02 381.417 720149 43.2369
470.915 1866.26 381.404 720149 43.2369
471.138 1866.5 381.392 720149 43.2369
471.362 1866.74 381.379 720149 43.2369
471.585 1866.98 381.366 720149 43.2369
471.808 1867.22 381.354 720149 43.2369
472.032 1867.46 381.341 720149 43.2369
472.255 1867.7 381.329 720149 43.2369
472.482 1867.95 381.316 720149 43.2369
472.709 1868.19 381.303 720149 43.2369
472.935 1868.43 381.29 720149 43.2369
473.162 1868.68 381.278 720149 43.2369
473.388 1868.92 381.265 720149 43.2369
473.615 1869.17 381.252 720149 43.2369
473.846 1869.41 381.239 720149 43.2369
474.077 1869.66 381.226 720149 43.2369
474.308 1869.91 381.213 720149 43.2369
474.539 1870.16 381.2 720149 43.2369
474.771 1870.41 381.187 720149 43.2369
475.002 1870.66 381.174 720149 43.2369
475.23 1870.9 381.161 720149 43.2369
475.459 1871.15 381.148 720149 43.2369
475.688 1871.4 381.135 720149 43.2369
475.916 1871.64 381.122 720149 43.2369
476.145 1871.89 381.109 720149 43.2369
476.374 1872.13 381.096 720149 43.2369
476.59 1872.36 381.084 720149 43.2369
476.807 1872.59 381.072 720149 43.2369
477.023 1872.82 381.06 720149 43.2369
477.24 1873.05 381.048 720149 43.2369
477.456 1873.28 381.036 720149 43.2369
477.672 1873.51 381.024 720149 43.2369
477.857 1873.71 381.013 720149 43.2369
478.041 1873.9 381.003 720149 43.2369
478.225 1874.1 380.993 720149 43.2369
478.409 1874.3 380.982 720149 43.2369
478.594 1874.49 380.972 720149 43.2369
478.778 1874.69 380.961 720149 43.2369
478.934 1874.86 380.953 720149 43.2369
479.09 1875.03 380.944 720149 43.2369
479.246 1875.2 380.935 720149 43.2369
479.402 1875.37 380.926 720149 43.2369
479.558 1875.54 380.917 720149 43.2369
479.714 1875.71 380.908 720149 43.2369
479.838 1875.84 380.901 720149 43.2369
479.961 1875.98 380.894 720149 43.2369
480.085 1876.12 380.887 720149 43.2369
480.207 1876.25 380.88 720149 43.2369
480.33 1876.39 380.873 720149 43.2369
480.452 1876.53 380.866 720149 43.2369
480.563 1876.65 380.86 720149 43.2369
480.673 1876.77 380.853 720149 43.2369
480.784 1876.89 380.847 720149 43.2369
480.894 1877.01 380.841 720149 43.2369
481.005 1877.13 380.834 720149 43.2369
481.116 1877.25 380.828 720149 43.2369
481.224 1877.37 380.822 720149 43.2369
481.333 1877.49 380.815 720149 43.2369
481.441 1877.61 380.809 720149 43.2369
481.55 1877.73 380.803 720149 43.2369
481.658 1877.85 380.797 720149 43.2369
481.767 1877.97 380.791 720149 43.2369
481.878 1878.09 380.784 720149 43.2369
481.989 1878.21 380.778 720149 43.2369
482.1 1878.33 380.772 720149 43.2369
482.211 1878.45 380.765 720149 43.2369
482.322 1878.57 380.759 720149 43.2369
482.433 1878.7 380.752 720149 43.2369
482.547 1878.82 380.746 720149 43.2369
482.66 1878.94 380.739 720149 43.2369
482.774 1879.07 380.733 720149 43.2369
482.887 1879.19 380.726 720149 43.2369
483 1879.32 380.72 720149 43.2369
483.114 1879.44 380.713 720149 43.2369
483.23 1879.57 380.707 720149 43.2369
483.345 1879.69 380.7 720149 43.2369
483.461 1879.82 380.694 720149 43.2369
483.577 1879.95 380.687 720149 43.2369
483.692 1880.07 380.68 720149 43.2369
483.808 1880.2 380.674 720149 43.2369
483.921 1880.32 380.667 720149 43.2369
484.033 1880.45 380.661 720149 43.2369
484.145 1880.57 380.654 720149 43.2369
484.258 1880.69 380.648 720149 43.2369
484.37 1880.82 380.641 720149 43.2369
484.482 1880.94 380.635 720149 43.2369
484.584 1881.05 380.629 720149 43.2369
484.685 1881.16 380.623 720149 43.2369
484.787 1881.27 380.618 720149 43.2369
484.889 1881.38 380.612 720149 43.2369
484.99 1881.49 380.606 720149 43.2369
485.092 1881.6 380.6 720149 43.2369
485.178 1881.69 380.595 720149 43.2369
485.265 1881.79 380.59 720149 43.2369
485.351 1881.89 380.585 720149 43.2369
485.438 1881.98 380.58 720149 43.2369
485.524 1882.08 380.575 720149 43.2369
485.611 1882.17 380.57 720149 43.2369
485.689 1882.26 380.566 720149 43.2369
485.767 1882.35 380.561 720149 43.2369
485.846 1882.43 380.557 720149 43.2369
485.924 1882.52 380.553 720149 43.2369
486.002 1882.6 380.548 720149 43.2369
486.08 1882.69 380.544 720149 43.2369
486.153 1882.77 380.539 720149 43.2369
486.227 1882.85 380.535 720149 43.2369
486.3 1882.93 380.531 720149 43.2369
486.373 1883.01 380.527 720149 43.2369
486.447 1883.09 380.523 720149 43.2369
486.52 1883.17 380.518 720149 43.2369
486.582 1883.23 380.515 720149 43.2369
486.645 1883.3 380.511 720149 43.2369
486.707 1883.36 380.508 720149 43.2369
486.77 1883.43 380.504 720149 43.2369
486.832 1883.5 380.501 720149 43.2369
486.895 1883.56 380.497 720149 43.2369
486.933 1883.6 380.495 720149 43.2369
486.97 1883.64 380.493 720149 43.2369
487.008 1883.68 380.491 720149 43.2369
487.046 1883.73 380.489 720149 43.2369
487.084 1883.77 380.487 720149 43.2369
487.122 1883.81 380.484 720149 43.2369
487.135 1883.83 380.484 720149 43.2369
487.148 1883.84 380.483 720149 43.2369
487.161 1883.86 380.482 720149 43.2369
487.174 1883.88 380.481 720149 43.2369
487.188 1883.9 380.48 720149 43.2369
487.201 1883.91 380.479 720149 43.2369
487.202 1883.92 380.479 720149 43.2369
487.203 1883.92 380.479 720149 43.2369
487.205 1883.92 380.479 720149 43.2369
487.206 1883.92 380.479 720149 43.2369
487.207 1883.92 380.479 720149 43.2369
487.209 1883.92 380.479 720149 43.2369
487.209 1883.92 380.479 720149 43.2369
487.209 1883.92 380.479 720149 43.2369
487.209 1883.92 380.479 720149 43.2369
487.209 1883.92 380.479 720149 43.2369
487.209 1883.92 380.479 720149 43.2369
487.209 1883.92 380.479 720149 43.2369
487.209 1883.92 380.479 720149 43.2369
487.209 1883.92 380.479 720149 43.2369
487.209 1883.92 380.479 720149 43.2369
487.209 1883.92 380.479 720149 43.2369
487.209 1883.92 380.479 720149 43.2369
487.209 1883.92 380.479 720149 43.2369
487.209 1883.92 380.479 720149 43.2369
487.209 1883.92 380.479 720149 43.2369
487.209 1883.92 380.479 720149 43.2369
487.209 1883.92 380.479 720149 43.2369
487.209 1883.92 380.479 720149 43.2369
487.209 1883.92 380.479 720149 43.2369
487.209 1883.92 380.479 720149 43.2369
487.209 1883.92 380.479 720149 43.2369
487.209 1883.92 380.479 720149 43.2369
487.209 1883.92 380.479 720149 43.2369
487.209 1883.92 380.479 720149 43.2369
487.209 1883.92 380.479 720149 43.2369
487.209 1883.92 380.479 720149 43.2369
487.209 1883.92 380.479 720149 43.2369
487.209 1883.92 380.479 720149 43.2369
487.209 1883.92 380.479 720149 43.2369
487.209 1883.92 380.479 720149 43.2369
487.209 1883.92 380.479 720149 43.2369
487.209 1883.92 380.479 720149 43.2369
487.209 1883.92 380.479 720149 43.2369
487.209 1883.92 380.479 720149 43.2369
487.209 1883.92 380.479 720149 43.2369
487.209 1883.92 380.479 720149 43.2369
487.209 1883.92 380.479 720149 43.2369
487.209 1883.92 380.479 720149 43.2369
487.209 1883.92 380.479 720149 43.2369
487.209 1883.92 380.479 720149 43.2369
487.209 1883.92 380.479 720149 43.2369
487.209 1883.92 380.479 720149 43.2369
487.209 1883.92 380.479 720149 43.2369
487.209 1883.92 380.479 720149 43.2369
487.209 1883.92 380.479 720149 43.2369
487.209 1883.92 380.479 720149 43.2369
487.209 1883.92 380.479 720149 43.2369
487.209 1883.92 380.479 720149 43.2369
487.209 1883.92 380.479 720149 43.2369
487.209 1883.92 380.479 720149 43.2369
487.209 1883.92 380.479 720149 43.2369
487.209 1883.92 380.479 720149 43.2369
487.209 1883.92 380.479 720149 43.2369
487.209 1883.92 380.479 720149 43.2369
487.209 1883.92 380.479 720149 43.2369
487.209 1883.92 380.479 720149 43.2369
487.209 1883.92 380.479 720149 43.2369
487.209 1883.92 380.479 720149 43.2369
487.209 1883.92 380.479 720149 43.2369
487.209 1883.92 380.479 720149 43.2369
487.209 1883.92 380.479 720149 43.2369
487.209 1883.92 380.479 720149 43.2369
487.209 1883.92 380.479 720149 43.2369
487.209 1883.92 380.479 720149 43.2369
487.209 1883.92 380.479 720149 43.2369
487.209 1883.92 380.479 720149 43.2369
487.209 1883.92 380.479 720149 43.2369
487.209 1883.92 380.479 720149 43.2369
487.209 1883.92 380.479 720149 43.2369
487.209 1883.92 380.479 720149 43.2369
487.209 1883.92 380.479 720149 43.2369
487.209 1883.92 380.479 720149 43.2369
487.209 1883.92 380.479 720149 43.2369
487.209 1883.92 380.479 720149 43.2369
487.209 1883.92 380.479 720149 43.2369
487.209 1883.92 380.479 720149 43.2369
487.209 1883.92 380.479 720149 43.2369
487.209 1883.92 380.479 720149 43.2369
487.209 1883.92 380.479 720149 43.2369
487.209 1883.92 380.479 720149 43.2369
487.209 1883.92 380.479 720149 43.2369
487.209 1883.92 380.479 720149 43.2369
487.209 1883.92 380.479 720149 43.2369
487.209 1883.92 380.479 720149 43.2369
487.209 1883.92 380.479 720149 43.2369
487.209 1883.92 380.479 720149 43.2369
487.209 1883.92 380.479 720149 43.2369
487.209 1883.92 380.479 720149 43.2369
487.209 1883.92 380.479 720149 43.2369
487.209 1883.92 380.479 720149 43.2369
487.209 1883.92 380.479 720149 43.2369
487.209 1883.92 380.479 720149 43.2369
487.209 1883.92 380.479 720149 43.2369
487.209 1883.92 380.479 720149 43.2369
487.209 1883.92 380.479 720149 43.2369
487.209 1883.92 380.479 720149 43.2369
487.209 1883.92 380.479 720149 43.2369
487.209 1883.92 380.479 720149 43.2369
487.209 1883.92 380.479 720149 43.2369
487.209 1883.92 380.479 720149 43.2369
487.209 1883.92 380.479 720149 43.2369
487.209 1883.92 380.479 720149 43.2369
487.209 1883.92 380.479 720149 43.2369
487.209 1883.92 380.479 720149 43.2369
487.209 1883.92 380.479 720149 43.2369
487.209 1883.92 380.479 720149 43.2369
487.209 1883.92 380.479 720149 43.2369
487.209 1883.92 380.479 720149 43.2369
487.209 1883.92 380.479 720149 43.2369
487.209 1883.92 380.479 720149 43.2369
487.209 1883.92 380.479 720149 43.2369
487.209 1883.92 380.479 720149 43.2369
487.209 1883.92 380.479 720149 43.2369
487.209 1883.92 380.479 720149 43.2369
487.209 1883.92 380.479 720149 43.2369
487.209 1883.92 380.479 720149 43.2369
487.209 1883.92 380.479 720149 43.2369
487.209 1883.92 380.479 720149 43.2369
487.209 1883.92 380.479 720149 43.2369
487.209 1883.92 380.479 720149 43.2369
487.209 1883.92 380.479 720149 43.2369
487.209 1883.92 380.479 720149 43.2369
487.209 1883.92 380.479 720149 43.2369
487.209 1883.92 380.479 720149 43.2369
487.209 1883.92 380.479 720149 43.2369
487.209 1883.92 380.479 720149 43.2369
487.209 1883.92 380.479 720149 43.2369
487.209 1883.92 380.479 720149 43.2369
487.209 1883.92 380.479 720149 43.2369
487.209 1883.92 380.479 720149 43.2369
487.209 1883.92 380.479 720149 43.2369
487.209 1883.92 380.479 720149 43.2369
487.209 1883.92 380.479 720149 43.2369
487.209 1883.92 380.479 720149 43.2369
487.209 1883.92 380.479 720149 43.2369
487.209 1883.92 380.479 720149 43.2369
487.209 1883.92 380.479 720149 43.2369
487.209 1883.92 380.479 720149 43.2369
487.209 1883.92 380.479 720149 43.2369
487.209 1883.92 380.479 720149 43.2369
487.209 1883.92 380.479 720149 43.2369
487.209 1883.92 380.479 720149 43.2369
487.209 1883.92 380.479 720149 43.2369
487.209 1883.92 380.479 720149 43.2369
487.209 1883.92 380.479 720149 43.2369
487.209 1883.92 380.479 720149 43.2369
487.209 1883.92 380.479 720149 43.2369
487.209 1883.92 380.479 720149 43.2369
487.209 1883.92 380.479 720149 43.2369
487.209 1883.92 380.479 720149 43.2369
487.209 1883.92 380.479 720149 43.2369
487.209 1883.92 380.479 720149 43.2369
487.209 1883.92 380.479 720149 43.2369
487.209 1883.92 380.479 720149 43.2369
487.209 1883.92 380.479 720149 43.2369
487.209 1883.92 380.479 720149 43.2369
487.209 1883.92 380.479 720149 43.2369
487.209 1883.92 380.479 720149 43.2369
487.209 1883.92 380.479 720149 43.2369
487.209 1883.92 380.479 720149 43.2369
487.209 1883.92 380.479 720149 43.2369
487.209 1883.92 380.479 720149 43.2369
487.209 1883.92 380.479 720149 43.2369
487.209 1883.92 380.479 720149 43.2369
487.209 1883.92 380.479 720149 43.2369
487.209 1883.92 380.479 720149 43.2369
487.209 1883.92 380.479 720149 43.2369
487.209 1883.92 380.479 720149 43.2369
487.209 1883.92 380.479 720149 43.2369
487.209 1883.92 380.479 720149 43.2369
487.209 1883.92 380.479 720149 43.2369
487.209 1883.92 380.479 720149 43.2369
487.209 1883.92 380.479 720149 43.2369
487.209 1883.92 380.479 720149 43.2369
487.209 1883.92 380.479 720149 43.2369
487.209 1883.92 380.479 720149 43.2369
487.209 1883.92 380.479 720149 43.2369
487.209 1883.92 380.479 720149 43.2369
487.209 1883.92 380.479 720149 43.2369
487.209 1883.92 380.479 720149 43.2369
487.209 1883.92 380.479 720149 43.2369
487.209 1883.92 380.479 720149 43.2369
487.209 1883.92 380.479 720149 43.2369
487.209 1883.92 380.479 720149 43.2369
487.209 1883.92 380.479 720149 43.2369
487.209 1883.92 380.479 720149 43.2369
487.209 1883.92 380.479 720149 43.2369
487.209 1883.92 380.479 720149 43.2369
487.209 1883.92 380.479 720149 43.2369
487.209 1883.92 380.479 720149 43.2369
487.209 1883.92 380.479 720149 43.2369
487.209 1883.92 380.479 720149 43.2369
487.209 1883.92 380.479 720149 43.2369
487.209 1883.92 380.479 720149 43.2369
487.209 1883.92 380.479 720149 43.2369
487.209 1883.92 380.479 720149 43.2369
487.209 1883.92 380.479 720149 43.2369
487.209 1883.92 380.479 720149 43.2369
487.209 1883.92 380.479 720149 43.2369
487.209 1883.92 380.479 720149 43.2369
487.209 1883.92 380.479 720149 43.2369
487.209 1883.92 380.479 720149 43.2369
487.209 1883.92 380.479 720149 43.2369
487.209 1883.92 380.479 720149 43.2369
487.209 1883.92 380.479 720149 43.2369
487.209 1883.92 380.479 720149 43.2369
487.209 1883.92 380.479 720149 43.2369
487.209 1883.92 380.479 720149 43.2369
487.209 1883.92 380.479 720149 43.2369
487.209 1883.92 380.479 720149 43.2369
487.209 1883.92 380.479 720149 43.2369
487.209 1883.92 380.479 720149 43.2369
487.209 1883.92 380.479 720149 43.2369
487.209 1883.92 380.479 720149 43.2369
487.209 1883.92 380.479 720149 43.2369
487.209 1883.92 380.479 720149 43.2369
487.209 1883.92 380.479 720149 43.2369
487.209 1883.92 380.479 720149 43.2369
487.209 1883.92 380.479 720149 43.2369
487.209 1883.92 380.479 720149 43.2369
487.209 1883.92 380.479 720149 43.2369
487.209 1883.92 380.479 720149 43.2369
487.209 1883.92 380.479 720149 43.2369
487.209 1883.92 380.479 720149 43.2369
487.209 1883.92 380.479 720149 43.2369
487.209 1883.92 380.479 720149 43.2369
487.209 1883.92 380.479 720149 43.2369
487.209 1883.92 380.479 720149 43.2369
487.209 1883.92 380.479 720149 43.2369
487.209 1883.92 380.479 720149 43.2369
487.209 1883.92 380.479 720149 43.2369
487.209 1883.92 380.479 720149 43.2369
487.209 1883.92 380.479 720149 43.2369
487.209 1883.92 380.479 720149 43.2369
487.209 1883.92 380.479 720149 43.2369
487.209 1883.92 380.479 720149 43.2369
487.209 1883.92 380.479 720149 43.2369
487.209 1883.92 380.479 720149 43.2369
487.209 1883.92 380.479 720149 43.2369
487.209 1883.92 380.479 720149 43.2369
487.209 1883.92 380.479 720149 43.2369
487.209 1883.92 380.479 720149 43.2369
487.209 1883.92 380.479 720149 43.2369
487.209 1883.92 380.479 720149 43.2369
487.209 1883.92 380.479 720149 43.2369
487.209 1883.92 380.479 720149 43.2369
487.209 1883.92 380.479 720149 43.2369
487.209 1883.92 380.479 720149 43.2369
487.209 1883.92 380.479 720149 43.2369
487.209 1883.92 380.479 720149 43.2369
487.209 1883.92 380.479 720149 43.2369
487.209 1883.92 380.479 720149 43.2369
487.209 1883.92 380.479 720149 43.2369
487.209 1883.92 380.479 720149 43.2369
487.209 1883.92 380.479 720149 43.2369
487.209 1883.92 380.479 720149 43.2369
487.209 1883.92 380.479 720149 43.2369
487.209 1883.92 380.479 720149 43.2369
487.209 1883.92 380.479 720149 43.2369
487.209 1883.92 380.479 720149 43.2369
487.209 1883.92 380.479 720149 43.2369
487.209 1883.92 380.479 720149 43.2369
487.209 1883.92 380.479 720149 43.2369
487.209 1883.92 380.479 720149 43.2369
487.209 1883.92 380.479 720149 43.2369
487.209 1883.92 380.479 720149 43.2369
487.209 1883.92 380.479 720149 43.2369
487.209 1883.92 380.479 720149 43.2369
487.209 1883.92 380.479 720149 43.2369
487.209 1883.92 380.479 720149 43.2369
487.209 1883.92 380.479 720149 43.2369
487.209 1883.92 380.479 720149 43.2369
487.209 1883.92 380.479 720149 43.2369
487.209 1883.92 380.479 720149 43.2369
487.209 1883.92 380.479 720149 43.2369
487.209 1883.92 380.479 720149 43.2369
487.209 1883.92 380.479 720149 43.2369
487.209 1883.92 380.479 720149 43.2369
487.209 1883.92 380.479 720149 43.2369
487.209 1883.92 380.479 720149 43.2369
487.209 1883.92 380.479 720149 43.2369
487.209 1883.92 380.479 720149 43.2369
487.209 1883.92 380.479 720149 43.2369
487.209 1883.92 380.479 720149 43.2369
487.209 1883.92 380.479 720149 43.2369
487.209 1883.92 380.479 720149 43.2369
487.209 1883.92 380.479 720149 43.2369
487.209 1883.92 380.479 720149 43.2369
487.209 1883.92 380.479 720149 43.2369
487.209 1883.92 380.479 720149 43.2369
487.209 1883.92 380.479 720149 43.2369
487.209 1883.92 380.479 720149 43.2369
487.209 1883.92 380.479 720149 43.2369
487.209 1883.92 380.479 720149 43.2369
487.209 1883.92 380.479 720149 43.2369
487.209 1883.92 380.479 720149 43.2369
487.209 1883.92 380.479 720149 43.2369
487.209 1883.92 380.479 720149 43.2369
487.209 1883.92 380.479 720149 43.2369
487.209 1883.92 380.479 720149 43.2369
487.209 1883.92 380.479 720149 43.2369
487.209 1883.92 380.479 720149 43.2369
487.209 1883.92 380.479 720149 43.2369
487.209 1883.92 380.479 720149 43.2369
487.209 1883.92 380.479 720149 43.2369
487.209 1883.92 380.479 720149 43.2369
487.209 1883.92 380.479 720149 43.2369
487.209 1883.92 380.479 720149 43.2369
487.209 1883.92 380.479 720149 43.2369
487.209 1883.92 380.479 720149 43.2369
487.209 1883.92 380.479 720149 43.2369
487.209 1883.92 380.479 720149 43.2369
487.209 1883.92 380.479 720149 43.2369
487.209 1883.92 380.479 720149 43.2369
487.209 1883.92 380.479 720149 43.2369
487.209 1883.92 380.479 720149 43.2369
487.209 1883.92 380.479 720149 43.2369
487.209 1883.92 380.479 720149 43.2369
487.209 1883.92 380.479 720149 43.2369
487.209 1883.92 380.479 720149 43.2369
487.209 1883.92 380.479 720149 43.2369
487.209 1883.92 380.479 720149 43.2369
487.209 1883.92 380.479 720149 43.2369
487.209 1883.92 380.479 720149 43.2369
487.209 1883.92 380.479 720149 43.2369
487.209 1883.92 380.479 720149 43.2369
487.209 1883.92 380.479 720149 43.2369
487.209 1883.92 380.479 720149 43.2369
487.209 1883.92 380.479 720149 43.2369
487.209 1883.92 380.479 720149 43.2369
487.209 1883.92 380.479 720149 43.2369
487.209 1883.92 380.479 720149 43.2369
487.209 1883.92 380.479 720149 43.2369
487.209 1883.92 380.479 720149 43.2369
487.209 1883.92 380.479 720149 43.2369
487.209 1883.92 380.479 720149 43.2369
487.209 1883.92 380.479 720149 43.2369
487.209 1883.92 380.479 720149 43.2369
487.209 1883.92 380.479 720149 43.2369
487.209 1883.92 380.479 720149 43.2369
487.209 1883.92 380.479 720149 43.2369
487.209 1883.92 380.479 720149 43.2369
487.209 1883.92 380.479 720149 43.2369
487.209 1883.92 380.479 720149 43.2369
487.209 1883.92 380.479 720149 43.2369
487.209 1883.92 380.479 720149 43.2369
487.209 1883.92 380.479 720149 43.2369
487.209 1883.92 380.479 720149 43.2369
487.209 1883.92 380.479 720149 43.2369
487.209 1883.92 380.479 720149 43.2369
487.209 1883.92 380.479 720149 43.2369
487.209 1883.92 380.479 720149 43.2369
487.209 1883.92 380.479 720149 43.2369
487.209 1883.92 380.479 720149 43.2369
487.209 1883.92 380.479 720149 43.2369
487.209 1883.92 380.479 720149 43.2369
487.209 1883.92 380.479 720149 43.2369
487.209 1883.92 380.479 720149 43.2369
487.209 1883.92 380.479 720149 43.2369
487.209 1883.92 380.479 720149 43.2369
487.209 1883.92 380.479 720149 43.2369
487.209 1883.92 380.479 720149 43.2369
487.209 1883.92 380.479 720149 43.2369
487.209 1883.92 380.479 720149 43.2369
487.209 1883.92 380.479 720149 43.2369
487.209 1883.92 380.479 720149 43.2369
487.209 1883.92 380.479 720149 43.2369
487.209 1883.92 380.479 720149 43.2369
487.209 1883.92 380.479 720149 43.2369
487.209 1883.92 380.479 720149 43.2369
487.209 1883.92 380.479 720149 43.2369
487.209 1883.92 380.479 720149 43.2369
487.209 1883.92 380.479 720149 43.2369
487.209 1883.92 380.479 720149 43.2369
487.209 1883.92 380.479 720149 43.2369
487.209 1883.92 380.479 720149 43.2369
487.209 1883.92 380.479 720149 43.2369
487.209 1883.92 380.479 720149 43.2369
487.209 1883.92 380.479 720149 43.2369
487.209 1883.92 380.479 720149 43.2369
487.209 1883.92 380.479 720149 43.2369
487.209 1883.92 380.479 720149 43.2369
487.209 1883.92 380.479 720149 43.2369
487.209 1883.92 380.479 720149 43.2369
487.209 1883.92 380.479 720149 43.2369
487.209 1883.92 380.479 720149 43.2369
487.209 1883.92 380.479 720149 43.2369
487.209 1883.92 380.479 720149 43.2369
487.209 1883.92 380.479 720149 43.2369
487.209 1883.92 380.479 720149 43.2369
487.209 1883.92 380.479 720149 43.2369
487.209 1883.92 380.479 720149 43.2369
487.209 1883.92 380.479 720149 43.2369
487.209 1883.92 380.479 720149 43.2369
487.209 1883.92 380.479 720149 43.2369
487.209 1883.92 380.479 720149 43.2369
487.209 1883.92 380.479 720149 43.2369
487.209 1883.92 380.479 720149 43.2369
487.209 1883.92 380.479 720149 43.2369
487.209 1883.92 380.479 720149 43.2369
487.209 1883.92 380.479 720149 43.2369
487.209 1883.92 380.479 720149 43.2369
487.209 1883.92 380.479 720149 43.2369
487.209 1883.92 380.479 720149 43.2369
487.209 1883.92 380.479 720149 43.2369
487.209 1883.92 380.479 720149 43.2369
487.209 1883.92 380.479 720149 43.2369
487.209 1883.92 380.479 720149 43.2369
487.209 1883.92 380.479 720149 43.2369
487.209 1883.92 380.479 720149 43.2369
487.209 1883.92 380.479 720149 43.2369
487.209 1883.92 380.479 720149 43.2369
487.209 1883.92 380.479 720149 43.2369
487.209 1883.92 380.479 720149 43.2369
487.209 1883.92 380.479 720149 43.2369
487.209 1883.92 380.479 720149 43.2369
487.209 1883.92 380.479 720149 43.2369
487.209 1883.92 380.479 720149 43.2369
487.209 1883.92 380.479 720149 43.2369
487.209 1883.92 380.479 720149 43.2369
487.209 1883.92 380.479 720149 43.2369
487.209 1883.92 380.479 720149 43.2369
487.209 1883.92 380.479 720149 43.2369
487.209 1883.92 380.479 720149 43.2369
487.209 1883.92 380.479 720149 43.2369
487.209 1883.92 380.479 720149 43.2369
487.209 1883.92 380.479 720149 43.2369
487.209 1883.92 380.479 720149 43.2369
487.209 1883.92 380.479 720149 43.2369
487.209 1883.92 380.479 720149 43.2369
487.209 1883.92 380.479 720149 43.2369
487.209 1883.92 380.479 720149 43.2369
487.209 1883.92 380.479 720149 43.2369
487.209 1883.92 380.479 720149 43.2369
487.209 1883.92 380.479 720149 43.2369
487.209 1883.92 380.479 720149 43.2369
487.209 1883.92 380.479 720149 43.2369
487.209 1883.92 380.479 720149 43.2369
487.209 1883.92 380.479 720149 43.2369
487.209 1883.92 380.479 720149 43.2369
487.209 1883.92 380.479 720149 43.2369
487.209 1883.92 380.479 720149 43.2369
487.209 1883.92 380.479 720149 43.2369
487.209 1883.92 380.479 720149 43.2369
487.209 1883.92 380.479 720149 43.2369
487.209 1883.92 380.479 720149 43.2369
487.209 1883.92 380.479 720149 43.2369
487.209 1883.92 380.479 720149 43.2369
487.209 1883.92 380.479 720149 43.2369
487.209 1883.92 380.479 720149 43.2369
487.209 1883.92 380.479 720149 43.2369
487.209 1883.92 380.479 720149 43.2369
487.209 1883.92 380.479 720149 43.2369
487.209 1883.92 380.479 720149 43.2369
487.209 1883.92 380.479 720149 43.2369
487.209 1883.92 380.479 720149 43.2369
487.209 1883.92 380.479 720149 43.2369
487.209 1883.92 380.479 720149 43.2369
487.209 1883.92 380.479 720149 43.2369
487.209 1883.92 380.479 720149 43.2369
487.209 1883.92 380.479 720149 43.2369
487.209 1883.92 380.479 720149 43.2369
487.209 1883.92 380.479 720149 43.2369
487.209 1883.92 380.479 720149 43.2369
487.209 1883.92 380.479 720149 43.2369
487.209 1883.92 380.479 720149 43.2369
487.209 1883.92 380.479 720149 43.2369
487.209 1883.92 380.479 720149 43.2369
487.209 1883.92 380.479 720149 43.2369
487.209 1883.92 380.479 720149 43.2369
487.209 1883.92 380.479 720149 43.2369
487.209 1883.92 380.479 720149 43.2369
487.209 1883.92 380.479 720149 43.2369
487.209 1883.92 380.479 720149 43.2369
487.209 1883.92 380.479 720149 43.2369
487.209 1883.92 380.479 720149 43.2369
487.209 1883.92 380.479 720149 43.2369
487.209 1883.92 380.479 720149 43.2369
487.209 1883.92 380.479 720149 43.2369
487.209 1883.92 380.479 720149 43.2369
487.209 1883.92 380.479 720149 43.2369
487.209 1883.92 380.479 720149 43.2369
487.209 1883.92 380.479 720149 43.2369
487.209 1883.92 380.479 720149 43.2369
487.209 1883.92 380.479 720149 43.2369
487.209 1883.92 380.479 720149 43.2369
487.209 1883.92 380.479 720149 43.2369
487.209 1883.92 380.479 720149 43.2369
487.209 1883.92 380.479 720149 43.2369
487.209 1883.92 380.479 720149 43.2369
487.209 1883.92 380.479 720149 43.2369
487.209 1883.92 380.479 720149 43.2369
487.209 1883.92 380.479 720149 43.2369
487.209 1883.92 380.479 720149 43.2369
487.209 1883.92 380.479 720149 43.2369
487.209 1883.92 380.479 720149 43.2369
487.209 1883.92 380.479 720149 43.2369
487.209 1883.92 380.479 720149 43.2369
487.209 1883.92 380.479 720149 43.2369
487.209 1883.92 380.479 720149 43.2369
487.209 1883.92 380.479 720149 43.2369
487.209 1883.92 380.479 720149 43.2369
487.209 1883.92 380.479 720149 43.2369
487.209 1883.92 380.479 720149 43.2369
487.209 1883.92 380.479 720149 43.2369
487.209 1883.92 380.479 720149 43.2369
487.209 1883.92 380.479 720149 43.2369
487.209 1883.92 380.479 720149 43.2369
487.209 1883.92 380.479 720149 43.2369
487.209 1883.92 380.479 720149 43.2369
487.209 1883.92 380.479 720149 43.2369
487.209 1883.92 380.479 720149 43.2369
487.209 1883.92 380.479 720149 43.2369
487.209 1883.92 380.479 720149 43.2369
487.209 1883.92 380.479 720149 43.2369
487.209 1883.92 380.479 720149 43.2369
487.209 1883.92 380.479 720149 43.2369
487.209 1883.92 380.479 720149 43.2369
487.209 1883.92 380.479 720149 43.2369
487.209 1883.92 380.479 720149 43.2369
487.209 1883.92 380.479 720149 43.2369
487.209 1883.92 380.479 720149 43.2369
487.209 1883.92 380.479 720149 43.2369
487.209 1883.92 380.479 720149 43.2369
487.209 1883.92 380.479 720149 43.2369
487.209 1883.92 380.479 720149 43.2369
487.209 1883.92 380.479 720149 43.2369
487.209 1883.92 380.479 720149 43.2369
487.209 1883.92 380.479 720149 43.2369
487.209 1883.92 380.479 720149 43.2369
487.209 1883.92 380.479 720149 43.2369
487.209 1883.92 380.479 720149 43.2369
487.209 1883.92 380.479 720149 43.2369
487.209 1883.92 380.479 720149 43.2369
487.209 1883.92 380.479 720149 43.2369
487.209 1883.92 380.479 720149 43.2369
487.209 1883.92 380.479 720149 43.2369
487.209 1883.92 380.479 720149 43.2369
487.209 1883.92 380.479 720149 43.2369
487.209 1883.92 380.479 720149 43.2369
487.209 1883.92 380.479 720149 43.2369
487.209 1883.92 380.479 720149 43.2369
487.209 1883.92 380.479 720149 43.2369
487.209 1883.92 380.479 720149 43.2369
487.209 1883.92 380.479 720149 43.2369
487.209 1883.92 380.479 720149 43.2369
487.209 1883.92 380.479 720149 43.2369
487.209 1883.92 380.479 720149 43.2369
487.209 1883.92 380.479 720149 43.2369
487.209 1883.92 380.479 720149 43.2369
487.209 1883.92 380.479 720149 43.2369
487.209 1883.92 380.479 720149 43.2369
487.209 1883.92 380.479 720149 43.2369
487.209 1883.92 380.479 720149 43.2369
487.209 1883.92 380.479 720149 43.2369
487.209 1883.92 380.479 720149 43.2369
487.209 1883.92 380.479 720149 43.2369
487.209 1883.92 380.479 720149 43.2369
487.209 1883.92 380.479 720149 43.2369
487.209 1883.92 380.479 720149 43.2369
487.209 1883.92 380.479 720149 43.2369
487.209 1883.92 380.479 720149 43.2369
487.209 1883.92 380.479 720149 43.2369
487.209 1883.92 380.479 720149 43.2369
487.209 1883.92 380.479 720149 43.2369
487.209 1883.92 380.479 720149 43.2369
487.209 1883.92 380.479 720149 43.2369
487.209 1883.92 380.479 720149 43.2369
487.209 1883.92 380.479 720149 43.2369
487.209 1883.92 380.479 720149 43.2369
487.209 1883.92 380.479 720149 43.2369
487.209 1883.92 380.479 720149 43.2369
487.209 1883.92 380.479 720149 43.2369
487.209 1883.92 380.479 720149 43.2369
487.209 1883.92 380.479 720149 43.2369
487.209 1883.92 380.479 720149 43.2369
487.209 1883.92 380.479 720149 0
