-785.345 -3018.57 391.1 330148 12.3402
-785.132 -3017.59 391.141 330148 12.3407
-784.918 -3016.61 391.182 330148 12.4563
-784.702 -3015.63 391.221 330148 12.4563
-784.486 -3014.66 391.26 330148 12.4563
-784.27 -3013.68 391.299 330148 12.499
-784.054 -3012.7 391.338 330148 12.5953
-783.836 -3011.73 391.374 330148 12.5953
-783.619 -3010.76 391.41 330148 12.5953
-783.401 -3009.78 391.447 330148 12.6904
-783.182 -3008.81 391.481 330148 12.7459
-782.961 -3007.83 391.514 330148 12.7459
-782.741 -3006.86 391.547 330148 12.7426
-782.521 -3005.89 391.58 330148 12.901
-782.298 -3004.91 391.609 330148 12.9104
-782.075 -3003.94 391.638 330148 12.9104
-781.852 -3002.97 391.666 330148 12.9581
-781.628 -3002 391.694 330148 13.0955
-781.402 -3001.02 391.717 330148 13.0962
-781.175 -3000.05 391.741 330148 13.0962
-780.949 -2999.07 391.765 330148 12.6175
-780.831 -2998.55 391.789 340148 12.9656
-780.606 -2997.57 391.832 340148 12.9656
-780.382 -2996.6 391.875 340148 12.9987
-780.157 -2995.62 391.917 340148 13.1802
-779.928 -2994.65 391.956 340148 13.1802
-779.699 -2993.67 391.995 340148 13.1802
-779.471 -2992.69 392.034 340148 13.3101
-779.24 -2991.72 392.071 340148 13.3558
-779.008 -2990.74 392.107 340148 13.3558
-778.776 -2989.76 392.142 340148 13.3881
-778.546 -2988.8 392.177 340148 13.4845
-778.314 -2987.83 392.21 340148 13.4845
-778.081 -2986.86 392.243 340148 13.4845
-777.849 -2985.89 392.276 340148 13.5755
-777.615 -2984.92 392.307 340148 13.5899
-777.381 -2983.96 392.338 340148 13.6237
-777.151 -2983 392.368 340148 13.6506
-776.92 -2982.05 392.398 340148 13.694
-776.688 -2981.1 392.427 340148 13.694
-776.456 -2980.15 392.456 340148 13.694
-776.224 -2979.2 392.484 340148 13.7245
-775.992 -2978.25 392.512 340148 13.8627
-775.762 -2977.32 392.539 340148 13.8627
-775.533 -2976.39 392.566 340148 13.8628
-775.303 -2975.45 392.593 340148 13.8629
-775.073 -2974.52 392.619 340148 13.8629
-774.844 -2973.59 392.646 340148 13.8629
-774.614 -2972.66 392.672 340148 14.1351
-774.385 -2971.76 392.698 340148 14.1238
-774.157 -2970.85 392.724 340148 14.1238
-773.928 -2969.94 392.75 340148 14.1238
-773.7 -2969.03 392.775 340148 14.0548
-773.473 -2968.12 392.801 340148 14.0538
-773.245 -2967.21 392.828 340148 14.1595
-773.022 -2966.33 392.853 340148 14.1595
-772.913 -2965.91 392.864 350148 13.9848
-772.693 -2965.02 392.889 350148 13.9848
-772.473 -2964.14 392.914 350148 13.9848
-772.253 -2963.26 392.939 350148 13.9848
-772.033 -2962.37 392.965 350148 13.9698
-771.822 -2961.52 392.989 350148 13.9698
-771.61 -2960.67 393.013 350148 13.9698
-771.399 -2959.82 393.037 350148 14.0756
-771.186 -2958.97 393.06 350148 14.2113
-770.971 -2958.12 393.082 350148 14.2113
-770.756 -2957.28 393.104 350148 13.7794
-770.555 -2956.46 393.125 350148 13.7794
-770.354 -2955.64 393.146 350148 13.7794
-770.153 -2954.81 393.167 350148 13.7794
-769.951 -2953.99 393.188 350148 13.7794
-769.75 -2953.17 393.209 350148 13.8394
-769.548 -2952.35 393.229 350148 13.7928
-769.351 -2951.55 393.248 350148 13.7928
-769.153 -2950.74 393.267 350148 13.7928
-768.956 -2949.94 393.286 350148 13.7928
-768.758 -2949.14 393.304 350148 13.7928
-768.56 -2948.33 393.323 350148 13.7929
-768.363 -2947.53 393.342 350148 13.8922
-768.164 -2946.72 393.36 350148 13.8922
-767.965 -2945.92 393.379 350148 14.0777
-767.764 -2945.12 393.396 350148 14.1148
-767.562 -2944.31 393.413 350148 14.1148
-767.361 -2943.51 393.43 350148 14.1148
-767.159 -2942.71 393.447 350148 14.1199
-766.956 -2941.9 393.465 350148 14.1199
-766.753 -2941.1 393.482 350148 14.12
-766.55 -2940.29 393.499 350148 14.12
-766.348 -2939.48 393.516 350148 14.2077
-766.144 -2938.68 393.532 350148 14.333
-765.938 -2937.87 393.548 350148 14.3338
-765.732 -2937.07 393.564 350148 14.3338
-765.525 -2936.26 393.58 350148 14.3338
-765.319 -2935.45 393.595 350148 14.3338
-765.113 -2934.64 393.611 350148 14.3338
-764.906 -2933.84 393.627 350148 14.3338
-764.7 -2933.03 393.642 350148 14.338
-764.494 -2932.22 393.658 350148 14.5372
-764.285 -2931.42 393.673 350148 14.5372
-764.076 -2930.61 393.687 350148 14.5372
-763.867 -2929.8 393.702 350148 14.5372
-763.658 -2929 393.716 350148 14.5372
-763.449 -2928.19 393.731 350148 14.5371
-763.24 -2927.39 393.745 350148 14.5371
-763.031 -2926.58 393.76 350148 14.5371
-762.822 -2925.78 393.774 350148 14.6587
-762.612 -2924.97 393.788 350148 14.7312
-762.4 -2924.17 393.802 350148 14.7312
-762.188 -2923.36 393.815 350148 14.7313
-761.977 -2922.56 393.829 350148 14.7313
-761.765 -2921.75 393.843 350148 14.7313
-761.553 -2920.94 393.856 350148 14.7313
-761.341 -2920.14 393.87 350148 14.7314
-761.13 -2919.33 393.883 350148 14.7738
-760.917 -2918.53 393.897 350148 14.9187
-760.701 -2917.72 393.91 350148 14.9187
-760.485 -2916.91 393.923 350148 14.9187
-760.269 -2916.09 393.936 350148 14.9187
-760.052 -2915.28 393.949 350148 14.9187
-759.836 -2914.47 393.962 350148 14.9187
-759.62 -2913.66 393.975 350148 14.9097
-759.407 -2912.86 393.988 350148 14.9097
-759.195 -2912.06 394.001 350148 15.0616
-758.98 -2911.27 394.013 350148 15.0849
-758.766 -2910.47 394.026 350148 15.0849
-758.551 -2909.67 394.038 350148 15.0849
-758.336 -2908.87 394.051 350148 15.0769
-758.129 -2908.11 394.063 350148 15.0769
-757.922 -2907.34 394.075 350148 15.0769
-757.716 -2906.57 394.087 350148 15.0769
-757.509 -2905.81 394.098 350148 15.1126
-757.302 -2905.04 394.11 350148 15.2427
-757.093 -2904.27 394.122 350148 15.4088
-756.885 -2903.52 394.134 350148 15.4088
-756.677 -2902.76 394.145 350148 15.4088
-756.469 -2902.01 394.157 350148 15.4088
-756.261 -2901.25 394.169 350148 15.4088
-756.053 -2900.5 394.18 350148 15.4088
-755.845 -2899.75 394.192 350148 15.4391
-755.634 -2898.98 394.204 350148 15.4391
-755.558 -2898.71 394.206 360148 15.8539
-755.341 -2897.94 394.213 360148 15.8539
-755.124 -2897.18 394.219 360148 15.8539
-754.907 -2896.41 394.226 360148 15.8539
-754.69 -2895.65 394.232 360148 15.8544
-754.464 -2894.85 394.239 360148 15.8544
-754.239 -2894.06 394.246 360148 15.8544
-754.013 -2893.27 394.252 360148 15.8544
-753.787 -2892.47 394.259 360148 15.8544
-753.562 -2891.68 394.266 360148 15.8544
-753.336 -2890.88 394.272 360148 15.8602
-753.107 -2890.07 394.279 360148 15.8602
-752.877 -2889.26 394.286 360148 15.8602
-752.647 -2888.46 394.293 360148 15.8602
-752.417 -2887.65 394.3 360148 15.8602
-752.188 -2886.84 394.306 360148 15.8602
-751.958 -2886.03 394.313 360148 15.8554
-751.73 -2885.23 394.32 360148 15.8554
-751.503 -2884.43 394.327 360148 15.8554
-751.275 -2883.63 394.334 360148 15.8554
-751.048 -2882.83 394.34 360148 15.8554
-750.82 -2882.02 394.347 360148 15.8554
-750.592 -2881.22 394.354 360148 15.8554
-750.365 -2880.42 394.361 360148 15.8554
-750.137 -2879.62 394.367 360148 15.8554
-749.909 -2878.82 394.374 360148 15.8554
-749.682 -2878.02 394.381 360148 15.8554
-749.454 -2877.21 394.388 360148 15.8554
-749.226 -2876.41 394.394 360148 15.8592
-748.999 -2875.61 394.401 360148 15.8592
-748.771 -2874.81 394.408 360148 15.8592
-748.544 -2874.01 394.415 360148 15.8592
-748.316 -2873.21 394.421 360148 15.8592
-748.089 -2872.41 394.428 360148 15.8592
-747.861 -2871.61 394.435 360148 15.8555
-747.633 -2870.8 394.442 360148 16.0067
-747.403 -2870 394.447 360148 16.5202
-747.166 -2869.2 394.448 360148 16.5202
-746.929 -2868.4 394.448 360148 16.5202
-746.692 -2867.6 394.449 360148 16.5202
-746.455 -2866.81 394.45 360148 16.5247
-746.216 -2866 394.451 360148 16.5247
-745.977 -2865.2 394.451 360148 16.5247
-745.739 -2864.39 394.452 360148 16.5247
-745.5 -2863.59 394.453 360148 16.5247
-745.261 -2862.78 394.454 360148 16.5247
-745.023 -2861.98 394.454 360148 16.6005
-744.783 -2861.18 394.455 360148 16.6005
-744.544 -2860.37 394.456 360148 16.6005
-744.304 -2859.57 394.456 360148 16.6005
-744.065 -2858.77 394.457 360148 16.6005
-743.826 -2857.96 394.458 360148 16.6005
-743.586 -2857.16 394.459 360148 16.4511
-743.356 -2856.38 394.459 360148 16.4511
-743.125 -2855.6 394.46 360148 16.4511
-742.894 -2854.82 394.461 360148 16.4511
-742.663 -2854.03 394.462 360148 16.4511
-742.433 -2853.25 394.462 360148 16.4511
-742.202 -2852.47 394.463 360148 16.3073
-741.986 -2851.73 394.464 360148 16.3073
-741.77 -2851 394.464 360148 16.3073
-741.555 -2850.26 394.465 360148 16.3074
-741.339 -2849.52 394.466 360148 16.3074
-741.123 -2848.78 394.466 360148 16.3074
-740.907 -2848.05 394.467 360148 16.3108
-740.703 -2847.35 394.468 360148 16.3108
-740.499 -2846.65 394.468 360148 16.3108
-740.295 -2845.95 394.469 360148 16.3108
-740.09 -2845.26 394.469 360148 16.3108
-739.886 -2844.56 394.47 360148 16.3108
-739.682 -2843.86 394.471 360148 16.6485
-739.484 -2843.2 394.471 360148 16.6485
-739.285 -2842.53 394.472 360148 16.6485
-739.087 -2841.87 394.473 360148 16.95
-738.885 -2841.21 394.471 360148 17.3196
-738.679 -2840.55 394.467 360148 17.3196
-738.472 -2839.88 394.462 360148 18.0064
-738.263 -2839.24 394.458 360148 18.0064
-738.054 -2838.6 394.454 360148 18.0064
-737.845 -2837.95 394.45 360148 18.0064
-737.635 -2837.31 394.446 360148 18.0065
-737.426 -2836.66 394.441 360148 18.0065
-737.217 -2836.02 394.437 360148 18.5505
-737.004 -2835.39 394.433 360148 18.5505
-736.79 -2834.75 394.429 360148 18.5505
-736.577 -2834.12 394.425 360148 18.5506
-736.364 -2833.48 394.421 360148 18.5506
-736.151 -2832.84 394.416 360148 18.5506
-735.938 -2832.21 394.412 360148 18.3897
-735.727 -2831.58 394.408 360148 18.3898
-735.517 -2830.94 394.404 360148 18.3898
-735.307 -2830.31 394.4 360148 18.3898
-735.097 -2829.68 394.396 360148 18.3898
-734.886 -2829.05 394.392 360148 18.3898
-734.676 -2828.41 394.388 360148 18.3856
-734.466 -2827.78 394.383 360148 18.3856
-734.256 -2827.15 394.379 360148 18.3856
-734.045 -2826.52 394.375 360148 18.3856
-733.835 -2825.88 394.371 360148 18.3856
-733.625 -2825.25 394.367 360148 18.3856
-733.415 -2824.62 394.363 360148 18.383
-733.204 -2823.99 394.359 360148 18.383
-732.994 -2823.35 394.355 360148 18.383
-732.783 -2822.72 394.35 360148 18.383
-732.573 -2822.09 394.346 360148 18.383
-732.362 -2821.45 394.342 360148 18.383
-732.151 -2820.82 394.338 360148 18.3872
-731.94 -2820.18 394.334 360148 18.3873
-731.73 -2819.55 394.33 360148 18.3873
-731.519 -2818.92 394.326 360148 18.3873
-731.308 -2818.28 394.321 360148 18.3873
-731.097 -2817.65 394.317 360148 18.3873
-730.887 -2817.01 394.313 360148 18.355
-730.676 -2816.38 394.309 360148 18.355
-730.466 -2815.75 394.305 360148 18.355
-730.256 -2815.11 394.301 360148 18.355
-730.046 -2814.48 394.297 360148 18.355
-729.836 -2813.85 394.292 360148 18.3551
-729.625 -2813.21 394.288 360148 19.0378
-729.408 -2812.58 394.28 360148 19.1605
-729.19 -2811.95 394.272 360148 19.1605
-728.972 -2811.33 394.263 360148 19.1605
-728.753 -2810.7 394.254 360148 19.1605
-728.535 -2810.07 394.246 360148 19.1605
-728.317 -2809.44 394.237 360148 19.2361
-728.098 -2808.82 394.228 360148 19.2361
-727.88 -2808.19 394.22 360148 19.2361
-727.661 -2807.56 394.211 360148 19.2361
-727.443 -2806.94 394.202 360148 19.2361
-727.224 -2806.31 394.194 360148 19.2361
-727.006 -2805.68 394.185 360148 18.8509
-726.792 -2805.06 394.176 360148 18.8509
-726.579 -2804.43 394.168 360148 18.8509
-726.366 -2803.81 394.159 360148 18.8509
-726.152 -2803.18 394.15 360148 18.8509
-725.939 -2802.56 394.142 360148 18.8509
-725.725 -2801.93 394.133 360148 18.3981
-725.517 -2801.31 394.125 360148 18.3981
-725.309 -2800.68 394.116 360148 18.3981
-725.101 -2800.06 394.107 360148 18.3981
-724.892 -2799.43 394.099 360148 18.3981
-724.684 -2798.8 394.09 360148 18.3981
-724.476 -2798.18 394.081 360148 17.9689
-724.271 -2797.55 394.073 360148 17.9689
-724.067 -2796.92 394.064 360148 17.9689
-723.863 -2796.29 394.056 360148 17.9689
-723.659 -2795.66 394.047 360148 17.9689
-723.455 -2795.03 394.038 360148 17.9689
-723.251 -2794.4 394.03 360148 17.7677
-723.048 -2793.77 394.021 360148 17.7677
-722.845 -2793.13 394.012 360148 17.7677
-722.643 -2792.5 394.004 360148 17.7677
-722.44 -2791.87 393.995 360148 17.7677
-722.237 -2791.24 393.986 360148 17.7677
-722.035 -2790.6 393.977 360148 17.8688
-721.83 -2789.97 393.969 360148 17.8688
-721.625 -2789.34 393.96 360148 17.8688
-721.421 -2788.7 393.951 360148 17.8688
-721.216 -2788.07 393.943 360148 17.8688
-721.012 -2787.43 393.934 360148 17.8688
-720.807 -2786.8 393.925 360148 17.8688
-720.603 -2786.16 393.916 360148 17.8688
-720.398 -2785.53 393.908 360148 17.8688
-720.193 -2784.89 393.899 360148 18.3554
-719.983 -2784.26 393.887 360148 18.5524
-719.771 -2783.63 393.874 360148 18.5524
-719.559 -2783 393.861 360148 18.557
-719.347 -2782.36 393.848 360148 18.557
-719.135 -2781.73 393.834 360148 18.557
-718.923 -2781.1 393.821 360148 18.557
-718.711 -2780.47 393.808 360148 18.557
-718.499 -2779.84 393.795 360148 18.557
-718.287 -2779.21 393.782 360148 18.5523
-718.075 -2778.58 393.769 360148 18.5523
-717.863 -2777.94 393.755 360148 18.5523
-717.651 -2777.31 393.742 360148 18.5523
-717.439 -2776.68 393.729 360148 18.5523
-717.227 -2776.05 393.716 360148 18.5523
-717.015 -2775.42 393.703 360148 18.5571
-716.803 -2774.79 393.69 360148 18.5571
-716.591 -2774.15 393.677 360148 18.5571
-716.379 -2773.52 393.663 360148 18.5571
-716.167 -2772.89 393.65 360148 18.5571
-715.955 -2772.26 393.637 360148 18.5571
-715.743 -2771.63 393.624 360148 18.5523
-715.531 -2771 393.611 360148 18.5523
-715.319 -2770.36 393.598 360148 18.5523
-715.107 -2769.73 393.584 360148 18.5523
-714.895 -2769.1 393.571 360148 18.5523
-714.683 -2768.47 393.558 360148 18.5523
-714.471 -2767.84 393.545 360148 18.5523
-714.259 -2767.21 393.532 360148 18.5523
-714.047 -2766.58 393.519 360148 18.5523
-713.835 -2765.94 393.505 360148 18.5523
-713.623 -2765.31 393.492 360148 18.5523
-713.411 -2764.68 393.479 360148 18.5523
-713.199 -2764.05 393.466 360148 18.5523
-712.987 -2763.42 393.453 360148 18.5523
-712.775 -2762.79 393.44 360148 18.5523
-712.563 -2762.15 393.426 360148 18.5523
-712.351 -2761.52 393.413 360148 18.5523
-712.139 -2760.89 393.4 360148 18.5523
-711.927 -2760.26 393.387 360148 18.5531
-711.714 -2759.62 393.374 360148 18.5531
-711.5 -2758.99 393.36 360148 18.5531
-711.287 -2758.35 393.347 360148 18.5531
-711.073 -2757.71 393.334 360148 18.5531
-710.86 -2757.08 393.321 360148 18.5531
-710.647 -2756.44 393.307 360148 19.1198
-710.43 -2755.82 393.291 360148 19.241
-710.212 -2755.19 393.273 360148 19.241
-709.994 -2754.57 393.256 360148 19.241
-709.776 -2753.94 393.239 360148 19.241
-709.558 -2753.32 393.221 360148 19.241
-709.34 -2752.69 393.204 360148 19.2472
-709.129 -2752.09 393.187 360148 19.2472
-708.917 -2751.48 393.17 360148 19.2472
-708.706 -2750.88 393.153 360148 19.2472
-708.495 -2750.27 393.137 360148 19.2472
-708.284 -2749.67 393.12 360148 19.2472
-708.072 -2749.06 393.103 360148 19.3012
-707.863 -2748.47 393.086 360148 19.3012
-707.654 -2747.87 393.07 360148 19.3012
-707.444 -2747.27 393.053 360148 19.3012
-707.235 -2746.67 393.036 360148 19.3012
-707.025 -2746.07 393.02 360148 19.3012
-706.816 -2745.48 393.003 360148 19.3615
-706.603 -2744.87 392.986 360148 19.3615
-706.391 -2744.27 392.97 360148 19.3615
-706.178 -2743.66 392.953 360148 19.3615
-705.966 -2743.06 392.936 360148 19.3615
-705.753 -2742.45 392.919 360148 19.3615
-705.541 -2741.85 392.902 360148 19.3517
-705.321 -2741.22 392.885 360148 19.3517
-705.102 -2740.6 392.867 360148 19.3517
-704.883 -2739.97 392.85 360148 19.3517
-704.664 -2739.35 392.833 360148 19.3517
-704.445 -2738.73 392.815 360148 19.3517
-704.225 -2738.1 392.798 360148 19.3565
-704.003 -2737.47 392.78 360148 19.3565
-703.781 -2736.84 392.763 360148 19.3565
-703.558 -2736.2 392.745 360148 19.3565
-703.336 -2735.57 392.728 360148 19.3565
-703.114 -2734.94 392.71 360148 19.3565
-702.891 -2734.3 392.692 360148 19.3565
-702.67 -2733.68 392.675 360148 19.3565
-702.45 -2733.05 392.657 360148 19.3565
-702.229 -2732.42 392.64 360148 19.3565
-702.008 -2731.79 392.622 360148 19.3565
-701.787 -2731.16 392.605 360148 19.3565
-701.566 -2730.53 392.587 360148 19.3565
-701.346 -2729.91 392.57 360148 19.3565
-701.125 -2729.28 392.552 360148 19.3565
-700.904 -2728.65 392.535 360148 19.4064
-700.683 -2728.02 392.517 360148 20.0517
-700.454 -2727.39 392.495 360148 20.0517
-700.226 -2726.77 392.474 360148 20.0469
-699.998 -2726.14 392.452 360148 20.0469
-699.769 -2725.52 392.43 360148 20.0469
-699.541 -2724.89 392.409 360148 20.0469
-699.313 -2724.27 392.387 360148 20.0469
-699.084 -2723.64 392.365 360148 20.0469
-698.856 -2723.01 392.344 360148 20.0565
-698.628 -2722.39 392.322 360148 20.0565
-698.399 -2721.76 392.3 360148 20.0565
-698.171 -2721.14 392.279 360148 20.0565
-697.942 -2720.51 392.257 360148 20.0565
-697.714 -2719.89 392.235 360148 20.0565
-697.486 -2719.26 392.214 360148 20.0469
-697.257 -2718.63 392.192 360148 20.0469
-697.029 -2718.01 392.17 360148 20.0469
-696.8 -2717.38 392.148 360148 20.0469
-696.572 -2716.76 392.127 360148 20.0469
-696.343 -2716.13 392.105 360148 20.0469
-696.115 -2715.5 392.083 360148 20.0565
-695.887 -2714.88 392.062 360148 20.0565
-695.658 -2714.25 392.04 360148 20.0565
-695.43 -2713.63 392.018 360148 20.0565
-695.201 -2713 391.997 360148 20.0565
-694.973 -2712.38 391.975 360148 20.0565
-694.744 -2711.75 391.953 360148 20.0469
-694.516 -2711.12 391.932 360148 20.0469
-694.288 -2710.5 391.91 360148 20.0469
-694.06 -2709.87 391.888 360148 20.0469
-693.831 -2709.25 391.867 360148 20.0469
-693.603 -2708.62 391.845 360148 20.0469
-693.375 -2708 391.823 360148 20.0517
-693.146 -2707.37 391.802 360148 20.0517
-692.918 -2706.75 391.78 360148 20.0517
-692.69 -2706.12 391.758 360148 20.0517
-692.461 -2705.49 391.737 360148 20.0517
-692.233 -2704.87 391.715 360148 20.0517
-692.004 -2704.24 391.693 360148 20.0517
-691.776 -2703.62 391.671 360148 20.0517
-691.548 -2702.99 391.65 360148 20.0517
-691.319 -2702.37 391.628 360148 20.0517
-691.091 -2701.74 391.606 360148 20.0517
-690.863 -2701.11 391.585 360148 20.0517
-690.634 -2700.49 391.563 360148 20.0974
-690.405 -2699.86 391.541 360148 20.7524
-690.169 -2699.24 391.515 360148 20.7524
-689.933 -2698.62 391.49 360148 20.7524
-689.698 -2697.99 391.464 360148 20.7524
-689.462 -2697.37 391.438 360148 20.7524
-689.226 -2696.75 391.412 360148 20.7524
-688.99 -2696.13 391.387 360148 20.7524
-688.754 -2695.5 391.361 360148 20.7524
-688.518 -2694.88 391.335 360148 20.7524
-688.282 -2694.26 391.309 360148 20.7524
-688.046 -2693.64 391.284 360148 20.7524
-687.81 -2693.01 391.258 360148 20.7524
-687.574 -2692.39 391.232 360148 20.7524
-687.338 -2691.77 391.206 360148 20.7524
-687.102 -2691.15 391.181 360148 20.7524
-686.867 -2690.52 391.155 360148 20.7524
-686.631 -2689.9 391.129 360148 20.7524
-686.395 -2689.28 391.104 360148 20.7524
-686.159 -2688.66 391.078 360148 20.7524
-685.923 -2688.03 391.052 360148 20.7524
-685.687 -2687.41 391.026 360148 20.7524
-685.451 -2686.79 391.001 360148 20.7524
-685.215 -2686.17 390.975 360148 20.7524
-684.979 -2685.54 390.949 360148 20.7524
-684.743 -2684.92 390.923 360148 20.7524
-684.507 -2684.3 390.898 360148 20.7524
-684.271 -2683.67 390.872 360148 20.7524
-684.035 -2683.05 390.846 360148 20.7524
-683.799 -2682.43 390.82 360148 20.7524
-683.564 -2681.81 390.795 360148 20.7524
-683.328 -2681.18 390.769 360148 20.7524
-683.092 -2680.56 390.743 360148 20.7524
-682.856 -2679.94 390.717 360148 20.7524
-682.62 -2679.32 390.692 360148 20.7524
-682.384 -2678.69 390.666 360148 20.7524
-682.148 -2678.07 390.64 360148 20.7476
-681.912 -2677.45 390.615 360148 20.7476
-681.676 -2676.82 390.589 360148 20.7476
-681.44 -2676.2 390.563 360148 20.7476
-681.204 -2675.58 390.537 360148 20.7476
-680.968 -2674.96 390.512 360148 20.7476
-680.732 -2674.33 390.486 360148 20.7572
-680.497 -2673.71 390.46 360148 20.7572
-680.261 -2673.09 390.434 360148 20.7572
-680.025 -2672.47 390.409 360148 20.7572
-679.789 -2671.84 390.383 360148 21.4608
-679.545 -2671.23 390.353 360148 21.463
-679.302 -2670.61 390.324 360148 21.4535
-679.058 -2669.99 390.294 360148 21.4535
-678.815 -2669.37 390.264 360148 21.4535
-678.571 -2668.75 390.235 360148 21.4535
-678.327 -2668.13 390.205 360148 21.4535
-678.083 -2667.5 390.175 360148 21.4535
-677.84 -2666.88 390.145 360148 21.463
-677.596 -2666.26 390.116 360148 21.463
-677.351 -2665.64 390.086 360148 21.463
-677.107 -2665.02 390.056 360148 21.463
-676.863 -2664.4 390.027 360148 21.463
-676.619 -2663.78 389.997 360148 21.463
-676.375 -2663.16 389.967 360148 21.4535
-676.131 -2662.54 389.937 360148 21.4535
-675.887 -2661.92 389.908 360148 21.4535
-675.642 -2661.3 389.878 360148 21.4535
-675.398 -2660.67 389.848 360148 21.4535
-675.154 -2660.05 389.818 360148 21.4535
-674.91 -2659.43 389.789 360148 21.4487
-674.666 -2658.81 389.759 360148 21.4487
-674.422 -2658.19 389.729 360148 21.4487
-674.178 -2657.57 389.699 360148 21.4487
-673.934 -2656.95 389.67 360148 21.4487
-673.69 -2656.33 389.64 360148 21.4487
-673.446 -2655.7 389.61 360148 21.4535
-673.202 -2655.08 389.58 360148 21.4535
-672.958 -2654.46 389.551 360148 21.4535
-672.715 -2653.84 389.521 360148 21.4535
-672.471 -2653.22 389.491 360148 21.4535
-672.227 -2652.6 389.462 360148 21.4535
-671.984 -2651.98 389.432 360148 21.4487
-671.741 -2651.36 389.402 360148 21.4487
-671.497 -2650.75 389.373 360148 21.4487
-671.254 -2650.13 389.343 360148 21.4487
-671.011 -2649.51 389.313 360148 21.4487
-670.767 -2648.89 389.284 360148 21.4487
-670.524 -2648.27 389.254 360148 21.4487
-670.28 -2647.65 389.225 360148 21.4487
-670.037 -2647.03 389.195 360148 21.4487
-669.794 -2646.41 389.165 360148 21.4487
-669.55 -2645.79 389.136 360148 21.4487
-669.307 -2645.17 389.106 360148 21.4487
-669.063 -2644.55 389.076 360148 21.4535
-668.82 -2643.93 389.047 360148 22.1084
-668.569 -2643.31 389.013 360148 22.1643
-668.318 -2642.7 388.98 360148 22.1643
-668.067 -2642.08 388.946 360148 22.1643
-667.816 -2641.47 388.913 360148 22.1643
-667.565 -2640.85 388.88 360148 22.1595
-667.314 -2640.23 388.846 360148 22.1595
-667.063 -2639.62 388.813 360148 22.1595
-666.812 -2639 388.779 360148 22.1595
-666.561 -2638.38 388.746 360148 22.1595
-666.31 -2637.77 388.712 360148 22.1595
-666.059 -2637.15 388.679 360148 22.1643
-665.808 -2636.53 388.645 360148 22.1643
-665.557 -2635.92 388.612 360148 22.1643
-665.305 -2635.3 388.579 360148 22.1643
-665.054 -2634.68 388.545 360148 22.1643
-664.803 -2634.07 388.512 360148 22.1643
-664.552 -2633.45 388.478 360148 22.1643
-664.301 -2632.84 388.445 360148 22.1643
-664.05 -2632.22 388.411 360148 22.1643
-663.799 -2631.6 388.378 360148 22.1643
-663.548 -2630.99 388.344 360148 22.1643
-663.297 -2630.37 388.311 360148 22.1643
-663.046 -2629.76 388.278 360148 22.1595
-662.795 -2629.14 388.244 360148 22.1595
-662.544 -2628.52 388.211 360148 22.1595
-662.293 -2627.91 388.177 360148 22.1595
-662.042 -2627.29 388.144 360148 22.1595
-661.791 -2626.67 388.11 360148 22.1595
-661.54 -2626.06 388.077 360148 22.1595
-5613.2 0 0 0 22.1595
-5655.47 0 0 0 22.1595
-5655.47 0 0 0 22.1595
-5655.47 0 0 0 22.1595
-5655.47 0 0 0 22.1595
-5655.47 0 0 0 22.1595
-5655.47 0 0 0 22.1595
-5696.88 0 0 0 22.1595
-5696.88 0 0 0 22.1595
-5696.88 0 0 0 22.1595
-5696.88 0 0 0 22.1595
-5696.88 0 0 0 22.1595
-5696.88 0 0 0 22.1595
-5737.31 0 0 0 22.1595
-5737.31 0 0 0 22.1595
-5737.31 0 0 0 22.1595
-5737.31 0 0 0 22.1595
-5737.31 0 0 0 22.1595
-5737.31 0 0 0 22.1595
-5569.49 0 0 0 22.1595
-5569.49 0 0 0 22.1595
-5569.49 0 0 0 22.1595
-5569.49 0 0 0 22.1595
-5569.49 0 0 0 22.1595
-5569.49 0 0 0 22.1595
-5612.19 0 0 0 22.1595
-5612.19 0 0 0 22.1595
-5612.19 0 0 0 22.1595
-5612.19 0 0 0 22.1595
-5612.19 0 0 0 22.1595
-5612.19 0 0 0 22.1595
-5654.22 0 0 0 22.1595
-5654.22 0 0 0 22.1595
-5654.22 0 0 0 22.1595
-5654.22 0 0 0 22.1595
-5654.22 0 0 0 22.1595
-5654.22 0 0 0 22.1595
-5695.41 0 0 0 22.1595
-5695.41 0 0 0 22.1595
-5695.41 0 0 0 22.1595
-5695.41 0 0 0 22.1595
-5695.41 0 0 0 22.1595
-5695.41 0 0 0 22.1595
-5735.62 0 0 0 22.1595
-5735.62 0 0 0 22.1595
-5735.62 0 0 0 22.1595
-5735.62 0 0 0 22.1595
-5735.62 0 0 0 22.1595
-5735.62 0 0 0 22.1595
-5371.32 0 0 0 22.1595
-5371.32 0 0 0 22.1595
-5371.32 0 0 0 22.1595
-5371.32 0 0 0 22.1595
-5371.32 0 0 0 22.1595
-5371.32 0 0 0 22.1595
-5411.13 0 0 0 22.1595
-5411.13 0 0 0 22.1595
-5411.13 0 0 0 22.1595
-5411.13 0 0 0 22.1595
-5411.13 0 0 0 22.1595
-5411.13 0 0 0 22.1595
-5451.01 0 0 0 22.1595
-5451.01 0 0 0 22.1595
-5451.01 0 0 0 22.1595
-5451.01 0 0 0 22.1595
-5451.01 0 0 0 22.1595
-5451.01 0 0 0 22.1595
-5490.83 0 0 0 22.1595
-5490.83 0 0 0 22.1595
-5490.83 0 0 0 22.1595
-5490.83 0 0 0 22.1595
-5490.83 0 0 0 22.1595
-5490.83 0 0 0 22.1595
-5530.47 0 0 0 22.1595
-5530.47 0 0 0 22.1595
-5530.47 0 0 0 22.1595
-5530.47 0 0 0 22.1595
-5530.47 0 0 0 22.1595
-5530.47 0 0 0 22.1595
-5371.64 0 0 0 22.1595
-5371.64 0 0 0 22.1595
-5371.64 0 0 0 22.1595
-5371.64 0 0 0 22.1595
-5371.64 0 0 0 22.1595
-5371.64 0 0 0 22.1595
-5411.24 0 0 0 22.1595
-5411.24 0 0 0 22.1595
-5411.24 0 0 0 22.1595
-5411.24 0 0 0 22.1595
-5411.24 0 0 0 22.1595
-5411.24 0 0 0 22.1595
-5450.9 0 0 0 22.1595
-5450.9 0 0 0 22.1595
-5450.9 0 0 0 22.1595
-5450.9 0 0 0 22.1595
-5450.9 0 0 0 22.1595
-5450.9 0 0 0 22.1595
-5490.5 0 0 0 22.1595
-5490.5 0 0 0 22.1595
-5490.5 0 0 0 22.1595
-5490.5 0 0 0 22.1595
-5490.5 0 0 0 22.1595
-5490.5 0 0 0 22.1595
-5529.92 0 0 0 22.1595
-5529.92 0 0 0 22.1595
-5529.92 0 0 0 22.1595
-5529.92 0 0 0 22.1595
-5529.92 0 0 0 22.1595
-5529.92 0 0 0 22.1595
-5297.87 0 0 0 22.1595
-5297.87 0 0 0 22.1595
-5297.87 0 0 0 22.1595
-5297.87 0 0 0 22.1595
-5297.87 0 0 0 22.1595
-5297.87 0 0 0 22.1595
-5308.22 0 0 0 22.1595
-5308.22 0 0 0 22.1595
-5308.22 0 0 0 22.1595
-5308.22 0 0 0 22.1595
-5308.22 0 0 0 22.1595
-5308.22 0 0 0 22.1595
-5318.6 0 0 0 22.1595
-5318.6 0 0 0 22.1595
-5318.6 0 0 0 22.1595
-5318.6 0 0 0 22.1595
-5318.6 0 0 0 22.1595
-5318.6 0 0 0 22.1595
-5329 0 0 0 22.1595
-5329 0 0 0 22.1595
-5329 0 0 0 22.1595
-5329 0 0 0 22.1595
-5329 0 0 0 22.1595
-5329 0 0 0 22.1595
-5339.42 0 0 0 22.1595
-5339.42 0 0 0 22.1595
-5339.42 0 0 0 22.1595
-5339.42 0 0 0 22.1595
-5339.42 0 0 0 22.1595
-5339.42 0 0 0 22.1595
-5298.67 0 0 0 22.1595
-5298.67 0 0 0 22.1595
-5298.67 0 0 0 22.1595
-5298.67 0 0 0 22.1595
-5298.67 0 0 0 22.1595
-5298.67 0 0 0 22.1595
-5308.96 0 0 0 22.1595
-5308.96 0 0 0 22.1595
-5308.96 0 0 0 22.1595
-5308.96 0 0 0 22.1595
-5308.96 0 0 0 22.1595
-5308.96 0 0 0 22.1595
-5319.28 0 0 0 22.1595
-5319.28 0 0 0 22.1595
-5319.28 0 0 0 22.1595
-5319.28 0 0 0 22.1595
-5319.28 0 0 0 22.1595
-5319.28 0 0 0 22.1595
-5329.63 0 0 0 22.1595
-5329.63 0 0 0 22.1595
-5329.63 0 0 0 22.1595
-5329.63 0 0 0 22.1595
-5329.63 0 0 0 22.1595
-5329.63 0 0 0 22.1595
-5339.98 0 0 0 22.1595
-5339.98 0 0 0 22.1595
-5339.98 0 0 0 22.1595
-5339.98 0 0 0 22.1595
-5339.98 0 0 0 22.1595
-5339.98 0 0 0 22.1595
-5111.23 0 0 0 22.1595
-5111.23 0 0 0 22.1595
-5111.23 0 0 0 22.1595
-5111.23 0 0 0 22.1595
-5111.23 0 0 0 22.1595
-5111.23 0 0 0 22.1595
-5153.21 0 0 0 22.1595
-5153.21 0 0 0 22.1595
-5153.21 0 0 0 22.1595
-5153.21 0 0 0 22.1595
-5153.21 0 0 0 22.1595
-5153.21 0 0 0 22.1595
-5195.3 0 0 0 22.1595
-5195.3 0 0 0 22.1595
-5195.3 0 0 0 22.1595
-5195.3 0 0 0 22.1595
-5195.3 0 0 0 22.1595
-5195.3 0 0 0 22.1595
-5237.71 0 0 0 22.1595
-5237.71 0 0 0 22.1595
-5237.71 0 0 0 22.1595
-5237.71 0 0 0 22.1595
-5237.71 0 0 0 22.1595
-5237.71 0 0 0 22.1595
-5280.6 0 0 0 22.1595
-5280.6 0 0 0 22.1595
-5280.6 0 0 0 22.1595
-5280.6 0 0 0 22.1595
-5280.6 0 0 0 22.1595
-5280.6 0 0 0 22.1595
-5112.36 0 0 0 22.1595
-5112.36 0 0 0 22.1595
-5112.36 0 0 0 22.1595
-5112.36 0 0 0 22.1595
-5112.36 0 0 0 22.1595
-5112.36 0 0 0 22.1595
-5154.26 0 0 0 22.1595
-5154.26 0 0 0 22.1595
-5154.26 0 0 0 22.1595
-5154.26 0 0 0 22.1595
-5154.26 0 0 0 22.1595
-5154.26 0 0 0 22.1595
-5196.27 0 0 0 22.1595
-5196.27 0 0 0 22.1595
-5196.27 0 0 0 22.1595
-5196.27 0 0 0 22.1595
-5196.27 0 0 0 22.1595
-5196.27 0 0 0 22.1595
-5238.6 0 0 0 22.1595
-5238.6 0 0 0 22.1595
-5238.6 0 0 0 22.1595
-5238.6 0 0 0 22.1595
-5238.6 0 0 0 22.1595
-5238.6 0 0 0 22.1595
-5281.4 0 0 0 22.1595
-5281.4 0 0 0 22.1595
-5281.4 0 0 0 22.1595
-5281.4 0 0 0 22.1595
-5281.4 0 0 0 22.1595
-5281.4 0 0 0 22.1595
-5027.02 0 0 0 22.1595
-5027.02 0 0 0 22.1595
-5027.02 0 0 0 22.1595
-5027.02 0 0 0 22.1595
-5027.02 0 0 0 22.1595
-5027.02 0 0 0 22.1595
-5039.51 0 0 0 22.1595
-5039.51 0 0 0 22.1595
-5039.51 0 0 0 22.1595
-5039.51 0 0 0 22.1595
-5039.51 0 0 0 22.1595
-5039.51 0 0 0 22.1595
-5052.01 0 0 0 22.1595
-5052.01 0 0 0 22.1595
-5052.01 0 0 0 22.1595
-5052.01 0 0 0 22.1595
-5052.01 0 0 0 22.1595
-5052.01 0 0 0 22.1595
-5064.51 0 0 0 22.1595
-5064.51 0 0 0 22.1595
-5064.51 0 0 0 22.1595
-5064.51 0 0 0 22.1595
-5064.51 0 0 0 22.1595
-5064.51 0 0 0 22.1595
-5077.01 0 0 0 22.1595
-5077.01 0 0 0 22.1595
-5077.01 0 0 0 22.1595
-5077.01 0 0 0 22.1595
-5077.01 0 0 0 22.1595
-5077.01 0 0 0 22.1595
-5028.24 0 0 0 22.1595
-5028.24 0 0 0 22.1595
-5028.24 0 0 0 22.1595
-5028.24 0 0 0 22.1595
-5028.24 0 0 0 22.1595
-5028.24 0 0 0 22.1595
-5040.73 0 0 0 22.1595
-5040.73 0 0 0 22.1595
-5040.73 0 0 0 22.1595
-5040.73 0 0 0 22.1595
-5040.73 0 0 0 22.1595
-5040.73 0 0 0 22.1595
-5053.22 0 0 0 22.1595
-5053.22 0 0 0 22.1595
-5053.22 0 0 0 22.1595
-5053.22 0 0 0 22.1595
-5053.22 0 0 0 22.1595
-5053.22 0 0 0 22.1595
-5065.72 0 0 0 22.1595
-5065.72 0 0 0 22.1595
-5065.72 0 0 0 22.1595
-5065.72 0 0 0 22.1595
-5065.72 0 0 0 22.1595
-5065.72 0 0 0 22.1595
-5078.21 0 0 0 22.1595
-5078.21 0 0 0 22.1595
-5078.21 0 0 0 22.1595
-5078.21 0 0 0 22.1595
-5078.21 0 0 0 22.1595
-5078.21 0 0 0 22.1595
-4869.09 0 0 0 22.1595
-4869.09 0 0 0 22.1595
-4869.09 0 0 0 22.1595
-4869.09 0 0 0 22.1595
-4869.09 0 0 0 22.1595
-4869.09 0 0 0 22.1595
-4904.5 0 0 0 22.1595
-4904.5 0 0 0 22.1595
-4904.5 0 0 0 22.1595
-4904.5 0 0 0 22.1595
-4904.5 0 0 0 22.1595
-4904.5 0 0 0 22.1595
-4939.75 0 0 0 22.1595
-4939.75 0 0 0 22.1595
-4939.75 0 0 0 22.1595
-4939.75 0 0 0 22.1595
-4939.75 0 0 0 22.1595
-4939.75 0 0 0 22.1595
-4974.83 0 0 0 22.1595
-4974.83 0 0 0 22.1595
-4974.83 0 0 0 22.1595
-4974.83 0 0 0 22.1595
-4974.83 0 0 0 22.1595
-4974.83 0 0 0 22.1595
-5009.73 0 0 0 22.1595
-5009.73 0 0 0 22.1595
-5009.73 0 0 0 22.1595
-5009.73 0 0 0 22.1595
-5009.73 0 0 0 22.1595
-5009.73 0 0 0 22.1595
-4869.99 0 0 0 22.1595
-4869.99 0 0 0 22.1595
-4869.99 0 0 0 22.1595
-4869.99 0 0 0 22.1595
-4869.99 0 0 0 22.1595
-4869.99 0 0 0 22.1595
-4905.47 0 0 0 22.1595
-4905.47 0 0 0 22.1595
-4905.47 0 0 0 22.1595
-4905.47 0 0 0 22.1595
-4905.47 0 0 0 22.1595
-4905.47 0 0 0 22.1595
-4940.79 0 0 0 22.1595
-4940.79 0 0 0 22.1595
-4940.79 0 0 0 22.1595
-4940.79 0 0 0 22.1595
-4940.79 0 0 0 22.1595
-4940.79 0 0 0 22.1595
-4975.94 0 0 0 22.1595
-4975.94 0 0 0 22.1595
-4975.94 0 0 0 22.1595
-4975.94 0 0 0 22.1595
-4975.94 0 0 0 22.1595
-4975.94 0 0 0 22.1595
-5010.91 0 0 0 22.1595
-5010.91 0 0 0 22.1595
-5010.91 0 0 0 22.1595
-5010.91 0 0 0 22.1595
-5010.91 0 0 0 22.1595
-5010.91 0 0 0 22.1595
-4605.92 0 0 0 22.1595
-4605.92 0 0 0 22.1595
-4605.92 0 0 0 22.1595
-4605.92 0 0 0 22.1595
-4605.92 0 0 0 22.1595
-4605.92 0 0 0 22.1595
-4662.27 0 0 0 22.1595
-4662.27 0 0 0 22.1595
-4662.27 0 0 0 22.1595
-4662.27 0 0 0 22.1595
-4662.27 0 0 0 22.1595
-4662.27 0 0 0 22.1595
-4718.44 0 0 0 22.1595
-4718.44 0 0 0 22.1595
-4718.44 0 0 0 22.1595
-4718.44 0 0 0 22.1595
-4718.44 0 0 0 22.1595
-4718.44 0 0 0 22.1595
-4774.37 0 0 0 22.1595
-4774.37 0 0 0 22.1595
-4774.37 0 0 0 22.1595
-4774.37 0 0 0 22.1595
-4774.37 0 0 0 22.1595
-4774.37 0 0 0 22.1595
-4830.01 0 0 0 22.1595
-4830.01 0 0 0 22.1595
-4830.01 0 0 0 22.1595
-4830.01 0 0 0 22.1595
-4830.01 0 0 0 22.1595
-4830.01 0 0 0 22.1595
-4606.29 0 0 0 22.1595
-4606.29 0 0 0 22.1595
-4606.29 0 0 0 22.1595
-4606.29 0 0 0 22.1595
-4606.29 0 0 0 22.1595
-4606.29 0 0 0 22.1595
-4662.76 0 0 0 22.1595
-4662.76 0 0 0 22.1595
-4662.76 0 0 0 22.1595
-4662.76 0 0 0 22.1595
-4662.76 0 0 0 22.1595
-4662.76 0 0 0 22.1595
-4719.04 0 0 0 22.1595
-4719.04 0 0 0 22.1595
-4719.04 0 0 0 22.1595
-4719.04 0 0 0 22.1595
-4719.04 0 0 0 22.1595
-4719.04 0 0 0 22.1595
-4775.09 0 0 0 22.1595
-4775.09 0 0 0 22.1595
-4775.09 0 0 0 22.1595
-4775.09 0 0 0 22.1595
-4775.09 0 0 0 22.1595
-4775.09 0 0 0 22.1595
-4830.84 0 0 0 22.1595
-4830.84 0 0 0 22.1595
-4830.84 0 0 0 22.1595
-4830.84 0 0 0 22.1595
-4830.84 0 0 0 22.1595
-4830.84 0 0 0 22.1595
-4435.64 0 0 0 22.1595
-4435.64 0 0 0 22.1595
-4435.64 0 0 0 22.1595
-4435.64 0 0 0 22.1595
-4435.64 0 0 0 22.1595
-4435.64 0 0 0 22.1595
-4465.88 0 0 0 22.1595
-4465.88 0 0 0 22.1595
-4465.88 0 0 0 22.1595
-4465.88 0 0 0 22.1595
-4465.88 0 0 0 22.1595
-4465.88 0 0 0 22.1595
-4496.12 0 0 0 22.1595
-4496.12 0 0 0 22.1595
-4496.12 0 0 0 22.1595
-4496.12 0 0 0 22.1595
-4496.12 0 0 0 22.1595
-4496.12 0 0 0 22.1595
-4526.34 0 0 0 22.1595
-4526.34 0 0 0 22.1595
-4526.34 0 0 0 22.1595
-4526.34 0 0 0 22.1595
-4526.34 0 0 0 22.1595
-4526.34 0 0 0 22.1595
-4556.54 0 0 0 22.1595
-4556.54 0 0 0 22.1595
-4556.54 0 0 0 22.1595
-4556.54 0 0 0 22.1595
-4556.54 0 0 0 22.1595
-4556.54 0 0 0 22.1595
-4435.77 0 0 0 22.1595
-4435.77 0 0 0 22.1595
-4435.77 0 0 0 22.1595
-4435.77 0 0 0 22.1595
-4435.77 0 0 0 22.1595
-4435.77 0 0 0 22.1595
-4466.05 0 0 0 22.1595
-4466.05 0 0 0 22.1595
-4466.05 0 0 0 22.1595
-4466.05 0 0 0 22.1595
-4466.05 0 0 0 22.1595
-4466.05 0 0 0 22.1595
-4496.33 0 0 0 22.1595
-4496.33 0 0 0 22.1595
-4496.33 0 0 0 22.1595
-4496.33 0 0 0 22.1595
-4496.33 0 0 0 22.1595
-4496.33 0 0 0 22.1595
-4526.59 0 0 0 22.1595
-4526.59 0 0 0 22.1595
-4526.59 0 0 0 22.1595
-4526.59 0 0 0 22.1595
-4526.59 0 0 0 22.1595
-4526.59 0 0 0 22.1595
-4556.83 0 0 0 22.1595
-4556.83 0 0 0 22.1595
-4556.83 0 0 0 22.1595
-4556.83 0 0 0 22.1595
-4556.83 0 0 0 22.1595
-4556.83 0 0 0 22.1595
-4312.46 0 0 0 22.1595
-4312.46 0 0 0 22.1595
-4312.46 0 0 0 22.1595
-4312.46 0 0 0 22.1595
-4312.46 0 0 0 22.1595
-4312.46 0 0 0 22.1595
-4336.22 0 0 0 22.1595
-4336.22 0 0 0 22.1595
-4336.22 0 0 0 22.1595
-4336.22 0 0 0 22.1595
-4336.22 0 0 0 22.1595
-4336.22 0 0 0 22.1595
-4359.98 0 0 0 22.1595
-4359.98 0 0 0 22.1595
-4359.98 0 0 0 22.1595
-4359.98 0 0 0 22.1595
-4359.98 0 0 0 22.1595
-4359.98 0 0 0 22.1595
-4383.74 0 0 0 22.1595
-4383.74 0 0 0 22.1595
-4383.74 0 0 0 22.1595
-4383.74 0 0 0 22.1595
-4383.74 0 0 0 22.1595
-4383.74 0 0 0 22.1595
-4407.51 0 0 0 22.1595
-4407.51 0 0 0 22.1595
-4407.51 0 0 0 22.1595
-4407.51 0 0 0 22.1595
-4407.51 0 0 0 22.1595
-4407.51 0 0 0 22.1595
-4312.57 0 0 0 22.1595
-4312.57 0 0 0 22.1595
-4312.57 0 0 0 22.1595
-4312.57 0 0 0 22.1595
-4312.57 0 0 0 22.1595
-4312.57 0 0 0 22.1595
-4336.33 0 0 0 22.1595
-4336.33 0 0 0 22.1595
-4336.33 0 0 0 22.1595
-4336.33 0 0 0 22.1595
-4336.33 0 0 0 22.1595
-4336.33 0 0 0 22.1595
-4360.09 0 0 0 22.1595
-4360.09 0 0 0 22.1595
-4360.09 0 0 0 22.1595
-4360.09 0 0 0 22.1595
-4360.09 0 0 0 22.1595
-4360.09 0 0 0 22.1595
-4383.85 0 0 0 22.1595
-4383.85 0 0 0 22.1595
-4383.85 0 0 0 22.1595
-4383.85 0 0 0 22.1595
-4383.85 0 0 0 22.1595
-4383.85 0 0 0 22.1595
-4407.61 0 0 0 22.1595
-4407.61 0 0 0 22.1595
-4407.61 0 0 0 22.1595
-4407.61 0 0 0 22.1595
-4407.61 0 0 0 22.1595
-4407.61 0 0 0 22.1595
-4290.91 0 0 0 22.1595
-4290.91 0 0 0 22.1595
-4290.91 0 0 0 22.1595
-4290.91 0 0 0 22.1595
-4290.91 0 0 0 22.1595
-4290.91 0 0 0 22.1595
-4291.92 0 0 0 22.1595
-4291.92 0 0 0 22.1595
-4291.92 0 0 0 22.1595
-4291.92 0 0 0 22.1595
-4291.92 0 0 0 22.1595
-4291.92 0 0 0 22.1595
-4292.93 0 0 0 22.1595
-4292.93 0 0 0 22.1595
-4292.93 0 0 0 22.1595
-4292.93 0 0 0 22.1595
-4292.93 0 0 0 22.1595
-4292.93 0 0 0 22.1595
-4293.93 0 0 0 22.1595
-4293.93 0 0 0 22.1595
-4293.93 0 0 0 22.1595
-4293.93 0 0 0 22.1595
-4293.93 0 0 0 22.1595
-4293.93 0 0 0 22.1595
-4294.94 0 0 0 22.1595
-4294.94 0 0 0 22.1595
-4294.94 0 0 0 22.1595
-4294.94 0 0 0 22.1595
-4294.94 0 0 0 22.1595
-4294.94 0 0 0 22.1595
-4290.99 0 0 0 22.1595
-4290.99 0 0 0 22.1595
-4290.99 0 0 0 22.1595
-4290.99 0 0 0 22.1595
-4290.99 0 0 0 22.1595
-4290.99 0 0 0 22.1595
-4292 0 0 0 22.1595
-4292 0 0 0 22.1595
-4292 0 0 0 22.1595
-4292 0 0 0 22.1595
-4292 0 0 0 22.1595
-4292 0 0 0 22.1595
-4293 0 0 0 22.1595
-4293 0 0 0 22.1595
-4293 0 0 0 22.1595
-4293 0 0 0 22.1595
-4293 0 0 0 22.1595
-4293 0 0 0 22.1595
-4294.01 0 0 0 22.1595
-4294.01 0 0 0 22.1595
-4294.01 0 0 0 22.1595
-4294.01 0 0 0 22.1595
-4294.01 0 0 0 22.1595
-4294.01 0 0 0 22.1595
-4295.02 0 0 0 22.1595
-4295.02 0 0 0 22.1595
-4295.02 0 0 0 22.1595
-4295.02 0 0 0 22.1595
-4295.02 0 0 0 22.1595
-4295.02 0 0 0 22.1595
-4230.44 0 0 0 22.1595
-4230.44 0 0 0 22.1595
-4230.44 0 0 0 22.1595
-4230.44 0 0 0 22.1595
-4230.44 0 0 0 22.1595
-4230.44 0 0 0 22.1595
-4244.59 0 0 0 22.1595
-4244.59 0 0 0 22.1595
-4244.59 0 0 0 22.1595
-4244.59 0 0 0 22.1595
-4244.59 0 0 0 22.1595
-4244.59 0 0 0 22.1595
-4258.75 0 0 0 22.1595
-4258.75 0 0 0 22.1595
-4258.75 0 0 0 22.1595
-4258.75 0 0 0 22.1595
-4258.75 0 0 0 22.1595
-4258.75 0 0 0 22.1595
-4272.91 0 0 0 22.1595
-4272.91 0 0 0 22.1595
-4272.91 0 0 0 22.1595
-4272.91 0 0 0 22.1595
-4272.91 0 0 0 22.1595
-4272.91 0 0 0 22.1595
-4287.06 0 0 0 22.1595
-4287.06 0 0 0 22.1595
-4287.06 0 0 0 22.1595
-4287.06 0 0 0 22.1595
-4287.06 0 0 0 22.1595
-4287.06 0 0 0 22.1595
-4230.54 0 0 0 22.1595
-4230.54 0 0 0 22.1595
-4230.54 0 0 0 22.1595
-4230.54 0 0 0 22.1595
-4230.54 0 0 0 22.1595
-4230.54 0 0 0 22.1595
-4244.7 0 0 0 22.1595
-4244.7 0 0 0 22.1595
-4244.7 0 0 0 22.1595
-4244.7 0 0 0 22.1595
-4244.7 0 0 0 22.1595
-4244.7 0 0 0 22.1595
-4258.86 0 0 0 22.1595
-4258.86 0 0 0 22.1595
-4258.86 0 0 0 22.1595
-4258.86 0 0 0 22.1595
-4258.86 0 0 0 22.1595
-4258.86 0 0 0 22.1595
-4273.02 0 0 0 22.1595
-4273.02 0 0 0 22.1595
-4273.02 0 0 0 22.1595
-4273.02 0 0 0 22.1595
-4273.02 0 0 0 22.1595
-4273.02 0 0 0 22.1595
-4287.18 0 0 0 22.1595
-4287.18 0 0 0 22.1595
-4287.18 0 0 0 22.1595
-4287.18 0 0 0 22.1595
-4287.18 0 0 0 22.1595
-4287.18 0 0 0 22.1595
-4190.17 0 0 0 22.1595
-4190.17 0 0 0 22.1595
-4190.17 0 0 0 22.1595
-4190.17 0 0 0 22.1595
-4190.17 0 0 0 22.1595
-4190.17 0 0 0 22.1595
-4197.27 0 0 0 22.1595
-4197.27 0 0 0 22.1595
-4197.27 0 0 0 22.1595
-4197.27 0 0 0 22.1595
-4197.27 0 0 0 22.1595
-4197.27 0 0 0 22.1595
-4204.37 0 0 0 22.1595
-4204.37 0 0 0 22.1595
-4204.37 0 0 0 22.1595
-4204.37 0 0 0 22.1595
-4204.37 0 0 0 22.1595
-4204.37 0 0 0 22.1595
-4211.47 0 0 0 22.1595
-4211.47 0 0 0 22.1595
-4211.47 0 0 0 22.1595
-4211.47 0 0 0 22.1595
-4211.47 0 0 0 22.1595
-4211.47 0 0 0 22.1595
-4218.57 0 0 0 22.1595
-4218.57 0 0 0 22.1595
-4218.57 0 0 0 22.1595
-4218.57 0 0 0 22.1595
-4218.57 0 0 0 22.1595
-4218.57 0 0 0 22.1595
-4190.27 0 0 0 22.1595
-4190.27 0 0 0 22.1595
-4190.27 0 0 0 22.1595
-4190.27 0 0 0 22.1595
-4190.27 0 0 0 22.1595
-4190.27 0 0 0 22.1595
-4197.36 0 0 0 22.1595
-4197.36 0 0 0 22.1595
-4197.36 0 0 0 22.1595
-4197.36 0 0 0 22.1595
-4197.36 0 0 0 22.1595
-4197.36 0 0 0 22.1595
-4204.46 0 0 0 22.1595
-4204.46 0 0 0 22.1595
-4204.46 0 0 0 22.1595
-4204.46 0 0 0 22.1595
-4204.46 0 0 0 22.1595
-4204.46 0 0 0 22.1595
-4211.56 0 0 0 22.1595
-4211.56 0 0 0 22.1595
-4211.56 0 0 0 22.1595
-4211.56 0 0 0 22.1595
-4211.56 0 0 0 22.1595
-4211.56 0 0 0 22.1595
-4218.66 0 0 0 22.1595
-4218.66 0 0 0 22.1595
-4218.66 0 0 0 22.1595
-4218.66 0 0 0 22.1595
-4218.66 0 0 0 22.1595
-4218.66 0 0 0 22.1595
-4158.58 0 0 0 22.1595
-4158.58 0 0 0 22.1595
-4158.58 0 0 0 22.1595
-4158.58 0 0 0 22.1595
-4158.58 0 0 0 22.1595
-4158.58 0 0 0 22.1595
-4164.89 0 0 0 22.1595
-4164.89 0 0 0 22.1595
-4164.89 0 0 0 22.1595
-4164.89 0 0 0 22.1595
-4164.89 0 0 0 22.1595
-4164.89 0 0 0 22.1595
-4171.2 0 0 0 22.1595
-4171.2 0 0 0 22.1595
-4171.2 0 0 0 22.1595
-4171.2 0 0 0 22.1595
-4171.2 0 0 0 22.1595
-4171.2 0 0 0 22.1595
-4177.51 0 0 0 22.1595
-4177.51 0 0 0 22.1595
-4177.51 0 0 0 22.1595
-4177.51 0 0 0 22.1595
-4177.51 0 0 0 22.1595
-4177.51 0 0 0 22.1595
-4183.82 0 0 0 22.1595
-4183.82 0 0 0 22.1595
-4183.82 0 0 0 22.1595
-4183.82 0 0 0 22.1595
-4183.82 0 0 0 22.1595
-4183.82 0 0 0 22.1595
-4158.67 0 0 0 22.1595
-4158.67 0 0 0 22.1595
-4158.67 0 0 0 22.1595
-4158.67 0 0 0 22.1595
-4158.67 0 0 0 22.1595
-4158.67 0 0 0 22.1595
-4164.97 0 0 0 22.1595
-4164.97 0 0 0 22.1595
-4164.97 0 0 0 22.1595
-4164.97 0 0 0 22.1595
-4164.97 0 0 0 22.1595
-4164.97 0 0 0 22.1595
-4171.28 0 0 0 22.1595
-4171.28 0 0 0 22.1595
-4171.28 0 0 0 22.1595
-4171.28 0 0 0 22.1595
-4171.28 0 0 0 22.1595
-4171.28 0 0 0 22.1595
-4177.58 0 0 0 22.1595
-4177.58 0 0 0 22.1595
-4177.58 0 0 0 22.1595
-4177.58 0 0 0 22.1595
-4177.58 0 0 0 22.1595
-4177.58 0 0 0 22.1595
-4183.88 0 0 0 22.1595
-4183.88 0 0 0 22.1595
-4183.88 0 0 0 22.1595
-4183.88 0 0 0 22.1595
-4183.88 0 0 0 22.1595
-4183.88 0 0 0 22.1595
-4122.49 0 0 0 22.1595
-4122.49 0 0 0 22.1595
-4122.49 0 0 0 22.1595
-4122.49 0 0 0 22.1595
-4122.49 0 0 0 22.1595
-4122.49 0 0 0 22.1595
-4129.98 0 0 0 22.1595
-4129.98 0 0 0 22.1595
-4129.98 0 0 0 22.1595
-4129.98 0 0 0 22.1595
-4129.98 0 0 0 22.1595
-4129.98 0 0 0 22.1595
-4137.48 0 0 0 22.1595
-4137.48 0 0 0 22.1595
-4137.48 0 0 0 22.1595
-4137.48 0 0 0 22.1595
-4137.48 0 0 0 22.1595
-4137.48 0 0 0 22.1595
-4144.97 0 0 0 22.1595
-4144.97 0 0 0 22.1595
-4144.97 0 0 0 22.1595
-4144.97 0 0 0 22.1595
-4144.97 0 0 0 22.1595
-4144.97 0 0 0 22.1595
-4152.46 0 0 0 22.1595
-4152.46 0 0 0 22.1595
-4152.46 0 0 0 22.1595
-4152.46 0 0 0 22.1595
-4152.46 0 0 0 22.1595
-4152.46 0 0 0 22.1595
-4122.58 0 0 0 22.1595
-4122.58 0 0 0 22.1595
-4122.58 0 0 0 22.1595
-4122.58 0 0 0 22.1595
-4122.58 0 0 0 22.1595
-4122.58 0 0 0 22.1595
-4130.08 0 0 0 22.1595
-4130.08 0 0 0 22.1595
-4130.08 0 0 0 22.1595
-4130.08 0 0 0 22.1595
-4130.08 0 0 0 22.1595
-4130.08 0 0 0 22.1595
-4137.57 0 0 0 22.1595
-4137.57 0 0 0 22.1595
-4137.57 0 0 0 22.1595
-4137.57 0 0 0 22.1595
-4137.57 0 0 0 22.1595
-4137.57 0 0 0 22.1595
-4145.07 0 0 0 22.1595
-4145.07 0 0 0 22.1595
-4145.07 0 0 0 22.1595
-4145.07 0 0 0 22.1595
-4145.07 0 0 0 22.1595
-4145.07 0 0 0 22.1595
-4152.57 0 0 0 22.1595
-4152.57 0 0 0 22.1595
-4152.57 0 0 0 22.1595
-4152.57 0 0 0 22.1595
-4152.57 0 0 0 22.1595
-4152.57 0 0 0 22.1595
-4029.4 0 0 0 22.1595
-4029.4 0 0 0 22.1595
-4029.4 0 0 0 22.1595
-4029.4 0 0 0 22.1595
-4029.4 0 0 0 22.1595
-4029.4 0 0 0 22.1595
-4050.09 0 0 0 22.1595
-4050.09 0 0 0 22.1595
-4050.09 0 0 0 22.1595
-4050.09 0 0 0 22.1595
-4050.09 0 0 0 22.1595
-4050.09 0 0 0 22.1595
-4070.79 0 0 0 22.1595
-4070.79 0 0 0 22.1595
-4070.79 0 0 0 22.1595
-4070.79 0 0 0 22.1595
-4070.79 0 0 0 22.1595
-4070.79 0 0 0 22.1595
-4091.49 0 0 0 22.1595
-4091.49 0 0 0 22.1595
-4091.49 0 0 0 22.1595
-4091.49 0 0 0 22.1595
-4091.49 0 0 0 22.1595
-4091.49 0 0 0 22.1595
-4112.19 0 0 0 22.1595
-4112.19 0 0 0 22.1595
-4112.19 0 0 0 22.1595
-4112.19 0 0 0 22.1595
-4112.19 0 0 0 22.1595
-4112.19 0 0 0 22.1595
-4029.5 0 0 0 22.1595
-4029.5 0 0 0 22.1595
-4029.5 0 0 0 22.1595
-4029.5 0 0 0 22.1595
-4029.5 0 0 0 22.1595
-4029.5 0 0 0 22.1595
-4050.2 0 0 0 22.1595
-4050.2 0 0 0 22.1595
-4050.2 0 0 0 22.1595
-4050.2 0 0 0 22.1595
-4050.2 0 0 0 22.1595
-4050.2 0 0 0 22.1595
-4070.89 0 0 0 22.1595
-4070.89 0 0 0 22.1595
-4070.89 0 0 0 22.1595
-4070.89 0 0 0 22.1595
-4070.89 0 0 0 22.1595
-4070.89 0 0 0 22.1595
-4091.59 0 0 0 22.1595
-4091.59 0 0 0 22.1595
-4091.59 0 0 0 22.1595
-4091.59 0 0 0 22.1595
-4091.59 0 0 0 22.1595
-4091.59 0 0 0 22.1595
-4112.29 0 0 0 22.1595
-4112.29 0 0 0 22.1595
-4112.29 0 0 0 22.1595
-4112.29 0 0 0 22.1595
-4112.29 0 0 0 22.1595
-4112.29 0 0 0 22.1595
-3875.06 0 0 0 22.1595
-3875.06 0 0 0 22.1595
-3875.06 0 0 0 22.1595
-3875.06 0 0 0 22.1595
-3875.06 0 0 0 22.1595
-3875.06 0 0 0 22.1595
-3907.84 0 0 0 22.1595
-3907.84 0 0 0 22.1595
-3907.84 0 0 0 22.1595
-3907.84 0 0 0 22.1595
-3907.84 0 0 0 22.1595
-3907.84 0 0 0 22.1595
-3940.63 0 0 0 22.1595
-3940.63 0 0 0 22.1595
-3940.63 0 0 0 22.1595
-3940.63 0 0 0 22.1595
-3940.63 0 0 0 22.1595
-3940.63 0 0 0 22.1595
-3973.42 0 0 0 22.1595
-3973.42 0 0 0 22.1595
-3973.42 0 0 0 22.1595
-3973.42 0 0 0 22.1595
-3973.42 0 0 0 22.1595
-3973.42 0 0 0 22.1595
-4006.21 0 0 0 22.1595
-4006.21 0 0 0 22.1595
-4006.21 0 0 0 22.1595
-4006.21 0 0 0 22.1595
-4006.21 0 0 0 22.1595
-4006.21 0 0 0 22.1595
-3875.15 0 0 0 22.1595
-3875.15 0 0 0 22.1595
-3875.15 0 0 0 22.1595
-3875.15 0 0 0 22.1595
-3875.15 0 0 0 22.1595
-3875.15 0 0 0 22.1595
-3907.94 0 0 0 22.1595
-3907.94 0 0 0 22.1595
-3907.94 0 0 0 22.1595
-3907.94 0 0 0 22.1595
-3907.94 0 0 0 22.1595
-3907.94 0 0 0 22.1595
-3940.72 0 0 0 22.1595
-3940.72 0 0 0 22.1595
-3940.72 0 0 0 22.1595
-3940.72 0 0 0 22.1595
-3940.72 0 0 0 22.1595
-3940.72 0 0 0 22.1595
-3973.51 0 0 0 22.1595
-3973.51 0 0 0 22.1595
-3973.51 0 0 0 22.1595
-3973.51 0 0 0 22.1595
-3973.51 0 0 0 22.1595
-3973.51 0 0 0 22.1595
-4006.3 0 0 0 22.1595
-4006.3 0 0 0 22.1595
-4006.3 0 0 0 22.1595
-4006.3 0 0 0 22.1595
-4006.3 0 0 0 22.1595
-4006.3 0 0 0 22.1595
-3631.02 0 0 0 22.1595
-3631.02 0 0 0 22.1595
-3631.02 0 0 0 22.1595
-3631.02 0 0 0 22.1595
-3631.02 0 0 0 22.1595
-3631.02 0 0 0 22.1595
-3682.79 0 0 0 22.1595
-3682.79 0 0 0 22.1595
-3682.79 0 0 0 22.1595
-3682.79 0 0 0 22.1595
-3682.79 0 0 0 22.1595
-3682.79 0 0 0 22.1595
-3734.55 0 0 0 22.1595
-3734.55 0 0 0 22.1595
-3734.55 0 0 0 22.1595
-3734.55 0 0 0 22.1595
-3734.55 0 0 0 22.1595
-3734.55 0 0 0 22.1595
-3786.3 0 0 0 22.1595
-3786.3 0 0 0 22.1595
-3786.3 0 0 0 22.1595
-3786.3 0 0 0 22.1595
-3786.3 0 0 0 22.1595
-3786.3 0 0 0 22.1595
-3838.04 0 0 0 22.1595
-3838.04 0 0 0 22.1595
-3838.04 0 0 0 22.1595
-3838.04 0 0 0 22.1595
-3838.04 0 0 0 22.1595
-3838.04 0 0 0 22.1595
-3631.11 0 0 0 22.1595
-3631.11 0 0 0 22.1595
-3631.11 0 0 0 22.1595
-3631.11 0 0 0 22.1595
-3631.11 0 0 0 22.1595
-3631.11 0 0 0 22.1595
-3682.88 0 0 0 22.1595
-3682.88 0 0 0 22.1595
-3682.88 0 0 0 22.1595
-3682.88 0 0 0 22.1595
-3682.88 0 0 0 22.1595
-3682.88 0 0 0 22.1595
-3734.64 0 0 0 22.1595
-3734.64 0 0 0 22.1595
-3734.64 0 0 0 22.1595
-3734.64 0 0 0 22.1595
-3734.64 0 0 0 22.1595
-3734.64 0 0 0 22.1595
-3786.39 0 0 0 22.1595
-3786.39 0 0 0 22.1595
-3786.39 0 0 0 22.1595
-3786.39 0 0 0 22.1595
-3786.39 0 0 0 22.1595
-3786.39 0 0 0 22.1595
-3838.13 0 0 0 22.1595
-3838.13 0 0 0 22.1595
-3838.13 0 0 0 22.1595
-3838.13 0 0 0 22.1595
-3838.13 0 0 0 22.1595
-3838.13 0 0 0 22.1595
-3449.86 0 0 0 22.1595
-3449.86 0 0 0 22.1595
-3449.86 0 0 0 22.1595
-3449.86 0 0 0 22.1595
-3449.86 0 0 0 22.1595
-3449.86 0 0 0 22.1595
-3483.46 0 0 0 22.1595
-3483.46 0 0 0 22.1595
-3483.46 0 0 0 22.1595
-3483.46 0 0 0 22.1595
-3483.46 0 0 0 22.1595
-3483.46 0 0 0 22.1595
-3517.07 0 0 0 22.1595
-3517.07 0 0 0 22.1595
-3517.07 0 0 0 22.1595
-3517.07 0 0 0 22.1595
-3517.07 0 0 0 22.1595
-3517.07 0 0 0 22.1595
-3550.69 0 0 0 22.1595
-3550.69 0 0 0 22.1595
-3550.69 0 0 0 22.1595
-3550.69 0 0 0 22.1595
-3550.69 0 0 0 22.1595
-3550.69 0 0 0 22.1595
-3584.3 0 0 0 22.1595
-3584.3 0 0 0 22.1595
-3584.3 0 0 0 22.1595
-3584.3 0 0 0 22.1595
-3584.3 0 0 0 22.1595
-3584.3 0 0 0 22.1595
-3450.07 0 0 0 22.1595
-3450.07 0 0 0 22.1595
-3450.07 0 0 0 22.1595
-3450.07 0 0 0 22.1595
-3450.07 0 0 0 22.1595
-3450.07 0 0 0 22.1595
-3483.65 0 0 0 22.1595
-3483.65 0 0 0 22.1595
-3483.65 0 0 0 22.1595
-3483.65 0 0 0 22.1595
-3483.65 0 0 0 22.1595
-3483.65 0 0 0 22.1595
-3517.24 0 0 0 22.1595
-3517.24 0 0 0 22.1595
-3517.24 0 0 0 22.1595
-3517.24 0 0 0 22.1595
-3517.24 0 0 0 22.1595
-3517.24 0 0 0 22.1595
-3550.83 0 0 0 22.1595
-3550.83 0 0 0 22.1595
-3550.83 0 0 0 22.1595
-3550.83 0 0 0 22.1595
-3550.83 0 0 0 22.1595
-3550.83 0 0 0 22.1595
-3584.43 0 0 0 22.1595
-3584.43 0 0 0 22.1595
-3584.43 0 0 0 22.1595
-3584.43 0 0 0 22.1595
-3584.43 0 0 0 22.1595
-3584.43 0 0 0 22.1595
-3288.32 0 0 0 22.1595
-3288.32 0 0 0 22.1595
-3288.32 0 0 0 22.1595
-3288.32 0 0 0 22.1595
-3288.32 0 0 0 22.1595
-3288.32 0 0 0 22.1595
-3320.48 0 0 0 22.1595
-3320.48 0 0 0 22.1595
-3320.48 0 0 0 22.1595
-3320.48 0 0 0 22.1595
-3320.48 0 0 0 22.1595
-3320.48 0 0 0 22.1595
-3352.68 0 0 0 22.1595
-3352.68 0 0 0 22.1595
-3352.68 0 0 0 22.1595
-3352.68 0 0 0 22.1595
-3352.68 0 0 0 22.1595
-3352.68 0 0 0 22.1595
-3384.92 0 0 0 22.1595
-3384.92 0 0 0 22.1595
-3384.92 0 0 0 22.1595
-3384.92 0 0 0 22.1595
-3384.92 0 0 0 22.1595
-3384.92 0 0 0 22.1595
-3417.19 0 0 0 22.1595
-3417.19 0 0 0 22.1595
-3417.19 0 0 0 22.1595
-3417.19 0 0 0 22.1595
-3417.19 0 0 0 22.1595
-3417.19 0 0 0 22.1595
-3288.76 0 0 0 22.1595
-3288.76 0 0 0 22.1595
-3288.76 0 0 0 22.1595
-3288.76 0 0 0 22.1595
-3288.76 0 0 0 22.1595
-3288.76 0 0 0 22.1595
-3320.87 0 0 0 22.1595
-3320.87 0 0 0 22.1595
-3320.87 0 0 0 22.1595
-3320.87 0 0 0 22.1595
-3320.87 0 0 0 22.1595
-3320.87 0 0 0 22.1595
-3353.02 0 0 0 22.1595
-3353.02 0 0 0 22.1595
-3353.02 0 0 0 22.1595
-3353.02 0 0 0 22.1595
-3353.02 0 0 0 22.1595
-3353.02 0 0 0 22.1595
-3385.2 0 0 0 22.1595
-3385.2 0 0 0 22.1595
-3385.2 0 0 0 22.1595
-3385.2 0 0 0 22.1595
-3385.2 0 0 0 22.1595
-3385.2 0 0 0 22.1595
-3417.43 0 0 0 22.1595
-3417.43 0 0 0 22.1595
-3417.43 0 0 0 22.1595
-3417.43 0 0 0 22.1595
-3417.43 0 0 0 22.1595
-3417.43 0 0 0 22.1595
-3246.25 0 0 0 22.1595
-3246.25 0 0 0 22.1595
-3246.25 0 0 0 22.1595
-3246.25 0 0 0 22.1595
-3246.25 0 0 0 22.1595
-3246.25 0 0 0 22.1595
-3250.58 0 0 0 22.1595
-3250.58 0 0 0 22.1595
-3250.58 0 0 0 22.1595
-3250.58 0 0 0 22.1595
-3250.58 0 0 0 22.1595
-3250.58 0 0 0 22.1595
-3254.92 0 0 0 22.1595
-3254.92 0 0 0 22.1595
-3254.92 0 0 0 22.1595
-3254.92 0 0 0 22.1595
-3254.92 0 0 0 22.1595
-3254.92 0 0 0 22.1595
-3259.25 0 0 0 22.1595
-3259.25 0 0 0 22.1595
-3259.25 0 0 0 22.1595
-3259.25 0 0 0 22.1595
-3259.25 0 0 0 22.1595
-3259.25 0 0 0 22.1595
-3263.58 0 0 0 22.1595
-3263.58 0 0 0 22.1595
-3263.58 0 0 0 22.1595
-3263.58 0 0 0 22.1595
-3263.58 0 0 0 22.1595
-3263.58 0 0 0 22.1595
-3246.78 0 0 0 22.1595
-3246.78 0 0 0 22.1595
-3246.78 0 0 0 22.1595
-3246.78 0 0 0 22.1595
-3246.78 0 0 0 22.1595
-3246.78 0 0 0 22.1595
-3251.1 0 0 0 22.1595
-3251.1 0 0 0 22.1595
-3251.1 0 0 0 22.1595
-3251.1 0 0 0 22.1595
-3251.1 0 0 0 22.1595
-3251.1 0 0 0 22.1595
-3255.43 0 0 0 22.1595
-3255.43 0 0 0 22.1595
-3255.43 0 0 0 22.1595
-3255.43 0 0 0 22.1595
-3255.43 0 0 0 22.1595
-3255.43 0 0 0 22.1595
-3259.76 0 0 0 22.1595
-3259.76 0 0 0 22.1595
-3259.76 0 0 0 22.1595
-3259.76 0 0 0 22.1595
-3259.76 0 0 0 22.1595
-3259.76 0 0 0 22.1595
-3264.09 0 0 0 22.1595
-3264.09 0 0 0 22.1595
-3264.09 0 0 0 22.1595
-3264.09 0 0 0 22.1595
-3264.09 0 0 0 22.1595
-3264.09 0 0 0 22.1595
-3212.72 0 0 0 22.1595
-3212.72 0 0 0 22.1595
-3212.72 0 0 0 22.1595
-3212.72 0 0 0 22.1595
-3212.72 0 0 0 22.1595
-3212.72 0 0 0 22.1595
-3219.98 0 0 0 22.1595
-3219.98 0 0 0 22.1595
-3219.98 0 0 0 22.1595
-3219.98 0 0 0 22.1595
-3219.98 0 0 0 22.1595
-3219.98 0 0 0 22.1595
-3227.23 0 0 0 22.1595
-3227.23 0 0 0 22.1595
-3227.23 0 0 0 22.1595
-3227.23 0 0 0 22.1595
-3227.23 0 0 0 22.1595
-3227.23 0 0 0 22.1595
-3234.49 0 0 0 22.1595
-3234.49 0 0 0 22.1595
-3234.49 0 0 0 22.1595
-3234.49 0 0 0 22.1595
-3234.49 0 0 0 22.1595
-3234.49 0 0 0 22.1595
-3241.76 0 0 0 22.1595
-3241.76 0 0 0 22.1595
-3241.76 0 0 0 22.1595
-3241.76 0 0 0 22.1595
-3241.76 0 0 0 22.1595
-3241.76 0 0 0 22.1595
-3213.28 0 0 0 22.1595
-3213.28 0 0 0 22.1595
-3213.28 0 0 0 22.1595
-3213.28 0 0 0 22.1595
-3213.28 0 0 0 22.1595
-3213.28 0 0 0 22.1595
-3220.51 0 0 0 22.1595
-3220.51 0 0 0 22.1595
-3220.51 0 0 0 22.1595
-3220.51 0 0 0 22.1595
-3220.51 0 0 0 22.1595
-3220.51 0 0 0 22.1595
-3227.75 0 0 0 22.1595
-3227.75 0 0 0 22.1595
-3227.75 0 0 0 22.1595
-3227.75 0 0 0 22.1595
-3227.75 0 0 0 0
