800.06 6285.24 407.525 1050149 -18.099
799.853 6285.88 407.531 1050149 -18.099
799.646 6286.51 407.536 1050149 -18.099
799.439 6287.14 407.542 1050149 -18.099
799.232 6287.78 407.548 1050149 -18.093
799.025 6288.41 407.553 1050149 -18.0842
798.818 6289.04 407.557 1050149 -18.089
798.611 6289.68 407.561 1050149 -18.089
798.404 6290.31 407.565 1050149 -18.089
798.197 6290.95 407.569 1050149 -18.0828
797.99 6291.58 407.572 1050149 -18.0755
797.783 6292.21 407.574 1050149 -18.0755
797.576 6292.85 407.576 1050149 -18.0707
797.369 6293.48 407.577 1050149 -18.0707
797.163 6294.11 407.579 1050149 -18.0646
796.956 6294.75 407.579 1050149 -18.0586
796.749 6295.38 407.577 1050149 -18.0586
796.543 6296.02 407.575 1050149 -18.0586
796.336 6296.65 407.573 1050149 -18.0634
796.129 6297.28 407.571 1050149 -18.0574
795.923 6297.92 407.567 1050149 -18.0527
795.716 6298.55 407.561 1050149 -18.0527
795.509 6299.18 407.555 1050149 -18.0527
795.303 6299.82 407.548 1050149 -18.0527
795.096 6300.45 407.542 1050149 -18.0527
795.039 6300.62 407.547 1060149 -18.2859
794.83 6301.25 407.55 1060149 -18.2859
794.621 6301.89 407.552 1060149 -18.2859
794.412 6302.52 407.554 1060149 -18.2859
794.203 6303.15 407.556 1060149 -18.2859
793.994 6303.78 407.558 1060149 -18.281
793.784 6304.42 407.56 1060149 -18.281
793.575 6305.05 407.563 1060149 -18.281
793.365 6305.69 407.565 1060149 -18.281
793.155 6306.32 407.567 1060149 -18.281
792.946 6306.96 407.569 1060149 -18.281
792.736 6307.59 407.571 1060149 -18.2807
792.525 6308.23 407.574 1060149 -18.2807
792.315 6308.87 407.576 1060149 -18.2476
792.104 6309.5 407.578 1060149 -18.2241
791.894 6310.14 407.581 1060149 -18.2241
791.684 6310.78 407.583 1060149 -18.2241
791.474 6311.42 407.586 1060149 -18.2339
791.264 6312.05 407.588 1060149 -18.2339
791.055 6312.69 407.591 1060149 -18.2339
790.846 6313.33 407.593 1060149 -18.2339
790.636 6313.96 407.596 1060149 -18.2339
790.427 6314.6 407.598 1060149 -18.2339
790.218 6315.23 407.601 1060149 -18.0249
790.017 6315.85 407.603 1060149 -18.0249
789.817 6316.46 407.605 1060149 -18.0249
789.616 6317.08 407.608 1060149 -18.0249
789.415 6317.7 407.61 1060149 -18.005
789.215 6318.31 407.613 1060149 -17.9815
789.015 6318.93 407.615 1060149 -18.0657
788.828 6319.5 407.618 1060149 -18.0657
788.641 6320.08 407.62 1060149 -18.0657
788.454 6320.65 407.623 1060149 -18.0657
788.267 6321.22 407.625 1060149 -18.0657
788.08 6321.8 407.628 1060149 -18.0657
787.893 6322.37 407.63 1060149 -18.3101
787.716 6322.9 407.633 1060149 -18.3101
787.539 6323.44 407.635 1060149 -18.3101
787.362 6323.97 407.637 1060149 -18.3101
787.185 6324.51 407.639 1060149 -18.3101
787.008 6325.05 407.642 1060149 -18.3101
786.83 6325.58 407.644 1060149 -18.437
786.666 6326.07 407.646 1060149 -18.437
786.502 6326.56 407.648 1060149 -18.4292
786.339 6327.06 407.65 1060149 -18.4067
786.175 6327.55 407.653 1060149 -18.4067
786.011 6328.04 407.655 1060149 -18.4067
785.848 6328.53 407.657 1060149 -18.4067
785.693 6329 407.659 1060149 -18.4067
785.538 6329.48 407.661 1060149 -18.4067
785.383 6329.95 407.664 1060149 -18.4067
785.228 6330.42 407.666 1060149 -18.4067
785.072 6330.9 407.668 1060149 -18.4067
784.917 6331.37 407.67 1060149 -18.4067
784.763 6331.84 407.672 1060149 -18.4067
784.609 6332.31 407.674 1060149 -18.4067
784.455 6332.78 407.677 1060149 -18.4067
784.301 6333.25 407.679 1060149 -18.4067
784.147 6333.72 407.681 1060149 -18.4067
783.993 6334.19 407.683 1060149 -18.4067
783.838 6334.66 407.685 1060149 -18.4067
783.683 6335.14 407.687 1060149 -18.4067
783.527 6335.61 407.689 1060149 -18.4067
783.372 6336.08 407.692 1060149 -18.4067
783.217 6336.56 407.694 1060149 -18.4067
783.061 6337.03 407.696 1060149 -18.1334
782.906 6337.51 407.698 1060149 -18.1334
782.75 6337.98 407.701 1060149 -18.1334
782.594 6338.46 407.703 1060149 -18.1334
782.438 6338.93 407.705 1060149 -18.1334
782.282 6339.41 407.707 1060149 -18.1334
782.127 6339.89 407.71 1060149 -18.1334
781.971 6340.36 407.712 1060149 -18.1334
781.815 6340.84 407.714 1060149 -18.1334
781.66 6341.31 407.716 1060149 -18.1334
781.504 6341.79 407.718 1060149 -18.1334
781.348 6342.26 407.721 1060149 -18.1334
781.193 6342.74 407.723 1060149 -18.1334
781.037 6343.21 407.725 1060149 -18.1334
780.882 6343.69 407.727 1060149 -18.1334
780.726 6344.16 407.73 1060149 -18.1334
780.57 6344.64 407.732 1060149 -18.1334
780.415 6345.11 407.734 1060149 -18.1334
780.26 6345.59 407.736 1060149 -18.1334
780.104 6346.06 407.739 1060149 -18.1334
779.948 6346.54 407.741 1060149 -18.1334
779.793 6347.01 407.743 1060149 -18.1334
779.637 6347.49 407.745 1060149 -18.1334
779.481 6347.96 407.748 1060149 -18.1334
779.326 6348.44 407.75 1060149 -18.1334
779.17 6348.91 407.752 1060149 -18.1334
779.015 6349.39 407.754 1060149 -18.1334
778.859 6349.86 407.757 1060149 -18.1334
778.703 6350.34 407.759 1060149 -18.1334
778.548 6350.81 407.761 1060149 -18.1334
778.392 6351.29 407.764 1060149 -18.1334
778.237 6351.76 407.766 1060149 -18.1334
778.081 6352.24 407.768 1060149 -18.1334
777.925 6352.71 407.77 1060149 -18.1334
777.77 6353.19 407.773 1060149 -18.1334
777.614 6353.66 407.775 1060149 -18.1334
777.458 6354.14 407.777 1060149 -18.1334
777.303 6354.61 407.779 1060149 -18.1334
777.147 6355.09 407.781 1060149 -18.1334
776.991 6355.56 407.784 1060149 -18.1334
776.836 6356.04 407.786 1060149 -18.1334
776.68 6356.51 407.788 1060149 -18.1334
776.525 6356.99 407.79 1060149 -18.1334
776.369 6357.46 407.793 1060149 -18.1334
776.213 6357.94 407.795 1060149 -18.1334
776.057 6358.41 407.797 1060149 -18.1334
775.902 6358.89 407.799 1060149 -18.1334
775.746 6359.36 407.802 1060149 -18.1334
775.59 6359.84 407.804 1060149 -18.1334
775.435 6360.31 407.806 1060149 -18.1334
775.279 6360.79 407.808 1060149 -18.1334
775.123 6361.27 407.81 1060149 -18.1334
774.968 6361.74 407.813 1060149 -18.1334
774.812 6362.22 407.815 1060149 -18.1334
774.656 6362.69 407.817 1060149 -18.1334
774.5 6363.17 407.819 1060149 -18.1334
774.345 6363.64 407.821 1060149 -18.1334
774.189 6364.12 407.824 1060149 -18.1334
774.033 6364.59 407.826 1060149 -18.1334
773.877 6365.07 407.828 1060149 -18.1334
773.721 6365.54 407.83 1060149 -18.1334
773.565 6366.02 407.832 1060149 -18.1334
773.409 6366.49 407.834 1060149 -18.1334
773.254 6366.97 407.836 1060149 -18.1334
773.098 6367.44 407.839 1060149 -18.1334
772.942 6367.92 407.841 1060149 -18.1334
772.786 6368.39 407.843 1060149 -18.1334
772.63 6368.87 407.845 1060149 -18.1334
772.474 6369.34 407.847 1060149 -18.1334
772.319 6369.82 407.849 1060149 -18.1334
772.163 6370.29 407.851 1060149 -18.1334
772.007 6370.77 407.854 1060149 -18.1334
771.851 6371.24 407.856 1060149 -18.1334
771.695 6371.72 407.858 1060149 -18.1334
771.539 6372.19 407.86 1060149 -18.1334
771.383 6372.67 407.862 1060149 -18.1334
771.226 6373.14 407.864 1060149 -18.1334
771.07 6373.62 407.866 1060149 -18.1334
770.914 6374.09 407.868 1060149 -18.1334
770.758 6374.57 407.87 1060149 -18.1334
770.602 6375.04 407.872 1060149 -18.1334
770.446 6375.52 407.874 1060149 -18.1334
770.29 6375.99 407.876 1060149 -18.1334
770.133 6376.47 407.878 1060149 -18.1334
769.977 6376.94 407.88 1060149 -18.1334
769.821 6377.42 407.882 1060149 -18.1334
769.665 6377.89 407.884 1060149 -18.1334
769.509 6378.37 407.886 1060149 -18.1334
769.353 6378.84 407.888 1060149 -18.1334
769.196 6379.32 407.89 1060149 -18.1334
769.04 6379.79 407.892 1060149 -18.1334
768.884 6380.27 407.894 1060149 -18.1334
768.728 6380.74 407.896 1060149 -18.1334
768.571 6381.22 407.898 1060149 -18.1334
768.415 6381.69 407.899 1060149 -18.1334
768.258 6382.17 407.901 1060149 -18.1334
768.102 6382.64 407.903 1060149 -18.1334
767.945 6383.12 407.905 1060149 -18.1334
767.788 6383.59 407.907 1060149 -18.1334
767.632 6384.07 407.908 1060149 -18.1334
767.475 6384.54 407.91 1060149 -18.1334
767.319 6385.02 407.912 1060149 -18.1334
767.162 6385.49 407.914 1060149 -18.1334
767.006 6385.97 407.916 1060149 -18.1334
766.849 6386.44 407.918 1060149 -18.1334
766.693 6386.91 407.919 1060149 -18.1334
766.536 6387.39 407.921 1060149 -18.1334
766.38 6387.86 407.923 1060149 -18.1334
766.223 6388.34 407.925 1060149 -18.1334
766.067 6388.81 407.927 1060149 -18.1334
766.071 6388.8 407.927 1070149 -18.1334
765.916 6389.28 407.929 1070149 -18.1334
765.761 6389.75 407.931 1070149 -18.1334
765.605 6390.23 407.933 1070149 -18.1334
765.45 6390.7 407.935 1070149 -18.1334
765.295 6391.18 407.937 1070149 -18.1334
765.14 6391.65 407.939 1070149 -18.1334
764.984 6392.13 407.941 1070149 -18.1334
764.829 6392.6 407.943 1070149 -18.1334
764.674 6393.08 407.945 1070149 -18.1334
764.519 6393.55 407.947 1070149 -18.1334
764.364 6394.03 407.948 1070149 -18.1334
764.209 6394.5 407.95 1070149 -18.1334
764.054 6394.98 407.952 1070149 -18.1334
763.899 6395.45 407.954 1070149 -18.1334
763.744 6395.92 407.956 1070149 -18.1334
763.589 6396.4 407.958 1070149 -18.0932
763.433 6396.88 407.96 1070149 -18.0932
763.277 6397.35 407.962 1070149 -18.0932
763.121 6397.83 407.964 1070149 -18.0932
762.966 6398.31 407.966 1070149 -18.0932
762.81 6398.78 407.968 1070149 -18.0932
762.654 6399.26 407.97 1070149 -18.0864
762.497 6399.74 407.972 1070149 -18.0864
762.34 6400.22 407.974 1070149 -18.0864
762.184 6400.7 407.976 1070149 -18.0864
762.027 6401.18 407.978 1070149 -18.0864
761.87 6401.66 407.98 1070149 -18.0864
761.713 6402.14 407.982 1070149 -18.0931
761.557 6402.62 407.984 1070149 -18.0931
761.401 6403.1 407.986 1070149 -18.0935
761.245 6403.57 407.988 1070149 -18.2696
761.088 6404.05 407.99 1070149 -18.278
760.93 6404.53 407.992 1070149 -18.278
760.773 6405 407.994 1070149 -18.278
760.624 6405.46 407.996 1070149 -18.278
760.475 6405.92 407.998 1070149 -18.278
760.326 6406.38 408 1070149 -18.278
760.177 6406.84 408.002 1070149 -18.278
760.028 6407.29 408.003 1070149 -18.278
759.88 6407.75 408.005 1070149 -18.278
759.744 6408.17 408.007 1070149 -18.278
759.608 6408.58 408.009 1070149 -18.278
759.473 6409 408.01 1070149 -18.278
759.337 6409.41 408.012 1070149 -18.278
759.202 6409.82 408.014 1070149 -18.278
759.066 6410.24 408.016 1070149 -18.278
758.941 6410.61 408.017 1070149 -18.278
758.815 6410.99 408.019 1070149 -18.278
758.689 6411.37 408.02 1070149 -18.278
758.564 6411.74 408.022 1070149 -18.278
758.438 6412.12 408.023 1070149 -18.278
758.313 6412.5 408.025 1070149 -18.278
758.2 6412.83 408.026 1070149 -18.278
758.088 6413.16 408.028 1070149 -18.278
757.975 6413.5 408.029 1070149 -18.278
757.863 6413.83 408.03 1070149 -18.278
757.75 6414.16 408.032 1070149 -18.278
757.638 6414.5 408.033 1070149 -18.278
757.534 6414.81 408.034 1070149 -18.278
757.43 6415.13 408.036 1070149 -18.278
757.327 6415.44 408.037 1070149 -18.278
757.223 6415.75 408.038 1070149 -18.278
757.119 6416.07 408.039 1070149 -18.278
757.015 6416.38 408.041 1070149 -18.278
756.912 6416.69 408.042 1070149 -18.278
756.81 6417 408.043 1070149 -18.278
756.707 6417.32 408.045 1070149 -18.278
756.604 6417.63 408.046 1070149 -18.278
756.501 6417.94 408.047 1070149 -18.278
756.398 6418.25 408.048 1070149 -18.278
756.294 6418.57 408.05 1070149 -18.278
756.19 6418.88 408.051 1070149 -18.278
756.085 6419.19 408.052 1070149 -18.278
755.981 6419.51 408.054 1070149 -18.278
755.877 6419.82 408.055 1070149 -18.278
755.772 6420.14 408.056 1070149 -18.278
755.667 6420.46 408.057 1070149 -18.278
755.562 6420.77 408.059 1070149 -18.278
755.457 6421.09 408.06 1070149 -18.278
755.352 6421.41 408.061 1070149 -18.278
755.247 6421.72 408.063 1070149 -18.278
755.142 6422.04 408.064 1070149 -18.278
755.037 6422.36 408.065 1070149 -18.278
754.932 6422.67 408.067 1070149 -18.278
754.827 6422.99 408.068 1070149 -18.278
754.723 6423.31 408.069 1070149 -18.278
754.618 6423.62 408.07 1070149 -18.278
754.513 6423.94 408.072 1070149 -18.278
754.408 6424.26 408.073 1070149 -18.278
754.303 6424.57 408.074 1070149 -18.278
754.198 6424.89 408.076 1070149 -18.278
754.093 6425.2 408.077 1070149 -18.278
753.988 6425.52 408.078 1070149 -18.278
753.883 6425.84 408.08 1070149 -18.278
753.779 6426.15 408.081 1070149 -18.278
753.674 6426.47 408.082 1070149 -18.278
753.569 6426.79 408.083 1070149 -18.278
753.464 6427.1 408.085 1070149 -18.278
753.359 6427.42 408.086 1070149 -18.278
753.254 6427.74 408.087 1070149 -18.278
753.149 6428.05 408.089 1070149 -18.278
753.045 6428.37 408.09 1070149 -18.278
752.94 6428.68 408.091 1070149 -18.278
752.835 6429 408.093 1070149 -18.278
752.73 6429.32 408.094 1070149 -18.278
752.625 6429.63 408.095 1070149 -18.278
752.52 6429.95 408.096 1070149 -18.278
752.415 6430.27 408.098 1070149 -18.278
752.311 6430.58 408.099 1070149 -18.278
752.206 6430.9 408.1 1070149 -18.278
752.101 6431.22 408.102 1070149 -18.278
751.996 6431.53 408.103 1070149 -18.278
751.891 6431.85 408.104 1070149 -18.278
751.786 6432.16 408.106 1070149 -18.278
751.681 6432.48 408.107 1070149 -18.278
751.576 6432.8 408.108 1070149 -18.278
751.471 6433.11 408.109 1070149 -18.278
751.367 6433.43 408.111 1070149 -18.278
751.262 6433.75 408.112 1070149 -18.278
751.157 6434.06 408.113 1070149 -18.278
751.053 6434.38 408.115 1070149 -18.278
750.948 6434.7 408.116 1070149 -18.278
750.844 6435.01 408.117 1070149 -18.278
750.739 6435.33 408.119 1070149 -18.278
750.634 6435.65 408.12 1070149 -18.278
750.53 6435.96 408.121 1070149 -18.278
750.425 6436.28 408.123 1070149 -18.278
750.321 6436.6 408.124 1070149 -18.278
750.216 6436.91 408.125 1070149 -18.278
750.112 6437.23 408.127 1070149 -18.278
750.007 6437.55 408.128 1070149 -18.278
749.903 6437.86 408.129 1070149 -18.278
749.798 6438.18 408.131 1070149 -18.278
749.694 6438.49 408.132 1070149 -18.278
749.589 6438.81 408.133 1070149 -18.278
749.484 6439.13 408.134 1070149 -18.278
749.38 6439.44 408.136 1070149 -18.278
749.275 6439.76 408.137 1070149 -18.278
749.171 6440.08 408.138 1070149 -18.278
749.066 6440.39 408.14 1070149 -18.278
748.961 6440.71 408.141 1070149 -18.278
748.857 6441.03 408.142 1070149 -18.278
748.752 6441.34 408.144 1070149 -18.278
748.648 6441.66 408.145 1070149 -18.278
748.543 6441.98 408.146 1070149 -18.278
748.439 6442.29 408.148 1070149 -18.278
748.334 6442.61 408.149 1070149 -18.278
748.23 6442.93 408.15 1070149 -18.278
748.125 6443.24 408.152 1070149 -18.278
748.021 6443.56 408.153 1070149 -18.278
747.916 6443.87 408.154 1070149 -18.278
747.812 6444.19 408.156 1070149 -18.278
747.707 6444.51 408.157 1070149 -18.278
747.603 6444.82 408.158 1070149 -18.278
747.498 6445.14 408.16 1070149 -18.278
747.394 6445.45 408.161 1070149 -18.278
747.289 6445.77 408.162 1070149 -18.278
747.185 6446.09 408.163 1070149 -18.278
747.08 6446.4 408.165 1070149 -18.278
746.976 6446.72 408.166 1070149 -18.278
746.871 6447.04 408.167 1070149 -18.278
746.766 6447.35 408.169 1070149 -18.278
746.661 6447.67 408.17 1070149 -18.278
746.557 6447.99 408.171 1070149 -18.278
746.453 6448.31 408.173 1070149 -18.278
746.349 6448.62 408.174 1070149 -18.278
746.245 6448.94 408.175 1070149 -18.278
746.142 6449.26 408.177 1070149 -18.278
746.038 6449.57 408.178 1070149 -18.278
745.935 6449.89 408.18 1070149 -18.278
745.831 6450.21 408.181 1070149 -18.278
745.728 6450.52 408.182 1070149 -18.278
745.625 6450.83 408.184 1070149 -18.278
745.523 6451.15 408.185 1070149 -18.278
745.42 6451.46 408.186 1070149 -18.278
745.317 6451.77 408.188 1070149 -18.278
745.215 6452.09 408.189 1070149 -18.278
745.112 6452.4 408.19 1070149 -18.278
745.01 6452.71 408.192 1070149 -18.278
744.909 6453.03 408.193 1070149 -18.278
744.807 6453.34 408.194 1070149 -18.278
744.705 6453.65 408.196 1070149 -18.278
744.603 6453.97 408.197 1070149 -18.278
744.501 6454.28 408.198 1070149 -18.278
744.394 6454.61 408.2 1070149 -18.278
744.288 6454.93 408.201 1070149 -18.278
744.181 6455.26 408.203 1070149 -18.278
744.074 6455.59 408.204 1070149 -18.278
743.967 6455.92 408.205 1070149 -18.278
743.86 6456.24 408.207 1070149 -18.278
743.743 6456.59 408.208 1070149 -18.278
743.626 6456.95 408.21 1070149 -18.278
743.509 6457.3 408.211 1070149 -18.278
743.391 6457.65 408.213 1070149 -18.278
743.274 6458.01 408.214 1070149 -18.278
743.157 6458.36 408.216 1070149 -18.278
743.028 6458.74 408.218 1070149 -18.278
742.899 6459.13 408.219 1070149 -18.278
742.77 6459.51 408.221 1070149 -18.278
742.642 6459.9 408.223 1070149 -18.278
742.513 6460.29 408.224 1070149 -18.278
742.384 6460.67 408.226 1070149 -18.278
742.244 6461.08 408.228 1070149 -18.278
742.105 6461.5 408.229 1070149 -18.278
741.965 6461.91 408.231 1070149 -18.278
741.825 6462.32 408.233 1070149 -18.278
741.685 6462.74 408.235 1070149 -18.278
741.547 6463.15 408.237 1070149 -18.278
741.401 6463.58 408.238 1070149 -18.278
741.254 6464.01 408.24 1070149 -18.278
741.108 6464.44 408.242 1070149 -18.278
740.962 6464.86 408.244 1070149 -18.278
740.815 6465.29 408.246 1070149 -18.278
740.669 6465.72 408.248 1070149 -18.278
740.521 6466.16 408.25 1070149 -18.278
740.374 6466.59 408.252 1070149 -18.278
740.226 6467.02 408.254 1070149 -18.278
740.079 6467.46 408.256 1070149 -18.278
739.931 6467.89 408.258 1070149 -18.278
739.784 6468.33 408.26 1070149 -18.278
739.637 6468.76 408.262 1070149 -18.278
739.49 6469.19 408.264 1070149 -18.278
739.343 6469.62 408.266 1070149 -18.278
739.196 6470.05 408.268 1070149 -18.278
739.05 6470.49 408.27 1070149 -18.278
738.903 6470.92 408.271 1070149 -18.278
738.757 6471.35 408.273 1070149 -18.278
738.611 6471.78 408.275 1070149 -18.278
738.465 6472.21 408.277 1070149 -18.278
738.32 6472.63 408.279 1070149 -18.278
738.174 6473.06 408.281 1070149 -18.278
738.028 6473.49 408.283 1070149 -18.278
737.88 6473.93 408.285 1070149 -18.278
737.732 6474.36 408.287 1070149 -18.278
737.585 6474.8 408.289 1070149 -18.278
737.437 6475.23 408.291 1070149 -18.278
737.289 6475.67 408.293 1070149 -18.278
737.142 6476.1 408.295 1070149 -18.278
736.993 6476.54 408.297 1070149 -18.278
736.844 6476.98 408.299 1070149 -18.278
736.695 6477.42 408.301 1070149 -18.278
736.549 6477.85 408.303 1070149 -18.278
736.403 6478.29 408.305 1070149 -18.278
736.258 6478.73 408.307 1070149 -18.278
736.123 6479.14 408.309 1070149 -18.278
735.988 6479.55 408.311 1070149 -18.278
735.854 6479.96 408.313 1070149 -18.278
735.719 6480.38 408.315 1070149 -18.278
735.584 6480.79 408.317 1070149 -18.278
735.45 6481.2 408.319 1070149 -18.278
735.334 6481.55 408.32 1070149 -18.278
735.218 6481.9 408.322 1070149 -18.278
735.103 6482.25 408.324 1070149 -18.278
734.987 6482.6 408.325 1070149 -18.278
734.872 6482.95 408.327 1070149 -18.278
734.756 6483.31 408.329 1070149 -18.278
734.657 6483.6 408.33 1070149 -18.278
734.558 6483.9 408.331 1070149 -18.278
734.459 6484.2 408.333 1070149 -18.278
734.36 6484.49 408.334 1070149 -18.278
734.261 6484.79 408.336 1070149 -18.278
734.162 6485.08 408.337 1070149 -18.278
734.081 6485.32 408.338 1070149 -18.278
734 6485.56 408.339 1070149 -18.278
733.919 6485.8 408.34 1070149 -18.278
733.838 6486.04 408.341 1070149 -18.278
733.757 6486.28 408.343 1070149 -18.278
733.677 6486.52 408.344 1070149 -18.278
733.612 6486.7 408.345 1070149 -18.278
733.548 6486.88 408.345 1070149 -18.278
733.484 6487.06 408.346 1070149 -18.278
733.42 6487.24 408.347 1070149 -18.278
733.356 6487.43 408.348 1070149 -18.278
733.292 6487.61 408.349 1070149 -18.278
733.246 6487.75 408.35 1070149 -18.278
733.199 6487.9 408.35 1070149 -18.278
733.153 6488.05 408.351 1070149 -18.278
733.107 6488.2 408.352 1070149 -18.278
733.061 6488.35 408.352 1070149 -18.278
733.014 6488.5 408.353 1070149 -18.278
732.966 6488.65 408.354 1070149 -18.278
732.918 6488.8 408.355 1070149 -18.278
732.871 6488.96 408.355 1070149 -18.278
732.823 6489.11 408.356 1070149 -18.278
732.775 6489.27 408.357 1070149 -18.278
732.727 6489.42 408.357 1070149 -18.278
732.675 6489.58 408.358 1070149 -18.278
732.624 6489.75 408.359 1070149 -18.278
732.573 6489.91 408.36 1070149 -18.278
732.522 6490.07 408.361 1070149 -18.278
732.47 6490.24 408.361 1070149 -18.278
732.419 6490.4 408.362 1070149 -18.278
732.368 6490.56 408.363 1070149 -18.278
732.318 6490.72 408.364 1070149 -18.278
732.267 6490.89 408.364 1070149 -18.278
732.216 6491.05 408.365 1070149 -18.278
732.166 6491.21 408.366 1070149 -18.278
732.115 6491.37 408.367 1070149 -18.278
732.066 6491.53 408.367 1070149 -18.278
732.016 6491.68 408.368 1070149 -18.278
731.967 6491.84 408.369 1070149 -18.278
731.917 6492 408.37 1070149 -18.278
731.868 6492.16 408.37 1070149 -18.278
731.819 6492.31 408.371 1070149 -18.278
731.769 6492.48 408.372 1070149 -18.278
731.72 6492.64 408.373 1070149 -18.278
731.672 6492.8 408.374 1070149 -18.278
731.623 6492.96 408.374 1070149 -18.278
731.574 6493.12 408.375 1070149 -18.278
731.525 6493.28 408.376 1070149 -18.278
731.475 6493.44 408.377 1070149 -18.278
731.425 6493.61 408.378 1070149 -18.278
731.375 6493.77 408.378 1070149 -18.278
731.325 6493.94 408.379 1070149 -18.278
731.275 6494.1 408.38 1070149 -18.278
731.225 6494.27 408.381 1070149 -18.278
731.176 6494.43 408.382 1070149 -18.278
731.127 6494.59 408.383 1070149 -18.278
731.078 6494.75 408.383 1070149 -18.278
731.029 6494.92 408.384 1070149 -18.278
730.98 6495.08 408.385 1070149 -18.278
730.931 6495.24 408.386 1070149 -18.278
730.89 6495.38 408.386 1070149 -18.278
730.849 6495.52 408.387 1070149 -18.278
730.808 6495.67 408.388 1070149 -18.278
730.767 6495.81 408.389 1070149 -18.278
730.726 6495.95 408.389 1070149 -18.278
730.686 6496.09 408.39 1070149 -18.278
730.657 6496.19 408.391 1070149 -18.278
730.628 6496.29 408.391 1070149 -18.278
730.599 6496.39 408.392 1070149 -18.278
730.57 6496.49 408.392 1070149 -18.278
730.542 6496.59 408.392 1070149 -18.278
730.513 6496.69 408.393 1070149 -18.278
730.493 6496.75 408.393 1070149 -18.278
730.474 6496.81 408.394 1070149 -18.278
730.454 6496.87 408.394 1070149 -18.278
730.435 6496.93 408.394 1070149 -18.278
730.415 6496.99 408.395 1070149 -18.278
730.395 6497.05 408.395 1070149 -18.278
730.387 6497.07 408.395 1070149 -18.278
730.379 6497.09 408.395 1070149 -18.278
730.37 6497.11 408.395 1070149 -18.278
730.362 6497.13 408.395 1070149 -18.278
730.353 6497.15 408.395 1070149 -18.278
730.345 6497.17 408.395 1070149 -18.278
730.345 6497.17 408.395 1070149 -18.278
730.344 6497.17 408.395 1070149 -18.278
730.344 6497.17 408.395 1070149 -18.278
730.344 6497.18 408.395 1070149 -18.278
730.343 6497.18 408.395 1070149 -18.278
730.343 6497.18 408.395 1070149 -18.278
730.343 6497.18 408.395 1070149 -18.278
730.343 6497.18 408.395 1070149 -18.278
730.343 6497.18 408.395 1070149 -18.278
730.343 6497.18 408.395 1070149 -18.278
730.343 6497.18 408.395 1070149 -18.278
730.343 6497.18 408.395 1070149 -18.278
730.343 6497.18 408.395 1070149 -18.278
730.343 6497.18 408.395 1070149 -18.278
730.343 6497.18 408.395 1070149 -18.278
730.343 6497.18 408.395 1070149 -18.278
730.343 6497.18 408.395 1070149 -18.278
730.343 6497.18 408.395 1070149 -18.278
730.343 6497.18 408.395 1070149 -18.278
730.343 6497.18 408.395 1070149 -18.278
730.343 6497.18 408.395 1070149 -18.278
730.343 6497.18 408.395 1070149 -18.278
730.343 6497.18 408.395 1070149 -18.278
730.343 6497.18 408.395 1070149 -18.278
730.343 6497.18 408.395 1070149 -18.278
730.343 6497.18 408.395 1070149 -18.278
730.343 6497.18 408.395 1070149 -18.278
730.343 6497.18 408.395 1070149 -18.278
730.343 6497.18 408.395 1070149 -18.278
730.343 6497.18 408.395 1070149 -18.278
730.343 6497.18 408.395 1070149 -18.278
730.343 6497.18 408.395 1070149 -18.278
730.343 6497.18 408.395 1070149 -18.278
730.343 6497.18 408.395 1070149 -18.278
730.343 6497.18 408.395 1070149 -18.278
730.343 6497.18 408.395 1070149 -18.278
730.343 6497.18 408.395 1070149 -18.278
730.343 6497.18 408.395 1070149 -18.278
730.343 6497.18 408.395 1070149 -18.278
730.343 6497.18 408.395 1070149 -18.278
730.343 6497.18 408.395 1070149 -18.278
730.343 6497.18 408.395 1070149 -18.278
730.343 6497.18 408.395 1070149 -18.278
730.343 6497.18 408.395 1070149 -18.278
730.343 6497.18 408.395 1070149 -18.278
730.343 6497.18 408.395 1070149 -18.278
730.343 6497.18 408.395 1070149 -18.278
730.343 6497.18 408.395 1070149 -18.278
730.343 6497.18 408.395 1070149 -18.278
730.343 6497.18 408.395 1070149 -18.278
730.343 6497.18 408.395 1070149 -18.278
730.343 6497.18 408.395 1070149 -18.278
730.343 6497.18 408.395 1070149 -18.278
730.343 6497.18 408.395 1070149 -18.278
730.343 6497.18 408.395 1070149 -18.278
730.343 6497.18 408.395 1070149 -18.278
730.343 6497.18 408.395 1070149 -18.278
730.343 6497.18 408.395 1070149 -18.278
730.343 6497.18 408.395 1070149 -18.278
730.343 6497.18 408.395 1070149 -18.278
730.343 6497.18 408.395 1070149 -18.278
730.343 6497.18 408.395 1070149 -18.278
730.343 6497.18 408.395 1070149 -18.278
730.343 6497.18 408.395 1070149 -18.278
730.343 6497.18 408.395 1070149 -18.278
730.343 6497.18 408.395 1070149 -18.278
730.343 6497.18 408.395 1070149 -18.278
730.343 6497.18 408.395 1070149 -18.278
730.343 6497.18 408.395 1070149 -18.278
730.343 6497.18 408.395 1070149 -18.278
730.343 6497.18 408.395 1070149 -18.278
730.343 6497.18 408.395 1070149 -18.278
730.343 6497.18 408.395 1070149 -18.278
730.343 6497.18 408.395 1070149 -18.278
730.343 6497.18 408.395 1070149 -18.278
730.343 6497.18 408.395 1070149 -18.278
730.343 6497.18 408.395 1070149 -18.278
730.343 6497.18 408.395 1070149 -18.278
730.343 6497.18 408.395 1070149 -18.278
730.343 6497.18 408.395 1070149 -18.278
730.343 6497.18 408.395 1070149 -18.278
730.343 6497.18 408.395 1070149 -18.278
730.343 6497.18 408.395 1070149 -18.278
730.343 6497.18 408.395 1070149 -18.278
730.343 6497.18 408.395 1070149 -18.278
730.343 6497.18 408.395 1070149 -18.278
730.343 6497.18 408.395 1070149 -18.278
730.343 6497.18 408.395 1070149 -18.278
730.343 6497.18 408.395 1070149 -18.278
730.343 6497.18 408.395 1070149 -18.278
730.343 6497.18 408.395 1070149 -18.278
730.343 6497.18 408.395 1070149 -18.278
730.343 6497.18 408.395 1070149 -18.278
730.343 6497.18 408.395 1070149 -18.278
730.343 6497.18 408.395 1070149 -18.278
730.343 6497.18 408.395 1070149 -18.278
730.343 6497.18 408.395 1070149 -18.278
730.343 6497.18 408.395 1070149 -18.278
730.343 6497.18 408.395 1070149 -18.278
730.343 6497.18 408.395 1070149 -18.278
730.343 6497.18 408.395 1070149 -18.278
730.343 6497.18 408.395 1070149 -18.278
730.343 6497.18 408.395 1070149 -18.278
730.343 6497.18 408.395 1070149 -18.278
730.343 6497.18 408.395 1070149 -18.278
730.343 6497.18 408.395 1070149 -18.278
730.343 6497.18 408.395 1070149 -18.278
730.343 6497.18 408.395 1070149 -18.278
730.343 6497.18 408.395 1070149 -18.278
730.343 6497.18 408.395 1070149 -18.278
730.343 6497.18 408.395 1070149 -18.278
730.343 6497.18 408.395 1070149 -18.278
730.343 6497.18 408.395 1070149 -18.278
730.343 6497.18 408.395 1070149 -18.278
730.343 6497.18 408.395 1070149 -18.278
730.343 6497.18 408.395 1070149 -18.278
730.343 6497.18 408.395 1070149 -18.278
730.343 6497.18 408.395 1070149 -18.278
730.343 6497.18 408.395 1070149 -18.278
730.343 6497.18 408.395 1070149 -18.278
730.343 6497.18 408.395 1070149 -18.278
730.343 6497.18 408.395 1070149 -18.278
730.343 6497.18 408.395 1070149 -18.278
730.343 6497.18 408.395 1070149 -18.278
730.343 6497.18 408.395 1070149 -18.278
730.343 6497.18 408.395 1070149 -18.278
730.343 6497.18 408.395 1070149 -18.278
730.343 6497.18 408.395 1070149 -18.278
730.343 6497.18 408.395 1070149 -18.278
730.343 6497.18 408.395 1070149 -18.278
730.343 6497.18 408.395 1070149 -18.278
730.343 6497.18 408.395 1070149 -18.278
730.343 6497.18 408.395 1070149 -18.278
730.343 6497.18 408.395 1070149 -18.278
730.343 6497.18 408.395 1070149 -18.278
730.343 6497.18 408.395 1070149 -18.278
730.343 6497.18 408.395 1070149 -18.278
730.343 6497.18 408.395 1070149 -18.278
730.343 6497.18 408.395 1070149 -18.278
730.343 6497.18 408.395 1070149 -18.278
730.343 6497.18 408.395 1070149 -18.278
730.343 6497.18 408.395 1070149 -18.278
730.343 6497.18 408.395 1070149 -18.278
730.343 6497.18 408.395 1070149 -18.278
730.343 6497.18 408.395 1070149 -18.278
730.343 6497.18 408.395 1070149 -18.278
730.343 6497.18 408.395 1070149 -18.278
730.343 6497.18 408.395 1070149 -18.278
730.343 6497.18 408.395 1070149 -18.278
730.343 6497.18 408.395 1070149 -18.278
730.343 6497.18 408.395 1070149 -18.278
730.343 6497.18 408.395 1070149 -18.278
730.343 6497.18 408.395 1070149 -18.278
730.343 6497.18 408.395 1070149 -18.278
730.343 6497.18 408.395 1070149 -18.278
730.343 6497.18 408.395 1070149 -18.278
730.343 6497.18 408.395 1070149 -18.278
730.343 6497.18 408.395 1070149 -18.278
730.343 6497.18 408.395 1070149 -18.278
730.343 6497.18 408.395 1070149 -18.278
730.343 6497.18 408.395 1070149 -18.278
730.343 6497.18 408.395 1070149 -18.278
730.343 6497.18 408.395 1070149 -18.278
730.343 6497.18 408.395 1070149 -18.278
730.343 6497.18 408.395 1070149 -18.278
730.343 6497.18 408.395 1070149 -18.278
730.343 6497.18 408.395 1070149 -18.278
730.343 6497.18 408.395 1070149 -18.278
730.343 6497.18 408.395 1070149 -18.278
730.343 6497.18 408.395 1070149 -18.278
730.343 6497.18 408.395 1070149 -18.278
730.343 6497.18 408.395 1070149 -18.278
730.343 6497.18 408.395 1070149 -18.278
730.343 6497.18 408.395 1070149 -18.278
730.343 6497.18 408.395 1070149 -18.278
730.343 6497.18 408.395 1070149 -18.278
730.343 6497.18 408.395 1070149 -18.278
730.343 6497.18 408.395 1070149 -18.278
730.343 6497.18 408.395 1070149 -18.278
730.343 6497.18 408.395 1070149 -18.278
730.343 6497.18 408.395 1070149 -18.278
730.343 6497.18 408.395 1070149 -18.278
730.343 6497.18 408.395 1070149 -18.278
730.343 6497.18 408.395 1070149 -18.278
730.343 6497.18 408.395 1070149 -18.278
730.343 6497.18 408.395 1070149 -18.278
730.343 6497.18 408.395 1070149 -18.278
730.343 6497.18 408.395 1070149 -18.278
730.343 6497.18 408.395 1070149 -18.278
730.343 6497.18 408.395 1070149 -18.278
730.343 6497.18 408.395 1070149 -18.278
730.343 6497.18 408.395 1070149 -18.278
730.343 6497.18 408.395 1070149 -18.278
730.343 6497.18 408.395 1070149 -18.278
730.343 6497.18 408.395 1070149 -18.278
730.343 6497.18 408.395 1070149 -18.278
730.343 6497.18 408.395 1070149 -18.278
730.343 6497.18 408.395 1070149 -18.278
730.343 6497.18 408.395 1070149 -18.278
730.343 6497.18 408.395 1070149 -18.278
730.343 6497.18 408.395 1070149 -18.278
730.343 6497.18 408.395 1070149 -18.278
730.343 6497.18 408.395 1070149 -18.278
730.343 6497.18 408.395 1070149 -18.278
730.343 6497.18 408.395 1070149 -18.278
730.343 6497.18 408.395 1070149 -18.278
730.343 6497.18 408.395 1070149 -18.278
730.343 6497.18 408.395 1070149 -18.278
730.343 6497.18 408.395 1070149 -18.278
730.343 6497.18 408.395 1070149 -18.278
730.343 6497.18 408.395 1070149 -18.278
730.343 6497.18 408.395 1070149 -18.278
730.343 6497.18 408.395 1070149 -18.278
730.343 6497.18 408.395 1070149 -18.278
730.343 6497.18 408.395 1070149 -18.278
730.343 6497.18 408.395 1070149 -18.278
730.343 6497.18 408.395 1070149 -18.278
730.343 6497.18 408.395 1070149 -18.278
730.343 6497.18 408.395 1070149 -18.278
730.343 6497.18 408.395 1070149 -18.278
730.343 6497.18 408.395 1070149 -18.278
730.343 6497.18 408.395 1070149 -18.278
730.343 6497.18 408.395 1070149 -18.278
730.343 6497.18 408.395 1070149 -18.278
730.343 6497.18 408.395 1070149 -18.278
730.343 6497.18 408.395 1070149 -18.278
730.343 6497.18 408.395 1070149 -18.278
730.343 6497.18 408.395 1070149 -18.278
730.343 6497.18 408.395 1070149 -18.278
730.343 6497.18 408.395 1070149 -18.278
730.343 6497.18 408.395 1070149 -18.278
730.343 6497.18 408.395 1070149 -18.278
730.343 6497.18 408.395 1070149 -18.278
730.343 6497.18 408.395 1070149 -18.278
730.343 6497.18 408.395 1070149 -18.278
730.343 6497.18 408.395 1070149 -18.278
730.343 6497.18 408.395 1070149 -18.278
730.343 6497.18 408.395 1070149 -18.278
730.343 6497.18 408.395 1070149 -18.278
730.343 6497.18 408.395 1070149 -18.278
730.343 6497.18 408.395 1070149 -18.278
730.343 6497.18 408.395 1070149 -18.278
730.343 6497.18 408.395 1070149 -18.278
730.343 6497.18 408.395 1070149 -18.278
730.343 6497.18 408.395 1070149 -18.278
730.343 6497.18 408.395 1070149 -18.278
730.343 6497.18 408.395 1070149 -18.278
730.343 6497.18 408.395 1070149 -18.278
730.343 6497.18 408.395 1070149 -18.278
730.343 6497.18 408.395 1070149 -18.278
730.343 6497.18 408.395 1070149 -18.278
730.343 6497.18 408.395 1070149 -18.278
730.343 6497.18 408.395 1070149 -18.278
730.343 6497.18 408.395 1070149 -18.278
730.343 6497.18 408.395 1070149 -18.278
730.343 6497.18 408.395 1070149 -18.278
730.343 6497.18 408.395 1070149 -18.278
730.343 6497.18 408.395 1070149 -18.278
730.343 6497.18 408.395 1070149 -18.278
730.343 6497.18 408.395 1070149 -18.278
730.343 6497.18 408.395 1070149 -18.278
730.343 6497.18 408.395 1070149 -18.278
730.343 6497.18 408.395 1070149 -18.278
730.343 6497.18 408.395 1070149 -18.278
730.343 6497.18 408.395 1070149 -18.278
730.343 6497.18 408.395 1070149 -18.278
730.343 6497.18 408.395 1070149 -18.278
730.343 6497.18 408.395 1070149 -18.278
730.343 6497.18 408.395 1070149 -18.278
730.343 6497.18 408.395 1070149 -18.278
730.343 6497.18 408.395 1070149 -18.278
730.343 6497.18 408.395 1070149 -18.278
730.343 6497.18 408.395 1070149 -18.278
730.343 6497.18 408.395 1070149 -18.278
730.343 6497.18 408.395 1070149 -18.278
730.343 6497.18 408.395 1070149 -18.278
730.343 6497.18 408.395 1070149 -18.278
730.343 6497.18 408.395 1070149 -18.278
730.343 6497.18 408.395 1070149 -18.278
730.343 6497.18 408.395 1070149 -18.278
730.343 6497.18 408.395 1070149 -18.278
730.343 6497.18 408.395 1070149 -18.278
730.343 6497.18 408.395 1070149 -18.278
730.343 6497.18 408.395 1070149 -18.278
730.343 6497.18 408.395 1070149 -18.278
730.343 6497.18 408.395 1070149 -18.278
730.343 6497.18 408.395 1070149 -18.278
730.343 6497.18 408.395 1070149 -18.278
730.343 6497.18 408.395 1070149 -18.278
730.343 6497.18 408.395 1070149 -18.278
730.343 6497.18 408.395 1070149 -18.278
730.343 6497.18 408.395 1070149 -18.278
730.343 6497.18 408.395 1070149 -18.278
730.343 6497.18 408.395 1070149 -18.278
730.343 6497.18 408.395 1070149 -18.278
730.343 6497.18 408.395 1070149 -18.278
730.343 6497.18 408.395 1070149 -18.278
730.343 6497.18 408.395 1070149 -18.278
730.343 6497.18 408.395 1070149 -18.278
730.343 6497.18 408.395 1070149 -18.278
730.343 6497.18 408.395 1070149 -18.278
730.343 6497.18 408.395 1070149 -18.278
730.343 6497.18 408.395 1070149 -18.278
730.343 6497.18 408.395 1070149 -18.278
730.343 6497.18 408.395 1070149 -18.278
730.343 6497.18 408.395 1070149 -18.278
730.343 6497.18 408.395 1070149 -18.278
730.343 6497.18 408.395 1070149 -18.278
730.343 6497.18 408.395 1070149 -18.278
730.343 6497.18 408.395 1070149 -18.278
730.343 6497.18 408.395 1070149 -18.278
730.343 6497.18 408.395 1070149 -18.278
730.343 6497.18 408.395 1070149 -18.278
730.343 6497.18 408.395 1070149 -18.278
730.343 6497.18 408.395 1070149 -18.278
730.343 6497.18 408.395 1070149 -18.278
730.343 6497.18 408.395 1070149 -18.278
730.343 6497.18 408.395 1070149 -18.278
730.343 6497.18 408.395 1070149 -18.278
730.343 6497.18 408.395 1070149 -18.278
730.343 6497.18 408.395 1070149 -18.278
730.343 6497.18 408.395 1070149 -18.278
730.343 6497.18 408.395 1070149 -18.278
730.343 6497.18 408.395 1070149 -18.278
730.343 6497.18 408.395 1070149 -18.278
730.343 6497.18 408.395 1070149 -18.278
730.343 6497.18 408.395 1070149 -18.278
730.343 6497.18 408.395 1070149 -18.278
730.343 6497.18 408.395 1070149 -18.278
730.343 6497.18 408.395 1070149 -18.278
730.343 6497.18 408.395 1070149 -18.278
730.343 6497.18 408.395 1070149 -18.278
730.343 6497.18 408.395 1070149 -18.278
730.343 6497.18 408.395 1070149 -18.278
730.343 6497.18 408.395 1070149 -18.278
730.343 6497.18 408.395 1070149 -18.278
730.343 6497.18 408.395 1070149 -18.278
730.343 6497.18 408.395 1070149 -18.278
730.343 6497.18 408.395 1070149 -18.278
730.343 6497.18 408.395 1070149 -18.278
730.343 6497.18 408.395 1070149 -18.278
730.343 6497.18 408.395 1070149 -18.278
730.343 6497.18 408.395 1070149 -18.278
730.343 6497.18 408.395 1070149 -18.278
730.343 6497.18 408.395 1070149 -18.278
730.343 6497.18 408.395 1070149 -18.278
730.343 6497.18 408.395 1070149 -18.278
730.343 6497.18 408.395 1070149 -18.278
730.343 6497.18 408.395 1070149 -18.278
730.343 6497.18 408.395 1070149 -18.278
730.343 6497.18 408.395 1070149 -18.278
730.343 6497.18 408.395 1070149 -18.278
730.343 6497.18 408.395 1070149 -18.278
730.343 6497.18 408.395 1070149 -18.278
730.343 6497.18 408.395 1070149 -18.278
730.343 6497.18 408.395 1070149 -18.278
730.343 6497.18 408.395 1070149 -18.278
730.343 6497.18 408.395 1070149 -18.278
730.343 6497.18 408.395 1070149 -18.278
730.343 6497.18 408.395 1070149 -18.278
730.343 6497.18 408.395 1070149 -18.278
730.343 6497.18 408.395 1070149 -18.278
730.343 6497.18 408.395 1070149 -18.278
730.343 6497.18 408.395 1070149 -18.278
730.343 6497.18 408.395 1070149 -18.278
730.343 6497.18 408.395 1070149 -18.278
730.343 6497.18 408.395 1070149 -18.278
730.343 6497.18 408.395 1070149 -18.278
730.343 6497.18 408.395 1070149 -18.278
730.343 6497.18 408.395 1070149 -18.278
730.343 6497.18 408.395 1070149 -18.278
730.343 6497.18 408.395 1070149 -18.278
730.343 6497.18 408.395 1070149 -18.278
730.343 6497.18 408.395 1070149 -18.278
730.343 6497.18 408.395 1070149 -18.278
730.343 6497.18 408.395 1070149 -18.278
730.343 6497.18 408.395 1070149 -18.278
730.343 6497.18 408.395 1070149 -18.278
730.343 6497.18 408.395 1070149 -18.278
730.343 6497.18 408.395 1070149 -18.278
730.343 6497.18 408.395 1070149 -18.278
730.343 6497.18 408.395 1070149 -18.278
730.343 6497.18 408.395 1070149 -18.278
730.343 6497.18 408.395 1070149 -18.278
730.343 6497.18 408.395 1070149 -18.278
730.343 6497.18 408.395 1070149 -18.278
730.343 6497.18 408.395 1070149 -18.278
730.343 6497.18 408.395 1070149 -18.278
730.343 6497.18 408.395 1070149 -18.278
730.343 6497.18 408.395 1070149 -18.278
730.343 6497.18 408.395 1070149 -18.278
730.343 6497.18 408.395 1070149 -18.278
730.343 6497.18 408.395 1070149 -18.278
730.343 6497.18 408.395 1070149 -18.278
730.343 6497.18 408.395 1070149 -18.278
730.343 6497.18 408.395 1070149 -18.278
730.343 6497.18 408.395 1070149 -18.278
730.343 6497.18 408.395 1070149 -18.278
730.343 6497.18 408.395 1070149 -18.278
730.343 6497.18 408.395 1070149 -18.278
730.343 6497.18 408.395 1070149 -18.278
730.343 6497.18 408.395 1070149 -18.278
730.34 6497.18 408.395 1070149 -18.278
730.336 6497.18 408.396 1070149 -18.278
730.333 6497.19 408.396 1070149 -18.278
730.329 6497.19 408.396 1070149 -18.278
730.326 6497.19 408.396 1070149 -18.278
730.323 6497.2 408.396 1070149 -18.278
730.304 6497.25 408.396 1070149 -18.278
730.285 6497.31 408.396 1070149 -18.278
730.267 6497.37 408.396 1070149 -18.278
730.248 6497.43 408.397 1070149 -18.278
730.229 6497.48 408.397 1070149 -18.278
730.21 6497.54 408.397 1070149 -18.278
730.183 6497.64 408.398 1070149 -18.278
730.156 6497.73 408.398 1070149 -18.278
730.129 6497.82 408.399 1070149 -18.278
730.101 6497.92 408.399 1070149 -18.278
730.074 6498.01 408.4 1070149 -18.278
730.047 6498.11 408.4 1070149 -18.278
730.006 6498.25 408.401 1070149 -18.278
729.965 6498.39 408.402 1070149 -18.278
729.924 6498.53 408.402 1070149 -18.278
729.883 6498.68 408.403 1070149 -18.278
729.842 6498.82 408.404 1070149 -18.278
729.801 6498.96 408.404 1070149 -18.278
729.751 6499.13 408.405 1070149 -18.278
729.702 6499.29 408.406 1070149 -18.278
729.653 6499.45 408.407 1070149 -18.278
729.604 6499.61 408.408 1070149 -18.278
729.554 6499.78 408.408 1070149 -18.278
729.505 6499.94 408.409 1070149 -18.278
729.455 6500.1 408.41 1070149 -18.278
729.406 6500.27 408.411 1070149 -18.278
729.356 6500.43 408.412 1070149 -18.278
729.307 6500.59 408.413 1070149 -18.278
729.257 6500.76 408.413 1070149 -18.278
729.208 6500.92 408.414 1070149 -18.278
729.16 6501.08 408.415 1070149 -18.278
729.113 6501.23 408.416 1070149 -18.278
729.066 6501.39 408.417 1070149 -18.278
729.019 6501.54 408.417 1070149 -18.278
728.971 6501.7 408.418 1070149 -18.278
728.924 6501.85 408.419 1070149 -18.278
728.876 6502.01 408.42 1070149 -18.278
728.829 6502.17 408.42 1070149 -18.278
728.781 6502.32 408.421 1070149 -18.278
728.734 6502.48 408.422 1070149 -18.278
728.686 6502.64 408.423 1070149 -18.278
728.639 6502.79 408.424 1070149 -18.278
728.583 6502.97 408.424 1070149 -18.278
728.527 6503.14 408.425 1070149 -18.278
728.472 6503.32 408.426 1070149 -18.278
728.416 6503.5 408.427 1070149 -18.278
728.36 6503.67 408.428 1070149 -18.278
728.305 6503.85 408.429 1070149 -18.278
728.234 6504.08 408.43 1070149 -18.278
728.164 6504.31 408.431 1070149 -18.278
728.093 6504.53 408.432 1070149 -18.278
728.022 6504.76 408.433 1070149 -18.278
727.952 6504.99 408.435 1070149 -18.278
727.881 6505.22 408.436 1070149 -18.278
727.797 6505.5 408.437 1070149 -18.278
727.713 6505.77 408.439 1070149 -18.278
727.629 6506.05 408.44 1070149 -18.278
727.545 6506.32 408.441 1070149 -18.278
727.461 6506.6 408.443 1070149 -18.278
727.377 6506.88 408.444 1070149 -18.278
727.277 6507.21 408.446 1070149 -18.278
727.179 6507.54 408.447 1070149 -18.278
727.083 6507.87 408.449 1070149 -18.278
726.986 6508.2 408.451 1070149 -18.278
726.89 6508.53 408.453 1070149 -18.278
726.793 6508.86 408.455 1070149 -18.278
726.68 6509.25 408.457 1070149 -18.278
726.567 6509.64 408.459 1070149 -18.278
726.453 6510.03 408.461 1070149 -18.278
726.34 6510.42 408.463 1070149 -18.278
726.227 6510.8 408.465 1070149 -18.278
726.114 6511.19 408.467 1070149 -18.278
725.985 6511.63 408.469 1070149 -18.278
725.857 6512.07 408.472 1070149 -18.278
725.728 6512.52 408.474 1070149 -18.278
725.6 6512.96 408.477 1070149 -18.278
725.471 6513.4 408.479 1070149 -18.278
725.343 6513.84 408.481 1070149 -15.9125
725.202 6514.33 408.484 1070149 -15.9125
725.061 6514.83 408.487 1070149 -15.9125
724.921 6515.32 408.489 1070149 -15.9125
724.78 6515.81 408.492 1070149 -15.9125
724.64 6516.31 408.495 1070149 -15.9125
724.499 6516.8 408.497 1070149 -16.2756
724.344 6517.33 408.5 1070149 -16.2756
724.189 6517.86 408.503 1070149 -16.2756
724.035 6518.39 408.506 1070149 -16.2756
723.88 6518.92 408.509 1070149 -16.2756
723.725 6519.45 408.511 1070149 -16.2756
723.571 6519.98 408.514 1070149 -16.2913
723.414 6520.52 408.517 1070149 -16.2913
723.257 6521.05 408.52 1070149 -16.2913
723.101 6521.59 408.523 1070149 -16.2913
722.944 6522.12 408.526 1070149 -15.6968
722.793 6522.66 408.529 1070149 -15.5189
722.644 6523.2 408.532 1070149 -15.5142
722.495 6523.73 408.535 1070149 -15.5142
722.347 6524.27 408.538 1070149 -15.5142
722.199 6524.8 408.541 1070149 -15.5142
722.051 6525.33 408.544 1070149 -15.5142
721.903 6525.87 408.547 1070149 -15.5142
721.755 6526.4 408.55 1070149 -15.4803
721.608 6526.93 408.554 1070149 -15.4803
721.461 6527.46 408.557 1070149 -15.4803
721.314 6527.99 408.56 1070149 -15.4803
721.167 6528.52 408.563 1070149 -15.4803
721.02 6529.06 408.566 1070149 -15.4803
720.873 6529.59 408.569 1070149 -15.5565
720.726 6530.11 408.572 1070149 -15.5565
720.579 6530.64 408.575 1070149 -15.5565
720.432 6531.17 408.578 1070149 -15.5565
720.286 6531.7 408.581 1070149 -15.5565
720.139 6532.22 408.584 1070149 -15.5565
719.992 6532.75 408.587 1070149 -15.7172
719.845 6533.27 408.59 1070149 -15.7172
719.699 6533.79 408.593 1070149 -15.7172
719.552 6534.31 408.596 1070149 -15.7172
719.405 6534.83 408.599 1070149 -15.7172
719.259 6535.36 408.602 1070149 -15.7172
719.112 6535.88 408.605 1070149 -15.79
718.966 6536.39 408.608 1070149 -15.79
718.819 6536.91 408.611 1070149 -15.79
718.824 6536.86 408.611 1080149 -15.79
718.747 6537.12 408.612 1080149 -15.79
718.67 6537.38 408.614 1080149 -15.79
718.594 6537.64 408.615 1080149 -15.79
718.517 6537.9 408.617 1080149 -15.79
718.44 6538.16 408.618 1080149 -15.79
718.364 6538.42 408.619 1080149 -15.79
718.287 6538.68 408.621 1080149 -15.79
718.211 6538.94 408.622 1080149 -15.79
718.134 6539.2 408.624 1080149 -15.79
718.058 6539.46 408.625 1080149 -15.79
717.982 6539.72 408.627 1080149 -15.79
717.906 6539.98 408.628 1080149 -15.79
717.831 6540.25 408.63 1080149 -15.79
717.755 6540.51 408.631 1080149 -15.79
717.679 6540.77 408.633 1080149 -15.79
717.603 6541.04 408.634 1080149 -15.79
717.527 6541.3 408.636 1080149 -15.79
717.452 6541.57 408.637 1080149 -15.79
717.376 6541.83 408.639 1080149 -15.79
717.3 6542.1 408.64 1080149 -15.79
717.224 6542.36 408.642 1080149 -15.79
717.148 6542.63 408.643 1080149 -15.79
717.072 6542.89 408.645 1080149 -15.79
716.996 6543.16 408.646 1080149 -15.79
716.92 6543.42 408.648 1080149 -15.79
716.844 6543.69 408.649 1080149 -15.79
716.768 6543.95 408.651 1080149 -15.79
716.691 6544.22 408.652 1080149 -15.79
716.615 6544.48 408.654 1080149 -15.79
716.539 6544.75 408.655 1080149 -15.79
716.463 6545.01 408.657 1080149 -15.79
716.387 6545.28 408.658 1080149 -15.79
716.311 6545.54 408.66 1080149 -15.79
716.234 6545.81 408.661 1080149 -15.79
716.158 6546.07 408.663 1080149 -15.79
716.082 6546.34 408.664 1080149 -15.79
716.006 6546.6 408.666 1080149 -15.79
715.93 6546.87 408.667 1080149 -15.79
715.854 6547.13 408.669 1080149 -15.79
715.778 6547.4 408.67 1080149 -15.79
715.703 6547.66 408.672 1080149 -15.79
715.627 6547.92 408.673 1080149 -15.79
715.551 6548.19 408.675 1080149 -15.79
715.476 6548.45 408.676 1080149 -15.79
715.4 6548.71 408.678 1080149 -15.79
715.324 6548.98 408.679 1080149 -15.79
715.249 6549.24 408.681 1080149 -15.79
715.174 6549.5 408.682 1080149 -15.79
715.098 6549.76 408.684 1080149 -15.79
715.023 6550.03 408.685 1080149 -15.79
714.948 6550.29 408.687 1080149 -15.79
714.871 6550.55 408.688 1080149 -15.79
714.795 6550.82 408.69 1080149 -15.79
714.721 6551.08 408.691 1080149 -15.79
714.647 6551.35 408.692 1080149 -15.79
714.573 6551.61 408.693 1080149 -15.79
714.499 6551.88 408.694 1080149 -15.79
714.423 6552.15 408.695 1080149 -15.79
714.348 6552.42 408.695 1080149 -15.79
714.273 6552.69 408.696 1080149 -15.79
714.197 6552.96 408.697 1080149 -15.79
714.122 6553.23 408.698 1080149 -15.79
714.046 6553.5 408.699 1080149 -15.79
713.971 6553.77 408.7 1080149 -15.79
713.895 6554.04 408.701 1080149 -15.79
713.82 6554.31 408.702 1080149 -15.79
713.744 6554.58 408.703 1080149 -15.79
713.668 6554.85 408.704 1080149 -15.79
713.593 6555.12 408.705 1080149 -15.79
713.52 6555.38 408.705 1080149 -15.79
713.448 6555.64 408.706 1080149 -15.79
713.376 6555.9 408.707 1080149 -15.79
713.304 6556.16 408.708 1080149 -15.79
713.232 6556.42 408.709 1080149 -15.79
713.159 6556.68 408.71 1080149 -15.79
713.089 6556.93 408.711 1080149 -15.79
713.018 6557.18 408.712 1080149 -15.79
712.948 6557.43 408.712 1080149 -15.79
712.877 6557.68 408.713 1080149 -15.79
712.807 6557.92 408.714 1080149 -15.79
712.737 6558.17 408.715 1080149 -15.79
712.669 6558.41 408.716 1080149 -15.79
712.602 6558.65 408.717 1080149 -15.79
712.535 6558.89 408.717 1080149 -15.79
712.468 6559.13 408.718 1080149 -15.79
712.401 6559.37 408.719 1080149 -15.79
712.333 6559.61 408.72 1080149 -15.79
712.265 6559.85 408.721 1080149 -15.79
712.197 6560.09 408.721 1080149 -15.79
712.129 6560.32 408.722 1080149 -15.79
712.061 6560.56 408.723 1080149 -15.79
711.993 6560.8 408.724 1080149 -15.79
711.925 6561.04 408.725 1080149 -15.79
711.86 6561.28 408.725 1080149 -15.79
711.794 6561.52 408.726 1080149 -15.79
711.729 6561.77 408.727 1080149 -15.79
711.663 6562.01 408.728 1080149 -15.79
711.598 6562.25 408.729 1080149 -15.79
711.532 6562.49 408.73 1080149 -15.79
711.469 6562.74 408.73 1080149 -15.79
711.405 6562.98 408.731 1080149 -15.79
711.341 6563.23 408.732 1080149 -15.79
711.277 6563.48 408.733 1080149 -15.79
711.214 6563.72 408.734 1080149 -15.79
711.15 6563.97 408.734 1080149 -15.79
711.084 6564.21 408.735 1080149 -15.79
711.017 6564.46 408.736 1080149 -15.79
710.951 6564.7 408.737 1080149 -15.79
710.885 6564.94 408.738 1080149 -15.79
710.82 6565.19 408.738 1080149 -15.79
710.755 6565.43 408.739 1080149 -15.79
710.689 6565.68 408.739 1080149 -15.79
710.622 6565.92 408.739 1080149 -15.79
710.556 6566.16 408.74 1080149 -15.79
710.489 6566.4 408.74 1080149 -15.79
710.422 6566.64 408.74 1080149 -15.79
710.356 6566.88 408.741 1080149 -15.79
710.287 6567.12 408.741 1080149 -15.79
710.219 6567.36 408.741 1080149 -15.79
710.151 6567.6 408.742 1080149 -15.79
710.082 6567.84 408.742 1080149 -15.79
710.014 6568.08 408.742 1080149 -15.79
709.946 6568.32 408.743 1080149 -15.79
709.88 6568.56 408.743 1080149 -15.79
709.815 6568.8 408.743 1080149 -15.79
709.75 6569.04 408.744 1080149 -15.79
709.685 6569.28 408.744 1080149 -15.79
709.619 6569.52 408.744 1080149 -15.79
709.554 6569.76 408.745 1080149 -15.79
709.492 6570 408.745 1080149 -15.79
709.43 6570.24 408.745 1080149 -15.79
709.368 6570.49 408.746 1080149 -15.79
709.306 6570.73 408.746 1080149 -15.79
709.243 6570.97 408.746 1080149 -15.79
709.181 6571.21 408.747 1080149 -15.79
709.118 6571.45 408.747 1080149 -15.79
709.054 6571.7 408.747 1080149 -15.79
708.991 6571.94 408.748 1080149 -15.79
708.927 6572.18 408.748 1080149 -15.79
708.864 6572.42 408.748 1080149 -15.79
708.8 6572.66 408.749 1080149 -15.79
708.737 6572.91 408.749 1080149 -15.79
708.674 6573.15 408.749 1080149 -15.79
708.61 6573.39 408.75 1080149 -15.79
708.547 6573.63 408.75 1080149 -15.79
708.483 6573.87 408.75 1080149 -15.79
708.42 6574.11 408.751 1080149 -15.79
708.357 6574.36 408.751 1080149 -15.79
708.293 6574.6 408.751 1080149 -15.79
708.23 6574.84 408.752 1080149 -15.79
708.167 6575.08 408.752 1080149 -15.79
708.103 6575.32 408.752 1080149 -15.79
708.04 6575.56 408.753 1080149 -15.79
707.976 6575.81 408.753 1080149 -15.79
707.913 6576.05 408.753 1080149 -15.79
707.85 6576.29 408.753 1080149 -15.79
707.786 6576.53 408.754 1080149 -15.79
707.723 6576.77 408.754 1080149 -15.79
707.659 6577.02 408.754 1080149 -15.79
707.596 6577.26 408.755 1080149 -15.79
707.533 6577.5 408.755 1080149 -15.79
707.469 6577.74 408.755 1080149 -15.79
707.406 6577.98 408.756 1080149 -15.79
707.342 6578.22 408.756 1080149 -15.79
707.279 6578.47 408.756 1080149 -15.79
707.216 6578.71 408.757 1080149 -15.79
707.152 6578.95 408.757 1080149 -15.79
707.089 6579.19 408.757 1080149 -15.79
707.027 6579.43 408.757 1080149 -15.79
706.966 6579.68 408.757 1080149 -15.79
706.904 6579.92 408.757 1080149 -15.79
706.843 6580.16 408.757 1080149 -15.79
706.782 6580.4 408.757 1080149 -15.79
706.721 6580.65 408.757 1080149 -15.79
706.66 6580.89 408.757 1080149 -15.79
706.598 6581.13 408.757 1080149 -15.79
706.537 6581.37 408.757 1080149 -15.79
706.476 6581.62 408.757 1080149 -15.79
706.415 6581.86 408.757 1080149 -15.79
706.354 6582.1 408.756 1080149 -15.79
706.292 6582.34 408.756 1080149 -15.79
706.231 6582.59 408.756 1080149 -15.79
706.17 6582.83 408.756 1080149 -15.79
706.109 6583.07 408.756 1080149 -15.79
706.047 6583.31 408.756 1080149 -15.79
705.986 6583.55 408.756 1080149 -15.79
705.925 6583.8 408.756 1080149 -15.79
705.864 6584.04 408.756 1080149 -15.79
705.803 6584.28 408.756 1080149 -15.79
705.742 6584.52 408.756 1080149 -15.79
705.68 6584.77 408.756 1080149 -15.79
705.619 6585.01 408.755 1080149 -15.79
705.558 6585.25 408.755 1080149 -15.79
705.497 6585.49 408.755 1080149 -15.79
705.436 6585.74 408.755 1080149 -15.79
705.374 6585.98 408.755 1080149 -15.79
705.313 6586.22 408.755 1080149 -15.79
705.252 6586.46 408.755 1080149 -15.79
705.191 6586.71 408.755 1080149 -15.79
705.13 6586.95 408.755 1080149 -15.79
705.068 6587.19 408.755 1080149 -15.79
705.007 6587.43 408.755 1080149 -15.79
704.946 6587.67 408.755 1080149 -15.79
704.885 6587.92 408.754 1080149 -15.79
704.824 6588.16 408.754 1080149 -15.79
704.762 6588.4 408.754 1080149 -15.79
704.701 6588.64 408.754 1080149 -15.79
704.64 6588.89 408.754 1080149 -15.79
704.579 6589.13 408.754 1080149 -15.79
704.517 6589.37 408.754 1080149 -15.79
704.456 6589.61 408.754 1080149 -15.79
704.395 6589.86 408.754 1080149 -15.79
704.334 6590.1 408.754 1080149 -15.79
704.272 6590.34 408.754 1080149 -15.79
704.211 6590.58 408.753 1080149 -15.79
704.15 6590.82 408.753 1080149 -15.79
704.089 6591.07 408.753 1080149 -15.79
704.028 6591.31 408.753 1080149 -15.79
703.966 6591.55 408.753 1080149 -15.79
703.905 6591.79 408.753 1080149 -15.79
703.844 6592.04 408.753 1080149 -15.79
703.783 6592.28 408.753 1080149 -15.79
703.722 6592.52 408.753 1080149 -15.79
703.66 6592.76 408.753 1080149 -15.79
703.599 6593.01 408.753 1080149 -15.79
703.538 6593.25 408.753 1080149 -15.79
703.477 6593.49 408.752 1080149 -15.79
703.418 6593.73 408.752 1080149 -15.79
703.359 6593.98 408.752 1080149 -15.79
703.3 6594.22 408.751 1080149 -15.79
703.241 6594.46 408.751 1080149 -15.79
703.182 6594.71 408.75 1080149 -15.79
703.123 6594.95 408.75 1080149 -15.79
703.064 6595.19 408.749 1080149 -15.79
703.005 6595.43 408.749 1080149 -15.79
702.946 6595.68 408.748 1080149 -15.79
702.887 6595.92 408.748 1080149 -15.79
702.828 6596.16 408.748 1080149 -15.79
702.769 6596.41 408.747 1080149 -15.79
702.711 6596.65 408.747 1080149 -15.79
702.652 6596.89 408.746 1080149 -15.79
702.593 6597.13 408.746 1080149 -15.79
702.534 6597.38 408.745 1080149 -15.79
702.475 6597.62 408.745 1080149 -15.79
702.416 6597.86 408.745 1080149 -15.79
702.357 6598.11 408.744 1080149 -15.79
702.298 6598.35 408.744 1080149 -15.79
702.239 6598.59 408.743 1080149 -15.79
702.18 6598.83 408.743 1080149 -15.79
702.121 6599.08 408.742 1080149 -15.79
702.062 6599.32 408.742 1080149 -15.79
702.003 6599.56 408.742 1080149 -15.79
701.944 6599.81 408.741 1080149 -15.79
701.885 6600.05 408.741 1080149 -15.79
701.826 6600.29 408.74 1080149 -15.79
701.767 6600.53 408.74 1080149 -15.79
701.708 6600.78 408.739 1080149 -15.79
701.649 6601.02 408.739 1080149 -15.79
701.59 6601.26 408.738 1080149 -15.79
701.531 6601.51 408.738 1080149 -15.79
701.472 6601.75 408.738 1080149 -15.79
701.413 6601.99 408.737 1080149 -15.79
701.354 6602.24 408.737 1080149 -15.79
701.295 6602.48 408.736 1080149 -15.79
701.236 6602.72 408.736 1080149 -15.79
701.177 6602.96 408.735 1080149 -15.79
701.118 6603.21 408.735 1080149 -15.79
701.059 6603.45 408.735 1080149 -15.79
701 6603.69 408.734 1080149 -15.79
700.941 6603.94 408.734 1080149 -15.79
700.882 6604.18 408.733 1080149 -15.79
700.823 6604.42 408.733 1080149 -15.79
700.764 6604.66 408.732 1080149 -15.79
700.705 6604.91 408.732 1080149 -15.79
700.646 6605.15 408.731 1080149 -15.79
700.587 6605.39 408.731 1080149 -15.79
700.528 6605.64 408.731 1080149 -15.79
700.469 6605.88 408.73 1080149 -15.79
700.41 6606.12 408.73 1080149 -15.79
700.351 6606.36 408.729 1080149 -15.79
700.292 6606.61 408.729 1080149 -15.79
700.233 6606.85 408.728 1080149 -15.79
700.175 6607.09 408.728 1080149 -15.79
700.116 6607.34 408.728 1080149 -15.79
700.057 6607.58 408.727 1080149 -15.79
0 0 0 0 -15.79
0 0 0 0 -15.79
0 0 0 0 -15.79
0 0 0 0 -15.79
0 0 0 0 -15.79
0 0 0 0 -15.79
0 0 0 0 -15.79
0 0 0 0 -15.79
0 0 0 0 -15.79
0 0 0 0 -15.79
0 0 0 0 -15.79
0 0 0 0 -15.79
0 0 0 0 -15.79
0 0 0 0 -15.79
0 0 0 0 -15.79
0 0 0 0 -15.79
0 0 0 0 -15.79
0 0 0 0 -15.79
0 0 0 0 -15.79
0 0 0 0 -15.79
0 0 0 0 -15.79
0 0 0 0 -15.79
0 0 0 0 -15.79
0 0 0 0 -15.79
0 0 0 0 -15.79
0 0 0 0 -15.79
0 0 0 0 -15.79
0 0 0 0 -15.79
0 0 0 0 -15.79
0 0 0 0 -15.79
0 0 0 0 -15.79
0 0 0 0 -15.79
0 0 0 0 -15.79
0 0 0 0 -15.79
0 0 0 0 -15.79
0 0 0 0 -15.79
0 0 0 0 -15.79
0 0 0 0 -15.79
0 0 0 0 -15.79
0 0 0 0 -15.79
0 0 0 0 -15.79
0 0 0 0 -15.79
0 0 0 0 -15.79
0 0 0 0 -15.79
0 0 0 0 -15.79
0 0 0 0 -15.79
0 0 0 0 -15.79
0 0 0 0 -15.79
0 0 0 0 -15.79
0 0 0 0 -15.79
0 0 0 0 -15.79
0 0 0 0 -15.79
0 0 0 0 -15.79
0 0 0 0 -15.79
0 0 0 0 -15.79
0 0 0 0 -15.79
0 0 0 0 -15.79
0 0 0 0 -15.79
0 0 0 0 -15.79
0 0 0 0 -15.79
0 0 0 0 -15.79
0 0 0 0 -15.79
0 0 0 0 -15.79
0 0 0 0 -15.79
0 0 0 0 -15.79
0 0 0 0 -15.79
0 0 0 0 -15.79
0 0 0 0 -15.79
0 0 0 0 -15.79
0 0 0 0 -15.79
0 0 0 0 -15.79
0 0 0 0 -15.79
0 0 0 0 -15.79
0 0 0 0 -15.79
0 0 0 0 -15.79
0 0 0 0 -15.79
0 0 0 0 -15.79
0 0 0 0 -15.79
0 0 0 0 -15.79
0 0 0 0 -15.79
0 0 0 0 -15.79
0 0 0 0 -15.79
0 0 0 0 -15.79
0 0 0 0 -15.79
0 0 0 0 -15.79
0 0 0 0 -15.79
0 0 0 0 -15.79
0 0 0 0 -15.79
0 0 0 0 -15.79
0 0 0 0 -15.79
0 0 0 0 -15.79
0 0 0 0 -15.79
0 0 0 0 -15.79
0 0 0 0 -15.79
0 0 0 0 -15.79
0 0 0 0 -15.79
0 0 0 0 -15.79
0 0 0 0 -15.79
0 0 0 0 -15.79
0 0 0 0 -15.79
0 0 0 0 -15.79
0 0 0 0 -15.79
0 0 0 0 -15.79
0 0 0 0 -15.79
0 0 0 0 -15.79
0 0 0 0 -15.79
0 0 0 0 -15.79
0 0 0 0 -15.79
0 0 0 0 -15.79
0 0 0 0 -15.79
0 0 0 0 -15.79
0 0 0 0 -15.79
0 0 0 0 -15.79
0 0 0 0 -15.79
0 0 0 0 -15.79
0 0 0 0 -15.79
0 0 0 0 -15.79
0 0 0 0 -15.79
0 0 0 0 -15.79
0 0 0 0 -15.79
0 0 0 0 -15.79
0 0 0 0 -15.79
0 0 0 0 -15.79
0 0 0 0 -15.79
0 0 0 0 -15.79
0 0 0 0 -15.79
0 0 0 0 -15.79
0 0 0 0 -15.79
0 0 0 0 -15.79
0 0 0 0 -15.79
0 0 0 0 -15.79
0 0 0 0 -15.79
0 0 0 0 -15.79
0 0 0 0 -15.79
0 0 0 0 -15.79
0 0 0 0 -15.79
0 0 0 0 -15.79
0 0 0 0 -15.79
0 0 0 0 -15.79
0 0 0 0 -15.79
0 0 0 0 -15.79
0 0 0 0 -15.79
0 0 0 0 -15.79
0 0 0 0 -15.79
0 0 0 0 -15.79
0 0 0 0 -15.79
0 0 0 0 -15.79
0 0 0 0 -15.79
0 0 0 0 -15.79
0 0 0 0 -15.79
0 0 0 0 -15.79
0 0 0 0 -15.79
0 0 0 0 -15.79
0 0 0 0 -15.79
0 0 0 0 -15.79
0 0 0 0 -15.79
0 0 0 0 -15.79
0 0 0 0 -15.79
0 0 0 0 -15.79
0 0 0 0 -15.79
0 0 0 0 -15.79
0 0 0 0 -15.79
0 0 0 0 -15.79
0 0 0 0 -15.79
0 0 0 0 -15.79
0 0 0 0 -15.79
0 0 0 0 -15.79
0 0 0 0 -15.79
0 0 0 0 -15.79
0 0 0 0 -15.79
0 0 0 0 -15.79
0 0 0 0 -15.79
0 0 0 0 -15.79
0 0 0 0 -15.79
0 0 0 0 -15.79
0 0 0 0 -15.79
0 0 0 0 -15.79
0 0 0 0 -15.79
0 0 0 0 -15.79
0 0 0 0 -15.79
0 0 0 0 -15.79
0 0 0 0 -15.79
0 0 0 0 -15.79
0 0 0 0 -15.79
0 0 0 0 -15.79
0 0 0 0 -15.79
0 0 0 0 -15.79
0 0 0 0 -15.79
0 0 0 0 -15.79
0 0 0 0 -15.79
0 0 0 0 -15.79
0 0 0 0 -15.79
0 0 0 0 -15.79
0 0 0 0 -15.79
0 0 0 0 -15.79
0 0 0 0 -15.79
0 0 0 0 -15.79
0 0 0 0 -15.79
0 0 0 0 -15.79
0 0 0 0 -15.79
0 0 0 0 -15.79
0 0 0 0 -15.79
0 0 0 0 -15.79
0 0 0 0 -15.79
0 0 0 0 -15.79
0 0 0 0 -15.79
0 0 0 0 -15.79
0 0 0 0 -15.79
0 0 0 0 -15.79
0 0 0 0 -15.79
0 0 0 0 -15.79
0 0 0 0 -15.79
0 0 0 0 -15.79
0 0 0 0 -15.79
0 0 0 0 -15.79
0 0 0 0 -15.79
0 0 0 0 -15.79
0 0 0 0 -15.79
0 0 0 0 -15.79
0 0 0 0 -15.79
0 0 0 0 -15.79
0 0 0 0 -15.79
0 0 0 0 -15.79
0 0 0 0 -15.79
0 0 0 0 -15.79
0 0 0 0 -15.79
0 0 0 0 -15.79
0 0 0 0 -15.79
0 0 0 0 -15.79
0 0 0 0 -15.79
0 0 0 0 -15.79
0 0 0 0 -15.79
0 0 0 0 -15.79
0 0 0 0 -15.79
0 0 0 0 -15.79
0 0 0 0 -15.79
0 0 0 0 -15.79
0 0 0 0 -15.79
0 0 0 0 -15.79
0 0 0 0 -15.79
0 0 0 0 -15.79
0 0 0 0 -15.79
0 0 0 0 -15.79
0 0 0 0 -15.79
0 0 0 0 -15.79
0 0 0 0 -15.79
0 0 0 0 -15.79
0 0 0 0 -15.79
0 0 0 0 -15.79
0 0 0 0 -15.79
0 0 0 0 -15.79
0 0 0 0 -15.79
0 0 0 0 -15.79
0 0 0 0 -15.79
0 0 0 0 -15.79
0 0 0 0 -15.79
0 0 0 0 -15.79
0 0 0 0 -15.79
0 0 0 0 -15.79
0 0 0 0 -15.79
0 0 0 0 -15.79
0 0 0 0 -15.79
0 0 0 0 -15.79
0 0 0 0 -15.79
0 0 0 0 -15.79
0 0 0 0 -15.79
0 0 0 0 -15.79
0 0 0 0 -15.79
0 0 0 0 -15.79
0 0 0 0 -15.79
0 0 0 0 -15.79
0 0 0 0 -15.79
0 0 0 0 -15.79
0 0 0 0 -15.79
0 0 0 0 -15.79
0 0 0 0 -15.79
0 0 0 0 -15.79
0 0 0 0 -15.79
0 0 0 0 -15.79
0 0 0 0 -15.79
0 0 0 0 -15.79
0 0 0 0 -15.79
0 0 0 0 -15.79
0 0 0 0 -15.79
0 0 0 0 -15.79
0 0 0 0 -15.79
0 0 0 0 -15.79
0 0 0 0 -15.79
0 0 0 0 -15.79
0 0 0 0 -15.79
0 0 0 0 -15.79
0 0 0 0 -15.79
0 0 0 0 -15.79
0 0 0 0 -15.79
0 0 0 0 -15.79
0 0 0 0 -15.79
0 0 0 0 -15.79
0 0 0 0 -15.79
0 0 0 0 -15.79
0 0 0 0 -15.79
0 0 0 0 -15.79
0 0 0 0 -15.79
0 0 0 0 -15.79
0 0 0 0 -15.79
0 0 0 0 -15.79
0 0 0 0 -15.79
0 0 0 0 -15.79
0 0 0 0 -15.79
0 0 0 0 -15.79
0 0 0 0 -15.79
0 0 0 0 -15.79
0 0 0 0 -15.79
0 0 0 0 -15.79
0 0 0 0 -15.79
0 0 0 0 -15.79
0 0 0 0 -15.79
0 0 0 0 -15.79
0 0 0 0 -15.79
0 0 0 0 -15.79
0 0 0 0 -15.79
0 0 0 0 -15.79
0 0 0 0 -15.79
0 0 0 0 -15.79
0 0 0 0 -15.79
0 0 0 0 -15.79
0 0 0 0 -15.79
0 0 0 0 -15.79
0 0 0 0 -15.79
0 0 0 0 -15.79
0 0 0 0 -15.79
0 0 0 0 -15.79
0 0 0 0 -15.79
0 0 0 0 -15.79
0 0 0 0 -15.79
0 0 0 0 -15.79
0 0 0 0 -15.79
0 0 0 0 -15.79
0 0 0 0 -15.79
0 0 0 0 -15.79
0 0 0 0 -15.79
0 0 0 0 -15.79
0 0 0 0 -15.79
0 0 0 0 -15.79
0 0 0 0 -15.79
0 0 0 0 -15.79
0 0 0 0 -15.79
0 0 0 0 -15.79
0 0 0 0 -15.79
0 0 0 0 -15.79
0 0 0 0 -15.79
0 0 0 0 -15.79
0 0 0 0 -15.79
0 0 0 0 -15.79
0 0 0 0 -15.79
0 0 0 0 -15.79
0 0 0 0 -15.79
0 0 0 0 -15.79
0 0 0 0 -15.79
0 0 0 0 -15.79
0 0 0 0 -15.79
0 0 0 0 -15.79
0 0 0 0 -15.79
0 0 0 0 -15.79
0 0 0 0 -15.79
0 0 0 0 -15.79
0 0 0 0 -15.79
0 0 0 0 -15.79
0 0 0 0 -15.79
0 0 0 0 -15.79
0 0 0 0 -15.79
0 0 0 0 -15.79
0 0 0 0 -15.79
0 0 0 0 -15.79
0 0 0 0 -15.79
0 0 0 0 -15.79
0 0 0 0 -15.79
0 0 0 0 -15.79
0 0 0 0 -15.79
0 0 0 0 -15.79
0 0 0 0 -15.79
0 0 0 0 -15.79
0 0 0 0 -15.79
0 0 0 0 -15.79
0 0 0 0 -15.79
0 0 0 0 -15.79
0 0 0 0 -15.79
0 0 0 0 -15.79
0 0 0 0 -15.79
0 0 0 0 -15.79
0 0 0 0 -15.79
0 0 0 0 -15.79
0 0 0 0 -15.79
0 0 0 0 -15.79
0 0 0 0 -15.79
0 0 0 0 -15.79
0 0 0 0 -15.79
0 0 0 0 -15.79
0 0 0 0 -15.79
0 0 0 0 -15.79
0 0 0 0 -15.79
0 0 0 0 -15.79
0 0 0 0 -15.79
0 0 0 0 -15.79
0 0 0 0 -15.79
0 0 0 0 -15.79
0 0 0 0 -15.79
0 0 0 0 -15.79
0 0 0 0 -15.79
0 0 0 0 -15.79
0 0 0 0 -15.79
0 0 0 0 -15.79
0 0 0 0 -15.79
0 0 0 0 -15.79
0 0 0 0 -15.79
0 0 0 0 -15.79
0 0 0 0 -15.79
0 0 0 0 -15.79
0 0 0 0 -15.79
0 0 0 0 -15.79
0 0 0 0 -15.79
0 0 0 0 -15.79
0 0 0 0 -15.79
0 0 0 0 -15.79
0 0 0 0 -15.79
0 0 0 0 -15.79
0 0 0 0 -15.79
0 0 0 0 -15.79
0 0 0 0 -15.79
0 0 0 0 -15.79
0 0 0 0 -15.79
0 0 0 0 -15.79
0 0 0 0 0
