-1010.78 -5165.38 316.409 70149 17.8335
-1010.45 -5164.36 316.421 70149 17.8335
-1010.12 -5163.33 316.432 70149 17.8335
-1009.8 -5162.31 316.444 70149 17.8335
-1009.47 -5161.29 316.456 70149 17.8335
-1009.14 -5160.27 316.467 70149 17.8335
-1008.81 -5159.25 316.479 70149 17.6513
-1008.49 -5158.23 316.491 70149 17.6513
-1008.16 -5157.21 316.502 70149 17.6513
-1007.84 -5156.2 316.514 70149 17.6513
-1007.51 -5155.18 316.526 70149 17.6513
-1007.19 -5154.16 316.537 70149 17.6513
-1006.87 -5153.14 316.549 70149 17.6519
-1006.55 -5152.15 316.56 70149 17.6519
-1006.23 -5151.16 316.572 70149 17.6519
-1005.92 -5150.16 316.583 70149 17.6519
-1005.6 -5149.17 316.595 70149 17.6519
-1005.29 -5148.18 316.606 70149 17.7156
-1004.97 -5147.18 316.617 70149 17.927
-1004.66 -5146.22 316.626 70149 17.9481
-1004.34 -5145.26 316.635 70149 17.9481
-1004.03 -5144.29 316.643 70149 17.9481
-1003.72 -5143.33 316.652 70149 17.9481
-1003.41 -5142.36 316.661 70149 17.9481
-1003.09 -5141.4 316.67 70149 18.1565
-1002.78 -5140.45 316.678 70149 18.1565
-1002.47 -5139.5 316.687 70149 18.1565
-1002.16 -5138.55 316.696 70149 18.1565
-1001.85 -5137.59 316.704 70149 18.1565
-1001.54 -5136.64 316.713 70149 18.1565
-1001.22 -5135.69 316.721 70149 18.3889
-1000.91 -5134.75 316.73 70149 18.3889
-1000.59 -5133.8 316.739 70149 18.3889
-1000.28 -5132.85 316.747 70149 18.3889
-999.964 -5131.9 316.756 70149 18.3889
-999.649 -5130.95 316.765 70149 18.3889
-999.334 -5130.01 316.773 70149 18.3188
-999.019 -5129.05 316.782 70149 18.3188
-998.704 -5128.1 316.791 70149 18.3188
-998.39 -5127.15 316.799 70149 18.3188
-998.075 -5126.2 316.808 70149 18.3188
-997.76 -5125.25 316.816 70149 18.3188
-997.446 -5124.3 316.825 70149 18.3156
-997.131 -5123.35 316.834 70149 18.3156
-996.816 -5122.4 316.842 70149 18.3156
-996.501 -5121.45 316.851 70149 18.3156
-996.186 -5120.5 316.86 70149 18.3156
-995.871 -5119.54 316.868 70149 18.3156
-995.556 -5118.59 316.877 70149 18.3156
-995.241 -5117.64 316.886 70149 18.3156
-994.926 -5116.69 316.894 70149 18.3156
-994.611 -5115.74 316.903 70149 18.3104
-994.297 -5114.79 316.912 70149 18.265
-993.983 -5113.84 316.919 70149 18.2607
-993.669 -5112.89 316.925 70149 18.2639
-993.355 -5111.94 316.932 70149 18.2639
-993.041 -5110.98 316.939 70149 18.2639
-992.727 -5110.03 316.946 70149 18.2639
-992.413 -5109.08 316.953 70149 18.2639
-992.099 -5108.13 316.96 70149 18.2639
-991.785 -5107.18 316.967 70149 18.2607
-991.471 -5106.23 316.973 70149 18.2607
-991.157 -5105.28 316.98 70149 18.2607
-990.844 -5104.33 316.987 70149 18.2607
-990.53 -5103.37 316.994 70149 18.2607
-990.216 -5102.42 317.001 70149 18.2607
-989.902 -5101.47 317.008 70149 18.2607
-989.588 -5100.52 317.015 70149 18.2607
-989.274 -5099.57 317.021 70149 18.2607
-988.961 -5098.62 317.028 70149 18.2607
-988.647 -5097.67 317.035 70149 18.2607
-988.333 -5096.72 317.042 70149 18.2607
-988.019 -5095.77 317.049 70149 18.2607
-987.705 -5094.81 317.056 70149 18.2607
-987.391 -5093.86 317.063 70149 18.2607
-987.077 -5092.91 317.069 70149 18.2607
-986.763 -5091.96 317.076 70149 18.2607
-986.449 -5091.01 317.083 70149 18.2607
-986.135 -5090.06 317.09 70149 18.2607
-985.821 -5089.1 317.097 70149 18.2607
-985.508 -5088.15 317.104 70149 18.2607
-985.194 -5087.2 317.111 70149 18.2607
-984.88 -5086.25 317.117 70149 18.2607
-984.566 -5085.3 317.124 70149 18.2607
-984.253 -5084.35 317.131 70149 18.2639
-983.939 -5083.4 317.138 70149 18.2639
-983.625 -5082.45 317.145 70149 17.8156
-983.318 -5081.49 317.151 70149 17.7411
-983.013 -5080.54 317.156 70149 17.7411
-982.708 -5079.59 317.162 70149 17.7411
-982.402 -5078.63 317.167 70149 17.7379
-982.097 -5077.68 317.173 70149 17.7379
-981.792 -5076.72 317.178 70149 17.7379
-981.487 -5075.77 317.184 70149 17.7379
-981.182 -5074.82 317.189 70149 17.7379
-980.876 -5073.86 317.195 70149 17.7379
-980.571 -5072.91 317.2 70149 17.7379
-980.266 -5071.95 317.206 70149 17.7379
-979.961 -5071 317.211 70149 17.7379
-979.656 -5070.04 317.217 70149 17.7379
-979.351 -5069.09 317.223 70149 17.7379
-979.045 -5068.14 317.228 70149 17.7379
-978.74 -5067.18 317.234 70149 17.7411
-978.435 -5066.23 317.239 70149 17.7411
-978.13 -5065.27 317.245 70149 17.7411
-977.824 -5064.32 317.25 70149 17.7411
-977.519 -5063.37 317.256 70149 17.7411
-977.214 -5062.41 317.261 70149 17.7411
-976.909 -5061.46 317.267 70149 17.7379
-976.603 -5060.5 317.272 70149 17.7379
-976.298 -5059.55 317.278 70149 17.7379
-975.993 -5058.6 317.283 70149 17.7379
-975.688 -5057.64 317.289 70149 17.7379
-975.383 -5056.69 317.295 70149 17.7379
-975.078 -5055.73 317.3 70149 17.7379
-974.772 -5054.78 317.306 70149 17.7379
-974.467 -5053.82 317.311 70149 17.7379
-974.162 -5052.87 317.317 70149 17.7379
-973.856 -5051.92 317.322 70149 17.7379
-973.551 -5050.96 317.328 70149 17.7379
-973.246 -5050.01 317.333 70149 16.9959
-972.953 -5049.05 317.338 70149 16.7426
-972.664 -5048.09 317.343 70149 16.7426
-972.376 -5047.13 317.348 70149 16.7426
-972.087 -5046.17 317.352 70149 16.7426
-971.799 -5045.21 317.357 70149 16.7426
-971.51 -5044.25 317.362 70149 16.7426
-971.222 -5043.29 317.366 70149 16.7426
-970.933 -5042.33 317.371 70149 16.7426
-970.645 -5041.38 317.376 70149 16.7426
-970.356 -5040.42 317.38 70149 16.7426
-970.068 -5039.46 317.385 70149 16.7426
-969.779 -5038.5 317.39 70149 16.7426
-969.491 -5037.54 317.394 70149 16.7426
-969.202 -5036.58 317.399 70149 16.7426
-968.914 -5035.62 317.404 70149 16.7426
-968.625 -5034.66 317.408 70149 16.7426
-968.337 -5033.7 317.413 70149 16.7426
-968.048 -5032.74 317.418 70149 16.7426
-967.759 -5031.78 317.422 70149 16.7426
-967.471 -5030.82 317.427 70149 16.7426
-967.182 -5029.87 317.432 70149 16.7426
-966.894 -5028.91 317.437 70149 16.7426
-966.605 -5027.95 317.441 70149 16.7426
-966.317 -5026.99 317.446 70149 16.7457
-966.028 -5026.03 317.451 70149 16.7457
-965.739 -5025.07 317.455 70149 16.7457
-965.451 -5024.11 317.46 70149 16.7457
-965.162 -5023.15 317.465 70149 16.7457
-964.873 -5022.19 317.469 70149 16.7457
-964.585 -5021.23 317.474 70149 16.7426
-964.296 -5020.27 317.479 70149 16.7426
-964.007 -5019.31 317.483 70149 16.7426
-963.719 -5018.35 317.488 70149 16.7426
-963.43 -5017.39 317.493 70149 195.967
-964.491 -5021.1 317.476 80149 17.0376
-964.199 -5020.15 317.481 80149 17.0376
-963.906 -5019.19 317.486 80149 17.0376
-963.614 -5018.24 317.491 80149 17.0376
-963.322 -5017.29 317.496 80149 17.0376
-963.029 -5016.33 317.501 80149 17.0376
-962.737 -5015.38 317.506 80149 17.0376
-962.445 -5014.42 317.511 80149 17.0409
-962.154 -5013.47 317.516 80149 17.0409
-961.862 -5012.52 317.521 80149 17.0409
-961.571 -5011.57 317.526 80149 17.0409
-961.279 -5010.62 317.531 80149 17.0409
-960.988 -5009.67 317.536 80149 17.0409
-960.697 -5008.72 317.541 80149 17.0858
-960.405 -5007.77 317.546 80149 17.0858
-960.113 -5006.82 317.551 80149 17.0858
-959.822 -5005.87 317.556 80149 17.0858
-959.53 -5004.93 317.561 80149 16.9074
-959.241 -5003.98 317.566 80149 16.6122
-958.957 -5003.02 317.571 80149 16.6218
-958.673 -5002.07 317.576 80149 16.6218
-958.389 -5001.12 317.582 80149 16.6218
-958.104 -5000.17 317.587 80149 16.6218
-957.82 -4999.21 317.592 80149 16.6218
-957.536 -4998.26 317.597 80149 16.6218
-957.251 -4997.31 317.602 80149 16.6215
-956.966 -4996.35 317.607 80149 16.6215
-956.681 -4995.4 317.613 80149 16.6215
-956.396 -4994.44 317.618 80149 16.6215
-956.11 -4993.49 317.623 80149 16.6215
-955.825 -4992.53 317.628 80149 16.6215
-955.54 -4991.58 317.633 80149 16.6182
-955.254 -4990.62 317.639 80149 16.6182
-954.969 -4989.66 317.644 80149 16.6182
-954.683 -4988.7 317.649 80149 16.6182
-954.397 -4987.75 317.654 80149 16.596
-954.112 -4986.79 317.659 80149 16.1359
-953.834 -4985.83 317.665 80149 16.1392
-953.557 -4984.87 317.67 80149 16.1392
-953.279 -4983.91 317.675 80149 16.1392
-953.002 -4982.95 317.681 80149 16.1392
-952.724 -4982 317.686 80149 16.1392
-952.447 -4981.04 317.691 80149 16.1392
-952.169 -4980.08 317.697 80149 16.1392
-951.892 -4979.12 317.702 80149 16.1392
-951.614 -4978.16 317.707 80149 16.1392
-951.337 -4977.2 317.713 80149 16.1392
-951.059 -4976.24 317.718 80149 16.1392
-950.782 -4975.28 317.723 80149 16.1392
-950.505 -4974.32 317.729 80149 16.1392
-950.227 -4973.37 317.734 80149 16.1392
-949.95 -4972.41 317.739 80149 16.1392
-949.672 -4971.45 317.745 80149 16.1392
-949.395 -4970.49 317.75 80149 16.1392
-949.117 -4969.53 317.756 80149 15.7726
-948.846 -4968.57 317.761 80149 15.6483
-948.577 -4967.61 317.766 80149 15.6483
-948.307 -4966.65 317.772 80149 15.6483
-948.038 -4965.69 317.777 80149 15.6483
-947.769 -4964.72 317.783 80149 15.6483
-947.499 -4963.76 317.788 80149 15.6483
-947.23 -4962.8 317.793 80149 15.6483
-946.961 -4961.84 317.799 80149 15.6483
-946.692 -4960.88 317.804 80149 15.6483
-946.422 -4959.92 317.81 80149 15.6483
-946.153 -4958.96 317.815 80149 15.6483
-945.884 -4958 317.82 80149 15.6483
-945.615 -4957.03 317.826 80149 15.6483
-945.345 -4956.07 317.831 80149 15.6483
-945.076 -4955.11 317.837 80149 15.6483
-944.807 -4954.15 317.842 80149 15.6483
-944.538 -4953.19 317.848 80149 15.6483
-944.268 -4952.23 317.853 80149 15.4283
-944.003 -4951.27 317.858 80149 15.149
-943.742 -4950.3 317.864 80149 15.149
-943.481 -4949.34 317.869 80149 15.149
-943.22 -4948.37 317.875 80149 15.149
-942.959 -4947.41 317.88 80149 15.149
-942.698 -4946.45 317.886 80149 15.149
-942.438 -4945.48 317.891 80149 15.149
-942.177 -4944.52 317.896 80149 15.149
-941.916 -4943.56 317.902 80149 15.149
-941.655 -4942.59 317.907 80149 15.149
-941.394 -4941.63 317.913 80149 15.149
-941.133 -4940.67 317.918 80149 15.149
-940.872 -4939.7 317.924 80149 15.149
-940.611 -4938.74 317.929 80149 15.149
-940.351 -4937.78 317.934 80149 15.149
-940.09 -4936.81 317.94 80149 15.149
-939.829 -4935.85 317.945 80149 15.149
-939.568 -4934.88 317.951 80149 15.0848
-939.308 -4933.92 317.956 80149 14.638
-939.056 -4932.95 317.961 80149 14.638
-938.804 -4931.99 317.967 80149 14.638
-938.551 -4931.02 317.972 80149 14.638
-938.299 -4930.06 317.978 80149 14.638
-938.047 -4929.09 317.983 80149 14.638
-937.794 -4928.13 317.988 80149 14.6444
-937.542 -4927.16 317.994 80149 14.6444
-937.29 -4926.19 317.999 80149 14.6444
-937.038 -4925.23 318.004 80149 14.6444
-936.785 -4924.26 318.01 80149 14.6444
-936.533 -4923.3 318.015 80149 14.6444
-936.281 -4922.33 318.021 80149 14.638
-936.028 -4921.37 318.026 80149 14.638
-935.776 -4920.4 318.031 80149 14.638
-935.524 -4919.43 318.037 80149 14.638
-935.272 -4918.47 318.042 80149 14.638
-935.019 -4917.5 318.047 80149 14.638
-934.767 -4916.54 318.053 80149 14.228
-934.522 -4915.57 318.058 80149 14.1251
-934.278 -4914.6 318.063 80149 14.1251
-934.034 -4913.63 318.069 80149 14.1251
-933.791 -4912.67 318.074 80149 14.1251
-933.547 -4911.7 318.079 80149 14.1251
-933.304 -4910.73 318.084 80149 14.1282
-933.06 -4909.76 318.09 80149 14.1282
-932.816 -4908.79 318.095 80149 14.1282
-932.572 -4907.82 318.1 80149 14.1282
-932.328 -4906.85 318.105 80149 14.1282
-932.084 -4905.88 318.111 80149 14.1282
-931.84 -4904.91 318.116 80149 14.1505
-931.596 -4903.95 318.121 80149 14.1505
-931.351 -4902.98 318.127 80149 14.1505
-931.107 -4902.01 318.132 80149 14.1505
-930.863 -4901.04 318.137 80149 14.1505
-930.619 -4900.07 318.142 80149 14.1505
-930.374 -4899.1 318.148 80149 13.8718
-930.135 -4898.13 318.153 80149 13.5978
-929.901 -4897.16 318.158 80149 13.5978
-929.666 -4896.19 318.163 80149 13.5978
-929.432 -4895.22 318.168 80149 13.5978
-929.197 -4894.26 318.173 80149 13.5978
-928.963 -4893.29 318.178 80149 13.473
-928.732 -4892.32 318.183 80149 13.473
-928.501 -4891.36 318.188 80149 13.473
-928.271 -4890.4 318.193 80149 13.473
-928.04 -4889.43 318.198 80149 13.473
-927.809 -4888.47 318.203 80149 13.473
-927.578 -4887.51 318.208 80149 13.2974
-927.353 -4886.55 318.213 80149 13.2974
-927.127 -4885.6 318.218 80149 13.2974
-926.901 -4884.64 318.223 80149 13.2973
-926.676 -4883.69 318.228 80149 13.2973
-926.45 -4882.73 318.233 80149 13.2973
-926.224 -4881.78 318.238 80149 13.1553
-926.002 -4880.83 318.243 80149 12.6503
-925.789 -4879.88 318.248 80149 12.623
-925.576 -4878.93 318.253 80149 12.623
-925.363 -4877.98 318.257 80149 12.623
-925.15 -4877.03 318.262 80149 12.623
-924.937 -4876.07 318.267 80149 12.6189
-924.725 -4875.13 318.272 80149 12.6189
-924.513 -4874.18 318.276 80149 12.6189
-924.3 -4873.23 318.281 80149 12.6189
-924.088 -4872.28 318.286 80149 12.6189
-923.875 -4871.33 318.29 80149 12.6189
-923.663 -4870.38 318.295 80149 12.6844
-923.449 -4869.43 318.3 80149 12.6844
-923.236 -4868.48 318.305 80149 12.6844
-923.022 -4867.54 318.309 80149 12.6844
-922.809 -4866.59 318.314 80149 12.6844
-922.595 -4865.64 318.319 80149 12.6844
-922.382 -4864.69 318.323 80149 12.6941
-922.168 -4863.74 318.328 80149 12.6371
-921.956 -4862.79 318.333 80149 12.1539
-921.751 -4861.84 318.337 80149 12.1539
-921.546 -4860.89 318.342 80149 12.1539
-921.342 -4859.94 318.346 80149 12.1539
-921.137 -4858.99 318.35 80149 12.1217
-920.933 -4858.04 318.355 80149 12.1217
-920.728 -4857.09 318.359 80149 12.1217
-920.524 -4856.14 318.364 80149 12.1217
-920.319 -4855.19 318.368 80149 12.1217
-920.115 -4854.23 318.372 80149 12.1217
-919.91 -4853.28 318.377 80149 12.1043
-919.705 -4852.32 318.381 80149 12.1043
-919.5 -4851.37 318.386 80149 12.1043
-919.294 -4850.41 318.39 80149 12.1043
-919.089 -4849.45 318.395 80149 12.1043
-918.883 -4848.49 318.399 80149 12.1043
-918.678 -4847.53 318.404 80149 12.2027
-918.47 -4846.57 318.408 80149 12.2027
-918.262 -4845.61 318.412 80149 12.2027
-918.238 -4845.49 318.413 90149 11.8842
-918.035 -4844.53 318.417 90149 11.8842
-917.832 -4843.56 318.421 90149 11.8842
-917.63 -4842.6 318.425 90149 12.1857
-917.424 -4841.65 318.429 90149 12.1857
-917.219 -4840.7 318.433 90149 12.1857
-917.014 -4839.75 318.437 90149 12.1857
-916.808 -4838.8 318.441 90149 12.1857
-916.603 -4837.85 318.445 90149 12.1099
-916.399 -4836.9 318.449 90149 11.9083
-916.206 -4835.98 318.453 90149 11.9083
-916.012 -4835.06 318.457 90149 11.9083
-915.819 -4834.15 318.461 90149 11.9083
-915.625 -4833.23 318.465 90149 11.9083
-915.432 -4832.31 318.469 90149 11.9083
-915.239 -4831.4 318.473 90149 11.7805
-915.056 -4830.52 318.477 90149 11.7805
-914.873 -4829.64 318.481 90149 11.7805
-914.691 -4828.77 318.485 90149 11.5958
-914.511 -4827.89 318.489 90149 11.4963
-914.333 -4827.02 318.494 90149 11.4963
-914.155 -4826.14 318.498 90149 11.4042
-913.986 -4825.3 318.502 90149 11.4042
-913.818 -4824.47 318.506 90149 11.4042
-913.65 -4823.64 318.51 90149 11.4042
-913.481 -4822.8 318.514 90149 11.4042
-913.313 -4821.97 318.518 90149 11.4042
-913.145 -4821.13 318.522 90149 11.5541
-912.978 -4820.32 318.526 90149 11.4662
-912.814 -4819.51 318.53 90149 11.2892
-912.651 -4818.69 318.535 90149 11.2892
-912.489 -4817.88 318.539 90149 11.2892
-912.326 -4817.07 318.543 90149 11.2892
-912.164 -4816.25 318.548 90149 11.2969
-912.002 -4815.44 318.552 90149 11.2969
-911.84 -4814.63 318.556 90149 11.2969
-911.679 -4813.82 318.56 90149 11.2969
-911.517 -4813.01 318.565 90149 11.2969
-911.355 -4812.2 318.569 90149 11.2969
-911.194 -4811.39 318.573 90149 11.1363
-911.033 -4810.58 318.578 90149 11.0434
-910.874 -4809.76 318.582 90149 11.0434
-910.714 -4808.95 318.587 90149 11.0434
-910.555 -4808.13 318.592 90149 11.0434
-910.395 -4807.31 318.596 90149 11.0434
-910.236 -4806.5 318.601 90149 11.0471
-910.076 -4805.67 318.606 90149 11.0471
-909.915 -4804.85 318.61 90149 11.0471
-909.754 -4804.03 318.615 90149 11.0471
-909.594 -4803.21 318.62 90149 11.0455
-909.433 -4802.38 318.625 90149 10.821
-909.276 -4801.56 318.63 90149 10.8206
-909.119 -4800.74 318.635 90149 10.8206
-908.963 -4799.92 318.64 90149 10.8206
-908.806 -4799.1 318.645 90149 10.8206
-908.65 -4798.28 318.65 90149 10.8206
-908.493 -4797.46 318.655 90149 10.8206
-908.336 -4796.64 318.66 90149 10.9813
-908.181 -4795.85 318.665 90149 10.9813
-908.026 -4795.05 318.67 90149 10.9813
-907.871 -4794.25 318.675 90149 10.9198
-907.717 -4793.45 318.68 90149 10.774
-907.565 -4792.65 318.685 90149 10.774
-907.413 -4791.85 318.691 90149 10.7057
-907.27 -4791.09 318.696 90149 10.7057
-907.127 -4790.34 318.701 90149 10.7057
-906.985 -4789.59 318.706 90149 10.7057
-906.842 -4788.83 318.711 90149 10.7057
-906.699 -4788.08 318.716 90149 10.7057
-906.557 -4787.32 318.721 90149 10.5107
-906.424 -4786.6 318.725 90149 10.5107
-906.291 -4785.89 318.73 90149 10.5107
-906.157 -4785.17 318.735 90149 10.3733
-906.026 -4784.45 318.74 90149 10.3225
-905.895 -4783.73 318.745 90149 10.3225
-905.765 -4783.02 318.75 90149 10.2328
-905.643 -4782.34 318.755 90149 10.2328
-905.522 -4781.67 318.76 90149 10.2328
-905.4 -4781 318.765 90149 10.2328
-905.279 -4780.33 318.77 90149 10.2328
-905.158 -4779.65 318.774 90149 10.2328
-905.036 -4778.98 318.779 90149 10.429
-904.916 -4778.33 318.784 90149 10.429
-904.796 -4777.68 318.789 90149 10.429
-904.676 -4777.02 318.793 90149 10.429
-904.556 -4776.37 318.798 90149 10.2899
-904.437 -4775.72 318.803 90149 10.26
-904.319 -4775.07 318.808 90149 10.2552
-904.202 -4774.42 318.813 90149 10.2552
-904.084 -4773.77 318.818 90149 10.2552
-903.967 -4773.12 318.823 90149 10.2552
-903.849 -4772.47 318.828 90149 10.2552
-903.732 -4771.82 318.833 90149 10.2552
-903.614 -4771.17 318.838 90149 10.2552
-903.496 -4770.52 318.843 90149 10.2552
-903.378 -4769.86 318.848 90149 10.2552
-903.26 -4769.21 318.853 90149 10.2552
-903.142 -4768.56 318.858 90149 10.2552
-903.023 -4767.9 318.863 90149 10.19
-902.906 -4767.25 318.868 90149 10.1052
-902.789 -4766.59 318.874 90149 10.1052
-902.672 -4765.94 318.879 90149 10.1052
-902.555 -4765.28 318.885 90149 10.1052
-902.438 -4764.62 318.89 90149 10.1052
-902.32 -4763.97 318.896 90149 10.1052
-902.203 -4763.31 318.901 90149 10.1052
-902.086 -4762.65 318.907 90149 10.1052
-901.968 -4761.99 318.912 90149 10.1052
-901.85 -4761.33 318.918 90149 10.1052
-901.732 -4760.67 318.923 90149 10.1052
-901.615 -4760.01 318.928 90149 10.1052
-901.497 -4759.35 318.934 90149 10.1052
-901.469 -4759.18 318.936 100149 9.24001
-901.362 -4758.52 318.945 100149 9.24001
-901.254 -4757.86 318.955 100149 9.24001
-901.147 -4757.2 318.964 100149 9.28858
-901.039 -4756.54 318.974 100149 9.44981
-900.93 -4755.88 318.983 100149 9.65173
-900.821 -4755.24 318.992 100149 9.65173
-900.712 -4754.61 319.001 100149 9.67885
-900.603 -4753.97 319.009 100149 9.79583
-900.493 -4753.33 319.018 100149 9.79583
-900.383 -4752.69 319.027 100149 9.79583
-900.273 -4752.05 319.035 100149 9.71488
-900.171 -4751.46 319.043 100149 9.78988
-900.069 -4750.87 319.051 100149 9.79028
-899.967 -4750.27 319.059 100149 9.79028
-899.864 -4749.68 319.066 100149 9.79028
-899.762 -4749.09 319.074 100149 9.79834
-899.659 -4748.49 319.081 100149 9.55774
-899.566 -4747.94 319.088 100149 9.55774
-899.473 -4747.38 319.095 100149 9.55774
-899.379 -4746.83 319.102 100149 9.55754
-899.286 -4746.27 319.109 100149 9.50704
-899.193 -4745.72 319.116 100149 9.50487
-899.1 -4745.16 319.122 100149 9.38397
-899.015 -4744.65 319.128 100149 9.38397
-898.931 -4744.14 319.134 100149 9.38078
-898.847 -4743.63 319.141 100149 9.26846
-898.764 -4743.12 319.146 100149 9.26544
-898.68 -4742.61 319.152 100149 9.26544
-898.597 -4742.1 319.158 100149 9.26544
-898.515 -4741.61 319.164 100149 9.26544
-898.432 -4741.12 319.169 100149 9.26544
-898.351 -4740.63 319.175 100149 9.26544
-898.27 -4740.13 319.18 100149 9.26544
-898.19 -4739.64 319.186 100149 9.26544
-898.109 -4739.15 319.191 100149 9.26544
-898.028 -4738.66 319.197 100149 9.26544
-897.948 -4738.16 319.202 100149 9.26544
-897.869 -4737.67 319.207 100149 9.26544
-897.79 -4737.18 319.212 100149 9.26544
-897.711 -4736.69 319.218 100149 9.26544
-897.633 -4736.19 319.223 100149 9.26544
-897.554 -4735.7 319.228 100149 9.26544
-897.478 -4735.2 319.233 100149 9.26544
-897.402 -4734.71 319.238 100149 9.26544
-897.326 -4734.22 319.243 100149 9.26544
-897.249 -4733.72 319.248 100149 9.26544
-897.173 -4733.23 319.253 100149 9.26544
-897.175 -4733.22 319.256 110149 9.26544
-897.107 -4732.74 319.265 110149 9.26544
-897.039 -4732.26 319.274 110149 9.26544
-896.972 -4731.79 319.283 110149 9.26544
-896.904 -4731.31 319.293 110149 9.26544
-896.836 -4730.83 319.302 110149 9.26544
-896.775 -4730.4 319.31 110149 9.26544
-896.714 -4729.97 319.318 110149 9.26544
-896.651 -4729.53 319.326 110149 9.26544
-896.589 -4729.1 319.333 110149 9.26544
-896.527 -4728.67 319.341 110149 9.26544
-896.464 -4728.24 319.349 110149 9.26544
-896.41 -4727.85 319.356 110149 9.26544
-896.355 -4727.45 319.363 110149 9.26544
-896.301 -4727.06 319.37 110149 9.26544
-896.246 -4726.67 319.377 110149 9.26544
-896.19 -4726.27 319.384 110149 9.26544
-896.134 -4725.88 319.391 110149 9.26544
-896.086 -4725.53 319.397 110149 9.26544
-896.038 -4725.18 319.403 110149 9.26544
-895.989 -4724.83 319.409 110149 9.26544
-895.941 -4724.48 319.415 110149 9.26544
-895.892 -4724.13 319.421 110149 9.26544
-895.844 -4723.78 319.427 110149 9.26544
-895.796 -4723.45 319.433 110149 9.26544
-895.747 -4723.12 319.438 110149 9.26544
-895.698 -4722.79 319.444 110149 9.26544
-895.648 -4722.45 319.449 110149 9.26544
-895.599 -4722.12 319.455 110149 9.26544
-895.55 -4721.79 319.46 110149 9.26544
-895.502 -4721.46 319.466 110149 9.26544
-895.453 -4721.13 319.471 110149 9.26544
-895.405 -4720.81 319.477 110149 9.26544
-895.357 -4720.48 319.482 110149 9.26544
-895.309 -4720.15 319.488 110149 9.26544
-895.26 -4719.83 319.493 110149 9.26544
-895.212 -4719.52 319.498 110149 9.26544
-895.163 -4719.21 319.503 110149 9.26544
-895.114 -4718.9 319.508 110149 9.26544
-895.066 -4718.58 319.513 110149 9.26544
-895.017 -4718.27 319.518 110149 9.26544
-894.968 -4717.96 319.523 110149 9.26544
-894.927 -4717.7 319.527 110149 9.26544
-894.886 -4717.43 319.531 110149 9.26544
-894.845 -4717.16 319.536 110149 9.26544
-894.804 -4716.9 319.54 110149 9.26544
-894.763 -4716.63 319.544 110149 9.26544
-894.722 -4716.36 319.548 110149 9.26544
-894.689 -4716.13 319.552 110149 9.26544
-894.656 -4715.91 319.555 110149 9.26544
-894.623 -4715.68 319.559 110149 9.26544
-894.59 -4715.45 319.562 110149 9.26544
-894.557 -4715.22 319.566 110149 9.26544
-894.524 -4714.99 319.57 110149 9.26544
-894.499 -4714.81 319.572 110149 9.26544
-894.474 -4714.63 319.575 110149 9.26544
-894.449 -4714.44 319.578 110149 9.26544
-894.424 -4714.26 319.581 110149 9.26544
-894.399 -4714.08 319.584 110149 9.26544
-894.374 -4713.89 319.587 110149 9.26544
-894.35 -4713.73 319.589 110149 9.26544
-894.325 -4713.57 319.592 110149 9.26544
-894.301 -4713.41 319.594 110149 9.26544
-894.277 -4713.24 319.597 110149 9.26544
-894.252 -4713.08 319.599 110149 9.26544
-894.228 -4712.92 319.602 110149 9.26544
-894.204 -4712.76 319.604 110149 9.26544
-894.181 -4712.6 319.606 110149 9.26544
-894.157 -4712.44 319.609 110149 9.26544
-894.133 -4712.28 319.611 110149 9.26544
-894.109 -4712.12 319.614 110149 9.26544
-894.086 -4711.96 319.616 110149 9.26544
-894.061 -4711.8 319.619 110149 9.26544
-894.037 -4711.63 319.621 110149 9.26544
-894.013 -4711.47 319.624 110149 9.26544
-893.988 -4711.31 319.626 110149 9.26544
-893.964 -4711.14 319.628 110149 9.26544
-893.94 -4710.98 319.631 110149 9.26544
-893.915 -4710.82 319.633 110149 9.26544
-893.89 -4710.65 319.636 110149 9.26544
-893.866 -4710.48 319.638 110149 9.26544
-893.841 -4710.32 319.641 110149 9.26544
-893.816 -4710.15 319.643 110149 9.26544
-893.792 -4709.99 319.646 110149 9.26544
-893.767 -4709.82 319.648 110149 9.26544
-893.743 -4709.66 319.651 110149 9.26544
-893.718 -4709.49 319.653 110149 9.26544
-893.694 -4709.33 319.656 110149 9.26544
-893.67 -4709.16 319.658 110149 9.26544
-893.646 -4709 319.661 110149 9.26544
-893.621 -4708.83 319.663 110149 9.26544
-893.597 -4708.67 319.666 110149 9.26544
-893.573 -4708.5 319.668 110149 9.26544
-893.548 -4708.34 319.67 110149 9.26544
-893.524 -4708.17 319.673 110149 9.26544
-893.5 -4708.01 319.675 110149 9.26544
-893.475 -4707.84 319.678 110149 9.26544
-893.451 -4707.68 319.68 110149 9.26544
-893.427 -4707.51 319.683 110149 9.26544
-893.403 -4707.35 319.685 110149 9.26544
-893.378 -4707.18 319.688 110149 9.26544
-893.354 -4707.02 319.69 110149 9.26544
-893.33 -4706.85 319.692 110149 9.26544
-893.305 -4706.69 319.695 110149 9.26544
-893.281 -4706.53 319.697 110149 9.26544
-893.257 -4706.36 319.7 110149 9.26544
-893.233 -4706.2 319.702 110149 9.26544
-893.209 -4706.03 319.705 110149 9.26544
-893.185 -4705.87 319.707 110149 9.26544
-893.161 -4705.7 319.709 110149 9.26544
-893.137 -4705.53 319.712 110149 9.26544
-893.113 -4705.37 319.714 110149 9.26544
-893.089 -4705.2 319.717 110149 9.26544
-893.065 -4705.03 319.719 110149 9.26544
-893.04 -4704.86 319.722 110149 9.26544
-893.016 -4704.69 319.724 110149 9.26544
-892.991 -4704.52 319.727 110149 9.26544
-892.966 -4704.35 319.729 110149 9.26544
-892.942 -4704.18 319.732 110149 9.26544
-892.917 -4704.01 319.734 110149 9.26544
-892.893 -4703.84 319.737 110149 9.26544
-892.869 -4703.68 319.739 110149 9.26544
-892.844 -4703.51 319.742 110149 9.26544
-892.82 -4703.34 319.744 110149 9.26544
-892.796 -4703.17 319.746 110149 9.26544
-892.772 -4703.01 319.749 110149 9.26544
-892.748 -4702.86 319.751 110149 9.26544
-892.725 -4702.71 319.753 110149 9.26544
-892.702 -4702.57 319.755 110149 9.26544
-892.679 -4702.42 319.757 110149 9.26544
-892.656 -4702.27 319.76 110149 9.26544
-892.633 -4702.13 319.762 110149 9.26544
-892.618 -4702.02 319.763 110149 9.26544
-892.602 -4701.92 319.765 110149 9.26544
-892.587 -4701.82 319.766 110149 9.26544
-892.571 -4701.72 319.768 110149 9.26544
-892.555 -4701.62 319.769 110149 9.26544
-892.54 -4701.51 319.771 110149 9.26544
-892.532 -4701.45 319.771 110149 9.26544
-892.525 -4701.39 319.772 110149 9.26544
-892.517 -4701.33 319.773 110149 9.26544
-892.509 -4701.26 319.774 110149 9.26544
-892.502 -4701.2 319.775 110149 9.26544
-892.494 -4701.14 319.776 110149 9.26544
-892.493 -4701.11 319.776 110149 9.26544
-892.493 -4701.09 319.777 110149 9.26544
-892.492 -4701.07 319.777 110149 9.26544
-892.491 -4701.05 319.777 110149 9.26544
-892.491 -4701.03 319.777 110149 9.26544
-892.49 -4701.01 319.778 110149 9.26544
-892.49 -4701.01 319.778 110149 9.26544
-892.49 -4701.01 319.778 110149 9.26544
-892.49 -4701 319.778 110149 9.26544
-892.489 -4701 319.778 110149 9.26544
-892.489 -4701 319.778 110149 9.26544
-892.489 -4701 319.778 110149 9.26544
-892.489 -4701 319.778 110149 9.26544
-892.489 -4701 319.778 110149 9.26544
-892.489 -4701 319.778 110149 9.26544
-892.489 -4701 319.778 110149 9.26544
-892.489 -4701 319.778 110149 9.26544
-892.489 -4701 319.778 110149 9.26544
-892.489 -4701 319.778 110149 9.26544
-892.489 -4701 319.778 110149 9.26544
-892.489 -4701 319.778 110149 9.26544
-892.489 -4701 319.778 110149 9.26544
-892.489 -4701 319.778 110149 9.26544
-892.489 -4701 319.778 110149 9.26544
-892.489 -4701 319.778 110149 9.26544
-892.489 -4701 319.778 110149 9.26544
-892.489 -4701 319.778 110149 9.26544
-892.489 -4701 319.778 110149 9.26544
-892.489 -4701 319.778 110149 9.26544
-892.489 -4701 319.778 110149 9.26544
-892.489 -4701 319.778 110149 9.26544
-892.489 -4701 319.778 110149 9.26544
-892.489 -4701 319.778 110149 9.26544
-892.489 -4701 319.778 110149 9.26544
-892.489 -4701 319.778 110149 9.26544
-892.489 -4701 319.778 110149 9.26544
-892.489 -4701 319.778 110149 9.26544
-892.489 -4701 319.778 110149 9.26544
-892.489 -4701 319.778 110149 9.26544
-892.489 -4701 319.778 110149 9.26544
-892.489 -4701 319.778 110149 9.26544
-892.489 -4701 319.778 110149 9.26544
-892.489 -4701 319.778 110149 9.26544
-892.489 -4701 319.778 110149 9.26544
-892.489 -4701 319.778 110149 9.26544
-892.489 -4701 319.778 110149 9.26544
-892.489 -4701 319.778 110149 9.26544
-892.489 -4701 319.778 110149 9.26544
-892.489 -4701 319.778 110149 9.26544
-892.489 -4701 319.778 110149 9.26544
-892.489 -4701 319.778 110149 9.26544
-892.489 -4701 319.778 110149 9.26544
-892.489 -4701 319.778 110149 9.26544
-892.489 -4701 319.778 110149 9.26544
-892.489 -4701 319.778 110149 9.26544
-892.489 -4701 319.778 110149 9.26544
-892.489 -4701 319.778 110149 9.26544
-892.489 -4701 319.778 110149 9.26544
-892.489 -4701 319.778 110149 9.26544
-892.489 -4701 319.778 110149 9.26544
-892.489 -4701 319.778 110149 9.26544
-892.489 -4701 319.778 110149 9.26544
-892.489 -4701 319.778 110149 9.26544
-892.489 -4701 319.778 110149 9.26544
-892.489 -4701 319.778 110149 9.26544
-892.489 -4701 319.778 110149 9.26544
-892.489 -4701 319.778 110149 9.26544
-892.489 -4701 319.778 110149 9.26544
-892.489 -4701 319.778 110149 9.26544
-892.489 -4701 319.778 110149 9.26544
-892.489 -4701 319.778 110149 9.26544
-892.489 -4701 319.778 110149 9.26544
-892.489 -4701 319.778 110149 9.26544
-892.489 -4701 319.778 110149 9.26544
-892.489 -4701 319.778 110149 9.26544
-892.489 -4701 319.778 110149 9.26544
-892.489 -4701 319.778 110149 9.26544
-892.489 -4701 319.778 110149 9.26544
-892.489 -4701 319.778 110149 9.26544
-892.489 -4701 319.778 110149 9.26544
-892.489 -4701 319.778 110149 9.26544
-892.489 -4701 319.778 110149 9.26544
-892.489 -4701 319.778 110149 9.26544
-892.489 -4701 319.778 110149 9.26544
-892.489 -4701 319.778 110149 9.26544
-892.489 -4701 319.778 110149 9.26544
-892.489 -4701 319.778 110149 9.26544
-892.489 -4701 319.778 110149 9.26544
-892.489 -4701 319.778 110149 9.26544
-892.489 -4701 319.778 110149 9.26544
-892.489 -4701 319.778 110149 9.26544
-892.489 -4701 319.778 110149 9.26544
-892.489 -4701 319.778 110149 9.26544
-892.489 -4701 319.778 110149 9.26544
-892.489 -4701 319.778 110149 9.26544
-892.489 -4701 319.778 110149 9.26544
-892.489 -4701 319.778 110149 9.26544
-892.489 -4701 319.778 110149 9.26544
-892.489 -4701 319.778 110149 9.26544
-892.489 -4701 319.778 110149 9.26544
-892.489 -4701 319.778 110149 9.26544
-892.489 -4701 319.778 110149 9.26544
-892.489 -4701 319.778 110149 9.26544
-892.489 -4701 319.778 110149 9.26544
-892.489 -4701 319.778 110149 9.26544
-892.489 -4701 319.778 110149 9.26544
-892.489 -4701 319.778 110149 9.26544
-892.489 -4701 319.778 110149 9.26544
-892.489 -4701 319.778 110149 9.26544
-892.489 -4701 319.778 110149 9.26544
-892.489 -4701 319.778 110149 9.26544
-892.489 -4701 319.778 110149 9.26544
-892.489 -4701 319.778 110149 9.26544
-892.489 -4701 319.778 110149 9.26544
-892.489 -4701 319.778 110149 9.26544
-892.489 -4701 319.778 110149 9.26544
-892.489 -4701 319.778 110149 9.26544
-892.489 -4701 319.778 110149 9.26544
-892.489 -4701 319.778 110149 9.26544
-892.489 -4701 319.778 110149 9.26544
-892.489 -4701 319.778 110149 9.26544
-892.489 -4701 319.778 110149 9.26544
-892.489 -4701 319.778 110149 9.26544
-892.489 -4701 319.778 110149 9.26544
-892.489 -4701 319.778 110149 9.26544
-892.489 -4701 319.778 110149 9.26544
-892.489 -4701 319.778 110149 9.26544
-892.489 -4701 319.778 110149 9.26544
-892.489 -4701 319.778 110149 9.26544
-892.489 -4701 319.778 110149 9.26544
-892.489 -4701 319.778 110149 9.26544
-892.489 -4701 319.778 110149 9.26544
-892.489 -4701 319.778 110149 9.26544
-892.489 -4701 319.778 110149 9.26544
-892.489 -4701 319.778 110149 9.26544
-892.489 -4701 319.778 110149 9.26544
-892.489 -4701 319.778 110149 9.26544
-892.489 -4701 319.778 110149 9.26544
-892.489 -4701 319.778 110149 9.26544
-892.489 -4701 319.778 110149 9.26544
-892.489 -4701 319.778 110149 9.26544
-892.489 -4701 319.778 110149 9.26544
-892.489 -4701 319.778 110149 9.26544
-892.489 -4701 319.778 110149 9.26544
-892.489 -4701 319.778 110149 9.26544
-892.489 -4701 319.778 110149 9.26544
-892.489 -4701 319.778 110149 9.26544
-892.489 -4701 319.778 110149 9.26544
-892.489 -4701 319.778 110149 9.26544
-892.489 -4701 319.778 110149 9.26544
-892.489 -4701 319.778 110149 9.26544
-892.489 -4701 319.778 110149 9.26544
-892.489 -4701 319.778 110149 9.26544
-892.489 -4701 319.778 110149 9.26544
-892.489 -4701 319.778 110149 9.26544
-892.489 -4701 319.778 110149 9.26544
-892.489 -4701 319.778 110149 9.26544
-892.489 -4701 319.778 110149 9.26544
-892.489 -4701 319.778 110149 9.26544
-892.489 -4701 319.778 110149 9.26544
-892.489 -4701 319.778 110149 9.26544
-892.489 -4701 319.778 110149 9.26544
-892.489 -4701 319.778 110149 9.26544
-892.489 -4701 319.778 110149 9.26544
-892.489 -4701 319.778 110149 9.26544
-892.489 -4701 319.778 110149 9.26544
-892.489 -4701 319.778 110149 9.26544
-892.489 -4701 319.778 110149 9.26544
-892.489 -4701 319.778 110149 9.26544
-892.489 -4701 319.778 110149 9.26544
-892.489 -4701 319.778 110149 9.26544
-892.489 -4701 319.778 110149 9.26544
-892.489 -4701 319.778 110149 9.26544
-892.489 -4701 319.778 110149 9.26544
-892.489 -4701 319.778 110149 9.26544
-892.489 -4701 319.778 110149 9.26544
-892.489 -4701 319.778 110149 9.26544
-892.489 -4701 319.778 110149 9.26544
-892.489 -4701 319.778 110149 9.26544
-892.489 -4701 319.778 110149 9.26544
-892.489 -4701 319.778 110149 9.26544
-892.489 -4701 319.778 110149 9.26544
-892.489 -4701 319.778 110149 9.26544
-892.489 -4701 319.778 110149 9.26544
-892.489 -4701 319.778 110149 9.26544
-892.489 -4701 319.778 110149 9.26544
-892.489 -4701 319.778 110149 9.26544
-892.489 -4701 319.778 110149 9.26544
-892.489 -4701 319.778 110149 9.26544
-892.489 -4701 319.778 110149 9.26544
-892.489 -4701 319.778 110149 9.26544
-892.489 -4701 319.778 110149 9.26544
-892.489 -4701 319.778 110149 9.26544
-892.489 -4701 319.778 110149 9.26544
-892.489 -4701 319.778 110149 9.26544
-892.489 -4701 319.778 110149 9.26544
-892.489 -4701 319.778 110149 9.26544
-892.489 -4701 319.778 110149 9.26544
-892.49 -4700.99 319.778 110149 9.26544
-892.492 -4700.99 319.778 110149 9.26544
-892.493 -4700.98 319.778 110149 9.26544
-892.494 -4700.97 319.778 110149 9.26544
-892.496 -4700.97 319.778 110149 9.26544
-892.497 -4700.96 319.778 110149 9.26544
-892.49 -4700.91 319.779 110149 9.26544
-892.483 -4700.86 319.78 110149 9.26544
-892.476 -4700.81 319.781 110149 9.26544
-892.469 -4700.76 319.781 110149 9.26544
-892.462 -4700.72 319.782 110149 9.26544
-892.455 -4700.67 319.783 110149 9.26544
-892.44 -4700.58 319.784 110149 9.26544
-892.426 -4700.49 319.785 110149 9.26544
-892.411 -4700.41 319.787 110149 9.26544
-892.397 -4700.32 319.788 110149 9.26544
-892.383 -4700.23 319.789 110149 9.26544
-892.368 -4700.15 319.79 110149 9.26544
-892.353 -4700.04 319.792 110149 9.26544
-892.338 -4699.93 319.793 110149 9.26544
-892.323 -4699.82 319.795 110149 9.26544
-892.308 -4699.71 319.797 110149 9.26544
-892.293 -4699.61 319.798 110149 9.26544
-892.278 -4699.5 319.8 110149 9.26544
-892.33 -4699.88 319.795 120149 9.26544
-892.314 -4699.76 319.797 120149 9.26544
-892.298 -4699.65 319.8 120149 9.26544
-892.283 -4699.53 319.803 120149 9.26544
-892.267 -4699.42 319.805 120149 9.26544
-892.251 -4699.3 319.808 120149 9.26544
-892.234 -4699.18 319.811 120149 9.26544
-892.217 -4699.05 319.814 120149 9.26544
-892.2 -4698.92 319.817 120149 9.26544
-892.184 -4698.79 319.82 120149 9.26544
-892.167 -4698.66 319.823 120149 9.26544
-892.15 -4698.54 319.826 120149 9.26544
-892.129 -4698.39 319.829 120149 9.26544
-892.107 -4698.24 319.833 120149 9.26544
-892.086 -4698.09 319.836 120149 9.26544
-892.065 -4697.95 319.839 120149 9.26544
-892.043 -4697.8 319.843 120149 9.26544
-892.022 -4697.65 319.846 120149 9.26544
-891.999 -4697.49 319.85 120149 9.26544
-891.976 -4697.32 319.854 120149 9.26544
-891.953 -4697.16 319.858 120149 9.26544
-891.931 -4696.99 319.862 120149 9.26544
-891.908 -4696.83 319.865 120149 9.26544
-891.885 -4696.66 319.869 120149 9.26544
-891.862 -4696.49 319.873 120149 9.26544
-891.838 -4696.32 319.876 120149 9.26544
-891.815 -4696.15 319.88 120149 9.26544
-891.791 -4695.98 319.884 120149 9.26544
-891.768 -4695.82 319.887 120149 9.26544
-891.745 -4695.65 319.891 120149 9.26544
-891.722 -4695.48 319.895 120149 9.26544
-891.699 -4695.31 319.898 120149 9.26544
-891.676 -4695.15 319.902 120149 9.26544
-891.653 -4694.98 319.906 120149 9.26544
-891.63 -4694.81 319.909 120149 9.26544
-891.607 -4694.65 319.913 120149 9.26544
-891.584 -4694.48 319.917 120149 9.26544
-891.562 -4694.32 319.92 120149 9.26544
-891.539 -4694.16 319.924 120149 9.26544
-891.516 -4693.99 319.927 120149 9.26544
-891.494 -4693.83 319.931 120149 9.26544
-891.471 -4693.66 319.934 120149 9.26544
-891.448 -4693.5 319.938 120149 9.26544
-891.426 -4693.33 319.941 120149 9.26544
-891.403 -4693.17 319.945 120149 9.26544
-891.381 -4693 319.948 120149 9.26544
-891.358 -4692.84 319.952 120149 9.26544
-891.335 -4692.68 319.955 120149 9.26544
-891.313 -4692.51 319.959 120149 9.26544
-891.29 -4692.35 319.962 120149 9.26544
-891.267 -4692.18 319.966 120149 9.26544
-891.245 -4692.02 319.969 120149 9.26544
-891.222 -4691.85 319.972 120149 9.26544
-891.2 -4691.69 319.976 120149 9.26544
-891.177 -4691.52 319.979 120149 9.26544
-891.154 -4691.36 319.983 120149 9.26544
-891.132 -4691.19 319.986 120149 9.26544
-891.109 -4691.03 319.99 120149 9.26544
-891.086 -4690.86 319.993 120149 9.26544
-891.064 -4690.7 319.997 120149 9.26544
-891.041 -4690.53 320 120149 9.26544
-891.019 -4690.37 320.004 120149 9.26544
-890.996 -4690.2 320.007 120149 9.26544
-890.974 -4690.04 320.01 120149 9.26544
-890.951 -4689.87 320.014 120149 9.26544
-890.929 -4689.71 320.017 120149 9.26544
-890.906 -4689.54 320.02 120149 9.26544
-890.884 -4689.38 320.024 120149 9.26544
-890.861 -4689.22 320.027 120149 9.26544
-890.839 -4689.05 320.03 120149 9.26544
-890.816 -4688.89 320.034 120149 9.26544
-890.794 -4688.72 320.037 120149 9.26544
-890.772 -4688.56 320.04 120149 9.26544
-890.749 -4688.39 320.044 120149 9.26544
-890.727 -4688.23 320.047 120149 9.26544
-890.704 -4688.06 320.051 120149 9.26544
-890.682 -4687.9 320.054 120149 9.26544
-890.66 -4687.73 320.057 120149 9.26544
-890.637 -4687.57 320.061 120149 9.26544
-890.615 -4687.4 320.064 120149 9.26544
-890.592 -4687.24 320.067 120149 9.26544
-890.57 -4687.07 320.071 120149 9.26544
-890.548 -4686.91 320.074 120149 9.26544
-890.525 -4686.74 320.077 120149 9.26544
-890.503 -4686.58 320.081 120149 9.26544
-890.481 -4686.41 320.084 120149 9.26544
-890.459 -4686.25 320.087 120149 9.26544
-890.436 -4686.08 320.091 120149 9.26544
-890.414 -4685.92 320.094 120149 9.26544
-890.392 -4685.76 320.097 120149 9.26544
-890.37 -4685.59 320.101 120149 9.26544
-890.348 -4685.43 320.104 120149 9.26544
-890.325 -4685.26 320.107 120149 9.26544
-890.303 -4685.1 320.111 120149 9.26544
-890.281 -4684.93 320.114 120149 9.26544
-890.259 -4684.77 320.117 120149 9.26544
-890.237 -4684.6 320.121 120149 9.26544
-890.214 -4684.44 320.124 120149 9.26544
-890.192 -4684.27 320.127 120149 9.26544
-890.17 -4684.11 320.131 120149 9.26544
-890.148 -4683.94 320.134 120149 9.26544
-890.126 -4683.78 320.137 120149 9.26544
-890.104 -4683.61 320.141 120149 9.26544
-890.082 -4683.45 320.144 120149 9.26544
-890.06 -4683.28 320.147 120149 9.26544
-890.038 -4683.12 320.151 120149 9.26544
-890.016 -4682.95 320.154 120149 9.26544
-889.995 -4682.79 320.157 120149 9.26544
-889.973 -4682.62 320.161 120149 9.26544
-889.951 -4682.46 320.164 120149 9.26544
-889.929 -4682.29 320.167 120149 9.26544
-889.907 -4682.13 320.171 120149 9.26544
-889.885 -4681.96 320.174 120149 9.26544
-889.863 -4681.8 320.178 120149 9.26544
-889.841 -4681.63 320.181 120149 9.26544
-889.819 -4681.47 320.184 120149 9.26544
-889.797 -4681.31 320.188 120149 9.26544
-889.775 -4681.14 320.191 120149 9.26544
-889.754 -4680.98 320.194 120149 9.26544
-889.732 -4680.81 320.198 120149 9.26544
-889.71 -4680.65 320.201 120149 9.26544
-889.688 -4680.48 320.204 120149 9.26544
-889.667 -4680.32 320.208 120149 9.26544
-889.645 -4680.15 320.211 120149 9.26544
-889.624 -4679.99 320.215 120149 9.26544
-889.602 -4679.82 320.218 120149 9.26544
-889.581 -4679.66 320.222 120149 9.26544
-889.559 -4679.49 320.225 120149 9.26544
-889.538 -4679.33 320.229 120149 9.26544
-889.516 -4679.16 320.232 120149 9.26544
-889.495 -4679 320.235 120149 9.26544
-889.473 -4678.83 320.239 120149 9.26544
-889.451 -4678.67 320.242 120149 9.26544
-889.43 -4678.5 320.246 120149 9.26544
-889.408 -4678.34 320.249 120149 9.26544
-889.387 -4678.17 320.253 120149 9.26544
-889.365 -4678.01 320.256 120149 9.26544
-889.344 -4677.84 320.26 120149 9.26544
-889.322 -4677.68 320.263 120149 9.26544
-889.301 -4677.51 320.266 120149 9.26544
-889.279 -4677.35 320.27 120149 9.26544
-889.258 -4677.18 320.274 120149 9.26544
-889.237 -4677.02 320.277 120149 9.26544
-889.216 -4676.85 320.281 120149 9.26544
-889.195 -4676.69 320.284 120149 9.26544
-889.174 -4676.52 320.288 120149 9.26544
-889.153 -4676.36 320.292 120149 9.26544
-889.132 -4676.19 320.295 120149 9.26544
-889.111 -4676.03 320.299 120149 9.26544
-889.089 -4675.86 320.302 120149 9.26544
-889.068 -4675.7 320.306 120149 9.26544
-889.047 -4675.53 320.31 120149 9.26544
-889.026 -4675.37 320.313 120149 9.26544
-889.005 -4675.2 320.317 120149 9.26544
-888.984 -4675.04 320.32 120149 9.26544
-888.963 -4674.87 320.324 120149 9.26544
-888.942 -4674.71 320.327 120149 9.26544
-888.92 -4674.54 320.331 120149 9.26544
-888.899 -4674.38 320.335 120149 9.26544
-888.878 -4674.21 320.338 120149 9.26544
-888.857 -4674.05 320.342 120149 9.26544
-888.837 -4673.88 320.346 120149 9.26544
-888.816 -4673.72 320.35 120149 9.26544
-888.796 -4673.55 320.353 120149 9.26544
-888.775 -4673.39 320.357 120149 9.26544
-888.754 -4673.22 320.361 120149 9.26544
-888.734 -4673.06 320.365 120149 9.26544
-888.713 -4672.89 320.369 120149 9.26544
-888.692 -4672.73 320.372 120149 9.26544
-888.672 -4672.56 320.376 120149 9.26544
-888.651 -4672.4 320.38 120149 9.26544
-888.631 -4672.23 320.384 120149 9.26544
-888.61 -4672.07 320.388 120149 9.26544
-888.59 -4671.9 320.391 120149 9.26544
-888.569 -4671.74 320.395 120149 9.26544
-888.548 -4671.57 320.399 120149 9.26544
-888.528 -4671.41 320.403 120149 9.26544
-888.507 -4671.24 320.407 120149 9.26544
-888.486 -4671.08 320.41 120149 9.26544
-888.466 -4670.91 320.414 120149 9.26544
-888.446 -4670.75 320.418 120149 9.26544
-888.426 -4670.58 320.422 120149 9.26544
-888.405 -4670.42 320.427 120149 9.26544
-888.385 -4670.25 320.431 120149 9.26544
-888.365 -4670.09 320.435 120149 9.26544
-888.345 -4669.92 320.439 120149 9.26544
-888.325 -4669.76 320.443 120149 9.26544
-888.305 -4669.59 320.447 120149 9.26544
-888.285 -4669.43 320.451 120149 9.26544
-888.265 -4669.26 320.455 120149 9.26544
-888.245 -4669.1 320.459 120149 9.26544
-888.225 -4668.93 320.463 120149 9.26544
-888.205 -4668.77 320.467 120149 9.26544
-888.185 -4668.6 320.471 120149 9.26544
-888.165 -4668.44 320.475 120149 9.26544
-888.145 -4668.27 320.479 120149 9.26544
-888.125 -4668.11 320.483 120149 9.26544
-888.105 -4667.94 320.488 120149 9.26544
-888.084 -4667.78 320.492 120149 9.26544
-888.125 -4668.12 320.483 130149 9.26544
-888.105 -4667.95 320.487 130149 9.26544
-888.085 -4667.79 320.491 130149 9.26544
-888.065 -4667.62 320.495 130149 9.26544
-888.045 -4667.46 320.499 130149 9.26544
-888.026 -4667.29 320.503 130149 9.26544
-888.006 -4667.13 320.507 130149 9.26544
-887.986 -4666.96 320.511 130149 9.26544
-887.966 -4666.8 320.516 130149 9.26544
-887.946 -4666.63 320.52 130149 9.26544
-887.926 -4666.46 320.524 130149 9.26544
-887.907 -4666.3 320.528 130149 9.26544
-887.887 -4666.13 320.532 130149 9.26544
-887.867 -4665.97 320.536 130149 9.26544
-887.847 -4665.8 320.54 130149 9.26544
-887.827 -4665.64 320.544 130149 9.26544
-887.808 -4665.47 320.548 130149 9.26544
-887.788 -4665.31 320.552 130149 9.26544
-887.768 -4665.14 320.556 130149 9.26544
-887.748 -4664.98 320.56 130149 9.26544
-887.728 -4664.81 320.564 130149 9.26544
-887.709 -4664.65 320.568 130149 9.26544
-887.689 -4664.48 320.572 130149 9.26544
-887.669 -4664.32 320.577 130149 9.26544
-887.649 -4664.15 320.581 130149 9.26544
-887.629 -4663.99 320.585 130149 9.26544
-887.609 -4663.82 320.589 130149 9.26544
-887.589 -4663.66 320.593 130149 9.26544
-887.57 -4663.49 320.597 130149 9.26544
-887.55 -4663.33 320.601 130149 9.26544
-887.53 -4663.16 320.605 130149 9.26544
-887.51 -4663 320.609 130149 9.26544
-887.491 -4662.83 320.613 130149 9.26544
-887.471 -4662.67 320.617 130149 9.26544
-887.451 -4662.5 320.621 130149 9.26544
-887.431 -4662.34 320.625 130149 9.26544
-887.411 -4662.17 320.629 130149 9.26544
-887.392 -4662.01 320.633 130149 9.26544
-887.372 -4661.84 320.638 130149 9.26544
-887.352 -4661.68 320.642 130149 9.26544
-887.332 -4661.51 320.646 130149 9.26544
-887.312 -4661.35 320.65 130149 9.26544
-887.293 -4661.18 320.654 130149 9.26544
-887.273 -4661.02 320.658 130149 9.26544
-887.253 -4660.85 320.662 130149 9.26544
-887.233 -4660.69 320.666 130149 9.26544
-887.213 -4660.52 320.67 130149 9.26544
-887.194 -4660.36 320.674 130149 9.26544
-887.174 -4660.19 320.678 130149 9.26544
-887.154 -4660.02 320.682 130149 9.26544
-887.134 -4659.86 320.686 130149 9.26544
-887.114 -4659.69 320.69 130149 9.26544
-887.094 -4659.53 320.694 130149 9.26544
-887.074 -4659.36 320.699 130149 9.26544
-887.055 -4659.2 320.703 130149 9.26544
-887.035 -4659.03 320.707 130149 9.26544
-887.015 -4658.87 320.711 130149 9.26544
-886.995 -4658.7 320.715 130149 9.26544
-886.976 -4658.54 320.719 130149 9.26544
-886.956 -4658.37 320.723 130149 9.26544
-886.936 -4658.21 320.727 130149 9.26544
-886.916 -4658.04 320.731 130149 9.26544
-886.896 -4657.88 320.735 130149 9.26544
-886.877 -4657.71 320.739 130149 9.26544
-886.858 -4657.55 320.743 130149 9.26544
-886.839 -4657.38 320.747 130149 9.26544
-886.82 -4657.22 320.751 130149 9.26544
-886.801 -4657.05 320.755 130149 9.26544
-886.782 -4656.89 320.76 130149 9.26544
-886.762 -4656.72 320.764 130149 9.26544
-886.743 -4656.56 320.768 130149 9.26544
-886.724 -4656.39 320.772 130149 9.26544
-886.705 -4656.23 320.776 130149 9.26544
-886.686 -4656.06 320.78 130149 9.26544
-886.667 -4655.9 320.784 130149 9.26544
-886.648 -4655.73 320.788 130149 9.26544
-886.629 -4655.57 320.792 130149 9.26544
-886.61 -4655.4 320.796 130149 9.26544
-886.591 -4655.23 320.8 130149 9.26544
-886.572 -4655.07 320.804 130149 9.26544
-886.553 -4654.9 320.808 130149 9.26544
-886.534 -4654.74 320.812 130149 9.26544
-886.515 -4654.57 320.816 130149 9.26544
-886.495 -4654.41 320.821 130149 9.26544
-886.476 -4654.24 320.825 130149 9.26544
-886.457 -4654.08 320.829 130149 9.26544
-886.438 -4653.91 320.833 130149 9.26544
-886.419 -4653.75 320.837 130149 9.26544
-886.4 -4653.58 320.841 130149 9.26544
-886.381 -4653.42 320.845 130149 9.26544
-886.362 -4653.25 320.849 130149 9.26544
-886.343 -4653.09 320.853 130149 9.26544
-886.324 -4652.92 320.857 130149 9.26544
-886.305 -4652.76 320.861 130149 9.26544
-886.286 -4652.59 320.865 130149 9.26544
-886.266 -4652.43 320.869 130149 9.26544
-886.247 -4652.26 320.873 130149 9.26544
-886.228 -4652.1 320.877 130149 9.26544
-886.209 -4651.93 320.882 130149 9.26544
-886.19 -4651.77 320.886 130149 9.26544
-886.171 -4651.6 320.89 130149 9.26544
-886.152 -4651.43 320.894 130149 9.26544
-886.133 -4651.27 320.898 130149 9.26544
-886.114 -4651.1 320.902 130149 9.26544
-886.095 -4650.94 320.906 130149 9.26544
-886.076 -4650.77 320.91 130149 9.26544
-886.057 -4650.61 320.914 130149 9.26544
-886.038 -4650.44 320.918 130149 9.26544
-886.019 -4650.28 320.922 130149 9.26544
-885.999 -4650.11 320.926 130149 9.26544
-885.98 -4649.95 320.93 130149 9.26544
-885.961 -4649.78 320.934 130149 9.26544
-885.942 -4649.62 320.938 130149 9.26544
-885.923 -4649.45 320.943 130149 9.26544
-885.904 -4649.29 320.947 130149 9.26544
-885.885 -4649.12 320.951 130149 9.26544
-885.866 -4648.96 320.955 130149 9.26544
-885.847 -4648.79 320.959 130149 9.26544
-885.828 -4648.63 320.963 130149 9.26544
-885.809 -4648.46 320.967 130149 9.26544
-885.79 -4648.3 320.971 130149 9.26544
-885.77 -4648.13 320.975 130149 9.26544
-885.751 -4647.97 320.979 130149 9.26544
-885.732 -4647.8 320.983 130149 9.26544
-885.713 -4647.63 320.987 130149 9.26544
-885.694 -4647.47 320.991 130149 9.26544
-885.676 -4647.3 320.995 130149 9.26544
-885.658 -4647.14 321 130149 9.26544
-885.639 -4646.97 321.004 130149 9.26544
-885.621 -4646.81 321.008 130149 9.26544
-885.603 -4646.64 321.012 130149 9.26544
-885.584 -4646.48 321.016 130149 9.26544
-885.566 -4646.31 321.02 130149 9.26544
-885.548 -4646.15 321.024 130149 9.26544
-885.53 -4645.98 321.028 130149 9.26544
-885.511 -4645.82 321.033 130149 9.26544
-885.493 -4645.65 321.037 130149 9.26544
-885.475 -4645.49 321.041 130149 9.26544
-885.456 -4645.32 321.045 130149 9.26544
-885.438 -4645.16 321.049 130149 9.26544
-885.42 -4644.99 321.053 130149 9.26544
-885.401 -4644.82 321.057 130149 9.26544
-885.383 -4644.66 321.061 130149 9.26544
-885.365 -4644.49 321.066 130149 9.26544
-885.346 -4644.33 321.07 130149 9.26544
-885.328 -4644.16 321.074 130149 9.26544
-885.31 -4644 321.078 130149 9.26544
-885.291 -4643.83 321.082 130149 9.26544
-885.273 -4643.67 321.086 130149 9.26544
-885.255 -4643.5 321.09 130149 9.26544
-885.236 -4643.34 321.094 130149 9.26544
-885.218 -4643.17 321.099 130149 9.26544
-885.2 -4643.01 321.103 130149 9.26544
-885.182 -4642.84 321.107 130149 9.26544
-885.163 -4642.68 321.111 130149 9.26544
-885.145 -4642.51 321.115 130149 9.26544
-885.127 -4642.35 321.119 130149 9.26544
-885.108 -4642.18 321.123 130149 9.26544
-885.09 -4642.01 321.127 130149 9.26544
-885.072 -4641.85 321.132 130149 9.26544
-885.053 -4641.68 321.136 130149 9.26544
-885.035 -4641.52 321.14 130149 9.26544
-885.017 -4641.35 321.144 130149 9.26544
-884.998 -4641.19 321.148 130149 9.26544
-884.98 -4641.02 321.152 130149 9.26544
-884.961 -4640.85 321.156 130149 9.26544
-884.943 -4640.69 321.161 130149 9.26544
-884.925 -4640.52 321.165 130149 9.26544
-884.907 -4640.36 321.169 130149 9.26544
-884.889 -4640.2 321.173 130149 9.26544
-884.87 -4640.03 321.177 130149 9.26544
-884.852 -4639.87 321.181 130149 9.26544
-884.834 -4639.71 321.185 130149 9.26544
-884.816 -4639.55 321.189 130149 9.26544
-884.799 -4639.39 321.193 130149 9.26544
-884.781 -4639.23 321.197 130149 9.26544
-884.763 -4639.07 321.201 130149 9.26544
-884.746 -4638.91 321.205 130149 9.26544
-884.728 -4638.75 321.209 130149 9.26544
-884.71 -4638.58 321.213 130149 9.26544
-884.692 -4638.42 321.217 130149 9.26544
-884.674 -4638.26 321.221 130149 9.26544
-884.655 -4638.09 321.225 130149 9.26544
-884.637 -4637.93 321.229 130149 9.26544
-884.619 -4637.77 321.233 130149 9.26544
-884.601 -4637.58 321.238 130149 9.26544
-884.583 -4637.4 321.243 130149 9.26544
-884.565 -4637.22 321.247 130149 9.26544
-884.548 -4637.03 321.252 130149 9.26544
-884.531 -4636.85 321.256 130149 9.26544
-884.513 -4636.67 321.261 130149 9.26544
-884.49 -4636.44 321.267 130149 9.26544
-884.467 -4636.21 321.273 130149 9.26544
-884.444 -4635.98 321.279 130149 9.26544
-884.421 -4635.75 321.285 130149 9.26544
-884.398 -4635.52 321.29 130149 9.26544
-884.375 -4635.29 321.296 130149 9.26544
-884.346 -4635.03 321.303 130149 9.26544
-884.316 -4634.76 321.31 130149 9.26544
-884.287 -4634.49 321.317 130149 9.26544
-884.257 -4634.23 321.324 130149 9.26544
-884.228 -4633.96 321.331 130149 9.26544
-884.198 -4633.69 321.337 130149 9.26544
-884.163 -4633.38 321.345 130149 9.26544
-884.127 -4633.07 321.354 130149 9.26544
-884.092 -4632.75 321.362 130149 9.26544
-884.056 -4632.44 321.37 130149 9.26544
-884.021 -4632.13 321.378 130149 9.26544
-883.985 -4631.81 321.386 130149 9.26544
-883.95 -4631.48 321.394 130149 9.26544
-883.915 -4631.15 321.403 130149 9.26544
-883.88 -4630.82 321.411 130149 9.26544
-883.844 -4630.48 321.42 130149 9.26544
-883.809 -4630.15 321.428 130149 9.26544
-883.774 -4629.82 321.437 130149 9.26544
-883.738 -4629.48 321.445 130149 9.26544
-883.703 -4629.15 321.454 130149 9.26544
-883.667 -4628.81 321.463 130149 9.26544
-883.631 -4628.47 321.471 130149 9.26544
-883.596 -4628.14 321.48 130149 9.26544
-883.56 -4627.8 321.489 130149 9.26544
-883.525 -4627.47 321.497 130149 9.26544
-883.49 -4627.14 321.506 130149 9.26544
-883.454 -4626.8 321.514 130149 9.26544
-883.421 -4626.47 321.523 130149 9.26544
-883.387 -4626.14 321.532 130149 9.26544
-883.353 -4625.81 321.541 130149 9.26544
-883.32 -4625.48 321.549 130149 9.26544
-883.287 -4625.15 321.558 130149 9.26544
-883.253 -4624.82 321.567 130149 9.26544
-883.22 -4624.49 321.576 130149 9.26544
-883.187 -4624.16 321.585 130149 9.26544
-883.154 -4623.83 321.593 130149 9.26544
-883.12 -4623.49 321.602 130149 9.26544
-883.087 -4623.16 321.611 130149 9.26544
-883.053 -4622.83 321.62 130149 9.26544
-883.02 -4622.5 321.629 130149 9.26544
-882.986 -4622.17 321.638 130149 9.26544
-882.953 -4621.84 321.646 130149 9.26544
-882.92 -4621.51 321.655 130149 9.26544
-882.886 -4621.18 321.664 130149 9.26544
-882.853 -4620.85 321.673 130149 9.26544
-882.819 -4620.51 321.682 130149 9.26544
-882.786 -4620.18 321.691 130149 9.26544
-882.752 -4619.85 321.699 130149 9.26544
-882.719 -4619.52 321.708 130149 9.26544
-882.686 -4619.19 321.717 130149 9.26544
-882.652 -4618.86 321.726 130149 9.26544
-882.619 -4618.53 321.735 130149 9.26544
-882.586 -4618.2 321.744 130149 9.26544
-882.552 -4617.87 321.752 130149 9.26544
-882.519 -4617.54 321.761 130149 9.26544
-882.485 -4617.2 321.77 130149 9.26544
-882.452 -4616.87 321.779 130149 9.26544
-882.418 -4616.54 321.788 130149 9.26544
-882.386 -4616.21 321.797 130149 9.26544
-882.354 -4615.88 321.806 130149 9.26544
-882.322 -4615.55 321.815 130149 9.26544
-882.291 -4615.22 321.825 130149 9.26544
-882.259 -4614.89 321.834 130149 9.26544
-882.227 -4614.56 321.843 130149 9.26544
-882.196 -4614.23 321.853 130149 9.26544
-882.164 -4613.89 321.862 130149 9.26544
-882.132 -4613.56 321.871 130149 9.26544
-882.1 -4613.23 321.88 130149 9.26544
-882.069 -4612.9 321.89 130149 9.26544
-882.037 -4612.57 321.899 130149 9.26544
-882.005 -4612.24 321.908 130149 9.26544
-881.973 -4611.91 321.918 130149 9.26544
-881.942 -4611.58 321.927 130149 9.26544
-881.91 -4611.25 321.936 130149 9.26544
-881.878 -4610.91 321.945 130149 9.26544
-881.847 -4610.58 321.955 130149 9.26544
-881.815 -4610.25 321.964 130149 9.26544
-881.783 -4609.92 321.973 130149 9.26544
-881.751 -4609.59 321.983 130149 9.26544
-881.72 -4609.26 321.992 130149 9.26544
-881.688 -4608.93 322.001 130149 9.26544
-881.656 -4608.6 322.01 130149 9.26544
-881.624 -4608.26 322.02 130149 9.26544
-881.592 -4607.93 322.029 130149 9.26544
-881.561 -4607.6 322.038 130149 9.26544
-881.529 -4607.27 322.048 130149 9.26544
-881.497 -4606.94 322.057 130149 9.26544
-881.466 -4606.61 322.066 130149 9.26544
-881.434 -4606.28 322.075 130149 9.26544
-881.402 -4605.95 322.085 130149 9.26544
-881.372 -4605.61 322.095 130149 9.26544
-881.342 -4605.28 322.105 130149 9.26544
-881.312 -4604.95 322.114 130149 9.26544
-881.282 -4604.62 322.124 130149 9.26544
-881.252 -4604.29 322.134 130149 9.26544
-881.222 -4603.96 322.144 130149 9.26544
-881.192 -4603.63 322.154 130149 9.26544
-881.162 -4603.3 322.164 130149 9.26544
-881.132 -4602.97 322.174 130149 9.26544
-881.102 -4602.63 322.183 130149 9.26544
-881.073 -4602.3 322.193 130149 9.26544
-881.043 -4601.97 322.203 130149 9.26544
-881.013 -4601.64 322.213 130149 9.26544
-880.983 -4601.31 322.223 130149 9.26544
-880.953 -4600.98 322.233 130149 9.26544
-880.923 -4600.65 322.243 130149 9.26544
-880.893 -4600.32 322.253 130149 9.26544
-880.863 -4599.98 322.262 130149 9.26544
-880.833 -4599.65 322.272 130149 9.26544
-880.803 -4599.32 322.282 130149 9.26544
-880.773 -4598.99 322.292 130149 9.26544
-880.743 -4598.66 322.302 130149 9.26544
-880.713 -4598.33 322.312 130149 9.26544
-880.683 -4598 322.322 130149 9.26544
-880.653 -4597.67 322.331 130149 9.26544
-880.623 -4597.33 322.341 130149 9.26544
-880.593 -4597 322.351 130149 9.26544
-880.563 -4596.67 322.361 130149 9.26544
-880.533 -4596.34 322.371 130149 9.26544
-880.503 -4596.01 322.381 130149 9.26544
-880.473 -4595.68 322.391 130149 9.26544
-880.444 -4595.35 322.401 130149 9.26544
-880.416 -4595.02 322.412 130149 9.26544
-880.388 -4594.68 322.422 130149 9.26544
-880.36 -4594.35 322.433 130149 9.26544
-880.332 -4594.02 322.443 130149 9.26544
-880.303 -4593.69 322.454 130149 9.26544
-880.275 -4593.36 322.464 130149 9.26544
-880.247 -4593.03 322.475 130149 9.26544
-880.219 -4592.7 322.485 130149 9.26544
-880.191 -4592.36 322.496 130149 9.26544
-880.162 -4592.03 322.507 130149 9.26544
-880.134 -4591.7 322.517 130149 9.26544
-880.106 -4591.37 322.528 130149 9.26544
-880.078 -4591.04 322.538 130149 9.26544
-880.05 -4590.71 322.549 130149 9.26544
-880.022 -4590.38 322.559 130149 9.26544
-879.994 -4590.04 322.57 130149 9.26544
-879.965 -4589.71 322.58 130149 9.26544
-879.937 -4589.38 322.591 130149 9.26544
-879.909 -4589.05 322.602 130149 9.26544
-879.881 -4588.72 322.612 130149 9.26544
-879.853 -4588.39 322.623 130149 9.26544
-879.824 -4588.06 322.633 130149 9.26544
-879.796 -4587.73 322.644 130149 9.26544
-879.768 -4587.39 322.654 130149 9.26544
-879.74 -4587.06 322.665 130149 9.26544
-879.712 -4586.73 322.675 130149 9.26544
-879.684 -4586.4 322.686 130149 9.26544
-879.656 -4586.07 322.697 130149 9.26544
-879.627 -4585.74 322.707 130149 9.26544
-879.599 -4585.41 322.718 130149 9.26544
-879.571 -4585.07 322.728 130149 9.26544
-879.545 -4584.74 322.74 130149 9.26544
-879.519 -4584.41 322.751 130149 9.26544
-879.492 -4584.08 322.763 130149 9.26544
-879.466 -4583.75 322.774 130149 9.26544
-879.44 -4583.42 322.785 130149 9.26544
-879.413 -4583.09 322.797 130149 9.26544
-879.387 -4582.75 322.808 130149 9.26544
-879.361 -4582.42 322.819 130149 9.26544
-879.334 -4582.09 322.831 130149 9.26544
-879.308 -4581.76 322.842 130149 9.26544
-879.282 -4581.43 322.853 130149 9.26544
-879.255 -4581.1 322.865 130149 9.26544
-879.229 -4580.76 322.876 130149 9.26544
-879.203 -4580.43 322.887 130149 9.26544
-879.177 -4580.1 322.899 130149 9.26544
-879.15 -4579.77 322.91 130149 9.26544
-879.124 -4579.44 322.922 130149 9.26544
-879.098 -4579.11 322.933 130149 9.26544
-879.071 -4578.78 322.944 130149 9.26544
-879.045 -4578.44 322.956 130149 9.26544
-879.018 -4578.11 322.967 130149 9.26544
-878.992 -4577.78 322.978 130149 9.26544
-878.966 -4577.45 322.99 130149 9.26544
-878.94 -4577.12 323.001 130149 9.26544
-878.913 -4576.79 323.012 130149 9.26544
-878.887 -4576.46 323.024 130149 9.26544
-878.861 -4576.12 323.035 130149 9.26544
-878.834 -4575.79 323.046 130149 9.26544
-878.808 -4575.46 323.058 130149 9.26544
-878.782 -4575.13 323.069 130149 9.26544
-878.756 -4574.8 323.081 130149 9.26544
-878.731 -4574.47 323.093 130149 9.26544
-878.706 -4574.14 323.105 130149 9.26544
-878.682 -4573.81 323.117 130149 9.26544
-878.658 -4573.47 323.13 130149 9.26544
-878.633 -4573.14 323.142 130149 9.26544
-878.609 -4572.81 323.154 130149 9.26544
-878.584 -4572.47 323.167 130149 9.26544
-878.56 -4572.14 323.179 130149 9.26544
-878.535 -4571.8 323.191 130149 9.26544
-878.51 -4571.47 323.204 130149 9.26544
-878.485 -4571.13 323.216 130149 9.26544
-878.46 -4570.8 323.229 130149 9.26544
-878.436 -4570.46 323.241 130149 9.26544
-878.411 -4570.12 323.254 130149 9.26544
-878.386 -4569.79 323.266 130149 9.26544
-878.362 -4569.46 323.278 130149 9.26544
-878.338 -4569.13 323.29 130149 9.26544
-878.313 -4568.79 323.303 130149 9.26544
-878.289 -4568.46 323.315 130149 9.26544
-878.264 -4568.13 323.327 130149 9.26544
-878.24 -4567.82 323.339 130149 9.26544
-878.216 -4567.5 323.351 130149 9.26544
-878.192 -4567.19 323.362 130149 9.26544
-878.168 -4566.88 323.374 130149 9.26544
-878.144 -4566.56 323.385 130149 9.26544
-878.12 -4566.25 323.397 130149 9.26544
-878.1 -4565.96 323.408 130149 9.26544
-878.08 -4565.67 323.418 130149 9.26544
-878.059 -4565.38 323.429 130149 9.26544
-878.039 -4565.1 323.44 130149 9.26544
-878.018 -4564.81 323.45 130149 9.26544
-877.998 -4564.52 323.461 130149 9.26544
-878.017 -4564.79 323.45 140149 9.26544
-877.997 -4564.52 323.46 140149 9.26544
-877.978 -4564.24 323.47 140149 9.26544
-877.958 -4563.97 323.479 140149 9.26544
-877.939 -4563.69 323.489 140149 9.26544
-877.919 -4563.41 323.498 140149 9.26544
-877.899 -4563.13 323.508 140149 9.26544
-877.88 -4562.84 323.518 140149 9.26544
-877.86 -4562.55 323.528 140149 9.26544
-877.84 -4562.26 323.538 140149 9.26544
-877.821 -4561.97 323.548 140149 9.26544
-877.801 -4561.68 323.558 140149 9.26544
-877.777 -4561.37 323.569 140149 9.26544
-877.754 -4561.06 323.58 140149 9.26544
-877.731 -4560.74 323.591 140149 9.26544
-877.707 -4560.43 323.602 140149 9.26544
-877.684 -4560.11 323.613 140149 9.26544
-877.66 -4559.8 323.624 140149 9.26544
-877.637 -4559.47 323.635 140149 9.26544
-877.613 -4559.13 323.647 140149 9.26544
-877.589 -4558.8 323.658 140149 9.26544
-877.566 -4558.47 323.67 140149 9.26544
-877.542 -4558.14 323.681 140149 9.26544
-877.518 -4557.81 323.693 140149 9.26544
-877.494 -4557.47 323.704 140149 9.26544
-877.47 -4557.13 323.716 140149 9.26544
-877.446 -4556.8 323.728 140149 9.26544
-877.422 -4556.46 323.739 140149 9.26544
-877.398 -4556.12 323.751 140149 9.26544
-877.374 -4555.79 323.763 140149 9.26544
-877.35 -4555.45 323.774 140149 9.26544
-877.327 -4555.12 323.786 140149 9.26544
-877.303 -4554.79 323.797 140149 9.26544
-877.279 -4554.45 323.809 140149 9.26544
-877.255 -4554.12 323.82 140149 9.26544
-877.232 -4553.79 323.832 140149 9.26544
-877.208 -4553.45 323.843 140149 9.26544
-877.184 -4553.12 323.855 140149 9.26544
-877.16 -4552.79 323.866 140149 9.26544
-877.137 -4552.46 323.878 140149 9.26544
-877.113 -4552.13 323.889 140149 9.26544
-877.089 -4551.79 323.901 140149 9.26544
-877.066 -4551.46 323.912 140149 9.26544
-877.042 -4551.13 323.924 140149 9.26544
-877.019 -4550.8 323.935 140149 9.26544
-876.995 -4550.47 323.947 140149 9.26544
-876.972 -4550.14 323.958 140149 9.26544
-876.948 -4549.81 323.97 140149 9.26544
-876.928 -4549.49 323.981 140149 9.26544
-876.909 -4549.16 323.993 140149 9.26544
-876.889 -4548.83 324.005 140149 9.26544
-876.869 -4548.5 324.017 140149 9.26544
-876.849 -4548.18 324.029 140149 9.26544
-876.83 -4547.85 324.04 140149 9.26544
-876.81 -4547.52 324.052 140149 9.26544
-876.79 -4547.18 324.064 140149 9.26544
-876.77 -4546.85 324.076 140149 9.26544
-876.75 -4546.52 324.088 140149 9.26544
-876.73 -4546.19 324.1 140149 9.26544
-876.71 -4545.86 324.112 140149 9.26544
-876.69 -4545.51 324.125 140149 9.26544
-876.669 -4545.16 324.137 140149 9.26544
-876.649 -4544.81 324.15 140149 9.26544
-876.629 -4544.46 324.163 140149 9.26544
-876.609 -4544.11 324.175 140149 9.26544
-876.589 -4543.76 324.188 140149 9.26544
-876.565 -4543.38 324.201 140149 9.26544
-876.541 -4543.01 324.215 140149 9.26544
-876.518 -4542.63 324.228 140149 9.26544
-876.494 -4542.25 324.242 140149 9.26544
-876.471 -4541.88 324.256 140149 9.26544
-876.447 -4541.5 324.269 140149 9.26544
-876.424 -4541.11 324.283 140149 9.26544
-876.4 -4540.72 324.297 140149 9.26544
-876.376 -4540.33 324.311 140149 9.26544
-876.353 -4539.94 324.325 140149 9.26544
-876.329 -4539.55 324.339 140149 9.26544
-876.306 -4539.16 324.354 140149 9.26544
-876.281 -4538.8 324.367 140149 9.26544
-876.257 -4538.43 324.38 140149 9.26544
-876.233 -4538.06 324.393 140149 9.26544
-876.209 -4537.7 324.406 140149 9.26544
-876.184 -4537.33 324.42 140149 9.26544
-876.16 -4536.97 324.433 140149 9.26544
-876.143 -4536.63 324.445 140149 9.26544
-876.126 -4536.3 324.457 140149 9.26544
-876.108 -4535.97 324.469 140149 9.26544
-876.091 -4535.64 324.481 140149 9.26544
-876.074 -4535.31 324.493 140149 9.26544
-876.057 -4534.97 324.505 140149 9.26544
-876.041 -4534.65 324.516 140149 9.26544
-876.028 -4534.32 324.529 140149 9.26544
-876.015 -4533.99 324.541 140149 9.26544
-876.001 -4533.66 324.553 140149 9.26544
-875.988 -4533.33 324.565 140149 9.26544
-875.975 -4533.01 324.577 140149 9.26544
-875.952 -4532.61 324.592 140149 9.26544
-875.929 -4532.22 324.607 140149 9.26544
-875.907 -4531.83 324.621 140149 9.26544
-875.884 -4531.43 324.636 140149 9.26544
-875.861 -4531.04 324.651 140149 9.26544
-875.839 -4530.64 324.665 140149 9.26544
-875.812 -4530.2 324.682 140149 9.26544
-875.784 -4529.76 324.698 140149 9.26544
-875.757 -4529.32 324.715 140149 9.26544
-875.73 -4528.88 324.731 140149 9.26544
-875.703 -4528.44 324.747 140149 9.26544
-875.675 -4528 324.764 140149 9.26544
-875.642 -4527.51 324.782 140149 9.26544
-875.608 -4527.02 324.8 140149 9.26544
-875.575 -4526.53 324.818 140149 9.26544
-875.541 -4526.04 324.837 140149 9.26544
-875.508 -4525.55 324.855 140149 9.26544
-875.474 -4525.06 324.873 140149 4.12837
-875.435 -4524.51 324.893 140149 4.12836
-875.395 -4523.97 324.914 140149 4.12835
-875.355 -4523.42 324.934 140149 4.12834
-875.316 -4522.87 324.955 140149 4.12833
-875.276 -4522.32 324.975 140149 4.12832
-875.237 -4521.78 324.995 140149 3.91826
-875.198 -4521.21 325.017 140149 3.91825
-875.159 -4520.64 325.038 140149 3.91825
-875.12 -4520.07 325.059 140149 3.77175
-875.083 -4519.51 325.08 140149 3.45007
-875.049 -4518.94 325.102 140149 3.45007
-875.014 -4518.37 325.123 140149 3.46554
-874.98 -4517.81 325.145 140149 3.46554
-874.946 -4517.24 325.166 140149 3.46553
-874.912 -4516.68 325.188 140149 3.46552
-874.878 -4516.11 325.209 140149 3.46551
-874.843 -4515.55 325.231 140149 3.46551
-874.809 -4514.98 325.252 140149 3.45901
-874.775 -4514.42 325.274 140149 3.459
-874.742 -4513.86 325.295 140149 3.459
-874.708 -4513.3 325.316 140149 3.45899
-874.674 -4512.74 325.338 140149 3.45898
-874.64 -4512.18 325.359 140149 3.45897
-874.606 -4511.62 325.38 140149 3.43025
-874.572 -4511.06 325.402 140149 3.43024
-874.539 -4510.5 325.423 140149 3.43024
-874.505 -4509.94 325.445 140149 3.43023
-874.471 -4509.37 325.466 140149 3.43022
-874.438 -4508.81 325.487 140149 3.43022
-874.404 -4508.25 325.509 140149 3.43049
-874.37 -4507.68 325.53 140149 3.43048
-874.336 -4507.12 325.552 140149 3.43047
-874.302 -4506.55 325.574 140149 3.43047
-874.268 -4505.98 325.595 140149 3.43046
-874.234 -4505.42 325.617 140149 3.43045
-874.2 -4504.85 325.638 140149 3.25755
-874.168 -4504.29 325.66 140149 3.08911
-874.138 -4503.73 325.681 140149 3.08911
-874.108 -4503.17 325.703 140149 3.0891
-874.078 -4502.61 325.725 140149 3.08909
-874.048 -4502.05 325.746 140149 3.08908
-874.018 -4501.5 325.768 140149 3.32467
-873.986 -4500.96 325.789 140149 3.32466
-873.955 -4500.42 325.809 140149 3.32465
-873.924 -4499.89 325.83 140149 3.32464
-873.893 -4499.35 325.851 140149 3.32463
-873.862 -4498.82 325.872 140149 3.32462
-873.831 -4498.28 325.892 140149 3.32462
-873.806 -4497.79 325.911 140149 3.32462
-873.781 -4497.3 325.93 140149 3.32462
-873.757 -4496.82 325.949 140149 3.32462
-873.732 -4496.33 325.968 140149 3.32462
-873.707 -4495.84 325.987 140149 3.32462
-873.682 -4495.35 326.006 140149 3.32462
-873.661 -4494.9 326.023 140149 3.32462
-873.64 -4494.45 326.04 140149 3.32462
-873.619 -4494 326.058 140149 3.32462
-873.598 -4493.56 326.075 140149 3.32462
-873.577 -4493.11 326.092 140149 3.32462
-873.556 -4492.66 326.11 140149 3.32462
-873.54 -4492.25 326.126 140149 3.32462
-873.524 -4491.84 326.141 140149 3.32462
-873.508 -4491.43 326.157 140149 3.32462
-873.492 -4491.03 326.173 140149 3.32462
-873.475 -4490.62 326.189 140149 3.32462
-873.459 -4490.21 326.204 140149 3.32462
-873.446 -4489.84 326.219 140149 3.32462
-873.434 -4489.48 326.233 140149 3.32462
-873.422 -4489.11 326.247 140149 3.32462
-873.411 -4488.74 326.261 140149 3.32462
-873.4 -4488.37 326.276 140149 3.32462
-873.389 -4488.01 326.29 140149 3.32462
-873.38 -4487.66 326.303 140149 3.32462
-873.371 -4487.32 326.317 140149 3.32462
-873.361 -4486.98 326.33 140149 3.32462
-873.352 -4486.64 326.344 140149 3.32462
-873.342 -4486.3 326.357 140149 3.32462
-873.333 -4485.95 326.37 140149 3.32462
-873.323 -4485.62 326.383 140149 3.32462
-873.313 -4485.29 326.396 140149 3.32462
-873.303 -4484.96 326.409 140149 3.32462
-873.293 -4484.63 326.422 140149 3.32462
-873.284 -4484.3 326.435 140149 3.32462
-873.274 -4483.97 326.448 140149 3.32462
-873.264 -4483.64 326.46 140149 3.32462
-873.254 -4483.31 326.473 140149 3.32462
-873.244 -4482.98 326.486 140149 3.32462
-873.234 -4482.65 326.499 140149 3.32462
-873.224 -4482.33 326.512 140149 3.32462
-873.215 -4482 326.524 140149 3.32462
-873.205 -4481.67 326.537 140149 3.32462
-873.195 -4481.34 326.55 140149 3.32462
-873.185 -4481 326.563 140149 3.32462
-873.175 -4480.67 326.576 140149 3.32462
-873.165 -4480.34 326.589 140149 3.32462
-873.155 -4480.01 326.602 140149 3.32462
-873.145 -4479.68 326.615 140149 3.32462
-873.135 -4479.34 326.628 140149 3.32462
-873.125 -4479.01 326.641 140149 3.32462
-873.116 -4478.68 326.654 140149 3.32462
-873.106 -4478.34 326.667 140149 3.32462
-873.096 -4478.01 326.68 140149 3.32462
-873.086 -4477.68 326.693 140149 3.32462
-873.076 -4477.35 326.706 140149 3.32462
-873.066 -4477.01 326.719 140149 3.32462
-873.056 -4476.68 326.732 140149 3.32462
-873.046 -4476.35 326.745 140149 3.32462
-873.036 -4476.02 326.758 140149 3.32462
-873.026 -4475.68 326.771 140149 3.32462
-873.016 -4475.35 326.784 140149 3.32462
-873.006 -4475.02 326.797 140149 3.32462
-872.996 -4474.69 326.81 140149 3.32462
-872.987 -4474.35 326.823 140149 3.32462
-872.978 -4474.02 326.836 140149 3.32462
-872.969 -4473.69 326.849 140149 3.32462
-872.961 -4473.36 326.862 140149 3.32462
-872.952 -4473.02 326.875 140149 3.32462
-872.943 -4472.69 326.888 140149 3.32462
-872.935 -4472.36 326.901 140149 3.32462
-872.926 -4472.02 326.914 140149 3.32462
-872.917 -4471.69 326.927 140149 3.32462
-872.909 -4471.36 326.94 140149 3.32462
-872.9 -4471.03 326.953 140149 3.32462
-872.891 -4470.69 326.966 140149 3.32462
-872.883 -4470.36 326.979 140149 3.32462
-872.874 -4470.03 326.992 140149 3.32462
-872.866 -4469.7 327.005 140149 3.32462
-872.857 -4469.36 327.018 140149 3.32462
-872.848 -4469.03 327.031 140149 3.32462
-872.84 -4468.7 327.044 140149 3.32462
-872.831 -4468.37 327.057 140149 3.32462
-872.823 -4468.03 327.07 140149 3.32462
-872.814 -4467.7 327.083 140149 3.32462
-872.805 -4467.37 327.096 140149 3.32462
-872.797 -4467.04 327.109 140149 3.32462
-872.788 -4466.7 327.122 140149 3.32462
-872.779 -4466.37 327.135 140149 3.32462
-872.771 -4466.04 327.148 140149 3.32462
-872.762 -4465.71 327.161 140149 3.32462
-872.754 -4465.37 327.174 140149 3.32462
-872.745 -4465.04 327.187 140149 3.32462
-872.736 -4464.71 327.2 140149 3.32462
-872.728 -4464.37 327.213 140149 3.32462
-872.719 -4464.04 327.226 140149 3.32462
-872.711 -4463.71 327.239 140149 3.32462
-872.702 -4463.38 327.252 140149 3.32462
-872.693 -4463.04 327.265 140149 3.32462
-872.685 -4462.71 327.278 140149 3.32462
-872.676 -4462.38 327.291 140149 3.32462
-872.667 -4462.05 327.304 140149 3.32462
-872.659 -4461.71 327.317 140149 3.32462
-872.65 -4461.38 327.33 140149 3.32462
-872.641 -4461.05 327.343 140149 3.32462
-872.633 -4460.72 327.356 140149 3.32462
-872.624 -4460.38 327.369 140149 3.32462
-872.615 -4460.05 327.381 140149 3.32462
-872.607 -4459.72 327.394 140149 3.32462
-872.598 -4459.39 327.407 140149 3.32462
-872.59 -4459.05 327.42 140149 3.32462
-872.583 -4458.72 327.433 140149 3.32462
-872.575 -4458.39 327.446 140149 3.32462
-872.567 -4458.06 327.459 140149 3.32462
-872.559 -4457.72 327.472 140149 3.32462
-872.551 -4457.39 327.485 140149 3.32462
-872.544 -4457.06 327.498 140149 3.32462
-872.536 -4456.72 327.511 140149 3.32462
-872.528 -4456.39 327.524 140149 3.32462
-872.52 -4456.06 327.537 140149 3.32462
-872.512 -4455.73 327.55 140149 3.32462
-872.505 -4455.39 327.563 140149 3.32462
-872.497 -4455.06 327.576 140149 3.32462
-872.489 -4454.73 327.589 140149 3.32462
-872.481 -4454.4 327.602 140149 3.32462
-872.473 -4454.06 327.614 140149 3.32462
-872.466 -4453.73 327.627 140149 3.32462
-872.458 -4453.4 327.64 140149 3.32462
-872.45 -4453.07 327.653 140149 3.32462
-872.442 -4452.73 327.666 140149 3.32462
-872.435 -4452.4 327.679 140149 3.32462
-872.427 -4452.07 327.692 140149 3.32462
-872.419 -4451.73 327.705 140149 3.32462
-872.411 -4451.4 327.718 140149 3.32462
-872.404 -4451.07 327.731 140149 3.32462
-872.396 -4450.74 327.744 140149 3.32462
-872.388 -4450.4 327.757 140149 3.32462
-872.38 -4450.07 327.77 140149 3.32462
-872.372 -4449.74 327.783 140149 3.32462
-872.365 -4449.41 327.796 140149 3.32462
-872.357 -4449.07 327.808 140149 3.32462
-872.349 -4448.74 327.821 140149 3.32462
-872.341 -4448.41 327.834 140149 3.32462
-872.333 -4448.08 327.847 140149 3.32462
-872.326 -4447.74 327.86 140149 3.32462
-872.318 -4447.41 327.873 140149 3.32462
-872.31 -4447.08 327.886 140149 3.32462
-872.302 -4446.75 327.899 140149 3.32462
-872.295 -4446.41 327.912 140149 3.32462
-872.287 -4446.08 327.925 140149 3.32462
-872.279 -4445.75 327.938 140149 3.32462
-872.271 -4445.41 327.951 140149 3.32462
-872.263 -4445.08 327.964 140149 3.32462
-872.256 -4444.75 327.977 140149 3.32462
-872.248 -4444.42 327.99 140149 3.32462
-872.24 -4444.08 328.002 140149 0
