6.90825e-310 6.90825e-310 0 0 0
12.2972 0 0 0 0
12.2972 0 0 0 0
12.2972 0 0 0 0
12.2972 0 0 0 0
12.2972 0 0 0 0
12.2972 0 0 0 0
8.96331 0 0 0 0
8.96331 0 0 0 0
8.96331 0 0 0 0
8.96331 0 0 0 0
8.96331 0 0 0 0
8.96331 0 0 0 0
5.78195 0 0 0 0
5.78195 0 0 0 0
5.78195 0 0 0 0
5.78195 0 0 0 0
5.78195 0 0 0 0
5.78195 0 0 0 0
9.15035 0 0 0 0
9.15035 0 0 0 0
9.15035 0 0 0 0
9.15035 0 0 0 0
9.15035 0 0 0 0
9.15035 0 0 0 0
11.3901 0 0 0 0
11.3901 0 0 0 0
11.3901 0 0 0 0
11.3901 0 0 0 0
11.3901 0 0 0 0
11.3901 0 0 0 0
13.5815 0 0 0 0
13.5815 0 0 0 0
13.5815 0 0 0 0
13.5815 0 0 0 0
13.5815 0 0 0 0
13.5815 0 0 0 0
16.2905 0 0 0 0
16.2905 0 0 0 0
16.2905 0 0 0 0
16.2905 0 0 0 0
16.2905 0 0 0 0
16.2905 0 0 0 0
15.9626 0 0 0 0
15.9626 0 0 0 0
15.9626 0 0 0 0
15.9626 0 0 0 0
15.9626 0 0 0 0
15.9626 0 0 0 0
15.13 0 0 0 0
15.13 0 0 0 0
15.13 0 0 0 0
15.13 0 0 0 0
15.13 0 0 0 0
15.13 0 0 0 0
14.8401 0 0 0 0
14.8401 0 0 0 0
14.8401 0 0 0 0
14.8401 0 0 0 0
14.8401 0 0 0 0
14.8401 0 0 0 0
14.9501 0 0 0 0
14.9501 0 0 0 0
14.9501 0 0 0 0
14.9501 0 0 0 0
14.9501 0 0 0 0
14.9501 0 0 0 0
15.01 0 0 0 0
15.01 0 0 0 0
15.01 0 0 0 0
15.01 0 0 0 0
15.01 0 0 0 0
15.01 0 0 0 0
15.0001 0 0 0 0
15.0001 0 0 0 0
15.0001 0 0 0 0
15.0001 0 0 0 0
15.0001 0 0 0 0
15.0001 0 0 0 0
15.0001 0 0 0 0
15.0001 0 0 0 0
15.0001 0 0 0 0
15.0001 0 0 0 0
15.0001 0 0 0 0
15.0001 0 0 0 0
15 0 0 0 0
15 0 0 0 0
15 0 0 0 0
15 0 0 0 0
15 0 0 0 0
15 0 0 0 0
15.0001 0 0 0 0
15.0001 0 0 0 0
15.0001 0 0 0 0
15.0001 0 0 0 0
15.0001 0 0 0 0
15.0001 0 0 0 0
15.0001 0 0 0 0
15.0001 0 0 0 0
15.0001 0 0 0 0
15.0001 0 0 0 0
15.0001 0 0 0 0
15.0001 0 0 0 0
15 0 0 0 0
15 0 0 0 0
15 0 0 0 0
15 0 0 0 0
15 0 0 0 0
15 0 0 0 0
14.9901 0 0 0 0
14.9901 0 0 0 0
14.9901 0 0 0 0
14.9901 0 0 0 0
14.9901 0 0 0 0
14.9901 0 0 0 0
15.0401 0 0 0 0
15.0401 0 0 0 0
15.0401 0 0 0 0
15.0401 0 0 0 0
15.0401 0 0 0 0
15.0401 0 0 0 0
15.17 0 0 0 0
15.17 0 0 0 0
15.17 0 0 0 0
15.17 0 0 0 0
15.17 0 0 0 0
15.17 0 0 0 0
15.0601 0 0 0 0
15.0601 0 0 0 0
15.0601 0 0 0 0
15.0601 0 0 0 0
15.0601 0 0 0 0
15.0601 0 0 0 0
14.4667 0 0 0 0
14.4667 0 0 0 0
14.4667 0 0 0 0
14.4667 0 0 0 0
14.4667 0 0 0 0
14.4667 0 0 0 0
13.0926 0 0 0 0
13.0926 0 0 0 0
13.0926 0 0 0 0
13.0926 0 0 0 0
13.0926 0 0 0 0
13.0926 0 0 0 0
11.9215 0 0 0 0
11.9215 0 0 0 0
11.9215 0 0 0 0
11.9215 0 0 0 0
11.9215 0 0 0 0
11.9215 0 0 0 0
10.5472 0 0 0 0
10.5472 0 0 0 0
10.5472 0 0 0 0
10.5472 0 0 0 0
10.5472 0 0 0 0
10.5472 0 0 0 0
9.93002 0 0 0 0
9.93002 0 0 0 0
9.93002 0 0 0 0
9.93002 0 0 0 0
9.93002 0 0 0 0
9.93002 0 0 0 0
9.83002 0 0 0 0
9.83002 0 0 0 0
9.83002 0 0 0 0
9.83002 0 0 0 0
9.83002 0 0 0 0
9.83002 0 0 0 0
9.96005 0 0 0 0
9.96005 0 0 0 0
9.96005 0 0 0 0
9.96005 0 0 0 0
9.96005 0 0 0 0
9.96005 0 0 0 0
10.01 0 0 0 0
10.01 0 0 0 0
10.01 0 0 0 0
10.01 0 0 0 0
10.01 0 0 0 0
10.01 0 0 0 0
10 0 0 0 0
10 0 0 0 0
10 0 0 0 0
10 0 0 0 0
10 0 0 0 0
10 0 0 0 0
10 0 0 0 0
10 0 0 0 0
10 0 0 0 0
10 0 0 0 0
10 0 0 0 0
10 0 0 0 0
10 0 0 0 0
10 0 0 0 0
10 0 0 0 0
10 0 0 0 0
10 0 0 0 0
10 0 0 0 0
9.98002 0 0 0 0
9.98002 0 0 0 0
9.98002 0 0 0 0
9.98002 0 0 0 0
9.98002 0 0 0 0
9.98002 0 0 0 0
10.05 0 0 0 0
10.05 0 0 0 0
10.05 0 0 0 0
10.05 0 0 0 0
10.05 0 0 0 0
10.05 0 0 0 0
10.14 0 0 0 0
10.14 0 0 0 0
10.14 0 0 0 0
10.14 0 0 0 0
10.14 0 0 0 0
10.14 0 0 0 0
10.02 0 0 0 0
10.02 0 0 0 0
10.02 0 0 0 0
10.02 0 0 0 0
10.02 0 0 0 0
10.02 0 0 0 0
9.59169 0 0 0 0
9.59169 0 0 0 0
9.59169 0 0 0 0
9.59169 0 0 0 0
9.59169 0 0 0 0
9.59169 0 0 0 0
8.84005 0 0 0 0
8.84005 0 0 0 0
8.84005 0 0 0 0
8.84005 0 0 0 0
8.84005 0 0 0 0
8.84005 0 0 0 0
7.93006 0 0 0 0
7.93006 0 0 0 0
7.93006 0 0 0 0
7.93006 0 0 0 0
7.93006 0 0 0 0
7.93006 0 0 0 0
7.07 0 0 0 0
7.07 0 0 0 0
7.07 0 0 0 0
7.07 0 0 0 0
7.07 0 0 0 0
7.07 0 0 0 0
6.17001 0 0 0 0
6.17001 0 0 0 0
6.17001 0 0 0 0
6.17001 0 0 0 0
6.17001 0 0 0 0
6.17001 0 0 0 0
5.40208 0 0 0 0
5.40208 0 0 0 0
5.40208 0 0 0 0
5.40208 0 0 0 0
5.40208 0 0 0 0
5.40208 0 0 0 0
4.98001 0 0 0 0
4.98001 0 0 0 0
4.98001 0 0 0 0
4.98001 0 0 0 0
4.98001 0 0 0 0
4.98001 0 0 0 0
4.86004 0 0 0 0
4.86004 0 0 0 0
4.86004 0 0 0 0
4.86004 0 0 0 0
4.86004 0 0 0 0
4.86004 0 0 0 0
4.96001 0 0 0 0
4.96001 0 0 0 0
4.96001 0 0 0 0
4.96001 0 0 0 0
4.96001 0 0 0 0
4.96001 0 0 0 0
5.01001 0 0 0 0
5.01001 0 0 0 0
5.01001 0 0 0 0
5.01001 0 0 0 0
5.01001 0 0 0 0
5.01001 0 0 0 0
5.00001 0 0 0 0
5.00001 0 0 0 0
5.00001 0 0 0 0
5.00001 0 0 0 0
5.00001 0 0 0 0
5.00001 0 0 0 0
5.00001 0 0 0 0
5.00001 0 0 0 0
5.00001 0 0 0 0
5.00001 0 0 0 0
5.00001 0 0 0 0
5.00001 0 0 0 0
5.00001 0 0 0 0
5.00001 0 0 0 0
5.00001 0 0 0 0
5.00001 0 0 0 0
5.00001 0 0 0 0
5.00001 0 0 0 0
5.00004 0 0 0 0
5.00004 0 0 0 0
5.00004 0 0 0 0
5.00004 0 0 0 0
5.00004 0 0 0 0
5.00004 0 0 0 0
4.99001 0 0 0 0
4.99001 0 0 0 0
4.99001 0 0 0 0
4.99001 0 0 0 0
4.99001 0 0 0 0
4.99001 0 0 0 0
5.04001 0 0 0 0
5.04001 0 0 0 0
5.04001 0 0 0 0
5.04001 0 0 0 0
5.04001 0 0 0 0
5.04001 0 0 0 0
5.17004 0 0 0 0
5.17004 0 0 0 0
5.17004 0 0 0 0
5.17004 0 0 0 0
5.17004 0 0 0 0
5.17004 0 0 0 0
5.07001 0 0 0 0
5.07001 0 0 0 0
5.07001 0 0 0 0
5.07001 0 0 0 0
5.07001 0 0 0 0
5.07001 0 0 0 0
4.46885 0 0 0 0
4.46885 0 0 0 0
4.46885 0 0 0 0
4.46885 0 0 0 0
4.46885 0 0 0 0
-235.648 -6337.33 297.792 148 -58.2464
-236.782 -6336.62 297.776 148 -58.2464
-237.915 -6335.92 297.76 148 -58.2122
-239.048 -6335.22 297.744 148 -58.1713
-240.181 -6334.52 297.728 148 -58.1713
-241.314 -6333.81 297.711 148 -58.1713
-242.446 -6333.11 297.695 148 -58.1713
-243.579 -6332.41 297.679 148 -58.1713
-244.712 -6331.7 297.663 148 -58.1713
-245.846 -6331 297.646 148 -58.1713
-246.979 -6330.3 297.63 148 -58.1713
-248.112 -6329.59 297.614 148 -58.1616
-249.245 -6328.89 297.598 148 -58.1076
-250.235 -6328.27 297.583 148 -58.1076
-251.226 -6327.66 297.569 148 -58.1076
-252.217 -6327.04 297.554 148 -58.1076
-253.207 -6326.43 297.54 148 -58.1076
-254.198 -6325.81 297.526 148 -58.1076
-255.188 -6325.19 297.511 148 -58.1035
-256.32 -6324.49 297.495 148 -58.1035
-257.452 -6323.78 297.479 148 -58.1035
-258.584 -6323.08 297.462 148 -58.0988
-259.716 -6322.37 297.446 148 -58.0431
-260.847 -6321.67 297.429 148 -58.0431
-261.979 -6320.96 297.412 148 -58.0458
-263.104 -6320.26 297.396 148 -58.0458
-264.229 -6319.56 297.379 148 -58.0458
-265.354 -6318.86 297.363 148 -58.0458
-266.479 -6318.16 297.346 148 -58.0458
-267.604 -6317.45 297.33 148 -58.0458
-268.729 -6316.75 297.313 148 -58.0426
-269.873 -6316.04 297.297 148 -58.0031
-271.016 -6315.32 297.28 148 -57.9895
-272.158 -6314.61 297.263 148 -57.9895
-273.301 -6313.9 297.246 148 -57.9895
-274.444 -6313.18 297.229 148 -57.9895
-275.587 -6312.47 297.212 148 -57.9036
-276.704 -6311.77 297.195 148 -57.9036
-277.822 -6311.07 297.178 148 -57.9036
-278.94 -6310.36 297.162 148 -57.9036
-280.057 -6309.66 297.145 148 -57.8839
-281.175 -6308.96 297.128 148 -57.8579
-282.292 -6308.26 297.111 148 -57.904
-283.367 -6307.59 297.095 148 -57.904
-284.442 -6306.91 297.079 148 -57.904
-285.517 -6306.24 297.062 148 -57.904
-286.592 -6305.56 297.046 148 -57.904
-287.667 -6304.89 297.03 148 -57.904
-288.742 -6304.21 297.014 148 -57.987
-289.786 -6303.56 296.998 148 -57.987
-290.83 -6302.91 296.982 148 -57.9627
-291.874 -6302.26 296.966 148 -57.9485
-292.918 -6301.6 296.95 148 -57.9485
-293.961 -6300.95 296.934 148 -57.9485
-295.005 -6300.3 296.918 148 -58.0087
-296.008 -6299.67 296.903 148 -58.0087
-297.012 -6299.04 296.887 148 -58.0087
-298.015 -6298.41 296.872 148 -58.0087
-299.018 -6297.79 296.857 148 -58.0087
-300.022 -6297.16 296.841 148 -58.0087
-301.025 -6296.53 296.826 148 -57.8963
-302.01 -6295.92 296.811 148 -57.8735
-302.995 -6295.3 296.795 148 -57.8735
-303.98 -6294.68 296.78 148 -57.8735
-304.965 -6294.06 296.765 148 -57.8735
-305.95 -6293.44 296.749 148 -57.8735
-306.935 -6292.82 296.734 148 -57.8763
-307.918 -6292.21 296.718 148 -57.8763
-308.901 -6291.59 296.703 148 -57.8763
-309.885 -6290.97 296.688 148 -57.8763
-310.868 -6290.35 296.672 148 -57.8763
-311.851 -6289.74 296.657 148 -57.8626
-312.834 -6289.12 296.642 148 -57.8522
-313.824 -6288.5 296.626 148 -57.8522
-314.814 -6287.88 296.61 148 -57.8522
-315.804 -6287.25 296.594 148 -57.8522
-316.793 -6286.63 296.579 148 -57.8522
-317.783 -6286.01 296.563 148 -57.8522
-318.773 -6285.39 296.547 148 -57.8551
-319.759 -6284.77 296.531 148 -57.8551
-320.746 -6284.15 296.516 148 -57.8551
-321.732 -6283.53 296.5 148 -57.8551
-322.718 -6282.91 296.484 148 -57.8398
-323.705 -6282.29 296.469 148 -57.8386
-324.691 -6281.67 296.453 148 -57.8339
-325.662 -6281.06 296.437 148 -57.8339
-326.634 -6280.45 296.421 148 -57.8339
-327.605 -6279.83 296.405 148 -57.8339
-328.577 -6279.22 296.39 148 -57.8339
-329.548 -6278.61 296.374 148 -57.8339
-330.52 -6278 296.358 148 -57.8371
-331.483 -6277.4 296.342 148 -57.8371
-332.447 -6276.79 296.327 148 -57.8957
-332.981 -6276.45 296.318 10148 -57.905
-333.945 -6275.85 296.303 10148 -57.905
-334.909 -6275.25 296.287 10148 -57.905
-335.873 -6274.64 296.272 10148 -57.7347
-336.838 -6274.03 296.256 10148 -57.7347
-337.803 -6273.42 296.241 10148 -57.7347
-338.768 -6272.81 296.225 10148 -57.7347
-339.733 -6272.2 296.21 10148 -57.7347
-340.698 -6271.6 296.194 10148 -57.7347
-341.663 -6270.99 296.179 10148 -57.7391
-342.642 -6270.37 296.163 10148 -57.7391
-343.621 -6269.75 296.147 10148 -57.7391
-344.6 -6269.13 296.132 10148 -57.7391
-345.579 -6268.51 296.116 10148 -57.7391
-346.557 -6267.9 296.1 10148 -57.7468
-347.536 -6267.28 296.084 10148 -57.7487
-348.525 -6266.66 296.069 10148 -57.7487
-349.514 -6266.03 296.053 10148 -57.7487
-350.502 -6265.41 296.037 10148 -57.7487
-351.491 -6264.78 296.021 10148 -57.7487
-352.479 -6264.16 296.006 10148 -57.7487
-353.468 -6263.54 295.99 10148 -57.754
-354.455 -6262.91 295.974 10148 -57.754
-355.443 -6262.29 295.958 10148 -57.754
-356.43 -6261.67 295.942 10148 -57.754
-357.418 -6261.04 295.927 10148 -57.754
-358.405 -6260.42 295.911 10148 -57.754
-359.392 -6259.8 295.895 10148 -57.7539
-360.379 -6259.18 295.879 10148 -57.7571
-361.365 -6258.55 295.864 10148 -57.7664
-362.352 -6257.93 295.848 10148 -57.7664
-363.338 -6257.31 295.832 10148 -57.7664
-364.325 -6256.69 295.817 10148 -57.7664
-365.311 -6256.07 295.801 10148 -57.7637
-366.298 -6255.44 295.786 10148 -57.7637
-367.285 -6254.82 295.77 10148 -57.7637
-368.271 -6254.2 295.754 10148 -57.7637
-369.258 -6253.58 295.739 10148 -57.7637
-370.245 -6252.95 295.723 10148 -57.7637
-371.232 -6252.33 295.708 10148 -57.7664
-372.218 -6251.71 295.692 10148 -57.7664
-373.205 -6251.09 295.676 10148 -57.7664
-374.192 -6250.47 295.661 10148 -57.7664
-375.179 -6249.84 295.645 10148 -57.7771
-376.165 -6249.22 295.63 10148 -57.7776
-377.152 -6248.6 295.614 10148 -57.7749
-378.139 -6247.98 295.599 10148 -57.7749
-379.125 -6247.36 295.583 10148 -57.7749
-380.112 -6246.73 295.568 10148 -57.7749
-381.099 -6246.11 295.552 10148 -57.7749
-382.085 -6245.49 295.537 10148 -57.7749
-383.072 -6244.87 295.521 10148 -57.7749
-384.059 -6244.25 295.506 10148 -57.7749
-385.045 -6243.62 295.49 10148 -57.7749
-386.032 -6243 295.475 10148 -57.7749
-387.019 -6242.38 295.459 10148 -57.7749
-388.006 -6241.76 295.444 10148 -57.7749
-388.993 -6241.14 295.428 10148 -57.7839
-389.98 -6240.51 295.413 10148 -57.7875
-390.967 -6239.89 295.397 10148 -57.7875
-391.954 -6239.27 295.382 10148 -57.7875
-392.941 -6238.65 295.367 10148 -57.7875
-393.928 -6238.03 295.351 10148 -57.7875
-394.915 -6237.4 295.336 10148 -57.7848
-395.902 -6236.78 295.321 10148 -57.7848
-396.889 -6236.16 295.305 10148 -57.7848
-397.876 -6235.54 295.29 10148 -57.7848
-398.863 -6234.92 295.275 10148 -57.7848
-399.85 -6234.3 295.259 10148 -57.7848
-400.837 -6233.67 295.244 10148 -57.7875
-401.824 -6233.05 295.229 10148 -57.7875
-402.811 -6232.43 295.213 10148 -57.7903
-403.798 -6231.81 295.198 10148 -57.7961
-404.785 -6231.19 295.183 10148 -57.7961
-405.772 -6230.56 295.167 10148 -57.7961
-406.759 -6229.94 295.152 10148 -57.7933
-407.746 -6229.32 295.137 10148 -57.7933
-408.732 -6228.7 295.122 10148 -57.7933
-409.719 -6228.08 295.107 10148 -57.7933
-410.706 -6227.46 295.091 10148 -57.7933
-411.693 -6226.84 295.076 10148 -57.7933
-412.68 -6226.21 295.061 10148 -57.7934
-413.667 -6225.59 295.046 10148 -57.7934
-414.654 -6224.97 295.03 10148 -57.7934
-415.641 -6224.35 295.015 10148 -57.7934
-416.628 -6223.73 295 10148 -57.7935
-417.615 -6223.1 294.985 10148 -57.8006
-418.602 -6222.48 294.97 10148 -57.8033
-419.589 -6221.86 294.955 10148 -57.8033
-420.576 -6221.24 294.94 10148 -57.8033
-421.563 -6220.62 294.925 10148 -57.8033
-422.551 -6220 294.909 10148 -57.8033
-423.538 -6219.38 294.894 10148 -57.8033
-424.525 -6218.75 294.879 10148 -57.8006
-425.512 -6218.13 294.864 10148 -57.8006
-426.499 -6217.51 294.849 10148 -57.8006
-427.486 -6216.89 294.834 10148 -57.8006
-428.474 -6216.27 294.819 10148 -57.8006
-429.461 -6215.65 294.804 10148 -57.8006
-430.448 -6215.02 294.789 10148 -57.8005
-431.435 -6214.4 294.774 10148 -57.8047
-432.422 -6213.78 294.759 10148 -57.8064
-433.408 -6213.16 294.744 10148 -57.8064
-434.395 -6212.54 294.729 10148 -57.8064
-435.382 -6211.92 294.714 10148 -57.8064
-436.369 -6211.3 294.699 10148 -57.8119
-437.357 -6210.67 294.684 10148 -57.8119
-438.344 -6210.05 294.669 10148 -57.8119
-439.331 -6209.43 294.654 10148 -57.8119
-440.318 -6208.81 294.639 10148 -57.8119
-441.306 -6208.19 294.624 10148 -57.8119
-442.293 -6207.57 294.609 10148 -57.8041
-443.283 -6206.94 294.595 10148 -57.8041
-444.274 -6206.32 294.58 10148 -57.8041
-445.265 -6205.7 294.565 10148 -57.806
-446.255 -6205.07 294.55 10148 -57.8087
-447.246 -6204.45 294.535 10148 -57.8087
-448.236 -6203.83 294.52 10148 -57.8134
-449.22 -6203.21 294.505 10148 -57.8134
-450.204 -6202.59 294.491 10148 -57.8134
-451.188 -6201.97 294.476 10148 -57.8134
-452.172 -6201.35 294.461 10148 -57.8134
-453.156 -6200.73 294.446 10148 -57.8134
-454.14 -6200.11 294.432 10148 -57.8089
-455.109 -6199.5 294.417 10148 -57.8089
-456.079 -6198.89 294.403 10148 -57.8089
-457.049 -6198.28 294.388 10148 -57.8089
-458.019 -6197.67 294.374 10148 -57.8089
-458.988 -6197.06 294.359 10148 -57.8089
-459.958 -6196.45 294.344 10148 -57.75
-460.922 -6195.84 294.33 10148 -57.75
-461.886 -6195.23 294.316 10148 -57.75
-462.849 -6194.62 294.302 10148 -57.75
-463.813 -6194.01 294.287 10148 -57.75
-464.777 -6193.41 294.273 10148 -57.75
-465.741 -6192.8 294.259 10148 -57.6733
-466.709 -6192.19 294.244 10148 -57.6733
-467.677 -6191.57 294.23 10148 -57.6733
-468.646 -6190.96 294.216 10148 -57.6733
-469.614 -6190.35 294.201 10148 -57.6733
-470.582 -6189.73 294.187 10148 -57.6733
-471.551 -6189.12 294.173 10148 -57.6796
-472.533 -6188.5 294.158 10148 -57.6796
-473.515 -6187.88 294.143 10148 -57.4498
-474.069 -6187.53 294.135 20148 -57.6329
-475.05 -6186.9 294.12 20148 -57.6329
-476.032 -6186.28 294.105 20148 -57.6329
-477.014 -6185.66 294.09 20148 -57.6346
-478.002 -6185.03 294.074 20148 -57.6346
-478.991 -6184.41 294.059 20148 -57.6346
-479.979 -6183.78 294.044 20148 -57.6346
-480.968 -6183.15 294.029 20148 -57.6346
-481.956 -6182.53 294.014 20148 -57.6346
-482.944 -6181.9 293.999 20148 -57.6338
-483.93 -6181.28 293.983 20148 -57.6338
-484.915 -6180.65 293.968 20148 -57.6338
-485.9 -6180.03 293.953 20148 -57.6338
-486.885 -6179.4 293.938 20148 -57.6338
-487.87 -6178.78 293.923 20148 -57.6252
-488.855 -6178.15 293.91 20148 -57.6199
-489.84 -6177.53 293.899 20148 -57.6199
-490.825 -6176.9 293.887 20148 -57.6199
-491.81 -6176.28 293.876 20148 -57.6199
-492.795 -6175.66 293.864 20148 -57.6199
-493.779 -6175.03 293.853 20148 -57.6199
-494.764 -6174.41 293.841 20148 -57.6253
-495.749 -6173.78 293.829 20148 -57.6253
-496.734 -6173.16 293.818 20148 -57.6253
-497.719 -6172.53 293.806 20148 -57.6253
-498.703 -6171.91 293.795 20148 -57.6253
-499.688 -6171.28 293.783 20148 -57.6253
-500.673 -6170.66 293.772 20148 -57.6199
-501.658 -6170.04 293.76 20148 -57.6191
-502.643 -6169.41 293.749 20148 -57.6125
-503.628 -6168.79 293.741 20148 -57.6125
-504.612 -6168.16 293.733 20148 -57.6125
-505.597 -6167.54 293.725 20148 -57.6125
-506.582 -6166.91 293.717 20148 -57.6179
-507.567 -6166.29 293.709 20148 -57.6179
-508.552 -6165.66 293.701 20148 -57.6179
-509.537 -6165.04 293.693 20148 -57.6179
-510.522 -6164.41 293.684 20148 -57.6179
-511.507 -6163.79 293.676 20148 -57.6179
-512.492 -6163.16 293.668 20148 -57.6125
-513.477 -6162.54 293.66 20148 -57.6125
-514.462 -6161.92 293.652 20148 -57.6125
-515.447 -6161.29 293.644 20148 -57.6125
-516.431 -6160.67 293.636 20148 -57.6107
-517.416 -6160.04 293.63 20148 -57.6086
-518.401 -6159.42 293.625 20148 -57.6141
-519.386 -6158.79 293.621 20148 -57.6141
-520.371 -6158.17 293.616 20148 -57.6141
-521.356 -6157.54 293.612 20148 -57.6141
-522.341 -6156.92 293.607 20148 -57.6141
-523.326 -6156.29 293.603 20148 -57.6141
-524.311 -6155.67 293.598 20148 -57.6085
-525.295 -6155.04 293.594 20148 -57.6085
-526.28 -6154.42 293.589 20148 -57.6085
-527.264 -6153.79 293.584 20148 -57.6085
-528.249 -6153.17 293.58 20148 -57.6085
-529.234 -6152.54 293.575 20148 -57.6085
-530.218 -6151.92 293.571 20148 -57.6113
-531.203 -6151.3 293.566 20148 -57.6112
-532.188 -6150.67 293.565 20148 -57.6111
-533.173 -6150.05 293.564 20148 -57.6111
-534.158 -6149.42 293.562 20148 -57.6111
-535.143 -6148.8 293.561 20148 -57.6111
-536.128 -6148.17 293.56 20148 -57.611
-537.112 -6147.55 293.559 20148 -57.611
-538.096 -6146.92 293.558 20148 -57.611
-539.081 -6146.3 293.557 20148 -57.611
-540.065 -6145.67 293.556 20148 -57.611
-541.049 -6145.05 293.555 20148 -57.611
-542.034 -6144.43 293.554 20148 -57.6114
-543.02 -6143.8 293.553 20148 -57.6114
-544.006 -6143.17 293.552 20148 -57.6114
-544.992 -6142.55 293.551 20148 -57.6118
-545.978 -6141.92 293.55 20148 -57.6148
-546.964 -6141.3 293.553 20148 -57.6148
-547.95 -6140.67 293.555 20148 -57.6156
-548.939 -6140.05 293.558 20148 -57.6156
-549.928 -6139.42 293.56 20148 -57.6156
-550.917 -6138.79 293.563 20148 -57.6156
-551.906 -6138.16 293.565 20148 -57.6156
-552.896 -6137.54 293.567 20148 -57.6156
-553.885 -6136.91 293.57 20148 -57.6146
-554.881 -6136.28 293.572 20148 -57.6146
-555.877 -6135.64 293.575 20148 -57.6146
-556.873 -6135.01 293.577 20148 -57.6146
-557.87 -6134.38 293.58 20148 -57.6146
-558.866 -6133.75 293.582 20148 -57.6146
-559.862 -6133.12 293.585 20148 -57.5763
-560.806 -6132.52 293.589 20148 -57.5795
-561.751 -6131.92 293.594 20148 -57.5795
-562.695 -6131.32 293.6 20148 -57.5795
-563.639 -6130.72 293.606 20148 -57.5795
-564.584 -6130.12 293.611 20148 -57.5795
-565.528 -6129.52 293.617 20148 -57.648
-566.438 -6128.94 293.622 20148 -57.648
-567.347 -6128.37 293.628 20148 -57.648
-568.257 -6127.79 293.633 20148 -57.648
-569.167 -6127.21 293.639 20148 -57.648
-570.077 -6126.64 293.644 20148 -57.648
-570.987 -6126.06 293.649 20148 -57.4682
-571.856 -6125.51 293.655 20148 -57.4682
-572.725 -6124.95 293.66 20148 -57.4682
-573.594 -6124.4 293.665 20148 -57.4682
-574.464 -6123.84 293.67 20148 -57.4755
-575.333 -6123.29 293.677 20148 -57.4788
-576.202 -6122.73 293.686 20148 -57.2241
-577.096 -6122.16 293.694 20148 -57.2241
-577.989 -6121.58 293.703 20148 -57.2241
-578.882 -6121.01 293.711 20148 -57.2241
-579.775 -6120.43 293.719 20148 -57.2241
-580.669 -6119.86 293.728 20148 -57.2241
-581.562 -6119.28 293.736 20148 -57.2034
-582.502 -6118.68 293.745 20148 -57.2034
-583.443 -6118.07 293.754 20148 -57.2034
-584.384 -6117.47 293.763 20148 -57.2034
-585.324 -6116.86 293.772 20148 -57.2034
-586.265 -6116.25 293.781 20148 -57.2034
-587.206 -6115.65 293.79 20148 -57.152
-588.146 -6115.04 293.799 20148 -57.152
-589.086 -6114.43 293.808 20148 -57.1658
-590.025 -6113.83 293.82 20148 -57.1663
-590.965 -6113.22 293.832 20148 -57.1663
-591.905 -6112.61 293.844 20148 -57.1663
-592.845 -6112.01 293.856 20148 -57.3211
-593.738 -6111.43 293.868 20148 -57.3211
-594.63 -6110.86 293.879 20148 -57.3211
-595.523 -6110.29 293.891 20148 -57.3211
-596.415 -6109.72 293.902 20148 -57.3211
-597.308 -6109.14 293.914 20148 -57.3211
-598.2 -6108.57 293.925 20148 -57.3926
-599.055 -6108.02 293.936 20148 -57.3926
-599.91 -6107.48 293.948 20148 -57.3926
-600.765 -6106.93 293.959 20148 -57.3926
-601.62 -6106.38 293.97 20148 -57.3926
-602.475 -6105.84 293.981 20148 -57.3926
-603.33 -6105.29 293.992 20148 -57.2905
-604.167 -6104.75 294.005 20148 -57.2944
-605.004 -6104.22 294.018 20148 -57.2944
-605.84 -6103.68 294.032 20148 -57.2944
-606.677 -6103.14 294.046 20148 -57.2944
-607.514 -6102.6 294.06 20148 -57.2944
-608.35 -6102.07 294.073 20148 -57.2897
-609.185 -6101.53 294.087 20148 -57.2897
-610.02 -6100.99 294.101 20148 -57.2897
-610.854 -6100.46 294.114 20148 -57.2897
-611.689 -6099.92 294.128 20148 -57.2897
-612.524 -6099.39 294.142 20148 -57.2897
-613.358 -6098.85 294.155 20148 -57.286
-614.197 -6098.31 294.169 20148 -57.286
-615.035 -6097.77 294.183 20148 -57.286
-615.873 -6097.23 294.196 20148 -57.286
-616.711 -6096.7 294.21 20148 -57.286
-617.55 -6096.16 294.224 20148 -57.286
-617.93 -6095.9 294.234 30148 -57.1652
-618.771 -6095.36 294.254 30148 -57.1652
-619.611 -6094.82 294.274 30148 -57.1651
-620.451 -6094.28 294.294 30148 -57.1651
-621.292 -6093.74 294.314 30148 -57.1651
-622.132 -6093.19 294.335 30148 -57.1651
-622.972 -6092.65 294.355 30148 -57.186
-623.815 -6092.11 294.375 30148 -57.186
-624.658 -6091.56 294.395 30148 -57.186
-625.501 -6091.02 294.416 30148 -57.186
-626.344 -6090.48 294.436 30148 -57.186
-627.187 -6089.93 294.456 30148 -57.186
-628.03 -6089.39 294.476 30148 -57.1134
-628.869 -6088.85 294.497 30148 -57.1134
-629.708 -6088.3 294.517 30148 -57.1134
-630.547 -6087.76 294.537 30148 -57.1134
-631.386 -6087.22 294.557 30148 -57.1134
-632.225 -6086.68 294.577 30148 -57.1134
-633.064 -6086.14 294.598 30148 -56.9693
-633.884 -6085.6 294.617 30148 -56.9693
-634.704 -6085.07 294.637 30148 -56.9692
-635.525 -6084.54 294.657 30148 -56.9692
-636.345 -6084 294.677 30148 -56.9692
-637.165 -6083.47 294.696 30148 -56.9692
-637.986 -6082.94 294.716 30148 -57.1873
-638.773 -6082.43 294.735 30148 -57.1873
-639.559 -6081.92 294.754 30148 -57.301
-640.347 -6081.41 294.773 30148 -57.4362
-641.136 -6080.91 294.792 30148 -57.4362
-641.925 -6080.41 294.811 30148 -57.4362
-642.714 -6079.9 294.83 30148 -57.5576
-643.468 -6079.42 294.849 30148 -57.5576
-644.223 -6078.94 294.867 30148 -57.5576
-644.978 -6078.46 294.885 30148 -57.5576
-645.732 -6077.98 294.904 30148 -57.5576
-646.487 -6077.51 294.922 30148 -57.5576
-647.241 -6077.03 294.94 30148 -57.7781
-647.965 -6076.57 294.958 30148 -57.7781
-648.69 -6076.11 294.975 30148 -57.7781
-649.414 -6075.66 294.993 30148 -57.7781
-650.138 -6075.2 295.01 30148 -57.7781
-650.863 -6074.74 295.028 30148 -57.7781
-651.587 -6074.29 295.045 30148 -57.846
-652.301 -6073.84 295.063 30148 -57.846
-653.015 -6073.39 295.08 30148 -57.846
-653.729 -6072.94 295.097 30148 -57.846
-654.444 -6072.49 295.115 30148 -57.846
-655.158 -6072.04 295.132 30148 -57.846
-655.872 -6071.59 295.149 30148 -57.6789
-656.583 -6071.14 295.166 30148 -57.6789
-657.293 -6070.69 295.183 30148 -57.6789
-658.004 -6070.24 295.201 30148 -57.6789
-658.715 -6069.79 295.218 30148 -57.6789
-659.426 -6069.34 295.235 30148 -57.6789
-660.136 -6068.89 295.252 30148 -57.9046
-660.841 -6068.45 295.269 30148 -57.9046
-661.546 -6068.01 295.286 30148 -57.9046
-662.251 -6067.57 295.303 30148 -57.8621
-662.956 -6067.13 295.321 30148 -57.8086
-663.66 -6066.68 295.338 30148 -57.8086
-664.364 -6066.24 295.355 30148 -58.3108
-665.056 -6065.81 295.372 30148 -58.3108
-665.747 -6065.39 295.389 30148 -58.3108
-666.439 -6064.96 295.405 30148 -58.3108
-667.13 -6064.53 295.422 30148 -58.3108
-667.821 -6064.1 295.439 30148 -58.3108
-668.513 -6063.68 295.456 30148 -58.5135
-669.193 -6063.26 295.472 30148 -58.5135
-669.873 -6062.84 295.489 30148 -58.5135
-670.553 -6062.43 295.505 30148 -58.5135
-671.233 -6062.01 295.522 30148 -58.5135
-671.913 -6061.6 295.538 30148 -58.5135
-672.593 -6061.18 295.555 30148 -58.3147
-673.277 -6060.76 295.572 30148 -58.3147
-673.962 -6060.33 295.588 30148 -58.3147
-674.646 -6059.91 295.605 30148 -58.3147
-675.331 -6059.49 295.622 30148 -58.3146
-676.015 -6059.07 295.638 30148 -58.3146
-676.699 -6058.64 295.655 30148 -57.8559
-677.416 -6058.19 295.672 30148 -57.8559
-678.132 -6057.74 295.69 30148 -57.8559
-678.848 -6057.29 295.707 30148 -57.8559
-679.564 -6056.84 295.725 30148 -57.8559
-680.281 -6056.39 295.742 30148 -57.8559
-680.997 -6055.94 295.76 30148 -57.9102
-681.755 -6055.47 295.778 30148 -57.9102
-682.514 -6054.99 295.797 30148 -57.9102
-683.272 -6054.52 295.815 30148 -57.9102
-684.031 -6054.04 295.834 30148 -57.9102
-684.789 -6053.57 295.852 30148 -57.8122
-685.547 -6053.09 295.871 30148 -57.4538
-686.34 -6052.58 295.891 30148 -57.4538
-687.132 -6052.08 295.91 30148 -57.4538
-687.925 -6051.57 295.93 30148 -57.4538
-688.717 -6051.07 295.949 30148 -57.4538
-689.51 -6050.56 295.969 30148 -57.4538
-690.302 -6050.05 295.989 30148 -57.3282
-691.14 -6049.52 296.009 30148 -57.3282
-691.978 -6048.98 296.03 30148 -57.3282
-692.815 -6048.44 296.051 30148 -57.3282
-693.653 -6047.91 296.072 30148 -57.3282
-694.49 -6047.37 296.092 30148 -57.3282
-695.328 -6046.83 296.113 30148 -57.5594
-696.2 -6046.28 296.135 30148 -57.5594
-697.072 -6045.72 296.156 30148 -57.5594
-697.943 -6045.17 296.178 30148 -57.5594
-698.815 -6044.61 296.199 30148 -57.5594
-699.687 -6044.06 296.221 30148 -57.5594
-700.559 -6043.51 296.242 30148 -57.3639
-701.4 -6042.97 296.263 30148 -57.3639
-702.241 -6042.43 296.284 30148 -57.3639
-703.082 -6041.89 296.305 30148 -57.3639
-703.923 -6041.35 296.326 30148 -57.3639
-704.764 -6040.81 296.346 30148 -57.3639
-705.605 -6040.27 296.367 30148 -57.4364
-706.392 -6039.77 296.387 30148 -57.4364
-707.179 -6039.27 296.406 30148 -57.3521
-707.965 -6038.77 296.426 30148 -56.6734
-708.746 -6038.25 296.445 30148 -56.6508
-709.526 -6037.74 296.465 30148 -56.6508
-710.306 -6037.23 296.484 30148 -56.7814
-711.036 -6036.75 296.503 30148 -56.7814
-711.766 -6036.27 296.521 30148 -56.7814
-712.496 -6035.79 296.539 30148 -56.7814
-713.226 -6035.31 296.557 30148 -56.7814
-713.956 -6034.84 296.576 30148 -56.7814
-714.686 -6034.36 296.594 30148 -56.8622
-715.361 -6033.92 296.611 30148 -56.8622
-716.036 -6033.48 296.628 30148 -56.8622
-716.711 -6033.04 296.645 30148 -56.8622
-717.386 -6032.59 296.662 30148 -56.8622
-718.061 -6032.15 296.678 30148 -56.8622
-718.736 -6031.71 296.695 30148 -57.14
-719.367 -6031.31 296.711 30148 -57.14
-719.999 -6030.9 296.727 30148 -57.14
-720.63 -6030.49 296.743 30148 -57.14
-721.261 -6030.08 296.758 30148 -57.14
-721.892 -6029.67 296.774 30148 -57.14
-722.524 -6029.27 296.79 30148 -57.2255
-723.102 -6028.89 296.804 30148 -57.2255
-723.681 -6028.52 296.819 30148 -57.2255
-724.26 -6028.15 296.833 30148 -57.2255
-724.838 -6027.78 296.847 30148 -57.2255
-725.417 -6027.4 296.862 30148 -57.2255
-725.996 -6027.03 296.876 30148 -57.1618
-726.561 -6026.67 296.89 30148 -57.1618
-727.126 -6026.3 296.904 30148 -57.1618
-727.691 -6025.94 296.919 30148 -57.1618
-728.256 -6025.57 296.933 30148 -57.1618
-728.821 -6025.21 296.947 30148 -57.1618
-729.386 -6024.84 296.961 30148 -57.1627
-729.956 -6024.48 296.975 30148 -56.6966
-730.523 -6024.1 296.989 30148 -56.0331
-731.085 -6023.72 297.003 30148 -56.0331
-731.647 -6023.35 297.018 30148 -56.0331
-732.21 -6022.97 297.032 30148 -56.0331
-732.772 -6022.59 297.046 30148 -56.0258
-733.338 -6022.21 297.06 30148 -56.0258
-733.904 -6021.83 297.075 30148 -56.0258
-734.469 -6021.44 297.089 30148 -56.0258
-735.035 -6021.06 297.103 30148 -56.0258
-735.601 -6020.68 297.118 30148 -56.0258
-736.166 -6020.3 297.132 30148 -56.0285
-736.735 -6019.92 297.146 30148 -56.0285
-737.303 -6019.53 297.161 30148 -56.0285
-737.871 -6019.15 297.175 30148 -56.0285
-738.439 -6018.77 297.189 30148 -56.0285
-739.007 -6018.39 297.204 30148 -56.0285
-739.576 -6018 297.218 30148 -56.0257
-740.148 -6017.62 297.232 30148 -56.0257
-740.719 -6017.23 297.247 30148 -56.0257
-741.291 -6016.85 297.261 30148 -56.0257
-741.863 -6016.46 297.276 30148 -56.0257
-742.435 -6016.08 297.29 30148 -56.0257
-743.007 -6015.69 297.305 30148 -55.9531
-743.569 -6015.31 297.319 30148 -55.9531
-744.131 -6014.93 297.333 30148 -55.9531
-744.693 -6014.55 297.347 30148 -55.9531
-745.255 -6014.17 297.362 30148 -55.9531
-745.818 -6013.79 297.376 30148 -55.9531
-746.38 -6013.41 297.39 30148 -55.8417
-746.898 -6013.06 297.403 30148 -55.8417
-747.417 -6012.71 297.416 30148 -55.8417
-747.935 -6012.36 297.43 30148 -55.8417
-748.453 -6012.01 297.443 30148 -55.8417
-748.972 -6011.65 297.456 30148 -55.8417
-749.49 -6011.3 297.469 30148 -56.0308
-749.973 -6010.98 297.481 30148 -56.0308
-750.456 -6010.65 297.493 30148 -56.0308
-750.939 -6010.33 297.506 30148 -56.0308
-751.421 -6010 297.518 30148 -56.0308
-751.904 -6009.68 297.53 30148 -55.8825
-752.386 -6009.35 297.542 30148 -55.0274
-752.825 -6009.04 297.553 30148 -54.8009
-753.262 -6008.73 297.565 30148 -54.8009
-753.7 -6008.42 297.576 30148 -54.8009
-754.137 -6008.12 297.587 30148 -54.8009
-754.575 -6007.81 297.598 30148 -54.8009
-755.012 -6007.5 297.609 30148 -54.8009
-755.409 -6007.22 297.619 30148 -54.8009
-755.805 -6006.94 297.63 30148 -54.8009
-756.202 -6006.65 297.64 30148 -54.8009
-756.598 -6006.37 297.65 30148 -54.8009
-756.995 -6006.09 297.66 30148 -54.8009
-757.391 -6005.81 297.67 30148 -54.8009
-757.782 -6005.53 297.68 30148 -54.8009
-758.174 -6005.24 297.69 30148 -54.8009
-758.565 -6004.96 297.701 30148 -54.8009
-758.957 -6004.68 297.711 30148 -54.8009
-759.348 -6004.4 297.721 30148 -54.8009
-759.74 -6004.11 297.731 30148 -54.8009
-760.14 -6003.82 297.741 30148 -54.8009
-760.541 -6003.53 297.752 30148 -54.8009
-760.941 -6003.24 297.762 30148 -54.8009
-761.342 -6002.95 297.772 30148 -54.8009
-761.742 -6002.66 297.783 30148 -54.8009
-762.143 -6002.37 297.793 30148 -54.1299
-762.557 -6002.07 297.804 30148 -54.1299
-762.971 -6001.77 297.814 30148 -54.1299
-763.384 -6001.48 297.825 30148 -54.1299
-763.798 -6001.18 297.836 30148 -54.1299
-764.212 -6000.88 297.846 30148 -54.1299
-764.626 -6000.58 297.857 30148 -54.1299
-765.027 -6000.29 297.867 30148 -54.1299
-765.428 -6000 297.878 30148 -54.1299
-765.829 -5999.71 297.888 30148 -54.1299
-766.23 -5999.42 297.898 30148 -54.1299
-766.631 -5999.13 297.909 30148 -54.1299
-767.032 -5998.84 297.919 30148 -54.1299
-767.406 -5998.57 297.929 30148 -54.1299
-767.78 -5998.3 297.938 30148 -54.1299
-768.154 -5998.03 297.948 30148 -54.1299
-768.528 -5997.76 297.958 30148 -54.1299
-768.901 -5997.49 297.967 30148 -54.1299
-769.275 -5997.22 297.977 30148 -54.1299
-769.635 -5996.96 297.986 30148 -54.1299
-769.995 -5996.7 297.995 30148 -54.1299
-770.355 -5996.43 298.005 30148 -54.1299
-770.715 -5996.17 298.014 30148 -54.1299
-771.075 -5995.91 298.023 30148 -54.1299
-771.435 -5995.65 298.033 30148 -54.1299
-771.789 -5995.39 298.042 30148 -54.1299
-772.144 -5995.13 298.051 30148 -54.1299
-772.498 -5994.87 298.06 30148 -54.1299
-772.853 -5994.61 298.069 30148 -54.1299
-773.207 -5994.35 298.079 30148 -54.1299
-773.562 -5994.09 298.088 30148 -54.1299
-773.924 -5993.83 298.097 30148 -54.1299
-774.281 -5993.56 298.106 30148 -54.1299
-774.635 -5993.29 298.116 30148 -54.1299
-774.989 -5993.01 298.125 30148 -54.1299
-775.343 -5992.74 298.134 30148 -54.1299
-775.697 -5992.46 298.144 30148 -54.1299
-776.053 -5992.18 298.153 30148 -54.1299
-776.41 -5991.91 298.162 30148 -54.1299
-776.767 -5991.63 298.172 30148 -54.1299
-777.123 -5991.35 298.181 30148 -54.1299
-777.48 -5991.07 298.191 30148 -54.1299
-777.836 -5990.8 298.2 30148 -54.1299
-778.197 -5990.52 298.209 30148 -54.1299
-778.557 -5990.24 298.219 30148 -54.1299
-778.918 -5989.96 298.228 30148 -54.1299
-779.278 -5989.68 298.238 30148 -54.1299
-779.639 -5989.4 298.247 30148 -54.1299
-779.999 -5989.12 298.257 30148 -54.1299
-780.379 -5988.82 298.267 30148 -54.1299
-780.759 -5988.53 298.277 30148 -54.1299
-781.138 -5988.23 298.287 30148 -54.1299
-781.518 -5987.93 298.297 30148 -54.1299
-781.897 -5987.64 298.307 30148 -54.1299
-782.277 -5987.34 298.317 30148 -52.0932
-782.672 -5987.03 298.327 30148 -52.0932
-783.067 -5986.72 298.338 30148 -52.0932
-783.462 -5986.42 298.348 30148 -52.0932
-783.857 -5986.11 298.358 30148 -52.0932
-784.251 -5985.8 298.369 30148 -52.0932
-784.646 -5985.49 298.379 30148 -52.1012
-785.044 -5985.18 298.39 30148 -52.1012
-785.442 -5984.87 298.4 30148 -52.1012
-785.84 -5984.56 298.411 30148 -52.1012
-786.239 -5984.26 298.421 30148 -52.1012
-786.637 -5983.95 298.432 30148 -52.1012
-787.035 -5983.64 298.442 30148 -52.0998
-787.43 -5983.33 298.452 30148 -52.0998
-787.826 -5983.02 298.463 30148 -52.0998
-788.221 -5982.71 298.473 30148 -52.0998
-788.616 -5982.4 298.484 30148 -52.0998
-789.012 -5982.1 298.494 30148 -52.0998
-789.407 -5981.79 298.504 30148 -52.0998
-789.801 -5981.48 298.515 30148 -52.0998
-790.195 -5981.18 298.525 30148 -52.0998
-790.589 -5980.87 298.536 30148 -52.0998
-790.983 -5980.56 298.546 30148 -52.0998
-791.376 -5980.26 298.556 30148 -52.0998
-791.77 -5979.95 298.567 30148 -52.0998
-792.164 -5979.64 298.577 30148 -52.0998
-792.558 -5979.34 298.587 30148 -52.0998
-792.953 -5979.03 298.598 30148 -52.0998
-793.347 -5978.72 298.608 30148 -52.0998
-793.741 -5978.41 298.619 30148 -52.0998
-794.135 -5978.11 298.629 30148 -52.0998
-794.529 -5977.8 298.639 30148 -52.0998
-794.924 -5977.49 298.65 30148 -52.0998
-795.313 -5977.18 298.66 30148 -52.0998
-795.695 -5976.86 298.67 30148 -52.0998
-796.078 -5976.54 298.68 30148 -52.0998
-796.461 -5976.22 298.691 30148 -52.0998
-796.843 -5975.89 298.701 30148 -52.0998
-797.225 -5975.57 298.711 30148 -52.0998
-797.608 -5975.25 298.721 30148 -52.0998
-797.99 -5974.93 298.732 30148 -52.0998
-798.373 -5974.61 298.742 30148 -52.0998
-798.755 -5974.29 298.752 30148 -49.9636
-799.138 -5973.97 298.763 30148 -49.9636
-799.522 -5973.64 298.773 30148 -49.9636
-799.905 -5973.32 298.783 30148 -49.9636
-800.288 -5973 298.793 30148 -49.9636
-800.671 -5972.68 298.804 30148 -49.9636
-801.054 -5972.36 298.814 30148 -49.9636
-801.436 -5972.04 298.824 30148 -49.9636
-801.817 -5971.72 298.834 30148 -49.9636
-802.199 -5971.39 298.845 30148 -49.9636
-802.58 -5971.07 298.855 30148 -49.9636
-802.961 -5970.75 298.865 30148 -49.9636
-803.343 -5970.43 298.875 30148 -49.9636
-803.722 -5970.12 298.885 30148 -49.9636
-804.1 -5969.8 298.896 30148 -49.9636
-804.479 -5969.48 298.906 30148 -49.9636
-804.858 -5969.16 298.916 30148 -49.9636
-805.237 -5968.84 298.926 30148 -49.9636
-805.616 -5968.52 298.936 30148 -49.9636
-805.998 -5968.2 298.946 30148 -49.9636
-806.38 -5967.88 298.957 30148 -49.9636
-806.763 -5967.56 298.967 30148 -49.9636
-807.145 -5967.24 298.977 30148 -49.9636
-807.528 -5966.92 298.987 30148 -49.9636
-807.91 -5966.6 298.998 30148 -50.0563
-808.306 -5966.26 299.008 30148 -50.0563
-808.703 -5965.93 299.019 30148 -50.0563
-809.099 -5965.6 299.03 30148 -50.0563
-809.495 -5965.27 299.04 30148 -50.0563
-809.891 -5964.94 299.051 30148 -50.0563
-810.288 -5964.6 299.061 30148 -49.8708
-810.698 -5964.26 299.072 30148 -49.8708
-811.109 -5963.91 299.083 30148 -49.8708
-811.519 -5963.57 299.094 30148 -49.8708
-811.93 -5963.22 299.105 30148 -49.8708
-812.341 -5962.87 299.117 30148 -49.8708
-812.751 -5962.53 299.128 30148 -49.9647
-813.173 -5962.17 299.139 30148 -49.9647
-813.594 -5961.82 299.15 30148 -49.9647
-814.016 -5961.47 299.161 30148 -49.9647
-814.437 -5961.11 299.173 30148 -49.9647
-814.858 -5960.76 299.184 30148 -49.9647
-815.28 -5960.4 299.195 30148 -49.6778
-815.705 -5960.04 299.207 30148 -47.5127
-816.116 -5959.67 299.218 30148 -47.5127
-816.528 -5959.29 299.229 30148 -47.5127
-816.939 -5958.91 299.241 30148 -47.5127
-817.351 -5958.54 299.252 30148 -47.5127
-817.762 -5958.16 299.263 30148 -47.7236
-818.187 -5957.77 299.275 30148 -47.7236
-818.613 -5957.39 299.286 30148 -47.7236
-819.039 -5957 299.298 30148 -47.7236
-819.464 -5956.61 299.309 30148 -47.7236
-819.89 -5956.22 299.321 30148 -47.7236
-820.315 -5955.84 299.333 30148 -47.5253
-820.766 -5955.43 299.345 30148 -47.5253
-821.216 -5955.01 299.357 30148 -47.5253
-821.667 -5954.6 299.37 30148 -47.5253
-822.117 -5954.19 299.382 30148 -47.5253
-822.568 -5953.78 299.394 30148 -47.5253
-823.018 -5953.36 299.407 30148 -47.3148
-823.494 -5952.92 299.42 30148 -47.3148
-823.97 -5952.49 299.433 30148 -47.3148
-824.445 -5952.05 299.446 30148 -47.3148
-824.921 -5951.61 299.459 30148 -47.3148
-825.397 -5951.17 299.472 30148 -47.3148
-825.872 -5950.73 299.485 30148 -47.5133
-826.365 -5950.28 299.499 30148 -47.5133
-826.858 -5949.83 299.512 30148 -47.5133
-827.35 -5949.38 299.525 30148 -47.5133
-827.843 -5948.93 299.539 30148 -47.5133
-828.336 -5948.47 299.552 30148 -47.5133
-828.828 -5948.02 299.566 30148 -47.5145
-829.324 -5947.57 299.579 30148 -47.5145
-829.819 -5947.12 299.593 30148 -47.5145
-830.315 -5946.66 299.607 30148 -47.5145
-830.811 -5946.21 299.62 30148 -47.5145
-831.306 -5945.75 299.634 30148 -47.5145
-831.802 -5945.3 299.647 30148 -47.5132
-832.294 -5944.85 299.661 30148 -47.5132
-832.787 -5944.4 299.674 30148 -47.5132
-833.279 -5943.95 299.688 30148 -47.5132
-833.771 -5943.5 299.701 30148 -47.5132
-834.264 -5943.04 299.715 30148 -47.5132
-834.756 -5942.59 299.728 30148 -47.5126
-835.247 -5942.14 299.742 30148 133.846
-834.765 -5942.61 299.727 40148 -45.7512
-835.241 -5942.14 299.741 40148 -45.7512
-835.718 -5941.68 299.754 40148 -45.7512
-836.195 -5941.21 299.767 40148 -45.7512
-836.672 -5940.75 299.781 40148 -45.7513
-837.149 -5940.29 299.794 40148 -45.7513
-837.626 -5939.82 299.807 40148 -45.7513
-838.103 -5939.36 299.821 40148 -45.7513
-838.58 -5938.89 299.834 40148 -45.7513
-839.057 -5938.43 299.847 40148 -45.7513
-839.534 -5937.96 299.86 40148 -45.7514
-840.012 -5937.5 299.874 40148 -45.7514
-840.489 -5937.03 299.887 40148 -45.7514
-840.966 -5936.57 299.9 40148 -45.7514
-841.443 -5936.1 299.914 40148 -45.7514
-841.921 -5935.64 299.927 40148 -45.7514
-842.398 -5935.17 299.94 40148 -45.756
-842.875 -5934.71 299.954 40148 -45.756
-843.352 -5934.24 299.967 40148 -45.756
-843.829 -5933.78 299.98 40148 -45.756
-844.306 -5933.31 299.994 40148 -45.756
-844.783 -5932.85 300.007 40148 -45.756
-845.26 -5932.38 300.02 40148 -45.7514
-845.738 -5931.92 300.034 40148 -45.7514
-846.215 -5931.45 300.047 40148 -45.7514
-846.692 -5930.99 300.06 40148 -45.7514
-847.169 -5930.52 300.074 40148 -45.7514
-847.647 -5930.06 300.087 40148 -45.7514
-848.124 -5929.59 300.1 40148 -45.7561
-848.601 -5929.13 300.114 40148 -45.7561
-849.078 -5928.67 300.127 40148 -45.7561
-849.556 -5928.2 300.14 40148 -45.7561
-850.033 -5927.74 300.154 40148 -45.7561
-850.51 -5927.27 300.167 40148 -45.7561
-850.987 -5926.81 300.18 40148 -45.7465
-851.464 -5926.34 300.194 40148 -45.7465
-851.941 -5925.88 300.207 40148 -45.7465
-852.418 -5925.41 300.22 40148 -45.7465
-852.895 -5924.95 300.234 40148 -44.584
-853.362 -5924.47 300.246 40148 -43.6327
-853.822 -5923.99 300.258 40148 -43.6422
-854.282 -5923.51 300.27 40148 -43.6422
-854.741 -5923.03 300.282 40148 -43.6422
-855.201 -5922.55 300.294 40148 -43.6422
-855.66 -5922.06 300.306 40148 -43.6422
-856.12 -5921.58 300.319 40148 -43.6422
-856.58 -5921.1 300.331 40148 -43.6375
-857.039 -5920.62 300.343 40148 -43.6375
-857.499 -5920.14 300.355 40148 -43.6375
-857.959 -5919.65 300.367 40148 -43.6375
-858.419 -5919.17 300.379 40148 -43.6375
-858.878 -5918.69 300.391 40148 -43.6375
-859.338 -5918.21 300.403 40148 -43.6374
-859.798 -5917.72 300.415 40148 -43.6374
-860.257 -5917.24 300.427 40148 -43.6374
-860.717 -5916.76 300.439 40148 -43.6374
-861.176 -5916.28 300.451 40148 -43.6374
-861.636 -5915.8 300.463 40148 -43.6374
-862.095 -5915.32 300.475 40148 -43.6375
-862.555 -5914.83 300.488 40148 -43.6375
-863.015 -5914.35 300.5 40148 -43.6375
-863.475 -5913.87 300.512 40148 -43.6375
-863.934 -5913.39 300.524 40148 -43.6375
-864.394 -5912.9 300.536 40148 -43.6375
-864.854 -5912.42 300.548 40148 -43.6376
-865.314 -5911.94 300.56 40148 -43.6376
-865.774 -5911.46 300.572 40148 -43.6376
-866.234 -5910.98 300.584 40148 -43.6376
-866.693 -5910.49 300.596 40148 -43.6376
-867.153 -5910.01 300.608 40148 -43.6376
-867.613 -5909.53 300.62 40148 -43.6419
-868.072 -5909.05 300.632 40148 -43.6419
-868.531 -5908.57 300.644 40148 -43.6419
-868.99 -5908.08 300.657 40148 -43.6419
-869.449 -5907.6 300.669 40148 -43.6419
-869.907 -5907.12 300.681 40148 -43.6419
-870.366 -5906.64 300.693 40148 -43.6309
-870.822 -5906.16 300.705 40148 -42.3039
-871.266 -5905.68 300.716 40148 -41.4826
-871.704 -5905.18 300.727 40148 -41.4826
-872.142 -5904.69 300.738 40148 -41.4826
-872.579 -5904.19 300.749 40148 -41.4826
-873.017 -5903.7 300.759 40148 -41.493
-873.456 -5903.2 300.77 40148 -41.493
-873.895 -5902.7 300.781 40148 -41.493
-874.335 -5902.21 300.792 40148 -41.493
-874.774 -5901.71 300.803 40148 -41.493
-875.214 -5901.21 300.814 40148 -41.493
-875.653 -5900.72 300.825 40148 -41.6806
-876.107 -5900.2 300.836 40148 -41.6806
-876.562 -5899.69 300.848 40148 -41.6806
-877.016 -5899.18 300.859 40148 -41.6806
-877.471 -5898.67 300.87 40148 -41.6806
-877.925 -5898.16 300.881 40148 -41.6806
-878.38 -5897.65 300.893 40148 -41.5856
-878.864 -5897.11 300.905 40148 -41.5856
-879.349 -5896.56 300.917 40148 -41.5856
-879.834 -5896.01 300.929 40148 -41.5856
-880.318 -5895.47 300.941 40148 -41.5856
-880.803 -5894.92 300.953 40148 -41.5856
-881.287 -5894.38 300.965 40148 -41.4005
-881.796 -5893.8 300.978 40148 -41.4005
-882.304 -5893.22 300.99 40148 -41.4005
-882.812 -5892.65 301.003 40148 -41.4005
-883.32 -5892.07 301.016 40148 -41.4005
-883.828 -5891.49 301.028 40148 -41.4005
-884.336 -5890.92 301.041 40148 -41.3314
-884.874 -5890.31 301.054 40148 -41.3314
-885.413 -5889.69 301.068 40148 -41.3314
-885.951 -5889.08 301.081 40148 -41.3314
-886.489 -5888.47 301.095 40148 -41.3314
-887.027 -5887.86 301.108 40148 -41.3314
-887.565 -5887.25 301.121 40148 -41.4888
-888.118 -5886.62 301.135 40148 -39.6622
-888.651 -5885.98 301.148 40148 -39.3125
-889.18 -5885.33 301.161 40148 -39.3125
-889.709 -5884.69 301.173 40148 -39.3125
-890.238 -5884.04 301.186 40148 -39.3125
-890.767 -5883.39 301.198 40148 -39.3133
-891.299 -5882.75 301.211 40148 -39.3133
-891.83 -5882.1 301.224 40148 -39.3133
-892.361 -5881.45 301.236 40148 -39.3133
-892.892 -5880.8 301.249 40148 -39.3133
-893.423 -5880.15 301.262 40148 -39.3133
-893.954 -5879.5 301.274 40148 -39.316
-894.482 -5878.86 301.287 40148 -39.316
-895.01 -5878.21 301.299 40148 -39.316
-895.539 -5877.57 301.312 40148 -39.316
-896.067 -5876.92 301.325 40148 -39.316
-896.595 -5876.28 301.337 40148 -39.316
-897.123 -5875.63 301.35 40148 -39.3156
-897.65 -5874.99 301.362 40148 -39.3156
-898.177 -5874.35 301.375 40148 -39.3156
-898.704 -5873.7 301.387 40148 -39.3156
-899.231 -5873.06 301.4 40148 -39.3156
-899.758 -5872.41 301.412 40148 -39.3156
-900.285 -5871.77 301.425 40148 -39.3118
-900.813 -5871.13 301.437 40148 -39.3118
-901.34 -5870.48 301.45 40148 -39.3118
-901.867 -5869.84 301.463 40148 -39.3118
-902.394 -5869.2 301.475 40148 -39.3118
-902.922 -5868.55 301.488 40148 -39.3118
-903.449 -5867.91 301.5 40148 -39.3119
-903.976 -5867.26 301.513 40148 -39.3119
-904.504 -5866.62 301.525 40148 -38.062
-905.017 -5865.96 301.537 40148 -37.1148
-905.519 -5865.3 301.549 40148 -37.1148
-906.022 -5864.64 301.561 40148 -37.1148
-906.524 -5863.97 301.572 40148 -37.1186
-907.026 -5863.31 301.584 40148 -37.1186
-907.528 -5862.65 301.595 40148 -37.1186
-908.031 -5861.98 301.607 40148 -37.1186
-908.533 -5861.32 301.619 40148 -37.1186
-909.035 -5860.65 301.63 40148 -37.1186
-909.537 -5859.99 301.642 40148 -37.1148
-910.04 -5859.33 301.653 40148 -37.1148
-910.542 -5858.66 301.665 40148 -37.1148
-911.044 -5858 301.676 40148 -37.1148
-911.547 -5857.34 301.688 40148 -37.1148
-912.049 -5856.67 301.7 40148 -37.1148
-912.551 -5856.01 301.711 40148 -37.1186
-913.053 -5855.34 301.723 40148 -37.1186
-913.556 -5854.68 301.734 40148 -37.1186
-914.058 -5854.02 301.746 40148 -37.1186
-914.56 -5853.35 301.758 40148 -37.1185
-915.062 -5852.69 301.769 40148 -37.1185
-915.564 -5852.03 301.781 40148 -37.1185
-916.066 -5851.36 301.792 40148 -37.1185
-916.569 -5850.7 301.804 40148 -37.1185
-917.071 -5850.04 301.816 40148 -37.1185
-917.573 -5849.37 301.827 40148 -37.1185
-918.075 -5848.71 301.839 40148 -37.1185
-918.577 -5848.05 301.85 40148 -37.111
-919.079 -5847.38 301.862 40148 -37.111
-919.582 -5846.72 301.874 40148 -37.111
-920.084 -5846.05 301.885 40148 -36.9733
-920.584 -5845.39 301.897 40148 -34.9005
-921.061 -5844.71 301.908 40148 -34.9005
-921.537 -5844.02 301.918 40148 -34.9082
-922.014 -5843.34 301.929 40148 -34.9082
-922.49 -5842.66 301.94 40148 -34.9082
-922.967 -5841.97 301.951 40148 -34.9082
-923.443 -5841.29 301.962 40148 -34.9082
-923.92 -5840.61 301.973 40148 -34.9082
-924.396 -5839.93 301.983 40148 -34.9078
-924.872 -5839.24 301.994 40148 -34.9078
-925.348 -5838.56 302.005 40148 -34.9078
-925.823 -5837.88 302.016 40148 -34.9078
-926.299 -5837.2 302.027 40148 -34.9078
-926.774 -5836.52 302.037 40148 -34.9078
-927.25 -5835.84 302.048 40148 -34.9027
-927.723 -5835.16 302.059 40148 -34.9027
-928.195 -5834.48 302.07 40148 -34.9027
-928.668 -5833.8 302.081 40148 -34.9027
-929.141 -5833.13 302.091 40148 -34.9027
-929.613 -5832.45 302.102 40148 -34.9027
-930.086 -5831.77 302.113 40148 -34.934
-930.56 -5831.09 302.124 40148 -34.934
-931.035 -5830.41 302.134 40148 -34.934
-931.509 -5829.73 302.145 40148 -34.934
-931.983 -5829.06 302.156 40148 -34.934
-932.458 -5828.38 302.167 40148 -34.934
-932.932 -5827.7 302.177 40148 -34.996
-933.425 -5826.99 302.189 40148 -34.996
-933.918 -5826.29 302.2 40148 -34.996
-934.41 -5825.59 302.211 40148 -34.996
-934.903 -5824.88 302.222 40148 -34.996
-935.396 -5824.18 302.233 40148 -34.0321
-935.877 -5823.47 302.244 40148 -32.8422
-936.371 -5822.7 302.256 40148 -32.8422
-936.865 -5821.94 302.267 40148 -32.8422
-937.359 -5821.17 302.278 40148 -32.8422
-937.853 -5820.4 302.289 40148 -32.8422
-938.347 -5819.64 302.301 40148 -32.8422
-938.841 -5818.87 302.312 40148 -32.9112
-939.359 -5818.07 302.324 40148 -32.9112
-939.878 -5817.27 302.335 40148 -32.9112
-940.396 -5816.47 302.347 40148 -32.9112
-940.915 -5815.67 302.359 40148 -32.9112
-941.433 -5814.87 302.371 40148 -32.9112
-941.952 -5814.07 302.382 40148 -33.0915
-942.499 -5813.23 302.395 40148 -33.0915
-943.046 -5812.39 302.407 40148 -33.0915
-943.592 -5811.55 302.42 40148 -33.0915
-944.139 -5810.71 302.432 40148 -33.0915
-944.686 -5809.87 302.444 40148 -33.0915
-945.233 -5809.03 302.457 40148 -33.4032
-945.809 -5808.16 302.47 40148 -33.4032
-946.384 -5807.29 302.482 40148 -33.4032
-946.959 -5806.42 302.495 40148 -33.4032
-947.534 -5805.54 302.508 40148 -33.4032
-948.11 -5804.67 302.521 40148 -33.4032
-948.685 -5803.8 302.534 40148 -33.7152
-949.277 -5802.91 302.547 40148 -33.7152
-949.869 -5802.02 302.56 40148 -32.8828
-950.448 -5801.13 302.573 40148 -31.5013
-951.005 -5800.22 302.586 40148 -31.5013
-951.562 -5799.31 302.599 40148 -31.5013
-952.119 -5798.4 302.611 40148 -31.4285
-952.671 -5797.5 302.624 40148 -31.4285
-953.224 -5796.59 302.637 40148 -31.4285
-953.776 -5795.69 302.649 40148 -31.4284
-954.328 -5794.79 302.662 40148 -31.4284
-954.881 -5793.88 302.675 40148 -31.4284
-955.433 -5792.98 302.687 40148 -31.4497
-955.973 -5792.1 302.699 40148 -31.4497
-956.512 -5791.21 302.712 40148 -31.4497
-957.052 -5790.33 302.724 40148 -31.4496
-957.591 -5789.45 302.736 40148 -31.4496
-958.131 -5788.57 302.749 40148 -31.4496
-958.671 -5787.68 302.761 40148 -31.3177
-959.203 -5786.81 302.773 40148 -31.3176
-959.735 -5785.94 302.785 40148 -31.3176
-960.267 -5785.06 302.798 40148 -31.3176
-960.799 -5784.19 302.81 40148 -31.3176
-961.331 -5783.31 302.822 40148 -31.3176
-961.864 -5782.44 302.834 40148 -31.3
-962.403 -5781.55 302.847 40148 -31.2999
-962.942 -5780.66 302.859 40148 -31.2999
-963.481 -5779.78 302.871 40148 -31.2999
-964.02 -5778.89 302.884 40148 -30.1143
-964.54 -5777.99 302.896 40148 -29.0955
-965.045 -5777.09 302.908 40148 -29.0798
-965.562 -5776.16 302.92 40148 -29.0798
-966.079 -5775.23 302.933 40148 -29.0798
-966.597 -5774.3 302.945 40148 -29.0797
-967.114 -5773.37 302.958 40148 -29.0797
-967.631 -5772.44 302.97 40148 -29.0797
-968.149 -5771.51 302.983 40148 -29.0161
-968.663 -5770.58 302.995 40148 -29.0161
-969.177 -5769.65 303.008 40148 -29.0161
-969.691 -5768.72 303.02 40148 -29.0161
-970.206 -5767.8 303.032 40148 -29.016
-970.72 -5766.87 303.045 40148 -29.016
-971.234 -5765.94 303.057 40148 -28.8909
-971.723 -5765.06 303.069 40148 -28.8909
-972.212 -5764.17 303.081 40148 -28.8909
-972.701 -5763.28 303.093 40148 -28.8908
-973.19 -5762.4 303.105 40148 -28.8908
-973.679 -5761.51 303.116 40148 -28.8908
-974.168 -5760.63 303.128 40148 -29.0328
-974.639 -5759.78 303.14 40148 -29.0328
-975.111 -5758.93 303.151 40148 -29.0328
-975.582 -5758.08 303.162 40148 -29.0328
-976.053 -5757.23 303.174 40148 -29.0328
-976.525 -5756.38 303.185 40148 -29.0328
-976.996 -5755.53 303.196 40148 -28.854
-977.443 -5754.72 303.207 40148 -26.9051
-977.862 -5753.89 303.218 40148 -26.6666
-978.277 -5753.07 303.229 40148 -26.6665
-978.692 -5752.24 303.24 40148 -26.6665
-979.108 -5751.41 303.251 40148 -26.6665
-979.523 -5750.59 303.262 40148 -26.1492
-979.927 -5749.76 303.272 40148 -26.1492
-980.33 -5748.94 303.283 40148 -26.1492
-980.733 -5748.12 303.294 40148 -26.1492
-981.137 -5747.3 303.305 40148 -26.1492
-981.54 -5746.48 303.315 40148 -26.1492
-981.944 -5745.66 303.326 40148 -25.8993
-982.348 -5744.82 303.337 40148 -25.8993
-982.752 -5743.99 303.348 40148 -25.8993
-983.155 -5743.16 303.359 40148 -25.8993
-983.559 -5742.33 303.369 40148 -25.8993
-983.963 -5741.5 303.38 40148 -25.8993
-984.367 -5740.67 303.391 40148 -25.9132
-984.778 -5739.82 303.402 40148 -25.9132
-985.19 -5738.97 303.413 40148 -25.9131
-985.602 -5738.12 303.424 40148 -25.9131
-986.013 -5737.28 303.435 40148 -25.9131
-986.425 -5736.43 303.446 40148 -25.9131
-986.836 -5735.58 303.457 40148 -25.9977
-987.259 -5734.72 303.469 40148 -25.9977
-987.681 -5733.85 303.48 40148 -25.9977
-988.104 -5732.98 303.491 40148 -25.9977
-988.526 -5732.12 303.503 40148 -25.9977
-988.949 -5731.25 303.514 40148 -25.9977
-989.372 -5730.38 303.525 40148 154.517
-986.909 -5735.55 303.458 50148 -24.3615
-987.315 -5734.65 303.468 50148 -24.3615
-987.721 -5733.76 303.479 50148 -24.3614
-988.127 -5732.86 303.489 50148 -24.3614
-988.533 -5731.96 303.5 50148 -24.3614
-988.939 -5731.07 303.511 50148 -24.4086
-989.352 -5730.16 303.521 50148 -24.4086
-989.764 -5729.25 303.532 50148 -24.4086
-990.177 -5728.34 303.543 50148 -24.4086
-990.589 -5727.43 303.554 50148 -24.4086
-991.002 -5726.52 303.564 50148 -24.4085
-991.414 -5725.61 303.575 50148 -24.4136
-991.829 -5724.7 303.586 50148 -24.4136
-992.244 -5723.79 303.597 50148 -24.4136
-992.659 -5722.87 303.608 50148 -24.4136
-993.074 -5721.96 303.618 50148 -24.4136
-993.488 -5721.04 303.629 50148 -24.4135
-993.903 -5720.13 303.64 50148 -24.4125
-994.317 -5719.22 303.651 50148 -24.4125
-994.73 -5718.31 303.662 50148 -24.4125
-995.144 -5717.4 303.672 50148 -24.2676
-995.555 -5716.49 303.683 50148 -22.7872
-995.942 -5715.56 303.694 50148 -22.7872
-996.33 -5714.64 303.706 50148 -22.7865
-996.717 -5713.72 303.717 50148 -22.7865
-997.103 -5712.8 303.728 50148 -22.7865
-997.49 -5711.88 303.739 50148 -22.7865
-997.877 -5710.96 303.751 50148 -22.7865
-998.263 -5710.04 303.762 50148 -22.7865
-998.65 -5709.12 303.773 50148 -22.7833
-999.037 -5708.2 303.784 50148 -22.7833
-999.423 -5707.28 303.796 50148 -22.7833
-999.81 -5706.36 303.807 50148 -22.7833
-1000.2 -5705.43 303.818 50148 -22.7833
-1000.58 -5704.51 303.829 50148 -22.7833
-1000.97 -5703.59 303.841 50148 -22.7898
-1001.36 -5702.67 303.852 50148 -22.7898
-1001.74 -5701.75 303.863 50148 -22.7898
-1002.13 -5700.83 303.874 50148 -22.7897
-1002.52 -5699.91 303.886 50148 -22.7897
-1002.9 -5698.99 303.897 50148 -22.7897
-1003.29 -5698.07 303.908 50148 -22.7875
-1003.68 -5697.15 303.92 50148 -21.3672
-1004.04 -5696.21 303.932 50148 -21.1147
-1004.4 -5695.28 303.944 50148 -21.1147
-1004.76 -5694.35 303.956 50148 -21.1147
-1005.13 -5693.41 303.968 50148 -21.1147
-1005.49 -5692.48 303.98 50148 -21.1147
-1005.85 -5691.54 303.992 50148 -21.1147
-1006.21 -5690.61 304.004 50148 -21.1147
-1006.57 -5689.68 304.016 50148 -21.1147
-1006.93 -5688.74 304.028 50148 -21.1147
-1007.29 -5687.81 304.041 50148 -21.1147
-1007.65 -5686.87 304.053 50148 -21.109
-1008.01 -5685.95 304.065 50148 -21.109
-1008.37 -5685.02 304.077 50148 -21.109
-1008.72 -5684.09 304.089 50148 -21.109
-1009.08 -5683.16 304.101 50148 -21.109
-1009.44 -5682.24 304.113 50148 -21.109
-1009.8 -5681.31 304.125 50148 -21.0772
-1010.15 -5680.4 304.137 50148 -21.0772
-1010.5 -5679.48 304.149 50148 -21.0772
-1010.85 -5678.57 304.16 50148 -21.0772
-1011.21 -5677.66 304.172 50148 -20.286
-1011.54 -5676.74 304.185 50148 -19.3606
-1011.87 -5675.82 304.198 50148 -19.3924
-1012.19 -5674.91 304.21 50148 -19.3923
-1012.5 -5674.01 304.223 50148 -19.3923
-1012.82 -5673.11 304.236 50148 -19.3923
-1013.14 -5672.2 304.248 50148 -19.3923
-1013.46 -5671.3 304.261 50148 -19.3923
-1013.78 -5670.4 304.274 50148 -19.2698
-1014.09 -5669.51 304.286 50148 -19.2697
-1014.4 -5668.63 304.298 50148 -19.2697
-1014.71 -5667.74 304.311 50148 -19.2697
-1015.02 -5666.85 304.323 50148 -19.2697
-1015.33 -5665.97 304.336 50148 -19.2697
-1015.64 -5665.08 304.348 50148 -19.4226
-1015.94 -5664.22 304.36 50148 -19.4226
-1016.25 -5663.35 304.373 50148 -19.4226
-1016.55 -5662.48 304.385 50148 -19.4226
-1016.86 -5661.61 304.397 50148 -19.4226
-1017.16 -5660.75 304.409 50148 -19.4226
-1017.47 -5659.88 304.421 50148 -19.7693
-1017.77 -5659.03 304.433 50148 -19.7693
-1018.08 -5658.19 304.445 50148 -19.7693
-1018.38 -5657.34 304.457 50148 -18.6298
-1018.67 -5656.48 304.47 50148 -18.0131
-1018.95 -5655.63 304.483 50148 -18.0131
-1019.23 -5654.77 304.496 50148 -18.1418
-1019.51 -5653.92 304.509 50148 -18.1418
-1019.78 -5653.08 304.523 50148 -18.1418
-1020.06 -5652.23 304.536 50148 -18.1418
-1020.34 -5651.38 304.549 50148 -18.1418
-1020.62 -5650.53 304.562 50148 -18.1418
-1020.89 -5649.68 304.575 50148 -17.9813
-1021.17 -5648.83 304.588 50148 -17.9813
-1021.45 -5647.97 304.602 50148 -17.9813
-1021.73 -5647.11 304.615 50148 -17.9813
-1022.01 -5646.25 304.628 50148 -17.9813
-1022.29 -5645.39 304.641 50148 -17.9813
-1022.57 -5644.53 304.655 50148 -17.726
-1022.85 -5643.64 304.668 50148 -17.726
-1023.14 -5642.75 304.682 50148 -17.726
-1023.42 -5641.86 304.696 50148 -17.7259
-1023.71 -5640.97 304.71 50148 -17.7259
-1023.99 -5640.08 304.723 50148 -17.7259
-1024.27 -5639.19 304.737 50148 -17.6641
-1024.57 -5638.28 304.751 50148 -17.6641
-1024.86 -5637.36 304.765 50148 -17.2745
-1025.14 -5636.44 304.78 50148 -15.8729
-1025.41 -5635.52 304.796 50148 -15.8729
-1025.67 -5634.59 304.812 50148 -15.8729
-1025.93 -5633.66 304.827 50148 -16.1608
-1026.2 -5632.74 304.843 50148 -16.1608
-1026.47 -5631.81 304.859 50148 -16.1608
-1026.74 -5630.89 304.875 50148 -16.1608
-1027.01 -5629.96 304.891 50148 -16.1608
-1027.27 -5629.03 304.907 50148 -16.1608
-1027.54 -5628.11 304.923 50148 -16.1869
-1027.8 -5627.21 304.938 50148 -16.1869
-1028.06 -5626.31 304.953 50148 -16.1869
-1028.32 -5625.41 304.969 50148 -16.1869
-1028.59 -5624.52 304.984 50148 -16.1869
-1028.85 -5623.62 304.999 50148 -16.1869
-1029.11 -5622.72 305.015 50148 -16.3976
-1029.36 -5621.87 305.029 50148 -16.3976
-1029.61 -5621.01 305.044 50148 -16.3976
-1029.86 -5620.16 305.059 50148 -16.3976
-1030.11 -5619.31 305.073 50148 -16.3976
-1030.36 -5618.46 305.088 50148 -16.3976
-1030.61 -5617.6 305.103 50148 -16.4968
-1030.85 -5616.79 305.117 50148 -16.4968
-1031.1 -5615.97 305.131 50148 -14.7561
-1031.31 -5615.15 305.146 50148 -14.6757
-1031.53 -5614.33 305.162 50148 -14.6757
-1031.74 -5613.51 305.178 50148 -14.6756
-1031.96 -5612.69 305.193 50148 -14.5217
-1032.17 -5611.88 305.209 50148 -14.5217
-1032.37 -5611.08 305.224 50148 -14.5217
-1032.58 -5610.27 305.239 50148 -14.5217
-1032.79 -5609.47 305.255 50148 -14.5217
-1033 -5608.67 305.27 50148 -14.5217
-1033.21 -5607.86 305.285 50148 -14.5262
-1033.41 -5607.06 305.301 50148 -14.5262
-1033.62 -5606.26 305.316 50148 -14.5262
-1033.83 -5605.46 305.331 50148 -14.5262
-1034.04 -5604.66 305.347 50148 -14.5262
-1034.24 -5603.86 305.362 50148 -14.5262
-1034.45 -5603.06 305.377 50148 -14.5251
-1034.66 -5602.26 305.392 50148 -14.5251
-1034.87 -5601.45 305.408 50148 -14.5251
-1035.08 -5600.65 305.423 50148 -14.5251
-1035.29 -5599.84 305.439 50148 -14.5251
-1035.49 -5599.04 305.454 50148 -14.5251
-1035.7 -5598.23 305.469 50148 -14.5242
-1035.91 -5597.42 305.485 50148 -14.5242
-1036.12 -5596.61 305.5 50148 -14.5242
-1036.33 -5595.8 305.516 50148 -14.5242
-1036.54 -5594.99 305.531 50148 -12.8347
-1036.73 -5594.17 305.549 50148 -12.6785
-1036.91 -5593.35 305.566 50148 -12.6792
-1037.1 -5592.54 305.583 50148 -12.6792
-1037.28 -5591.73 305.601 50148 -12.6792
-1037.46 -5590.92 305.618 50148 -12.6792
-1037.64 -5590.1 305.635 50148 -12.6792
-1037.83 -5589.29 305.653 50148 -12.6792
-1038.01 -5588.48 305.67 50148 -12.6157
-1038.19 -5587.68 305.687 50148 -12.6157
-1038.37 -5586.88 305.704 50148 -12.6157
-1038.55 -5586.08 305.721 50148 -12.6157
-1038.73 -5585.28 305.738 50148 -12.6157
-1038.9 -5584.48 305.755 50148 -12.6157
-1039.08 -5583.68 305.772 50148 -12.6748
-1039.26 -5582.91 305.789 50148 -12.6748
-1039.43 -5582.13 305.805 50148 -12.6748
-1039.6 -5581.36 305.822 50148 -12.6748
-1039.78 -5580.59 305.838 50148 -12.6748
-1039.95 -5579.82 305.855 50148 -12.6748
-1040.13 -5579.04 305.871 50148 -12.6683
-1040.29 -5578.3 305.887 50148 -12.6683
-1040.46 -5577.56 305.903 50148 -12.6683
-1040.63 -5576.82 305.919 50148 -12.6683
-1040.79 -5576.07 305.934 50148 -12.6683
-1040.96 -5575.33 305.95 50148 -12.6683
-1041.13 -5574.59 305.966 50148 -12.7642
-1041.29 -5573.87 305.981 50148 -11.7288
-1041.44 -5573.15 305.998 50148 -10.8995
-1041.58 -5572.43 306.015 50148 -10.8995
-1041.72 -5571.71 306.032 50148 -10.8995
-1041.86 -5570.99 306.049 50148 -10.8995
-1041.99 -5570.27 306.066 50148 -10.811
-1042.13 -5569.56 306.083 50148 -10.811
-1042.27 -5568.85 306.1 50148 -10.811
-1042.4 -5568.14 306.117 50148 -10.811
-1042.54 -5567.43 306.134 50148 -10.811
-1042.67 -5566.72 306.151 50148 -10.811
-1042.81 -5566.01 306.167 50148 -10.8156
-1042.94 -5565.3 306.184 50148 -10.8156
-1043.08 -5564.6 306.201 50148 -10.8156
-1043.21 -5563.89 306.218 50148 -10.8156
-1043.35 -5563.18 306.235 50148 -10.8156
-1043.48 -5562.47 306.252 50148 -10.8156
-1043.62 -5561.76 306.268 50148 -10.8113
-1043.75 -5561.05 306.285 50148 -10.8113
-1043.89 -5560.35 306.302 50148 -10.8113
-1044.02 -5559.64 306.319 50148 -10.8113
-1044.16 -5558.93 306.336 50148 -10.8113
-1044.29 -5558.22 306.353 50148 -10.8113
-1044.43 -5557.52 306.369 50148 -10.7377
-1044.56 -5556.82 306.386 50148 -10.7377
-1044.69 -5556.13 306.402 50148 -10.7377
-1044.82 -5555.44 306.419 50148 -10.7377
-1044.96 -5554.74 306.435 50148 -10.7377
-1045.09 -5554.05 306.452 50148 -10.7377
-1045.22 -5553.36 306.468 50148 -10.8894
-1045.35 -5552.69 306.484 50148 -10.8894
-1045.48 -5552.02 306.5 50148 -9.50798
-1045.59 -5551.35 306.518 50148 -9.01171
-1045.7 -5550.67 306.535 50148 -9.01171
-1045.8 -5550 306.553 50148 -9.01171
-1045.91 -5549.32 306.571 50148 -8.93594
-1046.01 -5548.67 306.588 50148 -8.93594
-1046.12 -5548.01 306.606 50148 -8.93594
-1046.22 -5547.35 306.623 50148 -8.93594
-1046.32 -5546.69 306.641 50148 -8.93594
-1046.43 -5546.03 306.658 50148 -8.93594
-1046.53 -5545.38 306.676 50148 -8.93623
-1046.63 -5544.72 306.693 50148 -8.93623
-1046.74 -5544.06 306.71 50148 -8.93623
-1046.84 -5543.41 306.728 50148 -8.93623
-1046.94 -5542.75 306.745 50148 -8.93623
-1047.05 -5542.09 306.762 50148 -8.93623
-1047.15 -5541.44 306.78 50148 -8.93705
-1047.25 -5540.78 306.797 50148 -8.93705
-1047.35 -5540.13 306.814 50148 -8.93705
-1047.46 -5539.48 306.832 50148 -8.93705
-1047.56 -5538.83 306.849 50148 -8.93705
-1047.66 -5538.17 306.866 50148 -8.93705
-1047.77 -5537.52 306.884 50148 -8.93988
-1047.87 -5536.88 306.901 50148 -8.93988
-1047.97 -5536.24 306.918 50148 -8.93988
-1048.07 -5535.6 306.934 50148 -8.93988
-1048.17 -5534.96 306.951 50148 -8.93988
-1048.27 -5534.32 306.968 50148 -8.93988
-1048.37 -5533.67 306.985 50148 -8.88647
-1048.47 -5533.04 307.002 50148 -8.88647
-1048.57 -5532.4 307.019 50148 -8.88647
-1048.67 -5531.76 307.036 50148 -8.88646
-1048.77 -5531.13 307.053 50148 -8.88646
-1048.87 -5530.49 307.07 50148 -8.88646
-1048.97 -5529.85 307.087 50148 171.915
-1048.32 -5534.41 306.961 60148 -7.80634
-1048.41 -5533.77 306.979 60148 -7.80634
-1048.5 -5533.13 306.997 60148 -7.80634
-1048.58 -5532.49 307.015 60148 -7.80634
-1048.67 -5531.85 307.034 60148 -7.80634
-1048.76 -5531.21 307.052 60148 -7.7867
-1048.85 -5530.57 307.07 60148 -7.7867
-1048.94 -5529.92 307.089 60148 -7.7867
-1049.02 -5529.28 307.107 60148 -7.7867
-1049.11 -5528.64 307.125 60148 -7.7867
-1049.2 -5528 307.143 60148 -7.7867
-1049.29 -5527.36 307.162 60148 -7.10423
-1049.36 -5526.74 307.18 60148 -7.10422
-1049.44 -5526.11 307.197 60148 -7.10421
-1049.52 -5525.49 307.215 60148 -7.10419
-1049.6 -5524.86 307.233 60148 -7.10418
-1049.67 -5524.24 307.25 60148 -7.10417
-1049.75 -5523.62 307.268 60148 -6.66615
-1049.82 -5523.02 307.285 60148 -6.66612
-1049.89 -5522.43 307.302 60148 -6.66608
-1049.96 -5521.84 307.319 60148 -6.66605
-1050.03 -5521.24 307.336 60148 -6.66601
-1050.1 -5520.65 307.353 60148 -6.66598
-1050.17 -5520.06 307.369 60148 -6.07056
-1050.23 -5519.48 307.386 60148 -6.07048
-1050.29 -5518.9 307.402 60148 -6.07039
-1050.35 -5518.33 307.419 60148 -6.07031
-1050.41 -5517.75 307.435 60148 -6.07023
-1050.48 -5517.17 307.451 60148 -6.07015
-1050.54 -5516.59 307.468 60148 -6.51065
-1050.6 -5516.02 307.484 60148 -5.20114
-1050.65 -5515.44 307.501 60148 -4.92071
-1050.7 -5514.86 307.518 60148 -4.92067
-1050.75 -5514.29 307.535 60148 -4.92063
-1050.8 -5513.71 307.551 60148 -4.92058
-1050.85 -5513.13 307.568 60148 -5.46313
-1050.91 -5512.55 307.585 60148 -5.46312
-1050.97 -5511.97 307.602 60148 -5.4631
-1051.02 -5511.38 307.619 60148 -5.46309
-1051.08 -5510.8 307.636 60148 -5.46308
-1051.13 -5510.21 307.653 60148 -5.46306
-1051.19 -5509.63 307.67 60148 -6.34729
-1051.25 -5509.05 307.687 60148 -6.34729
-1051.32 -5508.46 307.704 60148 -6.34729
-1051.38 -5507.88 307.721 60148 -6.34729
-1051.45 -5507.3 307.738 60148 -6.34729
-1051.51 -5506.71 307.755 60148 -6.34729
-1051.58 -5506.13 307.772 60148 -6.22426
-1051.64 -5505.56 307.789 60148 -6.22426
-1051.7 -5505 307.805 60148 -6.22426
-1051.76 -5504.43 307.822 60148 -6.22426
-1051.83 -5503.86 307.839 60148 -6.22426
-1051.89 -5503.29 307.855 60148 -6.22426
-1051.95 -5502.72 307.872 60148 -6.21655
-1052.01 -5502.18 307.887 60148 -6.21655
-1052.07 -5501.64 307.903 60148 -6.21655
-1052.13 -5501.11 307.919 60148 -6.21655
-1052.18 -5500.57 307.935 60148 -6.21655
-1052.24 -5500.03 307.95 60148 -6.21655
-1052.3 -5499.49 307.966 60148 -6.30744
-1052.36 -5498.98 307.981 60148 -6.30744
-1052.41 -5498.47 307.996 60148 -6.30744
-1052.47 -5497.97 308.011 60148 -6.30744
-1052.53 -5497.46 308.025 60148 -6.30744
-1052.58 -5496.95 308.04 60148 -5.14339
-1052.63 -5496.44 308.055 60148 -4.60534
-1052.67 -5495.94 308.07 60148 -4.60534
-1052.71 -5495.44 308.085 60148 -4.60534
-1052.75 -5494.94 308.1 60148 -4.60534
-1052.79 -5494.45 308.115 60148 -4.60534
-1052.83 -5493.95 308.129 60148 -4.60534
-1052.87 -5493.45 308.144 60148 -4.60534
-1052.91 -5492.95 308.159 60148 -4.60534
-1052.95 -5492.45 308.174 60148 -4.60534
-1052.99 -5491.96 308.188 60148 -4.60534
-1053.03 -5491.46 308.203 60148 -4.60534
-1053.07 -5490.96 308.218 60148 -4.60534
-1053.11 -5490.46 308.233 60148 -4.60534
-1053.15 -5489.97 308.247 60148 -4.60534
-1053.19 -5489.48 308.262 60148 -4.60534
-1053.23 -5488.99 308.276 60148 -4.60534
-1053.27 -5488.5 308.291 60148 -4.60534
-1053.31 -5488.01 308.306 60148 -4.60534
-1053.35 -5487.52 308.32 60148 -4.60534
-1053.39 -5487.05 308.334 60148 -4.60534
-1053.42 -5486.57 308.348 60148 -4.60534
-1053.46 -5486.1 308.363 60148 -4.60534
-1053.5 -5485.62 308.377 60148 -4.60534
-1053.54 -5485.14 308.391 60148 -4.60534
-1053.58 -5484.67 308.405 60148 -4.60534
-1053.62 -5484.19 308.419 60148 -4.60534
-1053.65 -5483.71 308.433 60148 -4.60534
-1053.69 -5483.24 308.447 60148 -4.60534
-1053.73 -5482.76 308.462 60148 -4.60534
-1053.77 -5482.28 308.476 60148 -4.60534
-1053.81 -5481.81 308.49 60148 -4.81568
-1053.85 -5481.27 308.506 60148 -4.81568
-1053.9 -5480.74 308.522 60148 -4.81568
-1053.94 -5480.21 308.538 60148 -4.81567
-1053.99 -5479.67 308.553 60148 -4.81567
-1054.03 -5479.14 308.569 60148 -4.81567
-1054.08 -5478.61 308.585 60148 0
