-625.341 -6096.29 294.356 30149
-626.907 -6095.3 294.393 30149
-628.462 -6094.33 294.431 30149
-630.014 -6093.35 294.468 30149
-631.567 -6092.38 294.505 30149
-633.119 -6091.41 294.542 30149
-634.673 -6090.43 294.579 30149
-636.226 -6089.46 294.616 30149
-637.779 -6088.48 294.653 30149
-639.332 -6087.51 294.69 30149
-640.886 -6086.53 294.727 30149
-642.439 -6085.56 294.764 30149
-643.996 -6084.59 294.802 30149
-645.554 -6083.62 294.839 30149
-647.111 -6082.66 294.877 30149
-648.669 -6081.69 294.914 30149
-650.226 -6080.72 294.952 30149
-651.784 -6079.75 294.99 30149
-653.342 -6078.79 295.027 30149
-654.898 -6077.82 295.065 30149
-656.455 -6076.85 295.102 30149
-658.007 -6075.89 295.14 30149
-659.565 -6074.93 295.177 30149
-661.144 -6073.93 295.215 30149
-662.75 -6072.9 295.254 30149
-664.387 -6071.82 295.294 30149
-666.061 -6070.73 295.336 30149
-667.732 -6069.64 295.377 30149
-669.378 -6068.56 295.418 30149
-671.002 -6067.52 295.457 30149
-672.61 -6066.5 295.497 30149
-674.23 -6065.51 295.536 30149
-675.873 -6064.48 295.576 30149
-677.542 -6063.41 295.617 30149
-679.237 -6062.35 295.658 30149
-680.936 -6061.28 295.7 30149
-682.633 -6060.22 295.741 30149
-684.323 -6059.16 295.783 30149
-686.024 -6058.09 295.824 30149
-687.742 -6057.01 295.866 30149
-689.443 -6055.93 295.908 30149
-691.116 -6054.9 295.949 30149
-692.734 -6053.87 295.989 30149
-694.308 -6052.81 296.028 30149
-695.887 -6051.74 296.068 30149
-697.471 -6050.68 296.108 30149
-699.055 -6049.62 296.147 30149
-700.638 -6048.55 296.187 30149
-702.219 -6047.49 296.227 30149
-703.796 -6046.43 296.266 30149
-705.39 -6045.36 296.306 30149
-707.006 -6044.31 296.346 30149
-708.636 -6043.25 296.387 30149
-710.309 -6042.13 296.429 30149
-712.004 -6040.96 296.472 30149
-713.759 -6039.79 296.516 30149
-715.579 -6038.58 296.561 30149
-717.385 -6037.38 296.607 30149
-719.189 -6036.19 296.652 30149
-720.993 -6034.99 296.697 30149
-722.797 -6033.79 296.742 30149
-724.598 -6032.6 296.788 30149
-726.406 -6031.4 296.833 30149
-728.226 -6030.19 296.879 30149
-730.05 -6028.98 296.924 30149
-731.879 -6027.79 296.97 30149
-733.693 -6026.57 297.016 30149
-735.511 -6025.33 297.062 30149
-737.358 -6024.07 297.108 30149
-739.228 -6022.8 297.156 30149
-741.121 -6021.5 297.203 30149
-743.029 -6020.2 297.252 30149
-744.957 -6018.89 297.3 30149
-746.896 -6017.56 297.35 30149
-748.841 -6016.17 297.4 30149
-750.815 -6014.73 297.451 30149
-752.772 -6013.24 297.502 30149
-754.651 -6011.77 297.552 30149
-756.496 -6010.31 297.601 30149
-758.32 -6008.9 297.649 30149
-760.126 -6007.56 297.696 30149
-761.954 -6006.28 297.742 30149
-763.763 -6004.98 297.788 30149
-765.577 -6003.63 297.836 30149
-767.407 -6002.24 297.883 30149
-769.213 -6000.81 297.931 30149
-771.004 -5999.41 297.979 30149
-772.775 -5998.06 298.025 30149
-774.531 -5996.76 298.071 30149
-776.259 -5995.48 298.115 30149
-777.912 -5994.17 298.159 30149
-779.519 -5992.8 298.203 30149
-781.151 -5991.38 298.247 30149
-782.832 -5989.95 298.293 30149
-784.554 -5988.52 298.339 30149
-786.284 -5987.13 298.385 30149
-788.017 -5985.78 298.431 30149
-789.751 -5984.46 298.476 30149
-791.486 -5983.16 298.521 30149
-793.21 -5981.86 298.565 30149
-794.944 -5980.55 298.61 30149
-796.667 -5979.25 298.655 30149
-798.314 -5977.91 298.698 30149
-799.946 -5976.57 298.742 30149
-801.576 -5975.21 298.785 30149
-803.231 -5973.83 298.829 30149
-804.896 -5972.45 298.873 30149
-806.559 -5971.06 298.918 30149
-808.238 -5969.66 298.962 30149
-809.918 -5968.26 299.007 30149
-811.578 -5966.87 299.052 30149
-813.216 -5965.51 299.095 30149
-814.878 -5964.12 299.139 30149
-816.541 -5962.74 299.183 30149
0 0 0 0
0 0 0 0
0 0 0 0
0 0 0 0
0 0 0 0
0 0 0 0
0 0 0 0
0 0 0 0
0 0 0 0
0 0 0 0
0 0 0 0
0 0 0 0
0 0 0 0
0 0 0 0
0 0 0 0
0 0 0 0
0 0 0 0
0 0 0 0
0 0 0 0
0 0 0 0
0 0 0 0
0 0 0 0
0 0 0 0
0 0 0 0
0 0 0 0
0 0 0 0
0 0 0 0
0 0 0 0
0 0 0 0
0 0 0 0
0 0 0 0
0 0 0 0
0 0 0 0
0 0 0 0
0 0 0 0
0 0 0 0
0 0 0 0
0 0 0 0
0 0 0 0
0 0 0 0
0 0 0 0
0 0 0 0
0 0 0 0
0 0 0 0
0 0 0 0
0 0 0 0
0 0 0 0
0 0 0 0
0 0 0 0
0 0 0 0
0 0 0 0
0 0 0 0
0 0 0 0
0 0 0 0
0 0 0 0
0 0 0 0
0 0 0 0
0 0 0 0
0 0 0 0
0 0 0 0
0 0 0 0
0 0 0 0
0 0 0 0
0 0 0 0
0 0 0 0
0 0 0 0
0 0 0 0
0 0 0 0
0 0 0 0
0 0 0 0
0 0 0 0
0 0 0 0
0 0 0 0
0 0 0 0
0 0 0 0
0 0 0 0
0 0 0 0
0 0 0 0
0 0 0 0
0 0 0 0
0 0 0 0
0 0 0 0
0 0 0 0
0 0 0 0
0 0 0 0
0 0 0 0
0 0 0 0
0 0 0 0
0 0 0 0
0 0 0 0
0 0 0 0
0 0 0 0
0 0 0 0
0 0 0 0
0 0 0 0
0 0 0 0
0 0 0 0
0 0 0 0
0 0 0 0
0 0 0 0
0 0 0 0
0 0 0 0
0 0 0 0
0 0 0 0
0 0 0 0
0 0 0 0
0 0 0 0
0 0 0 0
0 0 0 0
0 0 0 0
0 0 0 0
0 0 0 0
0 0 0 0
0 0 0 0
0 0 0 0
0 0 0 0
0 0 0 0
0 0 0 0
0 0 0 0
0 0 0 0
0 0 0 0
0 0 0 0
0 0 0 0
0 0 0 0
0 0 0 0
0 0 0 0
0 0 0 0
0 0 0 0
0 0 0 0
0 0 0 0
0 0 0 0
0 0 0 0
0 0 0 0
0 0 0 0
0 0 0 0
0 0 0 0
0 0 0 0
0 0 0 0
0 0 0 0
0 0 0 0
0 0 0 0
0 0 0 0
0 0 0 0
0 0 0 0
0 0 0 0
0 0 0 0
0 0 0 0
0 0 0 0
0 0 0 0
0 0 0 0
0 0 0 0
0 0 0 0
0 0 0 0
0 0 0 0
0 0 0 0
0 0 0 0
0 0 0 0
0 0 0 0
0 0 0 0
0 0 0 0
0 0 0 0
0 0 0 0
0 0 0 0
0 0 0 0
0 0 0 0
0 0 0 0
0 0 0 0
0 0 0 0
0 0 0 0
0 0 0 0
0 0 0 0
0 0 0 0
0 0 0 0
0 0 0 0
0 0 0 0
0 0 0 0
0 0 0 0
0 0 0 0
0 0 0 0
0 0 0 0
0 0 0 0
0 0 0 0
0 0 0 0
0 0 0 0
0 0 0 0
0 0 0 0
