-442.659 -6211.11 294.63 10149
-443.955 -6210.32 294.61 10149
-445.279 -6209.52 294.59 10149
-446.63 -6208.69 294.57 10149
-448.004 -6207.84 294.549 10149
-449.397 -6207.01 294.529 10149
-450.793 -6206.17 294.508 10149
-452.187 -6205.33 294.488 10149
-453.564 -6204.49 294.467 10149
-454.917 -6203.66 294.447 10149
-456.244 -6202.87 294.428 10149
-457.545 -6202.1 294.408 10149
-458.837 -6201.35 294.389 10149
-460.115 -6200.56 294.37 10149
-461.378 -6199.74 294.351 10149
-462.643 -6198.91 294.332 10149
-463.913 -6198.11 294.314 10149
-465.196 -6197.33 294.295 10149
-466.472 -6196.55 294.276 10149
-467.736 -6195.75 294.257 10149
-469.006 -6194.95 294.238 10149
-470.275 -6194.15 294.22 10149
-471.544 -6193.35 294.201 10149
-472.813 -6192.55 294.182 10149
-474.082 -6191.75 294.163 10149
-475.351 -6190.95 294.144 10149
-476.194 -6190.42 294.131 20149
-477.465 -6189.61 294.112 20149
-478.731 -6188.81 294.093 20149
-479.986 -6188.02 294.073 20149
-481.231 -6187.23 294.054 20149
-482.481 -6186.43 294.035 20149
-483.742 -6185.62 294.015 20149
-485.008 -6184.81 293.996 20149
-486.272 -6184 293.976 20149
-487.536 -6183.2 293.957 20149
-488.8 -6182.39 293.938 20149
-490.062 -6181.58 293.918 20149
-491.322 -6180.78 293.904 20149
-492.585 -6179.97 293.889 20149
-493.865 -6179.15 293.874 20149
-495.161 -6178.32 293.858 20149
-496.474 -6177.48 293.843 20149
-497.791 -6176.65 293.827 20149
-499.102 -6175.84 293.812 20149
-500.406 -6175.05 293.797 20149
-501.712 -6174.26 293.782 20149
-503.036 -6173.46 293.766 20149
-504.387 -6172.63 293.751 20149
-505.764 -6171.77 293.739 20149
-507.164 -6170.88 293.728 20149
-508.577 -6169.99 293.716 20149
-509.991 -6169.1 293.705 20149
-511.401 -6168.21 293.693 20149
-512.811 -6167.32 293.682 20149
-514.221 -6166.43 293.67 20149
-515.631 -6165.54 293.659 20149
-517.04 -6164.66 293.647 20149
-518.451 -6163.77 293.636 20149
-519.86 -6162.88 293.628 20149
-521.27 -6161.99 293.621 20149
-522.68 -6161.1 293.615 20149
-524.09 -6160.21 293.608 20149
-525.5 -6159.32 293.602 20149
-526.91 -6158.43 293.595 20149
-528.32 -6157.55 293.589 20149
-529.73 -6156.66 293.582 20149
-531.14 -6155.77 293.576 20149
-532.55 -6154.88 293.569 20149
-533.96 -6153.99 293.565 20149
-535.37 -6153.1 293.563 20149
-536.78 -6152.21 293.562 20149
-538.189 -6151.32 293.56 20149
-539.599 -6150.44 293.559 20149
-541.009 -6149.55 293.557 20149
-542.419 -6148.66 293.556 20149
-543.83 -6147.77 293.554 20149
-545.246 -6146.88 293.553 20149
-546.651 -6146 293.551 20149
-548.03 -6145.11 293.55 20149
-549.384 -6144.22 293.554 20149
-550.716 -6143.32 293.557 20149
-552.029 -6142.41 293.561 20149
-553.34 -6141.51 293.564 20149
-554.647 -6140.61 293.567 20149
-555.952 -6139.72 293.57 20149
-557.256 -6138.82 293.574 20149
-558.561 -6137.92 293.577 20149
-559.876 -6137.03 293.58 20149
-561.214 -6136.13 293.584 20149
-562.577 -6135.23 293.589 20149
-563.965 -6134.34 293.597 20149
-565.374 -6133.46 293.606 20149
-566.783 -6132.58 293.614 20149
-568.194 -6131.69 293.622 20149
-569.654 -6130.8 293.631 20149
-571.151 -6129.87 293.64 20149
-572.697 -6128.9 293.649 20149
-574.286 -6127.9 293.659 20149
-575.924 -6126.85 293.668 20149
-577.582 -6125.8 293.682 20149
-579.215 -6124.77 293.697 20149
-580.814 -6123.78 293.712 20149
-582.384 -6122.8 293.727 20149
-583.935 -6121.83 293.742 20149
-585.484 -6120.86 293.756 20149
-587.036 -6119.88 293.771 20149
-588.591 -6118.91 293.785 20149
-590.142 -6117.94 293.8 20149
-591.686 -6116.97 293.817 20149
-593.226 -6116 293.837 20149
-594.766 -6115.02 293.857 20149
-596.314 -6114.05 293.876 20149
-597.866 -6113.06 293.896 20149
-599.416 -6112.09 293.916 20149
-600.965 -6111.11 293.936 20149
-602.515 -6110.13 293.956 20149
-604.065 -6109.15 293.976 20149
-605.614 -6108.17 293.997 20149
-607.165 -6107.19 294.022 20149
-608.714 -6106.21 294.047 20149
-610.264 -6105.23 294.072 20149
-611.815 -6104.25 294.098 20149
-613.363 -6103.27 294.123 20149
-614.908 -6102.3 294.148 20149
-616.457 -6101.32 294.173 20149
-618.031 -6100.34 294.199 20149
-619.627 -6099.33 294.225 20149
-620.806 -6098.57 294.254 30149
-622.448 -6097.52 294.293 30149
-624.107 -6096.47 294.333 30149
-625.789 -6095.42 294.373 30149
-627.479 -6094.35 294.413 30149
-629.175 -6093.29 294.454 30149
-630.87 -6092.23 294.494 30149
-632.566 -6091.16 294.535 30149
-634.259 -6090.1 294.575 30149
-635.953 -6089.04 294.616 30149
-637.647 -6087.98 294.656 30149
-639.34 -6086.91 294.697 30149
-641.034 -6085.85 294.737 30149
-642.729 -6084.79 294.778 30149
-644.428 -6083.74 294.819 30149
-646.126 -6082.68 294.86 30149
-647.825 -6081.62 294.9 30149
-649.523 -6080.57 294.941 30149
-651.222 -6079.51 294.982 30149
-652.921 -6078.46 295.023 30149
-654.622 -6077.4 295.064 30149
-656.314 -6076.35 295.105 30149
-657.992 -6075.31 295.146 30149
-659.673 -6074.27 295.186 30149
-661.372 -6073.2 295.227 30149
-663.106 -6072.1 295.269 30149
-664.869 -6070.99 295.312 30149
-666.636 -6069.87 295.355 30149
-668.396 -6068.76 295.398 30149
-670.134 -6067.66 295.441 30149
-671.852 -6066.59 295.483 30149
-673.552 -6065.52 295.524 30149
-675.243 -6064.46 295.565 30149
-676.934 -6063.4 295.607 30149
-678.628 -6062.34 295.648 30149
-680.322 -6061.28 295.689 30149
-682.015 -6060.22 295.731 30149
-683.709 -6059.15 295.772 30149
-685.395 -6058.1 295.813 30149
-687.096 -6057.03 295.855 30149
-688.826 -6055.93 295.897 30149
-690.582 -6054.84 295.94 30149
-692.329 -6053.77 295.983 30149
-694.041 -6052.71 296.025 30149
-695.737 -6051.67 296.066 30149
-697.442 -6050.62 296.108 30149
-699.146 -6049.57 296.15 30149
-700.851 -6048.52 296.191 30149
-702.556 -6047.47 296.233 30149
-704.261 -6046.42 296.274 30149
-705.976 -6045.37 296.316 30149
-707.671 -6044.32 296.358 30149
-709.326 -6043.31 296.398 30149
-710.939 -6042.26 296.438 30149
-712.555 -6041.19 296.479 30149
-714.212 -6040.09 296.52 30149
-715.887 -6038.98 296.562 30149
-717.553 -6037.88 296.604 30149
-719.219 -6036.77 296.646 30149
-720.885 -6035.66 296.688 30149
-722.551 -6034.56 296.729 30149
-724.217 -6033.45 296.771 30149
-725.879 -6032.35 296.813 30149
-727.543 -6031.25 296.854 30149
-729.225 -6030.13 296.897 30149
-730.94 -6029.02 296.939 30149
-732.677 -6027.88 296.983 30149
-734.404 -6026.69 297.027 30149
-736.144 -6025.5 297.07 30149
-737.882 -6024.31 297.114 30149
-739.61 -6023.14 297.158 30149
-741.328 -6021.96 297.202 30149
-743.031 -6020.79 297.245 30149
-744.712 -6019.65 297.287 30149
-746.381 -6018.52 297.329 30149
-748.058 -6017.38 297.372 30149
-749.764 -6016.17 297.415 30149
-751.487 -6014.93 297.46 30149
-753.243 -6013.63 297.505 30149
-754.971 -6012.31 297.551 30149
-756.643 -6010.95 297.595 30149
-758.307 -6009.64 297.64 30149
-759.975 -6008.36 297.683 30149
-761.637 -6007.1 297.727 30149
-763.289 -6005.91 297.769 30149
-764.926 -6004.75 297.811 30149
-766.543 -6003.58 297.853 30149
-768.137 -6002.37 297.894 30149
-769.734 -6001.16 297.936 30149
-771.359 -5999.99 297.978 30149
-773.002 -5998.86 298.019 30149
-774.662 -5997.76 298.061 30149
-776.31 -5996.65 298.102 30149
-777.895 -5995.48 298.143 30149
-779.518 -5994.23 298.185 30149
-781.147 -5992.91 298.228 30149
-782.802 -5991.55 298.272 30149
-784.522 -5990.15 298.318 30149
-786.227 -5988.75 298.364 30149
-787.931 -5987.37 298.409 30149
-789.64 -5985.97 298.455 30149
-791.342 -5984.58 298.5 30149
-793.011 -5983.21 298.545 30149
-794.663 -5981.89 298.589 30149
-796.289 -5980.61 298.631 30149
-797.873 -5979.36 298.673 30149
-799.399 -5978.12 298.713 30149
-800.897 -5976.89 298.753 30149
-802.402 -5975.63 298.793 30149
-803.932 -5974.35 298.833 30149
-805.472 -5973.07 298.874 30149
-807.007 -5971.79 298.915 30149
-808.541 -5970.51 298.956 30149
-810.076 -5969.23 298.997 30149
-811.613 -5967.95 299.038 30149
-813.151 -5966.67 299.079 30149
-814.689 -5965.39 299.119 30149
-816.224 -5964.11 299.16 30149
-817.76 -5962.83 299.201 30149
0 0 0 0
0 0 0 0
0 0 0 0
0 0 0 0
0 0 0 0
0 0 0 0
0 0 0 0
0 0 0 0
0 0 0 0
0 0 0 0
0 0 0 0
0 0 0 0
0 0 0 0
0 0 0 0
0 0 0 0
0 0 0 0
0 0 0 0
0 0 0 0
0 0 0 0
0 0 0 0
0 0 0 0
0 0 0 0
0 0 0 0
0 0 0 0
0 0 0 0
0 0 0 0
0 0 0 0
0 0 0 0
0 0 0 0
0 0 0 0
0 0 0 0
0 0 0 0
0 0 0 0
0 0 0 0
0 0 0 0
0 0 0 0
0 0 0 0
0 0 0 0
0 0 0 0
0 0 0 0
0 0 0 0
0 0 0 0
0 0 0 0
0 0 0 0
0 0 0 0
0 0 0 0
0 0 0 0
0 0 0 0
0 0 0 0
0 0 0 0
0 0 0 0
0 0 0 0
0 0 0 0
