-729.915 -6029.58 296.915 30149
-731.668 -6028.43 296.959 30149
-733.43 -6027.26 297.003 30149
-735.191 -6026.05 297.048 30149
-736.961 -6024.84 297.092 30149
-738.748 -6023.62 297.138 30149
-740.545 -6022.4 297.183 30149
-742.35 -6021.16 297.229 30149
-744.154 -6019.93 297.274 30149
-745.956 -6018.71 297.32 30149
-747.76 -6017.47 297.366 30149
-749.59 -6016.16 297.412 30149
-751.439 -6014.8 297.46 30149
-753.301 -6013.38 297.509 30149
-755.096 -6012.01 297.556 30149
-756.847 -6010.64 297.603 30149
-758.567 -6009.33 297.648 30149
-760.269 -6008.11 297.691 30149
-761.964 -6006.9 297.735 30149
-763.631 -6005.65 297.778 30149
-765.32 -6004.35 297.822 30149
-767.005 -6003.03 297.867 30149
-768.685 -6001.73 297.911 30149
-770.364 -6000.48 297.955 30149
-772.058 -5999.26 297.998 30149
-773.783 -5998.04 298.042 30149
-775.481 -5996.8 298.086 30149
-777.098 -5995.55 298.129 30149
-778.657 -5994.26 298.17 30149
-780.241 -5992.94 298.213 30149
-781.878 -5991.61 298.256 30149
-783.541 -5990.24 298.301 30149
-785.215 -5988.89 298.345 30149
-786.884 -5987.57 298.389 30149
-788.531 -5986.26 298.433 30149
-790.179 -5984.94 298.477 30149
-791.833 -5983.63 298.52 30149
-793.501 -5982.36 298.564 30149
-795.162 -5981.11 298.607 30149
-796.778 -5979.9 298.649 30149
-798.325 -5978.66 298.689 30149
-799.835 -5977.43 298.729 30149
-801.336 -5976.18 298.769 30149
-802.864 -5974.9 298.809 30149
-804.404 -5973.62 298.85 30149
-805.935 -5972.34 298.891 30149
-807.469 -5971.06 298.932 30149
-809.021 -5969.78 298.973 30149
-810.588 -5968.46 299.015 30149
-812.168 -5967.14 299.057 30149
-813.747 -5965.83 299.099 30149
-815.283 -5964.55 299.14 30149
-816.818 -5963.27 299.181 30149
0 0 0 0
0 0 0 0
0 0 0 0
0 0 0 0
0 0 0 0
0 0 0 0
0 0 0 0
0 0 0 0
0 0 0 0
0 0 0 0
0 0 0 0
0 0 0 0
0 0 0 0
0 0 0 0
0 0 0 0
0 0 0 0
0 0 0 0
0 0 0 0
0 0 0 0
0 0 0 0
0 0 0 0
0 0 0 0
0 0 0 0
0 0 0 0
0 0 0 0
0 0 0 0
0 0 0 0
0 0 0 0
0 0 0 0
0 0 0 0
0 0 0 0
0 0 0 0
0 0 0 0
0 0 0 0
0 0 0 0
0 0 0 0
0 0 0 0
0 0 0 0
0 0 0 0
0 0 0 0
0 0 0 0
0 0 0 0
0 0 0 0
0 0 0 0
0 0 0 0
0 0 0 0
0 0 0 0
0 0 0 0
0 0 0 0
0 0 0 0
0 0 0 0
0 0 0 0
0 0 0 0
0 0 0 0
0 0 0 0
0 0 0 0
0 0 0 0
0 0 0 0
0 0 0 0
0 0 0 0
0 0 0 0
0 0 0 0
0 0 0 0
0 0 0 0
0 0 0 0
0 0 0 0
0 0 0 0
0 0 0 0
0 0 0 0
0 0 0 0
0 0 0 0
0 0 0 0
0 0 0 0
0 0 0 0
0 0 0 0
0 0 0 0
0 0 0 0
0 0 0 0
0 0 0 0
0 0 0 0
0 0 0 0
0 0 0 0
0 0 0 0
0 0 0 0
0 0 0 0
0 0 0 0
0 0 0 0
0 0 0 0
0 0 0 0
0 0 0 0
0 0 0 0
0 0 0 0
0 0 0 0
0 0 0 0
0 0 0 0
0 0 0 0
0 0 0 0
0 0 0 0
0 0 0 0
0 0 0 0
0 0 0 0
0 0 0 0
0 0 0 0
0 0 0 0
0 0 0 0
0 0 0 0
0 0 0 0
0 0 0 0
0 0 0 0
0 0 0 0
0 0 0 0
0 0 0 0
0 0 0 0
0 0 0 0
0 0 0 0
0 0 0 0
0 0 0 0
0 0 0 0
0 0 0 0
0 0 0 0
0 0 0 0
0 0 0 0
0 0 0 0
0 0 0 0
0 0 0 0
0 0 0 0
0 0 0 0
0 0 0 0
0 0 0 0
0 0 0 0
0 0 0 0
0 0 0 0
0 0 0 0
0 0 0 0
0 0 0 0
0 0 0 0
0 0 0 0
0 0 0 0
0 0 0 0
0 0 0 0
0 0 0 0
0 0 0 0
0 0 0 0
0 0 0 0
0 0 0 0
0 0 0 0
0 0 0 0
0 0 0 0
0 0 0 0
0 0 0 0
0 0 0 0
0 0 0 0
0 0 0 0
0 0 0 0
0 0 0 0
0 0 0 0
0 0 0 0
0 0 0 0
0 0 0 0
0 0 0 0
0 0 0 0
0 0 0 0
0 0 0 0
0 0 0 0
0 0 0 0
0 0 0 0
0 0 0 0
0 0 0 0
0 0 0 0
0 0 0 0
0 0 0 0
0 0 0 0
0 0 0 0
0 0 0 0
0 0 0 0
0 0 0 0
0 0 0 0
0 0 0 0
0 0 0 0
0 0 0 0
0 0 0 0
0 0 0 0
0 0 0 0
0 0 0 0
0 0 0 0
0 0 0 0
0 0 0 0
0 0 0 0
0 0 0 0
0 0 0 0
0 0 0 0
0 0 0 0
0 0 0 0
0 0 0 0
0 0 0 0
0 0 0 0
0 0 0 0
0 0 0 0
0 0 0 0
0 0 0 0
0 0 0 0
0 0 0 0
0 0 0 0
0 0 0 0
0 0 0 0
0 0 0 0
0 0 0 0
0 0 0 0
0 0 0 0
0 0 0 0
0 0 0 0
0 0 0 0
0 0 0 0
0 0 0 0
0 0 0 0
0 0 0 0
0 0 0 0
0 0 0 0
0 0 0 0
0 0 0 0
0 0 0 0
0 0 0 0
0 0 0 0
0 0 0 0
0 0 0 0
0 0 0 0
0 0 0 0
0 0 0 0
0 0 0 0
0 0 0 0
0 0 0 0
0 0 0 0
0 0 0 0
0 0 0 0
0 0 0 0
0 0 0 0
0 0 0 0
0 0 0 0
0 0 0 0
0 0 0 0
0 0 0 0
0 0 0 0
0 0 0 0
0 0 0 0
0 0 0 0
0 0 0 0
0 0 0 0
