-340.028 -6269.58 296.187 10148
-341.105 -6269 296.171 10148
-342.208 -6268.44 296.154 10148
-343.313 -6267.87 296.137 10148
-344.417 -6267.31 296.12 10148
-345.522 -6266.74 296.104 10148
-346.629 -6266.17 296.087 10148
-347.729 -6265.61 296.07 10148
-348.796 -6265.04 296.054 10148
-349.828 -6264.48 296.038 10148
-350.826 -6263.91 296.023 10148
-351.793 -6263.3 296.007 10148
-352.754 -6262.66 295.992 10148
-353.727 -6262.02 295.976 10148
-354.704 -6261.38 295.96 10148
-355.68 -6260.73 295.944 10148
-356.653 -6260.09 295.929 10148
-357.623 -6259.45 295.913 10148
-358.608 -6258.81 295.897 10148
-359.588 -6258.17 295.881 10148
-360.54 -6257.53 295.866 10148
-361.484 -6256.89 295.851 10148
-362.442 -6256.24 295.835 10148
-363.442 -6255.56 295.819 10148
-364.478 -6254.86 295.802 10148
-365.52 -6254.15 295.785 10148
-366.59 -6253.43 295.768 10148
-367.679 -6252.68 295.75 10148
-368.783 -6251.93 295.732 10148
-369.889 -6251.18 295.715 10148
-370.993 -6250.43 295.697 10148
-372.095 -6249.68 295.679 10148
-373.198 -6248.93 295.661 10148
-374.298 -6248.18 295.643 10148
-375.402 -6247.43 295.625 10148
-376.517 -6246.69 295.608 10148
-377.64 -6245.96 295.59 10148
-378.769 -6245.26 295.572 10148
-379.899 -6244.59 295.555 10148
-381.024 -6243.92 295.538 10148
-382.152 -6243.25 295.52 10148
-383.281 -6242.55 295.502 10148
-384.415 -6241.84 295.485 10148
-385.556 -6241.14 295.467 10148
-386.698 -6240.45 295.449 10148
-387.838 -6239.76 295.431 10148
-388.978 -6239.07 295.414 10148
-390.118 -6238.37 295.396 10148
-391.259 -6237.68 295.379 10148
-392.399 -6236.99 295.361 10148
-393.539 -6236.3 295.344 10148
-394.679 -6235.61 295.326 10148
-395.82 -6234.92 295.309 10148
-396.966 -6234.23 295.291 10148
-398.101 -6233.54 295.273 10148
-399.207 -6232.87 295.256 10148
-400.303 -6232.2 295.24 10148
-401.403 -6231.52 295.223 10148
-402.531 -6230.83 295.205 10148
-403.671 -6230.12 295.188 10148
-404.805 -6229.42 295.17 10148
-405.939 -6228.72 295.153 10148
-407.073 -6228.02 295.135 10148
-408.207 -6227.32 295.118 10148
-409.341 -6226.61 295.101 10148
-410.475 -6225.91 295.083 10148
-411.609 -6225.21 295.066 10148
-412.743 -6224.51 295.048 10148
-413.877 -6223.81 295.031 10148
-415.011 -6223.11 295.014 10148
-416.146 -6222.41 294.996 10148
-417.279 -6221.71 294.979 10148
-418.408 -6221.01 294.962 10148
-419.54 -6220.31 294.945 10148
-420.697 -6219.61 294.927 10148
-421.89 -6218.88 294.909 10148
-423.107 -6218.12 294.89 10148
-424.36 -6217.33 294.871 10148
-425.638 -6216.54 294.852 10148
-426.919 -6215.75 294.832 10148
-428.196 -6214.96 294.813 10148
-429.471 -6214.17 294.794 10148
-430.747 -6213.38 294.774 10148
-432.023 -6212.59 294.755 10148
-433.299 -6211.8 294.736 10148
-434.575 -6211.02 294.717 10148
-435.851 -6210.23 294.697 10148
-437.127 -6209.44 294.678 10148
-438.402 -6208.65 294.659 10148
-439.675 -6207.86 294.64 10148
-440.953 -6207.08 294.621 10148
-442.242 -6206.28 294.601 10148
-443.552 -6205.47 294.582 10148
-444.878 -6204.64 294.562 10148
-446.226 -6203.79 294.541 10148
-447.587 -6202.94 294.521 10148
-448.949 -6202.09 294.501 10148
-450.3 -6201.24 294.48 10148
-451.63 -6200.4 294.461 10148
-452.942 -6199.61 294.441 10148
-454.225 -6198.83 294.422 10148
-455.483 -6198.06 294.403 10148
-456.734 -6197.28 294.385 10148
-457.994 -6196.52 294.366 10148
-459.27 -6195.75 294.347 10148
-460.544 -6194.97 294.328 10148
-461.806 -6194.16 294.31 10148
-463.074 -6193.36 294.291 10148
-464.366 -6192.57 294.272 10148
-465.691 -6191.74 294.252 10148
-467.044 -6190.87 294.232 10148
-468.426 -6189.99 294.212 10148
-469.8 -6189.12 294.191 10148
-471.155 -6188.27 294.171 10148
-472.494 -6187.43 294.151 10148
-473.416 -6186.85 294.137 20148
-474.792 -6185.99 294.116 20148
-476.184 -6185.1 294.095 20148
-477.573 -6184.22 294.074 20148
-478.954 -6183.34 294.052 20148
-480.338 -6182.46 294.031 20148
-481.738 -6181.56 294.009 20148
-483.146 -6180.66 293.988 20148
-484.55 -6179.76 293.966 20148
-485.954 -6178.87 293.945 20148
-487.358 -6177.97 293.923 20148
-488.762 -6177.07 293.906 20148
-490.166 -6176.17 293.889 20148
-491.569 -6175.27 293.872 20148
-492.973 -6174.37 293.856 20148
-494.384 -6173.48 293.839 20148
-495.804 -6172.6 293.823 20148
-497.228 -6171.73 293.806 20148
-498.648 -6170.86 293.79 20148
-500.071 -6169.99 293.773 20148
-501.521 -6169.11 293.756 20148
-502.997 -6168.19 293.742 20148
-504.491 -6167.25 293.73 20148
-505.975 -6166.3 293.718 20148
-507.435 -6165.37 293.706 20148
-508.87 -6164.49 293.694 20148
-510.278 -6163.6 293.683 20148
-511.684 -6162.71 293.671 20148
-513.092 -6161.83 293.66 20148
-514.503 -6160.94 293.648 20148
-515.913 -6160.05 293.637 20148
-517.323 -6159.16 293.628 20148
-518.733 -6158.27 293.622 20148
-520.143 -6157.38 293.615 20148
-521.552 -6156.49 293.609 20148
-522.962 -6155.6 293.602 20148
-524.372 -6154.72 293.596 20148
-525.782 -6153.83 293.589 20148
-527.192 -6152.94 293.583 20148
-528.602 -6152.05 293.576 20148
-530.012 -6151.16 293.57 20148
-531.422 -6150.27 293.565 20148
-532.832 -6149.38 293.563 20148
-534.242 -6148.49 293.562 20148
-535.652 -6147.6 293.56 20148
-537.062 -6146.72 293.559 20148
-538.472 -6145.83 293.558 20148
-539.882 -6144.94 293.556 20148
-541.292 -6144.05 293.555 20148
-542.702 -6143.16 293.553 20148
-544.111 -6142.27 293.552 20148
-545.519 -6141.38 293.55 20148
-546.931 -6140.49 293.554 20148
-548.352 -6139.6 293.557 20148
-549.776 -6138.7 293.561 20148
-551.199 -6137.81 293.564 20148
-552.614 -6136.93 293.568 20148
-554.023 -6136.04 293.571 20148
-555.431 -6135.16 293.575 20148
-556.842 -6134.28 293.578 20148
-558.277 -6133.4 293.582 20148
-559.746 -6132.49 293.585 20148
-561.245 -6131.53 293.593 20148
-562.762 -6130.57 293.602 20148
-564.262 -6129.62 293.611 20148
-565.746 -6128.7 293.62 20148
-567.238 -6127.79 293.629 20148
-568.77 -6126.83 293.638 20148
-570.337 -6125.83 293.647 20148
-571.938 -6124.8 293.657 20148
-573.582 -6123.72 293.667 20148
-575.245 -6122.63 293.68 20148
-576.894 -6121.55 293.695 20148
-578.512 -6120.51 293.711 20148
-580.105 -6119.5 293.726 20148
-581.672 -6118.53 293.74 20148
-583.223 -6117.55 293.755 20148
-584.771 -6116.58 293.769 20148
-586.326 -6115.61 293.784 20148
-587.877 -6114.63 293.799 20148
-589.417 -6113.67 293.815 20148
-590.953 -6112.7 293.835 20148
-592.49 -6111.73 293.855 20148
-594.037 -6110.75 293.874 20148
-595.59 -6109.77 293.894 20148
-597.139 -6108.79 293.914 20148
-598.689 -6107.81 293.934 20148
-600.239 -6106.83 293.954 20148
-601.788 -6105.85 293.974 20148
-603.338 -6104.87 293.994 20148
-604.888 -6103.9 294.019 20148
-606.438 -6102.92 294.045 20148
-607.988 -6101.94 294.07 20148
-609.538 -6100.96 294.095 20148
-611.088 -6099.98 294.12 20148
-612.638 -6099 294.146 20148
-614.188 -6098.02 294.171 20148
-615.738 -6097.04 294.196 20148
-617.288 -6096.06 294.221 20148
-618.371 -6095.37 294.247 30148
-619.917 -6094.39 294.284 30148
-621.48 -6093.4 294.321 30148
-623.05 -6092.41 294.359 30148
-624.617 -6091.43 294.396 30148
-626.169 -6090.45 294.433 30148
-627.714 -6089.49 294.47 30148
-629.262 -6088.51 294.507 30148
-630.81 -6087.54 294.544 30148
-632.358 -6086.57 294.581 30148
-633.906 -6085.6 294.618 30148
-635.454 -6084.63 294.655 30148
-637.002 -6083.66 294.691 30148
-638.551 -6082.69 294.728 30148
-640.099 -6081.72 294.765 30148
-641.651 -6080.75 294.803 30148
-643.203 -6079.79 294.84 30148
-644.756 -6078.82 294.878 30148
-646.309 -6077.86 294.915 30148
-647.861 -6076.89 294.952 30148
-649.413 -6075.93 294.99 30148
-650.966 -6074.96 295.027 30148
-652.518 -6074 295.065 30148
-654.073 -6073.03 295.102 30148
-655.618 -6072.07 295.139 30148
-657.15 -6071.12 295.176 30148
-658.685 -6070.16 295.213 30148
-660.246 -6069.18 295.251 30148
-661.845 -6068.17 295.29 30148
-663.462 -6067.15 295.329 30148
-665.075 -6066.13 295.369 30148
-666.679 -6065.12 295.408 30148
-668.266 -6064.12 295.447 30148
-669.836 -6063.13 295.485 30148
-671.388 -6062.16 295.523 30148
-672.933 -6061.19 295.561 30148
-674.479 -6060.22 295.599 30148
-676.027 -6059.25 295.636 30148
-677.576 -6058.28 295.674 30148
-679.123 -6057.31 295.712 30148
-680.671 -6056.34 295.75 30148
-682.208 -6055.37 295.787 30148
-683.767 -6054.4 295.825 30148
-685.374 -6053.39 295.865 30148
-686.993 -6052.36 295.905 30148
-688.609 -6051.37 295.944 30148
-690.178 -6050.4 295.983 30148
-691.724 -6049.45 296.02 30148
-693.283 -6048.49 296.059 30148
-694.841 -6047.53 296.097 30148
-696.398 -6046.57 296.135 30148
-697.957 -6045.61 296.173 30148
-699.515 -6044.65 296.211 30148
-701.073 -6043.69 296.249 30148
-702.641 -6042.73 296.288 30148
-704.192 -6041.77 296.326 30148
-705.697 -6040.85 296.362 30148
-707.168 -6039.94 296.398 30148
-708.625 -6039 296.435 30148
-710.118 -6038.01 296.472 30148
-711.646 -6036.99 296.511 30148
-713.173 -6035.98 296.549 30148
-714.696 -6034.97 296.587 30148
-716.219 -6033.96 296.625 30148
-717.741 -6032.95 296.664 30148
-719.264 -6031.94 296.702 30148
-720.786 -6030.93 296.74 30148
-722.309 -6029.92 296.779 30148
-723.827 -6028.91 296.817 30148
-725.354 -6027.9 296.855 30148
-726.901 -6026.87 296.894 30148
-728.461 -6025.84 296.933 30148
-730.01 -6024.83 296.972 30148
-731.516 -6023.82 297.01 30148
-733.01 -6022.81 297.048 30148
-734.536 -6021.8 297.086 30148
-736.089 -6020.74 297.125 30148
-737.664 -6019.63 297.166 30148
-739.269 -6018.51 297.207 30148
-740.889 -6017.39 297.248 30148
-742.507 -6016.26 297.289 30148
-744.084 -6015.14 297.33 30148
-745.631 -6014.06 297.369 30148
-747.199 -6013 297.409 30148
-748.777 -6011.84 297.45 30148
-750.376 -6010.64 297.492 30148
