-321.175 -6282.3 296.498 148
-322.061 -6281.71 296.483 148
-322.989 -6281.1 296.468 148
-323.967 -6280.45 296.452 148
-324.942 -6279.81 296.436 148
-325.91 -6279.17 296.42 148
-326.893 -6278.52 296.404 148
-327.908 -6277.85 296.387 148
-328.955 -6277.16 296.37 148
-330.035 -6276.44 296.352 148
-331.145 -6275.73 296.334 148
-332.256 -6275.01 296.316 148
-332.938 -6274.57 296.305 10148
-334.051 -6273.86 296.287 10148
-335.168 -6273.14 296.269 10148
-336.245 -6272.44 296.252 10148
-337.276 -6271.77 296.235 10148
-338.258 -6271.15 296.219 10148
-339.182 -6270.56 296.204 10148
-340.073 -6270.02 296.19 10148
-340.886 -6269.49 296.177 10148
-341.702 -6268.94 296.164 10148
-342.605 -6268.38 296.149 10148
-343.563 -6267.78 296.134 10148
-344.601 -6267.14 296.117 10148
-345.714 -6266.48 296.1 10148
-346.886 -6265.78 296.081 10148
-348.123 -6265.07 296.062 10148
-349.357 -6264.35 296.043 10148
-350.587 -6263.64 296.023 10148
-351.822 -6262.93 296.004 10148
-353.051 -6262.22 295.985 10148
-354.227 -6261.51 295.967 10148
-355.359 -6260.83 295.949 10148
-356.447 -6260.18 295.932 10148
-357.488 -6259.54 295.915 10148
-358.482 -6258.9 295.899 10148
-359.442 -6258.26 295.884 10148
-360.36 -6257.66 295.869 10148
-361.255 -6257.05 295.854 10148
-362.182 -6256.42 295.839 10148
-363.158 -6255.77 295.824 10148
-364.178 -6255.09 295.807 10148
-365.24 -6254.36 295.79 10148
-366.35 -6253.61 295.772 10148
-367.515 -6252.84 295.753 10148
-368.732 -6252.06 295.734 10148
-370 -6251.26 295.714 10148
-371.312 -6250.47 295.693 10148
-372.631 -6249.68 295.673 10148
-373.947 -6248.88 295.652 10148
-375.263 -6248.09 295.632 10148
-376.584 -6247.29 295.611 10148
-377.897 -6246.49 295.591 10148
-379.203 -6245.72 295.571 10148
-380.491 -6244.99 295.551 10148
-381.758 -6244.29 295.532 10148
-383.011 -6243.56 295.513 10148
-384.245 -6242.77 295.493 10148
-385.476 -6241.98 295.474 10148
-386.71 -6241.22 295.454 10148
-387.943 -6240.47 295.435 10148
-389.193 -6239.72 295.416 10148
-390.458 -6238.95 295.397 10148
-391.742 -6238.17 295.377 10148
-393.028 -6237.39 295.357 10148
-394.313 -6236.61 295.337 10148
-395.595 -6235.84 295.317 10148
-396.884 -6235.05 295.298 10148
-398.161 -6234.28 295.278 10148
-399.412 -6233.52 295.259 10148
-400.652 -6232.77 295.24 10148
-401.896 -6232 295.22 10148
-403.165 -6231.22 295.201 10148
-404.447 -6230.42 295.181 10148
-405.723 -6229.63 295.162 10148
-406.999 -6228.85 295.142 10148
-408.274 -6228.06 295.122 10148
-409.55 -6227.27 295.103 10148
-410.826 -6226.48 295.083 10148
-412.102 -6225.69 295.064 10148
-413.378 -6224.9 295.044 10148
-414.652 -6224.11 295.025 10148
-415.924 -6223.33 295.005 10148
-417.2 -6222.54 294.985 10148
-418.493 -6221.75 294.966 10148
-419.804 -6220.93 294.946 10148
-421.127 -6220.11 294.926 10148
-422.437 -6219.3 294.906 10148
-423.731 -6218.5 294.886 10148
-425.006 -6217.71 294.867 10148
-426.278 -6216.93 294.848 10148
-427.553 -6216.14 294.828 10148
-428.829 -6215.35 294.809 10148
-430.105 -6214.56 294.789 10148
-431.381 -6213.77 294.77 10148
-432.657 -6212.98 294.751 10148
-433.933 -6212.2 294.732 10148
-435.208 -6211.41 294.712 10148
-436.48 -6210.62 294.693 10148
-437.755 -6209.83 294.674 10148
-439.045 -6209.04 294.655 10148
-440.355 -6208.23 294.635 10148
-441.692 -6207.41 294.615 10148
-443.054 -6206.56 294.594 10148
-444.438 -6205.7 294.574 10148
-445.835 -6204.83 294.552 10148
-447.239 -6203.95 294.532 10148
-448.645 -6203.08 294.511 10148
-450.053 -6202.2 294.49 10148
-451.46 -6201.32 294.468 10148
-452.854 -6200.44 294.448 10148
-454.212 -6199.61 294.427 10148
-455.539 -6198.8 294.408 10148
-456.826 -6198.02 294.389 10148
-458.08 -6197.23 294.37 10148
-459.337 -6196.46 294.351 10148
-460.612 -6195.7 294.333 10148
-461.887 -6194.91 294.314 10148
-463.154 -6194.1 294.295 10148
-464.424 -6193.3 294.276 10148
-465.693 -6192.5 294.257 10148
-466.962 -6191.7 294.238 10148
-468.231 -6190.9 294.22 10148
-469.5 -6190.1 294.201 10148
-470.77 -6189.3 294.182 10148
-472.039 -6188.51 294.163 10148
-473.308 -6187.71 294.144 10148
-474.149 -6187.17 294.132 20148
-475.421 -6186.37 294.112 20148
-476.686 -6185.57 294.093 20148
-477.934 -6184.79 294.073 20148
-479.172 -6183.99 294.054 20148
-480.416 -6183.2 294.035 20148
-481.676 -6182.39 294.016 20148
-482.943 -6181.58 293.996 20148
-484.208 -6180.77 293.977 20148
-485.47 -6179.97 293.957 20148
-486.729 -6179.16 293.938 20148
-487.991 -6178.36 293.919 20148
-489.277 -6177.55 293.904 20148
-490.599 -6176.71 293.888 20148
-491.946 -6175.84 293.872 20148
-493.326 -6174.94 293.856 20148
-494.724 -6174.06 293.84 20148
-496.116 -6173.2 293.823 20148
-497.496 -6172.35 293.807 20148
-498.866 -6171.51 293.791 20148
-500.241 -6170.67 293.775 20148
-501.645 -6169.82 293.759 20148
-503.071 -6168.93 293.745 20148
-504.52 -6168.02 293.733 20148
-505.961 -6167.1 293.721 20148
-507.389 -6166.21 293.709 20148
-508.8 -6165.32 293.698 20148
-510.206 -6164.43 293.686 20148
-511.614 -6163.54 293.675 20148
-513.025 -6162.66 293.663 20148
-514.435 -6161.77 293.652 20148
-515.845 -6160.88 293.64 20148
-517.255 -6159.99 293.63 20148
-518.664 -6159.1 293.624 20148
-520.074 -6158.21 293.617 20148
-521.484 -6157.32 293.611 20148
-522.895 -6156.43 293.604 20148
-524.305 -6155.55 293.598 20148
-525.715 -6154.66 293.591 20148
-527.124 -6153.77 293.585 20148
-528.534 -6152.88 293.578 20148
-529.945 -6151.99 293.572 20148
-531.353 -6151.1 293.565 20148
-532.759 -6150.22 293.564 20148
-534.169 -6149.33 293.562 20148
-535.593 -6148.44 293.561 20148
-537.036 -6147.53 293.559 20148
-538.505 -6146.6 293.558 20148
-540.001 -6145.66 293.556 20148
-541.517 -6144.7 293.555 20148
-543.042 -6143.73 293.553 20148
-544.557 -6142.78 293.551 20148
-546.062 -6141.83 293.551 20148
-547.582 -6140.88 293.554 20148
-549.124 -6139.9 293.558 20148
-550.69 -6138.92 293.562 20148
-552.258 -6137.94 293.566 20148
-553.815 -6136.96 293.57 20148
-555.366 -6135.99 293.574 20148
-556.92 -6135.02 293.577 20148
-558.474 -6134.04 293.581 20148
-560.027 -6133.07 293.585 20148
-561.581 -6132.1 293.593 20148
-563.136 -6131.12 293.602 20148
-564.688 -6130.15 293.612 20148
-566.234 -6129.18 293.621 20148
-567.791 -6128.21 293.63 20148
-569.397 -6127.22 293.639 20148
-571.032 -6126.18 293.649 20148
-572.702 -6125.1 293.659 20148
-574.415 -6123.96 293.67 20148
-576.128 -6122.83 293.685 20148
-577.798 -6121.75 293.701 20148
-579.432 -6120.71 293.716 20148
-581.037 -6119.71 293.731 20148
-582.593 -6118.74 293.746 20148
-584.139 -6117.77 293.76 20148
-585.689 -6116.79 293.775 20148
-587.245 -6115.82 293.789 20148
-588.796 -6114.84 293.804 20148
-590.337 -6113.88 293.822 20148
-591.872 -6112.91 293.842 20148
-593.41 -6111.94 293.862 20148
-594.957 -6110.96 293.882 20148
-596.509 -6109.98 293.902 20148
-598.059 -6109 293.922 20148
-599.608 -6108.02 293.942 20148
-601.158 -6107.04 293.962 20148
-602.708 -6106.06 293.982 20148
-604.258 -6105.08 294.003 20148
-605.808 -6104.1 294.029 20148
-607.358 -6103.12 294.054 20148
-608.908 -6102.15 294.079 20148
-610.457 -6101.17 294.104 20148
-612.007 -6100.19 294.13 20148
-613.557 -6099.21 294.155 20148
-615.107 -6098.23 294.18 20148
-616.657 -6097.25 294.205 20148
-617.752 -6096.56 294.224 30148
-619.292 -6095.58 294.26 30148
-620.839 -6094.6 294.297 30148
-622.401 -6093.61 294.335 30148
-623.974 -6092.62 294.372 30148
-625.541 -6091.64 294.41 30148
-627.093 -6090.66 294.447 30148
-628.638 -6089.69 294.484 30148
-630.187 -6088.72 294.521 30148
-631.736 -6087.75 294.557 30148
-633.285 -6086.78 294.594 30148
-634.834 -6085.81 294.631 30148
-636.383 -6084.83 294.668 30148
-637.932 -6083.86 294.705 30148
-639.48 -6082.89 294.742 30148
-641.031 -6081.92 294.779 30148
-642.584 -6080.96 294.817 30148
-644.138 -6079.99 294.854 30148
-645.691 -6079.03 294.892 30148
-647.244 -6078.06 294.929 30148
-648.797 -6077.1 294.966 30148
-650.35 -6076.13 295.004 30148
-651.903 -6075.17 295.041 30148
-653.461 -6074.2 295.079 30148
-655.006 -6073.24 295.116 30148
-656.532 -6072.29 295.153 30148
-658.062 -6071.34 295.19 30148
-659.626 -6070.35 295.228 30148
-661.209 -6069.32 295.266 30148
-662.839 -6068.25 295.306 30148
-664.473 -6067.18 295.347 30148
-666.097 -6066.11 295.387 30148
-667.697 -6065.07 295.426 30148
-669.275 -6064.07 295.465 30148
-670.833 -6063.1 295.503 30148
-672.379 -6062.13 295.541 30148
-673.924 -6061.16 295.578 30148
-675.472 -6060.19 295.616 30148
-677.021 -6059.22 295.654 30148
-678.569 -6058.24 295.692 30148
-680.118 -6057.27 295.73 30148
-681.667 -6056.3 295.768 30148
-683.204 -6055.34 295.805 30148
-684.764 -6054.36 295.843 30148
-686.366 -6053.35 295.883 30148
-687.99 -6052.33 295.922 30148
-689.605 -6051.34 295.962 30148
-691.174 -6050.37 296 30148
-692.722 -6049.42 296.038 30148
-694.28 -6048.46 296.076 30148
-695.838 -6047.5 296.115 30148
-697.397 -6046.54 296.153 30148
-698.956 -6045.58 296.191 30148
-700.515 -6044.62 296.229 30148
-702.073 -6043.66 296.267 30148
-703.646 -6042.7 296.306 30148
-705.186 -6041.75 296.343 30148
-706.682 -6040.83 296.38 30148
-708.141 -6039.91 296.416 30148
-709.606 -6038.95 296.453 30148
-711.11 -6037.95 296.49 30148
-712.647 -6036.93 296.529 30148
-714.17 -6035.92 296.567 30148
-715.693 -6034.91 296.605 30148
-717.216 -6033.9 296.644 30148
-718.74 -6032.89 296.682 30148
-720.263 -6031.88 296.72 30148
-721.786 -6030.87 296.758 30148
-723.309 -6029.85 296.797 30148
-724.828 -6028.85 296.835 30148
-726.355 -6027.83 296.873 30148
-727.901 -6026.81 296.912 30148
-729.46 -6025.79 296.951 30148
-731.01 -6024.77 296.99 30148
