0 0 0 0
0 0 0 0
0 0 0 0
0 0 0 0
0 0 0 0
0 0 0 0
0 0 0 0
0 0 0 0
0 0 0 0
0 0 0 0
0 0 0 0
0 0 0 0
0 0 0 0
0 0 0 0
0 0 0 0
0 0 0 0
0 0 0 0
0 0 0 0
0 0 0 0
0 0 0 0
0 0 0 0
0 0 0 0
0 0 0 0
0 0 0 0
0 0 0 0
0 0 0 0
0 0 0 0
0 0 0 0
0 0 0 0
0 0 0 0
0 0 0 0
0 0 0 0
0 0 0 0
0 0 0 0
0 0 0 0
0 0 0 0
0 0 0 0
0 0 0 0
0 0 0 0
0 0 0 0
0 0 0 0
0 0 0 0
0 0 0 0
0 0 0 0
0 0 0 0
0 0 0 0
0 0 0 0
0 0 0 0
0 0 0 0
0 0 0 0
0 0 0 0
0 0 0 0
0 0 0 0
0 0 0 0
0 0 0 0
0 0 0 0
0 0 0 0
0 0 0 0
0 0 0 0
0 0 0 0
0 0 0 0
0 0 0 0
0 0 0 0
0 0 0 0
0 0 0 0
0 0 0 0
0 0 0 0
0 0 0 0
0 0 0 0
0 0 0 0
0 0 0 0
0 0 0 0
0 0 0 0
0 0 0 0
0 0 0 0
0 0 0 0
0 0 0 0
0 0 0 0
0 0 0 0
0 0 0 0
0 0 0 0
0 0 0 0
0 0 0 0
0 0 0 0
0 0 0 0
0 0 0 0
0 0 0 0
0 0 0 0
0 0 0 0
0 0 0 0
0 0 0 0
0 0 0 0
0 0 0 0
0 0 0 0
0 0 0 0
0 0 0 0
0 0 0 0
0 0 0 0
0 0 0 0
0 0 0 0
0 0 0 0
0 0 0 0
0 0 0 0
0 0 0 0
0 0 0 0
0 0 0 0
0 0 0 0
0 0 0 0
0 0 0 0
0 0 0 0
0 0 0 0
0 0 0 0
0 0 0 0
0 0 0 0
0 0 0 0
0 0 0 0
0 0 0 0
0 0 0 0
0 0 0 0
0 0 0 0
0 0 0 0
0 0 0 0
0 0 0 0
0 0 0 0
0 0 0 0
0 0 0 0
0 0 0 0
0 0 0 0
0 0 0 0
0 0 0 0
-232.366 -6338.12 297.831 148
-233.218 -6337.6 297.819 148
-234.07 -6337.07 297.807 148
-234.923 -6336.55 297.795 148
-235.775 -6336.03 297.783 148
-236.628 -6335.51 297.771 148
-237.48 -6334.98 297.759 148
-238.332 -6334.46 297.746 148
-239.184 -6333.94 297.734 148
-240.035 -6333.41 297.722 148
-240.887 -6332.89 297.71 148
-241.739 -6332.37 297.698 148
-242.59 -6331.84 297.686 148
-243.442 -6331.32 297.673 148
-244.293 -6330.8 297.661 148
-245.145 -6330.27 297.649 148
-246.008 -6329.74 297.637 148
-246.848 -6329.23 297.625 148
-247.64 -6328.74 297.613 148
-248.41 -6328.26 297.602 148
-249.193 -6327.76 297.591 148
-250.022 -6327.23 297.579 148
-250.876 -6326.68 297.566 148
-251.718 -6326.14 297.554 148
-252.56 -6325.6 297.542 148
-253.401 -6325.06 297.529 148
-254.243 -6324.52 297.517 148
-255.085 -6323.98 297.505 148
-255.927 -6323.45 297.492 148
-256.768 -6322.91 297.48 148
-257.605 -6322.37 297.468 148
-258.444 -6321.83 297.455 148
-259.306 -6321.3 297.443 148
-260.204 -6320.72 297.43 148
-261.129 -6320.13 297.416 148
-262.09 -6319.49 297.402 148
-263.074 -6318.86 297.387 148
-264.06 -6318.23 297.372 148
-265.043 -6317.6 297.358 148
-266.024 -6316.97 297.343 148
-267.015 -6316.33 297.329 148
-267.987 -6315.71 297.314 148
-268.918 -6315.11 297.3 148
-269.829 -6314.51 297.287 148
-270.751 -6313.9 297.273 148
-271.709 -6313.25 297.258 148
-272.691 -6312.6 297.243 148
-273.687 -6311.98 297.229 148
-274.704 -6311.4 297.214 148
-275.744 -6310.85 297.199 148
-276.804 -6310.32 297.184 148
-277.864 -6309.77 297.169 148
-278.925 -6309.23 297.154 148
-279.985 -6308.69 297.139 148
-281.048 -6308.14 297.124 148
-282.104 -6307.6 297.109 148
-283.134 -6307.06 297.094 148
-284.137 -6306.51 297.079 148
-285.111 -6305.95 297.065 148
-286.093 -6305.32 297.05 148
-287.029 -6304.7 297.036 148
-287.917 -6304.09 297.022 148
-288.753 -6303.5 297.009 148
-289.628 -6302.86 296.995 148
-290.544 -6302.2 296.98 148
-291.522 -6301.51 296.965 148
-292.518 -6300.79 296.949 148
-293.542 -6300.05 296.933 148
-294.602 -6299.26 296.916 148
-295.684 -6298.48 296.898 148
-296.766 -6297.69 296.881 148
-297.853 -6296.91 296.863 148
-298.958 -6296.15 296.846 148
-300.075 -6295.4 296.829 148
-301.206 -6294.69 296.811 148
-302.351 -6294.02 296.794 148
-303.496 -6293.37 296.776 148
-304.64 -6292.69 296.759 148
-305.779 -6291.98 296.741 148
-306.915 -6291.25 296.723 148
-308.054 -6290.54 296.705 148
-309.189 -6289.82 296.687 148
-310.323 -6289.11 296.67 148
-311.453 -6288.41 296.652 148
-312.565 -6287.71 296.635 148
-313.66 -6287.03 296.617 148
-314.742 -6286.35 296.6 148
-315.837 -6285.67 296.583 148
-316.948 -6284.97 296.565 148
-318.095 -6284.25 296.547 148
-319.197 -6283.56 296.529 148
-320.26 -6282.89 296.512 148
-321.276 -6282.25 296.496 148
-322.32 -6281.56 296.479 148
-323.401 -6280.84 296.461 148
-324.53 -6280.1 296.443 148
-325.642 -6279.36 296.425 148
-326.754 -6278.63 296.406 148
-327.866 -6277.9 296.388 148
-328.979 -6277.16 296.37 148
-330.091 -6276.43 296.352 148
-331.204 -6275.69 296.333 148
-332.315 -6274.96 296.315 148
-332.996 -6274.5 296.304 10148
-334.107 -6273.76 296.286 10148
-335.242 -6273.03 296.268 10148
-336.413 -6272.27 296.249 10148
-337.608 -6271.47 296.229 10148
-338.84 -6270.65 296.209 10148
-340.094 -6269.82 296.188 10148
-341.35 -6269 296.168 10148
-342.598 -6268.17 296.148 10148
-343.855 -6267.34 296.127 10148
-345.139 -6266.51 296.106 10148
-346.453 -6265.66 296.085 10148
-347.794 -6264.82 296.064 10148
-349.16 -6263.99 296.042 10148
-350.527 -6263.15 296.021 10148
-351.891 -6262.31 295.999 10148
-353.256 -6261.47 295.977 10148
-354.626 -6260.63 295.956 10148
-355.987 -6259.79 295.934 10148
-357.312 -6258.96 295.913 10148
-358.59 -6258.17 295.893 10148
-359.827 -6257.41 295.873 10148
-360.996 -6256.65 295.854 10148
-362.236 -6255.82 295.834 10148
-363.52 -6254.94 295.814 10148
-364.877 -6254.02 295.792 10148
-366.306 -6253.05 295.768 10148
-367.795 -6252.04 295.744 10148
-369.324 -6250.98 295.72 10148
-370.92 -6249.92 295.694 10148
-372.527 -6248.85 295.668 10148
-374.129 -6247.78 295.642 10148
-375.735 -6246.71 295.617 10148
-377.338 -6245.64 295.591 10148
-378.913 -6244.6 295.566 10148
-380.454 -6243.62 295.542 10148
-381.951 -6242.69 295.518 10148
-383.396 -6241.82 295.496 10148
-384.796 -6240.99 295.474 10148
-386.144 -6240.19 295.454 10148
-387.442 -6239.41 295.433 10148
-388.723 -6238.63 295.414 10148
-390.002 -6237.86 295.394 10148
-391.283 -6237.08 295.374 10148
-392.567 -6236.3 295.355 10148
-393.849 -6235.53 295.335 10148
-395.132 -6234.75 295.315 10148
-396.422 -6233.97 295.295 10148
-397.698 -6233.19 295.276 10148
-398.947 -6232.44 295.256 10148
-400.181 -6231.69 295.237 10148
-401.418 -6230.92 295.218 10148
-402.685 -6230.14 295.199 10148
-403.99 -6229.35 295.179 10148
-405.324 -6228.53 295.158 10148
-406.684 -6227.68 295.137 10148
-408.078 -6226.8 295.116 10148
-409.496 -6225.93 295.094 10148
-410.913 -6225.05 295.072 10148
-412.341 -6224.16 295.05 10148
-413.797 -6223.29 295.028 10148
-415.287 -6222.42 295.006 10148
-416.807 -6221.55 294.983 10148
-418.355 -6220.7 294.96 10148
-419.903 -6219.84 294.937 10148
-421.451 -6218.98 294.915 10148
-422.999 -6218.12 294.892 10148
