0 0 0 0
0 0 0 0
0 0 0 0
0 0 0 0
0 0 0 0
0 0 0 0
0 0 0 0
0 0 0 0
0 0 0 0
0 0 0 0
0 0 0 0
0 0 0 0
0 0 0 0
0 0 0 0
0 0 0 0
0 0 0 0
0 0 0 0
0 0 0 0
0 0 0 0
0 0 0 0
0 0 0 0
0 0 0 0
0 0 0 0
0 0 0 0
0 0 0 0
0 0 0 0
0 0 0 0
0 0 0 0
0 0 0 0
0 0 0 0
0 0 0 0
0 0 0 0
0 0 0 0
0 0 0 0
0 0 0 0
0 0 0 0
0 0 0 0
0 0 0 0
0 0 0 0
0 0 0 0
0 0 0 0
0 0 0 0
0 0 0 0
0 0 0 0
0 0 0 0
0 0 0 0
0 0 0 0
0 0 0 0
0 0 0 0
0 0 0 0
0 0 0 0
0 0 0 0
0 0 0 0
0 0 0 0
0 0 0 0
0 0 0 0
0 0 0 0
0 0 0 0
0 0 0 0
0 0 0 0
0 0 0 0
0 0 0 0
0 0 0 0
0 0 0 0
0 0 0 0
0 0 0 0
0 0 0 0
0 0 0 0
0 0 0 0
0 0 0 0
0 0 0 0
0 0 0 0
0 0 0 0
0 0 0 0
0 0 0 0
0 0 0 0
0 0 0 0
0 0 0 0
0 0 0 0
0 0 0 0
0 0 0 0
0 0 0 0
0 0 0 0
0 0 0 0
0 0 0 0
0 0 0 0
0 0 0 0
0 0 0 0
0 0 0 0
0 0 0 0
0 0 0 0
0 0 0 0
0 0 0 0
0 0 0 0
0 0 0 0
0 0 0 0
0 0 0 0
0 0 0 0
0 0 0 0
0 0 0 0
0 0 0 0
0 0 0 0
0 0 0 0
0 0 0 0
0 0 0 0
0 0 0 0
0 0 0 0
0 0 0 0
0 0 0 0
0 0 0 0
0 0 0 0
0 0 0 0
0 0 0 0
0 0 0 0
0 0 0 0
0 0 0 0
0 0 0 0
0 0 0 0
0 0 0 0
0 0 0 0
0 0 0 0
0 0 0 0
0 0 0 0
0 0 0 0
0 0 0 0
0 0 0 0
0 0 0 0
0 0 0 0
0 0 0 0
0 0 0 0
0 0 0 0
0 0 0 0
0 0 0 0
0 0 0 0
0 0 0 0
0 0 0 0
0 0 0 0
0 0 0 0
0 0 0 0
0 0 0 0
0 0 0 0
0 0 0 0
0 0 0 0
0 0 0 0
0 0 0 0
0 0 0 0
0 0 0 0
0 0 0 0
0 0 0 0
0 0 0 0
0 0 0 0
0 0 0 0
0 0 0 0
0 0 0 0
0 0 0 0
0 0 0 0
0 0 0 0
0 0 0 0
0 0 0 0
0 0 0 0
0 0 0 0
0 0 0 0
0 0 0 0
0 0 0 0
0 0 0 0
0 0 0 0
0 0 0 0
0 0 0 0
0 0 0 0
0 0 0 0
0 0 0 0
0 0 0 0
0 0 0 0
0 0 0 0
0 0 0 0
0 0 0 0
0 0 0 0
0 0 0 0
0 0 0 0
0 0 0 0
0 0 0 0
0 0 0 0
0 0 0 0
0 0 0 0
-235.52 -6340.98 297.817 149
-236.23 -6340.55 297.807 149
-236.799 -6340.2 297.799 149
-237.368 -6339.85 297.791 149
-238.078 -6339.41 297.781 149
-238.655 -6339.06 297.773 149
-239.287 -6338.68 297.764 149
-239.925 -6338.28 297.755 149
-240.551 -6337.88 297.745 149
-241.155 -6337.52 297.737 149
-241.73 -6337.17 297.729 149
-242.301 -6336.82 297.721 149
-242.882 -6336.46 297.712 149
-243.48 -6336.1 297.704 149
-244.111 -6335.73 297.695 149
-244.777 -6335.31 297.685 149
-245.485 -6334.87 297.675 149
-246.241 -6334.41 297.664 149
-247.037 -6333.91 297.653 149
-247.884 -6333.38 297.641 149
-248.754 -6332.87 297.628 149
-249.597 -6332.37 297.616 149
-250.419 -6331.89 297.605 149
-251.244 -6331.38 297.593 149
-252.105 -6330.84 297.58 149
-252.942 -6330.31 297.568 149
-253.705 -6329.8 297.557 149
-254.412 -6329.33 297.546 149
-255.059 -6328.89 297.537 149
-255.645 -6328.49 297.528 149
-256.217 -6328.14 297.52 149
-256.823 -6327.75 297.511 149
-257.463 -6327.33 297.502 149
-258.144 -6326.88 297.492 149
-258.849 -6326.43 297.481 149
-259.555 -6325.98 297.471 149
-260.258 -6325.53 297.461 149
-260.959 -6325.08 297.45 149
-261.66 -6324.63 297.44 149
-262.362 -6324.18 297.43 149
-263.062 -6323.73 297.419 149
-263.765 -6323.28 297.409 149
-264.47 -6322.82 297.398 149
-265.164 -6322.38 297.388 149
-265.845 -6321.94 297.378 149
-266.561 -6321.49 297.368 149
-267.327 -6321 297.356 149
-268.149 -6320.49 297.344 149
-269.016 -6319.94 297.331 149
-269.95 -6319.37 297.318 149
-270.88 -6318.81 297.304 149
-271.794 -6318.26 297.291 149
-272.707 -6317.69 297.277 149
-273.653 -6317.1 297.263 149
-274.612 -6316.51 297.249 149
-275.554 -6315.92 297.235 149
-276.456 -6315.34 297.221 149
-277.324 -6314.79 297.208 149
-278.159 -6314.28 297.196 149
-278.954 -6313.76 297.184 149
-279.751 -6313.24 297.172 149
-280.567 -6312.69 297.16 149
-281.4 -6312.14 297.147 149
-282.238 -6311.58 297.134 149
-283.072 -6311.03 297.122 149
-283.899 -6310.48 297.109 149
-284.726 -6309.92 297.096 149
-285.581 -6309.37 297.083 149
-286.484 -6308.8 297.069 149
-287.437 -6308.2 297.055 149
-288.406 -6307.6 297.04 149
-289.335 -6307.06 297.027 149
-290.233 -6306.53 297.013 149
-291.154 -6305.94 296.999 149
-292.108 -6305.33 296.985 149
-293.129 -6304.67 296.969 149
-294.122 -6304.03 296.954 149
-295.061 -6303.4 296.939 149
-295.967 -6302.81 296.925 149
-296.838 -6302.25 296.912 149
-297.655 -6301.7 296.899 149
-298.444 -6301.12 296.886 149
-299.247 -6300.54 296.873 149
-300.108 -6299.94 296.86 149
-301.015 -6299.32 296.845 149
-301.976 -6298.69 296.83 149
-302.977 -6298.02 296.815 149
-304.042 -6297.33 296.798 149
-305.11 -6296.67 296.781 149
-306.169 -6296.04 296.765 149
-307.224 -6295.45 296.749 149
-308.28 -6294.83 296.733 149
-309.331 -6294.16 296.716 149
-310.388 -6293.46 296.7 149
-311.461 -6292.78 296.683 149
-312.537 -6292.1 296.666 149
-313.603 -6291.43 296.649 149
-314.646 -6290.77 296.633 149
-315.669 -6290.14 296.617 149
-316.68 -6289.5 296.601 149
-317.702 -6288.87 296.584 149
-318.746 -6288.22 296.568 149
-319.819 -6287.54 296.551 149
-320.924 -6286.85 296.533 149
-322.02 -6286.16 296.516 149
-323.087 -6285.49 296.499 149
-324.126 -6284.8 296.482 149
-325.187 -6284.1 296.465 149
-326.291 -6283.37 296.446 149
-327.414 -6282.63 296.428 149
-328.526 -6281.9 296.41 149
-329.639 -6281.16 296.391 149
-330.751 -6280.43 296.373 149
-331.861 -6279.7 296.355 149
-332.968 -6278.96 296.337 149
-334.101 -6278.22 296.318 149
