0 0 0 0
0 0 0 0
0 0 0 0
0 0 0 0
0 0 0 0
0 0 0 0
0 0 0 0
0 0 0 0
0 0 0 0
0 0 0 0
0 0 0 0
0 0 0 0
0 0 0 0
0 0 0 0
0 0 0 0
0 0 0 0
0 0 0 0
0 0 0 0
0 0 0 0
0 0 0 0
0 0 0 0
0 0 0 0
0 0 0 0
0 0 0 0
0 0 0 0
0 0 0 0
0 0 0 0
0 0 0 0
0 0 0 0
0 0 0 0
0 0 0 0
0 0 0 0
0 0 0 0
0 0 0 0
0 0 0 0
0 0 0 0
0 0 0 0
0 0 0 0
0 0 0 0
0 0 0 0
0 0 0 0
0 0 0 0
0 0 0 0
0 0 0 0
0 0 0 0
0 0 0 0
0 0 0 0
0 0 0 0
0 0 0 0
0 0 0 0
0 0 0 0
0 0 0 0
0 0 0 0
0 0 0 0
0 0 0 0
0 0 0 0
0 0 0 0
0 0 0 0
0 0 0 0
0 0 0 0
0 0 0 0
0 0 0 0
0 0 0 0
0 0 0 0
0 0 0 0
0 0 0 0
0 0 0 0
0 0 0 0
0 0 0 0
0 0 0 0
0 0 0 0
0 0 0 0
0 0 0 0
0 0 0 0
0 0 0 0
0 0 0 0
0 0 0 0
0 0 0 0
0 0 0 0
0 0 0 0
0 0 0 0
0 0 0 0
0 0 0 0
0 0 0 0
0 0 0 0
0 0 0 0
0 0 0 0
0 0 0 0
0 0 0 0
0 0 0 0
0 0 0 0
0 0 0 0
0 0 0 0
0 0 0 0
0 0 0 0
0 0 0 0
0 0 0 0
0 0 0 0
0 0 0 0
0 0 0 0
0 0 0 0
0 0 0 0
0 0 0 0
0 0 0 0
0 0 0 0
0 0 0 0
0 0 0 0
0 0 0 0
0 0 0 0
0 0 0 0
0 0 0 0
0 0 0 0
0 0 0 0
0 0 0 0
0 0 0 0
0 0 0 0
0 0 0 0
0 0 0 0
0 0 0 0
0 0 0 0
0 0 0 0
0 0 0 0
0 0 0 0
0 0 0 0
0 0 0 0
0 0 0 0
0 0 0 0
0 0 0 0
0 0 0 0
0 0 0 0
0 0 0 0
0 0 0 0
0 0 0 0
0 0 0 0
0 0 0 0
0 0 0 0
0 0 0 0
0 0 0 0
0 0 0 0
0 0 0 0
0 0 0 0
0 0 0 0
0 0 0 0
0 0 0 0
0 0 0 0
0 0 0 0
0 0 0 0
0 0 0 0
0 0 0 0
0 0 0 0
0 0 0 0
0 0 0 0
0 0 0 0
0 0 0 0
0 0 0 0
0 0 0 0
0 0 0 0
0 0 0 0
0 0 0 0
0 0 0 0
0 0 0 0
0 0 0 0
0 0 0 0
0 0 0 0
0 0 0 0
0 0 0 0
0 0 0 0
0 0 0 0
0 0 0 0
0 0 0 0
0 0 0 0
0 0 0 0
0 0 0 0
0 0 0 0
0 0 0 0
0 0 0 0
0 0 0 0
0 0 0 0
0 0 0 0
0 0 0 0
0 0 0 0
0 0 0 0
0 0 0 0
0 0 0 0
0 0 0 0
0 0 0 0
0 0 0 0
0 0 0 0
0 0 0 0
0 0 0 0
0 0 0 0
0 0 0 0
0 0 0 0
0 0 0 0
0 0 0 0
0 0 0 0
0 0 0 0
0 0 0 0
0 0 0 0
0 0 0 0
0 0 0 0
0 0 0 0
0 0 0 0
0 0 0 0
0 0 0 0
0 0 0 0
0 0 0 0
0 0 0 0
0 0 0 0
0 0 0 0
0 0 0 0
0 0 0 0
0 0 0 0
0 0 0 0
0 0 0 0
0 0 0 0
0 0 0 0
0 0 0 0
0 0 0 0
0 0 0 0
0 0 0 0
0 0 0 0
0 0 0 0
0 0 0 0
0 0 0 0
0 0 0 0
0 0 0 0
0 0 0 0
0 0 0 0
0 0 0 0
0 0 0 0
-231.665 -6338.53 297.841 148
-232.517 -6338.01 297.829 148
-233.37 -6337.48 297.817 148
-234.222 -6336.96 297.805 148
-235.074 -6336.44 297.793 148
-235.927 -6335.92 297.78 148
-236.779 -6335.39 297.768 148
-237.631 -6334.87 297.756 148
-238.483 -6334.35 297.744 148
-239.335 -6333.83 297.732 148
-240.187 -6333.3 297.72 148
-241.038 -6332.78 297.708 148
-241.89 -6332.25 297.695 148
-242.741 -6331.73 297.683 148
-243.592 -6331.21 297.671 148
-244.445 -6330.68 297.659 148
-245.301 -6330.16 297.647 148
-246.166 -6329.63 297.634 148
-246.968 -6329.13 297.623 148
-247.743 -6328.65 297.612 148
-248.455 -6328.21 297.601 148
-249.174 -6327.75 297.591 148
-249.941 -6327.27 297.58 148
-250.751 -6326.75 297.568 148
-251.58 -6326.21 297.556 148
-252.424 -6325.67 297.543 148
-253.269 -6325.13 297.531 148
-254.112 -6324.59 297.519 148
-254.953 -6324.05 297.506 148
-255.795 -6323.51 297.494 148
-256.637 -6322.97 297.482 148
-257.479 -6322.43 297.469 148
-258.321 -6321.89 297.457 148
-259.162 -6321.35 297.445 148
-260.004 -6320.81 297.432 148
-260.845 -6320.27 297.42 148
-261.686 -6319.73 297.407 148
-262.527 -6319.19 297.395 148
-263.369 -6318.65 297.383 148
-264.21 -6318.11 297.37 148
-265.052 -6317.57 297.358 148
-265.891 -6317.03 297.345 148
-266.73 -6316.5 297.333 148
-267.569 -6315.95 297.32 148
-268.419 -6315.43 297.308 148
-269.311 -6314.87 297.295 148
-270.252 -6314.27 297.281 148
-271.236 -6313.64 297.266 148
-272.289 -6312.99 297.25 148
-273.384 -6312.33 297.234 148
-274.468 -6311.67 297.218 148
-275.552 -6311.01 297.202 148
-276.641 -6310.34 297.186 148
-277.723 -6309.69 297.17 148
-278.774 -6309.03 297.154 148
-279.794 -6308.4 297.139 148
-280.779 -6307.81 297.125 148
-281.736 -6307.19 297.11 148
-282.687 -6306.55 297.095 148
-283.669 -6305.9 297.08 148
-284.692 -6305.26 297.065 148
-285.778 -6304.6 297.049 148
-286.814 -6304 297.033 148
-287.832 -6303.45 297.018 148
-288.768 -6302.9 297.004 148
-289.773 -6302.28 296.989 148
-290.807 -6301.65 296.974 148
-291.925 -6300.97 296.957 148
-293.023 -6300.3 296.94 148
