6.94953e-310 6.94953e-310 0 0 0
-860.816 -5923.13 0 0 0
-862.062 -5921.84 0 0 0
-863.321 -5920.5 0 0 0
-864.586 -5919.13 0 0 0
-865.857 -5917.76 0 0 0
-867.124 -5916.4 0 0 0
-868.39 -5915.04 0 0 0
-869.657 -5913.68 0 0 0
-870.926 -5912.32 0 0 0
-872.181 -5910.97 0 0 0
-873.419 -5909.64 0 0 0
-874.606 -5908.26 0 0 0
-875.775 -5906.85 0 0 0
-876.96 -5905.42 0 0 0
-878.151 -5903.99 0 0 0
-879.337 -5902.56 0 0 0
-880.523 -5901.13 0 0 0
-881.708 -5899.7 0 0 0
-882.892 -5898.27 0 0 0
-884.075 -5896.84 0 0 0
-885.282 -5895.41 0 0 0
-886.515 -5893.97 0 0 0
-887.781 -5892.51 0 0 0
-889.069 -5891.06 0 0 0
-890.367 -5889.62 0 0 0
-891.624 -5888.15 0 0 0
-892.846 -5886.64 0 0 0
-894.08 -5885.12 0 0 0
-895.32 -5883.59 0 0 0
-896.557 -5882.06 0 0 0
-897.792 -5880.54 0 0 0
-899.027 -5879 0 0 0
-900.273 -5877.46 0 0 0
-901.532 -5875.92 0 0 0
-902.807 -5874.38 0 0 0
-904.079 -5872.84 0 0 0
-905.351 -5871.3 0 0 0
-896.388 -5877.7 0 0 0
-897.018 -5876.93 0 0 0
-897.65 -5876.17 0 0 0
-898.283 -5875.4 0 0 0
-898.916 -5874.63 0 0 0
-899.549 -5873.87 0 0 0
2.98977e-318 1.4237e-319 0 0 0
-673 4.83333 0 0 0
-674.375 4.83333 0 0 0
-675.625 4.83333 0 0 0
-677 4.83333 0 0 0
-678.375 4.83333 0 0 0
-679.75 4.83333 0 0 0
-681.125 4.83333 0 0 0
-682.5 4.83333 0 0 0
-683.75 4.83333 0 0 0
-685.125 4.83333 0 0 0
-686.5 4.83333 0 0 0
-687.75 4.83333 0 0 0
-689 4.83333 0 0 0
-690.25 4.83333 0 0 0
-691.625 4.83333 0 0 0
-692.875 4.83333 0 0 0
-694.125 4.83333 0 0 0
-695.375 4.83333 0 0 0
-696.625 4.83333 0 0 0
-697.875 4.83333 0 0 0
-699.125 4.83333 0 0 0
-700.375 4.83333 0 0 0
-701.625 4.83333 0 0 0
-702.875 4.83333 0 0 0
-704.125 4.83333 0 0 0
-705.375 4.83333 0 0 0
-706.625 4.83333 0 0 0
-708 4.83333 0 0 0
-709.25 4.83333 0 0 0
-710.625 4.83333 0 0 0
-712 4.83333 0 0 0
-713.25 4.83333 0 0 0
-714.625 4.83333 0 0 0
-715.875 4.83333 0 0 0
-717.25 4.83333 0 0 0
-718.375 4.83333 0 0 0
-719.625 4.83333 0 0 0
-720.875 4.83333 0 0 0
-722.125 4.83333 0 0 0
-723.375 4.83333 0 0 0
-724.625 4.83333 0 0 0
-725.875 4.83333 0 0 0
-727.125 4.83333 0 0 0
2.122e-314 4.83333 0 0 0
20.0313 4.83333 0 0 0
20.3789 4.83333 0 0 0
20.5352 4.83333 0 0 0
20.5274 4.83333 0 0 0
20.4688 4.83333 0 0 0
20.3164 4.83333 0 0 0
20.1406 4.83333 0 0 0
20.0078 4.83333 0 0 0
19.9727 4.83333 0 0 0
20.0039 4.83333 0 0 0
19.9688 4.83333 0 0 0
19.8438 4.83333 0 0 0
19.7695 4.83333 0 0 0
19.8867 4.83333 0 0 0
20.2539 4.83333 0 0 0
20.6875 4.83333 0 0 0
21.1953 4.83333 0 0 0
21.4414 4.83333 0 0 0
21.2852 4.83333 0 0 0
20.9844 4.83333 0 0 0
20.8438 4.83333 0 0 0
20.8945 4.83333 0 0 0
20.8086 4.83333 0 0 0
20.625 4.83333 0 0 0
20.3594 4.83333 0 0 0
20.125 4.83333 0 0 0
19.7735 4.83333 0 0 0
19.4063 4.83333 0 0 0
19.3281 4.83333 0 0 0
19.4727 4.83333 0 0 0
19.7695 4.83333 0 0 0
19.8789 4.83333 0 0 0
19.7539 4.83333 0 0 0
19.8203 4.83333 0 0 0
20.1914 4.83333 0 0 0
20.6875 4.83333 0 0 0
21.1367 4.83333 0 0 0
21.6133 4.83333 0 0 0
22.0313 4.83333 0 0 0
22.1914 4.83333 0 0 0
22.1758 4.83333 0 0 0
22.1133 4.83333 0 0 0
22.0352 4.83333 0 0 0
21.9883 4.83333 0 0 0
21.9727 4.83333 0 0 0
21.8906 4.83333 0 0 0
21.7578 4.83333 0 0 0
21.6211 4.83333 0 0 0
21.6367 4.83333 0 0 0
21.9219 4.83333 0 0 0
22.4336 4.83333 0 0 0
22.8438 4.83333 0 0 0
23.3477 4.83333 0 0 0
23.3789 4.83333 0 0 0
23.336 4.83333 0 0 0
23.3555 4.83333 0 0 0
23.543 4.83333 0 0 0
23.6992 4.83333 0 0 0
23.6602 4.83333 0 0 0
23.5313 4.83333 0 0 0
23.2305 4.83333 0 0 0
22.8399 4.83333 0 0 0
22.5508 4.83333 0 0 0
22.4336 4.83333 0 0 0
22.5117 4.83333 0 0 0
22.4024 4.83333 0 0 0
22.0938 4.83333 0 0 0
21.961 4.83333 0 0 0
22.0781 4.83333 0 0 0
22.4102 4.83333 0 0 0
22.5625 4.83333 0 0 0
22.4883 4.83333 0 0 0
22.4922 4.83333 0 0 0
22.4844 4.83333 0 0 0
22.4805 4.83333 0 0 0
22.4805 4.83333 0 0 0
22.5274 4.83333 0 0 0
22.4258 4.83333 0 0 0
22.2149 4.83333 0 0 0
22.1172 4.83333 0 0 0
22.1485 4.83333 0 0 0
22.293 4.83333 0 0 0
22.336 4.83333 0 0 0
22.2735 4.83333 0 0 0
22.2891 4.83333 0 0 0
22.3008 4.83333 0 0 0
22.3125 4.83333 0 0 0
22.3086 4.83333 0 0 0
22.293 4.83333 0 0 0
22.293 4.83333 0 0 0
22.293 4.83333 0 0 0
22.293 4.83333 0 0 0
2.122e-314 4.83333 0 0 0
2.122e-314 4.83333 0 0 0
2.122e-314 4.83333 0 0 0
2.122e-314 4.83333 0 0 0
2.122e-314 4.83333 0 0 0
2.122e-314 4.83333 0 0 0
2.122e-314 4.83333 0 0 0
2.122e-314 4.83333 0 0 0
2.122e-314 4.83333 0 0 0
2.122e-314 4.83333 0 0 0
2.122e-314 4.83333 0 0 0
2.122e-314 4.83333 0 0 0
2.122e-314 4.83333 0 0 0
2.122e-314 4.83333 0 0 0
2.122e-314 4.83333 0 0 0
2.122e-314 4.83333 0 0 0
2.122e-314 4.83333 0 0 0
2.122e-314 4.83333 0 0 0
2.122e-314 4.83333 0 0 0
2.122e-314 4.83333 0 0 0
2.122e-314 4.83333 0 0 0
2.122e-314 4.83333 0 0 0
2.122e-314 4.83333 0 0 0
2.122e-314 4.83333 0 0 0
2.122e-314 4.83333 0 0 0
2.122e-314 4.83333 0 0 0
2.122e-314 4.83333 0 0 0
2.122e-314 4.83333 0 0 0
2.122e-314 4.83333 0 0 0
2.122e-314 4.83333 0 0 0
2.122e-314 4.83333 0 0 0
2.122e-314 4.83333 0 0 0
2.122e-314 4.83333 0 0 0
2.122e-314 4.83333 0 0 0
2.122e-314 4.83333 0 0 0
2.122e-314 4.83333 0 0 0
2.122e-314 4.83333 0 0 0
2.122e-314 4.83333 0 0 0
2.122e-314 4.83333 0 0 0
2.122e-314 4.83333 0 0 0
2.122e-314 4.83333 0 0 0
2.122e-314 4.83333 0 0 0
2.122e-314 4.83333 0 0 0
2.122e-314 4.83333 0 0 0
2.122e-314 4.83333 0 0 0
2.122e-314 4.83333 0 0 0
2.122e-314 4.83333 0 0 0
2.122e-314 4.83333 0 0 0
2.122e-314 4.83333 0 0 0
2.122e-314 4.83333 0 0 0
2.122e-314 4.83333 0 0 0
2.122e-314 4.83333 0 0 0
2.122e-314 4.83333 0 0 0
2.122e-314 4.83333 0 0 0
2.122e-314 4.83333 0 0 0
2.122e-314 4.83333 0 0 0
2.122e-314 4.83333 0 0 0
2.122e-314 4.83333 0 0 0
2.122e-314 4.83333 0 0 0
2.122e-314 4.83333 0 0 0
2.122e-314 4.83333 0 0 0
-727.727 -6032.9 296.839 30149 -52.4401
-728.841 -6032.04 296.868 30149 -52.4258
-729.955 -6031.19 296.897 30149 -52.4368
-731.067 -6030.33 296.926 30149 -52.43
-732.178 -6029.47 296.956 30149 -52.2014
-733.288 -6028.61 296.985 30149 -51.7031
-734.401 -6027.74 297.014 30149 -52.5981
-735.545 -6026.86 297.044 30149 -54.0985
-736.734 -6026 297.075 30149 -54.4107
-737.953 -6025.13 297.106 30149 -53.8055
-739.193 -6024.22 297.138 30149 -53.7636
-740.464 -6023.29 297.171 30149 -53.8147
-741.755 -6022.34 297.204 30149 -54.9883
-743.071 -6021.42 297.238 30149 -56.0337
-744.405 -6020.52 297.272 30149 -55.6891
-745.736 -6019.62 297.305 30149 -55.8988
-747.085 -6018.7 297.339 30149 -55.5014
-748.446 -6017.77 297.374 30149 -55.6969
-749.824 -6016.83 297.409 30149 -55.6853
-751.203 -6015.89 297.443 30149 -55.7086
-752.579 -6014.95 297.478 30149 -55.6856
-753.955 -6014.01 297.513 30149 -55.6488
-755.343 -6013.06 297.548 30149 -54.2342
-756.727 -6012.06 297.584 30149 -54.243
-758.136 -6011.05 297.62 30149 -54.2084
-759.568 -6010.02 297.656 30149 -54.2174
-761.025 -6008.97 297.694 30149 -54.0586
-762.498 -6007.9 297.732 30149 -54.2255
-763.987 -6006.82 297.77 30149 -54.2253
-765.479 -6005.75 297.808 30149 -54.2151
-766.967 -6004.68 297.846 30149 -54.3201
-768.451 -6003.61 297.884 30149 -54.226
-769.934 -6002.54 297.922 30149 -53.3774
-771.417 -6001.44 297.961 30149 -52.7122
-772.916 -6000.3 298 30149 -52.1993
-774.432 -5999.12 298.04 30149 -52.0979
-775.959 -5997.93 298.08 30149 -51.2184
-777.466 -5996.72 298.12 30149 -50.4592
-778.944 -5995.5 298.16 30149 -51.0326
-780.416 -5994.31 298.199 30149 -51.7242
-781.893 -5993.15 298.238 30149 -52.2623
-783.381 -5991.99 298.276 30149 -52.3739
-784.873 -5990.85 298.315 30149 -52.2723
-786.354 -5989.7 298.354 30149 -52.2619
-787.827 -5988.56 298.392 30149 -52.4355
-789.311 -5987.42 298.431 30149 -52.2928
-790.815 -5986.25 298.47 30149 -52.0852
-792.338 -5985.07 298.51 30149 -52.2635
-793.871 -5983.88 298.55 30149 -52.2735
-795.413 -5982.69 298.59 30149 -52.2642
-796.974 -5981.48 298.631 30149 -52.181
-798.552 -5980.26 298.672 30149 -50.8882
-800.113 -5978.99 298.713 30149 -51.0617
-801.673 -5977.73 298.754 30149 -51.0548
-803.229 -5976.47 298.795 30149 -51.053
-804.788 -5975.21 298.836 30149 -51.0525
-806.347 -5973.95 298.877 30149 -51.0635
-807.904 -5972.69 298.918 30149 0
