-373.115 -6250.22 295.671 10148 -57.8909
-373.425 -6250.04 295.666 10148 -57.8909
-373.755 -6249.83 295.661 10148 -57.8909
-374.104 -6249.61 295.656 10148 -57.8909
-374.467 -6249.38 295.65 10148 -57.8909
-374.839 -6249.15 295.644 10148 -57.8909
-375.194 -6248.93 295.638 10148 -57.8909
-375.521 -6248.73 295.633 10148 -57.8909
-375.839 -6248.53 295.628 10148 -57.8909
-376.156 -6248.33 295.623 10148 -57.8909
-376.487 -6248.11 295.618 10148 -57.8909
-376.83 -6247.88 295.613 10148 -57.8909
-377.211 -6247.64 295.607 10148 -57.8909
-377.62 -6247.36 295.6 10148 -55.445
-378.057 -6247.06 295.593 10148 -56.9044
-378.543 -6246.75 295.585 10148 -57.6342
-379.044 -6246.43 295.577 10148 -57.6003
-379.541 -6246.11 295.57 10148 -57.631
-380.035 -6245.8 295.562 10148 -57.5987
-380.529 -6245.49 295.554 10148 -57.6313
-381.024 -6245.17 295.546 10148 -57.5986
-381.518 -6244.86 295.539 10148 -57.6313
-382.012 -6244.55 295.531 10148 -57.5987
-382.507 -6244.23 295.523 10148 -57.6313
-383.002 -6243.92 295.515 10148 -57.5986
-383.496 -6243.6 295.507 10148 -57.6313
-383.99 -6243.29 295.5 10148 -57.5987
-384.485 -6242.98 295.492 10148 -57.6312
-384.979 -6242.66 295.484 10148 -57.6313
-385.474 -6242.35 295.476 10148 -57.5987
-385.968 -6242.04 295.469 10148 -57.6313
-386.463 -6241.72 295.461 10148 -57.5986
-386.957 -6241.41 295.453 10148 -57.6313
-387.452 -6241.1 295.445 10148 -57.5987
-387.946 -6240.78 295.437 10148 -57.5986
-388.44 -6240.47 295.43 10148 -57.6322
-388.935 -6240.15 295.422 10148 -57.6088
-389.43 -6239.84 295.414 10148 -57.6408
-389.924 -6239.53 295.407 10148 -57.6068
-390.415 -6239.22 295.399 10148 -57.6073
-390.907 -6238.9 295.391 10148 -58.3836
-391.414 -6238.59 295.383 10148 -58.4247
-391.944 -6238.27 295.375 10148 -57.6711
-392.502 -6237.91 295.366 10148 -57.7888
-393.073 -6237.55 295.358 10148 -58.5115
-393.634 -6237.21 295.349 10148 -57.5783
-394.181 -6236.86 295.34 10148 -57.4366
-394.735 -6236.51 295.332 10148 -57.455
-395.311 -6236.14 295.323 10148 -57.4909
-395.898 -6235.77 295.314 10148 -57.4594
-396.48 -6235.4 295.305 10148 -57.4594
-397.062 -6235.02 295.295 10148 -57.4594
-397.644 -6234.65 295.286 10148 -57.487
-398.226 -6234.28 295.277 10148 -57.4594
-398.808 -6233.91 295.268 10148 -57.4594
-399.39 -6233.54 295.259 10148 -57.4594
-399.971 -6233.17 295.25 10148 -57.487
-400.553 -6232.8 295.241 10148 -57.487
-401.135 -6232.43 295.232 10148 -57.4594
-401.717 -6232.05 295.223 10148 -57.4315
-402.299 -6231.68 295.214 10148 -57.487
-402.881 -6231.31 295.205 10148 -57.494
-403.463 -6230.94 295.196 10148 -57.4679
-404.045 -6230.57 295.187 10148 -57.4679
-404.626 -6230.2 295.178 10148 -57.4956
-405.208 -6229.83 295.169 10148 -57.4679
-405.79 -6229.46 295.16 10148 -57.4679
-406.372 -6229.09 295.151 10148 -57.4681
-406.954 -6228.71 295.142 10148 -57.4944
-407.535 -6228.34 295.133 10148 -57.477
-408.129 -6227.97 295.123 10148 -57.5711
-408.699 -6227.6 295.115 10148 -60.4354
-409.238 -6227.3 295.106 10148 -59.4475
-409.816 -6226.96 295.098 10148 -57.2036
-410.429 -6226.56 295.088 10148 -58.2812
-411.087 -6226.16 295.078 10148 -57.4657
-411.811 -6225.69 295.067 10148 -56.6411
-412.514 -6225.23 295.056 10148 -56.9739
-413.215 -6224.77 295.045 10148 -56.9973
-413.917 -6224.32 295.034 10148 -56.9989
-414.619 -6223.86 295.023 10148 -56.9755
-415.321 -6223.41 295.012 10148 -57.0214
-416.024 -6222.95 295.001 10148 -56.9983
-416.726 -6222.49 294.99 10148 -57.0023
-417.429 -6222.04 294.98 10148 -57.0058
-418.131 -6221.58 294.969 10148 -56.9827
-418.833 -6221.13 294.958 10148 -57.028
-419.536 -6220.67 294.947 10148 -56.9836
-420.238 -6220.21 294.936 10148 -57.0095
-420.944 -6219.76 294.925 10148 -56.3469
-421.642 -6219.29 294.915 10148 -57.6406
-422.34 -6218.85 294.904 10148 -60.4689
-423.044 -6218.45 294.893 10148 -61.5915
-423.749 -6218.07 294.883 10148 -60.5088
-424.448 -6217.67 294.873 10148 -57.6149
-425.14 -6217.23 294.862 10148 -57.5004
-425.873 -6216.77 294.851 10148 -57.5623
-426.644 -6216.28 294.839 10148 -57.5009
-427.455 -6215.76 294.827 10148 -56.7065
-428.299 -6215.21 294.814 10148 -57.197
-429.189 -6214.63 294.8 10148 -58.2996
-430.084 -6214.08 294.786 10148 -58.4207
-430.957 -6213.54 294.773 10148 -58.0921
-431.816 -6213.01 294.76 10148 -58.0743
-432.677 -6212.47 294.747 10148 -58.074
-433.541 -6211.93 294.734 10148 -58.0742
-434.403 -6211.4 294.721 10148 -57.7755
-435.275 -6210.85 294.708 10148 -58.6767
-436.141 -6210.32 294.695 10148 -60.2504
-436.99 -6209.84 294.682 10148 -61.6046
-437.844 -6209.37 294.67 10148 -61.4951
-438.728 -6208.89 294.657 10148 -62.2498
-439.655 -6208.41 294.644 10148 -61.8018
-440.606 -6207.9 294.63 10148 -61.8828
-441.547 -6207.39 294.616 10148 -61.847
-442.488 -6206.89 294.603 10148 -61.8586
-443.43 -6206.39 294.589 10148 -62.0602
-444.373 -6205.89 294.575 10148 -61.4596
-445.304 -6205.38 294.562 10148 -59.913
-446.202 -6204.86 294.549 10148 -58.292
-447.051 -6204.33 294.536 10148 -58.0471
-447.87 -6203.82 294.524 10148 -57.8871
-448.654 -6203.33 294.512 10148 -56.3813
-449.404 -6202.83 294.501 10148 -56.473
-450.148 -6202.34 294.489 10148 -56.1515
-450.88 -6201.85 294.478 10148 -56.823
-451.604 -6201.38 294.467 10148 -56.4901
-452.312 -6200.91 294.457 10148 -56.4833
-453.018 -6200.44 294.446 10148 -56.4882
-453.725 -6199.97 294.435 10148 -56.491
-454.434 -6199.5 294.424 10148 -56.4676
-455.143 -6199.03 294.414 10148 -56.4906
-455.852 -6198.56 294.403 10148 -56.4901
-456.56 -6198.09 294.392 10148 -56.4901
-457.269 -6197.62 294.381 10148 -56.4906
-457.978 -6197.15 294.37 10148 -56.4901
-458.687 -6196.69 294.36 10148 -56.4906
-459.396 -6196.22 294.349 10148 -56.4695
-460.104 -6195.75 294.338 10148 -56.5158
-460.813 -6195.28 294.328 10148 -56.4704
-461.521 -6194.81 294.317 10148 -56.4957
-462.231 -6194.34 294.306 10148 -56.4776
-462.943 -6193.87 294.296 10148 -56.4938
-463.652 -6193.4 294.285 10148 -56.127
-464.346 -6192.93 294.274 10148 -56.8561
-465.03 -6192.48 294.264 10148 -56.4794
-465.699 -6192.04 294.254 10148 -56.4951
-466.364 -6191.6 294.244 10148 -56.4701
-467.029 -6191.16 294.234 10148 -56.5057
-467.699 -6190.72 294.224 10148 -56.8617
-468.387 -6190.27 294.214 10148 -56.106
-469.082 -6189.8 294.203 10148 -56.1245
-469.775 -6189.34 294.193 10148 -56.8658
-470.465 -6188.89 294.182 10148 -56.4986
-471.132 -6188.44 294.172 10148 -56.4301
-471.779 -6188.01 294.163 10148 -55.3881
-472.416 -6187.58 294.153 10148 -55.3641
-473.058 -6187.13 294.143 10148 -55.7522
-473.811 -6186.62 294.131 20148 -55.8091
-474.595 -6186.09 294.119 20148 -55.9084
-475.372 -6185.56 294.107 20148 -55.6152
-476.15 -6185.03 294.095 20148 -55.6745
-476.942 -6184.49 294.082 20148 -55.305
-477.752 -6183.93 294.07 20148 -55.5382
-478.584 -6183.36 294.056 20148 -56.8204
-479.44 -6182.8 294.043 20148 -57.1219
-480.302 -6182.24 294.03 20148 -56.9728
-481.162 -6181.68 294.017 20148 -56.953
-482.021 -6181.12 294.003 20148 -56.9713
-482.88 -6180.56 293.99 20148 -56.9713
-483.739 -6180 293.977 20148 -56.9527
-484.597 -6179.45 293.963 20148 -56.953
-485.456 -6178.89 293.95 20148 -56.9713
-486.315 -6178.33 293.937 20148 -56.953
-487.174 -6177.77 293.924 20148 -56.9634
-488.033 -6177.21 293.912 20148 -56.9422
-488.892 -6176.65 293.902 20148 -56.9635
-489.754 -6176.09 293.892 20148 -56.5519
-490.61 -6175.53 293.882 20148 -57.3274
-491.463 -6174.98 293.872 20148 -59.1209
-492.317 -6174.47 293.862 20148 -59.7133
-493.169 -6173.97 293.852 20148 -59.1213
-494.023 -6173.46 293.842 20148 -57.7041
-494.88 -6172.92 293.832 20148 -57.3704
-495.742 -6172.37 293.822 20148 -58.153
-496.614 -6171.82 293.812 20148 -58.1912
-497.483 -6171.29 293.802 20148 -58.1355
-498.351 -6170.75 293.792 20148 -58.1354
-499.219 -6170.21 293.781 20148 -58.154
-500.087 -6169.67 293.771 20148 -58.1354
-500.955 -6169.13 293.761 20148 -58.1353
-501.823 -6168.59 293.751 20148 -58.1287
-502.692 -6168.05 293.744 20148 -58.1278
-503.56 -6167.51 293.736 20148 -58.1466
-504.428 -6166.97 293.729 20148 -58.1091
-505.296 -6166.43 293.722 20148 -58.1278
-506.164 -6165.89 293.715 20148 -58.1465
-507.033 -6165.35 293.708 20148 -58.1279
-507.901 -6164.81 293.701 20148 -58.1265
-508.773 -6164.27 293.694 20148 -58.1291
-509.637 -6163.73 293.687 20148 -58.1353
-510.482 -6163.2 293.68 20148 -57.8082
-511.316 -6162.68 293.673 20148 -57.5781
-512.155 -6162.15 293.667 20148 -57.6034
-513.014 -6161.6 293.66 20148 -57.6247
-513.882 -6161.05 293.653 20148 -57.5861
-514.745 -6160.5 293.645 20148 -57.6234
-515.608 -6159.96 293.638 20148 -57.5859
-516.472 -6159.41 293.632 20148 -57.6195
-517.335 -6158.86 293.628 20148 -57.5816
-518.196 -6158.31 293.624 20148 -57.6188
-519.057 -6157.77 293.62 20148 -57.6018
-519.923 -6157.22 293.616 20148 -57.6061
-520.804 -6156.66 293.612 20148 -57.3787
-521.702 -6156.08 293.608 20148 -57.4042
-522.615 -6155.5 293.603 20148 -57.3545
-523.533 -6154.91 293.599 20148 -57.3893
-524.451 -6154.32 293.595 20148 -57.3882
-525.367 -6153.74 293.591 20148 -57.388
-526.283 -6153.15 293.586 20148 -57.3883
-527.199 -6152.57 293.582 20148 -57.3882
-528.115 -6151.98 293.578 20148 -57.3882
-529.031 -6151.39 293.574 20148 -57.3882
-529.947 -6150.81 293.569 20148 -57.3882
-530.863 -6150.22 293.565 20148 -57.3704
-531.778 -6149.64 293.564 20148 -57.3881
-532.695 -6149.05 293.563 20148 -57.4055
-533.611 -6148.46 293.562 20148 -57.3704
-534.527 -6147.88 293.561 20148 -57.4052
-535.442 -6147.29 293.56 20148 -57.3713
-536.36 -6146.71 293.56 20148 -57.4084
-537.282 -6146.12 293.559 20148 -57.2133
-538.197 -6145.53 293.558 20148 -56.8707
-539.085 -6144.95 293.557 20148 -58.8367
-539.957 -6144.42 293.556 20148 -59.2724
-540.818 -6143.91 293.555 20148 -59.3324
-541.712 -6143.38 293.554 20148 -58.4592
-542.639 -6142.81 293.553 20148 -57.1721
-543.593 -6142.19 293.552 20148 -58.2213
-544.587 -6141.58 293.551 20148 -58.2383
-545.583 -6140.96 293.551 20148 -58.2275
-546.57 -6140.35 293.553 20148 -58.5183
-547.568 -6139.74 293.556 20148 -58.9969
-548.61 -6139.11 293.558 20148 -58.1243
-549.675 -6138.45 293.561 20148 -57.341
-550.779 -6137.74 293.563 20148 -57.6772
-551.893 -6137.04 293.566 20148 -58.3991
-552.99 -6136.36 293.569 20148 -58.6116
-554.061 -6135.71 293.572 20148 -58.7427
-555.122 -6135.06 293.574 20148 -59.1911
-556.199 -6134.42 293.577 20148 -59.6414
-557.294 -6133.78 293.579 20148 -60.176
-558.399 -6133.15 293.582 20148 -60.2185
-559.505 -6132.51 293.585 20148 -60.0668
-560.613 -6131.88 293.59 20148 -59.7679
-561.719 -6131.23 293.596 20148 -59.1814
-562.809 -6130.58 293.602 20148 -59.2256
-563.877 -6129.95 293.609 20148 -59.5187
-564.917 -6129.33 293.615 20148 -59.4606
-565.932 -6128.74 293.621 20148 -59.0371
-566.931 -6128.14 293.627 20148 -59.0884
-567.928 -6127.54 293.632 20148 -59.0685
-568.928 -6126.94 293.638 20148 -59.1002
-569.929 -6126.34 293.644 20148 -59.0838
-570.93 -6125.74 293.65 20148 -59.0678
-571.931 -6125.14 293.656 20148 -59.0842
-572.932 -6124.54 293.662 20148 -59.0842
-573.933 -6123.94 293.668 20148 -59.0866
-574.934 -6123.34 293.674 20148 -59.0792
-575.934 -6122.74 293.684 20148 -59.1162
-576.932 -6122.15 293.693 20148 -60.019
-577.939 -6121.57 293.702 20148 -56.1035
-578.91 -6120.91 293.712 20148 -54.1197
-579.869 -6120.22 293.721 20148 -51.8417
-580.802 -6119.49 293.73 20148 -54.5896
-581.758 -6118.81 293.74 20148 -56.995
-582.731 -6118.17 293.749 20148 -59.4306
-583.73 -6117.58 293.758 20148 -57.3585
-584.711 -6116.96 293.767 20148 -57.7361
-585.699 -6116.33 293.777 20148 -57.7527
-586.689 -6115.71 293.786 20148 -57.7519
-587.672 -6115.09 293.795 20148 -57.7337
-588.644 -6114.47 293.805 20148 -57.4248
-589.608 -6113.86 293.816 20148 -57.4149
-590.575 -6113.24 293.828 20148 -57.4197
-591.552 -6112.62 293.841 20148 -57.4074
-592.537 -6111.99 293.854 20148 -57.6873
-593.535 -6111.36 293.866 20148 -57.4394
-594.554 -6110.7 293.88 20148 -57.1549
-595.591 -6110.03 293.893 20148 -57.4224
-596.641 -6109.36 293.907 20148 -57.4253
-597.697 -6108.69 293.92 20148 -57.6863
-598.767 -6108.01 293.934 20148 -57.4093
-599.855 -6107.32 293.948 20148 -57.1882
-600.964 -6106.6 293.962 20148 -57.4109
-602.088 -6105.88 293.977 20148 -57.4271
-603.217 -6105.16 293.991 20148 -57.3552
-604.343 -6104.44 294.009 20148 -57.4414
-605.463 -6103.73 294.027 20148 -57.8429
-606.577 -6103.03 294.046 20148 0
