-386.96 -6246.08 295.486 10149 -57.8993
-387.223 -6245.9 295.482 10149 -57.8993
-387.493 -6245.73 295.477 10149 -57.8993
-387.76 -6245.56 295.473 10149 -57.8993
-388.025 -6245.38 295.469 10149 -57.8993
-388.291 -6245.21 295.465 10149 -57.8993
-388.557 -6245.04 295.461 10149 -57.8993
-388.822 -6244.87 295.456 10149 -57.8993
-389.087 -6244.7 295.452 10149 -57.8993
-389.353 -6244.52 295.448 10149 -57.8993
-389.618 -6244.35 295.444 10149 -57.8993
-389.884 -6244.18 295.44 10149 -57.8993
-390.15 -6244.01 295.435 10149 -57.8993
-390.415 -6243.84 295.431 10149 -57.8993
-390.681 -6243.66 295.427 10149 -57.8993
-390.946 -6243.49 295.423 10149 -57.8993
-391.212 -6243.32 295.419 10149 -57.8993
-391.477 -6243.15 295.415 10149 -57.8993
-391.743 -6242.98 295.41 10149 -57.8993
-392.009 -6242.8 295.406 10149 -57.8993
-392.274 -6242.63 295.402 10149 -57.8993
-392.54 -6242.46 295.398 10149 -57.8993
-392.805 -6242.29 295.394 10149 -57.8993
-393.068 -6242.12 295.39 10149 -57.8993
-393.331 -6241.95 295.385 10149 -57.8993
-393.612 -6241.78 295.381 10149 -57.8993
-393.918 -6241.6 295.376 10149 -57.8993
-394.25 -6241.41 295.371 10149 -57.8993
-394.607 -6241.21 295.366 10149 -57.8993
-394.985 -6241.02 295.361 10149 -57.8993
-395.357 -6240.83 295.355 10149 -57.8993
-395.714 -6240.64 295.35 10149 -57.8993
-396.062 -6240.46 295.345 10149 -57.8993
-396.415 -6240.27 295.339 10149 -57.8993
-396.781 -6240.07 295.334 10149 -57.8993
-397.153 -6239.87 295.328 10149 -57.8993
-397.522 -6239.67 295.323 10149 -57.8993
-397.891 -6239.47 295.317 10149 -57.8993
-398.26 -6239.27 295.312 10149 -57.8993
-398.63 -6239.07 295.306 10149 -57.8993
-398.999 -6238.87 295.301 10149 -57.8993
-399.368 -6238.67 295.295 10149 -57.8993
-399.737 -6238.47 295.29 10149 -57.8993
-400.106 -6238.27 295.284 10149 -57.8993
-400.474 -6238.07 295.279 10149 -57.8993
-400.843 -6237.87 295.273 10149 -57.8993
-401.215 -6237.67 295.268 10149 -57.8993
-401.591 -6237.47 295.262 10149 -57.8993
-401.964 -6237.25 295.256 10149 -57.8993
-402.328 -6237.03 295.251 10149 -57.8993
-402.682 -6236.79 295.245 10149 -57.8993
-403.03 -6236.55 295.24 10149 -57.8993
-403.382 -6236.32 295.234 10149 -57.8993
-403.745 -6236.08 295.228 10149 -57.8993
-404.126 -6235.82 295.222 10149 -57.8993
-404.527 -6235.55 295.216 10149 -56.0229
-404.949 -6235.27 295.209 10149 -56.1154
-405.392 -6234.97 295.202 10149 -55.7116
-405.852 -6234.66 295.195 10149 -56.1284
-406.323 -6234.34 295.187 10149 -56.1363
-406.797 -6234.02 295.18 10149 -56.1275
-407.269 -6233.71 295.173 10149 -56.1558
-407.739 -6233.39 295.165 10149 -56.1248
-408.209 -6233.08 295.158 10149 -56.1239
-408.68 -6232.76 295.15 10149 -56.1585
-409.151 -6232.44 295.143 10149 -56.1576
-409.621 -6232.13 295.136 10149 -56.1239
-410.092 -6231.81 295.128 10149 -56.1564
-410.571 -6231.49 295.121 10149 -56.1273
-411.033 -6231.18 295.114 10149 -55.9386
-411.459 -6230.89 295.107 10149 -55.9386
-411.865 -6230.61 295.1 10149 -53.0454
-412.273 -6230.3 295.094 10149 -53.4667
-412.719 -6229.97 295.087 10149 -54.0007
-413.198 -6229.63 295.079 10149 -53.0636
-413.677 -6229.27 295.071 10149 -53.4609
-414.167 -6228.9 295.063 10149 -53.5657
-414.663 -6228.54 295.055 10149 -54.6044
-415.176 -6228.17 295.047 10149 -53.6041
-415.709 -6227.78 295.038 10149 -52.4293
-416.259 -6227.36 295.029 10149 -53.4756
-416.831 -6226.93 295.02 10149 -53.5448
-417.405 -6226.51 295.011 10149 -53.4936
-417.975 -6226.09 295.001 10149 -53.5151
-418.545 -6225.66 294.992 10149 -53.5097
-419.114 -6225.24 294.983 10149 -53.4994
-419.681 -6224.82 294.974 10149 -53.277
-420.249 -6224.4 294.965 10149 -54.6556
-420.837 -6223.98 294.956 10149 -55.4769
-421.449 -6223.56 294.946 10149 -55.8931
-422.09 -6223.13 294.936 10149 -56.6282
-422.758 -6222.69 294.926 10149 -57.0697
-423.438 -6222.25 294.915 10149 -58.2993
-424.12 -6221.83 294.905 10149 -61.5819
-424.808 -6221.45 294.895 10149 -62.8869
-425.497 -6221.1 294.885 10149 -61.5872
-426.184 -6220.73 294.875 10149 -58.3259
-426.861 -6220.31 294.864 10149 -56.8083
-427.538 -6219.87 294.854 10149 -57.5918
-428.23 -6219.43 294.843 10149 -57.7562
-428.93 -6218.99 294.833 10149 -57.5222
-429.622 -6218.55 294.822 10149 -57.774
-430.296 -6218.12 294.812 10149 -58.8345
-430.955 -6217.72 294.802 10149 -58.3907
-431.609 -6217.32 294.792 10149 -57.7716
-432.272 -6216.9 294.782 10149 -58.0854
-432.949 -6216.48 294.771 10149 -58.0884
-433.634 -6216.06 294.761 10149 -58.4373
-434.331 -6215.63 294.751 10149 -57.7181
-435.038 -6215.18 294.74 10149 -58.0811
-435.759 -6214.73 294.729 10149 -58.0803
-436.484 -6214.28 294.718 10149 -58.0809
-437.206 -6213.83 294.707 10149 -58.1021
-437.934 -6213.38 294.696 10149 -58.0598
-438.649 -6212.93 294.685 10149 -58.0883
-439.339 -6212.5 294.675 10149 -57.0416
-440.011 -6212.07 294.665 10149 -56.3958
-440.688 -6211.62 294.654 10149 -56.4975
-441.391 -6211.15 294.644 10149 -56.6122
-442.108 -6210.68 294.633 10149 -56.2844
-442.816 -6210.21 294.622 10149 -55.6801
-443.512 -6209.73 294.611 10149 -55.9642
-444.199 -6209.27 294.6 10149 -56.773
-444.879 -6208.82 294.59 10149 -57.9238
-445.56 -6208.4 294.58 10149 -58.3292
-446.242 -6207.97 294.569 10149 -58.0667
-446.922 -6207.55 294.559 10149 -58.0458
-447.603 -6207.13 294.549 10149 -58.0711
-448.285 -6206.7 294.539 10149 -58.0948
-448.966 -6206.28 294.529 10149 -58.0711
-449.648 -6205.85 294.518 10149 -58.0711
-450.329 -6205.43 294.508 10149 -58.0711
-451.011 -6205 294.498 10149 -58.0711
-451.692 -6204.58 294.488 10149 -58.0711
-452.374 -6204.15 294.478 10149 -58.0711
-453.055 -6203.73 294.468 10149 -58.071
-453.737 -6203.3 294.457 10149 -58.0711
-454.418 -6202.88 294.447 10149 -58.0711
-455.1 -6202.45 294.437 10149 -58.0711
-455.781 -6202.03 294.427 10149 -58.0711
-456.462 -6201.61 294.417 10149 -58.0473
-457.144 -6201.18 294.407 10149 -58.0711
-457.825 -6200.76 294.396 10149 -58.0949
-458.507 -6200.33 294.386 10149 -58.0711
-459.188 -6199.91 294.376 10149 -58.071
-459.87 -6199.48 294.366 10149 -58.0711
-460.551 -6199.06 294.356 10149 -58.0711
-461.233 -6198.63 294.345 10149 -58.0739
-461.914 -6198.21 294.335 10149 -58.0505
-462.596 -6197.78 294.325 10149 -58.0029
-463.277 -6197.36 294.315 10149 -58.0983
-463.958 -6196.93 294.305 10149 -58.4575
-464.639 -6196.52 294.295 10149 -58.966
-465.319 -6196.11 294.285 10149 -59.381
-466 -6195.7 294.275 10149 -59.432
-466.679 -6195.3 294.265 10149 -59.3589
-467.359 -6194.9 294.256 10149 -59.382
-468.039 -6194.5 294.246 10149 -59.3579
-468.719 -6194.09 294.236 10149 -59.382
-469.399 -6193.69 294.226 10149 -59.3584
-470.078 -6193.29 294.216 10149 -59.382
-470.758 -6192.89 294.206 10149 -59.3579
-471.438 -6192.48 294.196 10149 -59.3503
-472.121 -6192.08 294.186 10149 -59.3661
-472.797 -6191.68 294.176 10149 -59.4254
-473.458 -6191.29 294.167 10149 -58.8615
-474.108 -6190.9 294.157 10149 -58.3798
-474.761 -6190.49 294.148 10149 -58.2999
-475.473 -6190.05 294.137 20149 -58.2519
-476.27 -6189.56 294.125 20149 -58.2539
-477.062 -6189.07 294.113 20149 -58.258
-477.845 -6188.59 294.101 20149 -56.8678
-478.6 -6188.09 294.089 20149 -56.0799
-479.329 -6187.6 294.078 20149 -53.8804
-480.031 -6187.09 294.066 20149 -53.179
-480.73 -6186.57 294.055 20149 -54.3083
-481.442 -6186.06 294.044 20149 -55.4313
-482.16 -6185.56 294.032 20149 -54.8742
-482.866 -6185.07 294.021 20149 -54.8976
-483.567 -6184.57 294.01 20149 -54.9011
-484.269 -6184.08 293.999 20149 -54.9092
-484.973 -6183.58 293.988 20149 -54.9069
-485.677 -6183.09 293.977 20149 -54.9069
-486.38 -6182.6 293.966 20149 -54.9291
-487.084 -6182.1 293.954 20149 -54.9069
-487.787 -6181.61 293.943 20149 -54.9069
-488.491 -6181.11 293.932 20149 -54.8859
-489.194 -6180.62 293.921 20149 -54.9197
-489.898 -6180.12 293.912 20149 -54.8959
-490.601 -6179.63 293.904 20149 -54.8948
-491.305 -6179.14 293.895 20149 -54.8982
-492.008 -6178.64 293.887 20149 -54.9086
-492.715 -6178.14 293.878 20149 -54.3693
-493.415 -6177.64 293.869 20149 -55.3635
-494.11 -6177.16 293.861 20149 -57.6867
-494.801 -6176.73 293.853 20149 -58.5345
-495.565 -6176.26 293.844 20149 -58.5286
-496.411 -6175.74 293.834 20149 -59.9205
-497.364 -6175.19 293.823 20149 -60.6093
-498.41 -6174.6 293.811 20149 -58.7761
-499.551 -6173.91 293.798 20149 -61.1096
-500.631 -6173.31 293.786 20149 -60.4825
-501.638 -6172.74 293.774 20149 -59.8075
-502.56 -6172.21 293.764 20149 -57.7765
-503.391 -6171.68 293.754 20149 -57.7441
-504.161 -6171.2 293.747 20149 -57.7628
-504.941 -6170.7 293.74 20149 -57.763
-505.723 -6170.21 293.734 20149 -57.7424
-506.506 -6169.72 293.727 20149 -57.7423
-507.287 -6169.22 293.721 20149 -57.7837
-508.07 -6168.73 293.715 20149 -57.7424
-508.852 -6168.24 293.708 20149 -57.7423
-509.634 -6167.74 293.702 20149 -57.784
-510.42 -6167.25 293.695 20149 -57.7212
-511.199 -6166.76 293.689 20149 -57.7609
-511.965 -6166.27 293.683 20149 -57.6542
-512.726 -6165.79 293.677 20149 -57.2128
-513.488 -6165.3 293.67 20149 -57.203
-514.262 -6164.8 293.664 20149 -57.2491
-515.043 -6164.3 293.658 20149 -57.2262
-515.821 -6163.8 293.651 20149 -57.2262
-516.599 -6163.3 293.645 20149 -57.2464
-517.376 -6162.8 293.639 20149 -57.2061
-518.154 -6162.3 293.632 20149 -57.2238
-518.934 -6161.79 293.628 20149 -57.0345
-519.708 -6161.29 293.625 20149 -57.3406
-520.478 -6160.8 293.621 20149 -58.3206
-521.259 -6160.32 293.618 20149 -58.7243
-522.054 -6159.83 293.614 20149 -58.9177
-522.86 -6159.35 293.61 20149 -57.4514
-523.643 -6158.85 293.607 20149 -58.1836
-524.401 -6158.38 293.603 20149 -59.1385
-525.134 -6157.94 293.6 20149 -58.2297
-525.841 -6157.5 293.597 20149 -58.2316
-526.545 -6157.07 293.594 20149 -58.2069
-527.252 -6156.63 293.59 20149 -58.2288
-527.961 -6156.19 293.587 20149 -58.2293
-528.669 -6155.75 293.584 20149 -58.2294
-529.377 -6155.31 293.581 20149 -58.2055
-530.087 -6154.87 293.577 20149 -58.2266
-530.8 -6154.43 293.574 20149 -58.2281
-531.51 -6153.99 293.571 20149 -57.2532
-532.196 -6153.55 293.568 20149 -57.6886
-532.846 -6153.14 293.565 20149 -58.8031
-533.471 -6152.76 293.565 20149 -59.3682
-534.06 -6152.41 293.564 20149 -58.207
-534.625 -6152.06 293.563 20149 -58.2378
-535.187 -6151.71 293.563 20149 -58.2353
-535.753 -6151.36 293.562 20149 -58.2058
-536.32 -6151.01 293.562 20149 -58.235
-536.886 -6150.66 293.561 20149 -58.2337
-537.455 -6150.31 293.56 20149 -58.2032
-538.026 -6149.95 293.56 20149 -58.2333
-538.594 -6149.6 293.559 20149 -57.0084
-539.139 -6149.25 293.559 20149 -57.5136
-539.647 -6148.92 293.558 20149 -58.9795
-540.13 -6148.63 293.558 20149 -59.7419
-540.578 -6148.37 293.557 20149 -59.7419
-541.001 -6148.11 293.557 20149 -59.7419
-541.421 -6147.85 293.556 20149 -59.7419
-541.845 -6147.59 293.556 20149 -58.2055
-542.271 -6147.32 293.555 20149 -58.2441
-542.696 -6147.06 293.555 20149 -58.206
-543.121 -6146.8 293.554 20149 -58.2441
-543.546 -6146.53 293.554 20149 -58.206
-543.971 -6146.27 293.554 20149 -58.206
-544.396 -6146.01 293.553 20149 -58.2441
-544.821 -6145.74 293.553 20149 -58.206
-545.246 -6145.48 293.552 20149 -58.2441
-545.671 -6145.22 293.552 20149 -58.206
-546.096 -6144.95 293.551 20149 -58.2441
-546.522 -6144.69 293.551 20149 -58.206
-546.946 -6144.43 293.55 20149 -58.245
-547.372 -6144.16 293.55 20149 -58.245
-547.796 -6143.9 293.551 20149 -58.2475
-548.222 -6143.64 293.552 20149 -58.2091
-548.647 -6143.37 293.554 20149 -58.2091
-549.072 -6143.11 293.555 20149 -58.2091
-549.497 -6142.85 293.556 20149 -58.2475
-549.922 -6142.58 293.557 20149 -58.2475
-550.347 -6142.32 293.558 20149 -58.2475
-550.772 -6142.06 293.559 20149 -58.2094
-551.197 -6141.79 293.56 20149 -58.2475
-551.622 -6141.53 293.561 20149 -58.2094
-552.047 -6141.27 293.562 20149 -58.2475
-552.472 -6141 293.563 20149 -58.2094
-552.897 -6140.74 293.564 20149 -58.2094
-553.322 -6140.48 293.565 20149 -58.2089
-553.748 -6140.21 293.566 20149 -58.2089
-554.173 -6139.95 293.567 20149 -58.2089
-554.596 -6139.69 293.568 20149 -58.2089
-555.021 -6139.43 293.569 20149 -59.7785
-555.469 -6139.17 293.57 20149 -59.0181
-555.953 -6138.88 293.571 20149 -57.5807
-556.462 -6138.55 293.573 20149 -57.4207
-557.005 -6138.21 293.574 20149 -58.7056
-557.587 -6137.85 293.575 20149 -59.3091
-558.202 -6137.49 293.577 20149 -58.9123
-558.842 -6137.1 293.578 20149 -59.0693
-559.509 -6136.7 293.58 20149 0
