6.94953e-310 6.94953e-310 0 0 0
-493.581 -6174.04 0 0 0
-494.554 -6173.44 0 0 0
-495.526 -6172.84 0 0 0
-496.498 -6172.24 0 0 0
-497.469 -6171.64 0 0 0
-498.441 -6171.04 0 0 0
-499.413 -6170.44 0 0 0
-500.385 -6169.84 0 0 0
-501.357 -6169.24 0 0 0
-502.328 -6168.65 0 0 0
-503.3 -6168.05 0 0 0
-504.271 -6167.45 0 0 0
-505.248 -6166.84 0 0 0
-506.216 -6166.25 0 0 0
-507.164 -6165.66 0 0 0
-508.099 -6165.08 0 0 0
-509.04 -6164.49 0 0 0
-510.007 -6163.88 0 0 0
-510.997 -6163.24 0 0 0
-512.002 -6162.57 0 0 0
-513.021 -6161.86 0 0 0
-514.048 -6161.15 0 0 0
-515.076 -6160.44 0 0 0
-516.1 -6159.74 0 0 0
-517.124 -6159.03 0 0 0
-518.15 -6158.33 0 0 0
-519.179 -6157.62 0 0 0
-520.201 -6156.91 0 0 0
-521.209 -6156.21 0 0 0
-522.208 -6155.56 0 0 0
-523.208 -6154.93 0 0 0
-524.221 -6154.32 0 0 0
-525.252 -6153.69 0 0 0
-526.311 -6153.04 0 0 0
-527.401 -6152.37 0 0 0
-528.511 -6151.67 0 0 0
-529.645 -6150.96 0 0 0
-530.784 -6150.26 0 0 0
-531.918 -6149.56 0 0 0
-533.051 -6148.85 0 0 0
-534.185 -6148.15 0 0 0
-535.318 -6147.45 0 0 0
-536.452 -6146.75 0 0 0
6.97613e-318 1.4237e-319 0 0 0
-365.312 6.16667 0 0 0
-366.125 6.16667 0 0 0
-366.938 6.16667 0 0 0
-367.75 6.16667 0 0 0
-368.562 6.16667 0 0 0
-369.375 6.16667 0 0 0
-370.188 6.16667 0 0 0
-371 6.16667 0 0 0
-371.75 6.16667 0 0 0
-372.562 6.16667 0 0 0
-373.438 6.16667 0 0 0
-374.25 5.5 0 0 0
-375.062 5.5 0 0 0
-375.938 5.5 0 0 0
-376.75 5.5 0 0 0
-377.563 5.33333 0 0 0
-378.438 5.33333 0 0 0
-379.25 5.33333 0 0 0
-380.063 5.33333 0 0 0
-380.875 5.33333 0 0 0
-381.625 5.33333 0 0 0
-382.375 5.33333 0 0 0
-383.125 5.33333 0 0 0
-383.875 5.33333 0 0 0
-384.625 5.33333 0 0 0
-385.313 5.33333 0 0 0
-386 5.33333 0 0 0
-386.75 5.33333 0 0 0
-387.438 5.33333 0 0 0
-388.188 5.33333 0 0 0
-388.813 5.33333 0 0 0
-389.5 5.33333 0 0 0
-390.125 5.33333 0 0 0
-390.875 5.33333 0 0 0
-391.563 5.33333 0 0 0
-392.25 5.33333 0 0 0
-393 5.33333 0 0 0
-393.688 5.33333 0 0 0
-394.375 5.33333 0 0 0
-395.125 5.33333 0 0 0
-395.813 5.33333 0 0 0
-396.5 5.33333 0 0 0
-397.188 5.33333 0 0 0
2.122e-314 5.33333 0 0 0
9.78907 5.33333 0 0 0
9.80274 5.33333 0 0 0
9.80079 5.33333 0 0 0
10.4531 5.33333 0 0 0
11.5625 5.33333 0 0 0
11.4649 5.33333 0 0 0
11.3438 5.33333 0 0 0
11.4121 5.33333 0 0 0
11.9199 5.33333 0 0 0
12.3672 5.33333 0 0 0
12.834 5.33333 0 0 0
13.2852 5.33333 0 0 0
13.4316 5.33333 0 0 0
13.4746 5.33333 0 0 0
13.5078 5.33333 0 0 0
13.4805 5.33333 0 0 0
13.3535 5.33333 0 0 0
13.2832 5.33333 0 0 0
13.3535 5.33333 0 0 0
13.4766 5.33333 0 0 0
13.5137 5.33333 0 0 0
13.4434 5.33333 0 0 0
13.3535 5.33333 0 0 0
13.3184 5.33333 0 0 0
13.3203 5.33333 0 0 0
13.3301 5.33333 0 0 0
13.334 5.33333 0 0 0
13.334 5.33333 0 0 0
13.3379 5.33333 0 0 0
13.3184 5.33333 0 0 0
13.334 5.33333 0 0 0
13.2637 5.33333 0 0 0
13.2363 5.33333 0 0 0
13.5098 5.33333 0 0 0
13.9434 5.33333 0 0 0
14.3652 5.33333 0 0 0
14.5899 5.33333 0 0 0
14.6328 5.33333 0 0 0
14.6758 5.33333 0 0 0
14.627 5.33333 0 0 0
14.4629 5.33333 0 0 0
14.3496 5.33333 0 0 0
14.4434 5.33333 0 0 0
14.6563 5.33333 0 0 0
14.8496 5.33333 0 0 0
-362.672 -6257.51 295.841 10148 -58.2182
-363.395 -6257.06 295.83 10148 -58.2404
-364.118 -6256.61 295.819 10148 -58.2182
-364.84 -6256.16 295.807 10148 -58.2406
-365.563 -6255.72 295.796 10148 -58.2864
-366.284 -6255.27 295.785 10148 -57.4747
-366.997 -6254.82 295.773 10148 -56.9113
-367.707 -6254.35 295.762 10148 -56.6926
-368.419 -6253.89 295.75 10148 -56.9674
-369.137 -6253.42 295.739 10148 -57.1927
-369.86 -6252.95 295.728 10148 -57.1039
-370.583 -6252.49 295.716 10148 -57.1259
-371.305 -6252.02 295.704 10148 -57.1254
-372.027 -6251.55 295.693 10148 -57.1256
-372.749 -6251.09 295.681 10148 -57.1032
-373.47 -6250.62 295.67 10148 -57.1323
-374.199 -6250.15 295.658 10148 -57.0964
-374.914 -6249.69 295.647 10148 -57.0976
-375.602 -6249.24 295.636 10148 -56.5211
-376.276 -6248.8 295.625 10148 -55.8891
-376.955 -6248.34 295.614 10148 -55.9202
-377.661 -6247.86 295.603 10148 -55.9763
-378.38 -6247.37 295.592 10148 -55.9809
-379.093 -6246.89 295.58 10148 -55.9593
-379.805 -6246.41 295.569 10148 -55.9587
-380.517 -6245.93 295.557 10148 -55.9587
-381.23 -6245.45 295.546 10148 -55.9593
-381.942 -6244.97 295.535 10148 -55.9587
-382.654 -6244.49 295.523 10148 -55.9593
-383.367 -6244 295.512 10148 -55.9593
-384.079 -6243.52 295.5 10148 -55.9809
-384.792 -6243.04 295.489 10148 -55.96
-385.504 -6242.56 295.477 10148 -55.9339
-386.215 -6242.08 295.466 10148 -55.9714
-386.924 -6241.6 295.455 10148 -55.7567
-387.634 -6241.12 295.443 10148 -57.3034
-388.371 -6240.64 295.432 10148 -57.6848
-389.14 -6240.16 295.42 10148 -57.7607
-389.94 -6239.65 295.407 10148 -58.097
-390.772 -6239.14 295.394 10148 -59.4044
-391.636 -6238.62 295.381 10148 -59.2462
-392.491 -6238.12 295.368 10148 -59.3083
-393.32 -6237.62 295.355 10148 -58.8848
-394.136 -6237.13 295.343 10148 -58.3187
-394.955 -6236.63 295.33 10148 -58.2878
-395.798 -6236.11 295.317 10148 -58.3019
-396.651 -6235.58 295.304 10148 -58.2854
-397.499 -6235.05 295.291 10148 -58.3045
-398.347 -6234.53 295.278 10148 -58.2854
-399.195 -6234.01 295.265 10148 -58.2854
-400.043 -6233.48 295.251 10148 -58.2855
-400.891 -6232.96 295.238 10148 -58.3045
-401.739 -6232.44 295.225 10148 -58.2854
-402.587 -6231.91 295.212 10148 -58.2879
-403.435 -6231.39 295.199 10148 -58.313
-404.283 -6230.86 295.186 10148 -58.294
-405.131 -6230.34 295.173 10148 -58.3131
-405.979 -6229.82 295.16 10148 -58.2939
-406.827 -6229.29 295.147 10148 -58.306
-407.69 -6228.76 295.134 10148 -58.2891
-408.506 -6228.26 295.121 10148 -58.3442
-409.293 -6227.77 295.109 10148 -57.2571
-410.031 -6227.3 295.098 10148 -55.4957
-410.793 -6226.77 295.086 10148 -55.5826
-411.586 -6226.23 295.073 10148 -55.7347
-412.427 -6225.66 295.06 10148 -55.631
-413.25 -6225.09 295.047 10148 -55.5232
-414.062 -6224.54 295.034 10148 -55.9352
-414.863 -6223.99 295.021 10148 -55.1818
-415.644 -6223.45 295.009 10148 -53.9041
-416.408 -6222.89 294.997 10148 -52.6697
-417.156 -6222.32 294.984 10148 -54.1058
-417.916 -6221.77 294.972 10148 -56.0382
-418.7 -6221.24 294.96 10148 -56.4096
-419.501 -6220.71 294.948 10148 -57.5473
-420.328 -6220.19 294.935 10148 -56.7919
-421.151 -6219.65 294.922 10148 -57.9573
-421.973 -6219.13 294.91 10148 -60.569
-422.802 -6218.67 294.898 10148 -61.5644
-423.631 -6218.22 294.885 10148 -60.5674
-424.46 -6217.75 294.873 10148 -57.9771
-425.282 -6217.24 294.861 10148 -56.7887
-426.102 -6216.7 294.848 10148 -57.3934
-426.931 -6216.17 294.835 10148 -57.3919
-427.756 -6215.64 294.823 10148 -57.3914
-428.582 -6215.11 294.81 10148 -57.3914
-429.407 -6214.58 294.797 10148 -57.3916
-430.232 -6214.06 294.785 10148 -57.3916
-431.057 -6213.53 294.772 10148 -57.3962
-431.882 -6213 294.759 10148 -57.3975
-432.708 -6212.47 294.747 10148 -57.378
-433.533 -6211.94 294.734 10148 -57.417
-434.358 -6211.42 294.722 10148 -57.3973
-435.184 -6210.89 294.709 10148 -57.4036
-436.019 -6210.35 294.696 10148 -57.3913
-436.835 -6209.83 294.684 10148 -57.3634
-437.61 -6209.34 294.672 10148 -55.8069
-438.356 -6208.83 294.661 10148 -55.6613
-439.116 -6208.31 294.649 10148 -55.7744
-439.917 -6207.77 294.637 10148 -55.8218
-440.736 -6207.21 294.624 10148 -55.803
-441.549 -6206.66 294.611 10148 -55.8133
-442.365 -6206.1 294.599 10148 -55.6643
-443.175 -6205.55 294.586 10148 -55.0946
-443.95 -6205.01 294.574 10148 -56.5686
-444.703 -6204.51 294.563 10148 -57.083
-445.426 -6204.04 294.552 10148 -58.8143
-446.127 -6203.62 294.541 10148 -58.2697
-446.793 -6203.21 294.531 10148 -58.1249
-447.453 -6202.8 294.521 10148 -58.0993
-448.117 -6202.38 294.512 10148 -58.123
-448.783 -6201.97 294.502 10148 -58.0988
-449.449 -6201.55 294.492 10148 -58.0989
-450.115 -6201.14 294.482 10148 -58.1233
-450.78 -6200.73 294.472 10148 -58.0988
-451.446 -6200.31 294.462 10148 -58.1232
-452.112 -6199.9 294.452 10148 -58.0989
-452.778 -6199.48 294.442 10148 -58.1232
-453.444 -6199.07 294.432 10148 -58.0989
-454.109 -6198.66 294.422 10148 -58.1233
-454.775 -6198.24 294.412 10148 -58.0988
-455.441 -6197.83 294.402 10148 -58.0989
-456.106 -6197.41 294.392 10148 -58.1232
-456.772 -6197 294.382 10148 -58.0989
-457.438 -6196.58 294.372 10148 -58.0989
-458.103 -6196.17 294.363 10148 -58.1232
-458.769 -6195.76 294.353 10148 -58.1237
-459.435 -6195.34 294.343 10148 -58.1021
-460.101 -6194.93 294.333 10148 -58.1264
-460.767 -6194.51 294.323 10148 -58.1022
-461.432 -6194.1 294.313 10148 -58.1021
-462.098 -6193.68 294.303 10148 -58.1253
-462.768 -6193.27 294.293 10148 -57.8105
-463.435 -6192.85 294.284 10148 -58.0548
-464.093 -6192.44 294.274 10148 -59.9059
-464.737 -6192.06 294.265 10148 -61.4395
-465.359 -6191.73 294.256 10148 -63.6477
-465.968 -6191.42 294.247 10148 -63.9899
-466.567 -6191.13 294.239 10148 -63.6787
-467.164 -6190.84 294.231 10148 -63.6139
-467.764 -6190.54 294.222 10148 -63.6279
-468.366 -6190.24 294.214 10148 -63.6135
-468.969 -6189.94 294.205 10148 -63.8308
-469.572 -6189.65 294.197 10148 -62.9027
-470.157 -6189.35 294.189 10148 -61.7506
-470.721 -6189.04 294.181 10148 -60.7943
-471.24 -6188.75 294.173 10148 -59.2665
-471.72 -6188.47 294.166 10148 -56.1812
-472.155 -6188.18 294.16 10148 -55.0424
-472.588 -6187.87 294.153 10148 -55.4694
-473.049 -6187.56 294.146 10148 -55.6065
-473.547 -6187.21 294.138 20148 -55.8209
-474.099 -6186.84 294.13 20148 -55.7933
-474.65 -6186.47 294.121 20148 -55.7923
-475.201 -6186.09 294.113 20148 -55.7933
-475.753 -6185.72 294.104 20148 -55.822
-476.304 -6185.34 294.095 20148 -55.7933
-476.856 -6184.97 294.087 20148 -55.7923
-477.407 -6184.59 294.078 20148 -55.822
-477.958 -6184.22 294.069 20148 -55.7933
-478.51 -6183.84 294.061 20148 -55.7954
-479.062 -6183.47 294.052 20148 -55.9947
-479.614 -6183.09 294.043 20148 -55.5287
-480.163 -6182.72 294.035 20148 -54.8187
-480.702 -6182.34 294.026 20148 -55.0354
-481.241 -6181.96 294.018 20148 0
