6.94953e-310 6.94953e-310 0 0 0
-401.09 -6232.28 0 0 0
-401.71 -6231.92 0 0 0
-402.33 -6231.56 0 0 0
-402.95 -6231.21 0 0 0
-403.57 -6230.85 0 0 0
-404.19 -6230.49 0 0 0
-404.81 -6230.13 0 0 0
-405.445 -6229.76 0 0 0
-406.032 -6229.42 0 0 0
-406.59 -6229.1 0 0 0
-407.094 -6228.79 0 0 0
-407.635 -6228.44 0 0 0
-408.204 -6228.08 0 0 0
-408.818 -6227.69 0 0 0
-409.42 -6227.3 0 0 0
-410.034 -6226.91 0 0 0
-410.667 -6226.47 0 0 0
-411.322 -6226.01 0 0 0
-411.995 -6225.5 0 0 0
-412.681 -6224.99 0 0 0
-413.367 -6224.48 0 0 0
-414.05 -6223.97 0 0 0
-414.744 -6223.47 0 0 0
-415.459 -6222.98 0 0 0
-416.195 -6222.49 0 0 0
-416.953 -6222.01 0 0 0
-417.725 -6221.53 0 0 0
-418.491 -6221.05 0 0 0
-419.258 -6220.58 0 0 0
-420.035 -6220.16 0 0 0
-420.815 -6219.76 0 0 0
-421.593 -6219.33 0 0 0
-422.362 -6218.87 0 0 0
-423.123 -6218.38 0 0 0
-423.877 -6217.91 0 0 0
-424.615 -6217.45 0 0 0
-425.339 -6217 0 0 0
-426.058 -6216.56 0 0 0
-426.778 -6216.11 0 0 0
-427.499 -6215.66 0 0 0
-428.22 -6215.21 0 0 0
-428.942 -6214.76 0 0 0
-429.664 -6214.31 0 0 0
8.5422e-318 1.4237e-319 0 0 0
0 0 0 0 0
0 0 0 0 0
0 0 0 0 0
0 0 0 0 0
0 0 0 0 0
0 0 0 0 0
0 0 0 0 0
0 0 0 0 0
0 0 0 0 0
0 0 0 0 0
0 0 0 0 0
0 0 0 0 0
0 0 0 0 0
0 0 0 0 0
0 0 0 0 0
0 0 0 0 0
0 0 0 0 0
0 0 0 0 0
0 0 0 0 0
0 0 0 0 0
0 0 0 0 0
0 0 0 0 0
0 0 0 0 0
0 0 0 0 0
0 0 0 0 0
0 0 0 0 0
0 0 0 0 0
0 0 0 0 0
0 0 0 0 0
0 0 0 0 0
0 0 0 0 0
0 0 0 0 0
0 0 0 0 0
0 0 0 0 0
0 0 0 0 0
0 0 0 0 0
0 0 0 0 0
0 0 0 0 0
0 0 0 0 0
0 0 0 0 0
0 0 0 0 0
0 0 0 0 0
0 0 0 0 0
8.5422e-319 1.4237e-319 0 0 0
0 10 0 0 0
0 10 0 0 0
0 10 0 0 0
0 10 0 0 0
0 10 0 0 0
0 10 0 0 0
0 10 0 0 0
0 10 0 0 0
0 10 0 0 0
0 10 0 0 0
0 10 0 0 0
0 10 0 0 0
0 10 0 0 0
0 10 0 0 0
0 10 0 0 0
0 10 0 0 0
0 10 0 0 0
0 10 0 0 0
0 10 0 0 0
0 10 0 0 0
0 10 0 0 0
0 10 0 0 0
0 10 0 0 0
0 10 0 0 0
0 10 0 0 0
0 10 0 0 0
0 10 0 0 0
0 10 0 0 0
0 10 0 0 0
0 10 0 0 0
0 10 0 0 0
0 10 0 0 0
0 10 0 0 0
0 10 0 0 0
0 10 0 0 0
0 10 0 0 0
0 0 0 0 0
0 0 0 0 0
0 0 0 0 0
0 0 0 0 0
0 5.33333 0 0 0
0 5.33333 0 0 0
0 5.33333 0 0 0
0 5.33333 0 0 0
0 5.33333 0 0 0
0 5.33333 0 0 0
0 5.33333 0 0 0
0 5.33333 0 0 0
0 5.33333 0 0 0
0 5.33333 0 0 0
0 5.33333 0 0 0
0 5.33333 0 0 0
0 5.33333 0 0 0
0 5.33333 0 0 0
0 5.33333 0 0 0
0 5.33333 0 0 0
0 5.33333 0 0 0
0 5.33333 0 0 0
0 5.33333 0 0 0
0 5.33333 0 0 0
0 5.33333 0 0 0
0 5.16667 0 0 0
0 5.16667 0 0 0
0 5.16667 0 0 0
0 5.16667 0 0 0
0 5.16667 0 0 0
0 5.16667 0 0 0
0 5.16667 0 0 0
0 5.16667 0 0 0
0 5.16667 0 0 0
0 5.16667 0 0 0
0 5.16667 0 0 0
0 5.16667 0 0 0
0 5.16667 0 0 0
0 5.16667 0 0 0
0 5.16667 0 0 0
0 5.16667 0 0 0
0 5.16667 0 0 0
0 5.16667 0 0 0
0 5.16667 0 0 0
0 5.16667 0 0 0
0 5.16667 0 0 0
0 5.16667 0 0 0
0 5.16667 0 0 0
0 5.16667 0 0 0
0 5.16667 0 0 0
0 5.16667 0 0 0
0 5.16667 0 0 0
0 5.16667 0 0 0
0 5.16667 0 0 0
0 5.16667 0 0 0
0 5.16667 0 0 0
0 5.16667 0 0 0
0 5.16667 0 0 0
0 5.16667 0 0 0
0 5.16667 0 0 0
0 5.16667 0 0 0
0 5.16667 0 0 0
0 5.16667 0 0 0
0 5.16667 0 0 0
0 5.16667 0 0 0
0 5.16667 0 0 0
0 5.16667 0 0 0
0 5.16667 0 0 0
0 5.16667 0 0 0
0 5.16667 0 0 0
0 5.16667 0 0 0
0 5.16667 0 0 0
0 5.16667 0 0 0
0 5.16667 0 0 0
0 5.16667 0 0 0
0 5.16667 0 0 0
0 5.16667 0 0 0
0 5.16667 0 0 0
0 5.16667 0 0 0
0 5.16667 0 0 0
0 5.16667 0 0 0
0 5.16667 0 0 0
0 5.16667 0 0 0
0 5.16667 0 0 0
-363.833 -6260.68 295.851 10149 -58.2181
-364.315 -6260.38 295.843 10149 -58.2516
-364.797 -6260.08 295.836 10149 -58.2181
-365.278 -6259.78 295.828 10149 -58.2183
-365.76 -6259.49 295.821 10149 -58.2557
-366.237 -6259.19 295.813 10149 -58.608
-366.73 -6258.89 295.805 10149 -58.2614
-367.242 -6258.57 295.797 10149 -57.8199
-367.771 -6258.24 295.789 10149 -58.2119
-368.311 -6257.91 295.78 10149 -58.2391
-368.855 -6257.57 295.772 10149 -58.6157
-369.41 -6257.23 295.763 10149 -58.2219
-369.982 -6256.88 295.754 10149 -57.881
-370.572 -6256.51 295.745 10149 -58.2309
-371.175 -6256.13 295.735 10149 -58.2296
-371.781 -6255.76 295.726 10149 -58.2041
-372.384 -6255.38 295.716 10149 -58.2588
-372.986 -6255.01 295.707 10149 -58.2049
-373.587 -6254.64 295.697 10149 -58.231
-374.19 -6254.26 295.688 10149 -58.2295
-374.796 -6253.89 295.678 10149 -58.2314
-375.398 -6253.52 295.669 10149 -57.881
-375.987 -6253.15 295.659 10149 -58.6122
-376.566 -6252.79 295.65 10149 -58.2332
-377.125 -6252.45 295.642 10149 -58.2224
-377.666 -6252.11 295.633 10149 -57.4964
-378.195 -6251.77 295.625 10149 -57.0378
-378.72 -6251.43 295.616 10149 -57.0801
-379.253 -6251.09 295.608 10149 -57.0552
-379.79 -6250.74 295.6 10149 -57.0808
-380.323 -6250.4 295.591 10149 -57.056
-380.86 -6250.05 295.583 10149 -57.0873
-381.397 -6249.7 295.574 10149 -57.0215
-381.931 -6249.35 295.566 10149 -57.097
-382.455 -6249.01 295.557 10149 -57.0805
-382.969 -6248.68 295.549 10149 -57.1146
-383.484 -6248.35 295.541 10149 -57.0706
-384.011 -6248.01 295.533 10149 -57.0485
-384.543 -6247.66 295.524 10149 -57.072
-385.071 -6247.32 295.516 10149 -57.0887
-385.59 -6246.99 295.508 10149 -57.0527
-386.105 -6246.65 295.5 10149 -57.0827
-386.62 -6246.32 295.491 10149 -56.6517
-387.122 -6245.99 295.483 10149 -57.4643
-387.611 -6245.68 295.476 10149 -57.1167
-388.086 -6245.37 295.468 10149 -57.0772
-388.558 -6245.06 295.461 10149 -57.0813
-389.033 -6244.76 295.453 10149 -57.0505
-389.509 -6244.45 295.446 10149 -57.0496
-389.984 -6244.14 295.438 10149 -57.0833
-390.46 -6243.83 295.431 10149 -57.0833
-390.936 -6243.52 295.423 10149 -57.092
-391.411 -6243.22 295.416 10149 -57.0595
-391.887 -6242.91 295.408 10149 -57.0932
-392.363 -6242.6 295.401 10149 -57.0932
-392.838 -6242.29 295.393 10149 -57.0595
-393.314 -6241.98 295.386 10149 -57.0932
-393.79 -6241.68 295.378 10149 -57.0928
-394.265 -6241.37 295.371 10149 -57.0654
-394.744 -6241.06 295.363 10149 -57.0875
-395.217 -6240.75 295.356 10149 -57.063
-395.675 -6240.45 295.349 10149 -56.1687
-396.124 -6240.15 295.342 10149 -56.0486
-396.577 -6239.85 295.335 10149 -56.1715
-397.044 -6239.54 295.327 10149 -56.1278
-397.518 -6239.22 295.32 10149 -56.1154
-397.988 -6238.9 295.312 10149 -56.1162
-398.459 -6238.59 295.305 10149 -56.149
-398.93 -6238.27 295.297 10149 -56.1162
-399.4 -6237.95 295.29 10149 -56.1154
-399.871 -6237.64 295.282 10149 -56.149
-400.341 -6237.32 295.275 10149 -56.149
-400.812 -6237.01 295.267 10149 -56.1163
-401.282 -6236.69 295.26 10149 -56.1154
-401.753 -6236.38 295.253 10149 -56.1163
-402.223 -6236.06 295.245 10149 -56.1482
-402.694 -6235.74 295.238 10149 -56.1171
-403.164 -6235.43 295.23 10149 -56.1499
-403.635 -6235.11 295.223 10149 -56.3442
-404.105 -6234.8 295.215 10149 -55.7953
-404.57 -6234.48 295.208 10149 -55.0493
-405.036 -6234.16 295.2 10149 -56.2144
-405.522 -6233.83 295.193 10149 -56.0309
-406.028 -6233.49 295.185 10149 -56.6361
-406.554 -6233.14 295.177 10149 -57.9107
-407.094 -6232.81 295.168 10149 -57.6423
-407.636 -6232.46 295.16 10149 -57.6414
-408.175 -6232.12 295.152 10149 -57.641
-408.713 -6231.78 295.143 10149 -57.6111
-409.252 -6231.44 295.135 10149 -57.6412
-409.79 -6231.1 295.127 10149 0
