-862.946 -5914.16 300.501 40148 -43.7972
-864.389 -5912.65 300.539 40148 -43.8056
-865.805 -5911.18 300.576 40148 -43.7951
-867.185 -5909.74 300.612 40148 -43.7162
-868.539 -5908.32 300.648 40148 -42.5798
-869.889 -5906.85 300.684 40148 -41.972
-871.255 -5905.33 300.72 40148 -40.8183
-872.623 -5903.75 300.754 40148 -41.1808
-873.993 -5902.18 300.789 40148 -41.4656
-875.374 -5900.62 300.823 40148 -41.5207
-876.757 -5899.06 300.858 40148 -41.4658
-878.139 -5897.5 300.892 40148 -41.4562
-879.518 -5895.94 300.926 40148 -41.4557
-880.894 -5894.38 300.961 40148 -41.6399
-882.286 -5892.81 300.995 40148 -41.7937
-883.699 -5891.23 301.03 40148 -41.042
-885.101 -5889.62 301.065 40148 -40.9202
-886.507 -5888 301.101 40148 -41.0272
-887.915 -5886.38 301.136 40148 -39.6212
-889.287 -5884.72 301.169 40148 -39.6336
-890.661 -5883.06 301.201 40148 -39.5183
-892.028 -5881.41 301.234 40148 -39.5272
-893.396 -5879.75 301.266 40148 -39.5183
-894.766 -5878.09 301.298 40148 -39.5272
-896.137 -5876.43 301.331 40148 -39.5537
-897.512 -5874.76 301.364 40148 -39.5627
-898.882 -5873.1 301.396 40148 -39.5627
-900.253 -5871.44 301.428 40148 -39.5627
0 2.122e-314 0 0 -39.5627
0 2.122e-314 0 0 -39.5627
0 2.122e-314 0 0 -39.5627
0 2.122e-314 0 0 -39.5627
0 2.122e-314 0 0 -39.5627
0 2.122e-314 0 0 -39.5627
0 2.122e-314 0 0 -39.5627
0 2.122e-314 0 0 -39.5627
0 2.122e-314 0 0 -39.5627
0 2.122e-314 0 0 -39.5627
0 2.122e-314 0 0 -39.5627
0 2.122e-314 0 0 -39.5627
0 2.122e-314 0 0 -39.5627
0 2.122e-314 0 0 -39.5627
0 2.122e-314 0 0 -39.5627
0 2.122e-314 0 0 -39.5627
0 2.122e-314 0 0 -39.5627
0 2.122e-314 0 0 -39.5627
0 2.122e-314 0 0 -39.5627
0 2.122e-314 0 0 -39.5627
0 2.122e-314 0 0 -39.5627
0 2.122e-314 0 0 -39.5627
0 2.122e-314 0 0 -39.5627
0 2.122e-314 0 0 -39.5627
0 2.122e-314 0 0 -39.5627
0 2.122e-314 0 0 -39.5627
0 2.122e-314 0 0 -39.5627
0 2.122e-314 0 0 -39.5627
0 2.122e-314 0 0 -39.5627
0 2.122e-314 0 0 -39.5627
0 2.122e-314 0 0 -39.5627
0 2.122e-314 0 0 -39.5627
0 2.122e-314 0 0 -39.5627
0 2.122e-314 0 0 -39.5627
0 2.122e-314 0 0 -39.5627
0 2.122e-314 0 0 -39.5627
0 2.122e-314 0 0 -39.5627
0 2.122e-314 0 0 -39.5627
0 2.122e-314 0 0 -39.5627
0 2.122e-314 0 0 -39.5627
0 2.122e-314 0 0 -39.5627
0 2.122e-314 0 0 -39.5627
0 2.122e-314 0 0 -39.5627
0 2.122e-314 0 0 -39.5627
0 2.122e-314 0 0 -39.5627
0 2.122e-314 0 0 -39.5627
0 2.122e-314 0 0 -39.5627
0 2.122e-314 0 0 -39.5627
0 2.122e-314 0 0 -39.5627
0 2.122e-314 0 0 -39.5627
0 2.122e-314 0 0 -39.5627
0 2.122e-314 0 0 -39.5627
0 2.122e-314 0 0 -39.5627
0 2.122e-314 0 0 -39.5627
0 2.122e-314 0 0 -39.5627
0 2.122e-314 0 0 -39.5627
0 2.122e-314 0 0 -39.5627
0 2.122e-314 0 0 -39.5627
0 2.122e-314 0 0 -39.5627
0 2.122e-314 0 0 -39.5627
0 2.122e-314 0 0 -39.5627
0 2.122e-314 0 0 -39.5627
0 2.122e-314 0 0 -39.5627
0 2.122e-314 0 0 -39.5627
0 2.122e-314 0 0 -39.5627
0 2.122e-314 0 0 -39.5627
0 2.122e-314 0 0 -39.5627
0 2.122e-314 0 0 -39.5627
0 2.122e-314 0 0 -39.5627
0 2.122e-314 0 0 -39.5627
0 2.122e-314 0 0 -39.5627
0 2.122e-314 0 0 -39.5627
0 2.122e-314 0 0 -39.5627
0 2.122e-314 0 0 -39.5627
0 2.122e-314 0 0 -39.5627
0 2.122e-314 0 0 -39.5627
0 2.122e-314 0 0 -39.5627
0 2.122e-314 0 0 -39.5627
0 2.122e-314 0 0 -39.5627
0 2.122e-314 0 0 -39.5627
0 2.122e-314 0 0 -39.5627
0 2.122e-314 0 0 -39.5627
0 2.122e-314 0 0 -39.5627
0 2.122e-314 0 0 -39.5627
0 2.122e-314 0 0 -39.5627
0 2.122e-314 0 0 -39.5627
0 2.122e-314 0 0 -39.5627
0 2.122e-314 0 0 -39.5627
0 2.122e-314 0 0 -39.5627
0 2.122e-314 0 0 -39.5627
0 2.122e-314 0 0 -39.5627
0 2.122e-314 0 0 -39.5627
0 2.122e-314 0 0 -39.5627
0 2.122e-314 0 0 -39.5627
0 2.122e-314 0 0 -39.5627
0 2.122e-314 0 0 -39.5627
0 2.122e-314 0 0 -39.5627
0 2.122e-314 0 0 -39.5627
0 2.122e-314 0 0 -39.5627
0 2.122e-314 0 0 -39.5627
0 2.122e-314 0 0 -39.5627
0 2.122e-314 0 0 -39.5627
0 2.122e-314 0 0 -39.5627
0 2.122e-314 0 0 -39.5627
0 2.122e-314 0 0 -39.5627
0 2.122e-314 0 0 -39.5627
0 2.122e-314 0 0 -39.5627
0 2.122e-314 0 0 -39.5627
0 2.122e-314 0 0 -39.5627
0 2.122e-314 0 0 -39.5627
0 2.122e-314 0 0 -39.5627
0 2.122e-314 0 0 -39.5627
0 2.122e-314 0 0 -39.5627
0 2.122e-314 0 0 -39.5627
0 2.122e-314 0 0 -39.5627
0 2.122e-314 0 0 -39.5627
0 2.122e-314 0 0 -39.5627
0 2.122e-314 0 0 -39.5627
0 2.122e-314 0 0 -39.5627
0 2.122e-314 0 0 -39.5627
0 2.122e-314 0 0 -39.5627
0 2.122e-314 0 0 -39.5627
0 2.122e-314 0 0 -39.5627
0 2.122e-314 0 0 -39.5627
0 2.122e-314 0 0 -39.5627
0 2.122e-314 0 0 -39.5627
0 2.122e-314 0 0 -39.5627
0 2.122e-314 0 0 -39.5627
0 2.122e-314 0 0 -39.5627
0 2.122e-314 0 0 -39.5627
0 2.122e-314 0 0 -39.5627
0 2.122e-314 0 0 -39.5627
0 2.122e-314 0 0 -39.5627
0 2.122e-314 0 0 -39.5627
0 2.122e-314 0 0 -39.5627
0 2.122e-314 0 0 -39.5627
0 2.122e-314 0 0 -39.5627
0 2.122e-314 0 0 -39.5627
0 2.122e-314 0 0 -39.5627
0 2.122e-314 0 0 -39.5627
0 2.122e-314 0 0 -39.5627
0 2.122e-314 0 0 -39.5627
0 2.122e-314 0 0 -39.5627
0 2.122e-314 0 0 -39.5627
0 2.122e-314 0 0 -39.5627
0 2.122e-314 0 0 -39.5627
0 2.122e-314 0 0 -39.5627
0 2.122e-314 0 0 -39.5627
0 2.122e-314 0 0 -39.5627
0 2.122e-314 0 0 -39.5627
0 2.122e-314 0 0 -39.5627
0 2.122e-314 0 0 -39.5627
0 2.122e-314 0 0 -39.5627
0 2.122e-314 0 0 -39.5627
0 2.122e-314 0 0 -39.5627
0 2.122e-314 0 0 -39.5627
0 2.122e-314 0 0 -39.5627
0 2.122e-314 0 0 -39.5627
0 2.122e-314 0 0 -39.5627
0 2.122e-314 0 0 -39.5627
0 2.122e-314 0 0 -39.5627
0 2.122e-314 0 0 -39.5627
0 2.122e-314 0 0 -39.5627
0 2.122e-314 0 0 -39.5627
0 2.122e-314 0 0 -39.5627
0 2.122e-314 0 0 -39.5627
0 2.122e-314 0 0 -39.5627
0 2.122e-314 0 0 -39.5627
0 2.122e-314 0 0 -39.5627
0 2.122e-314 0 0 -39.5627
0 2.122e-314 0 0 -39.5627
0 2.122e-314 0 0 -39.5627
0 2.122e-314 0 0 -39.5627
0 2.122e-314 0 0 -39.5627
0 2.122e-314 0 0 -39.5627
0 2.122e-314 0 0 -39.5627
0 2.122e-314 0 0 -39.5627
0 2.122e-314 0 0 -39.5627
0 2.122e-314 0 0 -39.5627
0 2.122e-314 0 0 -39.5627
0 2.122e-314 0 0 -39.5627
0 2.122e-314 0 0 -39.5627
0 2.122e-314 0 0 -39.5627
0 2.122e-314 0 0 -39.5627
0 2.122e-314 0 0 -39.5627
0 2.122e-314 0 0 -39.5627
0 2.122e-314 0 0 -39.5627
0 2.122e-314 0 0 -39.5627
0 2.122e-314 0 0 -39.5627
0 2.122e-314 0 0 -39.5627
0 2.122e-314 0 0 -39.5627
0 2.122e-314 0 0 -39.5627
0 2.122e-314 0 0 -39.5627
0 2.122e-314 0 0 -39.5627
0 2.122e-314 0 0 -39.5627
0 2.122e-314 0 0 -39.5627
0 2.122e-314 0 0 -39.5627
0 2.122e-314 0 0 -39.5627
0 2.122e-314 0 0 -39.5627
0 2.122e-314 0 0 -39.5627
0 2.122e-314 0 0 -39.5627
0 2.122e-314 0 0 -39.5627
0 2.122e-314 0 0 -39.5627
0 2.122e-314 0 0 -39.5627
0 2.122e-314 0 0 -39.5627
0 2.122e-314 0 0 -39.5627
0 2.122e-314 0 0 -39.5627
0 2.122e-314 0 0 -39.5627
0 2.122e-314 0 0 -39.5627
0 2.122e-314 0 0 -39.5627
0 2.122e-314 0 0 -39.5627
0 2.122e-314 0 0 -39.5627
0 2.122e-314 0 0 -39.5627
0 2.122e-314 0 0 -39.5627
0 2.122e-314 0 0 -39.5627
0 2.122e-314 0 0 -39.5627
0 2.122e-314 0 0 -39.5627
0 2.122e-314 0 0 -39.5627
0 2.122e-314 0 0 -39.5627
0 2.122e-314 0 0 -39.5627
0 2.122e-314 0 0 -39.5627
0 2.122e-314 0 0 -39.5627
0 2.122e-314 0 0 -39.5627
0 2.122e-314 0 0 -39.5627
0 2.122e-314 0 0 -39.5627
0 2.122e-314 0 0 -39.5627
0 2.122e-314 0 0 -39.5627
0 2.122e-314 0 0 -39.5627
0 2.122e-314 0 0 -39.5627
0 2.122e-314 0 0 -39.5627
0 2.122e-314 0 0 -39.5627
0 9.88131e-324 0 0 -39.5627
0 9.88131e-324 0 0 -39.5627
0 9.88131e-324 0 0 -39.5627
0 9.88131e-324 0 0 -39.5627
0 9.88131e-324 0 0 -39.5627
0 9.88131e-324 0 0 -39.5627
0 9.88131e-324 0 0 -39.5627
0 9.88131e-324 0 0 -39.5627
0 9.88131e-324 0 0 -39.5627
0 9.88131e-324 0 0 -39.5627
0 9.88131e-324 0 0 -39.5627
0 9.88131e-324 0 0 -39.5627
0 9.88131e-324 0 0 -39.5627
0 9.88131e-324 0 0 -39.5627
0 9.88131e-324 0 0 -39.5627
0 9.88131e-324 0 0 -39.5627
0 9.88131e-324 0 0 -39.5627
0 9.88131e-324 0 0 -39.5627
0 9.88131e-324 0 0 -39.5627
0 9.88131e-324 0 0 -39.5627
0 9.88131e-324 0 0 -39.5627
0 9.88131e-324 0 0 -39.5627
0 9.88131e-324 0 0 -39.5627
0 9.88131e-324 0 0 -39.5627
0 9.88131e-324 0 0 -39.5627
0 9.88131e-324 0 0 -39.5627
0 9.88131e-324 0 0 -39.5627
0 9.88131e-324 0 0 -39.5627
0 9.88131e-324 0 0 -39.5627
0 9.88131e-324 0 0 -39.5627
0 9.88131e-324 0 0 -39.5627
0 9.88131e-324 0 0 -39.5627
0 9.88131e-324 0 0 -39.5627
0 9.88131e-324 0 0 -39.5627
0 9.88131e-324 0 0 -39.5627
0 9.88131e-324 0 0 -39.5627
0 9.88131e-324 0 0 -39.5627
0 9.88131e-324 0 0 -39.5627
0 9.88131e-324 0 0 -39.5627
0 9.88131e-324 0 0 -39.5627
0 9.88131e-324 0 0 0
