-643.703 -6083.16 294.812 30149 -57.9809
-645.209 -6082.22 294.849 30149 -58.3636
-646.692 -6081.3 294.884 30149 -58.2655
-648.169 -6080.39 294.92 30149 -57.5333
-649.648 -6079.45 294.956 30149 -56.0469
-651.106 -6078.47 294.992 30149 -56.1389
-652.554 -6077.49 295.027 30149 -56.3558
-653.994 -6076.54 295.063 30149 -57.5472
-655.448 -6075.61 295.098 30149 -58.1577
-656.9 -6074.71 295.133 30149 -58.2946
-658.338 -6073.82 295.168 30149 -58.5891
-659.778 -6072.94 295.202 30149 -58.0793
-661.23 -6072.04 295.237 30149 -57.696
-662.708 -6071.1 295.273 30149 -58.345
-664.227 -6070.17 295.31 30149 -58.4916
-665.782 -6069.21 295.347 30149 -57.7143
-667.365 -6068.21 295.386 30149 -57.2728
-668.958 -6067.19 295.425 30149 -57.7137
-670.537 -6066.19 295.464 30149 -58.7151
-672.092 -6065.25 295.501 30149 -58.4061
-673.623 -6064.3 295.539 30149 -58.2104
-675.177 -6063.34 295.576 30149 -57.959
-676.768 -6062.35 295.615 30149 -57.8094
-678.394 -6061.32 295.655 30149 -57.7056
-680.056 -6060.27 295.696 30149 -58.0254
-681.737 -6059.22 295.737 30149 -57.6957
-683.398 -6058.17 295.777 30149 -57.79
-685.028 -6057.15 295.817 30149 -58.1619
-686.627 -6056.15 295.856 30149 -57.9633
-688.193 -6055.17 295.894 30149 -57.5082
-689.736 -6054.19 295.933 30149 -57.4978
-691.276 -6053.21 295.971 30149 -57.5082
-692.822 -6052.22 296.009 30149 -57.5082
-694.365 -6051.24 296.047 30149 -57.5082
-695.9 -6050.26 296.085 30149 -57.4978
-697.432 -6049.29 296.123 30149 -57.3088
-698.963 -6048.31 296.16 30149 -57.3098
-700.502 -6047.32 296.199 30149 -57.2894
-702.045 -6046.33 296.237 30149 -57.31
-703.586 -6045.34 296.275 30149 -57.3205
-705.127 -6044.35 296.313 30149 -57.2996
-706.668 -6043.36 296.351 30149 -57.31
-708.209 -6042.37 296.389 30149 -57.2441
-709.748 -6041.38 296.427 30149 -56.5139
-711.276 -6040.37 296.466 30149 -56.5243
-712.803 -6039.36 296.504 30149 -56.5243
-714.33 -6038.35 296.542 30149 -56.5243
-715.857 -6037.34 296.58 30149 -56.5243
-717.385 -6036.33 296.619 30149 -56.5139
-718.912 -6035.32 296.657 30149 -56.5243
-720.439 -6034.31 296.695 30149 -56.5139
-721.966 -6033.3 296.734 30149 -56.5243
-723.493 -6032.29 296.772 30149 -56.524
-725.017 -6031.28 296.81 30149 -56.5247
-726.547 -6030.27 296.848 30149 -56.5158
-728.089 -6029.25 296.887 30149 -56.5679
-729.637 -6028.23 296.926 30149 -56.8257
-731.185 -6027.22 296.964 30149 -56.2521
-732.71 -6026.2 297.003 30149 -55.6869
-734.221 -6025.17 297.041 30149 -55.7076
-735.734 -6024.14 297.079 30149 -55.6971
-737.247 -6023.1 297.118 30149 -55.6973
-738.759 -6022.07 297.156 30149 -55.687
-740.268 -6021.04 297.194 30149 -55.6868
-741.78 -6020.01 297.232 30149 -55.8722
-743.308 -6018.97 297.271 30149 -55.6945
-744.857 -6017.92 297.31 30149 -55.5424
-746.427 -6016.84 297.35 30149 -55.6921
-748.01 -6015.76 297.39 30149 -55.5222
-749.577 -6014.68 297.43 30149 -55.8677
-751.129 -6013.63 297.469 30149 -55.6954
-752.666 -6012.58 297.508 30149 -55.5267
-754.206 -6011.53 297.547 30149 -54.2226
-755.734 -6010.42 297.586 30149 -54.2221
-757.27 -6009.32 297.626 30149 -54.2321
-758.806 -6008.21 297.665 30149 -54.2224
-760.338 -6007.11 297.705 30149 -54.2137
-761.848 -6006.02 297.743 30149 -54.236
-763.337 -6004.95 297.782 30149 -54.3597
-764.835 -6003.87 297.82 30149 -53.6969
-766.359 -6002.75 297.859 30149 -53.5983
-767.917 -6001.6 297.9 30149 -53.8009
-769.507 -6000.44 297.941 30149 -53.8293
-771.093 -5999.28 297.982 30149 -53.7285
-772.662 -5998.13 298.022 30149 -53.8317
-774.207 -5997 298.062 30149 -54.157
-775.727 -5995.9 298.101 30149 -52.5023
-777.19 -5994.78 298.14 30149 -52.2716
-778.637 -5993.66 298.177 30149 -52.2716
-780.081 -5992.54 298.215 30149 -52.2612
-781.529 -5991.42 298.253 30149 -52.2717
-782.978 -5990.3 298.291 30149 -52.2717
-784.426 -5989.18 298.329 30149 -52.2612
-785.874 -5988.06 298.367 30149 -52.2715
-787.315 -5986.95 298.404 30149 -52.2614
-788.77 -5985.82 298.443 30149 -52.2725
-790.257 -5984.67 298.481 30149 -52.5641
-791.767 -5983.51 298.521 30149 -53.573
-793.304 -5982.38 298.56 30149 -53.1658
-794.827 -5981.24 298.6 30149 -52.8117
-796.352 -5980.08 298.639 30149 -51.7811
-797.866 -5978.89 298.679 30149 -51.1993
-799.351 -5977.69 298.718 30149 -51.0367
-800.819 -5976.51 298.756 30149 -51.2439
-802.299 -5975.32 298.795 30149 -51.0378
-803.799 -5974.11 298.835 30149 -50.8875
-805.321 -5972.87 298.875 30149 -51.0629
-806.863 -5971.62 298.915 30149 -51.0618
-808.373 -5970.4 298.955 30149 -51.0798
-809.838 -5969.22 298.993 30149 -50.2997
-811.277 -5968.02 299.031 30149 -49.721
-812.747 -5966.78 299.071 30149 -49.887
-814.259 -5965.5 299.111 30149 -49.7464
-815.784 -5964.21 299.152 30149 -50.0498
-817.283 -5962.96 299.192 30149 -48.2812
-818.732 -5961.67 299.231 30149 -47.6008
-820.176 -5960.35 299.27 30149 -47.2937
-821.631 -5959 299.31 30149 -47.441
-823.103 -5957.65 299.35 30149 -47.4504
-824.575 -5956.3 299.39 30149 -47.4417
-826.052 -5954.95 299.431 30149 -47.1698
-827.533 -5953.57 299.471 30149 -47.8969
-829.038 -5952.21 299.512 30149 -49.1728
-830.567 -5950.89 299.552 30149 -49.7205
-832.095 -5949.6 299.593 30149 -49.1933
-833.604 -5948.29 299.633 30149 -48.3488
-835.097 -5946.97 299.673 30149 -47.3072
-836.566 -5945.61 299.713 30149 -46.15
-838.015 -5944.22 299.753 40149 -43.8465
-839.401 -5942.78 299.793 40149 -43.2934
-840.758 -5941.34 299.832 40149 -44.0483
-842.122 -5939.93 299.871 40149 -45.7254
-843.54 -5938.54 299.91 40149 -44.8259
-844.981 -5937.09 299.951 40149 -44.4553
-846.442 -5935.6 299.992 40149 -44.0512
-847.94 -5934.06 300.035 40149 -42.9538
-849.405 -5932.48 300.078 40149 -44.342
-850.885 -5930.97 300.12 40149 -44.2146
-852.338 -5929.47 300.162 40149 -45.2471
-853.809 -5928.02 300.203 40149 -45.6711
-855.284 -5926.58 300.244 40149 -42.7673
-856.67 -5925.08 300.281 40149 -41.8697
-858.027 -5923.56 300.317 40149 -41.5442
-859.366 -5922.05 300.354 40149 -40.613
-860.679 -5920.52 300.39 40148 -41.6975
-862.029 -5919.01 300.427 40148 -42.5443
-863.421 -5917.49 300.464 40148 -43.4656
-864.848 -5915.98 300.501 40148 -45.5276
-866.337 -5914.52 300.539 40148 -45.8058
-867.809 -5913.09 300.576 40148 -43.9765
-869.198 -5911.65 300.612 40148 -42.5459
-870.552 -5910.17 300.648 40148 -41.5343
-871.907 -5908.64 300.685 40148 -42.0811
-873.311 -5907.09 300.722 40148 -42.1544
-874.733 -5905.52 300.756 40148 -42.7971
-876.157 -5903.98 300.791 40148 -41.7129
-877.545 -5902.42 300.825 40148 -41.1679
-878.905 -5900.87 300.859 40148 -40.853
-880.241 -5899.32 300.893 40148 -41.2143
-881.577 -5897.8 300.926 40148 -42.1732
-882.943 -5896.29 300.959 40148 -42.3083
-884.326 -5894.77 300.993 40148 -42.3838
-885.726 -5893.24 301.027 40148 -42.3748
-887.127 -5891.7 301.061 40148 -42.3815
-888.513 -5890.18 301.095 40148 -41.8156
-889.881 -5888.65 301.129 40148 -39.6348
-891.186 -5887.08 301.16 40148 -39.986
-892.498 -5885.51 301.191 40148 -41.2537
-893.841 -5883.98 301.221 40149 -41.3006
-895.191 -5882.45 301.252 40149 -40.456
-896.552 -5880.85 301.284 40149 -39.9638
-897.929 -5879.21 301.316 40149 -39.2807
-899.303 -5877.53 301.348 40149 -39.5623
-900.685 -5875.85 301.381 40149 -39.5625
-902.062 -5874.19 301.414 40149 -39.5625
-903.438 -5872.52 301.446 40149 -39.5625
-39.5183 1.98362e-319 0 0 -39.5625
-39.5183 1.98362e-319 0 0 -39.5625
-39.5183 1.98362e-319 0 0 -39.5625
-39.3599 1.98362e-319 0 0 -39.5625
-39.4322 1.98362e-319 0 0 -39.5625
-39.8816 1.98362e-319 0 0 -39.5625
-39.5705 1.98362e-319 0 0 -39.5625
-44.7586 1.98362e-319 0 0 -39.5625
-44.7586 1.98362e-319 0 0 -39.5625
-44.7586 0 0 0 -39.5625
-44.7586 0 0 0 -39.5625
-44.7586 0 0 0 -39.5625
-44.7586 0 0 0 -39.5625
-44.7586 0 0 0 -39.5625
-44.7586 0 0 0 -39.5625
-44.7586 0 0 0 -39.5625
-44.7586 0 0 0 -39.5625
-44.7586 0 0 0 -39.5625
-44.7586 0 0 0 -39.5625
-44.7586 0 0 0 -39.5625
-44.7586 0 0 0 -39.5625
-44.7586 0 0 0 -39.5625
-44.7586 0 0 0 -39.5625
-44.7586 0 0 0 -39.5625
-44.7586 0 0 0 -39.5625
-44.7586 0 0 0 -39.5625
-44.7586 0 0 0 -39.5625
-44.7586 0 0 0 -39.5625
-44.7586 0 0 0 -39.5625
-44.7586 0 0 0 -39.5625
-44.7586 0 0 0 -39.5625
-44.7586 0 0 0 -39.5625
-44.7586 0 0 0 -39.5625
-44.7586 0 0 0 -39.5625
-44.7586 0 0 0 -39.5625
-44.7586 0 0 0 -39.5625
-44.7586 0 0 0 -39.5625
-44.7586 0 0 0 -39.5625
-44.7586 0 0 0 -39.5625
-44.7586 0 0 0 -39.5625
-44.7586 0 0 0 -39.5625
-44.7586 0 0 0 -39.5625
-44.7586 0 0 0 -39.5625
-44.7586 0 0 0 -39.5625
-44.7586 0 0 0 -39.5625
-44.7586 0 0 0 -39.5625
-44.7586 0 0 0 -39.5625
-44.7586 0 0 0 -39.5625
-44.7586 0 0 0 -39.5625
-44.7586 0 0 0 -39.5625
-44.7586 0 0 0 -39.5625
-44.7586 0 0 0 -39.5625
-44.7586 0 0 0 -39.5625
-44.7586 0 0 0 -39.5625
-44.7586 0 0 0 -39.5625
-44.7586 0 0 0 -39.5625
-44.7586 0 0 0 -39.5625
-44.7586 0 0 0 -39.5625
-44.7586 0 0 0 -39.5625
-44.7586 0 0 0 -39.5625
-44.7586 0 0 0 -39.5625
-44.7586 0 0 0 -39.5625
-44.7586 0 0 0 -39.5625
-44.7586 0 0 0 -39.5625
-44.7586 0 0 0 -39.5625
-44.7586 0 0 0 -39.5625
-44.7586 0 0 0 -39.5625
-44.7586 0 0 0 -39.5625
-44.7586 0 0 0 -39.5625
-44.7586 0 0 0 -39.5625
-44.7586 0 0 0 -39.5625
-44.7586 0 0 0 -39.5625
-44.7586 0 0 0 -39.5625
-44.7586 0 0 0 -39.5625
-44.7586 0 0 0 -39.5625
-44.7586 0 0 0 -39.5625
-44.7586 0 0 0 -39.5625
-44.7586 0 0 0 -39.5625
-44.7586 0 0 0 -39.5625
-44.7586 0 0 0 -39.5625
-44.7586 0 0 0 -39.5625
-44.7586 0 0 0 -39.5625
-44.7586 0 0 0 -39.5625
-44.7586 0 0 0 -39.5625
-44.7586 0 0 0 -39.5625
-44.7586 0 0 0 -39.5625
-44.7586 0 0 0 -39.5625
-44.7586 0 0 0 -39.5625
-44.7586 0 0 0 -39.5625
-44.7586 0 0 0 -39.5625
-44.7586 0 0 0 -39.5625
-44.7586 0 0 0 -39.5625
-44.7586 0 0 0 -39.5625
-44.7586 0 0 0 -39.5625
-44.7586 0 0 0 -39.5625
-44.7586 0 0 0 -39.5625
-44.7586 0 0 0 -39.5625
-44.7586 0 0 0 -39.5625
-44.7586 0 0 0 -39.5625
-44.7586 0 0 0 -39.5625
-44.7586 0 0 0 -39.5625
-44.7586 0 0 0 -39.5625
-44.7586 0 0 0 -39.5625
-44.7586 0 0 0 -39.5625
-44.7586 0 0 0 -39.5625
-44.7586 0 0 0 -39.5625
-44.7586 0 0 0 -39.5625
-44.7586 0 0 0 -39.5625
-44.7586 0 0 0 -39.5625
-44.7586 0 0 0 -39.5625
-44.7586 0 0 0 -39.5625
-44.7586 0 0 0 -39.5625
-44.7586 0 0 0 -39.5625
-44.7586 0 0 0 -39.5625
-44.7586 0 0 0 -39.5625
-44.7586 0 0 0 -39.5625
-44.7586 0 0 0 -39.5625
-44.7586 0 0 0 -39.5625
-44.7586 0 0 0 -39.5625
-44.7586 0 0 0 -39.5625
-44.7586 0 0 0 -39.5625
-44.7586 0 0 0 -39.5625
-44.7586 0 0 0 -39.5625
-44.7586 0 0 0 0
