-540.584 -6144.49 293.555 20148 -58.2314
-541.859 -6143.7 293.554 20148 -58.2187
-543.135 -6142.91 293.553 20148 -58.2316
-544.409 -6142.12 293.551 20148 -58.219
-545.685 -6141.33 293.551 20148 -58.2342
-546.963 -6140.54 293.554 20148 -58.2468
-548.241 -6139.75 293.557 20148 -58.2712
-549.522 -6138.96 293.56 20148 -58.4075
-550.813 -6138.17 293.563 20148 -58.5027
-552.117 -6137.37 293.566 20148 -58.8097
-553.432 -6136.57 293.569 20148 -59.2073
-554.753 -6135.78 293.573 20148 -59.3086
-556.073 -6135 293.576 20148 -59.1701
-557.393 -6134.21 293.579 20148 -58.7974
-558.708 -6133.42 293.582 20148 -58.7272
-560.015 -6132.62 293.585 20148 -58.9684
-561.314 -6131.84 293.593 20148 -59.0934
-562.603 -6131.07 293.6 20148 -59.5202
-563.892 -6130.31 293.608 20148 -57.9879
-565.156 -6129.52 293.615 20148 -56.9212
-566.401 -6128.71 293.623 20148 -56.4015
-567.633 -6127.89 293.63 20148 -57.4336
-568.88 -6127.09 293.638 20148 -58.4251
-570.146 -6126.32 293.645 20148 -58.4979
-571.422 -6125.53 293.653 20148 -57.4401
-572.688 -6124.73 293.66 20148 -57.7454
-573.958 -6123.92 293.668 20148 -57.7376
-575.226 -6123.12 293.677 20148 -57.7432
-576.494 -6122.32 293.689 20148 -57.7432
-577.763 -6121.52 293.701 20148 -57.7432
-579.031 -6120.72 293.713 20148 -57.7563
-580.304 -6119.92 293.725 20148 -57.7428
-581.569 -6119.12 293.737 20148 -57.7409
-582.816 -6118.33 293.749 20148 -57.5191
-584.055 -6117.54 293.761 20148 -57.4043
-585.298 -6116.75 293.772 20148 -57.3982
-586.559 -6115.94 293.784 20148 -57.4131
-587.825 -6115.13 293.796 20148 -57.4109
-589.085 -6114.33 293.808 20148 -57.4264
-590.349 -6113.52 293.824 20148 -57.6205
-591.63 -6112.71 293.841 20148 -57.2143
-592.922 -6111.88 293.858 20148 -57.4295
-594.229 -6111.04 293.875 20148 -57.4196
-595.542 -6110.2 293.892 20148 -57.8854
-596.879 -6109.36 293.909 20148 -57.2823
-598.237 -6108.49 293.926 20148 -57.094
-599.614 -6107.6 293.944 20148 -57.2443
-600.991 -6106.71 293.962 20148 -57.6245
-602.35 -6105.85 293.979 20148 -57.5492
-603.682 -6105.01 293.997 20148 -57.3668
-605.001 -6104.16 294.019 20148 -57.613
-606.334 -6103.32 294.041 20148 -57.7492
-607.694 -6102.46 294.063 20148 -57.636
-609.08 -6101.58 294.085 20148 -57.6857
-610.484 -6100.69 294.108 20148 -57.8354
-611.898 -6099.8 294.131 20148 -57.8354
-613.311 -6098.91 294.154 20148 -57.8238
-614.722 -6098.03 294.177 20148 -57.8238
-616.132 -6097.14 294.2 20148 -57.8321
-617.521 -6096.26 294.223 30148 -57.6938
-618.926 -6095.38 294.256 30148 -57.6938
-620.33 -6094.49 294.29 30148 -57.7053
-621.735 -6093.6 294.324 30148 -57.6938
-623.139 -6092.71 294.357 30148 -57.6938
-624.544 -6091.82 294.391 30148 -57.6938
-625.948 -6090.94 294.424 30148 -57.6938
-627.353 -6090.05 294.458 30148 -57.7053
-628.757 -6089.16 294.491 30148 -57.6938
-630.161 -6088.27 294.525 30148 -57.7054
-631.567 -6087.38 294.558 30148 -57.6941
-632.976 -6086.49 294.592 30148 -57.7054
-634.383 -6085.6 294.626 30148 -57.2153
-635.762 -6084.72 294.659 30148 -57.738
-637.116 -6083.86 294.691 30148 -58.151
-638.448 -6083.03 294.723 30148 -58.1633
-639.781 -6082.21 294.755 30148 -57.9017
-641.138 -6081.35 294.787 30148 -57.4774
-642.525 -6080.47 294.821 30148 -57.9543
-643.935 -6079.59 294.855 30148 -57.7454
-645.331 -6078.71 294.889 30148 -58.1523
-646.711 -6077.85 294.922 30148 -57.9396
-648.072 -6077 294.955 30148 -57.9514
-649.433 -6076.14 294.988 30148 -57.9391
-650.788 -6075.3 295.021 30148 -57.9507
-652.137 -6074.45 295.053 30148 -57.9508
-653.488 -6073.61 295.086 30148 -57.9514
-654.849 -6072.75 295.119 30148 -58.1172
-656.224 -6071.9 295.152 30148 -58.1178
-657.591 -6071.05 295.185 30148 -58.1069
-658.939 -6070.21 295.217 30148 -58.1071
-660.282 -6069.37 295.25 30148 -58.1187
-661.632 -6068.53 295.282 30148 -58.0996
-662.997 -6067.68 295.315 30148 -58.0219
-664.36 -6066.83 295.348 30148 -58.0108
-665.708 -6065.99 295.381 30148 -58.0111
-667.05 -6065.15 295.414 30148 -58.0227
-668.399 -6064.31 295.447 30148 -58.0219
-669.762 -6063.46 295.48 30148 -58.0102
-671.121 -6062.61 295.513 30148 -58.143
-672.47 -6061.77 295.546 30148 -58.2377
-673.828 -6060.93 295.579 30148 -57.2436
-675.215 -6060.04 295.613 30148 -56.877
-676.631 -6059.12 295.648 30148 -56.0144
-678.071 -6058.14 295.684 30148 -56.0842
-679.55 -6057.15 295.721 30148 -56.1367
-681.038 -6056.15 295.758 30148 -56.1726
-682.511 -6055.16 295.795 30148 -56.6426
-683.964 -6054.21 295.831 30148 -57.4326
-685.396 -6053.29 295.866 30148 -57.5425
-686.805 -6052.4 295.901 30148 -57.6131
-688.203 -6051.51 295.935 30148 -57.5093
-689.601 -6050.62 295.97 30148 -57.4978
-691.001 -6049.73 296.005 30148 -57.5093
-692.405 -6048.83 296.039 30148 -57.5093
-693.804 -6047.94 296.074 30148 -57.5094
-695.193 -6047.06 296.108 30148 -57.3582
-696.576 -6046.17 296.142 30148 -57.3005
-697.96 -6045.28 296.177 30148 -57.3135
-699.356 -6044.39 296.211 30148 -57.3027
-700.756 -6043.49 296.246 30148 -57.3023
-702.154 -6042.59 296.281 30148 -57.3138
-703.552 -6041.7 296.315 30148 -57.3023
-704.949 -6040.8 296.35 30148 -57.3023
-706.347 -6039.9 296.385 30148 -57.3138
-707.744 -6039 296.419 30148 -56.6311
-709.131 -6038.09 296.454 30148 -56.5282
-710.517 -6037.18 296.489 30148 -56.5167
-711.902 -6036.26 296.523 30148 -56.5167
-713.288 -6035.34 296.558 30148 -56.528
-714.672 -6034.43 296.593 30148 -56.5161
-716.053 -6033.51 296.628 30148 -56.5166
-717.438 -6032.6 296.662 30148 -56.7121
-718.841 -6031.68 296.698 30148 -56.3423
-720.259 -6030.73 296.733 30148 -56.523
-721.691 -6029.79 296.769 30148 -56.331
-723.109 -6028.84 296.805 30148 -56.7121
-724.509 -6027.92 296.84 30148 -56.5171
-725.897 -6027 296.875 30148 -56.5302
-727.298 -6026.08 296.91 30148 -56.7687
-728.71 -6025.15 296.945 30148 -56.8141
-730.117 -6024.23 296.981 30148 -55.7967
-731.493 -6023.3 297.015 30148 -55.8796
-732.877 -6022.36 297.051 30148 -55.7059
-734.284 -6021.4 297.086 30148 -55.5163
-735.709 -6020.42 297.123 30148 -55.6809
-737.152 -6019.44 297.159 30148 -55.7023
-738.6 -6018.45 297.196 30148 -55.7031
-740.04 -6017.47 297.232 30148 -55.6932
-741.465 -6016.49 297.269 30148 -55.6937
-742.885 -6015.52 297.305 30148 -55.8475
-744.316 -6014.55 297.341 30148 -55.5498
-745.761 -6013.56 297.378 30148 -55.6905
-747.222 -6012.57 297.415 30148 -55.7008
-748.69 -6011.56 297.452 30148 -55.8704
-750.172 -6010.56 297.49 30148 -55.5192
-751.664 -6009.53 297.527 30148 -54.807
-753.158 -6008.48 297.566 30148 -54.2259
-754.644 -6007.41 297.604 30148 -54.226
-756.128 -6006.34 297.642 30148 -54.2259
-757.615 -6005.27 297.681 30148 -54.2267
-759.09 -6004.21 297.719 30148 -54.1537
-760.546 -6003.16 297.756 30148 -54.3237
-762.006 -6002.11 297.794 30148 -54.3408
-763.492 -6001.04 297.832 30148 -54.4163
-765.02 -5999.95 297.871 30148 -54.6393
-766.583 -5998.84 297.911 30148 -54.9063
-768.155 -5997.73 297.952 30148 -54.6805
-769.715 -5996.63 297.992 30148 -54.4958
-771.251 -5995.53 298.031 30148 -54.512
-772.764 -5994.45 298.07 30148 -53.9001
-774.248 -5993.37 298.108 30148 -52.2194
-775.691 -5992.25 298.146 30148 -52.2612
-777.134 -5991.14 298.184 30148 -52.2717
-778.579 -5990.02 298.222 30148 -52.2717
-780.024 -5988.9 298.26 30148 -52.2612
-781.469 -5987.78 298.298 30148 -52.2717
-782.915 -5986.66 298.336 30148 -52.2613
-784.36 -5985.54 298.374 30148 -52.2609
-785.795 -5984.43 298.411 30148 -52.2719
-787.25 -5983.31 298.45 30148 -52.2628
-788.75 -5982.15 298.489 30148 -52.8206
-790.278 -5980.99 298.529 30148 -53.1682
-791.798 -5979.85 298.568 30148 -53.1738
-793.272 -5978.75 298.607 30148 -53.2074
-794.726 -5977.66 298.644 30148 -51.6752
-796.161 -5976.52 298.682 30148 -51.0549
-797.583 -5975.38 298.719 30148 -51.0548
-799.005 -5974.23 298.757 30148 -51.0651
-800.427 -5973.08 298.795 30148 -51.0547
-801.849 -5971.93 298.832 30148 -51.0547
-803.272 -5970.78 298.87 30148 -51.0467
-804.707 -5969.62 298.907 30148 -51.0667
-806.11 -5968.48 298.945 30148 -51.1035
-807.475 -5967.38 298.98 30148 -50.5005
-808.801 -5966.29 299.016 30148 -49.8838
-810.141 -5965.16 299.052 30148 -49.8917
-811.52 -5964 299.089 30148 -49.8979
-812.931 -5962.81 299.127 30148 -49.8952
-814.327 -5961.64 299.164 30148 -49.8947
-815.721 -5960.46 299.201 30148 -47.7112
-817.073 -5959.23 299.238 30148 -47.6146
-818.436 -5957.99 299.276 30148 -47.2783
-819.807 -5956.72 299.313 30148 -47.4444
-821.194 -5955.45 299.351 30148 -47.4545
-822.582 -5954.17 299.389 30148 -47.4459
-823.977 -5952.89 299.427 30148 -47.4484
-825.386 -5951.6 299.466 30148 -47.3064
-826.783 -5950.31 299.504 30148 -47.9941
-828.171 -5949.06 299.542 30148 -47.8223
-829.529 -5947.83 299.579 30148 -48.0099
-830.891 -5946.61 299.616 30148 -47.8305
-832.275 -5945.35 299.654 30148 -47.6577
-833.677 -5944.07 299.692 30148 -48.3073
-835.132 -5942.78 299.73 40148 -46.0664
-836.511 -5941.45 299.769 40148 -46.0671
-837.883 -5940.13 299.807 40148 -45.8958
-839.232 -5938.82 299.844 40148 -46.3861
-840.584 -5937.53 299.882 40148 -46.0261
-841.97 -5936.19 299.92 40148 -44.9771
-843.376 -5934.79 299.96 40148 -44.1483
-844.803 -5933.32 300.001 40148 -43.4842
-846.265 -5931.78 300.043 40148 -42.1679
-847.7 -5930.19 300.086 40148 -43.7768
-849.149 -5928.68 300.128 40148 -44.0635
-850.566 -5927.21 300.168 40148 -45.3511
-852.002 -5925.8 300.209 40148 -45.4039
-853.444 -5924.37 300.248 40148 -42.517
-854.826 -5922.87 300.285 40148 -41.3322
-856.203 -5921.3 300.323 40148 -41.2749
-857.582 -5919.73 300.361 40148 -42.1123
-858.951 -5918.22 300.398 40148 -42.8016
-860.309 -5916.75 300.434 40148 -43.7351
-861.655 -5915.34 300.47 40148 -44.4292
-863.001 -5913.97 300.504 40148 -43.5674
-864.338 -5912.56 300.54 40148 -42.3419
-865.666 -5911.11 300.575 40148 -41.5537
-866.967 -5909.64 300.611 40148 -42.0476
-868.264 -5908.2 300.646 40148 -42.8035
-869.574 -5906.79 300.681 40148 -43.7961
-870.928 -5905.38 300.716 40148 -42.655
-872.275 -5903.91 300.749 40148 -42.3764
-873.615 -5902.44 300.781 40148 -42.3875
-874.953 -5900.98 300.814 40148 -42.377
-876.292 -5899.51 300.847 40148 -42.3676
-877.63 -5898.04 300.88 40148 -42.3773
-878.969 -5896.58 300.912 40148 -42.3772
-880.308 -5895.11 300.945 40148 -42.3771
-881.647 -5893.64 300.978 40148 -42.3832
-882.993 -5892.17 301.011 40148 -42.3804
-884.325 -5890.71 301.043 40148 -42.3854
-885.63 -5889.28 301.075 40148 -42.2518
-886.92 -5887.86 301.107 40148 -41.6019
-888.205 -5886.41 301.139 40148 -39.528
-889.463 -5884.88 301.168 40148 -39.5183
-890.734 -5883.34 301.199 40148 -39.528
-891.998 -5881.81 301.229 40148 -39.5183
-893.262 -5880.28 301.259 40148 -39.5183
-894.526 -5878.75 301.289 40148 -39.5279
-895.793 -5877.21 301.319 40148 -39.5279
-897.06 -5875.68 301.349 40148 -39.5663
-898.328 -5874.14 301.379 40148 -39.5568
-899.593 -5872.61 301.409 40148 -39.5664
-900.858 -5871.08 301.438 40148 -39.5664
-39.5705 0 0 0 -39.5664
-39.5705 0 0 0 -39.5664
-39.5705 0 0 0 -39.5664
-39.5705 0 0 0 -39.5664
-39.5705 0 0 0 -39.5664
-39.5705 0 0 0 -39.5664
-39.5705 0 0 0 -39.5664
-39.5705 0 0 0 -39.5664
-39.5705 0 0 0 -39.5664
-39.5705 0 0 0 -39.5664
-39.5705 0 0 0 -39.5664
-39.5705 0 0 0 -39.5664
-39.5705 0 0 0 -39.5664
-39.5705 0 0 0 -39.5664
-39.5705 0 0 0 -39.5664
-39.5705 0 0 0 -39.5664
-39.5705 0 0 0 -39.5664
-39.5705 0 0 0 -39.5664
-39.5705 0 0 0 -39.5664
-39.5705 0 0 0 -39.5664
-39.5705 0 0 0 -39.5664
-39.5705 0 0 0 -39.5664
-39.5705 0 0 0 -39.5664
-39.5705 0 0 0 -39.5664
-39.5705 0 0 0 -39.5664
-39.5705 0 0 0 -39.5664
-39.5705 0 0 0 -39.5664
-39.5705 0 0 0 -39.5664
-39.5705 0 0 0 -39.5664
-39.5705 0 0 0 -39.5664
-39.5705 0 0 0 -39.5664
-39.5705 0 0 0 -39.5664
-39.5705 0 0 0 -39.5664
-39.5705 0 0 0 -39.5664
-39.5705 0 0 0 -39.5664
-39.5705 0 0 0 -39.5664
-39.5705 0 0 0 0
