6.94953e-310 6.94953e-310 0 0 0
-57.0348 5.01427e-320 0 0 0
-57.0759 5.01427e-320 0 0 0
-57.0696 5.01427e-320 0 0 0
-57.0856 5.01427e-320 0 0 0
-56.4081 5.01427e-320 0 0 0
-56.8099 5.01427e-320 0 0 0
-57.2868 5.01427e-320 0 0 0
-57.7397 5.01427e-320 0 0 0
-57.6071 5.01427e-320 0 0 0
-57.5486 5.01427e-320 0 0 0
-57.4369 5.01427e-320 0 0 0
-57.3868 5.01427e-320 0 0 0
-58.747 5.01427e-320 0 0 0
-58.7105 5.01427e-320 0 0 0
-58.7109 5.01427e-320 0 0 0
-58.7133 5.01427e-320 0 0 0
-58.722 5.01427e-320 0 0 0
-57.4533 5.01427e-320 0 0 0
-57.6504 5.01427e-320 0 0 0
-57.6002 5.01427e-320 0 0 0
-57.4866 5.01427e-320 0 0 0
-58.6595 5.01427e-320 0 0 0
-56.4811 5.01427e-320 0 0 0
-56.3614 5.01427e-320 0 0 0
-55.7852 5.01427e-320 0 0 0
-56.6397 5.01427e-320 0 0 0
-56.9648 5.01427e-320 0 0 0
-56.9778 5.01427e-320 0 0 0
-56.9741 5.01427e-320 0 0 0
-56.9746 5.01427e-320 0 0 0
-56.5235 5.01427e-320 0 0 0
-58.366 5.01427e-320 0 0 0
-60.0721 5.01427e-320 0 0 0
-60.918 5.01427e-320 0 0 0
-60.8865 5.01427e-320 0 0 0
-57.5217 5.01427e-320 0 0 0
-56.6555 5.01427e-320 0 0 0
-57.0351 5.01427e-320 0 0 0
-57.0413 5.01427e-320 0 0 0
-57.026 5.01427e-320 0 0 0
-57.0415 5.01427e-320 0 0 0
-57.0415 5.01427e-320 0 0 0
-57.0256 5.01427e-320 0 0 0
-57.0419 5.01427e-320 0 0 0
-57.0437 5.01427e-320 0 0 0
-56.5326 5.01427e-320 0 0 0
-57.6646 5.01427e-320 0 0 0
-59.897 5.01427e-320 0 0 0
-61.1488 5.01427e-320 0 0 0
-61.3528 5.01427e-320 0 0 0
-59.5747 5.01427e-320 0 0 0
-57.415 5.01427e-320 0 0 0
-57.4245 5.01427e-320 0 0 0
-58.3181 5.01427e-320 0 0 0
-58.1286 5.01427e-320 0 0 0
-58.0746 5.01427e-320 0 0 0
-58.0909 5.01427e-320 0 0 0
-58.0571 5.01427e-320 0 0 0
-58.0758 5.01427e-320 0 0 0
-58.3359 5.01427e-320 0 0 0
-57.816 5.01427e-320 0 0 0
-58.0914 5.01427e-320 0 0 0
-58.0795 5.01427e-320 0 0 0
-57.0996 5.01427e-320 0 0 0
-56.44 5.01427e-320 0 0 0
-56.463 5.01427e-320 0 0 0
-57.1629 5.01427e-320 0 0 0
-56.8304 5.01427e-320 0 0 0
-56.1405 5.01427e-320 0 0 0
-55.8626 5.01427e-320 0 0 0
-359.356 -6259.64 295.894 10148 -58.2055
-360.319 -6259.05 295.879 10148 -58.2087
-361.282 -6258.45 295.864 10148 -58.2518
-362.246 -6257.85 295.849 10148 -58.2181
-363.209 -6257.26 295.834 10148 -58.2181
-364.173 -6256.66 295.818 10148 -58.2349
-365.136 -6256.06 295.803 10148 -58.2181
-366.1 -6255.47 295.788 10148 -58.2181
-367.063 -6254.87 295.773 10148 -58.2518
-368.027 -6254.27 295.758 10148 -58.215
-368.999 -6253.67 295.742 10148 -58.221
-369.954 -6253.08 295.727 10148 -58.2517
-370.874 -6252.51 295.713 10148 -57.8092
-371.774 -6251.94 295.699 10148 -56.3363
-372.659 -6251.35 295.684 10148 -56.7967
-373.558 -6250.76 295.67 10148 -57.3354
-374.442 -6250.2 295.656 10148 -57.7871
-375.289 -6249.66 295.643 10148 -57.0801
-376.118 -6249.13 295.629 10148 -57.3202
-376.961 -6248.59 295.616 10148 -56.8153
-377.822 -6248.02 295.602 10148 -57.0657
-378.695 -6247.46 295.589 10148 -56.8292
-379.552 -6246.9 295.575 10148 -57.3402
-380.397 -6246.36 295.562 10148 -57.7782
-381.247 -6245.82 295.548 10148 -57.3602
-382.123 -6245.26 295.535 10148 -56.375
-383.025 -6244.66 295.52 10148 -56.8223
-383.951 -6244.05 295.506 10148 -57.0795
-384.878 -6243.45 295.491 10148 -57.0864
-385.794 -6242.86 295.476 10148 -57.0672
-386.707 -6242.27 295.462 10148 -57.0588
-387.611 -6241.68 295.448 10148 -57.0535
-388.49 -6241.11 295.434 10148 -57.1772
-389.363 -6240.55 295.42 10148 -55.695
-390.256 -6239.94 295.406 10148 -56.1417
-391.185 -6239.32 295.391 10148 -57.2114
-392.161 -6238.69 295.376 10148 -57.9021
-393.169 -6238.06 295.36 10148 -58.66
-394.203 -6237.43 295.344 10148 -59.9156
-395.261 -6236.81 295.328 10148 -59.6751
-396.322 -6236.19 295.312 10148 -59.6772
-397.381 -6235.58 295.296 10148 -59.6497
-398.437 -6234.96 295.28 10148 -59.6919
-399.497 -6234.34 295.263 10148 -59.6555
-400.559 -6233.72 295.247 10148 -59.6037
-401.614 -6233.1 295.231 10148 -58.7996
-402.634 -6232.48 295.215 10148 -59.1735
-403.602 -6231.9 295.201 10148 -59.0165
-404.52 -6231.35 295.187 10148 -57.2853
-405.368 -6230.8 295.174 10148 -52.8226
-406.165 -6230.2 295.161 10148 -53.0333
-407.008 -6229.57 295.147 10148 -53.3924
-407.894 -6228.91 295.132 10148 -53.5527
-408.819 -6228.23 295.118 10148 -53.5265
-409.73 -6227.55 295.103 10148 -53.513
-410.642 -6226.88 295.088 10148 -53.4874
-411.553 -6226.2 295.073 10148 -53.51
-412.461 -6225.53 295.059 10148 -53.4459
-413.372 -6224.86 295.044 10148 -54.9567
-414.325 -6224.19 295.029 10148 -55.5142
-415.318 -6223.51 295.013 10148 -55.5079
-416.34 -6222.8 294.997 10148 -57.0602
-417.411 -6222.11 294.98 10148 -59.9553
-418.523 -6221.47 294.964 10148 -61.1761
-419.649 -6220.85 294.947 10148 -60.2574
-420.769 -6220.21 294.93 10148 -58.0943
-421.872 -6219.52 294.914 10148 -57.1831
-422.964 -6218.82 294.897 10148 -57.9179
-424.056 -6218.13 294.88 10148 -58.0824
-425.14 -6217.46 294.864 10148 -58.1129
-426.221 -6216.78 294.847 10148 -58.068
-427.301 -6216.11 294.831 10148 -58.0833
-428.379 -6215.44 294.814 10148 -58.0829
-429.46 -6214.77 294.798 10148 -58.6625
-430.577 -6214.08 294.781 10148 -58.0363
-431.689 -6213.39 294.764 10148 -57.533
-432.762 -6212.71 294.748 10148 -56.8193
-433.804 -6212.03 294.732 10148 -56.6956
-434.869 -6211.33 294.716 10148 -56.7807
-435.974 -6210.6 294.699 10148 -56.4264
-437.111 -6209.85 294.681 10148 -55.8593
-438.275 -6209.06 294.663 10148 -56.3942
-439.471 -6208.26 294.645 10148 -57.2385
-440.69 -6207.48 294.626 10148 -57.5953
-441.917 -6206.7 294.608 10148 -57.464
-443.142 -6205.92 294.589 10148 -57.4768
-444.367 -6205.14 294.57 10148 -57.4775
-445.592 -6204.36 294.552 10148 -57.468
-446.816 -6203.58 294.534 10148 -57.468
-448.04 -6202.8 294.515 10148 -57.4812
-449.265 -6202.02 294.497 10148 -57.468
-450.489 -6201.23 294.478 10148 -57.4681
-451.713 -6200.45 294.46 10148 -57.468
-452.938 -6199.67 294.442 10148 -57.468
-454.162 -6198.89 294.423 10148 -57.4812
-455.386 -6198.11 294.405 10148 -57.4681
-456.611 -6197.33 294.386 10148 -57.4679
-457.835 -6196.55 294.368 10148 -57.4676
-459.058 -6195.77 294.35 10148 -57.3515
-460.28 -6194.99 294.331 10148 -57.6822
-461.51 -6194.21 294.313 10148 -58.3223
-462.758 -6193.44 294.295 10148 -58.4681
-464.032 -6192.66 294.276 10148 -58.6607
-465.307 -6191.88 294.257 10148 -58.5194
-466.554 -6191.12 294.239 10148 -57.7076
-467.78 -6190.34 294.221 10148 -57.3578
-469.013 -6189.55 294.202 10148 -57.3611
-470.281 -6188.74 294.183 10148 -57.3686
-471.567 -6187.92 294.164 10148 -57.3773
-472.844 -6187.1 294.145 10148 -57.3949
-474.297 -6186.17 294.123 20148 -57.4138
-475.8 -6185.21 294.1 20148 -57.4138
-477.304 -6184.25 294.077 20148 -57.4033
-478.807 -6183.29 294.054 20148 -57.4137
-480.31 -6182.33 294.03 20148 -57.3486
-481.809 -6181.37 294.007 20148 -57.4776
-483.312 -6180.41 293.984 20148 -57.6714
-484.824 -6179.45 293.961 20148 -58.1916
-486.358 -6178.5 293.938 20148 -58.7268
-487.924 -6177.55 293.915 20148 -58.7168
-489.512 -6176.58 293.897 20148 -58.454
-491.111 -6175.6 293.878 20148 -57.8636
-492.698 -6174.6 293.859 20148 -57.956
-494.273 -6173.62 293.841 20148 -58.7669
-495.845 -6172.66 293.823 20148 -58.8544
-497.412 -6171.72 293.805 20148 -58.7607
-498.977 -6170.77 293.786 20148 -58.7594
-500.545 -6169.82 293.768 20148 -58.7557
-502.119 -6168.86 293.75 20148 -58.7554
-503.68 -6167.92 293.737 20148 -58.7704
-505.215 -6166.98 293.725 20148 -58.3589
-506.733 -6166.05 293.713 20148 -58.228
-508.26 -6165.1 293.7 20148 -58.2323
-509.812 -6164.14 293.688 20148 -58.2294
-511.378 -6163.17 293.675 20148 -58.231
-512.936 -6162.21 293.662 20148 -58.2941
-514.493 -6161.25 293.65 20148 -57.9914
-516.047 -6160.27 293.637 20148 -58.2062
-517.613 -6159.3 293.628 20148 -58.9924
-519.206 -6158.35 293.62 20148 -59.6901
-520.83 -6157.4 293.613 20148 -60.414
-522.484 -6156.46 293.606 20148 -61.164
-524.162 -6155.53 293.598 20148 -60.9652
-525.842 -6154.6 293.591 20148 -60.9475
-527.521 -6153.67 293.583 20148 -60.97
-529.198 -6152.74 293.576 20148 -60.9595
-530.876 -6151.81 293.568 20148 -60.9589
-532.554 -6150.88 293.564 20148 -60.9593
-534.231 -6149.94 293.563 20148 -60.9692
-535.909 -6149.01 293.561 20148 -60.9593
-537.586 -6148.08 293.559 20148 -60.9593
-539.264 -6147.15 293.558 20148 -60.9588
-540.942 -6146.22 293.556 20148 -60.9692
-542.619 -6145.29 293.554 20148 -60.951
-544.296 -6144.36 293.552 20148 -60.9666
-545.975 -6143.42 293.551 20148 -60.9519
-547.657 -6142.49 293.553 20148 -60.8581
-549.336 -6141.55 293.557 20148 -61.2052
-551.011 -6140.63 293.561 20148 -61.7253
-552.685 -6139.73 293.565 20149 -61.8959
-554.371 -6138.83 293.569 20149 -61.5935
-556.08 -6137.91 293.573 20149 -60.9524
-557.801 -6136.95 293.577 20149 -59.9353
-559.503 -6135.97 293.581 20149 -59.7547
-561.171 -6134.99 293.585 20149 -59.7547
-562.801 -6134.04 293.593 20149 -58.9436
-564.389 -6133.09 293.602 20149 -57.7065
-565.945 -6132.1 293.612 20149 -57.3716
-567.486 -6131.12 293.621 20149 -57.7988
-569.019 -6130.15 293.63 20149 -58.3965
-570.54 -6129.22 293.639 20149 -58.1546
-572.036 -6128.29 293.648 20149 -57.6636
-573.502 -6127.36 293.657 20149 -57.7384
-574.947 -6126.45 293.665 20149 -57.9205
-576.371 -6125.55 293.675 20149 -57.7457
-577.78 -6124.67 293.688 20149 -57.7454
-579.185 -6123.78 293.701 20149 -57.7459
-580.597 -6122.89 293.715 20149 -57.7455
-582.003 -6122 293.728 20149 -57.7441
-583.396 -6121.12 293.741 20149 -57.7203
-584.784 -6120.24 293.754 20149 -57.3962
-586.171 -6119.36 293.767 20149 -57.4124
-587.573 -6118.46 293.78 20149 -57.403
-588.98 -6117.56 293.794 20149 -57.4134
-590.384 -6116.66 293.807 20149 -57.4152
-591.788 -6115.77 293.825 20149 -57.4276
-593.193 -6114.87 293.843 20149 -57.4162
-594.597 -6113.97 293.861 20149 -57.4162
-596.001 -6113.07 293.879 20149 -57.4273
-597.405 -6112.18 293.897 20149 -57.3585
-598.807 -6111.28 293.915 20149 -57.4168
-600.213 -6110.38 293.934 20149 -57.7836
-601.631 -6109.49 293.952 20149 -58.2031
-603.065 -6108.6 293.97 20149 -58.5062
-604.51 -6107.71 293.989 20149 -58.4291
-605.953 -6106.83 294.01 20149 -58.366
-607.396 -6105.94 294.034 20149 -58.6292
-608.858 -6105.05 294.057 20149 -58.4505
-610.349 -6104.13 294.081 20149 -57.8942
-611.87 -6103.18 294.106 20149 -57.6222
-613.41 -6102.2 294.131 20149 -57.3482
-614.941 -6101.22 294.156 20149 -57.5819
-616.44 -6100.27 294.181 20149 -58.347
-617.909 -6099.36 294.205 20149 -57.9744
-619.345 -6098.46 294.23 30149 -57.7186
-620.786 -6097.55 294.265 30149 -57.6856
-622.236 -6096.63 294.299 30149 -57.5174
-623.677 -6095.72 294.334 30149 -57.8879
-625.102 -6094.82 294.368 30149 -57.694
-626.51 -6093.93 294.401 30149 -57.7053
-627.913 -6093.05 294.435 30149 -57.6939
-629.319 -6092.16 294.469 30149 -57.6941
-630.727 -6091.27 294.502 30149 -57.694
-632.134 -6090.38 294.536 30149 -57.7055
-633.542 -6089.49 294.57 30149 -57.7055
-634.949 -6088.6 294.603 30149 -57.694
-636.357 -6087.71 294.637 30149 -57.694
-637.764 -6086.82 294.671 30149 -57.7055
-639.171 -6085.93 294.704 30149 -57.694
-640.579 -6085.04 294.738 30149 -57.7488
-641.987 -6084.15 294.772 30149 -57.9544
-643.398 -6083.27 294.806 30149 -57.9429
-644.809 -6082.38 294.84 30149 -57.9429
-646.22 -6081.5 294.874 30149 -57.9545
-647.632 -6080.62 294.908 30149 -57.9431
-649.047 -6079.73 294.942 30149 -57.943
-650.459 -6078.85 294.976 30149 -57.7454
-651.855 -6077.96 295.01 30149 -57.9522
-653.229 -6077.1 295.043 30149 0
