6.94953e-310 6.94953e-310 0 0 0
-58.2056 5.01427e-320 0 0 0
-58.2225 5.01427e-320 0 0 0
-58.2349 5.01427e-320 0 0 0
-58.2181 5.01427e-320 0 0 0
-58.2351 5.01427e-320 0 0 0
-58.2178 5.01427e-320 0 0 0
-58.2335 5.01427e-320 0 0 0
-58.2347 5.01427e-320 0 0 0
-58.0006 5.01427e-320 0 0 0
-58.4387 5.01427e-320 0 0 0
-58.2318 5.01427e-320 0 0 0
-58.441 5.01427e-320 0 0 0
-58.0207 5.01427e-320 0 0 0
-57.188 5.01427e-320 0 0 0
-57.0404 5.01427e-320 0 0 0
-57.0697 5.01427e-320 0 0 0
-57.0594 5.01427e-320 0 0 0
-57.0663 5.01427e-320 0 0 0
-57.0833 5.01427e-320 0 0 0
-57.0663 5.01427e-320 0 0 0
-57.0665 5.01427e-320 0 0 0
-57.0833 5.01427e-320 0 0 0
-57.0661 5.01427e-320 0 0 0
-57.0675 5.01427e-320 0 0 0
-57.0858 5.01427e-320 0 0 0
-57.164 5.01427e-320 0 0 0
-56.7109 5.01427e-320 0 0 0
-57.4997 5.01427e-320 0 0 0
-58.9518 5.01427e-320 0 0 0
-59.0175 5.01427e-320 0 0 0
-59.1961 5.01427e-320 0 0 0
-60.0816 5.01427e-320 0 0 0
-59.761 5.01427e-320 0 0 0
-59.7567 5.01427e-320 0 0 0
-59.7336 5.01427e-320 0 0 0
-59.7472 5.01427e-320 0 0 0
-59.8114 5.01427e-320 0 0 0
-58.7902 5.01427e-320 0 0 0
-58.637 5.01427e-320 0 0 0
-58.5492 5.01427e-320 0 0 0
-58.082 5.01427e-320 0 0 0
-56.5578 5.01427e-320 0 0 0
-55.9743 5.01427e-320 0 0 0
-56.1295 5.01427e-320 0 0 0
-56.1501 5.01427e-320 0 0 0
-56.1251 5.01427e-320 0 0 0
-56.0496 5.01427e-320 0 0 0
-53.5916 5.01427e-320 0 0 0
-53.2868 5.01427e-320 0 0 0
-53.4707 5.01427e-320 0 0 0
-53.552 5.01427e-320 0 0 0
-53.4961 5.01427e-320 0 0 0
-53.522 5.01427e-320 0 0 0
-53.4817 5.01427e-320 0 0 0
-53.2467 5.01427e-320 0 0 0
-54.548 5.01427e-320 0 0 0
-55.4661 5.01427e-320 0 0 0
-56.3215 5.01427e-320 0 0 0
-56.755 5.01427e-320 0 0 0
-58.7091 5.01427e-320 0 0 0
-60.8319 5.01427e-320 0 0 0
-61.6901 5.01427e-320 0 0 0
-60.7881 5.01427e-320 0 0 0
-58.1691 5.01427e-320 0 0 0
-57.4259 5.01427e-320 0 0 0
-58.3575 5.01427e-320 0 0 0
-58.4188 5.01427e-320 0 0 0
-58.07 5.01427e-320 0 0 0
-58.0701 5.01427e-320 0 0 0
-58.0865 5.01427e-320 0 0 0
-58.0695 5.01427e-320 0 0 0
-58.0696 5.01427e-320 0 0 0
-58.0694 5.01427e-320 0 0 0
-58.0864 5.01427e-320 0 0 0
-58.0774 5.01427e-320 0 0 0
-58.1509 5.01427e-320 0 0 0
-56.4132 5.01427e-320 0 0 0
-56.4515 5.01427e-320 0 0 0
-56.4693 5.01427e-320 0 0 0
-56.4816 5.01427e-320 0 0 0
-56.4923 5.01427e-320 0 0 0
-56.4726 5.01427e-320 0 0 0
-56.569 5.01427e-320 0 0 0
-56.1858 5.01427e-320 0 0 0
-57.1796 5.01427e-320 0 0 0
-57.7164 5.01427e-320 0 0 0
-57.9703 5.01427e-320 0 0 0
-58.5542 5.01427e-320 0 0 0
-59.8665 5.01427e-320 0 0 0
-59.8144 5.01427e-320 0 0 0
-59.8177 5.01427e-320 0 0 0
-59.8068 5.01427e-320 0 0 0
-59.8181 5.01427e-320 0 0 0
-59.814 5.01427e-320 0 0 0
-59.9107 5.01427e-320 0 0 0
-59.3269 5.01427e-320 0 0 0
-59.4288 5.01427e-320 0 0 0
-58.8648 5.01427e-320 0 0 0
-56.9945 5.01427e-320 0 0 0
-56.3695 5.01427e-320 0 0 0
-56.3701 5.01427e-320 0 0 0
-56.4965 5.01427e-320 0 0 0
-56.4944 5.01427e-320 0 0 0
-56.4931 5.01427e-320 0 0 0
-56.4934 5.01427e-320 0 0 0
-56.4839 5.01427e-320 0 0 0
-56.4886 5.01427e-320 0 0 0
-56.4492 5.01427e-320 0 0 0
-362.552 -6256.92 295.839 10148 -58.2181
-363.515 -6256.32 295.823 10148 -58.2348
-364.479 -6255.72 295.808 10148 -58.2182
-365.442 -6255.13 295.793 10148 -58.2349
-366.405 -6254.53 295.778 10148 -58.2332
-367.374 -6253.93 295.763 10148 -58.2172
-368.339 -6253.33 295.747 10148 -57.5891
-369.278 -6252.74 295.733 10148 -57.9538
-370.168 -6252.18 295.719 10148 -58.5447
-371.027 -6251.65 295.705 10148 -57.9214
-371.828 -6251.15 295.692 10148 -57.0179
-372.608 -6250.65 295.68 10148 -57.0392
-373.426 -6250.11 295.667 10148 -57.0806
-374.267 -6249.57 295.653 10148 -57.0376
-375.1 -6249.03 295.64 10148 -57.1024
-375.932 -6248.49 295.627 10148 -57.0641
-376.765 -6247.95 295.614 10148 -57.0636
-377.597 -6247.41 295.601 10148 -57.0843
-378.43 -6246.87 295.588 10148 -57.0679
-379.266 -6246.33 295.574 10148 -57.1975
-380.098 -6245.8 295.561 10148 -56.4795
-380.91 -6245.26 295.548 10148 -56.5184
-381.71 -6244.73 295.535 10148 -58.4479
-382.53 -6244.23 295.523 10148 -58.9533
-383.378 -6243.72 295.51 10148 -58.9189
-384.255 -6243.19 295.496 10148 -60.2117
-385.162 -6242.67 295.482 10148 -60.2486
-386.077 -6242.14 295.468 10148 -60.2335
-386.998 -6241.62 295.454 10148 -60.2793
-387.902 -6241.1 295.44 10148 -60.3711
-388.773 -6240.61 295.427 10148 -59.9114
-389.627 -6240.11 295.414 10148 -59.3896
-390.489 -6239.6 295.401 10148 -59.3158
-391.383 -6239.07 295.387 10148 -59.3273
-392.294 -6238.53 295.373 10148 -59.3036
-393.197 -6238 295.359 10148 -59.3214
-394.099 -6237.46 295.345 10148 -59.3036
-395.002 -6236.92 295.332 10148 -59.321
-395.905 -6236.39 295.318 10148 -59.3047
-396.806 -6235.85 295.304 10148 -59.3248
-397.707 -6235.32 295.29 10148 -59.3578
-398.61 -6234.78 295.276 10148 -59.4371
-399.521 -6234.25 295.263 10148 -59.0661
-400.436 -6233.7 295.249 10148 -58.0443
-401.348 -6233.13 295.234 10148 -56.8619
-402.255 -6232.54 295.22 10148 -56.1724
-403.19 -6231.91 295.205 10148 -55.8678
-404.073 -6231.31 295.191 10148 -55.9537
-404.931 -6230.73 295.178 10148 -53.8856
-405.713 -6230.16 295.165 10148 -53.147
-406.552 -6229.53 295.152 10148 -53.2589
-407.411 -6228.89 295.138 10148 -53.5842
-408.339 -6228.21 295.123 10148 -53.5108
-409.251 -6227.53 295.108 10148 -53.5119
-410.163 -6226.86 295.093 10148 -53.494
-411.075 -6226.18 295.078 10148 -53.5119
-411.986 -6225.51 295.064 10148 -53.5108
-412.898 -6224.83 295.049 10148 -53.513
-413.81 -6224.16 295.034 10148 -53.4896
-414.721 -6223.48 295.019 10148 -53.5134
-415.63 -6222.81 295.005 10148 -53.2758
-416.539 -6222.13 294.99 10148 -54.5447
-417.477 -6221.47 294.975 10148 -55.3282
-418.447 -6220.8 294.96 10148 -55.3671
-419.439 -6220.11 294.944 10148 -58.9119
-420.476 -6219.48 294.929 10148 -61.427
-421.533 -6218.91 294.913 10148 -64.5222
-422.619 -6218.39 294.898 10148 -61.5768
-423.68 -6217.82 294.882 10148 -59.7889
-424.739 -6217.2 294.866 10148 -56.6132
-425.778 -6216.52 294.85 10148 -57.7357
-426.841 -6215.84 294.834 10148 -57.933
-427.915 -6215.17 294.818 10148 -58.083
-428.995 -6214.5 294.801 10148 -58.1099
-430.093 -6213.82 294.784 10148 -58.0719
-431.149 -6213.16 294.768 10148 -58.0821
-432.173 -6212.52 294.753 10148 -57.6283
-433.155 -6211.9 294.738 10148 -56.4033
-434.16 -6211.23 294.723 10148 -56.4336
-435.196 -6210.54 294.707 10148 -56.5046
-436.273 -6209.83 294.69 10148 -56.5755
-437.337 -6209.13 294.674 10148 -56.2139
-438.396 -6208.42 294.658 10148 -55.9711
-439.45 -6207.71 294.641 10148 -56.9162
-440.514 -6207.01 294.625 10148 -58.0591
-441.592 -6206.34 294.609 10148 -59.2291
-442.686 -6205.69 294.592 10148 -59.7507
-443.787 -6205.05 294.576 10148 -59.4796
-444.887 -6204.4 294.56 10148 -59.4684
-445.987 -6203.75 294.544 10148 -59.4848
-447.086 -6203.1 294.527 10148 -59.4845
-448.186 -6202.46 294.511 10148 -59.4699
-449.285 -6201.81 294.495 10148 -59.4699
-450.385 -6201.16 294.479 10148 -59.4998
-451.484 -6200.51 294.463 10148 -59.4699
-452.584 -6199.86 294.447 10148 -59.4849
-453.683 -6199.21 294.43 10148 -59.4696
-454.783 -6198.57 294.414 10148 -59.4998
-455.882 -6197.92 294.398 10148 -59.4702
-456.982 -6197.27 294.382 10148 -59.4682
-458.082 -6196.62 294.366 10148 -59.4804
-459.185 -6195.97 294.35 10148 -59.5487
-460.284 -6195.33 294.334 10148 -59.2222
-461.365 -6194.68 294.318 10148 -59.5599
-462.437 -6194.05 294.302 10148 -58.0081
-463.495 -6193.39 294.287 10148 -57.3691
-464.582 -6192.69 294.27 10148 -56.2403
-465.671 -6191.97 294.254 10148 -56.1835
-466.742 -6191.25 294.238 10148 -55.8013
-467.803 -6190.53 294.222 10148 -55.6387
-468.896 -6189.78 294.205 10148 -55.4261
-470.014 -6189.01 294.188 10148 -55.2939
-471.175 -6188.21 294.17 10148 -55.4799
-472.343 -6187.4 294.153 10148 -55.6084
-473.589 -6186.55 294.133 20148 -55.8005
-474.968 -6185.61 294.112 20148 -55.7976
-476.346 -6184.68 294.09 20148 -55.8103
-477.724 -6183.74 294.069 20148 -55.7989
-479.103 -6182.8 294.047 20148 -55.8103
-480.482 -6181.87 294.025 20148 -55.7878
-481.86 -6180.93 294.004 20148 -55.8082
-483.237 -6179.99 293.982 20148 -55.8028
-484.611 -6179.06 293.961 20148 -55.7191
-485.988 -6178.12 293.939 20148 -56.3595
-487.397 -6177.18 293.918 20148 -56.1021
-488.829 -6176.22 293.9 20148 -57.1079
-490.295 -6175.27 293.883 20148 -59.1825
-491.799 -6174.38 293.866 20148 -60.5956
-493.334 -6173.51 293.848 20148 -59.8573
-494.874 -6172.62 293.831 20148 -57.9164
-496.392 -6171.67 293.813 20148 -57.6684
-497.885 -6170.72 293.795 20148 -58.9491
-499.361 -6169.83 293.778 20148 -59.0927
-500.826 -6168.95 293.761 20148 -59.2991
-502.299 -6168.08 293.746 20148 -58.5167
-503.776 -6167.18 293.734 20148 -58.3091
-505.281 -6166.25 293.722 20148 -58.2385
-506.808 -6165.3 293.709 20148 -58.0557
-508.348 -6164.34 293.697 20148 -58.3957
-509.884 -6163.4 293.684 20148 -58.2209
-511.395 -6162.46 293.672 20148 -58.2328
-512.901 -6161.53 293.66 20148 -58.2327
-514.408 -6160.59 293.648 20148 -58.2201
-515.922 -6159.66 293.636 20148 -58.2251
-517.449 -6158.71 293.627 20148 -58.2337
-518.98 -6157.76 293.62 20148 -58.225
-520.502 -6156.82 293.613 20148 -58.2163
-522.016 -6155.88 293.606 20148 -58.3959
-523.541 -6154.94 293.599 20148 -58.0518
-525.081 -6153.98 293.592 20148 -58.2269
-526.64 -6153.02 293.585 20148 -58.2157
-528.203 -6152.05 293.578 20148 -58.2267
-529.763 -6151.08 293.571 20148 -58.2271
-531.321 -6150.12 293.565 20148 -58.2268
-532.879 -6149.15 293.563 20148 -58.2164
-534.438 -6148.19 293.562 20148 -58.2268
-535.996 -6147.22 293.56 20148 -58.2164
-537.555 -6146.26 293.558 20148 -58.2268
-539.113 -6145.29 293.557 20148 -58.2268
-540.672 -6144.32 293.555 20148 -58.2267
-542.23 -6143.36 293.554 20148 -58.2791
-543.789 -6142.4 293.552 20148 -58.2267
-545.348 -6141.43 293.55 20148 -57.9277
-546.904 -6140.45 293.554 20148 -57.5744
-548.455 -6139.47 293.557 20148 -57.2929
-549.998 -6138.48 293.561 20148 -57.2395
-551.537 -6137.49 293.565 20148 -57.3021
-553.078 -6136.5 293.569 20148 -57.1563
-554.616 -6135.51 293.573 20148 -57.4261
-556.154 -6134.52 293.577 20148 -58.3387
-557.7 -6133.57 293.58 20148 -57.5172
-559.226 -6132.6 293.584 20148 -56.6125
-560.736 -6131.6 293.591 20148 -56.6914
-562.25 -6130.61 293.6 20148 -57.3994
-563.78 -6129.63 293.609 20148 -58.4593
-565.334 -6128.68 293.618 20148 -58.3214
-566.891 -6127.72 293.627 20148 -57.4978
-568.438 -6126.73 293.637 20148 -57.7373
-569.99 -6125.75 293.646 20148 -57.7372
-571.54 -6124.77 293.655 20148 -57.7267
-573.09 -6123.79 293.664 20148 -57.7498
-574.64 -6122.81 293.675 20148 -57.7374
-576.191 -6121.84 293.689 20148 -57.7478
-577.741 -6120.86 293.704 20148 -57.7378
-579.295 -6119.88 293.719 20148 -57.7475
-580.842 -6118.9 293.733 20148 -57.7459
-582.371 -6117.94 293.748 20148 -57.5332
-583.89 -6116.97 293.762 20148 -57.3973
-585.413 -6116 293.776 20148 -57.4028
-586.953 -6115.01 293.791 20148 -57.4157
-588.502 -6114.02 293.805 20148 0
