6.94953e-310 6.94953e-310 0 0 0
0 0 0 0 0
0 0 0 0 0
0 0 0 0 0
0 0 0 0 0
0 0 0 0 0
0 0 0 0 0
0 0 0 0 0
0 0 0 0 0
0 0 0 0 0
0 0 0 0 0
0 0 0 0 0
0 0 0 0 0
0 0 0 0 0
0 0 0 0 0
0 0 0 0 0
0 0 0 0 0
0 0 0 0 0
0 0 0 0 0
-58.2131 5.01378e-320 0 0 0
-58.213 5.01378e-320 0 0 0
-58.2249 5.01378e-320 0 0 0
-58.2348 5.01378e-320 0 0 0
-58.2118 5.01378e-320 0 0 0
-57.693 5.01378e-320 0 0 0
-58.1861 5.01378e-320 0 0 0
-58.8647 5.01378e-320 0 0 0
-58.2188 5.01378e-320 0 0 0
-58.2341 5.01378e-320 0 0 0
-58.2206 5.01378e-320 0 0 0
-58.2309 5.01378e-320 0 0 0
-57.9164 5.01378e-320 0 0 0
-57.0448 5.01378e-320 0 0 0
-57.1522 5.01378e-320 0 0 0
-56.3031 5.01378e-320 0 0 0
-56.8701 5.01378e-320 0 0 0
-56.7677 5.01378e-320 0 0 0
-58.5177 5.01378e-320 0 0 0
-58.5626 5.01378e-320 0 0 0
-59.4769 5.01378e-320 0 0 0
-59.2281 5.01378e-320 0 0 0
-59.2468 5.01378e-320 0 0 0
-59.2489 5.01378e-320 0 0 0
-59.2486 5.01378e-320 0 0 0
-59.2656 5.01378e-320 0 0 0
-59.2312 5.01378e-320 0 0 0
-59.2486 5.01378e-320 0 0 0
-59.2308 5.01378e-320 0 0 0
-59.2409 5.01378e-320 0 0 0
-59.2559 5.01378e-320 0 0 0
-59.2913 5.01378e-320 0 0 0
-58.5174 5.01378e-320 0 0 0
-58.3321 5.01378e-320 0 0 0
-58.303 5.01378e-320 0 0 0
-58.2815 5.01378e-320 0 0 0
-58.095 5.01378e-320 0 0 0
-57.8662 5.01378e-320 0 0 0
-57.9021 5.01378e-320 0 0 0
-57.6366 5.01378e-320 0 0 0
-56.3826 5.01378e-320 0 0 0
-55.9514 5.01378e-320 0 0 0
-56.1277 5.01378e-320 0 0 0
-56.1495 5.01378e-320 0 0 0
-56.111 5.01378e-320 0 0 0
-56.1302 5.01378e-320 0 0 0
-56.1302 5.01378e-320 0 0 0
-56.1616 5.01378e-320 0 0 0
-56.0464 5.01378e-320 0 0 0
-56.0204 5.01378e-320 0 0 0
-55.0118 5.01378e-320 0 0 0
-53.1762 5.01378e-320 0 0 0
-53.3247 5.01378e-320 0 0 0
-53.6146 5.01378e-320 0 0 0
-53.4653 5.01378e-320 0 0 0
-53.257 5.01378e-320 0 0 0
-53.7649 5.01378e-320 0 0 0
-53.5575 5.01378e-320 0 0 0
-53.76 5.01378e-320 0 0 0
-53.2199 5.01378e-320 0 0 0
-53.2368 5.01378e-320 0 0 0
-54.6591 5.01378e-320 0 0 0
-55.3821 5.01378e-320 0 0 0
-55.9624 5.01378e-320 0 0 0
-56.0573 5.01378e-320 0 0 0
-58.4238 5.01378e-320 0 0 0
-60.407 5.01378e-320 0 0 0
-61.4253 5.01378e-320 0 0 0
-60.3544 5.01378e-320 0 0 0
-58.2665 5.01378e-320 0 0 0
-57.1724 5.01378e-320 0 0 0
-57.9529 5.01378e-320 0 0 0
-58.0589 5.01378e-320 0 0 0
-58.3708 5.01378e-320 0 0 0
-57.8155 5.01378e-320 0 0 0
-58.0863 5.01378e-320 0 0 0
-58.069 5.01378e-320 0 0 0
-58.0694 5.01378e-320 0 0 0
-58.0865 5.01378e-320 0 0 0
-359.047 -6263.7 295.927 10149 -58.2151
-359.89 -6263.17 295.914 10149 -58.2224
-360.854 -6262.58 295.898 10149 -58.2153
-361.696 -6262.06 295.885 10149 -58.2151
-362.54 -6261.53 295.872 10149 -58.2241
-363.382 -6261.01 295.858 10149 -58.247
-364.225 -6260.49 295.845 10149 -58.2085
-365.068 -6259.97 295.832 10149 -58.247
-365.911 -6259.45 295.819 10149 -58.2085
-366.754 -6258.92 295.805 10149 -58.2279
-367.597 -6258.4 295.792 10149 -58.2273
-368.441 -6257.88 295.779 10149 -58.2263
-369.287 -6257.35 295.765 10149 -58.2271
-370.132 -6256.83 295.752 10149 -57.997
-370.969 -6256.31 295.739 10149 -58.2076
-371.765 -6255.81 295.726 10149 -58.5396
-372.532 -6255.35 295.714 10149 -58.1011
-373.268 -6254.89 295.703 10149 -57.0459
-374.017 -6254.4 295.691 10149 -57.0244
-374.802 -6253.89 295.678 10149 -56.359
-375.586 -6253.37 295.666 10149 -57.0092
-376.339 -6252.88 295.654 10149 -57.9053
-377.072 -6252.42 295.642 10149 -57.0812
-377.783 -6251.96 295.631 10149 -57.0333
-378.492 -6251.5 295.619 10149 -57.1048
-379.205 -6251.04 295.608 10149 -57.0611
-379.919 -6250.58 295.597 10149 -57.0833
-380.632 -6250.12 295.586 10149 -57.0609
-381.345 -6249.65 295.574 10149 -57.0836
-382.059 -6249.19 295.563 10149 -57.0603
-382.772 -6248.73 295.552 10149 -57.2152
-383.484 -6248.27 295.541 10149 -56.6086
-384.192 -6247.81 295.529 10149 -57.4261
-384.917 -6247.34 295.518 10149 -58.7562
-385.673 -6246.88 295.506 10149 -59.6047
-386.462 -6246.42 295.494 10149 -60.6338
-387.282 -6245.96 295.481 10149 -62.3428
-388.13 -6245.51 295.469 10149 -61.9948
-388.986 -6245.06 295.456 10149 -62.0768
-389.829 -6244.61 295.443 10149 -62.2059
-390.649 -6244.18 295.431 10149 -62.1282
-391.459 -6243.75 295.419 10149 -61.2256
-392.271 -6243.31 295.407 10149 -61.1298
-393.105 -6242.85 295.394 10149 -61.1079
-393.951 -6242.38 295.382 10149 -61.0899
-394.79 -6241.92 295.369 10149 -61.1288
-395.63 -6241.45 295.356 10149 -61.1098
-396.47 -6240.99 295.344 10149 -61.1089
-397.31 -6240.53 295.331 10149 -61.1117
-398.149 -6240.06 295.319 10149 -61.1032
-398.991 -6239.6 295.306 10149 -61.1098
-399.836 -6239.13 295.293 10149 -60.9761
-400.673 -6238.67 295.281 10149 -59.8599
-401.474 -6238.2 295.268 10149 -60.3014
-402.249 -6237.76 295.257 10149 -60.1076
-402.985 -6237.34 295.246 10149 -57.948
-403.691 -6236.9 295.235 10149 -55.9175
-404.384 -6236.43 295.224 10149 -55.9838
-405.086 -6235.95 295.212 10149 -56.1596
-405.805 -6235.47 295.201 10149 -56.1197
-406.495 -6235.01 295.19 10149 -56.2722
-407.145 -6234.57 295.18 10149 -54.486
-407.776 -6234.12 295.17 10149 -53.0222
-408.432 -6233.63 295.159 10149 -53.1129
-409.124 -6233.11 295.148 10149 -53.9006
-409.837 -6232.59 295.137 10149 -53.5226
-410.52 -6232.08 295.125 10149 -53.484
-411.2 -6231.58 295.114 10149 -53.5212
-411.883 -6231.08 295.103 10149 -53.5105
-412.567 -6230.57 295.092 10149 -53.4973
-413.25 -6230.06 295.081 10149 -53.4826
-413.93 -6229.56 295.07 10149 -53.3719
-414.613 -6229.05 295.059 10149 -55.125
-415.327 -6228.56 295.048 10149 -55.6494
-416.081 -6228.04 295.036 10149 -55.8296
-416.863 -6227.51 295.024 10149 -55.9191
-417.681 -6226.96 295.011 10149 -58.0829
-418.528 -6226.43 294.998 10149 -59.8042
-419.383 -6225.93 294.985 10149 -60.4737
-420.235 -6225.45 294.972 10149 -59.8189
-421.086 -6224.95 294.959 10149 -58.0135
-421.933 -6224.42 294.947 10149 -57.2161
-422.78 -6223.88 294.934 10149 -57.7658
-423.629 -6223.34 294.921 10149 -57.9371
-424.474 -6222.81 294.908 10149 -58.0719
-425.316 -6222.29 294.895 10149 -58.1107
-426.157 -6221.77 294.882 10149 -58.072
-426.999 -6221.24 294.869 10149 -58.072
-427.84 -6220.72 294.856 10149 -58.072
-428.682 -6220.19 294.844 10149 -58.0913
-429.524 -6219.67 294.831 10149 -58.072
-430.365 -6219.14 294.818 10149 -58.072
-431.207 -6218.62 294.805 10149 -58.072
-432.048 -6218.1 294.792 10149 -58.0718
-432.891 -6217.57 294.78 10149 -58.091
-433.74 -6217.04 294.767 10149 -58.0808
-434.566 -6216.53 294.754 10149 -58.2118
-435.355 -6216.04 294.742 10149 -56.3873
-436.121 -6215.53 294.731 10149 -56.7037
-436.933 -6215 294.718 10149 -56.1788
-437.769 -6214.44 294.705 10149 -56.4808
-438.641 -6213.86 294.692 10149 -56.4736
-439.498 -6213.29 294.679 10149 -56.4966
-440.346 -6212.73 294.666 10149 -56.7662
-441.201 -6212.17 294.653 10149 -56.5189
-442.074 -6211.59 294.639 10149 -56.4304
-442.97 -6211 294.625 10149 -56.4835
-443.887 -6210.39 294.611 10149 -56.2219
-444.82 -6209.77 294.597 10149 -56.4754
-445.766 -6209.14 294.583 10149 -56.4959
-446.714 -6208.51 294.568 10149 -56.4769
-447.66 -6207.89 294.553 10149 -56.4782
-448.604 -6207.26 294.539 10149 -56.4958
-449.549 -6206.63 294.525 10149 -56.4789
-450.494 -6206.01 294.51 10149 -56.4958
-451.439 -6205.38 294.496 10149 -56.4624
-452.384 -6204.76 294.482 10149 -56.4958
-453.329 -6204.13 294.467 10149 -56.4958
-454.274 -6203.5 294.453 10149 -56.4789
-455.219 -6202.88 294.439 10149 -56.4789
-456.163 -6202.25 294.424 10149 -56.4958
-457.108 -6201.63 294.41 10149 -56.4961
-458.054 -6201 294.396 10149 -56.4625
-458.999 -6200.38 294.381 10149 -56.5952
-459.943 -6199.75 294.367 10149 -56.1394
-460.883 -6199.12 294.353 10149 -56.0779
-461.825 -6198.49 294.338 10149 -57.5292
-462.786 -6197.88 294.324 10149 -58.6972
-463.766 -6197.28 294.31 10149 -59.997
-464.768 -6196.7 294.295 10149 -60.9563
-465.784 -6196.14 294.281 10149 -60.5714
-466.805 -6195.56 294.266 10149 -60.6221
-467.814 -6194.99 294.251 10149 -60.6579
-468.797 -6194.44 294.237 10149 -60.1167
-469.767 -6193.88 294.223 10149 -59.7332
-470.738 -6193.32 294.209 10149 -59.0063
-471.713 -6192.73 294.195 10149 -59.0324
-472.68 -6192.15 294.181 10149 -58.3295
-473.62 -6191.57 294.167 10149 -56.1023
-474.539 -6190.95 294.153 10149 -55.407
-475.489 -6190.3 294.138 20149 -55.6777
-476.59 -6189.55 294.121 20149 -55.8143
-477.696 -6188.8 294.104 20149 -55.8097
-478.801 -6188.05 294.086 20149 -55.805
-479.902 -6187.3 294.069 20149 -55.7854
-481.001 -6186.55 294.052 20149 -55.7472
-482.101 -6185.8 294.035 20149 -56.3267
-483.223 -6185.05 294.017 20149 -56.4209
-484.376 -6184.29 293.999 20149 -55.9904
-485.554 -6183.49 293.981 20149 -56.5237
-486.76 -6182.7 293.962 20149 -57.9638
-487.991 -6181.93 293.943 20149 -58.1486
-489.221 -6181.16 293.924 20149 -57.7837
-490.436 -6180.4 293.909 20149 -57.3861
-491.624 -6179.64 293.895 20149 -58.1789
-492.794 -6178.91 293.881 20149 -58.7874
-493.956 -6178.21 293.868 20149 -59.0891
-495.129 -6177.5 293.854 20149 -58.7754
-496.324 -6176.78 293.84 20149 -58.7415
-497.547 -6176.04 293.826 20149 -58.7496
-498.796 -6175.28 293.812 20149 -58.5551
-500.064 -6174.5 293.797 20149 -58.7636
-501.349 -6173.72 293.782 20149 -58.747
-502.639 -6172.94 293.767 20149 -58.7733
-503.928 -6172.16 293.752 20149 -58.5535
-505.187 -6171.39 293.741 20149 -58.9886
-506.412 -6170.65 293.731 20149 -58.7188
-507.618 -6169.92 293.722 20149 -58.2267
-508.834 -6169.17 293.712 20149 -58.2315
-510.079 -6168.4 293.702 20149 -58.0094
-511.324 -6167.62 293.692 20149 -58.1857
-512.544 -6166.86 293.682 20149 -58.2611
-513.737 -6166.12 293.672 20149 -58.2421
-514.903 -6165.4 293.663 20149 -58.4619
-516.051 -6164.7 293.653 20149 -58.2246
-517.184 -6164 293.644 20149 -58.2256
-518.314 -6163.3 293.635 20149 -58.2365
-519.446 -6162.59 293.628 20149 -58.206
-520.58 -6161.89 293.623 20149 -58.2205
-521.713 -6161.19 293.618 20149 -58.2205
-522.847 -6160.49 293.613 20149 -58.2348
-523.98 -6159.79 293.608 20149 -58.2205
-525.114 -6159.08 293.602 20149 -58.2206
-526.247 -6158.38 293.597 20149 -58.2205
-527.38 -6157.68 293.592 20149 -58.2348
-528.514 -6156.98 293.587 20149 -58.2062
-529.647 -6156.27 293.582 20149 -58.2348
-530.781 -6155.57 293.577 20149 -58.2205
-531.914 -6154.87 293.571 20149 -58.2205
-533.048 -6154.17 293.566 20149 -58.2203
-534.181 -6153.47 293.564 20149 -58.2346
-535.315 -6152.76 293.563 20149 -58.2203
-536.448 -6152.06 293.562 20149 -58.2204
-537.582 -6151.36 293.561 20149 -58.2202
-538.715 -6150.66 293.56 20149 -58.2347
-539.849 -6149.96 293.558 20149 -58.2203
-540.982 -6149.25 293.557 20149 -58.2203
-542.116 -6148.55 293.556 20149 -58.2203
-543.249 -6147.85 293.555 20149 -58.2346
-544.383 -6147.15 293.554 20149 -58.2202
-545.516 -6146.44 293.552 20149 -58.2206
-546.649 -6145.74 293.551 20149 0
