6.94953e-310 6.94953e-310 0 0 0
0 0 0 0 0
0 0 0 0 0
0 0 0 0 0
0 0 0 0 0
0 0 0 0 0
0 0 0 0 0
0 0 0 0 0
0 0 0 0 0
0 0 0 0 0
0 0 0 0 0
0 0 0 0 0
0 0 0 0 0
0 0 0 0 0
0 0 0 0 0
0 0 0 0 0
0 0 0 0 0
0 0 0 0 0
0 0 0 0 0
0 0 0 0 0
0 0 0 0 0
0 0 0 0 0
0 0 0 0 0
0 0 0 0 0
0 0 0 0 0
0 0 0 0 0
0 0 0 0 0
0 0 0 0 0
0 0 0 0 0
0 0 0 0 0
0 0 0 0 0
0 0 0 0 0
0 0 0 0 0
0 0 0 0 0
0 0 0 0 0
0 0 0 0 0
0 0 0 0 0
0 0 0 0 0
0 0 0 0 0
0 0 0 0 0
0 0 0 0 0
0 0 0 0 0
0 0 0 0 0
0 0 0 0 0
0 0 0 0 0
0 0 0 0 0
0 0 0 0 0
0 0 0 0 0
0 0 0 0 0
0 0 0 0 0
0 0 0 0 0
0 0 0 0 0
0 0 0 0 0
0 0 0 0 0
0 0 0 0 0
0 0 0 0 0
0 0 0 0 0
0 0 0 0 0
0 0 0 0 0
0 0 0 0 0
0 0 0 0 0
0 0 0 0 0
0 0 0 0 0
0 0 0 0 0
0 0 0 0 0
0 0 0 0 0
0 0 0 0 0
0 0 0 0 0
0 0 0 0 0
0 0 0 0 0
0 0 0 0 0
0 0 0 0 0
0 0 0 0 0
0 0 0 0 0
0 0 0 0 0
0 0 0 0 0
0 0 0 0 0
0 0 0 0 0
0 0 0 0 0
0 0 0 0 0
0 0 0 0 0
0 0 0 0 0
0 0 0 0 0
0 0 0 0 0
0 0 0 0 0
0 0 0 0 0
0 0 0 0 0
0 0 0 0 0
0 0 0 0 0
0 0 0 0 0
0 0 0 0 0
0 0 0 0 0
0 0 0 0 0
0 0 0 0 0
0 0 0 0 0
0 0 0 0 0
0 0 0 0 0
0 0 0 0 0
0 0 0 0 0
0 0 0 0 0
0 0 0 0 0
0 0 0 0 0
0 0 0 0 0
0 0 0 0 0
0 0 0 0 0
0 0 0 0 0
0 0 0 0 0
0 0 0 0 0
0 0 0 0 0
0 0 0 0 0
0 0 0 0 0
0 0 0 0 0
0 0 0 0 0
0 0 0 0 0
0 0 0 0 0
0 0 0 0 0
0 0 0 0 0
0 0 0 0 0
0 0 0 0 0
0 0 0 0 0
0 0 0 0 0
0 0 0 0 0
0 0 0 0 0
0 0 0 0 0
-58.2152 5.01427e-320 0 0 0
-58.2152 5.01427e-320 0 0 0
-58.1959 5.01427e-320 0 0 0
-58.2344 5.01427e-320 0 0 0
-58.2065 5.01427e-320 0 0 0
-58.3609 5.01427e-320 0 0 0
-58.112 5.01427e-320 0 0 0
-57.1011 5.01427e-320 0 0 0
-57.3602 5.01427e-320 0 0 0
-58.0261 5.01427e-320 0 0 0
-58.0937 5.01427e-320 0 0 0
-58.3754 5.01427e-320 0 0 0
-58.2248 5.01427e-320 0 0 0
-58.2236 5.01427e-320 0 0 0
-58.2216 5.01427e-320 0 0 0
-58.2467 5.01427e-320 0 0 0
-58.2327 5.01427e-320 0 0 0
-57.7259 5.01427e-320 0 0 0
-57.0456 5.01427e-320 0 0 0
-57.064 5.01427e-320 0 0 0
-57.0507 5.01427e-320 0 0 0
-57.0678 5.01427e-320 0 0 0
-57.0744 5.01427e-320 0 0 0
-57.0574 5.01427e-320 0 0 0
-57.0796 5.01427e-320 0 0 0
-57.0791 5.01427e-320 0 0 0
-56.9259 5.01427e-320 0 0 0
-57.2033 5.01427e-320 0 0 0
-58.17 5.01427e-320 0 0 0
-58.2464 5.01427e-320 0 0 0
-57.3904 5.01427e-320 0 0 0
-56.9385 5.01427e-320 0 0 0
-56.9518 5.01427e-320 0 0 0
-57.0676 5.01427e-320 0 0 0
-57.0838 5.01427e-320 0 0 0
-57.0643 5.01427e-320 0 0 0
-57.2001 5.01427e-320 0 0 0
-56.703 5.01427e-320 0 0 0
-56.4122 5.01427e-320 0 0 0
-57.531 5.01427e-320 0 0 0
-59.0485 5.01427e-320 0 0 0
-60.5892 5.01427e-320 0 0 0
-61.0522 5.01427e-320 0 0 0
-60.6438 5.01427e-320 0 0 0
-60.6536 5.01427e-320 0 0 0
-60.6528 5.01427e-320 0 0 0
-60.6528 5.01427e-320 0 0 0
-60.6327 5.01427e-320 0 0 0
-60.6528 5.01427e-320 0 0 0
-60.6528 5.01427e-320 0 0 0
-60.6536 5.01427e-320 0 0 0
-60.6528 5.01427e-320 0 0 0
-60.6528 5.01427e-320 0 0 0
-60.6327 5.01427e-320 0 0 0
-60.6552 5.01427e-320 0 0 0
-60.6471 5.01427e-320 0 0 0
-60.6365 5.01427e-320 0 0 0
-60.53 5.01427e-320 0 0 0
-59.5419 5.01427e-320 0 0 0
-60.0778 5.01427e-320 0 0 0
-58.4862 5.01427e-320 0 0 0
-55.0128 5.01427e-320 0 0 0
-53.2969 5.01427e-320 0 0 0
-53.3619 5.01427e-320 0 0 0
-53.5207 5.01427e-320 0 0 0
-53.512 5.01427e-320 0 0 0
-53.5032 5.01427e-320 0 0 0
-53.5047 5.01427e-320 0 0 0
-53.53 5.01427e-320 0 0 0
-53.4944 5.01427e-320 0 0 0
-53.4496 5.01427e-320 0 0 0
-53.7174 5.01427e-320 0 0 0
-55.7494 5.01427e-320 0 0 0
-55.3654 5.01427e-320 0 0 0
-56.2162 5.01427e-320 0 0 0
-55.4534 5.01427e-320 0 0 0
-57.8245 5.01427e-320 0 0 0
-60.1364 5.01427e-320 0 0 0
-60.9586 5.01427e-320 0 0 0
-60.1447 5.01427e-320 0 0 0
-58.0766 5.01427e-320 0 0 0
-57.2548 5.01427e-320 0 0 0
-57.9179 5.01427e-320 0 0 0
-58.079 5.01427e-320 0 0 0
-58.098 5.01427e-320 0 0 0
-360.733 -6262.9 295.902 10149 -58.2152
-361.576 -6262.38 295.889 10149 -58.2152
-362.419 -6261.85 295.875 10149 -58.2206
-363.262 -6261.33 295.862 10149 -58.2277
-364.105 -6260.81 295.849 10149 -58.2427
-364.913 -6260.31 295.836 10149 -58.225
-365.716 -6259.81 295.823 10149 -58.2068
-366.513 -6259.32 295.811 10149 -58.2466
-367.313 -6258.82 295.798 10149 -58.2237
-368.118 -6258.32 295.785 10149 -58.2394
-368.934 -6257.82 295.773 10149 -58.2176
-369.754 -6257.31 295.76 10149 -58.2195
-370.569 -6256.81 295.747 10149 -58.221
-371.381 -6256.3 295.734 10149 -58.2493
-372.175 -6255.81 295.722 10149 -58.2198
-372.942 -6255.34 295.71 10149 -57.6456
-373.696 -6254.86 295.698 10149 -57.0184
-374.457 -6254.36 295.685 10149 -57.0463
-375.244 -6253.85 295.673 10149 -56.7853
-376.032 -6253.34 295.66 10149 -57.085
-376.797 -6252.84 295.648 10149 -57.0887
-377.539 -6252.36 295.636 10149 -57.3593
-378.263 -6251.9 295.625 10149 -57.0595
-378.975 -6251.44 295.614 10149 -57.0795
-379.685 -6250.98 295.602 10149 -57.082
-380.398 -6250.52 295.591 10149 -57.039
-381.111 -6250.05 295.58 10149 -57.1063
-381.826 -6249.59 295.569 10149 -57.0598
-382.538 -6249.13 295.557 10149 -57.0793
-383.248 -6248.67 295.546 10149 -57.0598
-383.96 -6248.21 295.535 10149 -57.3623
-384.689 -6247.74 295.523 10149 -56.8155
-385.431 -6247.26 295.511 10149 -57.0384
-386.182 -6246.77 295.5 10149 -57.0731
-386.925 -6246.29 295.488 10149 -57.0885
-387.664 -6245.81 295.476 10149 -57.0731
-388.407 -6245.33 295.464 10149 -57.0658
-389.164 -6244.84 295.452 10149 -56.7369
-389.896 -6244.36 295.441 10149 -57.202
-390.594 -6243.91 295.43 10149 -56.1881
-391.263 -6243.46 295.419 10149 -56.7628
-391.95 -6243.01 295.408 10149 -57.5714
-392.681 -6242.55 295.397 10149 -58.629
-393.444 -6242.08 295.385 10149 -59.6559
-394.215 -6241.63 295.373 10149 -59.3316
-394.985 -6241.17 295.362 10149 -59.333
-395.754 -6240.72 295.35 10149 -59.3562
-396.523 -6240.26 295.338 10149 -59.313
-397.291 -6239.81 295.326 10149 -59.3557
-398.06 -6239.35 295.315 10149 -59.3343
-398.829 -6238.89 295.303 10149 -59.3343
-399.597 -6238.44 295.291 10149 -59.3348
-400.366 -6237.98 295.279 10149 -59.3343
-401.134 -6237.53 295.268 10149 -59.3343
-401.903 -6237.07 295.256 10149 -59.3557
-402.672 -6236.62 295.244 10149 -59.3139
-403.439 -6236.16 295.232 10149 -59.3321
-404.209 -6235.7 295.22 10149 -59.3474
-404.982 -6235.25 295.209 10149 -59.3518
-405.755 -6234.79 295.197 10149 -58.7214
-406.46 -6234.36 295.186 10149 -59.3601
-407.14 -6233.96 295.176 10149 -57.1362
-407.741 -6233.57 295.166 10149 -54.0177
-408.357 -6233.12 295.157 10149 -53.2023
-408.994 -6232.65 295.146 10149 -53.3902
-409.687 -6232.13 295.135 10149 -53.5532
-410.375 -6231.62 295.124 10149 -53.5367
-411.064 -6231.11 295.113 10149 -53.4926
-411.749 -6230.61 295.102 10149 -52.6061
-412.414 -6230.1 295.091 10149 -53.5743
-413.059 -6229.62 295.08 10149 -54.3723
-413.683 -6229.18 295.07 10149 -53.5916
-414.292 -6228.73 295.06 10149 -53.5216
-414.908 -6228.27 295.051 10149 -53.3912
-415.53 -6227.81 295.04 10149 -53.2605
-416.146 -6227.35 295.03 10149 -53.9087
-416.759 -6226.9 295.021 10149 -56.1622
-417.395 -6226.48 295.011 10149 -56.4675
-418.056 -6226.04 295 10149 -56.3611
-418.744 -6225.58 294.989 10149 -57.052
-419.45 -6225.12 294.979 10149 -58.422
-420.16 -6224.69 294.968 10149 -61.8591
-420.878 -6224.3 294.957 10149 -63.2165
-421.597 -6223.94 294.947 10149 -61.8632
-422.315 -6223.55 294.936 10149 -58.4217
-423.025 -6223.12 294.926 10149 -56.8781
-423.733 -6222.66 294.915 10149 -57.09
-424.43 -6222.2 294.904 10149 -57.9419
-425.104 -6221.78 294.894 10149 -58.8133
-425.761 -6221.39 294.884 10149 -59.0351
-426.421 -6220.99 294.874 10149 0
