6.94953e-310 4.68503e-310 0 0 0
0 0 0 0 0
0 0 0 0 0
0 0 0 0 0
0 0 0 0 0
0 0 0 0 0
0 0 0 0 0
0 0 0 0 0
0 0 0 0 0
0 0 0 0 0
0 0 0 0 0
0 0 0 0 0
0 0 0 0 0
0 0 0 0 0
0 0 0 0 0
0 0 0 0 0
0 0 0 0 0
0 0 0 0 0
0 0 0 0 0
0 0 0 0 0
0 0 0 0 0
0 0 0 0 0
0 0 0 0 0
0 0 0 0 0
0 0 0 0 0
0 0 0 0 0
0 0 0 0 0
0 0 0 0 0
0 0 0 0 0
0 0 0 0 0
0 0 0 0 0
0 0 0 0 0
0 0 0 0 0
0 0 0 0 0
0 0 0 0 0
0 0 0 0 0
0 0 0 0 0
0 0 0 0 0
0 0 0 0 0
0 0 0 0 0
0 0 0 0 0
0 0 0 0 0
0 0 0 0 0
-436.002 -6208.95 294.687 10148 -66.6054
-436.922 -6208.55 294.674 10148 -65.4199
-437.829 -6208.14 294.662 10148 -62.6959
-438.712 -6207.68 294.649 10148 -59.8797
-439.573 -6207.18 294.636 10148 -57.1583
-440.412 -6206.64 294.624 10148 -55.9098
-441.236 -6206.08 294.611 10148 -56.4997
-442.064 -6205.54 294.598 10148 -56.6143
-442.892 -6204.99 294.585 10148 -56.1889
-443.716 -6204.44 294.573 10148 -55.8121
-444.531 -6203.88 294.56 10148 -56.5214
-445.348 -6203.34 294.548 10148 -57.8695
-446.171 -6202.83 294.535 10148 -59.3255
-447.006 -6202.33 294.523 10148 -59.7385
-447.845 -6201.84 294.511 10148 -59.4426
-448.681 -6201.35 294.499 10148 -59.4426
-449.517 -6200.86 294.486 10148 -59.4225
-450.354 -6200.36 294.474 10148 -59.4426
-451.19 -6199.87 294.462 10148 -59.4426
-452.027 -6199.37 294.449 10148 -59.4225
-452.863 -6198.88 294.437 10148 -59.4426
-453.7 -6198.39 294.425 10148 -59.4422
-454.536 -6197.89 294.412 10148 -59.4229
-455.372 -6197.4 294.4 10148 -59.4422
-456.209 -6196.9 294.388 10148 -59.4426
-457.045 -6196.41 294.375 10148 -59.4225
-457.882 -6195.92 294.363 10148 -59.4426
-458.718 -6195.42 294.351 10148 -59.4441
-459.555 -6194.93 294.339 10148 -59.289
-460.389 -6194.43 294.326 10148 -59.4257
-461.226 -6193.94 294.314 10148 -60.1657
-462.071 -6193.45 294.302 10148 -61.0946
-462.928 -6192.98 294.29 10148 -61.8049
-463.794 -6192.52 294.278 10148 -61.9132
-464.666 -6192.05 294.265 10148 -61.7867
-465.531 -6191.59 294.253 10148 -61.9414
-466.368 -6191.14 294.241 10148 -62.0647
-467.181 -6190.71 294.23 10148 -60.9552
-467.988 -6190.26 294.218 10148 -60.8694
-468.823 -6189.8 294.206 10148 -60.9689
-469.681 -6189.32 294.194 10148 -60.4085
-470.526 -6188.84 294.182 10148 -60.0986
-471.352 -6188.36 294.17 10148 -58.5163
-472.159 -6187.87 294.158 10148 -56.1619
-472.957 -6187.34 294.146 10148 -55.5142
-473.855 -6186.72 294.132 20148 -55.6777
-474.82 -6186.06 294.116 20148 -55.798
-475.789 -6185.4 294.101 20148 -55.8212
-476.754 -6184.75 294.086 20148 -55.7783
-477.714 -6184.09 294.071 20148 -55.8165
-478.677 -6183.44 294.056 20148 -56.4487
-479.663 -6182.79 294.041 20148 -56.1467
-480.685 -6182.1 294.025 20148 -55.3196
-481.732 -6181.37 294.008 20148 -55.2815
-482.812 -6180.63 293.991 20148 -56.146
-483.907 -6179.89 293.974 20148 -56.2912
-484.984 -6179.17 293.957 20148 -57.3087
-486.044 -6178.49 293.941 20148 -58.877
-487.099 -6177.86 293.925 20148 -59.3465
-488.15 -6177.23 293.912 20148 -58.6783
-489.205 -6176.59 293.899 20148 -57.4966
-490.272 -6175.91 293.887 20148 -57.0479
-491.359 -6175.21 293.874 20148 -58.212
-492.463 -6174.52 293.861 20148 -58.0392
-493.54 -6173.85 293.848 20148 -58.9818
-494.589 -6173.22 293.836 20148 -59.4224
-495.609 -6172.62 293.824 20148 -58.7592
-496.604 -6172.01 293.813 20148 -58.7456
-497.597 -6171.41 293.801 20148 -58.7751
-498.594 -6170.81 293.79 20148 -58.7575
-499.591 -6170.2 293.778 20148 -58.758
-500.589 -6169.6 293.767 20148 -58.7577
-501.586 -6168.99 293.755 20148 -58.7532
-502.584 -6168.39 293.745 20148 -58.7459
-503.587 -6167.78 293.737 20148 -58.7589
-504.575 -6167.18 293.729 20148 -58.8155
-505.539 -6166.6 293.722 20148 -58.2422
-506.489 -6166.01 293.714 20148 -58.2374
-507.451 -6165.41 293.706 20148 -58.2281
-508.439 -6164.8 293.698 20148 -58.2244
-509.436 -6164.18 293.69 20148 -58.2264
-510.428 -6163.57 293.682 20148 -58.2428
-511.42 -6162.95 293.674 20148 -58.2101
-512.412 -6162.34 293.666 20148 -58.2428
-513.404 -6161.72 293.658 20148 -58.2101
-514.395 -6161.11 293.65 20148 -58.2428
-515.387 -6160.5 293.642 20148 -58.2101
-516.379 -6159.88 293.634 20148 -58.2398
-517.371 -6159.27 293.628 20148 -58.2226
-518.362 -6158.65 293.624 20148 -58.2227
-519.354 -6158.04 293.619 20148 -58.2221
-520.347 -6157.42 293.615 20148 -58.2212
-521.342 -6156.81 293.61 20148 -58.2386
-522.335 -6156.19 293.606 20148 -57.9453
-523.312 -6155.58 293.601 20148 -58.202
-524.268 -6154.99 293.597 20148 -58.5228
-525.205 -6154.41 293.593 20148 -58.2138
-526.129 -6153.84 293.588 20148 -58.2339
-527.047 -6153.27 293.584 20148 -57.9161
-527.951 -6152.71 293.58 20148 -58.2472
-528.838 -6152.16 293.576 20148 -58.5216
-529.703 -6151.63 293.572 20148 -58.2065
-530.552 -6151.1 293.568 20148 -58.2268
-531.398 -6150.58 293.565 20148 -58.2257
-532.247 -6150.05 293.564 20148 -58.2248
-533.098 -6149.52 293.563 20148 -58.225
-533.948 -6149 293.562 20148 -58.225
-534.798 -6148.47 293.562 20148 -58.225
-535.648 -6147.95 293.561 20148 -58.225
-536.498 -6147.42 293.56 20148 -58.225
-537.348 -6146.89 293.559 20148 -58.225
-538.198 -6146.37 293.558 20148 -58.225
-539.049 -6145.84 293.557 20148 -58.225
-539.899 -6145.31 293.556 20148 -58.225
-540.749 -6144.79 293.555 20148 -58.225
-541.599 -6144.26 293.554 20148 -58.225
-542.449 -6143.73 293.554 20148 -58.2061
-543.299 -6143.21 293.553 20148 -58.225
-544.149 -6142.68 293.552 20148 -58.2253
-544.999 -6142.15 293.551 20148 -58.2256
-545.849 -6141.63 293.551 20148 -58.2269
-546.703 -6141.1 293.553 20148 -58.2259
-547.559 -6140.57 293.555 20148 -58.2641
-548.415 -6140.04 293.557 20148 -58.2864
-549.264 -6139.51 293.559 20148 -58.39
-550.102 -6139 293.561 20148 -58.5566
-550.927 -6138.49 293.563 20148 -58.6657
-551.742 -6138 293.565 20148 -58.59
-552.552 -6137.5 293.567 20148 -58.814
-553.362 -6137.01 293.569 20148 -59.324
-554.173 -6136.53 293.571 20148 -59.5109
-554.984 -6136.05 293.573 20148 -59.3225
-555.795 -6135.57 293.575 20148 -58.8084
-556.61 -6135.08 293.577 20148 -58.5257
-557.424 -6134.58 293.579 20148 -58.3121
-558.225 -6134.09 293.581 20148 -58.4737
-559.001 -6133.61 293.583 20148 -59.2004
-559.751 -6133.16 293.584 20148 -58.8456
-560.469 -6132.73 293.587 20148 -57.9896
-561.162 -6132.3 293.591 20148 -58.9142
-561.852 -6131.88 293.595 20148 -59.8022
-562.554 -6131.47 293.599 20148 -60.1002
-563.268 -6131.06 293.603 20148 -58.5618
-563.977 -6130.63 293.607 20148 -57.2107
-564.681 -6130.17 293.611 20148 -57.7362
-565.391 -6129.73 293.616 20148 -57.7355
-566.097 -6129.28 293.62 20148 -56.7718
-566.78 -6128.83 293.624 20148 -57.1527
-567.426 -6128.41 293.628 20148 -58.3433
-568.048 -6128.03 293.632 20148 -58.8762
-568.634 -6127.68 293.635 20148 -57.7289
-569.196 -6127.32 293.638 20148 -57.7281
-569.755 -6126.97 293.642 20148 -57.7578
-570.318 -6126.61 293.645 20148 -57.7294
-570.882 -6126.26 293.648 20148 -57.7007
-571.445 -6125.9 293.652 20148 -57.758
-572.009 -6125.55 293.655 20148 -57.7294
-572.573 -6125.19 293.658 20148 -57.758
-573.136 -6124.84 293.662 20148 -57.7007
-573.7 -6124.48 293.665 20148 -57.758
-574.264 -6124.12 293.669 20148 -57.7299
-574.828 -6123.77 293.672 20148 -57.74
-575.392 -6123.41 293.677 20148 -57.74
-575.955 -6123.06 293.683 20148 -57.7686
-576.519 -6122.7 293.688 20148 -57.7114
-577.083 -6122.34 293.693 20148 -57.7687
-577.646 -6121.99 293.699 20148 -57.74
-578.21 -6121.63 293.704 20148 -57.7687
-578.774 -6121.28 293.709 20148 -57.7114
-579.338 -6120.92 293.714 20148 -57.74
-579.901 -6120.56 293.72 20148 -57.7687
-580.465 -6120.21 293.725 20148 -57.7114
-581.029 -6119.85 293.73 20148 -57.7687
-581.593 -6119.5 293.736 20148 -57.741
-582.161 -6119.14 293.741 20148 -57.7391
-582.721 -6118.79 293.746 20148 -57.7347
-583.264 -6118.44 293.751 20148 -57.6127
-583.801 -6118.1 293.756 20148 -57.3783
-584.342 -6117.76 293.762 20148 -57.4219
-584.901 -6117.4 293.767 20148 -57.3712
-585.466 -6117.04 293.772 20148 -57.4535
-586.028 -6116.68 293.778 20148 -57.3673
-586.589 -6116.32 293.783 20148 -57.4535
-587.151 -6115.96 293.788 20148 -57.3676
-587.713 -6115.6 293.793 20148 -57.4249
-588.274 -6115.24 293.799 20148 -57.3965
-588.836 -6114.88 293.804 20148 -57.429
-589.398 -6114.52 293.81 20148 -57.4095
-589.959 -6114.17 293.817 20148 -57.4359
-590.517 -6113.81 293.824 20148 -57.4098
-591.078 -6113.45 293.832 20148 -57.8695
-591.654 -6113.09 293.839 20148 -57.4392
-592.251 -6112.71 293.847 20148 -56.9894
-592.868 -6112.31 293.855 20148 -57.4396
-593.501 -6111.9 293.863 20148 -57.3909
-594.136 -6111.5 293.871 20148 -57.441
-594.771 -6111.09 293.879 20148 -57.4158
-595.405 -6110.68 293.887 20148 -57.2575
-596.033 -6110.28 293.896 20148 -57.6369
-596.652 -6109.89 293.904 20148 -58.3183
-597.27 -6109.51 293.911 20148 -58.8482
-597.906 -6109.12 293.92 20148 -57.4341
-598.566 -6108.7 293.928 20148 -56.0814
-599.247 -6108.24 293.937 20148 -56.2349
-599.944 -6107.78 293.946 20148 -56.4654
-600.644 -6107.31 293.955 20148 -56.4345
-601.341 -6106.85 293.964 20148 -56.4557
-602.036 -6106.39 293.973 20148 -56.4562
-602.732 -6105.93 293.983 20148 -56.502
-603.428 -6105.47 293.992 20148 -56.4007
-604.124 -6105.01 294.002 20148 -56.154
-604.817 -6104.54 294.014 20148 -56.0618
-605.51 -6104.08 294.025 20148 -56.1983
-606.203 -6103.61 294.037 20148 -56.4073
-606.899 -6103.15 294.048 20148 -56.527
-607.599 -6102.69 294.06 20148 -56.4838
-608.3 -6102.22 294.072 20148 -56.5043
-609 -6101.76 294.083 20148 -56.5443
-609.697 -6101.3 294.095 20148 -56.4729
-610.393 -6100.84 294.106 20148 -56.5198
-611.089 -6100.38 294.118 20148 -56.885
-611.787 -6099.92 294.129 20148 -57.4574
-612.491 -6099.47 294.141 20148 -57.8238
-613.196 -6099.03 294.152 20148 -57.9155
-613.902 -6098.59 294.164 20148 -57.8238
-614.607 -6098.14 294.175 20148 -57.8237
-615.312 -6097.7 294.186 20148 -57.8238
-616.018 -6097.25 294.198 20148 -57.8238
-616.724 -6096.81 294.209 20148 -57.9613
-617.43 -6096.37 294.221 20148 -57.5894
-618.109 -6095.94 294.236 30148 -56.9063
-618.8 -6095.49 294.253 30148 -56.6958
-619.488 -6095.03 294.27 30148 -56.9063
-620.18 -6094.58 294.286 30148 -57.5784
-620.879 -6094.14 294.303 30148 -57.8317
-621.583 -6093.7 294.32 30148 -57.6939
-622.286 -6093.25 294.337 30148 -57.7168
-622.988 -6092.81 294.353 30148 -57.6938
-623.69 -6092.36 294.37 30148 -57.6938
-624.392 -6091.92 294.387 30148 -57.6938
-625.094 -6091.48 294.404 30148 -57.694
-625.798 -6091.03 294.421 30148 -57.6943
-626.504 -6090.59 294.437 30148 -57.7168
-627.206 -6090.14 294.454 30148 -57.3166
-627.891 -6089.7 294.471 30148 -58.0745
-628.565 -6089.28 294.487 30148 -57.7122
-629.224 -6088.87 294.502 30148 -57.7115
-629.876 -6088.45 294.518 30148 -57.3318
-630.513 -6088.05 294.533 30148 -58.0445
-631.14 -6087.66 294.548 30148 -57.7066
-631.752 -6087.27 294.563 30148 -57.679
-632.357 -6086.89 294.577 30148 -57.2687
-632.947 -6086.51 294.592 30148 -58.178
-633.526 -6086.15 294.605 30148 -57.6709
-634.088 -6085.79 294.619 30148 -57.699
-634.646 -6085.44 294.632 30148 -57.6993
-635.207 -6085.08 294.645 30148 0
