6.94953e-310 6.94953e-310 0 0 0
0 0 0 0 0
0 0 0 0 0
0 0 0 0 0
0 0 0 0 0
0 0 0 0 0
0 0 0 0 0
0 0 0 0 0
0 0 0 0 0
0 0 0 0 0
0 0 0 0 0
0 0 0 0 0
0 0 0 0 0
0 0 0 0 0
0 0 0 0 0
0 0 0 0 0
0 0 0 0 0
0 0 0 0 0
0 0 0 0 0
0 0 0 0 0
0 0 0 0 0
0 0 0 0 0
0 0 0 0 0
0 0 0 0 0
0 0 0 0 0
0 0 0 0 0
0 0 0 0 0
0 0 0 0 0
0 0 0 0 0
0 0 0 0 0
0 0 0 0 0
0 0 0 0 0
0 0 0 0 0
0 0 0 0 0
0 0 0 0 0
0 0 0 0 0
0 0 0 0 0
0 0 0 0 0
0 0 0 0 0
0 0 0 0 0
0 0 0 0 0
4.414 75.087 0 0 0
4.408 76.086 0 0 0
4.403 77.086 0 0 0
4.398 78.086 0 0 0
4.392 79.087 0 0 0
4.388 80.087 0 0 0
4.382 81.088 0 0 0
4.377 82.084 0 0 0
4.372 83.069 0 0 0
4.367 84.067 0 0 0
4.349 85.116 0 0 0
4.356 86.235 0 0 0
4.35 87.4 0 0 0
4.344 88.568 0 0 0
4.338 89.748 0 0 0
4.332 90.969 0 0 0
4.326 92.218 0 0 0
4.332 93.439 0 0 0
4.326 94.57 0 0 0
4.308 95.608 0 0 0
4.303 96.601 0 0 0
4.298 97.596 0 0 0
4.286 98.615 0 0 0
4.313 99.6 0 0 0
4.379 100.401 0 0 0
4.399 101.051 0 0 0
4.419 101.53 0 0 0
4.392 101.856 0 0 0
4.385 102.006 0 0 0
4.385 102.129 0 0 0
4.384 102.27 0 0 0
4.383 102.423 0 0 0
4.382 102.574 0 0 0
4.382 102.724 0 0 0
4.381 102.874 0 0 0
4.38 103.024 0 0 0
4.379 103.174 0 0 0
4.378 103.324 0 0 0
4.377 103.474 0 0 0
4.377 103.624 0 0 0
4.376 103.774 0 0 0
4.375 103.924 0 0 0
4.374 104.074 0 0 0
4.373 104.224 0 0 0
4.373 104.374 0 0 0
4.372 104.523 0 0 0
4.371 104.673 0 0 0
4.37 104.823 0 0 0
4.37 104.974 0 0 0
4.369 105.124 0 0 0
4.369 105.274 0 0 0
4.368 105.424 0 0 0
4.367 105.574 0 0 0
4.366 105.724 0 0 0
4.365 105.874 0 0 0
4.364 106.024 0 0 0
4.364 106.173 0 0 0
4.363 106.323 0 0 0
4.362 106.474 0 0 0
4.361 106.624 0 0 0
4.36 106.774 0 0 0
4.36 106.923 0 0 0
4.359 107.073 0 0 0
4.358 107.223 0 0 0
4.358 107.374 0 0 0
4.357 107.524 0 0 0
4.356 107.674 0 0 0
4.356 107.824 0 0 0
4.355 107.974 0 0 0
4.354 108.124 0 0 0
4.353 108.274 0 0 0
4.352 108.424 0 0 0
4.351 108.574 0 0 0
4.351 108.723 0 0 0
4.35 108.873 0 0 0
4.349 109.023 0 0 0
4.348 109.174 0 0 0
4.347 109.324 0 0 0
4.347 109.473 0 0 0
4.346 109.623 0 0 0
4.346 109.776 0 0 0
4.345 109.916 0 0 0
4.344 110.039 0 0 0
4.33 110.212 0 0 0
4.289 110.575 0 0 0
4.286 111.103 0 0 0
4.283 111.82 0 0 0
4.317 112.703 0 0 0
4.325 113.775 0 0 0
4.319 114.897 0 0 0
4.314 116.002 0 0 0
4.307 117.095 0 0 0
4.302 118.19 0 0 0
4.297 119.285 0 0 0
4.29 120.381 0 0 0
4.285 121.476 0 0 0
4.279 122.571 0 0 0
4.274 123.666 0 0 0
4.268 124.761 0 0 0
4.263 125.856 0 0 0
4.257 126.952 0 0 0
4.251 128.047 0 0 0
4.246 129.145 0 0 0
4.24 130.237 0 0 0
4.242 131.302 0 0 0
4.209 132.38 0 0 0
4.144 133.653 0 0 0
4.138 135.087 0 0 0
4.135 136.708 0 0 0
4.177 138.498 0 0 0
4.215 140.478 0 0 0
4.24 142.506 0 0 0
4.264 144.517 0 0 0
4.288 146.513 0 0 0
4.312 148.514 0 0 0
4.337 150.512 0 0 0
4.361 152.495 0 0 0
4.379 154.481 0 0 0
4.389 156.522 0 0 0
4.42 158.7 0 0 0
4.484 160.994 0 0 0
4.569 163.43 0 0 0
4.593 165.93 0 0 0
4.591 168.444 0 0 0
4.596 170.949 0 0 0
4.601 173.448 0 0 0
4.606 175.948 0 0 0
4.612 178.449 0 0 0
4.617 180.949 0 0 0
4.623 183.449 0 0 0
4.628 185.949 0 0 0
4.634 188.449 0 0 0
4.639 190.949 0 0 0
4.644 193.449 0 0 0
4.649 195.949 0 0 0
4.655 198.451 0 0 0
4.66 200.951 0 0 0
4.666 203.432 0 0 0
4.675 205.904 0 0 0
4.647 208.428 0 0 0
4.645 211.098 0 0 0
4.671 213.882 0 0 0
4.697 216.813 0 0 0
4.677 219.798 0 0 0
4.66 222.792 0 0 0
4.643 225.774 0 0 0
4.626 228.75 0 0 0
4.609 231.728 0 0 0
4.592 234.706 0 0 0
4.575 237.683 0 0 0
4.558 240.661 0 0 0
4.542 243.639 0 0 0
4.524 246.616 0 0 0
4.508 249.593 0 0 0
4.491 252.571 0 0 0
4.474 255.549 0 0 0
4.457 258.525 0 0 0
4.44 261.506 0 0 0
4.423 264.496 0 0 0
4.408 267.486 0 0 0
4.391 270.413 0 0 0
4.358 273.227 0 0 0
4.435 275.985 0 0 0
4.597 278.827 0 0 0
4.769 281.826 0 0 0
4.946 284.954 0 0 0
5.096 288.22 0 0 0
5.223 291.605 0 0 0
5.274 295.051 0 0 0
5.332 298.515 0 0 0
5.39 301.97 0 0 0
5.449 305.418 0 0 0
5.507 308.867 0 0 0
5.566 312.316 0 0 0
5.624 315.767 0 0 0
5.682 319.226 0 0 0
5.772 322.679 0 0 0
5.801 326.101 0 0 0
5.701 329.476 0 0 0
5.551 332.826 0 0 0
5.451 336.199 0 0 0
5.479 339.622 0 0 0
5.568 343.086 0 0 0
5.638 346.559 0 0 0
5.697 349.994 0 0 0
5.698 353.344 0 0 0
5.629 356.585 0 0 0
5.501 359.744 0 0 0
5.364 362.872 0 0 0
5.238 366.004 0 0 0
5.111 369.145 0 0 0
4.985 372.289 0 0 0
4.858 375.431 0 0 0
4.732 378.574 0 0 0
4.606 381.717 0 0 0
4.48 384.865 0 0 0
4.353 388.002 0 0 0
4.227 391.115 0 0 0
4.166 394.219 0 0 0
4.115 397.333 0 0 0
4.063 400.472 0 0 0
4.011 403.621 0 0 0
3.959 406.771 0 0 0
3.908 409.933 0 0 0
3.856 413.076 0 0 0
3.833 416.157 0 0 0
3.775 419.139 0 0 0
3.727 422.043 0 0 0
3.754 424.945 0 0 0
3.818 427.895 0 0 0
3.89 430.893 0 0 0
3.954 433.907 0 0 0
4.018 436.909 0 0 0
4.082 439.907 0 0 0
4.146 442.906 0 0 0
4.21 445.906 0 0 0
4.275 448.905 0 0 0
4.339 451.904 0 0 0
4.404 454.904 0 0 0
4.467 457.903 0 0 0
4.532 460.902 0 0 0
4.596 463.901 0 0 0
4.66 466.901 0 0 0
-359.64 -6263.33 295.918 10149 -58.2345
-360.483 -6262.81 295.904 10149 -58.1959
-361.326 -6262.29 295.891 10149 -58.2344
-362.169 -6261.77 295.878 10149 -58.2072
-362.892 -6261.32 295.866 10149 -58.2306
-363.728 -6260.8 295.853 10149 -58.2219
-364.537 -6260.3 295.84 10149 -57.9216
-365.336 -6259.8 295.828 10149 -58.2593
-366.109 -6259.32 295.815 10149 -58.2487
-366.86 -6258.85 295.804 10149 -58.5025
-367.593 -6258.4 295.792 10149 -58.2412
-368.315 -6257.96 295.781 10149 -58.2197
-369.034 -6257.51 295.769 10149 -58.241
-369.756 -6257.07 295.758 10149 -58.218
-370.478 -6256.62 295.747 10149 -58.2169
-371.203 -6256.17 295.735 10149 -58.2398
-371.927 -6255.72 295.724 10149 -58.2276
-372.63 -6255.29 295.713 10149 -58.2856
-373.313 -6254.86 295.702 10149 -57.3183
-373.999 -6254.42 295.691 10149 -57.0373
-374.72 -6253.96 295.68 10149 -56.7757
-375.472 -6253.46 295.667 10149 -57.0587
-376.252 -6252.96 295.655 10149 -57.0802
-377.031 -6252.45 295.643 10149 -57.0606
-377.802 -6251.95 295.63 10149 -57.09
-378.562 -6251.46 295.618 10149 -57.0842
-379.316 -6250.97 295.606 10149 -57.2611
-380.079 -6250.48 295.594 10149 -56.8638
-380.857 -6249.98 295.582 10149 -57.0605
-381.647 -6249.46 295.57 10149 -57.066
-382.442 -6248.95 295.557 10149 -57.3547
-383.25 -6248.43 295.544 10149 -56.7978
-384.068 -6247.9 295.531 10149 -57.0838
-384.901 -6247.36 295.518 10149 -57.0674
-385.736 -6246.82 295.505 10149 -57.0843
-386.57 -6246.28 295.492 10149 0
