6.94953e-310 6.94953e-310 0 0 0
0 0 0 0 0
0 0 0 0 0
0 0 0 0 0
0 0 0 0 0
0 0 0 0 0
0 0 0 0 0
0 0 0 0 0
0 0 0 0 0
0 0 0 0 0
0 0 0 0 0
0 0 0 0 0
0 0 0 0 0
0 0 0 0 0
0 0 0 0 0
0 0 0 0 0
0 0 0 0 0
0 0 0 0 0
0 0 0 0 0
0 0 0 0 0
0 0 0 0 0
0 0 0 0 0
0 0 0 0 0
0 0 0 0 0
0 0 0 0 0
0 0 0 0 0
0 0 0 0 0
0 0 0 0 0
0 0 0 0 0
0 0 0 0 0
0 0 0 0 0
0 0 0 0 0
0 0 0 0 0
0 0 0 0 0
0 0 0 0 0
0 0 0 0 0
0 0 0 0 0
0 0 0 0 0
0 0 0 0 0
0 0 0 0 0
0 0 0 0 0
0 0 0 0 0
0 0 0 0 0
0 0 0 0 0
0 0 0 0 0
0 0 0 0 0
0 0 0 0 0
0 0 0 0 0
0 0 0 0 0
0 0 0 0 0
0 0 0 0 0
0 0 0 0 0
0 0 0 0 0
0 0 0 0 0
0 0 0 0 0
0 0 0 0 0
0 0 0 0 0
0 0 0 0 0
0 0 0 0 0
0 0 0 0 0
0 0 0 0 0
0 0 0 0 0
0 0 0 0 0
0 0 0 0 0
0 0 0 0 0
0 0 0 0 0
0 0 0 0 0
0 0 0 0 0
0 0 0 0 0
0 0 0 0 0
0 0 0 0 0
0 0 0 0 0
0 0 0 0 0
0 0 0 0 0
0 0 0 0 0
0 0 0 0 0
0 0 0 0 0
0 0 0 0 0
0 0 0 0 0
0 0 0 0 0
0 0 0 0 0
0 0 0 0 0
0 0 0 0 0
0 0 0 0 0
0 0 0 0 0
0 0 0 0 0
0 0 0 0 0
0 0 0 0 0
0 0 0 0 0
0 0 0 0 0
0 0 0 0 0
0 0 0 0 0
0 0 0 0 0
0 0 0 0 0
0 0 0 0 0
0 0 0 0 0
0 0 0 0 0
0 0 0 0 0
0 0 0 0 0
0 0 0 0 0
0 0 0 0 0
0 0 0 0 0
0 0 0 0 0
0 0 0 0 0
0 0 0 0 0
0 0 0 0 0
0 0 0 0 0
0 0 0 0 0
0 0 0 0 0
0 0 0 0 0
0 0 0 0 0
0 0 0 0 0
0 0 0 0 0
0 0 0 0 0
0 0 0 0 0
0 0 0 0 0
0 0 0 0 0
0 0 0 0 0
0 0 0 0 0
0 0 0 0 0
0 0 0 0 0
0 0 0 0 0
0 0 0 0 0
0 0 0 0 0
0 0 0 0 0
0 0 0 0 0
0 0 0 0 0
0 0 0 0 0
0 0 0 0 0
0 0 0 0 0
0 0 0 0 0
0 0 0 0 0
0 0 0 0 0
0 0 0 0 0
0 0 0 0 0
0 0 0 0 0
0 0 0 0 0
0 0 0 0 0
0 0 0 0 0
0 0 0 0 0
0 0 0 0 0
0 0 0 0 0
0 0 0 0 0
0 0 0 0 0
0 0 0 0 0
0 0 0 0 0
0 0 0 0 0
0 0 0 0 0
0 0 0 0 0
0 0 0 0 0
0 0 0 0 0
15.911 75.645 0 0 0
15.898 78.146 0 0 0
15.885 80.646 0 0 0
15.873 83.146 0 0 0
15.859 85.646 0 0 0
15.847 88.146 0 0 0
15.834 90.646 0 0 0
15.821 93.145 0 0 0
15.808 95.646 0 0 0
15.795 98.145 0 0 0
15.782 100.645 0 0 0
15.77 103.145 0 0 0
15.756 105.645 0 0 0
15.744 108.145 0 0 0
15.731 110.645 0 0 0
15.718 113.148 0 0 0
15.705 115.64 0 0 0
15.685 118.11 0 0 0
15.677 120.611 0 0 0
15.668 123.302 0 0 0
15.696 126.138 0 0 0
15.734 129.128 0 0 0
15.815 132.277 0 0 0
15.916 135.557 0 0 0
16.007 138.899 0 0 0
16.098 142.294 0 0 0
16.19 145.704 0 0 0
16.28 149.093 0 0 0
16.378 152.487 0 0 0
16.446 155.915 0 0 0
16.492 159.415 0 0 0
16.535 163.005 0 0 0
16.555 166.667 0 0 0
16.547 170.363 0 0 0
16.544 174.064 0 0 0
16.542 177.757 0 0 0
16.539 181.447 0 0 0
16.536 185.138 0 0 0
16.533 188.829 0 0 0
16.53 192.52 0 0 0
16.528 196.21 0 0 0
16.525 199.915 0 0 0
16.522 203.592 0 0 0
16.519 207.212 0 0 0
16.561 210.81 0 0 0
16.611 214.429 0 0 0
16.66 218.106 0 0 0
16.709 221.81 0 0 0
16.759 225.506 0 0 0
16.812 229.204 0 0 0
16.855 232.891 0 0 0
16.888 236.537 0 0 0
16.946 240.115 0 0 0
16.985 243.631 0 0 0
16.917 247.132 0 0 0
16.833 250.684 0 0 0
16.753 254.331 0 0 0
16.752 258.059 0 0 0
16.797 261.828 0 0 0
16.824 265.637 0 0 0
16.848 269.304 0 0 0
16.852 272.842 0 0 0
16.924 276.224 0 0 0
17.021 279.625 0 0 0
17.115 283.172 0 0 0
17.214 286.797 0 0 0
17.312 290.389 0 0 0
17.411 293.98 0 0 0
17.509 297.575 0 0 0
17.607 301.178 0 0 0
17.717 304.77 0 0 0
17.808 308.324 0 0 0
17.848 311.836 0 0 0
17.851 315.351 0 0 0
17.856 318.938 0 0 0
17.924 322.601 0 0 0
17.949 326.278 0 0 0
17.836 329.917 0 0 0
17.675 333.526 0 0 0
17.565 337.158 0 0 0
17.582 340.818 0 0 0
17.642 344.456 0 0 0
17.65 348.029 0 0 0
17.641 351.542 0 0 0
17.63 355.03 0 0 0
17.622 358.527 0 0 0
17.614 362.04 0 0 0
17.605 365.544 0 0 0
17.612 369.005 0 0 0
17.605 372.387 0 0 0
17.599 375.671 0 0 0
17.574 378.874 0 0 0
17.567 382.037 0 0 0
17.559 385.2 0 0 0
17.552 388.342 0 0 0
17.544 391.444 0 0 0
17.628 394.518 0 0 0
17.695 397.573 0 0 0
17.745 400.614 0 0 0
17.809 403.621 0 0 0
17.872 406.607 0 0 0
17.937 409.602 0 0 0
18.001 412.603 0 0 0
18.065 415.602 0 0 0
18.13 418.601 0 0 0
18.193 421.601 0 0 0
18.258 424.6 0 0 0
18.322 427.599 0 0 0
18.387 430.597 0 0 0
18.451 433.6 0 0 0
18.515 436.613 0 0 0
18.579 439.615 0 0 0
18.658 442.575 0 0 0
18.72 445.459 0 0 0
18.782 448.251 0 0 0
18.838 450.958 0 0 0
18.893 453.573 0 0 0
18.932 456.112 0 0 0
18.985 458.608 0 0 0
19.039 461.094 0 0 0
19.093 463.592 0 0 0
19.14 466.099 0 0 0
19.204 468.598 0 0 0
19.29 471.072 0 0 0
19.364 473.501 0 0 0
19.396 475.882 0 0 0
19.378 478.235 0 0 0
19.342 480.58 0 0 0
19.317 482.928 0 0 0
19.292 485.278 0 0 0
19.267 487.629 0 0 0
19.243 489.981 0 0 0
19.218 492.332 0 0 0
-359.494 -6263.88 295.923 10149 -58.2056
-360.457 -6263.28 295.908 10149 -58.2225
-361.42 -6262.69 295.893 10149 -58.2151
-362.264 -6262.16 295.879 10149 -58.2255
-363.227 -6261.57 295.864 10149 -58.2303
-364.063 -6261.05 295.851 10149 -58.445
-364.929 -6260.52 295.837 10149 -58.6561
-365.813 -6259.98 295.823 10149 -57.5962
-366.719 -6259.4 295.809 10149 -57.6142
-367.626 -6258.83 295.795 10149 -58.1738
-368.512 -6258.28 295.781 10149 -58.9422
-369.376 -6257.76 295.767 10149 -58.2094
-370.216 -6257.24 295.754 10149 -58.2475
-371.058 -6256.72 295.741 10149 -58.228
-371.9 -6256.2 295.727 10149 -58.2358
-372.724 -6255.69 295.714 10149 0
