6.93498e-310 6.93498e-310 0 0 0
-56.9693 -6227.61 0 0 0
-56.9693 -6227 0 0 0
-56.9693 -6226.38 0 0 0
-56.9693 -6225.79 0 0 0
-56.9693 -6225.23 0 0 0
-56.9693 -6224.7 0 0 0
-56.9693 -6224.14 0 0 0
-56.9693 -6223.54 0 0 0
-56.9693 -6222.93 0 0 0
-56.9693 -6222.35 0 0 0
-56.9693 -6221.78 0 0 0
-56.9693 -6221.22 0 0 0
-56.9693 -6220.66 0 0 0
-56.9693 -6220.1 0 0 0
-56.9693 -6219.53 0 0 0
-56.9693 -6218.96 0 0 0
-56.9693 -6218.38 0 0 0
-56.9693 -6217.83 0 0 0
-56.9693 -6217.3 0 0 0
-56.9693 -6216.79 0 0 0
-56.9693 -6216.27 0 0 0
-56.9693 -6215.73 0 0 0
-56.9693 -6215.18 0 0 0
-56.9693 -6214.6 0 0 0
-56.9693 -6214.02 0 0 0
-56.9693 -6213.45 0 0 0
-56.9693 -6212.87 0 0 0
-56.9693 -6212.29 0 0 0
-56.9693 -6211.7 0 0 0
-56.9693 -6211.11 0 0 0
-56.9693 -6210.52 0 0 0
-56.9693 -6209.93 0 0 0
-56.9693 -6209.35 0 0 0
-56.9693 -6208.76 0 0 0
-56.9693 -6208.17 0 0 0
-56.9693 -6207.61 0 0 0
-56.9693 -6207.06 0 0 0
-56.9693 -6206.52 0 0 0
-56.9693 -6205.97 0 0 0
-56.9693 -6205.4 0 0 0
-56.9693 -6204.79 0 0 0
-56.9693 -6204.2 0 0 0
-56.9693 -6203.6 0 0 0
-56.9693 -6203.01 0 0 0
-56.9693 -6202.42 0 0 0
-56.9693 -6201.84 0 0 0
-56.9693 -6201.27 0 0 0
-56.9693 -6200.7 0 0 0
-56.9693 -6200.12 0 0 0
-56.9693 -6199.55 0 0 0
-56.9693 -6199 0 0 0
-56.9693 -6198.45 0 0 0
-56.9693 -6197.91 0 0 0
-56.9693 -6197.36 0 0 0
-56.9693 -6196.82 0 0 0
-56.9693 -6196.26 0 0 0
-56.9693 -6195.7 0 0 0
-56.9693 -6195.14 0 0 0
-56.9693 -6194.62 0 0 0
-56.9693 -6194.09 0 0 0
-56.9693 -6193.54 0 0 0
-56.9693 -6192.98 0 0 0
-56.9693 -6192.41 0 0 0
-56.9693 -6191.84 0 0 0
-56.9693 -6191.27 0 0 0
-56.9693 -6190.7 0 0 0
-56.9693 -6190.1 0 0 0
-56.9693 -6189.45 0 0 0
-56.9693 -6188.77 0 0 0
-56.9693 -6188.08 0 0 0
-56.9693 -6187.39 0 0 0
-56.9693 -6186.7 0 0 0
-56.9693 -6186.02 0 0 0
-56.9693 -6185.34 0 0 0
-56.9693 -6184.67 0 0 0
-56.9693 -6183.99 0 0 0
-56.9693 -6183.26 0 0 0
-56.9693 -6182.52 0 0 0
-56.9693 -6181.81 0 0 0
-56.9693 -6181.11 0 0 0
-56.9693 -6180.4 0 0 0
-57.5443 -6179.66 0 0 0
-56.182 -6178.92 0 0 0
-57.0703 -6178.2 0 0 0
-57.1103 -6177.51 0 0 0
-57.0626 -6176.83 0 0 0
-57.0917 -6176.14 0 0 0
-57.0933 -6175.44 0 0 0
-56.477 -6174.73 0 0 0
-58.1183 -6174 0 0 0
-60.12 -6173.25 0 0 0
-61.4955 -6172.52 0 0 0
-59.0399 -6171.8 0 0 0
-56.4811 -6171.13 0 0 0
-54.4516 -6170.48 0 0 0
-53.8459 -6169.83 0 0 0
-54.1463 -6169.18 0 0 0
-54.1174 -6168.5 0 0 0
-54.1525 -6167.83 0 0 0
-54.1126 -6167.16 0 0 0
-54.2327 -6166.49 0 0 0
-54.1903 -6165.82 0 0 0
-54.8157 -6165.14 0 0 0
-53.5478 -6164.42 0 0 0
-54.0621 -6163.67 0 0 0
-54.7513 -6162.89 0 0 0
-56.768 -6162.09 0 0 0
-55.7019 -6161.3 0 0 0
-55.673 -6160.51 0 0 0
-54.7798 -6159.72 0 0 0
-56.6031 -6158.93 0 0 0
-60.644 -6158.14 0 0 0
-62.2336 -6157.35 0 0 0
-60.3123 -6156.55 0 0 0
-56.9608 -6155.77 0 0 0
-54.7222 -6154.97 0 0 0
-55.6811 -6154.21 0 0 0
-56.2238 -6153.48 0 0 0
-55.6745 -6152.79 0 0 0
-55.2301 -6152.08 0 0 0
-55.6973 -6151.38 0 0 0
-55.6966 -6150.65 0 0 0
-55.7262 -6149.92 0 0 0
-55.6694 -6149.2 0 0 0
-55.05 -6148.48 0 0 0
-54.6741 -6147.76 0 0 0
-54.2469 -6147.02 0 0 0
-54.2674 -6146.27 0 0 0
-54.1864 -6145.52 0 0 0
-54.1836 1.48951e-319 0 0 0
-53.8774 5.33333 0 0 0
-54.2261 5.33333 0 0 0
-54.2255 5.33333 0 0 0
-54.2029 5.33333 0 0 0
-53.5595 5.33333 0 0 0
-55.1208 5.33333 0 0 0
-57.4464 5.33333 0 0 0
-58.7924 5.33333 0 0 0
-57.5079 5.33333 0 0 0
-55.0936 5.33333 0 0 0
-53.1555 5.33333 0 0 0
-53.8108 5.33333 0 0 0
-53.5524 5.33333 0 0 0
-53.1373 5.33333 0 0 0
-52.8585 5.33333 0 0 0
-52.8285 5.33333 0 0 0
-52.8053 5.33333 0 0 0
-52.6141 5.33333 0 0 0
-52.5656 5.33333 0 0 0
-52.5898 5.33333 0 0 0
-52.8294 5.33333 0 0 0
-52.804 5.33333 0 0 0
-52.8358 5.33333 0 0 0
-53.2304 5.33333 0 0 0
-53.7353 5.33333 0 0 0
-54.1112 5.33333 0 0 0
-53.9324 5.33333 0 0 0
-53.837 5.33333 0 0 0
-51.3735 5.33333 0 0 0
-51.9735 5.33333 0 0 0
-52.8964 5.33333 0 0 0
-51.4814 5.33333 0 0 0
-49.1755 5.33333 0 0 0
-49.4822 5.33333 0 0 0
-49.5256 5.33333 0 0 0
-49.5299 5.33333 0 0 0
-49.5283 5.33333 0 0 0
-49.5267 5.33333 0 0 0
-49.551 5.33333 0 0 0
-49.3228 5.33333 0 0 0
-49.3788 5.33333 0 0 0
-49.9784 5.33333 0 0 0
-51.4372 5.33333 0 0 0
-54.4403 5.33333 0 0 0
-54.0953 5.33333 0 0 0
-52.8396 5.33333 0 0 0
-51.6027 5.33333 0 0 0
-51.8045 5.33333 0 0 0
-52.2807 5.33333 0 0 0
-52.2581 5.33333 0 0 0
-52.2805 5.33333 0 0 0
-52.2583 5.33333 0 0 0
-52.3031 5.33333 0 0 0
-50.7833 5.33333 0 0 0
-51.2649 5.33333 0 0 0
-52.9015 5.33333 0 0 0
-53.5178 5.33333 0 0 0
-54.5784 5.33333 0 0 0
-53.9208 5.33333 0 0 0
-53.3649 5.33333 0 0 0
-53.022 5.33333 0 0 0
-53.2284 5.33333 0 0 0
-53.1794 5.33333 0 0 0
-53.2064 5.33333 0 0 0
-52.4685 5.33333 0 0 0
-51.0408 5.33333 0 0 0
-51.2481 5.33333 0 0 0
-50.4282 5.33333 0 0 0
-50.0864 5.33333 0 0 0
-50.3904 5.33333 0 0 0
-50.081 5.33333 0 0 0
-50.8911 5.33333 0 0 0
-51.2346 5.33333 0 0 0
-51.0858 5.33333 0 0 0
-51.0571 5.33333 0 0 0
-51.0293 5.33333 0 0 0
-51.0862 5.33333 0 0 0
-51.0288 5.33333 0 0 0
-51.0579 5.33333 0 0 0
-51.0575 5.33333 0 0 0
-51.0575 5.33333 0 0 0
0 5.33333 0 0 0
4.99922 5.33333 0 0 0
5.00587 5.33333 0 0 0
4.9861 5.33333 0 0 0
4.95251 5.33333 0 0 0
4.9925 5.33333 0 0 0
5.13969 5.33333 0 0 0
5.3861 5.33333 0 0 0
5.68945 5.33333 0 0 0
5.97513 5.33333 0 0 0
6.27562 5.33333 0 0 0
6.52936 5.33333 0 0 0
6.67253 5.33333 0 0 0
6.71231 5.33333 0 0 0
6.67916 5.33333 0 0 0
6.65893 5.33333 0 0 0
6.66558 5.33333 0 0 0
6.6591 5.33333 0 0 0
6.6822 5.33333 0 0 0
6.72239 5.33333 0 0 0
6.68882 5.33333 0 0 0
6.47465 5.33333 0 0 0
6.02118 5.33333 0 0 0
5.64418 5.33333 0 0 0
5.19365 5.33333 0 0 0
4.97577 5.33333 0 0 0
4.9422 5.33333 0 0 0
4.98574 5.33333 0 0 0
5.0024 5.33333 0 0 0
4.99595 5.33333 0 0 0
5.01237 5.33333 0 0 0
5.04236 5.33333 0 0 0
5.00568 5.33333 0 0 0
4.86223 5.33333 0 0 0
4.60873 5.33333 0 0 0
4.30894 5.33333 0 0 0
4.02273 5.33333 0 0 0
3.72272 5.33333 0 0 0
3.47028 5.33333 0 0 0
3.32604 5.33333 0 0 0
3.28913 5.33333 0 0 0
3.31603 5.33333 0 0 0
3.33912 5 0 0 0
3.33269 5 0 0 0
3.33268 5 0 0 0
3.33268 5 0 0 0
3.33243 5 0 0 0
3.33267 5 0 0 0
3.33266 5 0 0 0
3.33266 5 0 0 0
3.33241 5 0 0 0
3.3324 5 0 0 0
3.33264 5 0 0 0
3.33264 5 0 0 0
3.33263 5 0 0 0
3.33238 5 0 0 0
3.33262 5 0 0 0
3.33262 5 0 0 0
3.33261 5 0 0 0
3.33235 5 0 0 0
3.3326 5 0 0 0
3.32568 5 0 0 0
3.33952 5 0 0 0
3.36233 5 0 0 0
3.37671 5 0 0 0
3.36393 5 0 0 0
3.3406 5 0 0 0
3.3306 5 0 0 0
-361.708 -6261.38 295.88 10149 -58.219
-362.31 -6261.01 295.87 10149 -58.201
-362.912 -6260.63 295.861 10149 -55.1997
-363.479 -6260.24 295.852 10149 -57.5159
-364.053 -6259.87 295.843 10149 -57.4043
-364.627 -6259.51 295.834 10149 -57.6561
-365.201 -6259.14 295.824 10149 -57.5157
-365.774 -6258.78 295.815 10149 -57.544
-366.348 -6258.41 295.806 10149 -57.5159
-366.921 -6258.05 295.797 10149 -57.5159
-367.495 -6257.68 295.788 10149 -57.544
-368.069 -6257.32 295.779 10149 -57.5159
-368.642 -6256.95 295.77 10149 -57.544
-369.216 -6256.59 295.761 10149 -57.5159
-369.789 -6256.22 295.752 10149 -57.516
-370.363 -6255.86 295.742 10149 -57.5159
-370.937 -6255.49 295.733 10149 -57.544
-371.511 -6255.13 295.724 10149 -57.5159
-372.084 -6254.76 295.715 10149 -57.5438
-372.658 -6254.4 295.706 10149 0
