-812.509 -5963.42 299.112 30148 -51.0661
-813.154 -5962.9 299.129 30148 -51.0583
-813.804 -5962.37 299.146 30148 -51.9808
-814.476 -5961.85 299.163 30148 -50.9702
-815.178 -5961.28 299.182 30148 -50.2718
-815.879 -5960.7 299.201 30148 -49.365
-816.529 -5960.14 299.218 30148 -48.1136
-817.14 -5959.59 299.235 30148 -47.4269
-817.768 -5959.01 299.252 30148 -47.8029
-818.435 -5958.41 299.27 30148 -47.4394
-819.142 -5957.76 299.289 30148 -47.1163
-819.863 -5957.09 299.309 30148 -47.431
-820.597 -5956.42 299.329 30148 -47.4707
-821.337 -5955.74 299.349 30148 -47.4516
-822.076 -5955.06 299.37 30148 -47.431
-822.81 -5954.38 299.39 30148 -47.1357
-823.531 -5953.72 299.41 30148 -47.4393
-824.238 -5953.07 299.429 30148 -47.4074
-824.916 -5952.44 299.448 30148 -47.8466
-825.577 -5951.84 299.465 30148 -48.1046
-826.239 -5951.25 299.483 30148 -46.2896
-826.906 -5950.61 299.502 30148 -44.9462
-827.587 -5949.93 299.521 30148 -43.1056
-828.253 -5949.22 299.541 30148 -45.3389
-828.909 -5948.57 299.56 30148 -46.2453
-829.546 -5947.96 299.577 30148 -48.1304
-830.167 -5947.4 299.594 30148 -47.4394
-830.773 -5946.85 299.611 30148 -47.4411
-831.382 -5946.29 299.627 30148 -47.4426
-831.995 -5945.73 299.644 30148 -47.4423
-832.607 -5945.16 299.661 30148 -47.4637
-833.215 -5944.61 299.678 30148 -47.4441
-833.831 -5944.04 299.695 30148 -47.4513
-834.463 -5943.46 299.712 30148 -48.6513
-835.14 -5942.86 299.729 40148 -46.0459
-835.757 -5942.27 299.746 40148 -46.0712
-836.357 -5941.69 299.763 40148 -46.0728
-836.95 -5941.12 299.78 40148 -46.072
-837.547 -5940.55 299.796 40148 -46.0489
-838.143 -5939.97 299.813 40148 -46.095
-838.74 -5939.4 299.829 40148 -46.0489
-839.337 -5938.82 299.846 40148 -46.072
-839.934 -5938.25 299.862 40148 -46.072
-840.531 -5937.67 299.879 40148 -46.072
-841.128 -5937.1 299.895 40148 -46.0489
-841.724 -5936.52 299.912 40148 -46.095
-842.321 -5935.95 299.929 40148 -46.0489
-842.918 -5935.37 299.945 40148 -46.072
-843.515 -5934.8 299.962 40148 -46.072
-844.111 -5934.22 299.978 40148 -46.072
-844.708 -5933.65 299.995 40148 -46.072
-845.305 -5933.07 300.011 40148 -46.072
-845.902 -5932.5 300.028 40148 -46.0718
-846.499 -5931.92 300.045 40148 -46.0484
-847.099 -5931.34 300.061 40148 -45.5876
-847.69 -5930.76 300.078 40148 -46.6402
-848.28 -5930.21 300.094 40148 -48.6908
-848.878 -5929.68 300.11 40148 -49.1609
-849.487 -5929.16 300.126 40148 -47.0247
-850.102 -5928.58 300.143 40148 -45.5453
-850.731 -5927.96 300.16 40148 -44.2463
-851.362 -5927.32 300.178 40148 -44.7583
-852.002 -5926.67 300.196 40148 -44.7732
-852.638 -5926.03 300.215 40148 -44.748
-853.272 -5925.39 300.233 40148 -43.7262
-853.895 -5924.74 300.25 40148 -42.4037
-854.504 -5924.07 300.266 40148 -41.3005
-855.104 -5923.39 300.282 40148 -40.9024
-855.695 -5922.71 300.299 40148 -41.1825
-856.267 -5922.05 300.314 40148 -42.2681
-856.83 -5921.43 300.329 40148 -42.0193
-857.391 -5920.81 300.345 40148 -41.8218
-857.971 -5920.16 300.36 40148 -41.8747
-858.573 -5919.49 300.377 40148 -41.8846
-859.178 -5918.82 300.393 40148 -41.8729
-859.78 -5918.15 300.409 40148 -41.8727
-860.382 -5917.47 300.426 40148 -41.8514
-860.984 -5916.8 300.442 40148 -41.8936
-861.585 -5916.13 300.458 40148 -41.8722
-862.187 -5915.46 300.475 40148 -41.8932
-862.789 -5914.79 300.491 40148 -41.8719
-863.39 -5914.12 300.507 40148 -41.8505
-863.991 -5913.45 300.524 40148 -41.8927
-864.593 -5912.78 300.54 40148 -41.8713
-865.194 -5912.11 300.556 40148 -41.8719
-865.796 -5911.43 300.573 40148 -41.8797
-866.4 -5910.76 300.589 40148 -41.7943
-867.003 -5910.09 300.605 40148 -41.7034
-867.596 -5909.42 300.622 40148 -41.9897
-868.176 -5908.78 300.637 40148 -43.0608
-868.742 -5908.17 300.652 40148 -43.415
-869.294 -5907.59 300.667 40148 -43.3364
-869.838 -5907.01 300.681 40148 -43.2396
-870.38 -5906.44 300.696 40148 -43.1511
-870.923 -5905.86 300.71 40148 -41.0948
-871.446 -5905.26 300.723 40148 -41.0943
-871.969 -5904.66 300.736 40148 -41.454
-872.495 -5904.06 300.749 40148 -40.5901
-873.012 -5903.46 300.762 40148 -39.2448
-873.52 -5902.84 300.776 40148 -39.7188
-874.039 -5902.21 300.789 40148 -40.9872
-874.588 -5901.58 300.803 40148 -42.8853
-875.134 -5900.99 300.816 40148 -44.2203
-875.656 -5900.45 300.828 40148 -43.1877
-876.146 -5899.93 300.84 40148 -42.4558
-876.654 -5899.38 300.852 40148 -42.3851
-877.195 -5898.79 300.866 40148 -42.3731
-877.764 -5898.16 300.88 40148 -42.3869
-878.321 -5897.55 300.893 40148 -42.3635
-878.879 -5896.94 300.907 40148 -42.3635
-879.437 -5896.33 300.921 40148 -42.4099
-879.995 -5895.72 300.934 40148 -42.3624
-880.554 -5895.1 300.948 40148 -42.3605
-881.114 -5894.49 300.962 40148 -41.9033
-881.664 -5893.88 300.975 40148 -42.9913
-882.217 -5893.28 300.988 40148 -45.3039
-882.792 -5892.71 301.002 40148 -44.6964
-883.383 -5892.12 301.016 40148 -42.7281
-883.985 -5891.46 301.03 40148 -41.3045
-884.599 -5890.77 301.046 40148 -39.9994
-885.222 -5890.02 301.062 40148 -40.5038
-885.857 -5889.28 301.078 40148 -40.5173
-886.489 -5888.54 301.094 40148 -40.4923
-887.118 -5887.8 301.11 40148 -40.4939
-887.748 -5887.07 301.126 40148 -39.9366
-888.371 -5886.32 301.141 40148 -38.3185
-888.973 -5885.56 301.156 40148 -38.318
-889.575 -5884.8 301.171 40148 -38.338
-890.177 -5884.04 301.185 40148 -38.3379
-890.779 -5883.28 301.2 40148 -38.3178
-891.38 -5882.51 301.214 40148 -38.3462
-891.987 -5881.75 301.229 40148 -38.3127
-892.586 -5880.99 301.244 40148 -38.2658
-893.162 -5880.26 301.258 40148 -38.2127
-893.723 -5879.55 301.271 40148 -37.532
-894.279 -5878.82 301.285 40148 -37.9055
-894.861 -5878.08 301.3 40148 -37.2619
-895.451 -5877.3 301.314 40148 -36.074
-896.026 -5876.51 301.329 40148 -36.3392
-896.606 -5875.72 301.344 40148 -37.4834
-897.206 -5874.94 301.359 40148 -38.9977
-897.829 -5874.17 301.373 40148 -39.9223
-898.466 -5873.41 301.388 40148 -39.5376
-899.098 -5872.64 301.403 40148 -39.5183
-899.73 -5871.88 301.418 40148 -39.5183
-900.358 -5871.12 301.433 40148 -39.5183
-900.989 -5870.35 301.448 40148 -40.3295
-901.644 -5869.58 301.464 40148 -39.4637
-902.311 -5868.77 301.479 40148 -38.832
-902.991 -5867.92 301.496 40148 -39.5356
-903.694 -5867.07 301.512 40148 -39.5698
-904.403 -5866.22 301.529 40148 -37.8665
-905.093 -5865.33 301.545 40148 -37.0707
-905.782 -5864.42 301.561 40148 -37.3707
-906.485 -5863.5 301.577 40148 -37.3542
-907.188 -5862.57 301.593 40148 -37.3542
16.623 1574.15 0 0 -37.3542
16.62 1576.94 0 0 -37.3542
16.605 1579.75 0 0 -37.3542
16.6 1582.55 0 0 -37.3542
16.594 1585.27 0 0 -37.3542
16.589 1587.96 0 0 -37.3542
16.604 1590.66 0 0 -37.3542
16.616 1593.43 0 0 -37.3542
16.631 1596.24 0 0 -37.3542
16.658 1599.09 0 0 -37.3542
16.7 1601.98 0 0 -37.3542
16.758 1604.91 0 0 -37.3542
16.826 1607.85 0 0 -37.3542
16.894 1610.78 0 0 -37.3542
16.96 1613.72 0 0 -37.3542
17.017 1616.65 0 0 -37.3542
17.072 1619.59 0 0 -37.3542
17.129 1622.53 0 0 -37.3542
17.185 1625.45 0 0 -37.3542
17.24 1628.34 0 0 -37.3542
17.293 1631.18 0 0 -37.3542
17.344 1633.99 0 0 -37.3542
17.396 1636.79 0 0 -37.3542
17.447 1639.58 0 0 -37.3542
17.499 1642.38 0 0 -37.3542
17.551 1645.18 0 0 -37.3542
17.602 1647.98 0 0 -37.3542
17.651 1650.79 0 0 -37.3542
17.71 1653.6 0 0 -37.3542
17.78 1656.39 0 0 -37.3542
17.84 1659.18 0 0 -37.3542
17.856 1661.98 0 0 -37.3542
17.856 1664.85 0 0 -37.3542
17.875 1667.8 0 0 -37.3542
17.877 1670.8 0 0 -37.3542
17.879 1673.82 0 0 -37.3542
17.882 1676.82 0 0 -37.3542
17.883 1679.82 0 0 -37.3542
17.885 1682.82 0 0 -37.3542
17.887 1685.76 0 0 -37.3542
17.888 1688.85 0 0 -37.3542
17.874 1692.05 0 0 -37.3542
17.843 1695.44 0 0 -37.3542
17.794 1698.81 0 0 -37.3542
17.745 1702.01 0 0 -37.3542
17.696 1705.14 0 0 -37.3542
17.627 1708.36 0 0 -37.3542
17.595 1711.66 0 0 -37.3542
17.542 1715 0 0 -37.3542
17.531 1718.28 0 0 -37.3542
17.459 1721.44 0 0 -37.3542
17.396 1724.55 0 0 -37.3542
17.347 1727.67 0 0 -37.3542
17.297 1730.82 0 0 -37.3542
17.265 1733.93 0 0 -37.3542
17.203 1736.99 0 0 -37.3542
17.14 1740.04 0 0 -37.3542
17.123 1743.16 0 0 -37.3542
17.058 1746.33 0 0 -37.3542
16.857 1749.44 0 0 -37.3542
16.613 1752.48 0 0 -37.3542
16.417 1755.56 0 0 -37.3542
16.338 1758.65 0 0 -37.3542
16.324 1761.62 0 0 -37.3542
16.267 1764.45 0 0 -37.3542
16.237 1767.37 0 0 -37.3542
16.23 1770.48 0 0 -37.3542
16.287 1773.74 0 0 -37.3542
16.411 1777.19 0 0 -37.3542
16.54 1780.71 0 0 -37.3542
16.658 1784.22 0 0 -37.3542
16.774 1787.72 0 0 -37.3542
16.89 1791.22 0 0 -37.3542
17.007 1794.74 0 0 -37.3542
17.138 1798.25 0 0 -37.3542
17.25 1801.7 0 0 -37.3542
17.268 1805.01 0 0 -37.3542
17.231 1808.2 0 0 -37.3542
17.099 1811.25 0 0 -37.3542
16.949 1814.24 0 0 -37.3542
16.813 1817.22 0 0 -37.3542
16.678 1820.22 0 0 -37.3542
16.542 1823.23 0 0 -37.3542
16.406 1826.23 0 0 -37.3542
16.255 1829.23 0 0 -37.3542
16.128 1832.21 0 0 -37.3542
16.094 1835.21 0 0 -37.3542
16.109 1838.23 0 0 -37.3542
16.122 1841.2 0 0 -37.3542
16.123 1844.06 0 0 -37.3542
16.112 1846.82 0 0 -37.3542
16.089 1849.59 0 0 -37.3542
16.084 1852.47 0 0 -37.3542
16.094 1855.43 0 0 -37.3542
16.105 1858.38 0 0 -37.3542
16.083 1861.26 0 0 -37.3542
16.078 1864.11 0 0 -37.3542
16.072 1866.98 0 0 -37.3542
16.066 1869.88 0 0 -37.3542
16.061 1872.75 0 0 -37.3542
16.056 1875.6 0 0 -37.3542
16.034 1878.48 0 0 -37.3542
16.045 1881.43 0 0 -37.3542
16.055 1884.38 0 0 -37.3542
16.033 1887.26 0 0 -37.3542
16.028 1890.11 0 0 -37.3542
16.022 1892.98 0 0 -37.3542
16.015 1895.89 0 0 -37.3542
16.028 1898.77 0 0 -37.3542
16.004 1901.55 0 0 -37.3542
15.991 1904.3 0 0 -37.3542
15.959 1907.11 0 0 -37.3542
16.01 1910.09 0 0 -37.3542
16.106 1913.18 0 0 -37.3542
16.239 1916.41 0 0 -37.3542
16.402 1919.68 0 0 -37.3542
16.628 1922.98 0 0 -37.3542
16.878 1926.2 0 0 -37.3542
17.103 1929.31 0 0 -37.3542
17.286 1932.35 0 0 -37.3542
17.446 1935.36 0 0 -37.3542
17.526 1938.38 0 0 -37.3542
17.551 1941.34 0 0 -37.3542
17.462 1944.19 0 0 -37.3542
17.357 1947.01 0 0 -37.3542
17.289 1949.8 0 0 -37.3542
17.202 1952.52 0 0 -37.3542
17.143 1955.12 0 0 -37.3542
17.046 1957.62 0 0 -37.3542
16.909 1960.01 0 0 -37.3542
16.832 1962.38 0 0 -37.3542
16.816 1964.81 0 0 -37.3542
16.863 1967.35 0 0 -37.3542
16.929 1969.94 0 0 -37.3542
16.982 1972.55 0 0 -37.3542
17.034 1975.14 0 0 -37.3542
17.087 1977.72 0 0 -37.3542
17.139 1980.31 0 0 -37.3542
17.192 1982.9 0 0 -37.3542
17.245 1985.48 0 0 -37.3542
17.297 1988.07 0 0 -37.3542
17.35 1990.65 0 0 -37.3542
17.402 1993.24 0 0 -37.3542
17.454 1995.83 0 0 0
