-731.201 -6024.27 296.999 30148 -55.5354
-731.342 -6024.17 297.003 30148 -55.5354
-731.484 -6024.07 297.006 30148 -55.5354
-731.625 -6023.97 297.01 30148 -55.5354
-731.766 -6023.88 297.013 30148 -55.5354
-731.908 -6023.78 297.017 30148 -55.5354
-732.049 -6023.68 297.021 30148 -55.5354
-732.191 -6023.58 297.024 30148 -55.5354
-732.331 -6023.49 297.028 30148 -55.5354
-732.473 -6023.39 297.031 30148 -55.5354
-732.614 -6023.29 297.035 30148 -55.5354
-732.755 -6023.19 297.039 30148 -55.5354
-732.897 -6023.1 297.042 30148 -55.5354
-733.038 -6023 297.046 30148 -55.5354
-733.179 -6022.9 297.049 30148 -55.5354
-733.321 -6022.8 297.053 30148 -55.5354
-733.462 -6022.71 297.057 30148 -55.5354
-733.603 -6022.61 297.06 30148 -55.5354
-733.744 -6022.51 297.064 30148 -55.5354
-733.876 -6022.42 297.067 30148 -55.5354
-734.042 -6022.31 297.071 30148 -55.5354
-734.289 -6022.17 297.077 30148 -55.5354
-734.592 -6021.98 297.085 30148 -55.5354
-734.951 -6021.77 297.094 30148 -53.5575
-735.376 -6021.45 297.105 30148 -53.5575
-735.734 -6021.24 297.113 30148 -53.5575
-736.034 -6021.06 297.121 30148 -53.5575
-736.278 -6020.92 297.126 30148 -53.5575
-736.44 -6020.81 297.131 30148 -53.5575
-736.567 -6020.72 297.134 30148 -53.5575
-736.703 -6020.63 297.137 30148 -53.5575
-736.836 -6020.54 297.141 30148 -53.5575
-736.977 -6020.44 297.144 30148 -53.5575
-737.131 -6020.33 297.148 30148 -53.5575
-737.292 -6020.22 297.152 30148 -53.5575
-737.447 -6020.12 297.156 30148 -53.5575
-737.588 -6020.02 297.16 30148 -53.5575
-737.721 -6019.93 297.163 30148 -53.5575
-737.853 -6019.84 297.167 30148 -53.5575
-737.989 -6019.75 297.17 30148 -53.5575
-738.149 -6019.65 297.174 30148 -53.5575
-738.344 -6019.53 297.179 30148 -53.5575
-738.562 -6019.37 297.184 30148 -53.5575
-738.813 -6019.18 297.191 30148 -53.5575
-739.089 -6019 297.198 30148 -53.5575
-739.368 -6018.81 297.205 30148 -53.5575
-739.644 -6018.62 297.212 30148 -53.5575
-739.918 -6018.43 297.219 30148 -53.5575
-740.193 -6018.24 297.226 30148 -53.5575
-740.468 -6018.05 297.233 30148 -53.5575
-740.742 -6017.87 297.24 30148 -53.5575
-741.017 -6017.68 297.247 30148 -53.5575
-741.291 -6017.49 297.254 30148 -53.5575
-741.566 -6017.31 297.261 30148 -53.5575
-741.841 -6017.12 297.268 30148 -53.5575
-742.114 -6016.93 297.275 30148 -53.5575
-742.386 -6016.75 297.282 30148 -53.5575
-742.659 -6016.56 297.288 30148 -53.5575
-742.949 -6016.37 297.296 30148 -53.5575
-743.255 -6016.16 297.303 30148 -53.5575
-743.587 -6015.93 297.312 30148 -53.5575
-743.942 -6015.69 297.321 30148 -53.5575
-744.322 -6015.43 297.331 30148 -53.5575
-744.719 -6015.15 297.341 30148 -53.5575
-745.132 -6014.87 297.351 30148 -55.6963
-745.548 -6014.59 297.362 30148 -55.6971
-745.961 -6014.31 297.372 30148 -55.6971
-746.372 -6014.03 297.383 30148 -55.6971
-746.784 -6013.75 297.393 30148 -55.6971
-747.196 -6013.46 297.404 30148 -55.6971
-747.608 -6013.18 297.414 30148 -55.6971
-748.02 -6012.9 297.424 30148 -55.6971
-748.432 -6012.62 297.435 30148 -55.6971
-748.844 -6012.34 297.445 30148 -55.6971
-749.256 -6012.06 297.456 30148 -55.6971
-749.668 -6011.78 297.466 30148 -55.6971
-750.079 -6011.5 297.477 30148 -55.6971
-750.491 -6011.22 297.487 30148 -55.6971
-750.903 -6010.94 297.498 30148 -55.6971
-751.315 -6010.65 297.508 30148 -55.6971
-751.727 -6010.37 297.518 30148 -55.6971
-752.139 -6010.09 297.529 30148 -55.6971
-752.551 -6009.81 297.539 30148 -55.6971
-752.958 -6009.52 297.55 30148 -55.6971
-753.363 -6009.23 297.56 30148 -55.6971
-753.767 -6008.94 297.571 30148 -55.6971
-754.172 -6008.65 297.581 30148 -55.6971
-754.576 -6008.36 297.591 30148 -55.6971
-754.981 -6008.06 297.602 30148 -55.6971
-755.386 -6007.77 297.612 30148 -55.6971
-755.79 -6007.48 297.623 30148 -55.6971
-756.195 -6007.19 297.633 30148 -55.6971
-756.599 -6006.9 297.644 30148 -55.6971
-757.004 -6006.61 297.654 30148 -55.6971
-757.409 -6006.32 297.664 30148 -55.6971
-757.813 -6006.02 297.675 30148 -55.6971
-758.218 -6005.73 297.685 30148 -55.6971
-758.622 -6005.44 297.696 30148 -55.6971
-759.027 -6005.15 297.706 30148 -55.6971
-759.431 -6004.86 297.717 30148 -55.6971
-759.836 -6004.57 297.727 30148 -55.6971
-760.241 -6004.27 297.737 30148 -55.6971
-760.645 -6003.98 297.748 30148 -55.6971
-761.05 -6003.69 297.758 30148 -55.6971
-761.455 -6003.4 297.769 30148 -55.6971
-761.858 -6003.11 297.779 30148 -55.6971
-762.258 -6002.82 297.789 30148 -55.6971
-762.661 -6002.53 297.8 30148 -55.7332
-763.089 -6002.24 297.811 30148 -54.9591
-763.55 -6001.92 297.822 30148 -53.5071
-764.033 -6001.56 297.835 30148 -53.0171
-764.549 -6001.17 297.848 30148 -54.2257
-765.09 -6000.78 297.862 30148 -54.2251
-765.634 -6000.39 297.876 30148 -54.2258
-766.175 -6000 297.89 30148 -54.1973
-766.714 -5999.61 297.904 30148 -54.2263
-767.253 -5999.22 297.918 30148 -54.2557
-767.789 -5998.84 297.932 30148 -54.1975
-768.327 -5998.45 297.946 30148 -54.7018
-768.881 -5998.06 297.96 30148 -54.2449
-769.461 -5997.64 297.975 30148 -53.7722
-770.051 -5997.21 297.99 30148 -54.2446
-770.632 -5996.79 298.005 30148 -54.1112
-771.195 -5996.38 298.02 30148 -53.8078
-771.754 -5995.97 298.034 30148 -54.7913
-772.351 -5995.55 298.049 30148 -53.8657
-772.979 -5995.09 298.066 30148 -53.0004
-773.625 -5994.6 298.082 30148 -53.8521
-774.293 -5994.12 298.1 30148 -52.3436
-774.951 -5993.61 298.117 30148 -52.0952
-775.603 -5993.1 298.134 30148 -51.9326
-776.252 -5992.59 298.151 30148 -51.8866
-776.902 -5992.08 298.168 30148 -51.9097
-777.552 -5991.57 298.186 30148 -52.0948
-778.203 -5991.07 298.203 30148 -52.1642
-778.855 -5990.56 298.22 30148 -52.1412
-779.507 -5990.05 298.237 30148 -52.1645
-780.16 -5989.55 298.254 30148 -52.2339
-780.816 -5989.04 298.271 30148 -52.28
-781.473 -5988.53 298.289 30148 -52.28
-782.13 -5988.02 298.306 30148 -52.2571
-782.788 -5987.51 298.323 30148 -52.2571
-783.445 -5987 298.34 30148 -52.28
-784.102 -5986.5 298.358 30148 -52.2571
-784.759 -5985.99 298.375 30148 -52.2801
-785.417 -5985.48 298.392 30148 -52.28
-786.073 -5984.97 298.409 30148 -52.2568
-786.727 -5984.46 298.426 30148 -52.28
-787.384 -5983.96 298.444 30148 -52.6194
-788.055 -5983.44 298.461 30148 -52.303
-788.743 -5982.91 298.479 30148 -52.2818
-789.455 -5982.36 298.498 30148 -52.2413
-790.189 -5981.79 298.517 30148 -52.2433
-790.947 -5981.21 298.537 30148 -51.9534
-791.721 -5980.6 298.557 30148 -52.2647
-792.51 -5979.99 298.578 30148 -52.2649
-793.302 -5979.38 298.599 30148 -52.2648
-794.092 -5978.77 298.62 30148 -52.2839
-794.881 -5978.16 298.64 30148 -51.6547
-795.662 -5977.54 298.661 30148 -50.1477
-796.418 -5976.91 298.681 30148 -50.1292
-797.193 -5976.26 298.702 30148 -50.1312
-798.009 -5975.58 298.724 30148 -50.5372
-798.846 -5974.89 298.746 30148 -50.9927
-799.673 -5974.22 298.768 30148 -51.0556
-800.458 -5973.58 298.788 30148 -51.0589
-801.224 -5972.96 298.809 30148 -51.0665
-802.001 -5972.34 298.829 30148 -51.0476
-802.776 -5971.71 298.85 30148 -51.0473
-803.552 -5971.08 298.87 30148 -51.0667
-804.328 -5970.46 298.891 30148 -51.0473
-805.104 -5969.83 298.911 30148 -51.0664
-805.881 -5969.2 298.931 30148 -51.0666
-806.657 -5968.57 298.952 30148 -51.0281
-807.433 -5967.95 298.972 30148 -51.0663
-808.209 -5967.32 298.993 30148 -51.0666
-808.985 -5966.69 299.013 30148 -51.0471
-809.761 -5966.07 299.034 30148 -51.0665
-810.538 -5965.44 299.054 30148 -51.0471
-811.314 -5964.81 299.075 30148 -51.0662
-812.09 -5964.18 299.095 30148 -51.0473
-812.866 -5963.56 299.116 30148 -51.0661
-813.643 -5962.93 299.136 30148 -51.0473
-814.419 -5962.3 299.156 30148 -51.0334
-815.207 -5961.66 299.177 30148 -51.0863
-815.967 -5961.05 299.197 30148 -49.7267
-816.672 -5960.45 299.216 30148 -48.2103
-817.337 -5959.86 299.234 30148 -47.4286
-818.017 -5959.23 299.253 30148 -47.4245
-818.735 -5958.57 299.272 30148 -47.4731
-819.482 -5957.89 299.293 30148 -47.4309
-820.217 -5957.21 299.313 30148 -47.4501
-820.951 -5956.54 299.333 30148 -47.4309
-821.686 -5955.87 299.353 30148 -47.4692
-822.421 -5955.19 299.373 30148 -47.4309
-823.156 -5954.52 299.393 30148 -47.4501
-823.89 -5953.84 299.413 30148 -47.4502
-824.626 -5953.17 299.433 30148 -47.4304
-825.359 -5952.49 299.453 30148 -47.4488
-826.09 -5951.82 299.473 30148 -47.4501
-826.825 -5951.15 299.494 30148 -47.7557
-827.576 -5950.47 299.514 30148 -47.1467
-828.335 -5949.76 299.535 30148 -47.4462
-829.111 -5949.05 299.556 30148 -47.4472
-829.89 -5948.33 299.577 30148 -47.4465
-830.667 -5947.62 299.599 30148 -47.4456
-831.441 -5946.91 299.62 30148 -47.4448
-832.213 -5946.2 299.641 30148 -47.4445
-832.984 -5945.49 299.662 30148 -47.7893
-833.778 -5944.77 299.684 30148 -47.4278
-834.602 -5944.02 299.706 30148 -48.3214
-835.489 -5943.23 299.729 40148 -45.7944
-836.332 -5942.41 299.753 40148 -46.0709
-837.176 -5941.59 299.776 40148 -46.0883
-838.012 -5940.79 299.8 40148 -45.7904
-838.835 -5939.99 299.822 40148 -46.0591
-839.641 -5939.21 299.845 40148 -46.3589
-840.431 -5938.46 299.867 40148 -46.0632
-841.206 -5937.71 299.888 40148 -46.0811
-841.981 -5936.96 299.91 40148 -46.0628
-842.759 -5936.22 299.931 40148 -46.0809
-843.534 -5935.47 299.953 40148 -46.0464
-844.301 -5934.73 299.974 40148 -46.0656
-845.059 -5934 299.995 40148 -46.0663
-845.812 -5933.27 300.016 40148 -46.066
-846.567 -5932.55 300.037 40148 -46.0838
-847.325 -5931.82 300.058 40148 -46.0653
-848.085 -5931.08 300.079 40148 -46.0656
-848.844 -5930.35 300.1 40148 -45.3274
-849.577 -5929.63 300.121 40148 -46.4172
-850.298 -5928.94 300.14 40148 -47.2486
-851.004 -5928.29 300.16 40148 -46.519
-851.694 -5927.64 300.179 40148 -45.8782
-852.392 -5926.96 300.198 40148 -44.8155
-853.099 -5926.25 300.218 40148 -44.9106
-853.821 -5925.52 300.238 40148 -42.5011
-854.514 -5924.77 300.257 40148 -41.1482
-855.191 -5923.99 300.276 40148 -40.6483
-855.857 -5923.22 300.294 40148 -41.0665
-856.508 -5922.47 300.312 40148 -42.2887
-857.153 -5921.76 300.329 40148 -42.087
-857.794 -5921.05 300.347 40148 -41.8487
-858.452 -5920.31 300.365 40148 -41.9327
-859.134 -5919.56 300.383 40148 -41.9244
-859.819 -5918.79 300.402 40148 -41.9142
-860.5 -5918.03 300.42 40148 -41.914
-861.181 -5917.27 300.438 40148 -41.9138
-861.863 -5916.52 300.457 40148 -41.9136
-862.544 -5915.76 300.475 40148 -41.9134
-863.225 -5915 300.494 40148 -41.8945
-863.906 -5914.24 300.512 40148 -41.9131
-864.587 -5913.48 300.531 40148 -41.9129
-865.267 -5912.72 300.549 40148 -41.9127
-865.948 -5911.96 300.568 40148 -41.9125
-866.629 -5911.21 300.586 40148 -41.9123
-867.31 -5910.45 300.604 40148 -41.9121
-867.99 -5909.69 300.623 40148 -41.9119
-868.671 -5908.93 300.641 40148 -41.9305
-869.351 -5908.17 300.66 40148 -41.8922
-870.031 -5907.42 300.678 40148 -41.9095
-870.711 -5906.66 300.697 40148 -40.9971
-871.379 -5905.89 300.715 40148 -39.864
-872.034 -5905.1 300.731 40148 -41.0999
-872.71 -5904.33 300.748 40148 -42.1931
-873.404 -5903.56 300.765 40148 -43.4208
-874.119 -5902.81 300.783 40148 -43.6777
-874.851 -5902.04 300.8 40148 -43.5283
-875.554 -5901.3 300.817 40148 -43.6456
-876.223 -5900.6 300.833 40148 -42.6534
-876.857 -5899.91 300.848 40148 -42.4435
-877.511 -5899.2 300.864 40148 -42.5152
-878.203 -5898.44 300.881 40148 -42.1316
-878.906 -5897.67 300.898 40148 -41.863
-879.587 -5896.91 300.915 40148 -42.0677
-880.273 -5896.15 300.932 40148 -42.0955
-880.976 -5895.37 300.949 40148 -41.5178
-881.692 -5894.56 300.967 40148 -42.4415
-882.433 -5893.75 300.985 40148 -42.3651
-883.182 -5892.93 301.003 40148 -42.6764
-883.947 -5892.1 301.022 40148 -42.0955
-884.713 -5891.25 301.041 40148 -42.096
-885.478 -5890.4 301.06 40148 -42.6648
-886.239 -5889.58 301.078 40148 -42.3678
-886.984 -5888.76 301.096 40148 -42.6693
-887.741 -5887.94 301.115 40148 -42.0791
-888.506 -5887.09 301.133 40148 -40.6583
-889.262 -5886.21 301.151 40148 -40.2072
-890.014 -5885.32 301.169 40148 -40.1925
-890.763 -5884.44 301.186 40148 -40.1935
-891.512 -5883.55 301.204 40148 -40.2042
-892.267 -5882.66 301.221 40148 -40.1987
-893.009 -5881.78 301.239 40148 -40.2402
-893.727 -5880.93 301.256 40148 -40.1979
-894.434 -5880.09 301.272 40148 -39.5012
-895.142 -5879.23 301.289 40148 -39.535
-895.873 -5878.35 301.306 40148 -39.502
-896.614 -5877.45 301.324 40148 -39.5183
-897.352 -5876.55 301.341 40148 -39.7948
-898.104 -5875.65 301.359 40148 -39.5342
-898.87 -5874.72 301.377 40148 0
