-702.692 -6042.38 296.292 30148 -56.8978
-702.832 -6042.29 296.296 30148 -56.8978
-702.972 -6042.2 296.299 30148 -56.8978
-703.112 -6042.11 296.303 30148 -56.8978
-703.252 -6042.02 296.306 30148 -56.8978
-703.392 -6041.93 296.31 30148 -56.8978
-703.532 -6041.84 296.313 30148 -56.8978
-703.672 -6041.76 296.317 30148 -56.8978
-703.813 -6041.67 296.32 30148 -56.8978
-703.958 -6041.57 296.324 30148 -56.8978
-704.1 -6041.48 296.327 30148 -56.8978
-704.217 -6041.39 296.33 30148 -56.8978
-704.299 -6041.33 296.332 30148 -56.8978
-704.357 -6041.3 296.334 30148 -56.8978
-704.383 -6041.3 296.334 30148 -56.8978
-704.384 -6041.3 296.334 30148 -56.8978
-704.384 -6041.3 296.334 30148 -56.8978
-704.384 -6041.3 296.334 30148 -56.8978
-704.384 -6041.3 296.334 30148 -56.8978
-704.384 -6041.3 296.334 30148 -56.8978
-704.393 -6041.31 296.334 30148 -56.8978
-704.448 -6041.29 296.336 30148 -56.8978
-704.53 -6041.22 296.338 30148 -56.8978
-704.635 -6041.13 296.341 30148 -56.8978
-704.726 -6041.06 296.343 30148 -56.8978
-704.786 -6041.03 296.344 30148 -56.8978
-704.809 -6041.03 296.345 30148 -56.8978
-704.809 -6041.03 296.345 30148 -56.8978
-704.809 -6041.03 296.345 30148 -56.8978
-704.809 -6041.03 296.345 30148 -56.8978
-704.809 -6041.03 296.345 30148 -56.8978
-704.809 -6041.03 296.345 30148 -56.8978
-704.809 -6041.03 296.345 30148 -56.8978
-704.809 -6041.03 296.345 30148 -56.8978
-704.809 -6041.03 296.345 30148 -56.8978
-704.809 -6041.03 296.345 30148 -56.8978
-704.809 -6041.03 296.345 30148 -56.8978
-704.809 -6041.03 296.345 30148 -56.8978
-704.809 -6041.03 296.345 30148 -56.8978
-704.809 -6041.03 296.345 30148 -56.8978
-704.809 -6041.03 296.345 30148 -56.8978
-704.809 -6041.03 296.345 30148 -56.8978
-704.809 -6041.03 296.345 30148 -56.8978
-704.809 -6041.03 296.345 30148 -56.8978
-704.809 -6041.03 296.345 30148 -56.8978
-704.809 -6041.03 296.345 30148 -56.8978
-704.809 -6041.03 296.345 30148 -56.8978
-704.809 -6041.03 296.345 30148 -56.8978
-704.809 -6041.03 296.345 30148 -56.8978
-704.809 -6041.03 296.345 30148 -56.8978
-704.809 -6041.03 296.345 30148 -56.8978
-704.809 -6041.03 296.345 30148 -56.8978
-704.809 -6041.03 296.345 30148 -56.8978
-704.809 -6041.03 296.345 30148 -56.8978
-704.809 -6041.03 296.345 30148 -56.8978
-704.809 -6041.03 296.345 30148 -56.8978
-704.809 -6041.03 296.345 30148 -56.8978
-704.809 -6041.03 296.345 30148 -56.8978
-704.809 -6041.03 296.345 30148 -56.8978
-704.809 -6041.03 296.345 30148 -56.8978
-704.809 -6041.03 296.345 30148 -56.8978
-704.809 -6041.03 296.345 30148 -56.8978
-704.809 -6041.03 296.345 30148 -56.8978
-704.809 -6041.03 296.345 30148 -56.8978
-704.809 -6041.03 296.345 30148 -56.8978
-704.809 -6041.03 296.345 30148 -56.8978
-704.809 -6041.03 296.345 30148 -56.8978
-704.809 -6041.03 296.345 30148 -56.8978
-704.809 -6041.03 296.345 30148 -56.8978
-704.82 -6041.04 296.345 30148 -56.8978
-704.865 -6041.02 296.346 30148 -56.8978
-704.936 -6040.97 296.348 30148 -56.8978
-705.037 -6040.89 296.35 30148 -56.8978
-705.167 -6040.8 296.354 30148 -56.8978
-705.309 -6040.71 296.357 30148 -56.8978
-705.452 -6040.62 296.361 30148 -56.8978
-705.591 -6040.53 296.364 30148 -56.8978
-705.731 -6040.44 296.368 30148 -56.8978
-705.871 -6040.35 296.371 30148 -56.8978
-706.011 -6040.26 296.375 30148 -56.8978
-706.15 -6040.17 296.378 30148 -56.8978
-706.285 -6040.08 296.381 30148 -56.8978
-706.423 -6040 296.385 30148 -56.8978
-706.586 -6039.91 296.389 30148 -56.8978
-706.784 -6039.79 296.393 30148 -56.8978
-707.005 -6039.64 296.399 30148 -56.8978
-707.262 -6039.46 296.406 30148 -56.8978
-707.543 -6039.28 296.413 30148 -56.8978
-707.827 -6039.09 296.42 30148 -56.8978
-708.107 -6038.91 296.427 30148 -56.8978
-708.384 -6038.73 296.433 30148 -56.8978
-708.661 -6038.55 296.44 30148 -56.8978
-708.938 -6038.36 296.447 30148 -56.8978
-709.215 -6038.18 296.454 30148 -56.8978
-709.492 -6038 296.461 30148 -56.8978
-709.764 -6037.82 296.468 30148 -56.8978
-710.039 -6037.64 296.475 30148 -56.8978
-710.34 -6037.45 296.482 30148 -56.8978
-710.674 -6037.24 296.491 30148 -56.8978
-711.032 -6036.99 296.5 30148 -56.8978
-711.424 -6036.72 296.51 30148 -56.5214
-711.842 -6036.44 296.52 30148 -56.5605
-712.262 -6036.17 296.531 30148 -56.5605
-712.679 -6035.89 296.541 30148 -56.5605
-713.094 -6035.61 296.552 30148 -56.5605
-713.51 -6035.34 296.562 30148 -56.5605
-713.926 -6035.06 296.573 30148 -56.5605
-714.34 -6034.79 296.583 30148 -56.5605
-714.751 -6034.52 296.593 30148 -56.5605
-715.165 -6034.25 296.604 30148 -58.0413
-715.604 -6033.97 296.615 30148 -57.2892
-716.077 -6033.67 296.626 30148 -55.7882
-716.573 -6033.33 296.639 30148 -55.2951
-717.105 -6032.96 296.652 30148 -56.5415
-717.665 -6032.59 296.666 30148 -55.9119
-718.218 -6032.22 296.68 30148 -57.0063
-718.763 -6031.86 296.694 30148 -59.8128
-719.311 -6031.54 296.707 30148 -62.006
-719.879 -6031.24 296.721 30148 -60.7669
-720.468 -6030.91 296.735 30148 -58.3794
-721.072 -6030.54 296.75 30148 -57.7291
-721.692 -6030.15 296.765 30148 -58.1886
-722.318 -6029.76 296.78 30148 -58.1992
-722.94 -6029.38 296.796 30148 -58.2033
-723.561 -6028.99 296.811 30148 -58.2286
-724.182 -6028.61 296.826 30148 -58.2018
-724.803 -6028.22 296.842 30148 -58.2018
-725.424 -6027.84 296.857 30148 -58.2278
-726.046 -6027.45 296.872 30148 -58.1756
-726.667 -6027.07 296.888 30148 -58.2277
-727.288 -6026.68 296.903 30148 -58.2023
-727.909 -6026.3 296.918 30148 -58.2276
-728.531 -6025.91 296.933 30148 -58.2022
-729.151 -6025.53 296.949 30148 -58.2015
-729.773 -6025.14 296.964 30148 -58.2014
-730.394 -6024.76 296.979 30148 -57.3663
-731.009 -6024.36 296.995 30148 -57.0725
-731.623 -6023.96 297.01 30148 -57.0724
-732.236 -6023.57 297.025 30148 -57.0992
-732.849 -6023.17 297.041 30148 -57.0724
-733.463 -6022.77 297.056 30148 -57.0723
-734.076 -6022.38 297.071 30148 -57.099
-734.689 -6021.98 297.086 30148 -57.0462
-735.303 -6021.58 297.102 30148 -57.1073
-735.913 -6021.19 297.117 30148 -57.0641
-736.529 -6020.79 297.132 30148 -57.0553
-737.16 -6020.38 297.148 30148 -57.418
-737.801 -6019.97 297.164 30148 -57.3583
-738.435 -6019.56 297.18 30148 -56.4405
-739.047 -6019.16 297.195 30148 -55.3196
-739.644 -6018.74 297.21 30148 -54.3535
-740.238 -6018.32 297.226 30148 -54.2232
-740.83 -6017.89 297.241 30148 -54.3796
-741.424 -6017.47 297.256 30148 -54.4053
-742.018 -6017.04 297.272 30148 -54.4074
-742.612 -6016.62 297.287 30148 -54.3573
-743.208 -6016.19 297.302 30148 -54.903
-743.806 -6015.77 297.318 30148 -53.0941
-744.383 -6015.34 297.333 30148 -52.0763
-744.937 -6014.9 297.347 30148 -51.7045
-745.471 -6014.48 297.362 30148 -52.5581
-745.998 -6014.08 297.376 30148 -55.1768
-746.539 -6013.7 297.389 30148 -56.3029
-747.09 -6013.33 297.403 30148 -55.6973
-747.64 -6012.96 297.417 30148 -55.6974
-748.189 -6012.58 297.431 30148 -55.6974
-748.739 -6012.21 297.445 30148 -55.6974
-749.288 -6011.84 297.459 30148 -55.6974
-749.837 -6011.46 297.473 30148 -55.6975
-750.386 -6011.09 297.487 30148 -55.6974
-750.935 -6010.71 297.501 30148 -55.6974
-751.485 -6010.34 297.515 30148 -55.6687
-752.034 -6009.96 297.529 30148 -55.5736
-752.582 -6009.59 297.543 30148 -54.3785
-753.122 -6009.2 297.557 30148 -54.2261
-753.662 -6008.81 297.57 30148 -54.226
-754.201 -6008.42 297.584 30148 -54.1974
-754.74 -6008.03 297.598 30148 -54.2548
-755.28 -6007.64 297.612 30148 -54.1974
-755.819 -6007.25 297.626 30148 -54.2261
-756.359 -6006.87 297.64 30148 -54.2549
-756.898 -6006.48 297.654 30148 -54.1974
-757.437 -6006.09 297.668 30148 -54.226
-757.977 -6005.7 297.682 30148 -54.2261
-758.516 -6005.31 297.695 30148 -54.2261
-759.056 -6004.92 297.709 30148 -54.2261
-759.595 -6004.53 297.723 30148 -54.1973
-760.134 -6004.15 297.737 30148 -53.4219
-760.668 -6003.75 297.751 30148 -55.3244
-761.212 -6003.37 297.765 30148 -58.6991
-761.782 -6003.03 297.779 30148 -59.9484
-762.377 -6002.68 297.793 30148 -57.0232
-762.983 -6002.29 297.808 30148 -55.5466
-763.608 -6001.86 297.824 30148 -53.4957
-764.232 -6001.4 297.84 30148 -54.2328
-764.869 -6000.94 297.857 30148 -54.2073
-765.513 -6000.47 297.873 30148 -54.2309
-766.16 -6000.01 297.89 30148 -54.2322
-766.801 -5999.55 297.906 30148 -54.2338
-767.433 -5999.09 297.923 30148 -54.5957
-768.075 -5998.64 297.939 30148 -53.8527
-768.732 -5998.16 297.956 30148 -54.2251
-769.411 -5997.67 297.974 30148 -54.2262
-770.085 -5997.18 297.991 30148 -54.2303
-770.735 -5996.71 298.008 30148 -53.6523
-771.372 -5996.24 298.024 30148 -54.4899
-772.029 -5995.78 298.041 30148 -55.4897
-772.725 -5995.3 298.059 30148 -55.8363
-773.449 -5994.81 298.077 30148 -55.5804
-774.178 -5994.31 298.095 30148 -52.9893
-774.888 -5993.77 298.114 30148 -51.7656
-775.585 -5993.22 298.132 30148 -51.872
-776.282 -5992.67 298.151 30148 -51.7855
-776.978 -5992.13 298.169 30148 -51.8719
-777.675 -5991.58 298.187 30148 -52.389
-778.379 -5991.04 298.206 30148 -51.8944
-779.077 -5990.49 298.224 30148 -50.4197
-779.757 -5989.93 298.243 30148 -50.0124
-780.422 -5989.37 298.261 30148 -50.5239
-781.077 -5988.83 298.278 30148 -51.9366
-781.733 -5988.32 298.296 30148 -52.6027
-782.391 -5987.81 298.313 30148 -52.28
-783.047 -5987.31 298.33 30148 -52.2571
-783.704 -5986.8 298.347 30148 -52.2801
-784.361 -5986.29 298.364 30148 -52.28
-785.019 -5985.78 298.382 30148 -52.2571
-785.676 -5985.27 298.399 30148 -52.2571
-786.333 -5984.76 298.416 30148 -52.28
-786.99 -5984.25 298.433 30148 -52.28
-787.648 -5983.75 298.451 30148 -52.2571
-788.305 -5983.24 298.468 30148 -52.28
-788.962 -5982.73 298.485 30148 -52.2571
-789.619 -5982.22 298.502 30148 -52.2571
-790.277 -5981.71 298.52 30148 -52.28
-790.933 -5981.2 298.537 30148 -52.2568
-791.586 -5980.7 298.554 30148 -52.28
-792.243 -5980.19 298.571 30148 -52.6193
-792.915 -5979.68 298.589 30148 -52.303
-793.605 -5979.14 298.607 30148 -51.8782
-794.312 -5978.59 298.626 30148 -52.2822
-795.037 -5978.03 298.645 30148 -51.3269
-795.758 -5977.45 298.664 30148 -50.1459
-796.452 -5976.87 298.682 30148 -49.769
-797.147 -5976.28 298.701 30148 -50.1467
-797.868 -5975.68 298.72 30148 -50.6178
-798.588 -5975.09 298.739 30148 -50.98
-799.282 -5974.53 298.758 30148 -51.05
-799.938 -5974 298.775 30148 -51.0553
-800.573 -5973.48 298.792 30148 -51.0619
-801.221 -5972.96 298.809 30148 -51.063
-801.867 -5972.44 298.826 30148 -51.0397
-802.514 -5971.92 298.843 30148 -51.0626
-803.161 -5971.39 298.86 30148 -51.0629
-803.807 -5970.87 298.877 30148 -51.0396
-804.454 -5970.35 298.894 30148 -51.0625
-805.101 -5969.83 298.911 30148 -51.0629
-805.747 -5969.3 298.928 30148 -51.0396
-806.394 -5968.78 298.945 30148 -51.0625
-807.041 -5968.26 298.962 30148 -51.0628
-807.688 -5967.74 298.979 30148 -51.0395
-808.334 -5967.21 298.996 30148 -51.0624
-808.981 -5966.69 299.013 30148 -51.0854
-809.629 -5966.17 299.03 30148 -51.0395
-810.275 -5965.64 299.047 30148 -51.0627
-810.922 -5965.12 299.064 30148 -51.0624
-811.569 -5964.6 299.081 30148 -51.0394
-812.216 -5964.08 299.099 30148 -51.0627
-812.863 -5963.55 299.116 30148 -51.0623
-813.51 -5963.03 299.133 30148 -51.0394
-814.157 -5962.51 299.15 30148 -51.0619
-814.804 -5961.98 299.167 30148 -51.0475
-815.462 -5961.45 299.184 30148 -51.0611
-816.093 -5960.94 299.201 30148 -49.4708
-816.663 -5960.45 299.216 30148 -48.7657
-817.225 -5959.96 299.231 30148 -47.4612
-817.828 -5959.41 299.247 30148 -47.0454
-818.451 -5958.83 299.265 30148 -47.4501
-819.133 -5958.2 299.283 30148 -47.4477
-819.81 -5957.58 299.302 30148 -47.8002
-820.499 -5956.96 299.32 30148 -47.4182
-821.202 -5956.31 299.34 30148 -47.1549
-821.923 -5955.64 299.36 30148 -47.4312
-822.658 -5954.97 299.38 30148 -47.4322
-823.396 -5954.29 299.4 30148 -47.4505
-824.132 -5953.61 299.42 30148 -47.469
-824.866 -5952.94 299.44 30148 -47.4309
-825.601 -5952.27 299.46 30148 -47.4501
-826.336 -5951.59 299.48 30148 -47.4309
-827.07 -5950.92 299.5 30148 -47.45
-827.805 -5950.24 299.52 30148 -47.4502
-828.54 -5949.57 299.541 30148 -47.4497
-829.274 -5948.89 299.561 30148 -47.4488
-830.005 -5948.22 299.581 30148 -47.4498
-830.739 -5947.55 299.601 30148 -47.7558
-831.488 -5946.87 299.621 30148 -47.4428
-832.254 -5946.16 299.642 30148 -47.1442
-833.035 -5945.44 299.664 30148 -47.4365
-833.834 -5944.71 299.685 30148 -47.4743
-834.642 -5943.97 299.707 30148 -48.3885
-835.477 -5943.22 299.729 40148 0
