-587.67 -6119.42 293.777 20149 -58.5022
-588.539 -6118.89 293.785 20149 -57.7493
-589.382 -6118.36 293.793 20149 -57.7296
-590.223 -6117.82 293.801 20149 -57.7511
-591.068 -6117.29 293.809 20149 -57.7639
-591.914 -6116.76 293.82 20149 -57.7453
-592.763 -6116.22 293.831 20149 -57.7634
-593.606 -6115.69 293.842 20149 -57.7613
-594.436 -6115.17 293.853 20149 -57.4866
-595.259 -6114.64 293.863 20149 -57.4118
-596.087 -6114.11 293.874 20149 -57.4212
-596.932 -6113.57 293.885 20149 -57.4229
-597.779 -6113.03 293.896 20149 -56.6136
-598.599 -6112.49 293.906 20149 -56.9794
-599.384 -6111.98 293.917 20149 -57.8975
-600.144 -6111.5 293.926 20149 -58.3238
-600.869 -6111.06 293.936 20149 -57.4375
-601.568 -6110.61 293.945 20149 -57.4149
-602.269 -6110.16 293.954 20149 -57.4423
-602.976 -6109.71 293.963 20149 -56.9768
-603.671 -6109.26 293.972 20149 -56.2329
-604.32 -6108.83 293.98 20149 -57.4302
-604.94 -6108.43 293.988 20149 -58.7903
-605.529 -6108.07 293.996 20149 -57.9747
-606.075 -6107.73 294.005 20149 -57.4417
-606.619 -6107.38 294.014 20149 -57.4255
-607.177 -6107.03 294.023 20149 -57.4358
-607.748 -6106.66 294.033 20149 -57.4311
-608.313 -6106.3 294.042 20149 -56.267
-608.852 -6105.94 294.051 20149 -56.7046
-609.353 -6105.61 294.059 20149 -57.4691
-609.822 -6105.31 294.067 20149 -58.3631
-610.258 -6105.05 294.074 20149 -58.3631
-610.661 -6104.81 294.08 20149 -58.3631
-611.033 -6104.6 294.086 20149 -58.3631
-611.4 -6104.41 294.092 20149 -58.3631
-611.772 -6104.21 294.098 20149 -58.3631
-612.152 -6104 294.103 20149 -58.3631
-612.535 -6103.79 294.109 20149 -58.3631
-612.917 -6103.58 294.115 20149 -58.3631
-613.297 -6103.37 294.121 20149 -58.3631
-613.679 -6103.16 294.127 20149 -58.3631
-614.06 -6102.95 294.133 20149 -58.3631
-614.441 -6102.74 294.139 20149 -58.3631
-614.822 -6102.54 294.145 20149 -58.3631
-615.203 -6102.33 294.151 20149 -58.3631
-615.584 -6102.12 294.157 20149 -58.3631
-615.965 -6101.91 294.163 20149 -58.3631
-616.344 -6101.7 294.169 20149 -58.3631
-616.723 -6101.49 294.175 20149 -58.3631
-617.102 -6101.27 294.181 20149 -58.3631
-617.483 -6101.07 294.187 20149 -58.3631
-617.864 -6100.86 294.193 20149 -58.3631
-618.246 -6100.65 294.199 20149 -58.3631
-618.622 -6100.44 294.205 20149 -58.3631
-618.999 -6100.24 294.211 20149 -58.3631
-619.417 -6100.03 294.217 20149 -62.8552
-619.871 -6099.8 294.225 30149 -60.0059
-620.363 -6099.51 294.236 30149 -58.8315
-620.848 -6099.22 294.248 30149 -58.8315
-621.277 -6098.98 294.257 30149 -58.8315
-621.658 -6098.77 294.266 30149 -58.8315
-621.99 -6098.59 294.274 30149 -58.8315
-622.252 -6098.41 294.28 30149 -58.8315
-622.478 -6098.25 294.286 30149 -58.8315
-622.676 -6098.14 294.29 30149 -58.8315
-622.84 -6098.05 294.294 30149 -58.8315
-622.979 -6097.96 294.298 30149 -58.8315
-623.115 -6097.88 294.301 30149 -58.8315
-623.255 -6097.79 294.304 30149 -58.8315
-623.396 -6097.7 294.308 30149 -58.8315
-623.537 -6097.61 294.311 30149 -58.8315
-623.678 -6097.52 294.314 30149 -58.8315
-623.819 -6097.43 294.318 30149 -58.8315
-623.96 -6097.34 294.321 30149 -58.8315
-624.101 -6097.25 294.324 30149 -58.8315
-624.242 -6097.16 294.328 30149 -58.8315
-624.382 -6097.08 294.331 30149 -58.8315
-624.524 -6096.99 294.334 30149 -58.8315
-624.664 -6096.9 294.338 30149 -58.8315
-624.805 -6096.81 294.341 30149 -58.8315
-624.946 -6096.72 294.345 30149 -58.8315
-625.087 -6096.63 294.348 30149 -58.8315
-625.228 -6096.54 294.351 30149 -58.8315
-625.369 -6096.45 294.355 30149 -58.8315
-625.509 -6096.36 294.358 30149 -58.8315
-625.645 -6096.28 294.361 30149 -58.8315
-625.785 -6096.19 294.365 30149 -58.8315
-625.95 -6096.1 294.368 30149 -58.8315
-626.137 -6095.98 294.373 30149 -58.8315
-626.348 -6095.83 294.378 30149 -58.8315
-626.58 -6095.69 294.384 30149 -58.8315
-626.819 -6095.54 294.389 30149 -58.8315
-627.072 -6095.38 294.395 30149 -58.8315
-627.337 -6095.21 294.402 30149 -58.8315
-627.618 -6095.03 294.409 30149 -58.8315
-627.905 -6094.85 294.415 30149 -58.8315
-628.193 -6094.67 294.422 30149 -58.8315
-628.476 -6094.49 294.429 30149 -58.8315
-628.735 -6094.31 294.435 30149 -58.8315
-628.958 -6094.16 294.441 30149 -58.8315
-629.157 -6094.04 294.446 30149 -58.8315
-629.321 -6093.95 294.449 30149 -58.8315
-629.46 -6093.87 294.453 30149 -58.8315
-629.596 -6093.78 294.456 30149 -58.8315
-629.736 -6093.69 294.459 30149 -58.8315
-629.877 -6093.6 294.463 30149 -58.8315
-630.018 -6093.51 294.466 30149 -58.8315
-630.159 -6093.42 294.469 30149 -58.8315
-630.3 -6093.33 294.473 30149 -58.8315
-630.441 -6093.24 294.476 30149 -58.8315
-630.582 -6093.16 294.479 30149 -58.8315
-630.723 -6093.07 294.483 30149 -58.8315
-630.864 -6092.98 294.486 30149 -58.8315
-631.004 -6092.89 294.49 30149 -58.8315
-631.146 -6092.8 294.493 30149 -58.8315
-631.286 -6092.71 294.496 30149 -58.8315
-631.427 -6092.62 294.5 30149 -58.8315
-631.568 -6092.53 294.503 30149 -58.8315
-631.709 -6092.44 294.506 30149 -58.8315
-631.85 -6092.35 294.51 30149 -58.8315
-631.991 -6092.27 294.513 30149 -58.8315
-632.132 -6092.18 294.517 30149 -58.8315
-632.272 -6092.09 294.52 30149 -58.8315
-632.408 -6092 294.523 30149 -58.8315
-632.547 -6091.91 294.526 30149 -58.8315
-632.711 -6091.83 294.53 30149 -58.8315
-632.91 -6091.71 294.535 30149 -58.8315
-633.133 -6091.56 294.54 30149 -58.8315
-633.392 -6091.38 294.547 30149 -58.8315
-633.676 -6091.2 294.553 30149 -58.8315
-633.962 -6091.02 294.56 30149 -58.8315
-634.246 -6090.84 294.567 30149 -58.8315
-634.527 -6090.66 294.574 30149 -58.8315
-634.809 -6090.48 294.581 30149 -58.8315
-635.09 -6090.31 294.587 30149 -58.8315
-635.372 -6090.13 294.594 30149 -58.8315
-635.654 -6089.95 294.601 30149 -58.8315
-635.936 -6089.77 294.608 30149 -58.8315
-636.217 -6089.59 294.614 30149 -58.8315
-636.499 -6089.41 294.621 30149 -58.8315
-636.781 -6089.24 294.628 30149 -58.8315
-637.063 -6089.06 294.634 30149 -58.8315
-637.345 -6088.88 294.641 30149 -58.8315
-637.626 -6088.7 294.648 30149 -58.8315
-637.908 -6088.52 294.655 30149 -58.8315
-638.19 -6088.35 294.661 30149 -58.8315
-638.472 -6088.17 294.668 30149 -58.8315
-638.753 -6087.99 294.675 30149 -58.8315
-639.035 -6087.81 294.682 30149 -58.8315
-639.318 -6087.63 294.688 30149 -58.8315
-639.604 -6087.45 294.695 30149 -58.8315
-639.888 -6087.27 294.702 30149 -58.8315
-640.147 -6087.09 294.708 30149 -58.8315
-640.37 -6086.94 294.714 30149 -58.8315
-640.569 -6086.83 294.719 30149 -58.8315
-640.734 -6086.74 294.722 30149 -58.8315
-640.878 -6086.65 294.726 30149 -58.8315
-641.016 -6086.56 294.729 30149 -58.8315
-641.133 -6086.47 294.732 30149 -58.8315
-641.216 -6086.41 294.734 30149 -58.8315
-641.274 -6086.38 294.735 30149 -58.8315
-641.299 -6086.38 294.736 30149 -58.8315
-641.301 -6086.38 294.736 30149 -58.8315
-641.301 -6086.38 294.736 30149 -58.8315
-641.301 -6086.38 294.736 30149 -58.8315
-641.301 -6086.38 294.736 30149 -58.8315
-641.301 -6086.38 294.736 30149 -58.8315
-641.301 -6086.38 294.736 30149 -58.8315
-641.301 -6086.38 294.736 30149 -58.8315
-641.301 -6086.38 294.736 30149 -58.8315
-641.301 -6086.38 294.736 30149 -58.8315
-641.301 -6086.38 294.736 30149 -58.8315
-641.301 -6086.38 294.736 30149 -58.8315
-641.301 -6086.38 294.736 30149 -58.8315
-641.312 -6086.39 294.736 30149 -58.8315
-641.367 -6086.36 294.737 30149 -58.8315
-641.446 -6086.3 294.739 30149 -58.8315
-641.564 -6086.21 294.742 30149 -58.8315
-641.707 -6086.12 294.746 30149 -58.8315
-641.852 -6086.03 294.749 30149 -58.8315
-641.995 -6085.94 294.752 30149 -58.8315
-642.135 -6085.85 294.756 30149 -58.8315
-642.276 -6085.76 294.759 30149 -58.8315
-642.417 -6085.67 294.763 30149 -58.8315
-642.558 -6085.59 294.766 30149 -58.8315
-642.699 -6085.5 294.769 30149 -58.8315
-642.84 -6085.41 294.773 30149 -58.8315
-642.981 -6085.32 294.776 30149 -58.8315
-643.123 -6085.23 294.78 30149 -58.8315
-643.264 -6085.14 294.783 30149 -58.8315
-643.405 -6085.05 294.786 30149 -58.8315
-643.547 -6084.97 294.79 30149 -58.8315
-643.693 -6084.87 294.793 30149 -58.8315
-643.834 -6084.79 294.797 30149 -58.8315
-643.958 -6084.7 294.8 30149 -58.8315
-644.069 -6084.64 294.803 30149 -58.8315
-644.164 -6084.58 294.805 30149 -58.8315
-644.258 -6084.52 294.807 30149 -58.8315
-644.352 -6084.46 294.809 30149 -58.8315
-644.431 -6084.4 294.811 30149 -58.8315
-644.492 -6084.37 294.813 30149 -58.8315
-644.526 -6084.35 294.814 30149 -58.8315
-644.543 -6084.34 294.814 30149 -58.8315
-644.546 -6084.34 294.814 30149 -58.8315
-644.546 -6084.34 294.814 30149 -58.8315
-644.546 -6084.34 294.814 30149 -58.8315
-644.546 -6084.34 294.814 30149 -58.8315
-644.546 -6084.34 294.814 30149 -58.8315
-644.558 -6084.35 294.814 30149 -58.8315
-644.613 -6084.32 294.815 30149 -58.8315
-644.691 -6084.27 294.817 30149 -58.8315
-644.805 -6084.18 294.82 30149 -58.8315
-644.947 -6084.09 294.824 30149 -58.8315
-645.116 -6084 294.828 30149 -58.8315
-645.315 -6083.88 294.832 30149 -58.8315
-645.539 -6083.73 294.838 30149 -58.8315
-645.794 -6083.56 294.844 30149 -58.8315
-646.077 -6083.38 294.851 30149 -58.8315
-646.39 -6083.2 294.858 30149 -58.8315
-646.724 -6082.99 294.867 30149 -58.8315
-647.078 -6082.75 294.875 30149 -58.8315
-647.433 -6082.52 294.884 30149 -58.8315
-647.767 -6082.31 294.892 30149 -58.8315
-648.074 -6082.13 294.899 30149 -58.8315
-648.355 -6081.95 294.906 30149 -58.8315
-648.634 -6081.78 294.913 30149 -58.8315
-648.919 -6081.6 294.92 30149 -58.8315
-649.203 -6081.42 294.927 30149 -58.8315
-649.471 -6081.25 294.933 30149 -58.8315
-649.72 -6081.09 294.939 30149 -58.8315
-649.944 -6080.95 294.945 30149 -58.8315
-650.144 -6080.83 294.949 30149 -58.8315
-650.319 -6080.72 294.954 30149 -58.8315
-650.474 -6080.63 294.957 30149 -58.8315
-650.615 -6080.54 294.961 30149 -58.8315
-650.752 -6080.45 294.964 30149 -58.8315
-650.892 -6080.37 294.967 30149 -58.8315
-651.034 -6080.28 294.971 30149 -58.8315
-651.175 -6080.19 294.974 30149 -58.8315
-651.316 -6080.1 294.978 30149 -58.8315
-651.458 -6080.01 294.981 30149 -58.8315
-651.599 -6079.92 294.984 30149 -58.8315
-651.74 -6079.84 294.988 30149 -58.8315
-651.882 -6079.75 294.991 30149 -58.8315
-652.023 -6079.66 294.995 30149 -58.8315
-652.164 -6079.57 294.998 30149 -58.8315
-652.305 -6079.48 295.002 30149 -58.8315
-652.448 -6079.39 295.005 30149 -58.8315
-652.593 -6079.3 295.008 30149 -58.8315
-652.734 -6079.21 295.012 30149 -58.8315
-652.861 -6079.13 295.015 30149 -58.8315
-652.969 -6079.06 295.018 30149 -58.8315
-653.052 -6079.01 295.02 30149 -58.8315
-653.11 -6078.97 295.021 30149 -58.8315
-653.144 -6078.95 295.022 30149 -58.8315
-653.161 -6078.95 295.022 30149 -58.8315
-653.163 -6078.94 295.022 30149 -58.8315
-653.163 -6078.94 295.022 30149 -58.8315
-653.163 -6078.94 295.022 30149 -58.8315
-653.163 -6078.94 295.022 30149 -58.8315
-653.169 -6078.95 295.022 30149 -58.8315
-653.201 -6078.93 295.023 30149 -58.8315
-653.258 -6078.88 295.025 30149 -58.8315
-653.33 -6078.84 295.026 30149 -58.8315
-653.389 -6078.8 295.028 30149 -58.8315
-653.426 -6078.77 295.029 30149 -58.8315
-653.444 -6078.77 295.029 30149 -58.8315
-653.446 -6078.77 295.029 30149 -58.8315
-653.446 -6078.77 295.029 30149 -58.8315
-653.446 -6078.77 295.029 30149 -58.8315
-653.446 -6078.77 295.029 30149 -58.8315
-653.446 -6078.77 295.029 30149 -58.8315
-653.458 -6078.78 295.029 30149 -58.8315
-653.513 -6078.75 295.03 30149 -58.8315
-653.592 -6078.69 295.032 30149 -58.8315
-653.71 -6078.6 295.035 30149 -58.8315
-653.849 -6078.51 295.039 30149 -58.8315
-653.993 -6078.42 295.042 30149 -58.8315
-654.158 -6078.34 295.046 30149 -58.8315
-654.357 -6078.22 295.051 30149 -58.8315
-654.581 -6078.07 295.056 30149 -58.8315
-654.842 -6077.89 295.063 30149 -58.8315
-655.125 -6077.72 295.07 30149 -58.8315
-655.407 -6077.54 295.076 30149 -58.8315
-655.689 -6077.36 295.083 30149 -58.8315
-655.994 -6077.19 295.09 30149 -58.8315
-656.335 -6076.98 295.099 30149 -58.8315
-656.701 -6076.75 295.108 30149 -58.8315
-657.101 -6076.48 295.117 30149 -57.9587
-657.527 -6076.21 295.128 30149 -57.9589
-657.955 -6075.94 295.138 30149 -57.9589
-658.375 -6075.68 295.148 30149 -57.9589
-658.796 -6075.42 295.158 30149 -59.4697
-659.243 -6075.15 295.169 30149 -58.7119
-659.725 -6074.86 295.181 30149 -57.2108
-660.232 -6074.53 295.193 30149 -56.7376
-660.774 -6074.18 295.206 30149 -57.9776
-661.341 -6073.82 295.22 30149 -57.921
-661.911 -6073.47 295.234 30149 0
