-404.967 -6229.85 295.171 10148 -58.3524
-405.703 -6229.4 295.16 10148 -58.3526
-406.439 -6228.95 295.149 10148 -58.3305
-407.175 -6228.49 295.138 10148 -58.3524
-407.911 -6228.04 295.126 10148 -58.3526
-408.647 -6227.59 295.115 10148 -58.3523
-409.383 -6227.13 295.104 10148 -58.3307
-410.118 -6226.68 295.092 10148 -58.37
-410.862 -6226.22 295.081 10148 -58.3137
-411.588 -6225.77 295.07 10148 -58.7402
-412.276 -6225.35 295.059 10148 -59.1394
-412.917 -6224.97 295.05 10148 -55.4557
-413.584 -6224.51 295.039 10148 -55.7213
-414.29 -6224.03 295.028 10148 -56.1677
-415.046 -6223.52 295.016 10148 -56.2799
-415.854 -6222.99 295.003 10148 -56.2299
-416.648 -6222.45 294.991 10148 -56.2507
-417.44 -6221.92 294.979 10148 -56.2391
-418.235 -6221.39 294.966 10148 -56.2669
-419.033 -6220.86 294.954 10148 -56.0744
-419.824 -6220.33 294.942 10148 -55.1542
-420.585 -6219.8 294.93 10148 -56.1541
-421.322 -6219.3 294.918 10148 -56.7679
-422.031 -6218.84 294.907 10148 -55.2089
-422.72 -6218.36 294.896 10148 -55.8604
-423.427 -6217.88 294.885 10148 -56.3154
-424.161 -6217.39 294.874 10148 -58.1292
-424.928 -6216.92 294.862 10148 -58.2757
-425.7 -6216.44 294.851 10148 -59.6224
-426.474 -6215.99 294.839 10148 -62.7864
-427.256 -6215.58 294.828 10148 -64.2406
-428.041 -6215.2 294.816 10148 -62.7508
-428.826 -6214.8 294.805 10148 -59.6818
-429.602 -6214.35 294.793 10148 -57.43
-430.36 -6213.86 294.782 10148 -57.8525
-431.102 -6213.4 294.77 10148 -58.5177
-431.814 -6212.96 294.76 10148 -58.5683
-432.497 -6212.54 294.75 10148 -58.7458
-433.152 -6212.14 294.74 10148 -58.1021
-433.789 -6211.75 294.73 10148 -58.0757
-434.429 -6211.35 294.72 10148 -58.0727
-435.082 -6210.94 294.711 10148 -58.0961
-435.741 -6210.53 294.701 10148 -58.0725
-436.395 -6210.12 294.691 10148 -58.0746
-437.04 -6209.72 294.681 10148 -58.0754
-437.681 -6209.32 294.671 10148 -58.0756
-438.322 -6208.92 294.662 10148 -57.7178
-438.949 -6208.53 294.652 10148 -58.471
-439.574 -6208.14 294.643 10148 -58.0932
-440.148 -6207.79 294.634 10148 -58.1036
-440.689 -6207.45 294.626 10148 -57.6058
-441.196 -6207.13 294.618 10148 -56.8118
-441.756 -6206.76 294.61 10148 -55.9766
-442.334 -6206.37 294.601 10148 -56.4657
-442.978 -6205.95 294.591 10148 -56.1046
-443.597 -6205.53 294.582 10148 -56.8677
-444.203 -6205.13 294.572 10148 -56.5203
-444.793 -6204.74 294.563 10148 -56.4601
-445.38 -6204.35 294.554 10148 -56.4967
-445.969 -6203.96 294.545 10148 -56.4732
-446.56 -6203.57 294.536 10148 -56.4996
-447.151 -6203.18 294.527 10148 -56.472
-447.742 -6202.79 294.518 10148 -56.4996
-448.332 -6202.4 294.509 10148 -56.472
-448.923 -6202.01 294.5 10148 -56.472
-449.513 -6201.62 294.491 10148 -56.4996
-450.104 -6201.23 294.482 10148 -56.4726
-450.695 -6200.84 294.473 10148 -56.499
-451.285 -6200.44 294.464 10148 -56.472
-451.876 -6200.05 294.456 10148 -56.4996
-452.466 -6199.66 294.447 10148 -56.499
-453.057 -6199.27 294.438 10148 -56.4457
-453.647 -6198.88 294.429 10148 -56.499
-454.238 -6198.49 294.42 10148 -56.499
-454.829 -6198.1 294.411 10148 -56.472
-455.419 -6197.71 294.402 10148 -56.5007
-456.01 -6197.31 294.393 10148 -56.6628
-456.603 -6196.93 294.384 10148 -56.1472
-457.191 -6196.53 294.375 10148 -55.5621
-457.77 -6196.13 294.366 10148 -56.1152
-458.347 -6195.75 294.357 10148 -57.4851
-458.929 -6195.38 294.348 10148 -59.1257
-459.518 -6195.02 294.34 10148 -59.6004
-460.11 -6194.68 294.331 10148 -59.2929
-460.702 -6194.32 294.322 10148 -59.2645
-461.293 -6193.97 294.314 10148 -59.2645
-461.884 -6193.62 294.305 10148 -59.2368
-462.475 -6193.27 294.297 10148 -59.2645
-463.066 -6192.92 294.288 10148 -59.2929
-463.657 -6192.57 294.279 10148 -59.2645
-464.249 -6192.22 294.271 10148 -59.2651
-464.84 -6191.86 294.262 10148 -59.2645
-465.431 -6191.51 294.253 10148 -59.2651
-466.022 -6191.16 294.245 10148 -59.2923
-466.613 -6190.81 294.236 10148 -59.209
-467.204 -6190.46 294.228 10148 -59.2651
-467.795 -6190.11 294.219 10148 -59.2962
-468.385 -6189.76 294.21 10148 -59.1287
-468.973 -6189.4 294.202 10148 -59.3403
-469.568 -6189.05 294.193 10148 -60.1847
-470.179 -6188.7 294.184 10148 -60.3737
-470.804 -6188.35 294.175 10148 -61.1667
-471.446 -6187.99 294.166 10148 -61.2982
-472.093 -6187.64 294.157 10148 -61.1936
-472.74 -6187.28 294.148 10148 -61.0175
-473.424 -6186.9 294.138 20148 -60.6756
-474.176 -6186.48 294.126 20148 -60.8226
-474.897 -6186.08 294.116 20148 -60.8765
-475.595 -6185.69 294.105 20148 -60.072
-476.284 -6185.29 294.095 20148 -59.2472
-476.983 -6184.88 294.085 20148 -59.6808
-477.69 -6184.46 294.074 20148 -58.9573
-478.376 -6184.05 294.064 20148 -56.6202
-479.045 -6183.61 294.053 20148 -55.6884
-479.72 -6183.15 294.043 20148 -55.6152
-480.408 -6182.68 294.032 20148 -55.8336
-481.101 -6182.21 294.021 20148 -55.7781
-481.791 -6181.74 294.01 20148 -55.7976
-482.48 -6181.27 293.999 20148 -55.8213
-483.169 -6180.8 293.988 20148 -55.7993
-483.858 -6180.33 293.978 20148 -55.8213
-484.547 -6179.87 293.967 20148 -55.7764
-485.237 -6179.4 293.956 20148 -55.7984
-485.926 -6178.93 293.945 20148 -55.8213
-486.615 -6178.46 293.934 20148 -55.7755
-487.304 -6177.99 293.924 20148 -55.8163
-487.994 -6177.52 293.914 20148 -55.7849
-488.682 -6177.06 293.906 20148 -55.7501
-489.366 -6176.59 293.898 20148 -55.8275
-490.053 -6176.12 293.89 20148 -56.7055
-490.764 -6175.66 293.881 20148 -56.2779
-491.511 -6175.16 293.872 20148 -55.3257
-492.281 -6174.63 293.863 20148 -54.9435
-493.087 -6174.06 293.853 20148 -55.7752
-493.915 -6173.5 293.843 20148 -56.1311
-494.743 -6172.94 293.833 20148 -56.0564
-495.554 -6172.4 293.824 20148 -57.5127
-496.357 -6171.88 293.814 20148 -59.9889
-497.163 -6171.42 293.805 20148 -60.8606
-497.967 -6170.97 293.796 20148 -59.9068
-498.772 -6170.5 293.787 20148 -57.411
-499.572 -6169.99 293.777 20148 -56.3923
-500.377 -6169.46 293.768 20148 -57.6395
-501.204 -6168.93 293.758 20148 -58.1045
-502.043 -6168.41 293.749 20148 -58.7666
-502.896 -6167.89 293.742 20148 -58.858
-503.753 -6167.38 293.735 20148 -58.7627
-504.609 -6166.86 293.728 20148 -58.7639
-505.464 -6166.34 293.721 20148 -58.7448
-506.319 -6165.82 293.714 20148 -58.7451
-507.174 -6165.3 293.707 20148 -58.7451
-508.028 -6164.78 293.7 20148 -58.7639
-508.883 -6164.26 293.694 20148 -58.7639
-509.739 -6163.74 293.687 20148 -58.7448
-510.594 -6163.23 293.68 20148 -58.7639
-511.449 -6162.71 293.673 20148 -58.7251
-512.304 -6162.19 293.666 20148 -58.7588
-513.164 -6161.67 293.659 20148 -58.7551
-514.009 -6161.15 293.652 20148 -58.8215
-514.83 -6160.66 293.646 20148 -58.2478
-515.639 -6160.16 293.639 20148 -58.2422
-516.46 -6159.65 293.632 20148 -58.2275
-517.305 -6159.12 293.628 20148 -58.2229
-518.161 -6158.59 293.624 20148 -58.2253
-519.011 -6158.07 293.62 20148 -58.2253
-519.861 -6157.54 293.617 20148 -58.2063
-520.711 -6157.01 293.613 20148 -58.2253
-521.561 -6156.49 293.609 20148 -58.2253
-522.411 -6155.96 293.605 20148 -58.2253
-523.261 -6155.43 293.601 20148 -58.2253
-524.112 -6154.91 293.597 20148 -58.2253
-524.962 -6154.38 293.593 20148 -58.2253
-525.812 -6153.85 293.589 20148 -58.2064
-526.661 -6153.33 293.585 20148 -58.2248
-527.513 -6152.8 293.582 20148 -58.2232
-528.367 -6152.27 293.578 20148 -58.2244
-529.22 -6151.74 293.574 20148 -57.4344
-530.047 -6151.21 293.57 20148 -57.7808
-530.839 -6150.72 293.566 20148 -58.6926
-531.605 -6150.25 293.565 20148 -59.1402
-532.337 -6149.81 293.564 20148 -58.2299
-533.043 -6149.38 293.563 20148 -58.2082
-533.747 -6148.94 293.563 20148 -58.2296
-534.454 -6148.5 293.562 20148 -58.2286
-535.163 -6148.06 293.561 20148 -58.2289
-535.871 -6147.62 293.56 20148 -58.2059
-536.58 -6147.18 293.56 20148 -58.2059
-537.288 -6146.75 293.559 20148 -58.2289
-537.997 -6146.31 293.558 20148 -58.2289
-538.705 -6145.87 293.557 20148 -58.2518
-539.414 -6145.43 293.557 20148 -58.2059
-540.122 -6144.99 293.556 20148 -58.2289
-540.831 -6144.55 293.555 20148 -58.2059
-541.539 -6144.11 293.554 20148 -58.2289
-542.247 -6143.67 293.554 20148 -58.2289
-542.956 -6143.23 293.553 20148 -58.2289
-543.664 -6142.8 293.552 20148 -58.2062
-544.372 -6142.36 293.551 20148 -58.2283
-545.082 -6141.92 293.551 20148 -58.2273
-545.795 -6141.48 293.551 20148 -58.2085
-546.505 -6141.04 293.552 20148 -57.2798
-547.191 -6140.6 293.554 20148 -57.6918
-547.841 -6140.18 293.556 20148 -58.8065
-548.466 -6139.81 293.557 20148 -59.3708
-549.056 -6139.46 293.559 20148 -58.2106
-549.62 -6139.11 293.56 20148 -58.241
-550.183 -6138.76 293.561 20148 -58.2389
-550.748 -6138.41 293.563 20148 -58.209
-551.315 -6138.06 293.564 20148 -58.2384
-551.882 -6137.71 293.565 20148 -58.2087
-552.449 -6137.35 293.567 20148 -58.2349
-553.021 -6137 293.568 20148 -58.2367
-553.59 -6136.65 293.57 20148 -57.0114
-554.134 -6136.29 293.571 20148 -57.517
-554.642 -6135.97 293.572 20148 -58.9829
-555.126 -6135.68 293.573 20148 -59.7465
-555.573 -6135.42 293.575 20148 -59.7465
-555.997 -6135.16 293.576 20148 -59.7465
-556.42 -6134.89 293.577 20148 -58.2068
-556.848 -6134.63 293.578 20148 -58.2819
-557.278 -6134.36 293.579 20148 -58.2852
-557.704 -6134.1 293.58 20148 -58.2852
-558.128 -6133.84 293.581 20148 -58.2857
-558.554 -6133.58 293.582 20148 -58.2857
-558.979 -6133.31 293.583 20148 -58.2857
-559.405 -6133.05 293.584 20148 -58.2857
-559.829 -6132.79 293.585 20148 -58.2857
-560.254 -6132.52 293.586 20148 -58.2536
-560.68 -6132.26 293.589 20148 -58.4017
-561.11 -6132 293.591 20148 -58.6186
-561.548 -6131.73 293.594 20148 -58.6858
-561.989 -6131.46 293.597 20148 -58.6832
-562.432 -6131.19 293.599 20148 -58.6832
-562.875 -6130.92 293.602 20148 -58.7189
-563.318 -6130.65 293.604 20148 -58.3888
-563.759 -6130.38 293.607 20148 -58.9872
-564.2 -6130.12 293.61 20148 -60.1243
-564.641 -6129.86 293.612 20148 -60.6277
-565.083 -6129.61 293.615 20148 -60.1243
-565.524 -6129.36 293.617 20148 -58.9872
-565.965 -6129.1 293.62 20148 -58.4256
-566.406 -6128.82 293.622 20148 -58.6468
-566.848 -6128.56 293.625 20148 -58.6806
-567.293 -6128.28 293.628 20148 -58.7114
-567.74 -6128.01 293.63 20148 -58.6473
-568.182 -6127.74 293.633 20148 -58.6473
-568.592 -6127.48 293.635 20148 -58.6473
-568.967 -6127.24 293.638 20148 -58.6473
-569.316 -6127.04 293.64 20148 -58.6473
-569.627 -6126.88 293.641 20148 -58.6473
-569.91 -6126.7 293.643 20148 -58.6473
-570.191 -6126.54 293.645 20148 -58.6473
-570.476 -6126.37 293.646 20148 -58.6473
-570.763 -6126.19 293.648 20148 -58.6473
-571.049 -6126.02 293.65 20148 -58.6473
-571.335 -6125.85 293.651 20148 -58.6473
-571.621 -6125.68 293.653 20148 -58.6473
-571.906 -6125.51 293.655 20148 -58.6473
-572.192 -6125.34 293.656 20148 -58.6473
-572.478 -6125.17 293.658 20148 -58.6473
-572.764 -6125 293.66 20148 -58.6473
-573.05 -6124.82 293.661 20148 -58.6473
-573.337 -6124.65 293.663 20148 -58.6473
-573.624 -6124.48 293.665 20148 -58.6473
-573.915 -6124.32 293.667 20148 -58.6473
-574.185 -6124.13 293.668 20148 -58.6473
-574.437 -6123.93 293.67 20148 -58.6473
-574.688 -6123.75 293.671 20148 -58.6473
-574.954 -6123.58 293.674 20148 -58.6473
-575.239 -6123.43 293.676 20148 -58.6473
-575.528 -6123.27 293.679 20148 -58.6473
-575.807 -6123.08 293.681 20148 -58.6473
-576.09 -6122.91 293.684 20148 -58.6473
-576.372 -6122.73 293.687 20148 -58.6473
-576.654 -6122.55 293.689 20148 -58.6473
-576.936 -6122.37 293.692 20148 -58.6473
-577.218 -6122.19 293.695 20148 -58.6473
-577.499 -6122.02 293.697 20148 -58.6473
-577.781 -6121.84 293.7 20148 -58.6473
-578.063 -6121.66 293.703 20148 -58.6473
-578.345 -6121.48 293.705 20148 -58.6473
-578.627 -6121.31 293.708 20148 -58.6473
-578.909 -6121.13 293.711 20148 -58.6473
-579.191 -6120.95 293.713 20148 -58.6473
-579.473 -6120.77 293.716 20148 -58.6473
-579.755 -6120.59 293.719 20148 -58.6473
-580.036 -6120.42 293.721 20148 -58.6473
-580.318 -6120.24 293.724 20148 -58.6473
-580.6 -6120.06 293.727 20148 -58.6473
-580.883 -6119.88 293.729 20148 -58.6473
-581.168 -6119.7 293.732 20148 -58.6473
-581.451 -6119.52 293.735 20148 -58.6473
-581.719 -6119.35 293.737 20148 -58.6473
-581.967 -6119.19 293.74 20148 -58.6473
-582.191 -6119.05 293.742 20148 -58.6473
-582.39 -6118.92 293.743 20148 -58.6473
-582.564 -6118.81 293.745 20148 -58.6473
-582.719 -6118.72 293.747 20148 -58.6473
-582.86 -6118.63 293.748 20148 -58.6473
-582.997 -6118.55 293.749 20148 0
