-741.684 -6016.94 297.267 30148 -55.6974
-742.37 -6016.47 297.285 30148 -55.6974
-743.057 -6016 297.302 30148 -55.6975
-743.743 -6015.53 297.319 30148 -55.6974
-744.429 -6015.06 297.337 30148 -55.6974
-745.116 -6014.6 297.354 30148 -55.6975
-745.802 -6014.13 297.372 30148 -55.6972
-746.49 -6013.66 297.389 30148 -55.6967
-747.181 -6013.19 297.407 30148 -55.6742
-747.869 -6012.72 297.424 30148 -54.7355
-748.531 -6012.25 297.441 30148 -55.1343
-749.161 -6011.81 297.457 30148 -56.2899
-749.767 -6011.41 297.472 30148 -56.8675
-750.34 -6011.03 297.487 30148 -55.6688
-750.888 -6010.66 297.501 30148 -55.6977
-751.436 -6010.28 297.515 30148 -55.6975
-751.985 -6009.91 297.528 30148 -55.1028
-752.519 -6009.54 297.542 30148 -54.3905
-753.028 -6009.17 297.555 30148 -54.1432
-753.511 -6008.82 297.568 30148 -54.3131
-753.972 -6008.49 297.58 30148 -54.2532
-754.408 -6008.18 297.591 30148 -54.8191
-754.827 -6007.88 297.601 30148 -54.8191
-755.231 -6007.59 297.612 30148 -54.8191
-755.632 -6007.3 297.622 30148 -54.8191
-756.035 -6007.01 297.633 30148 -54.8191
-756.44 -6006.72 297.643 30148 -54.8191
-756.845 -6006.43 297.653 30148 -54.2248
-757.254 -6006.13 297.664 30148 -54.2256
-757.661 -6005.84 297.674 30148 -54.2256
-758.042 -6005.55 297.685 30148 -54.2256
-758.39 -6005.29 297.694 30148 -54.2256
-758.716 -6005.06 297.702 30148 -54.2256
-759.009 -6004.87 297.709 30148 -54.2256
-759.277 -6004.68 297.716 30148 -54.2256
-759.542 -6004.49 297.723 30148 -54.2256
-759.81 -6004.29 297.73 30148 -54.2256
-760.081 -6004.1 297.737 30148 -54.2256
-760.351 -6003.9 297.744 30148 -54.2256
-760.62 -6003.71 297.751 30148 -54.2256
-760.889 -6003.51 297.758 30148 -54.2256
-761.159 -6003.32 297.765 30148 -54.2256
-761.43 -6003.12 297.772 30148 -54.2256
-761.703 -6002.93 297.779 30148 -54.2256
-761.973 -6002.73 297.786 30148 -54.2256
-762.225 -6002.55 297.792 30148 -54.2256
-762.463 -6002.38 297.798 30148 -54.2256
-762.688 -6002.22 297.804 30148 -54.2256
-762.93 -6002.05 297.81 30148 -54.2256
-763.182 -6001.86 297.817 30148 -54.2256
-763.434 -6001.67 297.823 30148 -54.2256
-763.676 -6001.51 297.829 30148 -54.2256
-763.901 -6001.34 297.835 30148 -54.2256
-764.139 -6001.18 297.841 30148 -54.2256
-764.391 -6000.99 297.848 30148 -54.2256
-764.661 -6000.8 297.855 30148 -54.2256
-764.934 -6000.6 297.862 30148 -54.2256
-765.21 -6000.4 297.869 30148 -54.2256
-765.475 -6000.21 297.876 30148 -54.2256
-765.72 -6000.03 297.882 30148 -54.2256
-765.958 -5999.86 297.888 30148 -54.2256
-766.202 -5999.68 297.895 30148 -54.2256
-766.465 -5999.49 297.901 30148 -54.2256
-766.738 -5999.29 297.908 30148 -54.2256
-767.006 -5999.1 297.915 30148 -54.2256
-767.273 -5998.9 297.922 30148 -54.2256
-767.542 -5998.7 297.929 30148 -54.2256
-767.816 -5998.5 297.936 30148 -54.2256
-768.097 -5998.3 297.944 30148 -54.2256
-768.383 -5998.09 297.951 30148 -54.2256
-768.671 -5997.88 297.958 30148 -54.2256
-768.958 -5997.67 297.966 30148 -54.2256
-769.245 -5997.46 297.973 30148 -54.2256
-769.532 -5997.25 297.981 30148 -54.2256
-769.819 -5997.04 297.988 30148 -54.2256
-770.106 -5996.84 297.996 30148 -54.2256
-770.393 -5996.63 298.003 30148 -54.2256
-770.679 -5996.42 298.01 30148 -54.2256
-770.967 -5996.21 298.018 30148 -54.2256
-771.253 -5996 298.025 30148 -54.2256
-771.538 -5995.79 298.033 30148 -54.2256
-771.822 -5995.58 298.04 30148 -54.2256
-772.107 -5995.37 298.047 30148 -54.2256
-772.393 -5995.16 298.055 30148 -54.2256
-772.68 -5994.95 298.062 30148 -54.2256
-772.967 -5994.74 298.07 30148 -54.2256
-773.254 -5994.53 298.077 30148 -54.2256
-773.541 -5994.32 298.085 30148 -54.2256
-773.828 -5994.11 298.092 30148 -54.2256
-774.115 -5993.9 298.099 30148 -54.2256
-774.395 -5993.69 298.107 30148 -54.2256
-774.672 -5993.47 298.114 30148 -54.2256
-774.95 -5993.26 298.121 30148 -54.2256
-775.249 -5993.04 298.129 30148 -54.2256
-775.573 -5992.79 298.137 30148 -54.2256
-775.923 -5992.51 298.147 30148 -54.2256
-776.299 -5992.21 298.157 30148 -52.2649
-776.695 -5991.9 298.167 30148 -52.2651
-777.093 -5991.6 298.178 30148 -52.2651
-777.488 -5991.29 298.188 30148 -52.2651
-777.882 -5990.99 298.198 30148 -52.2651
-778.276 -5990.68 298.209 30148 -52.2651
-778.671 -5990.38 298.219 30148 -52.2651
-779.065 -5990.07 298.229 30148 -52.2651
-779.459 -5989.77 298.24 30148 -52.2651
-779.853 -5989.46 298.25 30148 -52.2651
-780.248 -5989.16 298.26 30148 -52.2651
-780.642 -5988.85 298.271 30148 -52.2651
-781.036 -5988.55 298.281 30148 -52.2651
-781.43 -5988.24 298.291 30148 -52.2651
-781.824 -5987.94 298.302 30148 -52.2651
-782.219 -5987.63 298.312 30148 -52.2651
-782.613 -5987.33 298.323 30148 -52.2651
-783.007 -5987.02 298.333 30148 -52.2651
-783.401 -5986.71 298.343 30148 -52.2651
-783.796 -5986.41 298.354 30148 -52.2651
-784.19 -5986.1 298.364 30148 -52.2651
-784.584 -5985.8 298.374 30148 -52.2651
-784.979 -5985.49 298.385 30148 -52.2651
-785.373 -5985.19 298.395 30148 -52.2651
-785.767 -5984.88 298.405 30148 -52.2651
-786.161 -5984.58 298.416 30148 -52.2651
-786.556 -5984.27 298.426 30148 -52.2651
-786.95 -5983.97 298.436 30148 -52.2651
-787.344 -5983.66 298.447 30148 -52.2651
-787.738 -5983.36 298.457 30148 -52.2651
-788.132 -5983.05 298.467 30148 -52.2651
-788.527 -5982.75 298.478 30148 -52.2651
-788.922 -5982.44 298.488 30148 -52.2651
-789.314 -5982.14 298.498 30148 -52.2651
-789.704 -5981.84 298.509 30148 -52.2651
-790.097 -5981.53 298.519 30148 -53.8162
-790.514 -5981.23 298.53 30148 -53.0495
-790.964 -5980.89 298.541 30148 -51.5398
-791.434 -5980.52 298.554 30148 -51.012
-791.929 -5980.12 298.567 30148 -52.303
-792.469 -5979.7 298.581 30148 -52.2508
-793.047 -5979.25 298.596 30148 -52.455
-793.645 -5978.79 298.612 30148 -53.0855
-794.231 -5978.35 298.627 30148 -53.1757
-794.774 -5977.95 298.641 30148 -53.1049
-795.294 -5977.55 298.655 30148 -51.2452
-795.808 -5977.14 298.668 30148 -51.031
-796.324 -5976.72 298.682 30148 -52.2061
-796.864 -5976.31 298.696 30148 -51.6603
-797.436 -5975.85 298.711 30148 -50.5154
-798.028 -5975.37 298.727 30148 -50.0732
-798.652 -5974.84 298.743 30148 -51.0621
-799.299 -5974.32 298.76 30148 -51.0632
-799.946 -5973.8 298.778 30148 -51.0405
-800.592 -5973.28 298.795 30148 -51.988
-801.261 -5972.75 298.812 30148 -51.532
-801.962 -5972.2 298.83 30148 -50.5966
-802.683 -5971.6 298.85 30148 -50.2451
-803.436 -5970.98 298.87 30148 -51.0644
-804.214 -5970.35 298.89 30148 -51.0617
-804.994 -5969.72 298.911 30148 -51.0647
-805.772 -5969.09 298.931 30148 -51.0494
-806.546 -5968.46 298.952 30148 -51.0715
-807.318 -5967.84 298.972 30148 -51.0493
-808.093 -5967.21 298.992 30148 -51.8199
-808.892 -5966.59 299.013 30148 -51.4366
-809.727 -5965.92 299.035 30148 -50.6709
-810.577 -5965.22 299.058 30148 -50.3789
-811.41 -5964.53 299.08 30148 -51.0986
-812.24 -5963.86 299.102 30148 -49.8665
-813.066 -5963.17 299.124 30148 -49.8968
-813.93 -5962.44 299.147 30148 -49.8896
-814.825 -5961.69 299.171 30148 -49.9054
-815.718 -5960.93 299.195 30148 -48.5133
-816.59 -5960.16 299.219 30148 -47.4391
-817.447 -5959.38 299.242 30148 -47.4557
-818.304 -5958.59 299.266 30148 -47.4387
-819.16 -5957.8 299.289 30148 -47.4542
-820.013 -5957.02 299.312 30148 -47.4385
-820.868 -5956.24 299.336 30148 -48.122
-821.748 -5955.45 299.36 30148 -47.7959
-822.658 -5954.62 299.384 30148 -47.1147
-823.585 -5953.76 299.41 30148 -46.8299
-824.541 -5952.86 299.436 30148 -47.4457
-825.523 -5951.96 299.463 30148 -47.4463
-826.506 -5951.06 299.49 30148 -47.4456
-827.487 -5950.16 299.517 30148 -47.444
-828.462 -5949.26 299.544 30148 -47.4606
-829.445 -5948.36 299.57 30148 -47.4507
-830.444 -5947.44 299.598 30148 -47.76
-831.455 -5946.53 299.625 30148 -47.8166
-832.461 -5945.62 299.653 30148 -47.8325
-833.45 -5944.72 299.68 30148 -47.8334
-834.432 -5943.83 299.706 30148 -48.3367
-835.449 -5942.92 299.733 40148 -46.0576
-836.403 -5942.01 299.759 40148 -46.0724
-837.355 -5941.09 299.786 40148 -46.072
-838.31 -5940.17 299.812 40148 -46.2976
-839.282 -5939.24 299.839 40148 -45.8452
-840.264 -5938.29 299.867 40148 -46.0677
-841.256 -5937.33 299.894 40148 -46.0686
-842.24 -5936.38 299.921 40148 -46.2938
-843.223 -5935.44 299.949 40148 -46.7121
-844.235 -5934.49 299.976 40148 -46.0493
-845.275 -5933.49 300.005 40148 -45.7524
-846.346 -5932.44 300.035 40148 -45.402
-847.449 -5931.36 300.066 40148 -44.9286
-848.577 -5930.23 300.098 40148 -44.3166
-849.74 -5929.03 300.131 40148 -43.2807
-850.88 -5927.82 300.164 40148 -42.8237
-851.966 -5926.65 300.196 40148 -43.792
-853.047 -5925.52 300.227 40148 -42.4404
-854.062 -5924.41 300.256 40148 -42.9267
-855.084 -5923.32 300.283 40148 -42.8836
-856.1 -5922.22 300.31 40148 -42.7016
-857.099 -5921.14 300.337 40148 -42.7038
-858.099 -5920.06 300.363 40148 -42.7063
-859.102 -5918.97 300.39 40148 -42.7062
-860.105 -5917.88 300.417 40148 -42.7061
-861.107 -5916.8 300.444 40148 -42.706
-862.11 -5915.71 300.47 40148 -42.6798
-863.111 -5914.62 300.497 40148 -42.7056
-864.113 -5913.54 300.524 40148 -42.8216
-865.117 -5912.46 300.551 40148 -42.9504
-866.123 -5911.37 300.578 40148 -43.0536
-867.131 -5910.3 300.604 40148 -43.0662
-868.138 -5909.22 300.631 40148 -43.0696
-869.15 -5908.14 300.658 40148 -43.0425
-870.159 -5907.06 300.685 40148 -42.9293
-871.136 -5906.01 300.71 40148 -40.8654
-872.04 -5904.96 300.733 40148 -39.5852
-872.917 -5903.9 300.756 40148 -39.6225
-873.822 -5902.81 300.779 40148 -40.1757
-874.771 -5901.68 300.803 40148 -41.0787
-875.749 -5900.56 300.828 40148 -41.8748
-876.739 -5899.46 300.852 40148 -42.4391
-877.743 -5898.36 300.877 40148 -42.4628
-878.75 -5897.26 300.902 40148 -42.3611
-879.753 -5896.16 300.926 40148 -42.3889
-880.755 -5895.06 300.951 40148 -42.3745
-881.758 -5893.96 300.975 40148 -42.9088
-882.786 -5892.86 301 40148 -42.6407
-883.839 -5891.71 301.026 40148 -42.1142
-884.907 -5890.53 301.052 40148 -41.8929
-886 -5889.31 301.079 40148 -42.3814
-887.124 -5888.08 301.106 40148 -42.3647
-888.238 -5886.86 301.134 40148 -40.5517
-889.283 -5885.64 301.158 40148 -40.1069
-890.307 -5884.42 301.182 40148 -39.5302
-891.329 -5883.18 301.206 40148 -39.5067
-892.377 -5881.91 301.231 40148 -39.5298
-893.437 -5880.63 301.256 40148 -39.5299
-894.491 -5879.35 301.281 40148 -39.5183
-895.545 -5878.07 301.306 40148 -39.5183
-896.6 -5876.79 301.331 40148 -39.5183
-897.652 -5875.52 301.356 40148 -39.5299
-898.706 -5874.24 301.381 40148 -39.5183
-899.756 -5872.97 301.406 40148 -40.0228
-900.827 -5871.69 301.431 40148 -39.0943
-901.878 -5870.4 301.456 40148 -39.5603
-903.039 -5868.99 301.484 40148 -39.5602
-904.199 -5867.59 301.511 40148 -39.5602
-825.563 -5951.36 0 0 -39.5602
-826.42 -5950.57 0 0 -39.5602
-827.276 -5949.79 0 0 -39.5602
-828.131 -5949 0 0 -39.5602
-828.99 -5948.21 0 0 -39.5602
-829.855 -5947.42 0 0 -39.5602
-830.726 -5946.63 0 0 -39.5602
-831.597 -5945.84 0 0 -39.5602
-832.461 -5945.05 0 0 -39.5602
-833.321 -5944.27 0 0 -39.5602
-834.184 -5943.49 0 0 -39.5602
-835.083 -5942.7 0 0 -39.5602
-835.917 -5941.9 0 0 -39.5602
-836.748 -5941.1 0 0 -39.5602
-837.582 -5940.29 0 0 -39.5602
-838.439 -5939.49 0 0 -39.5602
-839.326 -5938.64 0 0 -39.5602
-840.23 -5937.76 0 0 -39.5602
-841.161 -5936.84 0 0 -39.5602
-842.119 -5935.92 0 0 -39.5602
-843.081 -5935 0 0 -39.5602
-844.035 -5934.08 0 0 -39.5602
-844.973 -5933.17 0 0 -39.5602
-845.906 -5932.28 0 0 -39.5602
-846.837 -5931.37 0 0 -39.5602
-847.783 -5930.41 0 0 -39.5602
-848.748 -5929.4 0 0 -39.5602
-849.718 -5928.36 0 0 -39.5602
-850.684 -5927.3 0 0 -39.5602
-851.637 -5926.27 0 0 -39.5602
-852.578 -5925.28 0 0 -39.5602
-853.485 -5924.29 0 0 -39.5602
-854.362 -5923.31 0 0 -39.5602
-855.23 -5922.38 0 0 -39.5602
-856.072 -5921.45 0 0 -39.5602
-856.909 -5920.53 0 0 -39.5602
-857.748 -5919.6 0 0 -39.5602
-858.588 -5918.67 0 0 -39.5602
-859.429 -5917.74 0 0 -39.5602
-860.267 -5916.82 0 0 -39.5602
-861.103 -5915.9 0 0 -39.5602
-861.945 -5914.97 0 0 0
