-722.929 -6029.39 296.795 30148 -56.5269
-723.618 -6028.93 296.813 30148 -56.5279
-724.309 -6028.47 296.83 30148 -56.5053
-725.002 -6028.02 296.848 30148 -56.5282
-725.695 -6027.56 296.865 30148 -56.5052
-726.388 -6027.1 296.882 30148 -56.5282
-727.08 -6026.64 296.9 30148 -56.5282
-727.773 -6026.18 296.917 30148 -56.5282
-728.466 -6025.72 296.934 30148 -56.5051
-729.158 -6025.27 296.952 30148 -56.5275
-729.849 -6024.81 296.969 30148 -56.306
-730.548 -6024.34 296.987 30148 -55.4039
-731.252 -6023.86 297.005 30148 -54.4409
-731.932 -6023.37 297.022 30148 -55.1662
-732.572 -6022.93 297.039 30148 -56.2781
-733.189 -6022.51 297.054 30148 -56.865
-733.762 -6022.14 297.068 30148 -55.669
-734.31 -6021.77 297.082 30148 -55.6984
-734.854 -6021.4 297.096 30148 -55.6977
-735.402 -6021.02 297.11 30148 -55.6974
-735.951 -6020.65 297.124 30148 -55.6975
-736.501 -6020.27 297.138 30148 -55.6975
-737.05 -6019.9 297.152 30148 -55.6975
-737.599 -6019.52 297.166 30148 -55.6975
-738.148 -6019.15 297.18 30148 -55.6975
-738.697 -6018.77 297.194 30148 -55.6685
-739.247 -6018.4 297.208 30148 -55.7252
-739.8 -6018.02 297.222 30148 -55.6686
-740.349 -6017.65 297.236 30148 -55.23
-740.883 -6017.28 297.249 30148 -55.6746
-741.397 -6016.92 297.262 30148 -56.2535
-741.894 -6016.59 297.275 30148 -55.713
-742.378 -6016.26 297.287 30148 -55.6486
-742.855 -6015.94 297.299 30148 -55.1436
-743.319 -6015.61 297.311 30148 -55.7238
-743.766 -6015.31 297.322 30148 -56.29
-744.193 -6015.02 297.333 30148 -56.29
-744.604 -6014.74 297.344 30148 -56.29
-745.012 -6014.46 297.354 30148 -56.29
-745.423 -6014.19 297.364 30148 -56.29
-745.835 -6013.9 297.375 30148 -56.29
-746.247 -6013.62 297.385 30148 -56.29
-746.659 -6013.34 297.396 30148 -56.29
-747.07 -6013.06 297.406 30148 -56.29
-747.482 -6012.78 297.417 30148 -56.29
-747.894 -6012.5 297.427 30148 -56.29
-748.306 -6012.22 297.438 30148 -56.29
-748.717 -6011.94 297.448 30148 -56.29
-749.13 -6011.66 297.458 30148 -55.6962
-749.547 -6011.37 297.469 30148 -55.6969
-749.961 -6011.09 297.48 30148 -55.6969
-750.349 -6010.81 297.49 30148 -55.6969
-750.703 -6010.56 297.499 30148 -55.6969
-751.035 -6010.34 297.507 30148 -55.6969
-751.333 -6010.15 297.514 30148 -55.6969
-751.606 -6009.97 297.521 30148 -55.6969
-751.876 -6009.78 297.528 30148 -55.6969
-752.149 -6009.6 297.535 30148 -55.6969
-752.423 -6009.41 297.542 30148 -55.6969
-752.694 -6009.21 297.549 30148 -55.6969
-752.964 -6009.02 297.556 30148 -55.6969
-753.234 -6008.83 297.563 30148 -55.6969
-753.503 -6008.63 297.57 30148 -55.6969
-753.773 -6008.44 297.577 30148 -55.6969
-754.042 -6008.24 297.584 30148 -55.6969
-754.312 -6008.05 297.591 30148 -55.6969
-754.582 -6007.85 297.598 30148 -55.6969
-754.851 -6007.66 297.605 30148 -55.6969
-755.121 -6007.47 297.612 30148 -55.6969
-755.391 -6007.27 297.618 30148 -55.6969
-755.66 -6007.08 297.625 30148 -55.6969
-755.93 -6006.88 297.632 30148 -55.6969
-756.2 -6006.69 297.639 30148 -55.6969
-756.469 -6006.49 297.646 30148 -55.6969
-756.739 -6006.3 297.653 30148 -55.6969
-757.009 -6006.11 297.66 30148 -55.6969
-757.282 -6005.91 297.667 30148 -55.6969
-757.552 -6005.71 297.674 30148 -55.6969
-757.811 -6005.53 297.681 30148 -55.6969
-758.056 -6005.36 297.687 30148 -55.6969
-758.291 -6005.22 297.693 30148 -55.6969
-758.531 -6005.06 297.699 30148 -55.6969
-758.783 -6004.89 297.705 30148 -55.6969
-759.044 -6004.71 297.712 30148 -55.6969
-759.309 -6004.53 297.718 30148 -55.6969
-759.572 -6004.35 297.725 30148 -55.6969
-759.834 -6004.17 297.732 30148 -55.6969
-760.095 -6004 297.738 30148 -55.6969
-760.357 -6003.82 297.745 30148 -55.6969
-760.619 -6003.64 297.752 30148 -55.6969
-760.881 -6003.46 297.758 30148 -55.6969
-761.143 -6003.28 297.765 30148 -55.6969
-761.405 -6003.1 297.771 30148 -55.6969
-761.667 -6002.92 297.778 30148 -55.6969
-761.929 -6002.74 297.785 30148 -55.6969
-762.19 -6002.56 297.791 30148 -55.6969
-762.453 -6002.38 297.798 30148 -55.6969
-762.712 -6002.21 297.805 30148 -55.6969
-762.967 -6002.03 297.811 30148 -55.6969
-763.236 -6001.85 297.818 30148 -55.6969
-763.563 -6001.65 297.826 30148 -55.6969
-763.92 -6001.4 297.835 30148 -55.6969
-764.324 -6001.11 297.845 30148 -52.6206
-764.761 -6000.78 297.857 30148 -53.7644
-765.25 -6000.42 297.869 30148 -54.2077
-765.732 -6000.07 297.882 30148 -53.9792
-766.2 -5999.73 297.894 30148 -53.8169
-766.671 -5999.39 297.906 30148 -53.7976
-767.163 -5999.03 297.919 30148 -53.8032
-767.663 -5998.66 297.932 30148 -53.8007
-768.159 -5998.3 297.945 30148 -53.8943
-768.657 -5997.93 297.958 30148 -53.9259
-769.157 -5997.57 297.971 30148 -54.0188
-769.659 -5997.2 297.983 30148 -54.0188
-770.161 -5996.84 297.996 30148 -54.0496
-770.663 -5996.48 298.009 30148 -53.9265
-771.165 -5996.11 298.022 30148 -53.7415
-771.665 -5995.74 298.035 30148 -53.6182
-772.164 -5995.38 298.048 30148 -53.7109
-772.663 -5995.01 298.061 30148 -53.9572
-773.165 -5994.64 298.074 30148 -54.0496
-773.667 -5994.28 298.087 30148 -53.8701
-774.168 -5993.91 298.1 30148 -52.3761
-774.659 -5993.54 298.113 30148 -52.1799
-775.149 -5993.16 298.126 30148 -52.2107
-775.639 -5992.78 298.139 30148 -52.1797
-776.129 -5992.4 298.152 30148 -52.1801
-776.62 -5992.01 298.165 30148 -52.2113
-777.113 -5991.63 298.178 30148 -52.3645
-777.605 -5991.25 298.19 30148 -50.8194
-778.074 -5990.87 298.203 30148 -50.8377
-778.519 -5990.51 298.215 30148 -51.7672
-778.939 -5990.18 298.226 30148 -51.5854
-779.335 -5989.86 298.236 30148 -51.5854
-779.724 -5989.56 298.247 30148 -51.5854
-780.116 -5989.26 298.257 30148 -51.5854
-780.51 -5988.95 298.267 30148 -51.5854
-780.905 -5988.65 298.278 30148 -51.5854
-781.299 -5988.34 298.288 30148 -51.5854
-781.694 -5988.04 298.298 30148 -51.5854
-782.087 -5987.73 298.309 30148 -51.5854
-782.477 -5987.43 298.319 30148 -51.5854
-782.869 -5987.13 298.329 30148 -53.7796
-783.287 -5986.82 298.34 30148 -53.0156
-783.736 -5986.48 298.352 30148 -51.5717
-784.207 -5986.11 298.364 30148 -51.0315
-784.709 -5985.7 298.378 30148 -52.2744
-785.236 -5985.3 298.391 30148 -52.2745
-785.766 -5984.89 298.405 30148 -52.2744
-786.293 -5984.48 298.419 30148 -52.2455
-786.818 -5984.07 298.433 30148 -52.2743
-787.344 -5983.67 298.447 30148 -52.2743
-787.87 -5983.26 298.46 30148 -52.2456
-788.395 -5982.85 298.474 30148 -52.2743
-788.921 -5982.45 298.488 30148 -52.2743
-789.447 -5982.04 298.502 30148 -52.2742
-789.972 -5981.63 298.516 30148 -52.2451
-790.493 -5981.23 298.529 30148 -52.2454
-791.017 -5980.82 298.543 30148 -53.4484
-791.566 -5980.42 298.557 30148 -52.8721
-792.154 -5979.97 298.573 30148 -51.7279
-792.78 -5979.48 298.589 30148 -51.3259
-793.436 -5978.95 298.607 30148 -53.0704
-794.172 -5978.4 298.626 30148 -53.1264
-794.896 -5977.86 298.644 30148 -52.3436
-795.565 -5977.34 298.662 30148 -51.0775
-796.202 -5976.83 298.679 30148 -51.0647
-796.847 -5976.3 298.696 30148 -51.0459
-797.489 -5975.78 298.713 30148 -51.0654
-798.134 -5975.26 298.73 30148 -51.9644
-798.804 -5974.74 298.747 30148 -51.5322
-799.505 -5974.18 298.766 30148 -50.6171
-800.226 -5973.59 298.785 30148 -50.2451
-800.979 -5972.96 298.805 30148 -51.0645
-801.757 -5972.34 298.825 30148 -51.0618
-802.537 -5971.71 298.846 30148 -51.0456
-803.314 -5971.08 298.866 30148 -51.0491
-804.089 -5970.45 298.887 30148 -51.0716
-804.861 -5969.83 298.907 30148 -51.0305
-805.635 -5969.2 298.928 30148 -51.8576
-806.434 -5968.57 298.948 30148 -51.4435
-807.265 -5967.91 298.97 30148 -50.6705
-808.116 -5967.21 298.993 30148 -50.3671
-808.998 -5966.48 299.016 30148 -51.0554
-809.917 -5965.74 299.041 30148 -51.0665
-810.809 -5965.02 299.064 30148 -51.1117
-811.659 -5964.33 299.086 30148 -50.7273
-812.477 -5963.67 299.108 30148 -49.8685
-813.308 -5962.97 299.13 30148 -49.881
-814.176 -5962.23 299.154 30148 -49.9075
-815.076 -5961.48 299.178 30148 -50.5547
-815.989 -5960.72 299.202 30148 -48.1481
-816.903 -5959.91 299.227 30148 -47.0997
-817.83 -5959.04 299.252 30148 -46.8445
-818.787 -5958.15 299.279 30148 -47.4457
-819.768 -5957.25 299.306 30148 -47.4465
-820.752 -5956.34 299.333 30148 -47.4452
-821.732 -5955.44 299.359 30148 -47.4442
-822.708 -5954.55 299.386 30148 -47.445
-823.686 -5953.65 299.413 30148 -47.6897
-824.68 -5952.75 299.44 30148 -47.439
-825.688 -5951.82 299.467 30148 -47.4723
-826.718 -5950.87 299.496 30148 -47.436
-827.765 -5949.91 299.524 30148 -47.4309
-828.842 -5948.92 299.554 30148 -47.25
-829.951 -5947.9 299.584 30148 -47.6058
-831.081 -5946.87 299.615 30148 -47.8183
-832.21 -5945.84 299.646 30148 -47.8325
-833.323 -5944.84 299.676 30148 -48.0226
-834.442 -5943.83 299.706 30148 -48.0512
-835.608 -5942.78 299.737 40148 -45.8466
-836.727 -5941.69 299.768 40148 -46.0783
-837.859 -5940.6 299.8 40148 -46.0656
-838.996 -5939.51 299.831 40148 -46.2802
-840.148 -5938.41 299.863 40148 -45.8505
-841.309 -5937.28 299.896 40148 -46.0738
-842.484 -5936.15 299.928 40148 -45.874
-843.644 -5935.02 299.96 40148 -46.39
-844.792 -5933.93 299.992 40148 -46.0659
-845.927 -5932.84 300.024 40148 -45.5498
-847.066 -5931.72 300.055 40148 -44.7684
-848.22 -5930.56 300.088 40148 -44.1133
-849.395 -5929.34 300.122 40148 -43.1228
-850.552 -5928.11 300.156 40148 -42.883
-851.677 -5926.9 300.189 40148 -42.7795
-852.776 -5925.71 300.221 40148 -42.971
-853.861 -5924.54 300.252 40148 -42.2415
-854.92 -5923.38 300.28 40148 -43.132
-855.966 -5922.26 300.308 40148 -43.7657
-856.992 -5921.19 300.335 40148 -41.8912
-857.979 -5920.09 300.361 40148 -41.2523
-858.961 -5918.97 300.388 40148 -41.5739
-859.955 -5917.85 300.415 40148 -41.5837
-860.949 -5916.73 300.443 40148 -41.5671
-861.94 -5915.61 300.47 40148 -41.58
-862.931 -5914.5 300.497 40148 -41.5791
-863.922 -5913.38 300.524 40148 -41.4386
-864.911 -5912.26 300.551 40148 -41.5685
-865.903 -5911.14 300.578 40148 -42.2998
-866.91 -5910.03 300.605 40148 -43.0295
-867.936 -5908.93 300.632 40148 -43.7552
-868.989 -5907.83 300.66 40148 -43.8687
-870.016 -5906.77 300.687 40148 -43.4518
-871.001 -5905.73 300.712 40148 -41.4483
-871.924 -5904.68 300.735 40148 -40.4284
-872.854 -5903.59 300.759 40148 -40.4455
-873.816 -5902.46 300.783 40148 -40.4676
-874.806 -5901.3 300.809 40148 -40.387
-875.78 -5900.15 300.833 40148 -40.6096
-876.754 -5899.02 300.858 40148 -41.2325
-877.735 -5897.9 300.883 40148 -41.9518
-878.727 -5896.8 300.907 40148 -42.4138
-879.73 -5895.7 300.932 40148 -42.4638
-880.736 -5894.6 300.956 40148 -42.3737
-881.74 -5893.5 300.981 40148 -42.3867
-882.745 -5892.4 301.005 40148 -42.3737
-883.749 -5891.3 301.03 40148 -42.3616
-884.752 -5890.2 301.054 40148 -42.3892
-885.753 -5889.1 301.079 40148 -42.3745
-886.756 -5888 301.103 40148 -42.901
-887.791 -5886.89 301.128 40148 -41.252
-888.805 -5885.73 301.152 40148 -39.9508
-889.797 -5884.55 301.176 40148 -39.1168
-890.788 -5883.33 301.199 40148 -39.5183
-891.809 -5882.09 301.224 40148 -39.5183
-892.86 -5880.82 301.248 40148 -39.5298
-893.921 -5879.53 301.274 40148 -39.5068
-894.974 -5878.25 301.299 40148 -39.5299
-896.028 -5876.98 301.324 40148 -39.5183
-897.081 -5875.7 301.348 40148 -39.5183
-898.135 -5874.42 301.373 40148 -39.5298
-899.191 -5873.14 301.398 40148 -39.5414
-900.248 -5871.86 301.424 40148 -39.5644
-901.304 -5870.58 301.449 40148 -39.5529
-902.359 -5869.31 301.474 40148 -39.576
-903.413 -5868.03 301.498 40148 -39.576
-747.328 -6011.98 0 0 -39.576
-748.289 -6011.32 0 0 -39.576
-749.249 -6010.67 0 0 -39.576
-750.209 -6010.01 0 0 -39.576
-751.17 -6009.36 0 0 -39.576
-752.128 -6008.7 0 0 -39.576
-753.072 -6008.02 0 0 -39.576
-754.014 -6007.34 0 0 -39.576
-754.953 -6006.66 0 0 -39.576
-755.894 -6005.98 0 0 -39.576
-756.861 -6005.3 0 0 -39.576
-757.859 -6004.6 0 0 -39.576
-758.88 -6003.84 0 0 -39.576
-759.927 -6003.08 0 0 -39.576
-760.973 -6002.32 0 0 -39.576
-762.009 -6001.58 0 0 -39.576
-763.058 -6000.83 0 0 -39.576
-764.117 -6000.06 0 0 -39.576
-765.186 -5999.29 0 0 -39.576
-766.245 -5998.52 0 0 -39.576
-767.293 -5997.74 0 0 -39.576
-768.333 -5996.96 0 0 -39.576
-769.366 -5996.18 0 0 -39.576
-770.389 -5995.4 0 0 0
