-594.529 -6115.07 293.854 20149 -57.902
-594.584 -6115.04 293.855 20149 -57.902
-594.663 -6114.98 293.856 20149 -57.902
-594.781 -6114.89 293.857 20149 -57.902
-594.923 -6114.8 293.859 20149 -57.902
-595.068 -6114.71 293.861 20149 -57.902
-595.21 -6114.62 293.863 20149 -57.902
-595.35 -6114.53 293.865 20149 -57.902
-595.489 -6114.44 293.867 20149 -57.902
-595.625 -6114.35 293.868 20149 -57.902
-595.764 -6114.26 293.87 20149 -57.902
-595.927 -6114.17 293.872 20149 -57.902
-596.125 -6114.06 293.875 20149 -57.902
-596.348 -6113.9 293.878 20149 -57.902
-596.607 -6113.72 293.881 20149 -57.902
-596.889 -6113.54 293.885 20149 -57.902
-597.175 -6113.36 293.888 20149 -57.902
-597.457 -6113.18 293.892 20149 -57.902
-597.737 -6113 293.896 20149 -57.902
-598.018 -6112.82 293.899 20149 -57.902
-598.299 -6112.64 293.903 20149 -57.902
-598.58 -6112.46 293.906 20149 -57.902
-598.861 -6112.28 293.91 20149 -57.902
-599.142 -6112.1 293.914 20149 -57.902
-599.423 -6111.92 293.917 20149 -57.902
-599.703 -6111.74 293.921 20149 -57.902
-599.984 -6111.56 293.925 20149 -57.902
-600.265 -6111.39 293.928 20149 -57.902
-600.547 -6111.21 293.932 20149 -57.902
-600.832 -6111.02 293.936 20149 -57.902
-601.112 -6110.84 293.939 20149 -57.902
-601.377 -6110.67 293.943 20149 -57.902
-601.628 -6110.51 293.946 20149 -57.902
-601.861 -6110.37 293.949 20149 -57.902
-602.092 -6110.22 293.952 20149 -57.902
-602.325 -6110.07 293.955 20149 -57.902
-602.559 -6109.92 293.958 20149 -57.902
-602.793 -6109.77 293.961 20149 -57.902
-603.027 -6109.62 293.964 20149 -57.902
-603.261 -6109.47 293.967 20149 -57.902
-603.494 -6109.32 293.97 20149 -57.902
-603.725 -6109.17 293.973 20149 -57.902
-603.958 -6109.03 293.976 20149 -57.902
-604.209 -6108.87 293.979 20149 -57.902
-604.474 -6108.7 293.983 20149 -57.902
-604.754 -6108.52 293.986 20149 -57.902
-605.039 -6108.33 293.99 20149 -57.902
-605.321 -6108.15 293.994 20149 -57.902
-605.602 -6107.98 293.998 20149 -57.902
-605.883 -6107.8 294.003 20149 -57.902
-606.163 -6107.62 294.007 20149 -57.902
-606.441 -6107.44 294.012 20149 -57.902
-606.719 -6107.26 294.016 20149 -57.902
-607.013 -6107.08 294.021 20149 -57.902
-607.329 -6106.89 294.026 20149 -57.902
-607.671 -6106.66 294.032 20149 -57.902
-608.037 -6106.42 294.038 20149 -57.902
-608.417 -6106.18 294.044 20149 -57.902
-608.799 -6105.94 294.05 20149 -57.902
-609.177 -6105.7 294.056 20149 -57.902
-609.555 -6105.46 294.062 20149 -57.902
-609.933 -6105.22 294.069 20149 -57.902
-610.31 -6104.98 294.075 20149 -57.902
-610.686 -6104.74 294.081 20149 -57.902
-611.061 -6104.5 294.087 20149 -57.902
-611.437 -6104.25 294.093 20149 -57.902
-611.814 -6104.01 294.099 20149 -57.902
-612.192 -6103.77 294.106 20149 -57.902
-612.57 -6103.53 294.112 20149 -57.902
-612.948 -6103.3 294.118 20149 -57.902
-613.326 -6103.06 294.124 20149 -57.902
-613.704 -6102.82 294.13 20149 -57.902
-614.085 -6102.58 294.136 20149 -57.902
-614.463 -6102.34 294.143 20149 -57.902
-614.84 -6102.1 294.149 20149 -57.902
-615.229 -6101.86 294.155 20149 -59.5184
-615.66 -6101.61 294.162 20149 -59.9448
-616.133 -6101.33 294.169 20149 -60.8996
-616.647 -6101.05 294.178 20149 -61.7101
-617.211 -6100.74 294.186 20149 -61.867
-617.799 -6100.43 294.196 20149 -58.9087
-618.376 -6100.08 294.205 20149 -57.0028
-618.937 -6099.72 294.214 20149 -57.8165
-619.501 -6099.36 294.223 30149 -57.6998
-620.064 -6099 294.236 30149 -57.6998
-620.627 -6098.65 294.25 30149 -57.6712
-621.19 -6098.29 294.263 30149 -57.6998
-621.753 -6097.94 294.277 30149 -57.6998
-622.317 -6097.58 294.29 30149 -57.6998
-622.88 -6097.22 294.304 30149 -57.6998
-623.443 -6096.87 294.317 30149 -57.6712
-624.006 -6096.51 294.331 30149 -57.7285
-624.57 -6096.16 294.344 30149 -57.6998
-625.134 -6095.8 294.358 30149 -57.6998
-625.697 -6095.44 294.371 30149 -57.6998
-626.26 -6095.09 294.385 30149 -57.6998
-626.823 -6094.73 294.398 30149 -57.6999
-627.387 -6094.37 294.412 30149 -57.6996
-627.949 -6094.02 294.425 30149 -57.6993
-628.509 -6093.67 294.438 30149 -57.671
-629.071 -6093.31 294.452 30149 -58.1791
-629.649 -6092.95 294.466 30149 -57.7046
-630.245 -6092.57 294.48 30149 -57.7339
-630.867 -6092.18 294.495 30149 -57.6608
-631.513 -6091.77 294.51 30149 -57.6896
-632.184 -6091.35 294.526 30149 -57.2965
-632.873 -6090.91 294.543 30149 -57.7171
-633.578 -6090.46 294.56 30149 -57.6946
-634.286 -6090.01 294.577 30149 -57.6942
-634.991 -6089.57 294.594 30149 -57.694
-635.695 -6089.12 294.61 30149 -57.717
-636.399 -6088.68 294.627 30149 -57.6941
-637.103 -6088.23 294.644 30149 -57.6941
-637.808 -6087.79 294.661 30149 -57.6941
-638.512 -6087.34 294.678 30149 -57.6941
-639.216 -6086.9 294.695 30149 -57.7169
-639.919 -6086.45 294.711 30149 -57.6935
-640.619 -6086.01 294.728 30149 -57.6939
-641.321 -6085.57 294.745 30149 -58.6129
-642.05 -6085.12 294.762 30149 -57.8589
-642.807 -6084.64 294.781 30149 -57.1688
-643.585 -6084.14 294.799 30149 -57.1436
-644.36 -6083.64 294.818 30149 -58.4209
-645.118 -6083.18 294.837 30149 -58.6489
-645.862 -6082.72 294.854 30149 -58.9804
-646.623 -6082.27 294.873 30149 -57.4842
-647.413 -6081.76 294.892 30149 -57.1393
-648.237 -6081.23 294.912 30149 -57.9584
-649.087 -6080.7 294.932 30149 -57.9586
-649.938 -6080.17 294.953 30149 -57.9394
-650.787 -6079.63 294.974 30149 -57.9396
-651.638 -6079.1 294.994 30149 -57.9583
-652.486 -6078.57 295.015 30149 -57.626
-653.315 -6078.04 295.035 30149 -58.2543
-654.128 -6077.54 295.054 30149 -57.9743
-654.932 -6077.04 295.074 30149 -57.9153
-655.746 -6076.53 295.093 30149 -57.6389
-656.561 -6076.01 295.113 30149 -56.9797
-657.35 -6075.5 295.132 30149 -58.4187
-658.113 -6075.03 295.151 30149 -58.8642
-658.842 -6074.59 295.168 30149 -57.9655
-659.545 -6074.15 295.185 30149 -57.9426
-660.247 -6073.71 295.202 30149 -57.9438
-660.96 -6073.26 295.219 30149 -58.0799
-661.677 -6072.82 295.237 30149 -58.1254
-662.392 -6072.37 295.254 30149 -58.1262
-663.101 -6071.93 295.271 30149 -58.1036
-663.807 -6071.49 295.288 30149 -58.1035
-664.514 -6071.05 295.305 30149 -58.075
-665.221 -6070.61 295.322 30149 -58.0074
-665.928 -6070.17 295.339 30149 -58.0074
-666.634 -6069.73 295.357 30149 -58.0304
-667.341 -6069.29 295.374 30149 -58.0074
-668.048 -6068.85 295.391 30149 -58.0304
-668.754 -6068.4 295.408 30149 -58.0074
-669.461 -6067.96 295.426 30149 -58.0304
-670.167 -6067.52 295.443 30149 -58.0073
-670.875 -6067.08 295.46 30149 -58.0071
-671.585 -6066.64 295.477 30149 -58.0303
-672.293 -6066.19 295.495 30149 -57.6353
-672.984 -6065.76 295.512 30149 -57.9869
-673.655 -6065.34 295.528 30149 -58.4386
-674.306 -6064.94 295.544 30149 -58.0406
-674.942 -6064.54 295.559 30149 -57.9899
-675.574 -6064.15 295.575 30149 -58.0408
-676.208 -6063.75 295.59 30149 -57.9895
-676.846 -6063.35 295.606 30149 -58.04
-677.486 -6062.95 295.621 30149 -58.015
-678.123 -6062.55 295.637 30149 -57.5749
-678.743 -6062.16 295.652 30149 -58.0195
-679.344 -6061.79 295.667 30149 -58.4997
-679.924 -6061.43 295.681 30149 -57.9962
-680.487 -6061.08 295.694 30149 -58.0255
-681.047 -6060.73 295.708 30149 -58.0245
-681.613 -6060.37 295.722 30149 -57.9947
-682.191 -6060.01 295.736 30149 -57.9934
-682.783 -6059.64 295.75 30149 -57.9924
-683.386 -6059.27 295.765 30149 -57.9654
-683.992 -6058.89 295.78 30149 -57.9654
-684.598 -6058.51 295.795 30149 -57.9922
-685.203 -6058.13 295.809 30149 -58.0993
-685.809 -6057.75 295.824 30149 -58.0458
-686.413 -6057.38 295.839 30149 -58.0993
-687.019 -6057 295.854 30149 -57.9334
-687.625 -6056.62 295.868 30149 -57.5375
-688.228 -6056.24 295.883 30149 -57.5246
-688.828 -6055.85 295.898 30149 -57.5525
-689.416 -6055.48 295.913 30149 -57.4977
-689.991 -6055.11 295.927 30149 -57.5263
-690.556 -6054.75 295.941 30149 -57.4977
-691.115 -6054.4 295.955 30149 -57.4977
-691.677 -6054.04 295.968 30149 -57.5262
-692.244 -6053.68 295.982 30149 -57.4977
-692.808 -6053.32 295.996 30149 -56.2888
-693.347 -6052.96 296.01 30149 -56.7681
-693.85 -6052.63 296.022 30149 -58.2761
-694.33 -6052.33 296.034 30149 -59.0428
-694.776 -6052.07 296.045 30149 -59.0428
-695.195 -6051.8 296.055 30149 -59.0428
-695.613 -6051.53 296.066 30149 -57.4977
-696.038 -6051.26 296.076 30149 -57.5357
-696.462 -6050.99 296.086 30149 -57.5357
-696.86 -6050.72 296.096 30149 -57.5357
-697.223 -6050.48 296.106 30149 -57.5357
-697.562 -6050.28 296.114 30149 -57.5357
-697.867 -6050.1 296.121 30149 -57.5357
-698.146 -6049.92 296.128 30149 -57.5357
-698.423 -6049.74 296.135 30149 -57.5357
-698.702 -6049.57 296.142 30149 -57.5357
-698.984 -6049.39 296.149 30149 -57.5357
-699.265 -6049.21 296.156 30149 -57.5357
-699.546 -6049.03 296.163 30149 -57.5357
-699.827 -6048.85 296.17 30149 -57.5357
-700.108 -6048.67 296.176 30149 -57.5357
-700.389 -6048.49 296.183 30149 -57.5357
-700.67 -6048.31 296.19 30149 -57.5357
-700.951 -6048.13 296.197 30149 -57.5357
-701.232 -6047.95 296.204 30149 -57.5357
-701.515 -6047.77 296.211 30149 -57.5357
-701.794 -6047.6 296.218 30149 -57.5357
-702.066 -6047.42 296.225 30149 -57.5357
-702.335 -6047.25 296.231 30149 -57.5357
-702.606 -6047.08 296.238 30149 -57.5357
-702.885 -6046.9 296.245 30149 -57.5357
-703.167 -6046.72 296.252 30149 -57.5357
-703.448 -6046.54 296.259 30149 -57.5357
-703.728 -6046.36 296.266 30149 -57.5357
-704.009 -6046.18 296.273 30149 -57.5357
-704.289 -6046 296.28 30149 -57.5357
-704.569 -6045.82 296.287 30149 -57.5357
-704.849 -6045.64 296.294 30149 -57.5357
-705.13 -6045.46 296.301 30149 -57.5357
-705.41 -6045.28 296.308 30149 -57.5357
-705.691 -6045.1 296.314 30149 -57.5357
-705.97 -6044.92 296.321 30149 -57.5357
-706.246 -6044.74 296.328 30149 -57.5357
-706.524 -6044.56 296.335 30149 -57.5357
-706.828 -6044.38 296.342 30149 -57.5357
-707.167 -6044.17 296.351 30149 -57.5357
-707.529 -6043.93 296.36 30149 -57.5357
-707.925 -6043.66 296.37 30149 -57.5357
-708.343 -6043.39 296.38 30149 -57.3079
-708.766 -6043.12 296.391 30149 -58.8187
-709.212 -6042.85 296.401 30149 -58.0738
-709.69 -6042.56 296.413 30149 -56.4456
-710.192 -6042.22 296.426 30149 -55.3654
-710.725 -6041.85 296.439 30149 -56.5116
-711.281 -6041.49 296.453 30149 -56.5114
-711.837 -6041.12 296.467 30149 -56.5112
-712.392 -6040.75 296.481 30149 -57.688
-712.971 -6040.39 296.495 30149 -57.1041
-713.584 -6039.99 296.51 30149 -55.9913
-714.221 -6039.56 296.527 30149 -55.5385
-714.892 -6039.1 296.544 30149 -56.5063
-715.589 -6038.64 296.561 30149 -56.5299
-716.288 -6038.17 296.578 30149 -56.5057
-716.983 -6037.72 296.596 30149 -56.5504
-717.673 -6037.26 296.613 30149 -56.5281
-718.366 -6036.8 296.631 30149 -57.4293
-719.084 -6036.34 296.648 30149 -57.0102
-719.836 -6035.85 296.667 30149 -56.0586
-720.612 -6035.33 296.687 30149 -55.7183
-721.422 -6034.78 296.707 30149 -56.5214
-722.257 -6034.23 296.728 30149 -56.522
-723.095 -6033.67 296.749 30149 -56.5213
-723.93 -6033.12 296.77 30149 -56.5017
-724.763 -6032.57 296.791 30149 -56.521
-725.597 -6032.02 296.812 30149 -56.5401
-726.43 -6031.47 296.833 30149 -56.5211
-727.264 -6030.92 296.853 30149 -56.5206
-728.097 -6030.37 296.874 30149 -56.5006
-728.925 -6029.82 296.895 30149 -56.5397
-729.757 -6029.27 296.916 30149 -57.2932
-730.614 -6028.72 296.937 30149 -56.927
-731.508 -6028.14 296.959 30149 -56.0683
-732.426 -6027.52 296.983 30149 -54.8139
-733.37 -6026.85 297.007 30149 -55.454
-734.351 -6026.18 297.032 30149 -55.6788
-735.332 -6025.51 297.056 30149 -55.7129
-736.299 -6024.85 297.081 30149 -55.6974
-737.26 -6024.19 297.105 30149 -55.6807
-738.223 -6023.53 297.129 30149 -55.6971
-739.187 -6022.88 297.154 30149 -55.6971
-740.15 -6022.22 297.178 30149 -55.7134
-741.114 -6021.56 297.203 30149 -55.6643
-742.077 -6020.9 297.227 30149 -55.7134
-743.04 -6020.25 297.251 30149 -55.6971
-744.004 -6019.59 297.276 30149 -55.6971
-744.967 -6018.93 297.3 30149 -55.6971
-745.931 -6018.28 297.324 30149 -55.6807
-746.894 -6017.62 297.349 30149 -55.7134
-747.858 -6016.96 297.373 30149 -55.6971
-748.821 -6016.3 297.398 30149 -55.697
-749.785 -6015.65 297.422 30149 -55.2059
-750.743 -6014.98 297.446 30149 -56.3181
-751.715 -6014.33 297.471 30149 -58.0126
-752.708 -6013.71 297.495 30149 -58.9358
-753.714 -6013.11 297.52 30149 -57.4635
-754.699 -6012.48 297.544 30149 -54.271
-755.63 -6011.81 297.568 30149 0
