-575.589 -6127.74 293.665 20149 -57.8824
-575.589 -6127.74 293.665 20149 -57.8824
-575.589 -6127.74 293.665 20149 -57.8824
-575.589 -6127.74 293.665 20149 -57.8824
-575.589 -6127.74 293.665 20149 -57.8824
-575.589 -6127.74 293.665 20149 -57.8824
-575.589 -6127.74 293.665 20149 -57.8824
-575.589 -6127.74 293.665 20149 -57.8824
-575.589 -6127.74 293.665 20149 -57.8824
-575.589 -6127.74 293.665 20149 -57.8824
-575.589 -6127.74 293.665 20149 -57.8824
-575.589 -6127.74 293.665 20149 -57.8824
-575.589 -6127.74 293.665 20149 -57.8824
-575.589 -6127.74 293.665 20149 -57.8824
-575.589 -6127.74 293.665 20149 -57.8824
-575.589 -6127.74 293.665 20149 -57.8824
-575.589 -6127.74 293.665 20149 -57.8824
-575.589 -6127.74 293.665 20149 -57.8824
-575.589 -6127.74 293.665 20149 -57.8824
-575.589 -6127.74 293.665 20149 -57.8824
-575.589 -6127.74 293.665 20149 -57.8824
-575.589 -6127.74 293.665 20149 -57.8824
-575.589 -6127.74 293.665 20149 -57.8824
-575.589 -6127.74 293.665 20149 -57.8824
-575.589 -6127.74 293.665 20149 -57.8824
-575.589 -6127.74 293.665 20149 -57.8824
-575.589 -6127.74 293.665 20149 -57.8824
-575.589 -6127.74 293.665 20149 -57.8824
-575.589 -6127.74 293.665 20149 -57.8824
-575.589 -6127.74 293.665 20149 -57.8824
-575.589 -6127.74 293.665 20149 -57.8824
-575.589 -6127.74 293.665 20149 -57.8824
-575.589 -6127.74 293.665 20149 -57.8824
-575.589 -6127.74 293.665 20149 -57.8824
-575.589 -6127.74 293.665 20149 -57.8824
-575.589 -6127.74 293.665 20149 -57.8824
-575.589 -6127.74 293.665 20149 -57.8824
-575.589 -6127.74 293.665 20149 -57.8824
-575.589 -6127.74 293.665 20149 -57.8824
-575.589 -6127.74 293.665 20149 -57.8824
-575.589 -6127.74 293.665 20149 -57.8824
-575.589 -6127.74 293.665 20149 -57.8824
-575.589 -6127.74 293.665 20149 -57.8824
-575.589 -6127.74 293.665 20149 -57.8824
-575.6 -6127.74 293.665 20149 -57.8824
-575.655 -6127.72 293.665 20149 -57.8824
-575.734 -6127.66 293.665 20149 -57.8824
-575.853 -6127.57 293.666 20149 -57.8824
-575.995 -6127.48 293.667 20149 -57.8824
-576.136 -6127.39 293.668 20149 -57.8824
-576.276 -6127.3 293.669 20149 -57.8824
-576.439 -6127.21 293.67 20149 -57.8824
-576.638 -6127.1 293.671 20149 -57.8824
-576.862 -6126.95 293.672 20149 -57.8824
-577.121 -6126.77 293.675 20149 -57.8824
-577.405 -6126.59 293.677 20149 -57.8824
-577.692 -6126.41 293.68 20149 -57.8824
-577.975 -6126.23 293.683 20149 -57.8824
-578.256 -6126.05 293.685 20149 -57.8824
-578.538 -6125.87 293.688 20149 -57.8824
-578.82 -6125.7 293.691 20149 -57.8824
-579.102 -6125.52 293.693 20149 -57.8824
-579.384 -6125.34 293.696 20149 -57.8824
-579.665 -6125.16 293.699 20149 -57.8824
-579.947 -6124.98 293.701 20149 -57.8824
-580.23 -6124.81 293.704 20149 -57.8824
-580.516 -6124.63 293.707 20149 -57.8824
-580.798 -6124.45 293.709 20149 -57.8824
-581.068 -6124.28 293.712 20149 -57.8824
-581.322 -6124.13 293.714 20149 -57.8824
-581.558 -6123.99 293.716 20149 -57.8824
-581.789 -6123.85 293.719 20149 -57.8824
-582.025 -6123.68 293.721 20149 -57.8824
-582.27 -6123.51 293.723 20149 -57.8824
-582.519 -6123.33 293.726 20149 -57.8824
-582.765 -6123.15 293.728 20149 -57.8824
-583.011 -6122.98 293.73 20149 -57.8824
-583.257 -6122.81 293.733 20149 -57.8824
-583.503 -6122.63 293.735 20149 -57.8824
-583.749 -6122.46 293.738 20149 -57.8824
-583.995 -6122.28 293.74 20149 -57.8824
-584.241 -6122.11 293.742 20149 -57.8824
-584.487 -6121.93 293.745 20149 -57.8824
-584.733 -6121.76 293.747 20149 -57.8824
-584.98 -6121.59 293.75 20149 -57.8824
-585.225 -6121.41 293.752 20149 -57.8824
-585.471 -6121.24 293.754 20149 -57.8824
-585.718 -6121.06 293.757 20149 -57.8824
-585.963 -6120.89 293.759 20149 -57.8824
-586.21 -6120.71 293.762 20149 -57.8824
-586.455 -6120.54 293.764 20149 -57.8824
-586.701 -6120.37 293.766 20149 -57.8824
-586.947 -6120.19 293.769 20149 -57.8824
-587.193 -6120.02 293.771 20149 -57.8824
-587.439 -6119.84 293.774 20149 -57.8824
-587.685 -6119.67 293.776 20149 -57.8824
-587.932 -6119.49 293.778 20149 -57.8824
-588.176 -6119.32 293.781 20149 -57.8824
-588.415 -6119.15 293.783 20149 -57.8824
-588.668 -6118.98 293.786 20149 -57.8824
-588.966 -6118.8 293.788 20149 -57.8824
-589.301 -6118.57 293.792 20149 -57.8824
-589.684 -6118.32 293.795 20149 -54.8784
-590.1 -6118.03 293.799 20149 -57.008
-590.576 -6117.72 293.804 20149 -57.4356
-591.077 -6117.4 293.809 20149 -57.4089
-591.571 -6117.08 293.815 20149 -57.4384
-592.062 -6116.77 293.821 20149 -57.4042
-592.551 -6116.46 293.828 20149 -57.6339
-593.041 -6116.15 293.834 20149 -57.2143
-593.534 -6115.83 293.84 20149 -56.6686
-594.041 -6115.5 293.847 20149 -56.1764
-594.566 -6115.14 293.854 20149 -56.0912
-595.11 -6114.78 293.861 20149 -57.2673
-595.671 -6114.42 293.868 20149 -57.5838
-596.236 -6114.06 293.876 20149 -57.4401
-596.799 -6113.7 293.883 20149 -57.4103
-597.361 -6113.34 293.89 20149 -57.4392
-597.923 -6112.98 293.897 20149 -57.3819
-598.484 -6112.62 293.905 20149 -57.4678
-599.046 -6112.26 293.912 20149 -57.3819
-599.608 -6111.9 293.919 20149 -57.4392
-600.17 -6111.55 293.926 20149 -57.4105
-600.731 -6111.19 293.934 20149 -57.4389
-601.293 -6110.83 293.941 20149 -57.4108
-601.855 -6110.47 293.948 20149 -57.4392
-602.417 -6110.11 293.955 20149 -57.4105
-602.978 -6109.75 293.963 20149 -57.4389
-603.54 -6109.39 293.97 20149 -57.3819
-604.101 -6109.03 293.977 20149 -57.4394
-604.664 -6108.67 293.984 20149 -57.4098
-605.224 -6108.32 293.992 20149 -57.4199
-605.783 -6107.96 294 20149 -57.3129
-606.343 -6107.6 294.009 20149 -58.225
-606.92 -6107.24 294.019 20149 -58.729
-607.522 -6106.88 294.028 20149 -58.7458
-608.151 -6106.49 294.039 20149 -59.2192
-608.806 -6106.1 294.049 20149 -60.0842
-609.478 -6105.72 294.06 20149 -59.7823
-610.15 -6105.33 294.07 20149 -59.5423
-610.818 -6104.93 294.081 20149 -59.4458
-611.484 -6104.54 294.092 20149 -59.5458
-612.151 -6104.15 294.102 20149 -59.7943
-612.818 -6103.76 294.113 20149 -60.0596
-613.49 -6103.37 294.124 20149 -59.7378
-614.16 -6102.98 294.134 20149 -59.3575
-614.832 -6102.58 294.145 20149 -60.3322
-615.533 -6102.18 294.156 20149 -59.5827
-616.274 -6101.75 294.168 20149 -59.0368
-617.048 -6101.28 294.18 20149 -58.0161
-617.853 -6100.78 294.194 20149 -58.4519
-618.703 -6100.26 294.207 20149 -58.7684
-619.564 -6099.74 294.221 20149 -58.6523
-620.422 -6099.22 294.24 30149 -58.6628
-621.277 -6098.69 294.261 30149 -58.6584
-622.137 -6098.17 294.281 30149 -58.6072
-622.991 -6097.65 294.301 30149 -57.3085
-623.799 -6097.13 294.321 30149 -57.7648
-624.568 -6096.65 294.339 30149 -58.0068
-625.301 -6096.19 294.356 30149 -58.5834
-625.996 -6095.76 294.373 30149 -56.9471
-626.645 -6095.34 294.389 30149 -56.8901
-627.288 -6094.92 294.404 30149 -56.9194
-627.935 -6094.5 294.42 30149 -56.8985
-628.584 -6094.08 294.435 30149 -56.8974
-629.232 -6093.66 294.451 30149 -56.8977
-629.881 -6093.23 294.467 30149 -56.922
-630.529 -6092.81 294.482 30149 -56.8977
-631.178 -6092.39 294.498 30149 -56.873
-631.826 -6091.96 294.514 30149 -56.922
-632.474 -6091.54 294.529 30149 -56.8976
-633.123 -6091.12 294.545 30149 -56.8972
-633.771 -6090.7 294.561 30149 -56.8976
-634.42 -6090.27 294.576 30149 -56.9219
-635.068 -6089.85 294.592 30149 -56.8729
-635.716 -6089.43 294.607 30149 -56.8972
-636.364 -6089.01 294.623 30149 -56.9222
-637.013 -6088.58 294.639 30149 -56.8975
-637.661 -6088.16 294.654 30149 -56.8971
-638.31 -6087.74 294.67 30149 -56.8975
-638.958 -6087.32 294.686 30149 -56.9218
-639.606 -6086.89 294.701 30149 -56.8971
-640.254 -6086.47 294.717 30149 -56.8975
-640.903 -6086.05 294.733 30149 -56.8974
-641.551 -6085.63 294.748 30149 -56.9285
-642.199 -6085.2 294.764 30149 -57.1373
-642.851 -6084.78 294.78 30149 -57.0989
-643.502 -6084.36 294.796 30149 -57.1435
-644.15 -6083.94 294.811 30149 -57.3821
-644.791 -6083.53 294.827 30149 -57.7019
-645.421 -6083.13 294.842 30149 -57.9567
-646.045 -6082.74 294.857 30149 -57.9824
-646.664 -6082.36 294.872 30149 -57.9564
-647.285 -6081.97 294.887 30149 -57.9304
-647.906 -6081.58 294.902 30149 -57.9566
-648.527 -6081.19 294.917 30149 -57.9569
-649.152 -6080.8 294.932 30149 -57.9308
-649.775 -6080.41 294.948 30149 -57.7981
-650.39 -6080.02 294.962 30149 -57.6556
-650.986 -6079.64 294.977 30149 -58.2602
-651.562 -6079.29 294.991 30149 -58.0929
-652.119 -6078.94 295.004 30149 -57.9757
-652.668 -6078.6 295.017 30149 -57.9165
-653.215 -6078.25 295.031 30149 -57.9465
-653.766 -6077.91 295.044 30149 -57.9465
-654.317 -6077.56 295.057 30149 -57.9465
-654.868 -6077.22 295.071 30149 -58.1524
-655.419 -6076.88 295.084 30149 -57.7697
-655.968 -6076.53 295.097 30149 -56.9454
-656.512 -6076.18 295.11 30149 -56.6892
-657.058 -6075.82 295.124 30149 -56.9346
-657.611 -6075.46 295.137 30149 -57.8049
-658.173 -6075.1 295.151 30149 -58.1205
-658.74 -6074.75 295.165 30149 -57.9488
-659.306 -6074.4 295.178 30149 -57.9485
-659.869 -6074.04 295.192 30149 -57.9489
-660.435 -6073.69 295.206 30149 -57.9216
-661.007 -6073.33 295.219 30149 -58.1192
-661.583 -6072.97 295.233 30149 -58.1195
-662.157 -6072.62 295.247 30149 -58.0918
-662.724 -6072.26 295.261 30149 -58.1209
-663.288 -6071.91 295.274 30149 -58.1207
-663.854 -6071.56 295.288 30149 -58.1204
-664.421 -6071.21 295.302 30149 -58.0741
-664.991 -6070.85 295.315 30149 -58.0245
-665.556 -6070.5 295.329 30149 -57.5291
-666.107 -6070.15 295.343 30149 -57.9995
-666.639 -6069.82 295.356 30149 -57.9706
-667.146 -6069.5 295.368 30149 -58.0729
-667.629 -6069.2 295.38 30149 -58.045
-668.086 -6068.91 295.391 30149 -58.6082
-668.524 -6068.65 295.402 30149 -58.6082
-668.948 -6068.38 295.412 30149 -58.6082
-669.368 -6068.12 295.422 30149 -58.6082
-669.791 -6067.86 295.433 30149 -58.015
-670.215 -6067.59 295.443 30149 -58.015
-670.639 -6067.33 295.453 30149 -58.015
-671.063 -6067.06 295.464 30149 -58.015
-671.487 -6066.8 295.474 30149 -58.015
-671.911 -6066.53 295.484 30149 -58.015
-672.335 -6066.27 295.495 30149 -58.015
-672.759 -6066 295.505 30149 -58.015
-673.183 -6065.74 295.515 30149 -57.9768
-673.607 -6065.47 295.526 30149 -57.9768
-674.031 -6065.21 295.536 30149 -57.9768
-674.455 -6064.94 295.546 30149 -57.9768
-674.879 -6064.68 295.557 30149 -57.9768
-675.303 -6064.41 295.567 30149 -58.015
-675.728 -6064.15 295.577 30149 -58.0143
-676.156 -6063.88 295.588 30149 -57.7486
-676.581 -6063.61 295.598 30149 -57.7486
-676.991 -6063.35 295.608 30149 -57.7486
-677.377 -6063.12 295.617 30149 -57.7486
-677.736 -6062.91 295.626 30149 -57.7486
-678.072 -6062.72 295.634 30149 -57.7486
-678.389 -6062.51 295.642 30149 -57.7486
-678.705 -6062.3 295.65 30149 -57.7486
-679.026 -6062.09 295.658 30149 -57.7486
-679.346 -6061.88 295.666 30149 -57.7486
-679.667 -6061.67 295.673 30149 -57.7486
-679.987 -6061.46 295.681 30149 -57.7486
-680.307 -6061.25 295.689 30149 -57.7486
-680.627 -6061.04 295.697 30149 -57.7486
-680.947 -6060.83 295.705 30149 -57.7486
-681.268 -6060.62 295.713 30149 -57.7486
-681.588 -6060.41 295.721 30149 -57.7486
-681.908 -6060.2 295.729 30149 -57.7486
-682.228 -6059.99 295.737 30149 -57.7486
-682.549 -6059.78 295.745 30149 -57.7486
-682.867 -6059.58 295.753 30149 -57.7486
-683.181 -6059.37 295.76 30149 -57.7486
-683.505 -6059.16 295.768 30149 -57.7486
-683.89 -6058.94 295.777 30149 -57.7486
-684.31 -6058.68 295.788 30149 -58.7715
-684.781 -6058.39 295.799 30149 -57.2388
-685.286 -6058.07 295.811 30149 -59.2412
-685.853 -6057.73 295.825 30149 -59.4493
-686.43 -6057.39 295.839 30149 -59.4033
-687.003 -6057.05 295.853 30149 -59.376
-687.572 -6056.72 295.866 30149 -58.9886
-688.14 -6056.37 295.88 30149 -58.9692
-688.707 -6056.03 295.894 30149 -58.9396
-689.274 -6055.69 295.908 30149 -58.9972
-689.842 -6055.35 295.922 30149 -58.9403
-690.409 -6055.01 295.935 30149 -58.9395
-690.977 -6054.67 295.949 30149 -58.9683
-691.544 -6054.32 295.963 30149 -58.9682
-692.112 -6053.98 295.977 30149 -58.938
-692.68 -6053.64 295.99 30149 -58.9719
-693.246 -6053.3 296.004 30149 -58.9846
-693.808 -6052.96 296.018 30149 -59.1465
-694.375 -6052.62 296.032 30149 -59.976
-694.975 -6052.28 296.046 30149 -57.8326
-695.603 -6051.88 296.061 30149 -57.3027
-696.262 -6051.46 296.078 30149 -55.5466
-696.948 -6050.99 296.095 30149 -56.3932
-697.668 -6050.51 296.113 30149 -56.4878
-698.394 -6050.03 296.131 30149 -56.5033
-699.115 -6049.55 296.149 30149 -56.5232
-699.834 -6049.08 296.167 30149 0
