6.94953e-310 4.68504e-310 0 0 0
-391.632 -6237.89 0 0 0
-391.88 -6237.75 0 0 0
-392.115 -6237.62 0 0 0
-392.339 -6237.49 0 0 0
-392.563 -6237.36 0 0 0
-392.799 -6237.22 0 0 0
-393.044 -6237.07 0 0 0
-393.289 -6236.93 0 0 0
-393.533 -6236.78 0 0 0
-393.777 -6236.64 0 0 0
-394.021 -6236.49 0 0 0
-394.265 -6236.35 0 0 0
-394.509 -6236.2 0 0 0
-394.753 -6236.06 0 0 0
-394.997 -6235.91 0 0 0
-395.24 -6235.77 0 0 0
-395.48 -6235.63 0 0 0
-395.721 -6235.48 0 0 0
-395.989 -6235.35 0 0 0
-396.287 -6235.18 0 0 0
-396.605 -6234.98 0 0 0
-396.954 -6234.75 0 0 0
-397.312 -6234.51 0 0 0
-397.669 -6234.27 0 0 0
-398.022 -6234.03 0 0 0
-398.371 -6233.8 0 0 0
-398.719 -6233.57 0 0 0
-399.077 -6233.32 0 0 0
-399.462 -6233.07 0 0 0
-399.875 -6232.79 0 0 0
-400.315 -6232.49 0 0 0
-400.779 -6232.2 0 0 0
-401.245 -6231.91 0 0 0
-401.708 -6231.62 0 0 0
-402.17 -6231.33 0 0 0
-402.632 -6231.04 0 0 0
-403.094 -6230.75 0 0 0
-403.556 -6230.46 0 0 0
-404.018 -6230.17 0 0 0
-404.48 -6229.88 0 0 0
-404.943 -6229.59 0 0 0
-405.405 -6229.3 0 0 0
-405.867 -6229.01 0 0 0
-406.328 -6228.72 0 0 0
-406.791 -6228.43 0 0 0
-407.265 -6228.13 0 0 0
-407.711 -6227.85 0 0 0
-408.128 -6227.58 0 0 0
-408.5 -6227.34 0 0 0
-408.867 -6227.1 0 0 0
-409.264 -6226.86 0 0 0
-409.675 -6226.61 0 0 0
-410.076 -6226.36 0 0 0
-410.478 -6226.11 0 0 0
-410.881 -6225.86 0 0 0
-411.284 -6225.61 0 0 0
-411.687 -6225.37 0 0 0
-412.09 -6225.12 0 0 0
-412.493 -6224.87 0 0 0
-412.895 -6224.62 0 0 0
-413.298 -6224.37 0 0 0
-413.701 -6224.12 0 0 0
-414.104 -6223.87 0 0 0
-414.507 -6223.63 0 0 0
-414.909 -6223.38 0 0 0
-415.313 -6223.13 0 0 0
-415.721 -6222.88 0 0 0
-416.123 -6222.63 0 0 0
-416.504 -6222.38 0 0 0
-416.868 -6222.16 0 0 0
-417.214 -6221.95 0 0 0
-417.568 -6221.73 0 0 0
-417.938 -6221.49 0 0 0
-418.33 -6221.23 0 0 0
-418.738 -6220.98 0 0 0
-419.143 -6220.73 0 0 0
-419.547 -6220.48 0 0 0
-419.95 -6220.23 0 0 0
-420.354 -6219.98 0 0 0
-420.76 -6219.73 0 0 0
-421.159 -6219.47 0 0 0
-421.559 -6219.24 0 0 0
-421.966 -6219.05 0 0 0
-422.374 -6218.87 0 0 0
-422.781 -6218.69 0 0 0
-423.18 -6218.45 0 0 0
-423.579 -6218.19 0 0 0
-423.987 -6217.94 0 0 0
-424.394 -6217.69 0 0 0
-424.796 -6217.44 0 0 0
-425.179 -6217.19 0 0 0
-425.539 -6216.96 0 0 0
-425.88 -6216.76 0 0 0
-426.2 -6216.56 0 0 0
-426.53 -6216.36 0 0 0
-426.871 -6216.15 0 0 0
-427.232 -6215.92 0 0 0
-427.609 -6215.69 0 0 0
-428.001 -6215.45 0 0 0
-428.407 -6215.19 0 0 0
-428.826 -6214.93 0 0 0
-429.249 -6214.66 0 0 0
-429.684 -6214.4 0 0 0
-430.138 -6214.12 0 0 0
-430.607 -6213.82 0 0 0
-431.073 -6213.52 0 0 0
-431.528 -6213.24 0 0 0
-431.97 -6212.97 0 0 0
-432.421 -6212.69 0 0 0
-432.887 -6212.4 0 0 0
-433.368 -6212.1 0 0 0
-433.853 -6211.8 0 0 0
-434.334 -6211.5 0 0 0
-434.816 -6211.2 0 0 0
-435.306 -6210.89 0 0 0
-435.782 -6210.59 0 0 0
-436.219 -6210.32 0 0 0
-436.632 -6210.06 0 0 0
-437.035 -6209.8 0 0 0
-437.474 -6209.51 0 0 0
-437.936 -6209.2 0 0 0
-438.409 -6208.89 0 0 0
-438.885 -6208.57 0 0 0
-439.359 -6208.26 0 0 0
-439.831 -6207.94 0 0 0
-440.303 -6207.63 0 0 0
-440.776 -6207.32 0 0 0
-441.248 -6207 0 0 0
-441.721 -6206.69 0 0 0
-442.193 -6206.38 0 0 0
-442.665 -6206.07 0 0 0
-443.138 -6205.75 0 0 0
-443.611 -6205.44 0 0 0
-444.087 -6205.12 0 0 0
-444.559 -6204.81 0 0 0
-445.017 -6204.5 0 0 0
-445.466 -6204.21 0 0 0
-445.902 -6203.92 0 0 0
-446.334 -6203.64 0 0 0
-446.746 -6203.35 0 0 0
-447.139 -6203.09 0 0 0
-447.514 -6202.85 0 0 0
-447.867 -6202.62 0 0 0
-448.217 -6202.39 0 0 0
-448.571 -6202.15 0 0 0
-506.676 -6164.31 293.707 20148 -57.8649
-507.068 -6164.17 293.704 20148 -57.8649
-507.46 -6164.03 293.701 20148 -57.8649
-507.852 -6163.89 293.698 20148 -57.8649
-508.251 -6163.75 293.695 20148 -57.8649
-508.638 -6163.61 293.693 20148 -57.8649
-508.995 -6163.49 293.69 20148 -57.8649
-509.343 -6163.38 293.688 20148 -57.8649
-509.699 -6163.25 293.685 20148 -57.8649
-510.083 -6163.11 293.682 20148 -57.8649
-510.484 -6162.96 293.679 20148 -57.8649
-510.881 -6162.82 293.677 20148 -57.8649
-511.257 -6162.67 293.674 20148 -57.8649
-511.572 -6162.54 293.672 20148 -57.8649
-511.844 -6162.44 293.67 20148 -57.8649
-512.074 -6162.37 293.668 20148 -57.8649
-512.242 -6162.32 293.667 20148 -57.8649
-512.37 -6162.23 293.666 20148 -57.8649
-512.505 -6162.15 293.665 20148 -57.8649
-512.648 -6162.06 293.663 20148 -57.8649
-512.792 -6161.97 293.662 20148 -57.8649
-512.933 -6161.88 293.661 20148 -57.8649
-513.074 -6161.79 293.66 20148 -57.8649
-513.216 -6161.71 293.659 20148 -57.8649
-513.358 -6161.62 293.658 20148 -57.8649
-513.499 -6161.53 293.657 20148 -57.8649
-513.641 -6161.44 293.655 20148 -57.8649
-513.783 -6161.36 293.654 20148 -57.8649
-513.924 -6161.27 293.653 20148 -57.8649
-514.066 -6161.18 293.652 20148 -57.8649
-514.208 -6161.09 293.651 20148 -57.8649
-514.35 -6161.01 293.65 20148 -57.8649
-514.491 -6160.92 293.648 20148 -57.8649
-514.633 -6160.83 293.647 20148 -57.8649
-514.775 -6160.74 293.646 20148 -57.8649
-514.916 -6160.65 293.645 20148 -57.8649
-515.058 -6160.57 293.644 20148 -57.8649
-515.2 -6160.48 293.643 20148 -57.8649
-515.341 -6160.39 293.642 20148 -57.8649
-515.483 -6160.3 293.64 20148 -57.8649
-515.625 -6160.22 293.639 20148 -57.8649
-515.766 -6160.13 293.638 20148 -57.8649
-515.908 -6160.04 293.637 20148 -57.8649
-516.05 -6159.95 293.636 20148 -57.8649
-516.192 -6159.86 293.635 20148 -57.8649
-516.333 -6159.78 293.634 20148 -57.8649
-516.475 -6159.69 293.632 20148 -57.8649
-516.617 -6159.6 293.631 20148 -57.8649
-516.758 -6159.51 293.631 20148 -57.8649
-516.9 -6159.43 293.63 20148 -57.8649
-517.042 -6159.34 293.63 20148 -57.8649
-517.183 -6159.25 293.629 20148 -57.8649
-517.325 -6159.16 293.628 20148 -57.8649
-517.466 -6159.07 293.628 20148 -57.8649
-517.609 -6158.99 293.627 20148 -57.8649
-517.755 -6158.9 293.626 20148 -57.8649
-517.899 -6158.81 293.626 20148 -57.8649
-518.018 -6158.72 293.625 20148 -57.8649
-518.102 -6158.66 293.625 20148 -57.8649
-518.16 -6158.63 293.624 20148 -57.8649
-518.184 -6158.63 293.624 20148 -57.8649
-518.183 -6158.63 293.624 20148 -57.8649
-518.186 -6158.63 293.624 20148 -57.8649
-518.224 -6158.6 293.624 20148 -57.8649
-518.29 -6158.54 293.624 20148 -57.8649
-518.395 -6158.45 293.623 20148 -57.8649
-518.529 -6158.37 293.623 20148 -57.8649
-518.666 -6158.29 293.622 20148 -57.8649
-518.8 -6158.21 293.621 20148 -57.8649
-518.931 -6158.12 293.621 20148 -57.8649
-519.064 -6158.04 293.62 20148 -57.8649
-519.196 -6157.96 293.62 20148 -57.8649
-519.328 -6157.88 293.619 20148 -57.8649
-519.46 -6157.8 293.618 20148 -57.8649
-519.593 -6157.71 293.618 20148 -57.8649
-519.725 -6157.63 293.617 20148 -57.8649
-519.857 -6157.55 293.617 20148 -57.8649
-519.989 -6157.47 293.616 20148 -57.8649
-520.121 -6157.39 293.615 20148 -57.8649
-520.254 -6157.3 293.615 20148 -57.8649
-520.386 -6157.22 293.614 20148 -57.8649
-520.518 -6157.14 293.614 20148 -57.8649
-520.651 -6157.06 293.613 20148 -57.8649
-520.783 -6156.98 293.612 20148 -57.8649
-520.915 -6156.9 293.612 20148 -57.8649
-521.047 -6156.81 293.611 20148 -57.8649
-521.179 -6156.73 293.611 20148 -57.8649
-521.312 -6156.65 293.61 20148 -57.8649
-521.445 -6156.57 293.609 20148 -57.8649
-521.575 -6156.49 293.609 20148 -57.8649
-521.7 -6156.41 293.608 20148 -57.8649
-521.835 -6156.33 293.608 20148 -57.8649
-522.023 -6156.24 293.607 20148 -57.8649
-522.244 -6156.11 293.606 20148 -57.8649
-522.51 -6155.95 293.605 20148 -57.8649
-522.81 -6155.75 293.603 20148 -57.8649
-523.163 -6155.54 293.602 20148 -57.8649
-523.525 -6155.33 293.6 20148 -57.8649
-523.882 -6155.12 293.598 20148 -57.8649
-524.237 -6154.92 293.597 20148 -57.8649
-524.592 -6154.71 293.595 20148 -57.8649
-524.948 -6154.5 293.594 20148 -57.8649
-525.303 -6154.29 293.592 20148 -57.8649
-525.658 -6154.09 293.59 20148 -57.8649
-526.014 -6153.88 293.589 20148 -57.8649
-526.369 -6153.67 293.587 20148 -57.8649
-526.724 -6153.47 293.586 20148 -57.8649
-527.079 -6153.26 293.584 20148 -57.8649
-527.435 -6153.05 293.582 20148 -57.8649
-527.791 -6152.84 293.581 20148 -57.8649
-528.146 -6152.64 293.579 20148 -57.8649
-528.501 -6152.43 293.578 20148 -57.8649
-528.856 -6152.22 293.576 20148 -57.8649
-529.212 -6152.02 293.574 20148 -57.8649
-529.567 -6151.81 293.573 20148 -57.8649
-529.922 -6151.6 293.571 20148 -57.8649
-530.278 -6151.4 293.57 20148 -57.8649
-530.633 -6151.19 293.568 20148 -57.8649
-530.988 -6150.98 293.566 20148 -57.8649
-531.344 -6150.77 293.565 20148 -57.8649
-531.7 -6150.57 293.565 20148 -57.8649
-532.057 -6150.36 293.565 20148 -57.8649
-532.411 -6150.15 293.564 20148 -57.8649
-532.756 -6149.95 293.564 20148 -57.8649
-533.09 -6149.75 293.563 20148 -57.8649
-533.415 -6149.54 293.563 20148 -57.8649
-533.738 -6149.34 293.563 20148 -57.8649
-534.06 -6149.14 293.562 20148 -57.8649
-534.384 -6148.94 293.562 20148 -57.8649
-534.708 -6148.74 293.562 20148 -57.8649
-535.032 -6148.54 293.561 20148 -57.8649
-535.356 -6148.34 293.561 20148 -57.8649
-535.68 -6148.14 293.561 20148 -57.8649
-536.004 -6147.94 293.56 20148 -57.8649
-536.327 -6147.74 293.56 20148 -57.8649
-536.651 -6147.54 293.56 20148 -57.8649
-536.975 -6147.34 293.559 20148 -57.8649
-537.299 -6147.14 293.559 20148 -57.8649
-537.623 -6146.94 293.559 20148 -57.8649
-537.947 -6146.74 293.558 20148 -57.8649
-538.271 -6146.54 293.558 20148 -57.8649
-538.595 -6146.33 293.558 20148 -57.8649
-538.914 -6146.13 293.557 20148 -57.8649
-539.235 -6145.94 293.557 20148 -57.8649
-539.572 -6145.75 293.557 20148 -57.8649
-539.933 -6145.55 293.556 20148 -57.8649
-540.32 -6145.32 293.556 20148 -57.8649
-540.731 -6145.06 293.555 20148 -57.9761
-541.157 -6144.79 293.555 20148 -58.2401
-541.587 -6144.53 293.555 20148 -58.2053
-542.012 -6144.26 293.554 20148 -58.2053
-542.437 -6144 293.554 20148 -58.2059
-542.862 -6143.74 293.553 20148 -58.2059
-543.287 -6143.47 293.553 20148 0
