6.94953e-310 6.94953e-310 0 0 0
20.166 1992.65 0 0 0
20.129 1996.24 0 0 0
20.084 1999.83 0 0 0
20.047 2003.42 0 0 0
20.01 2007.01 0 0 0
19.973 2010.61 0 0 0
19.935 2014.13 0 0 0
19.898 2017.59 0 0 0
19.931 2021.04 0 0 0
19.963 2024.55 0 0 0
19.996 2028.13 0 0 0
20.028 2031.73 0 0 0
20.06 2035.32 0 0 0
20.093 2038.91 0 0 0
20.126 2042.5 0 0 0
20.158 2046.09 0 0 0
20.191 2049.68 0 0 0
20.223 2053.26 0 0 0
20.255 2056.85 0 0 0
20.289 2060.44 0 0 0
20.321 2064.03 0 0 0
20.353 2067.62 0 0 0
20.386 2071.2 0 0 0
20.418 2074.79 0 0 0
20.451 2078.38 0 0 0
20.484 2081.97 0 0 0
20.516 2085.56 0 0 0
20.549 2089.15 0 0 0
20.581 2092.74 0 0 0
20.614 2096.3 0 0 0
20.645 2099.8 0 0 0
20.721 2103.3 0 0 0
20.796 2106.84 0 0 0
20.87 2110.42 0 0 0
20.945 2114.01 0 0 0
21.02 2117.6 0 0 0
21.095 2121.2 0 0 0
21.168 2124.79 0 0 0
21.249 2128.36 0 0 0
21.335 2131.91 0 0 0
21.401 2135.41 0 0 0
21.434 2138.9 0 0 0
21.436 2142.39 0 0 0
21.429 2145.89 0 0 0
21.427 2149.4 0 0 0
21.423 2152.91 0 0 0
21.422 2156.41 0 0 0
21.418 2159.91 0 0 0
21.416 2163.41 0 0 0
21.413 2166.91 0 0 0
0 0 0 0 0
0 0 0 0 0
0 0 0 0 0
0 0 0 0 0
0 0 0 0 0
0 0 0 0 0
0 0 0 0 0
0 0 0 0 0
0 0 0 0 0
0 0 0 0 0
0 0 0 0 0
0 0 0 0 0
0 0 0 0 0
0 0 0 0 0
0 0 0 0 0
0 0 0 0 0
0 0 0 0 0
0 0 0 0 0
0 0 0 0 0
0 0 0 0 0
0 0 0 0 0
0 0 0 0 0
0 0 0 0 0
0 0 0 0 0
0 0 0 0 0
0 0 0 0 0
0 0 0 0 0
0 0 0 0 0
0 0 0 0 0
0 0 0 0 0
0 0 0 0 0
0 0 0 0 0
0 0 0 0 0
0 0 0 0 0
0 0 0 0 0
0 0 0 0 0
0 0 0 0 0
0 0 0 0 0
0 0 0 0 0
0 0 0 0 0
0 0 0 0 0
0 0 0 0 0
0 0 0 0 0
0 0 0 0 0
0 0 0 0 0
0 0 0 0 0
0 0 0 0 0
0 0 0 0 0
0 0 0 0 0
0 0 0 0 0
0 0 0 0 0
0 0 0 0 0
0 0 0 0 0
0 0 0 0 0
0 0 0 0 0
0 0 0 0 0
0 0 0 0 0
0 0 0 0 0
0 0 0 0 0
0 0 0 0 0
0 0 0 0 0
0 0 0 0 0
0 0 0 0 0
0 0 0 0 0
0 0 0 0 0
0 0 0 0 0
0 0 0 0 0
0 0 0 0 0
0 0 0 0 0
0 0 0 0 0
0 0 0 0 0
0 0 0 0 0
0 0 0 0 0
0 0 0 0 0
0 0 0 0 0
0 0 0 0 0
0 0 0 0 0
0 0 0 0 0
0 0 0 0 0
0 0 0 0 0
0 0 0 0 0
0 0 0 0 0
0 0 0 0 0
0 0 0 0 0
0 0 0 0 0
0 0 0 0 0
0 0 0 0 0
0 0 0 0 0
0 0 0 0 0
0 0 0 0 0
0 0 0 0 0
0 0 0 0 0
0 0 0 0 0
0 0 0 0 0
0 0 0 0 0
0 0 0 0 0
0 0 0 0 0
0 0 0 0 0
0 0 0 0 0
0 0 0 0 0
0 0 0 0 0
0 0 0 0 0
0 0 0 0 0
0 0 0 0 0
0 0 0 0 0
0 0 0 0 0
0 0 0 0 0
0 0 0 0 0
0 0 0 0 0
0 0 0 0 0
0 0 0 0 0
-362.447 -6257.38 295.843 10148 -57.8823
-362.809 -6257.16 295.837 10148 -57.8823
-363.05 -6257.01 295.834 10148 -57.8823
-363.411 -6256.78 295.828 10148 -57.8823
-363.772 -6256.56 295.822 10148 -57.8823
-364.139 -6256.33 295.816 10148 -57.8823
-364.489 -6256.11 295.811 10148 -57.8823
-364.822 -6255.9 295.806 10148 -57.8823
-365.13 -6255.71 295.801 10148 -57.8823
-365.422 -6255.54 295.796 10148 -57.8823
-365.699 -6255.37 295.792 10148 -57.8823
-365.976 -6255.19 295.788 10148 -57.8823
-366.268 -6255.02 295.783 10148 -57.8823
-366.576 -6254.83 295.778 10148 -57.8823
-366.909 -6254.62 295.773 10148 -57.8823
-367.26 -6254.4 295.767 10148 -57.8823
-367.622 -6254.18 295.762 10148 -57.8823
-367.987 -6253.95 295.756 10148 -57.8823
-368.349 -6253.72 295.75 10148 -57.8823
-368.71 -6253.5 295.744 10148 -57.8823
-369.071 -6253.28 295.739 10148 -57.8823
-369.433 -6253.05 295.733 10148 -57.8823
-369.794 -6252.83 295.727 10148 -57.8823
-370.155 -6252.61 295.722 10148 -57.8823
-370.516 -6252.38 295.716 10148 -57.8823
-370.877 -6252.16 295.71 10148 -57.8823
-371.239 -6251.94 295.705 10148 -57.8823
-371.6 -6251.71 295.699 10148 -57.8823
-371.961 -6251.49 295.693 10148 -57.8823
-372.323 -6251.26 295.688 10148 -57.8823
-372.684 -6251.04 295.682 10148 -57.8823
-373.045 -6250.82 295.676 10148 -57.8823
-373.407 -6250.59 295.67 10148 -57.8823
-373.768 -6250.37 295.665 10148 -57.8823
-374.139 -6250.14 295.659 10148 -57.8823
-374.491 -6249.92 295.653 10148 -57.8823
-374.804 -6249.73 295.648 10148 -57.8823
-375.098 -6249.54 295.644 10148 -57.8823
-375.406 -6249.34 295.639 10148 -57.8823
-375.754 -6249.11 295.633 10148 -57.8823
-376.121 -6248.88 295.628 10148 -57.8823
-376.477 -6248.65 295.622 10148 -57.8823
-376.834 -6248.41 295.616 10148 -57.8823
-377.191 -6248.18 295.611 10148 -57.8823
-377.547 -6247.95 295.605 10148 -57.8823
-377.904 -6247.72 295.599 10148 -57.8823
-378.261 -6247.49 295.594 10148 -57.8823
-378.617 -6247.26 295.588 10148 -57.8823
-378.974 -6247.03 295.582 10148 -57.8823
-379.331 -6246.8 295.577 10148 -57.8823
-379.687 -6246.57 295.571 10148 -57.8823
-380.044 -6246.34 295.566 10148 -57.8823
-380.401 -6246.1 295.56 10148 -57.8823
-380.758 -6245.87 295.554 10148 -57.8823
-381.114 -6245.64 295.549 10148 -57.8823
-381.471 -6245.41 295.543 10148 -57.8823
-381.828 -6245.18 295.537 10148 -57.8823
-382.185 -6244.95 295.532 10148 -57.8823
-382.541 -6244.72 295.526 10148 -57.8823
-382.898 -6244.49 295.52 10148 -57.8823
-383.255 -6244.26 295.515 10148 -57.8823
-383.612 -6244.03 295.509 10148 -57.8823
-383.968 -6243.79 295.503 10148 -57.8823
-384.325 -6243.56 295.498 10148 -57.8823
-384.682 -6243.33 295.492 10148 -57.8823
-385.038 -6243.1 295.487 10148 -57.8823
-385.389 -6242.87 295.481 10148 -57.8823
-385.741 -6242.63 295.475 10148 -57.8823
-386.114 -6242.39 295.469 10148 -57.8823
-386.508 -6242.13 295.463 10148 -57.8823
-386.921 -6241.86 295.457 10148 -58.3088
-387.35 -6241.59 295.45 10148 -57.9677
-387.779 -6241.32 295.443 10148 -58.0439
-388.207 -6241.06 295.436 10148 -58.0442
-388.633 -6240.79 295.43 10148 -58.0061
-389.06 -6240.52 295.423 10148 -58.0532
-389.487 -6240.26 295.416 10148 -58.0161
-389.913 -6239.99 295.41 10148 -58.054
-390.34 -6239.72 295.403 10148 -57.9781
-390.766 -6239.46 295.397 10148 -58.054
-391.193 -6239.19 295.39 10148 -58.0153
-391.622 -6238.92 295.383 10148 -58.0532
-392.052 -6238.66 295.377 10148 -58.0532
-392.458 -6238.4 295.37 10148 -58.0532
-392.84 -6238.16 295.364 10148 -58.0532
-393.215 -6237.92 295.359 10148 -58.0532
-393.608 -6237.66 295.352 10148 -57.0238
-394.028 -6237.39 295.346 10148 -57.9779
-394.456 -6237.12 295.339 10148 -57.9779
-394.879 -6236.87 295.333 10148 -57.9779
-395.304 -6236.63 295.326 10148 -57.9779
-395.729 -6236.38 295.32 10148 -57.9779
-396.153 -6236.14 295.313 10148 -57.9779
-396.577 -6235.89 295.307 10148 -57.9779
-397.001 -6235.65 295.3 10148 -57.9779
-397.425 -6235.4 295.294 10148 -57.9779
-397.849 -6235.16 295.288 10148 -57.9779
-398.273 -6234.92 295.281 10148 -57.9779
-398.697 -6234.67 295.275 10148 -57.9779
-399.122 -6234.43 295.268 10148 -57.9779
-399.546 -6234.18 295.262 10148 -57.9779
-399.97 -6233.94 295.255 10148 -57.9779
-400.394 -6233.69 295.249 10148 -57.9779
-400.818 -6233.45 295.243 10148 -57.9779
-401.243 -6233.2 295.236 10148 -57.9779
-401.673 -6232.95 295.23 10148 -57.9779
-402.097 -6232.71 295.223 10148 -57.9779
-402.498 -6232.47 295.217 10148 -57.9779
-402.878 -6232.25 295.211 10148 -57.9779
-403.236 -6232.06 295.206 10148 -57.9779
-403.574 -6231.85 295.201 10148 -57.9779
-403.914 -6231.62 295.195 10148 -57.9779
-404.264 -6231.38 295.19 10148 -57.9779
-404.621 -6231.14 295.184 10148 -57.9779
-404.975 -6230.9 295.179 10148 -57.9779
-405.327 -6230.67 295.173 10148 -57.9779
-405.68 -6230.43 295.167 10148 -57.9779
-406.033 -6230.19 295.162 10148 -57.9779
-406.386 -6229.96 295.156 10148 -57.9779
-406.742 -6229.72 295.151 10148 -57.9779
-407.094 -6229.48 295.145 10148 -57.9779
-407.434 -6229.24 295.14 10148 -57.9779
-407.764 -6229.01 295.135 10148 -57.9779
-408.099 -6228.78 295.129 10148 -57.9779
-408.392 -6228.6 295.125 10148 -57.9779
-408.653 -6228.45 295.121 10148 -57.9779
-408.862 -6228.32 295.118 10148 -57.9779
-409.073 -6228.17 295.114 10148 -57.9779
-409.325 -6228 295.11 10148 -57.9779
-409.623 -6227.8 295.106 10148 -57.9779
-409.945 -6227.58 295.101 10148 -57.9779
-410.259 -6227.37 295.096 10148 -57.9779
-410.573 -6227.16 295.091 10148 -57.9779
-410.886 -6226.95 295.086 10148 -57.9779
-411.2 -6226.74 295.081 10148 -57.9779
-411.513 -6226.53 295.076 10148 -57.9779
-411.827 -6226.31 295.071 10148 -57.9779
-412.141 -6226.1 295.066 10148 0
