-448.367 -6203.14 294.514 10148 -56.4958
-449.312 -6202.51 294.5 10148 -56.479
-450.257 -6201.89 294.485 10148 -56.4958
-451.202 -6201.26 294.471 10148 -56.4797
-452.147 -6200.64 294.457 10148 -56.4775
-453.091 -6200.01 294.442 10148 -56.4897
-454.032 -6199.39 294.428 10148 -56.4757
-454.975 -6198.76 294.414 10148 -57.1631
-455.939 -6198.14 294.399 10148 -56.8511
-456.934 -6197.49 294.384 10148 -56.1286
-457.947 -6196.81 294.369 10148 -55.8828
-458.991 -6196.1 294.353 10148 -56.4794
-460.056 -6195.4 294.336 10148 -56.4989
-461.123 -6194.69 294.32 10148 -56.4798
-462.187 -6193.99 294.304 10148 -56.4779
-463.25 -6193.28 294.288 10148 -56.5085
-464.313 -6192.58 294.272 10148 -56.4938
-465.376 -6191.88 294.256 10148 -56.4785
-466.439 -6191.17 294.24 10148 -56.4935
-467.502 -6190.47 294.225 10148 -56.4935
-468.566 -6189.76 294.209 10148 -56.4785
-469.629 -6189.06 294.193 10148 -56.4935
-470.692 -6188.36 294.177 10148 -56.4983
-471.759 -6187.65 294.161 10148 -56.4737
-472.818 -6186.95 294.145 10148 -56.6053
-474.007 -6186.16 294.126 20148 -56.4237
-475.227 -6185.35 294.107 20148 -55.7704
-476.444 -6184.53 294.088 20148 -55.7887
-477.68 -6183.69 294.069 20148 -55.8036
-478.925 -6182.84 294.049 20148 -55.8089
-480.166 -6182 294.03 20148 -55.7962
-481.406 -6181.15 294.01 20148 -55.8089
-482.647 -6180.31 293.991 20148 -55.7962
-483.887 -6179.47 293.971 20148 -55.8089
-485.128 -6178.62 293.952 20148 -55.7966
-486.369 -6177.78 293.932 20148 -55.7921
-487.609 -6176.94 293.915 20148 -55.7965
-488.849 -6176.1 293.9 20148 -55.7969
-490.089 -6175.25 293.885 20148 -55.7916
-491.333 -6174.41 293.87 20148 -55.5331
-492.578 -6173.55 293.855 20148 -56.1749
-493.829 -6172.71 293.84 20148 -57.4653
-495.091 -6171.91 293.825 20148 -57.9378
-496.355 -6171.12 293.81 20148 -57.3007
-497.617 -6170.31 293.795 20148 -56.1954
-498.875 -6169.46 293.78 20148 -56.5023
-500.14 -6168.63 293.765 20148 -57.899
-501.42 -6167.82 293.75 20148 -58.7441
-502.704 -6167.04 293.74 20148 -58.9241
-503.988 -6166.27 293.729 20148 -58.7583
-505.269 -6165.49 293.719 20148 -58.745
-506.551 -6164.72 293.709 20148 -58.7702
-507.834 -6163.94 293.698 20148 -58.7448
-509.117 -6163.16 293.688 20148 -58.7426
-510.402 -6162.38 293.678 20148 -58.7597
-511.682 -6161.6 293.667 20148 -58.756
-512.948 -6160.83 293.657 20148 -58.6947
-514.209 -6160.07 293.647 20148 -58.2403
-515.468 -6159.29 293.637 20148 -58.2216
-516.74 -6158.5 293.629 20148 -58.218
-518.018 -6157.71 293.623 20148 -58.2316
-519.294 -6156.92 293.617 20148 -58.2189
-520.569 -6156.13 293.611 20148 -58.2317
-521.844 -6155.34 293.605 20148 -58.2062
-523.119 -6154.55 293.6 20148 -58.2444
-524.394 -6153.76 293.594 20148 -58.2062
-525.669 -6152.97 293.588 20148 -58.2316
-526.945 -6152.18 293.582 20148 -58.219
-528.219 -6151.39 293.576 20148 -58.2316
-529.495 -6150.6 293.571 20148 -58.2187
-530.77 -6149.81 293.565 20148 -58.2317
-532.045 -6149.02 293.564 20148 -58.2197
-533.316 -6148.23 293.563 20148 -58.2188
-534.591 -6147.44 293.561 20148 -58.4301
-535.88 -6146.65 293.56 20148 -58.2221
-537.188 -6145.84 293.558 20148 -58.2517
-538.523 -6145.01 293.557 20148 -58.197
-539.88 -6144.17 293.556 20148 -58.2259
-541.264 -6143.32 293.554 20148 -58.0239
-542.666 -6142.44 293.553 20148 -58.2401
-544.084 -6141.56 293.551 20148 -58.2173
-545.505 -6140.68 293.551 20148 -58.2205
-546.923 -6139.8 293.554 20148 -58.2324
-548.339 -6138.93 293.558 20148 -58.2208
-549.756 -6138.05 293.561 20148 -58.2322
-551.173 -6137.17 293.565 20148 -58.221
-552.589 -6136.29 293.568 20148 -58.2329
-554.004 -6135.42 293.572 20148 -58.2094
-555.42 -6134.54 293.575 20148 -58.3893
-556.849 -6133.66 293.579 20148 -58.551
-558.299 -6132.77 293.582 20148 -58.3308
-559.767 -6131.87 293.586 20148 -58.5843
-561.256 -6130.96 293.595 20148 -59.0382
-562.759 -6130.06 293.604 20148 -59.0938
-564.262 -6129.16 293.612 20148 -58.9802
-565.755 -6128.26 293.621 20148 -58.7371
-567.228 -6127.37 293.63 20148 -58.9877
-568.681 -6126.49 293.638 20148 -59.1195
-570.114 -6125.63 293.647 20148 -59.5937
-571.55 -6124.79 293.655 20148 -58.4294
-572.982 -6123.91 293.664 20148 -56.8247
-574.4 -6122.99 293.672 20148 -56.6389
-575.798 -6122.07 293.686 20148 -57.5291
-577.162 -6121.2 293.699 20148 -57.968
-578.499 -6120.36 293.711 20148 -59.0857
-579.807 -6119.58 293.723 20148 -57.5645
-581.072 -6118.77 293.735 20148 -57.7555
-582.336 -6117.98 293.747 20148 -57.7304
-583.604 -6117.18 293.759 20148 -57.756
-584.873 -6116.37 293.771 20148 -57.7432
-586.141 -6115.57 293.783 20148 -57.7432
-587.41 -6114.77 293.795 20148 -57.7434
-588.68 -6113.97 293.807 20148 -57.756
-589.947 -6113.17 293.823 20148 -57.7564
-591.206 -6112.38 293.839 20148 -57.6532
-592.461 -6111.58 293.855 20148 -57.4101
-593.715 -6110.78 293.871 20148 -57.4258
-594.978 -6109.98 293.888 20148 -57.4271
-596.243 -6109.17 293.904 20148 -57.4137
-597.507 -6108.36 293.92 20148 -57.4264
-598.771 -6107.55 293.937 20148 -57.4264
-600.035 -6106.74 293.953 20148 -57.4136
-601.299 -6105.94 293.969 20148 -57.4264
-602.563 -6105.13 293.986 20148 -57.4221
-603.826 -6104.32 294.004 20148 -57.4445
-605.091 -6103.51 294.025 20148 -57.4455
-606.359 -6102.7 294.045 20148 -57.2808
-607.624 -6101.89 294.066 20148 -57.4298
-608.884 -6101.09 294.087 20148 -58.345
-610.133 -6100.32 294.107 20148 -59.3307
-611.363 -6099.59 294.127 20148 -60.1518
-612.578 -6098.89 294.146 20148 -60.4327
-613.786 -6098.2 294.165 20148 -60.1659
-615.001 -6097.51 294.184 20148 -59.476
-616.235 -6096.78 294.204 20148 -58.5543
-617.467 -6096.03 294.224 30148 -57.6964
-618.732 -6095.23 294.255 30148 -57.5568
-619.999 -6094.42 294.285 30148 -57.4899
-621.251 -6093.62 294.315 30148 -57.694
-622.482 -6092.85 294.344 30148 -57.6786
-623.687 -6092.08 294.373 30148 -57.7175
-624.869 -6091.34 294.401 30148 -57.702
-626.026 -6090.61 294.429 30148 -57.9423
-627.163 -6089.89 294.456 30148 -57.6851
-628.286 -6089.18 294.483 30148 -57.6993
-629.406 -6088.47 294.51 30148 -57.6994
-630.527 -6087.77 294.537 30148 -57.6993
-631.647 -6087.06 294.563 30148 -57.6995
-632.77 -6086.35 294.59 30148 -57.9276
-633.911 -6085.63 294.617 30148 -57.4796
-635.069 -6084.89 294.645 30148 -57.6892
-636.239 -6084.15 294.673 30148 -57.4656
-637.396 -6083.42 294.701 30148 -57.9417
-638.538 -6082.7 294.728 30148 -57.6995
-639.661 -6081.99 294.755 30148 -57.8472
-640.782 -6081.29 294.782 30148 -57.9483
-641.907 -6080.58 294.809 30148 -57.9485
-643.034 -6079.88 294.836 30148 -57.9485
-644.16 -6079.17 294.863 30148 -57.9485
-645.287 -6078.47 294.891 30148 -57.9485
-646.413 -6077.76 294.918 30148 -57.9485
-647.539 -6077.06 294.945 30148 -57.9341
-648.666 -6076.35 294.972 30148 -57.9485
-649.792 -6075.64 295 30148 -57.9485
-650.919 -6074.94 295.027 30148 -57.9341
-652.045 -6074.23 295.054 30148 -57.9485
-653.171 -6073.53 295.081 30148 -57.9484
-654.298 -6072.82 295.108 30148 -57.9484
-655.424 -6072.12 295.136 30148 -57.9484
-656.55 -6071.41 295.163 30148 -57.9484
-657.677 -6070.71 295.19 30148 -57.9341
-658.803 -6070 295.217 30148 -57.9484
-659.929 -6069.3 295.244 30148 -57.9483
-661.054 -6068.59 295.272 30148 -57.963
-662.183 -6067.89 295.299 30148 -57.9026
-663.318 -6067.17 295.326 30148 -57.953
-664.452 -6066.46 295.354 30148 -57.4156
-665.56 -6065.76 295.381 30148 -58.0735
-666.641 -6065.08 295.408 30148 -58.6016
-667.699 -6064.44 295.433 30148 -58.0169
-668.735 -6063.79 295.459 30148 -58.0016
-669.764 -6063.15 295.484 30148 -57.7636
-670.779 -6062.51 295.509 30148 -58.2948
-671.783 -6061.89 295.533 30148 -58.0044
-672.769 -6061.27 295.557 30148 -58.0211
-673.751 -6060.66 295.581 30148 -58.0209
-674.737 -6060.04 295.605 30148 -58.0043
-675.724 -6059.43 295.629 30148 -58.0372
-676.71 -6058.81 295.653 30148 -58.0044
-677.697 -6058.19 295.677 30148 -58.0208
-678.683 -6057.58 295.701 30148 -58.0043
-679.67 -6056.96 295.725 30148 -58.0209
-680.656 -6056.35 295.749 30148 -58.021
-681.639 -6055.73 295.773 30148 -57.9551
-682.623 -6055.12 295.797 30148 -58.3776
-683.624 -6054.5 295.822 30148 -58.623
-684.648 -6053.87 295.847 30148 -58.4225
-685.698 -6053.23 295.872 30148 -58.273
-686.766 -6052.57 295.898 30148 -58.7295
-687.853 -6051.91 295.925 30148 -58.6652
-688.943 -6051.25 295.951 30148 -58.7147
-690.03 -6050.59 295.978 30148 -58.2729
-691.098 -6049.92 296.004 30148 -58.0405
-692.143 -6049.27 296.03 30148 -58.1343
-693.163 -6048.64 296.055 30148 -57.8877
-694.158 -6048.01 296.079 30148 -57.4319
-695.136 -6047.39 296.103 30148 -57.5143
-696.11 -6046.77 296.128 30148 -57.4978
-697.088 -6046.15 296.152 30148 -58.1762
-698.093 -6045.52 296.176 30148 -57.8557
-699.132 -6044.87 296.202 30148 -57.1656
-700.195 -6044.18 296.228 30148 -56.9002
-701.293 -6043.47 296.256 30148 -57.5121
-702.417 -6042.75 296.283 30148 -57.5121
-703.542 -6042.04 296.311 30148 -57.5122
-704.659 -6041.32 296.339 30148 -57.2952
-705.769 -6040.61 296.366 30148 -57.3245
-706.883 -6039.9 296.394 30148 -57.2914
-708 -6039.18 296.422 30148 -56.6026
-709.111 -6038.45 296.449 30148 -56.5253
-710.219 -6037.71 296.477 30148 -56.5253
-711.328 -6036.98 296.505 30148 -56.5109
-712.436 -6036.25 296.533 30148 -56.5109
-713.544 -6035.52 296.561 30148 -56.5397
-714.653 -6034.78 296.589 30148 -56.5109
-715.761 -6034.05 296.616 30148 -56.5253
-716.87 -6033.32 296.644 30148 -56.5253
-717.978 -6032.58 296.672 30148 -56.5109
-719.086 -6031.85 296.7 30148 -56.5254
-720.195 -6031.12 296.728 30148 -56.5251
-721.303 -6030.38 296.756 30148 -56.5245
-722.406 -6029.65 296.783 30148 -56.525
-723.513 -6028.92 296.811 30148 -57.0946
-724.645 -6028.19 296.839 30148 -56.8355
-725.811 -6027.43 296.868 30148 -56.2183
-727 -6026.63 296.898 30148 -55.9874
-728.223 -6025.81 296.929 30148 -56.508
-729.472 -6024.98 296.961 30148 -56.219
-730.719 -6024.15 296.992 30148 -55.3911
-731.95 -6023.3 297.023 30148 -55.3906
-733.179 -6022.45 297.055 30148 -55.3912
-734.411 -6021.6 297.086 30148 -55.4048
-735.649 -6020.75 297.118 30148 -55.4559
-736.891 -6019.89 297.149 30148 -55.6967
-738.135 -6019.04 297.181 30148 -55.6973
-739.372 -6018.2 297.212 30148 -55.7104
-740.606 -6017.36 297.244 30148 -55.6975
-741.841 -6016.51 297.275 30148 -55.6975
-743.076 -6015.67 297.306 30148 -55.6847
-744.312 -6014.83 297.338 30148 -55.6975
-745.547 -6013.99 297.369 30148 -55.6975
-746.782 -6013.14 297.4 30148 -55.6847
-748.017 -6012.3 297.432 30148 -55.6975
-749.253 -6011.46 297.463 30148 -55.6975
-750.488 -6010.61 297.494 30148 -55.7102
-751.724 -6009.77 297.526 30148 -55.009
-752.949 -6008.91 297.557 30148 -54.2261
-754.162 -6008.04 297.588 30148 -54.2261
-755.376 -6007.17 297.62 30148 -54.2261
-756.589 -6006.29 297.651 30148 -54.2261
-757.802 -6005.42 297.682 30148 -54.2261
-759.016 -6004.54 297.713 30148 -54.2133
-760.229 -6003.67 297.745 30148 -54.2261
-761.442 -6002.79 297.776 30148 -54.2261
-762.656 -6001.92 297.807 30148 -54.2261
-763.869 -6001.05 297.838 30148 -54.2389
-765.083 -6000.17 297.87 30148 -54.2261
-766.296 -5999.3 297.901 30148 -54.2132
-767.511 -5998.42 297.932 30148 -54.2264
-768.721 -5997.55 297.963 30148 -54.3434
-769.924 -5996.69 297.994 30148 -53.9693
-771.121 -5995.82 298.025 30148 -53.2163
-772.318 -5994.92 298.057 30148 -52.4621
-773.521 -5994 298.088 30148 -50.7246
-774.708 -5993.03 298.12 30148 -49.8176
-775.882 -5992.03 298.152 30148 -49.767
-777.055 -5991.04 298.184 30148 -49.9203
-778.227 -5990.06 298.216 30148 -50.6826
-779.403 -5989.09 298.247 30148 -51.6188
-780.584 -5988.16 298.279 30148 -52.2775
-781.769 -5987.24 298.31 30148 -52.4054
-782.951 -5986.33 298.341 30148 -52.252
-784.134 -5985.41 298.372 30148 -52.2649
-785.32 -5984.5 298.403 30148 -52.2775
-786.504 -5983.58 298.434 30148 -51.7337
-787.663 -5982.67 298.465 30148 -51.9694
-788.79 -5981.78 298.494 30148 -52.5635
-789.896 -5980.94 298.523 30148 -52.8556
-790.97 -5980.12 298.551 30148 -52.2743
-792.02 -5979.31 298.579 30148 -52.2598
-793.066 -5978.5 298.606 30148 -52.2743
-794.116 -5977.69 298.634 30148 -51.7678
-795.155 -5976.87 298.661 30148 -50.1528
-796.18 -5976.02 298.689 30148 -50.125
-797.223 -5975.14 298.717 30148 -50.7526
-798.284 -5974.28 298.745 30148 -51.0371
-799.342 -5973.42 298.773 30148 -51.0537
-800.381 -5972.58 298.8 30148 -51.0615
-801.41 -5971.75 298.827 30148 -51.0577
-802.444 -5970.92 298.855 30148 0
