-377.049 -6247.27 295.606 10148 -57.6488
-377.976 -6246.69 295.591 10148 -57.7172
-378.899 -6246.1 295.577 10148 -57.1805
-379.824 -6245.51 295.562 10148 -57.075
-380.765 -6244.9 295.547 10148 -57.0649
-381.715 -6244.28 295.532 10148 -57.0783
-382.66 -6243.67 295.517 10148 -57.0783
-383.605 -6243.06 295.502 10148 -57.0613
-384.551 -6242.44 295.487 10148 -57.0611
-385.496 -6241.83 295.472 10148 -57.0783
-386.441 -6241.22 295.458 10148 -57.0783
-387.387 -6240.61 295.443 10148 -57.0781
-388.332 -6240 295.428 10148 -57.0849
-389.277 -6239.38 295.413 10148 -57.0543
-390.222 -6238.77 295.398 10148 -57.0884
-391.168 -6238.16 295.383 10148 -57.0876
-392.113 -6237.55 295.368 10148 -57.0857
-393.056 -6236.94 295.353 10148 -56.9549
-394.002 -6236.32 295.339 10148 -57.6153
-394.958 -6235.72 295.324 10148 -58.0701
-395.923 -6235.11 295.309 10148 -57.7207
-396.902 -6234.5 295.294 10148 -57.5963
-397.903 -6233.86 295.278 10148 -58.1848
-398.937 -6233.22 295.262 10148 -58.089
-399.978 -6232.57 295.246 10148 -58.09
-401.013 -6231.93 295.23 10148 -58.0902
-402.047 -6231.28 295.214 10148 -58.093
-403.082 -6230.64 295.198 10148 -58.083
-404.116 -6229.99 295.182 10148 -58.0987
-405.151 -6229.35 295.166 10148 -58.1144
-406.186 -6228.71 295.15 10148 -58.0988
-407.221 -6228.06 295.134 10148 -58.083
-408.255 -6227.42 295.118 10148 -58.0987
-409.29 -6226.77 295.102 10148 -58.0814
-410.334 -6226.12 295.086 10148 -58.1164
-411.359 -6225.49 295.07 10148 -58.1084
-412.343 -6224.87 295.055 10148 -55.5476
-413.283 -6224.23 295.04 10148 -55.154
-414.239 -6223.56 295.025 10148 -55.6321
-415.235 -6222.88 295.01 10148 -56.725
-416.272 -6222.2 294.993 10148 -57.6206
-417.316 -6221.54 294.977 10148 -58.6558
-418.378 -6220.89 294.961 10148 -59.0359
-419.447 -6220.25 294.945 10148 -58.8364
-420.514 -6219.61 294.929 10148 -58.8362
-421.582 -6218.96 294.913 10148 -58.8346
-422.652 -6218.31 294.897 10148 -58.3465
-423.714 -6217.66 294.881 10148 -59.3226
-424.778 -6217.03 294.865 10148 -61.4186
-425.852 -6216.44 294.849 10148 -62.2272
-426.928 -6215.87 294.833 10148 -61.403
-428.001 -6215.29 294.817 10148 -59.3226
-429.066 -6214.66 294.801 10148 -58.3618
-430.128 -6214 294.785 10148 -58.8346
-431.198 -6213.36 294.769 10148 -58.8423
-432.265 -6212.71 294.753 10148 -58.8436
-433.331 -6212.07 294.737 10148 -58.8413
-434.4 -6211.42 294.721 10148 -58.838
-435.473 -6210.77 294.705 10148 -58.6746
-436.538 -6210.12 294.689 10148 -58.2225
-437.57 -6209.48 294.674 10148 -58.963
-438.578 -6208.88 294.659 10148 -60.2077
-439.566 -6208.31 294.644 10148 -59.0777
-440.503 -6207.75 294.63 10148 -57.2884
-441.438 -6207.15 294.616 10148 -55.7887
-442.393 -6206.5 294.601 10148 -56.4587
-443.393 -6205.84 294.586 10148 -56.4942
-444.395 -6205.17 294.57 10148 -56.4838
-445.379 -6204.52 294.555 10148 -56.4865
-446.362 -6203.87 294.54 10148 -56.4838
-447.355 -6203.21 294.525 10148 -56.4625
-448.354 -6202.55 294.51 10148 -56.5038
-449.36 -6201.89 294.495 10148 -56.7393
-450.381 -6201.22 294.479 10148 -56.2347
-451.412 -6200.53 294.464 10148 -56.4755
-452.453 -6199.84 294.448 10148 -56.4954
-453.487 -6199.15 294.432 10148 -56.4845
-454.513 -6198.47 294.417 10148 -56.7251
-455.548 -6197.79 294.401 10148 -56.2606
-456.596 -6197.09 294.385 10148 -56.4759
-457.659 -6196.39 294.369 10148 -56.4798
-458.725 -6195.68 294.353 10148 -56.4934
-459.79 -6194.98 294.336 10148 -56.4779
-460.852 -6194.28 294.321 10148 -56.4935
-461.915 -6193.57 294.305 10148 -56.4935
-462.979 -6192.87 294.289 10148 -56.4785
-464.042 -6192.16 294.273 10148 -56.4935
-465.105 -6191.46 294.257 10148 -56.4935
-466.168 -6190.76 294.241 10148 -56.4785
-467.231 -6190.05 294.225 10148 -56.4935
-468.294 -6189.35 294.209 10148 -56.4935
-469.357 -6188.64 294.193 10148 -56.4785
-470.42 -6187.94 294.177 10148 -56.4989
-471.488 -6187.23 294.161 10148 -56.5034
-472.547 -6186.53 294.145 10148 -56.5883
-473.732 -6185.75 294.126 20148 -56.4344
-474.95 -6184.94 294.107 20148 -55.7521
-476.164 -6184.12 294.088 20148 -55.7936
-477.396 -6183.28 294.069 20148 -55.813
-478.639 -6182.43 294.05 20148 -56.3111
-479.901 -6181.59 294.03 20148 -56.0647
-481.199 -6180.72 294.01 20148 -55.5484
-482.52 -6179.81 293.989 20148 -55.3242
-483.876 -6178.87 293.967 20148 -55.7912
-485.257 -6177.94 293.946 20148 -55.4931
-486.639 -6176.99 293.924 20148 -56.1964
-488.028 -6176.06 293.906 20148 -57.8623
-489.44 -6175.17 293.89 20148 -59.3151
-490.876 -6174.32 293.873 20148 -59.7891
-492.323 -6173.47 293.857 20148 -58.7046
-493.757 -6172.6 293.84 20148 -58.2051
-495.178 -6171.72 293.823 20148 -58.1835
-496.593 -6170.84 293.807 20148 -58.1482
-498.012 -6169.96 293.79 20148 -57.589
-499.427 -6169.06 293.774 20148 -57.8624
-500.848 -6168.17 293.757 20148 -58.7608
-502.277 -6167.3 293.743 20148 -58.8752
-503.703 -6166.44 293.732 20148 -58.7495
-505.127 -6165.58 293.72 20148 -58.7602
-506.551 -6164.72 293.709 20148 -58.76
-507.977 -6163.85 293.697 20148 -58.7488
-509.401 -6162.99 293.686 20148 -58.7468
-510.829 -6162.12 293.674 20148 -58.762
-512.251 -6161.26 293.663 20148 -58.7587
-513.66 -6160.4 293.651 20148 -58.378
-515.058 -6159.54 293.64 20148 -58.2245
-516.459 -6158.67 293.63 20148 -58.2298
-517.873 -6157.8 293.624 20148 -58.2283
-519.294 -6156.92 293.617 20148 -58.2177
-520.71 -6156.04 293.611 20148 -58.2291
-522.127 -6155.16 293.604 20148 -58.2176
-523.544 -6154.29 293.598 20148 -58.2291
-524.961 -6153.41 293.591 20148 -58.2176
-526.378 -6152.53 293.585 20148 -58.2292
-527.794 -6151.65 293.578 20148 -58.2176
-529.211 -6150.77 293.572 20148 -58.2176
-530.628 -6149.9 293.565 20148 -58.2289
-532.045 -6149.02 293.564 20148 -58.2173
-533.462 -6148.14 293.562 20148 -58.2292
-534.878 -6147.26 293.561 20148 -58.2184
-536.291 -6146.39 293.559 20148 -58.2175
-537.707 -6145.51 293.558 20148 -58.4178
-539.142 -6144.63 293.556 20148 -58.0297
-540.593 -6143.72 293.555 20148 -58.239
-542.058 -6142.82 293.553 20148 -58.0297
-543.508 -6141.91 293.552 20148 -58.4177
-544.944 -6141.03 293.55 20148 -58.2319
-546.36 -6140.15 293.553 20148 -58.2218
-547.773 -6139.28 293.557 20148 -58.2326
-549.189 -6138.4 293.56 20148 -58.2207
-550.606 -6137.52 293.563 20148 -58.2208
-552.023 -6136.64 293.567 20148 -58.2323
-553.44 -6135.77 293.57 20148 -58.2211
-554.855 -6134.89 293.574 20148 -58.2092
-556.272 -6134.01 293.577 20148 -58.4234
-557.702 -6133.13 293.581 20148 -58.4957
-559.149 -6132.25 293.584 20148 -58.5245
-560.617 -6131.35 293.591 20148 -58.9374
-562.108 -6130.45 293.6 20148 -59.2251
-563.612 -6129.55 293.609 20148 -59.082
-565.116 -6128.65 293.617 20148 -58.7382
-566.606 -6127.75 293.626 20148 -58.8996
-568.087 -6126.85 293.635 20148 -58.4312
-569.544 -6125.96 293.643 20148 -57.5875
-570.957 -6125.06 293.652 20148 -58.1661
-572.339 -6124.2 293.66 20148 -58.2222
-573.686 -6123.37 293.668 20148 -59.2839
-575.006 -6122.59 293.678 20148 -58.5558
-576.29 -6121.8 293.69 20148 -57.4492
-577.551 -6121 293.702 20148 -57.2254
-578.796 -6120.19 293.714 20148 -57.4446
-580.007 -6119.42 293.725 20148 -58.0473
-581.193 -6118.68 293.736 20148 -58.3214
-582.343 -6117.97 293.747 20148 -57.7398
-583.469 -6117.26 293.758 20148 -57.7538
-584.591 -6116.55 293.768 20148 -57.7398
-585.717 -6115.84 293.779 20148 -57.7544
-586.846 -6115.13 293.79 20148 -57.74
-587.973 -6114.42 293.8 20148 -57.7443
-589.104 -6113.71 293.812 20148 -57.7689
-590.234 -6112.99 293.826 20148 -57.7531
-591.352 -6112.29 293.841 20148 -57.4131
-592.448 -6111.59 293.855 20148 -57.6436
-593.529 -6110.9 293.869 20148 -57.4202
-594.607 -6110.21 293.883 20148 -57.4256
-595.699 -6109.52 293.897 20148 -57.1766
-596.789 -6108.81 293.911 20148 -57.0904
-597.862 -6108.12 293.925 20148 -58.0053
-598.914 -6107.46 293.938 20148 -57.4445
-599.945 -6106.8 293.952 20148 -57.4164
-600.982 -6106.14 293.965 20148 -57.4074
-602.032 -6105.47 293.979 20148 -57.4249
-603.088 -6104.79 293.992 20148 -57.4384
-604.139 -6104.12 294.009 20148 -57.4411
-605.191 -6103.45 294.026 20148 -57.7041
-606.261 -6102.77 294.044 20148 -57.3395
-607.349 -6102.08 294.062 20148 -57.205
-608.457 -6101.36 294.08 20148 -57.8289
-609.578 -6100.66 294.098 20148 -58.4374
-610.7 -6099.97 294.116 20148 -58.7767
-611.819 -6099.29 294.134 20148 -58.6919
-612.933 -6098.61 294.152 20148 -58.8567
-614.045 -6097.94 294.17 20148 -57.3073
-615.128 -6097.25 294.188 20148 -56.359
-616.181 -6096.54 294.205 20148 -56.3285
-617.202 -6095.86 294.222 20148 -55.9462
-618.164 -6095.21 294.245 30148 -57.1464
-619.143 -6094.58 294.269 30148 -57.4561
-620.119 -6093.96 294.292 30148 -56.7171
-621.091 -6093.32 294.316 30148 -56.882
-622.064 -6092.69 294.339 30148 -56.8823
-623.038 -6092.05 294.362 30148 -56.8658
-624.011 -6091.42 294.386 30148 -56.8807
-624.983 -6090.78 294.409 30148 -56.831
-625.955 -6090.15 294.433 30148 -56.8684
-626.931 -6089.51 294.456 30148 -57.2187
-627.922 -6088.87 294.48 30148 -57.3705
-628.929 -6088.23 294.504 30148 -57.691
-629.951 -6087.58 294.529 30148 -57.7543
-630.978 -6086.93 294.553 30148 -57.6914
-632.005 -6086.28 294.578 30148 -57.6912
-633.029 -6085.64 294.602 30148 -57.707
-634.054 -6084.99 294.627 30148 -57.7071
-635.081 -6084.34 294.651 30148 -57.7858
-636.108 -6083.69 294.676 30148 -57.517
-637.127 -6083.04 294.7 30148 -57.1787
-638.132 -6082.39 294.724 30148 -56.9077
-639.116 -6081.75 294.748 30148 -56.8056
-640.07 -6081.13 294.771 30148 -57.4602
-640.995 -6080.54 294.794 30148 -58.3234
-641.896 -6079.98 294.815 30148 -58.7126
-642.762 -6079.46 294.836 30148 -57.9579
-643.605 -6078.93 294.856 30148 -57.9576
-644.445 -6078.4 294.877 30148 -57.9387
-645.288 -6077.88 294.897 30148 -57.9389
-646.133 -6077.35 294.918 30148 -57.958
-646.978 -6076.82 294.938 30148 -57.9388
-647.822 -6076.29 294.958 30148 -57.958
-648.667 -6075.76 294.979 30148 -57.9388
-649.511 -6075.23 294.999 30148 -57.9388
-650.356 -6074.7 295.02 30148 -57.958
-651.2 -6074.17 295.04 30148 -57.9388
-652.045 -6073.64 295.06 30148 -57.9388
-652.889 -6073.12 295.081 30148 -57.958
-653.734 -6072.59 295.101 30148 -57.9388
-654.578 -6072.06 295.122 30148 -57.958
-655.423 -6071.53 295.142 30148 -57.9197
-656.267 -6071 295.162 30148 -57.958
-657.112 -6070.47 295.183 30148 -57.9388
-657.956 -6069.94 295.203 30148 -57.958
-658.801 -6069.41 295.224 30148 -57.9388
-659.645 -6068.89 295.244 30148 -57.9388
-660.489 -6068.36 295.264 30148 -57.9579
-661.333 -6067.83 295.285 30148 -57.9389
-662.178 -6067.3 295.305 30148 -57.8991
-663.027 -6066.77 295.326 30148 -57.9387
-663.878 -6066.23 295.347 30148 -58.0149
-664.728 -6065.7 295.367 30148 -58.0153
-665.574 -6065.17 295.388 30148 -58.0154
-666.419 -6064.65 295.409 30148 -58.0153
-667.265 -6064.12 295.429 30148 -58.0155
-668.108 -6063.59 295.45 30148 -58.0157
-668.95 -6063.07 295.47 30148 -58.0346
-669.794 -6062.54 295.491 30148 -58.3167
-670.654 -6062.01 295.512 30148 -58.0309
-671.533 -6061.46 295.533 30148 -58.0463
-672.437 -6060.9 295.555 30148 -57.9911
-673.364 -6060.32 295.578 30148 -58.0067
-674.317 -6059.72 295.601 30148 -57.7392
-675.288 -6059.11 295.625 30148 -58.0208
-676.275 -6058.49 295.649 30148 -58.0205
-677.265 -6057.87 295.673 30148 -58.0207
-678.253 -6057.26 295.697 30148 -58.0044
-679.239 -6056.64 295.721 30148 -58.021
-680.223 -6056.03 295.745 30148 -58.0212
-681.204 -6055.41 295.769 30148 -57.988
-682.189 -6054.8 295.793 30148 -58.9947
-683.212 -6054.18 295.818 30148 -58.7992
-684.275 -6053.54 295.844 30148 -58.2389
-685.366 -6052.86 295.87 30148 -57.6842
-686.492 -6052.15 295.898 30148 -58.59
-687.656 -6051.44 295.927 30148 -58.5986
-688.826 -6050.73 295.955 30148 -58.6436
-689.993 -6050.02 295.984 30148 -58.5505
-691.154 -6049.31 296.012 30148 -58.2323
-692.304 -6048.59 296.04 30148 -57.8399
-693.438 -6047.88 296.068 30148 -57.4834
-694.56 -6047.17 296.096 30148 -57.4546
-695.679 -6046.45 296.124 30148 -57.4978
-696.798 -6045.74 296.151 30148 -57.5122
-697.919 -6045.02 296.179 30148 -57.4978
-699.04 -6044.31 296.207 30148 -57.5122
-700.161 -6043.6 296.234 30148 -57.5121
-701.283 -6042.88 296.262 30148 -57.4978
-702.403 -6042.17 296.29 30148 -57.4978
-703.516 -6041.46 296.317 30148 -57.4833
-704.626 -6040.75 296.345 30148 -57.2954
-705.737 -6040.04 296.372 30148 -57.5404
-706.873 -6039.32 296.4 30148 -56.9491
-708.023 -6038.57 296.429 30148 0
