6.94953e-310 6.94953e-310 0 0 0
-375.681 -6248.79 0 0 0
-376.632 -6248.18 0 0 0
-377.583 -6247.56 0 0 0
-378.535 -6246.94 0 0 0
-379.486 -6246.33 0 0 0
-380.437 -6245.71 0 0 0
-381.388 -6245.1 0 0 0
-382.34 -6244.48 0 0 0
-383.291 -6243.86 0 0 0
-384.242 -6243.25 0 0 0
-385.193 -6242.63 0 0 0
-386.144 -6242.02 0 0 0
-387.099 -6241.4 0 0 0
-388.047 -6240.78 0 0 0
-388.982 -6240.18 0 0 0
-389.912 -6239.57 0 0 0
-390.838 -6238.94 0 0 0
-364.729 -6255.34 295.803 10148 -58.2518
-365.693 -6254.74 295.787 10148 -58.2181
-366.656 -6254.14 295.772 10148 -58.2181
-367.619 -6253.55 295.757 10148 -58.235
-368.583 -6252.95 295.742 10148 -58.2351
-369.546 -6252.35 295.727 10148 -58.2194
-370.506 -6251.76 295.712 10148 -58.2351
-371.469 -6251.16 295.697 10148 -58.4299
-372.447 -6250.56 295.681 10148 -58.1262
-373.439 -6249.94 295.665 10148 -58.1568
-374.439 -6249.32 295.65 10148 -57.6762
-375.429 -6248.7 295.634 10148 -57.4037
-376.416 -6248.06 295.619 10148 -57.7298
-377.41 -6247.44 295.603 10148 -57.4375
-378.402 -6246.8 295.587 10148 -57.1325
-379.394 -6246.16 295.572 10148 -56.6729
-380.389 -6245.51 295.556 10148 -56.674
-381.397 -6244.85 295.54 10148 -56.6825
-382.413 -6244.18 295.524 10148 -56.6622
-383.425 -6243.51 295.508 10148 -56.678
-384.437 -6242.85 295.492 10148 -56.6782
-385.449 -6242.18 295.475 10148 -56.678
-386.462 -6241.52 295.459 10148 -56.6937
-387.474 -6240.85 295.443 10148 -56.6782
-388.486 -6240.19 295.427 10148 -56.6695
-389.498 -6239.52 295.411 10148 -56.6878
-390.51 -6238.85 295.395 10148 -56.6881
-391.523 -6238.19 295.379 10148 -56.7033
-392.535 -6237.52 295.363 10148 -56.6895
-393.548 -6236.86 295.347 10148 -56.5428
-394.557 -6236.19 295.332 10148 -56.8345
-395.56 -6235.54 295.316 10148 -57.5996
-396.573 -6234.89 295.3 10148 -57.1328
-397.594 -6234.23 295.284 10148 -57.8714
-398.646 -6233.57 295.268 10148 -58.1604
-399.714 -6232.91 295.251 10148 -58.0389
-400.78 -6232.24 295.235 10148 -58.0239
-401.844 -6231.58 295.218 10148 -58.0399
-402.908 -6230.92 295.202 10148 -58.0325
-403.972 -6230.25 295.185 10148 -58.0477
-405.036 -6229.59 295.169 10148 -58.0478
-406.1 -6228.93 295.152 10148 -58.0173
-407.164 -6228.26 295.136 10148 -58.0477
-408.228 -6227.6 295.12 10148 -58.0477
-409.293 -6226.93 295.103 10148 -58.0315
-410.366 -6226.26 295.087 10148 -58.0491
-411.42 -6225.61 295.071 10148 -58.2464
-412.435 -6224.98 295.055 10148 -55.2525
-413.404 -6224.31 295.04 10148 -55.294
-414.388 -6223.62 295.024 10148 -55.1904
-415.409 -6222.91 295.008 10148 -55.7164
-416.459 -6222.2 294.991 10148 -56.6654
-417.519 -6221.5 294.975 10148 -57.455
-418.597 -6220.81 294.958 10148 -58.4221
-419.694 -6220.14 294.942 10148 -58.8631
-420.801 -6219.47 294.925 10148 -58.6695
-421.908 -6218.8 294.908 10148 -58.6688
-423.016 -6218.12 294.891 10148 -58.1834
-424.117 -6217.44 294.875 10148 -59.1523
-425.219 -6216.78 294.858 10148 -61.2439
-426.332 -6216.17 294.842 10148 -62.0216
-427.447 -6215.58 294.825 10148 -61.244
-428.56 -6214.97 294.809 10148 -59.1374
-429.663 -6214.31 294.793 10148 -58.1982
-430.763 -6213.63 294.776 10148 -58.6725
-431.871 -6212.95 294.759 10148 -58.6764
-432.977 -6212.28 294.743 10148 -58.6769
-434.082 -6211.61 294.726 10148 -58.6918
-435.187 -6210.93 294.709 10148 -58.6613
-436.293 -6210.26 294.693 10148 -58.6889
-437.402 -6209.59 294.676 10148 -58.6134
-438.513 -6208.91 294.66 10148 -58.5714
-439.595 -6208.25 294.643 10148 -59.2316
-440.649 -6207.62 294.628 10148 -57.6849
-441.663 -6206.98 294.612 10148 -56.9634
-442.68 -6206.32 294.597 10148 -56.169
-443.71 -6205.63 294.581 10148 -55.7963
-444.728 -6204.93 294.565 10148 -57.2158
-445.723 -6204.29 294.55 10148 -56.7453
-446.695 -6203.66 294.535 10148 -56.5038
-447.668 -6203.01 294.521 10148 -56.4678
-448.649 -6202.36 294.506 10148 -56.2473
-449.622 -6201.71 294.491 10148 -56.7144
-450.582 -6201.08 294.476 10148 -56.4951
-451.527 -6200.46 294.462 10148 -56.4908
-452.469 -6199.83 294.448 10148 -56.4775
-453.413 -6199.21 294.433 10148 -56.4962
-454.358 -6198.58 294.419 10148 -56.479
-455.303 -6197.96 294.405 10148 -56.479
-456.248 -6197.33 294.39 10148 -56.4958
-457.193 -6196.7 294.376 10148 -56.4958
-458.138 -6196.08 294.362 10148 -56.479
-459.082 -6195.45 294.347 10148 -56.4819
-460.028 -6194.83 294.333 10148 -56.4822
-460.973 -6194.2 294.319 10148 -56.4991
-461.918 -6193.58 294.305 10148 -56.4822
-462.862 -6192.95 294.29 10148 -56.4822
-463.807 -6192.32 294.276 10148 -56.4998
-464.753 -6191.7 294.262 10148 -56.4976
-465.697 -6191.07 294.248 10148 -56.4768
-466.638 -6190.45 294.234 10148 -56.4984
-467.583 -6189.82 294.219 10148 -56.734
-468.543 -6189.19 294.205 10148 -56.2358
-469.517 -6188.54 294.19 10148 -56.4942
-470.503 -6187.89 294.175 10148 -55.8183
-471.468 -6187.23 294.161 10148 -56.9246
-472.421 -6186.61 294.147 10148 -56.8408
-473.448 -6185.94 294.131 20148 -56.8165
-474.525 -6185.24 294.114 20148 -55.7074
-475.605 -6184.5 294.097 20148 -55.7318
-476.705 -6183.75 294.08 20148 -55.7988
-477.818 -6183 294.062 20148 -55.8216
-478.929 -6182.24 294.045 20148 -55.8009
-480.028 -6181.5 294.028 20148 -55.7902
-481.129 -6180.75 294.011 20148 -55.8082
-482.232 -6180 293.993 20148 -55.8077
-483.335 -6179.25 293.976 20148 -55.8071
-484.438 -6178.5 293.959 20148 -55.7939
-485.541 -6177.75 293.941 20148 -55.804
-486.642 -6177 293.924 20148 -55.7897
-487.74 -6176.25 293.91 20148 -55.7372
-488.841 -6175.5 293.897 20148 -56.6513
-489.976 -6174.76 293.883 20148 -56.4914
-491.151 -6173.98 293.869 20148 -56.0801
-492.353 -6173.17 293.855 20148 -55.7131
-493.595 -6172.32 293.84 20148 -57.0051
-494.867 -6171.5 293.825 20148 -58.3547
-496.152 -6170.71 293.81 20148 -58.7568
-497.428 -6169.93 293.795 20148 -58.171
-498.684 -6169.15 293.78 20148 -57.7954
-499.921 -6168.37 293.766 20148 -57.7949
-501.151 -6167.6 293.751 20148 -58.9784
-502.403 -6166.85 293.741 20148 -58.6269
-503.668 -6166.07 293.731 20148 -58.7583
-504.949 -6165.3 293.72 20148 -58.7549
-506.235 -6164.52 293.71 20148 -58.744
-507.519 -6163.74 293.7 20148 -58.7581
-508.801 -6162.96 293.689 20148 -58.7553
-510.086 -6162.18 293.679 20148 -58.7597
-511.366 -6161.4 293.669 20148 -58.7566
-512.631 -6160.64 293.658 20148 -58.76
-513.892 -6159.87 293.648 20148 -58.2276
-515.15 -6159.09 293.638 20148 -58.2219
-516.423 -6158.3 293.629 20148 -58.2311
-517.7 -6157.51 293.624 20148 -58.2203
-518.97 -6156.73 293.618 20148 -58.2194
-520.244 -6155.94 293.612 20148 -58.7305
-521.542 -6155.15 293.606 20148 -58.5096
-522.875 -6154.33 293.6 20148 -57.9577
-524.234 -6153.48 293.594 20148 -57.7465
-525.628 -6152.6 293.587 20148 -58.2171
-527.047 -6151.72 293.581 20148 -58.228
-528.468 -6150.84 293.574 20148 -58.2171
-529.887 -6149.96 293.568 20148 -58.2279
-531.308 -6149.08 293.564 20148 -58.2284
-532.727 -6148.2 293.563 20148 -57.7464
-534.122 -6147.32 293.562 20148 -57.9576
-535.479 -6146.47 293.56 20148 -58.4871
-536.808 -6145.66 293.559 20148 -58.7442
-538.103 -6144.87 293.557 20148 -58.7314
-539.399 -6144.09 293.556 20148 -58.5116
-540.729 -6143.27 293.555 20148 -57.9576
-542.086 -6142.42 293.553 20148 -57.7464
-543.48 -6141.54 293.552 20148 -58.217
-544.899 -6140.66 293.55 20148 -58.2308
-546.321 -6139.78 293.553 20148 -58.2204
-547.739 -6138.9 293.557 20148 -58.2324
-549.155 -6138.03 293.56 20148 -58.2208
-550.572 -6137.15 293.564 20148 -58.2323
-551.989 -6136.27 293.567 20148 -58.221
-553.405 -6135.4 293.571 20148 -58.2329
-554.82 -6134.52 293.574 20148 -58.2091
-556.237 -6133.64 293.578 20148 -58.6926
-557.678 -6132.76 293.581 20148 -58.5991
-559.144 -6131.87 293.585 20148 -58.4578
-560.642 -6130.95 293.592 20148 -58.6947
-562.17 -6130.02 293.601 20148 -59.2348
-563.724 -6129.1 293.61 20148 -59.0751
-565.278 -6128.17 293.619 20148 -58.5016
-566.805 -6127.23 293.628 20148 -58.8164
-568.311 -6126.32 293.637 20148 -58.7445
-569.791 -6125.42 293.646 20148 -57.7165
-571.238 -6124.51 293.655 20148 -58.4154
-572.677 -6123.62 293.663 20148 -59.8589
-574.091 -6122.8 293.671 20148 -59.4716
-575.458 -6121.99 293.684 20148 -60.549
-576.8 -6121.24 293.696 20148 -59.3581
-578.07 -6120.48 293.708 20148 -57.557
-579.305 -6119.7 293.719 20148 -57.5474
-580.553 -6118.9 293.731 20148 -57.743
-581.819 -6118.11 293.743 20148 -57.7564
-583.092 -6117.3 293.755 20148 -57.7306
-584.361 -6116.5 293.767 20148 -57.7559
-585.63 -6115.7 293.779 20148 -57.7304
-586.898 -6114.9 293.791 20148 -57.756
-588.167 -6114.1 293.803 20148 -57.7521
-589.442 -6113.3 293.817 20148 -57.7574
-590.709 -6112.5 293.834 20148 -57.5479
-591.954 -6111.7 293.85 20148 -57.409
-593.172 -6110.93 293.866 20148 -57.3998
-594.368 -6110.16 293.881 20148 -57.4475
-595.549 -6109.41 293.896 20148 -57.425
-596.707 -6108.67 293.911 20148 -57.6565
-597.845 -6107.95 293.926 20148 -57.4245
-598.968 -6107.23 293.94 20148 -57.4088
-600.087 -6106.51 293.955 20148 -57.4243
-601.209 -6105.8 293.969 20148 -57.4251
-602.333 -6105.08 293.984 20148 -57.4299
-603.457 -6104.36 293.999 20148 -57.4429
-604.581 -6103.64 294.018 20148 -57.4296
-605.707 -6102.92 294.036 20148 -57.3159
-606.833 -6102.2 294.055 20148 -57.4265
-607.952 -6101.49 294.073 20148 -58.1208
-609.058 -6100.8 294.091 20148 -59.045
-610.145 -6100.15 294.108 20148 -59.8381
-611.219 -6099.52 294.125 20148 -59.898
-612.286 -6098.9 294.142 20148 -59.5689
-613.352 -6098.28 294.159 20148 -59.6284
-614.42 -6097.65 294.176 20148 -59.4063
-615.478 -6097.03 294.193 20148 -58.8908
-616.518 -6096.4 294.21 20148 -58.6896
-617.513 -6095.79 294.228 30148 -57.9486
-618.507 -6095.17 294.251 30148 -57.5721
-619.488 -6094.55 294.275 30148 -57.687
-620.468 -6093.93 294.298 30148 -57.7037
-621.451 -6093.31 294.322 30148 -57.6877
-622.439 -6092.68 294.345 30148 -57.6055
-623.423 -6092.06 294.369 30148 -57.469
-624.388 -6091.44 294.392 30148 -57.7341
-625.327 -6090.85 294.415 30148 -57.7858
-626.232 -6090.28 294.436 30148 -57.1443
-627.107 -6089.71 294.457 30148 -55.264
-627.954 -6089.13 294.478 30148 -54.6269
-628.792 -6088.53 294.499 30148 -54.9097
-629.635 -6087.94 294.519 30148 -54.929
-630.478 -6087.35 294.54 30148 -54.9111
-631.321 -6086.75 294.561 30148 -54.9229
-632.168 -6086.16 294.582 30148 -54.7585
-633.013 -6085.56 294.603 30148 -54.8713
-633.849 -6084.97 294.623 30148 -55.4936
-634.667 -6084.41 294.643 30148 -56.9825
-635.464 -6083.89 294.663 30148 -57.7235
-636.243 -6083.4 294.681 30148 -57.8909
-637.012 -6082.92 294.7 30148 -57.7017
-637.78 -6082.43 294.718 30148 -57.6811
-638.551 -6081.95 294.736 30148 -57.7231
-639.325 -6081.46 294.755 30148 -57.8049
-640.1 -6080.97 294.773 30148 -58.0973
-640.877 -6080.49 294.792 30148 -57.3793
-641.638 -6080 294.811 30148 -57.1453
-642.377 -6079.52 294.829 30148 -57.4967
-643.096 -6079.06 294.846 30148 -57.162
-643.795 -6078.61 294.863 30148 -57.8265
-644.494 -6078.17 294.88 30148 -58.0806
-645.2 -6077.73 294.897 30148 -57.804
-645.9 -6077.29 294.914 30148 -58.1052
-646.59 -6076.86 294.931 30148 -58.7246
-647.276 -6076.45 294.947 30148 -59.9268
-647.983 -6076.04 294.964 30148 -58.7678
-648.718 -6075.59 294.981 30148 -57.1684
-649.478 -6075.1 295 30148 -57.7884
-650.265 -6074.61 295.019 30148 -57.9532
-651.06 -6074.11 295.038 30148 -57.9322
-651.849 -6073.61 295.057 30148 -57.9525
-652.637 -6073.12 295.076 30148 -57.9528
-653.428 -6072.63 295.095 30148 -57.9323
-654.218 -6072.13 295.114 30148 -57.8485
-655 -6071.64 295.133 30148 -57.7171
-655.762 -6071.16 295.152 30148 -58.1657
-656.506 -6070.7 295.17 30148 -58.0794
-657.23 -6070.24 295.187 30148 -57.9441
-657.945 -6069.8 295.205 30148 -57.9441
-658.66 -6069.35 295.222 30148 -57.9444
-659.377 -6068.9 295.239 30148 -57.9445
-660.095 -6068.45 295.256 30148 -57.9446
-660.814 -6068 295.274 30148 -58.1023
-661.533 -6067.55 295.291 30148 -57.8087
-662.248 -6067.1 295.308 30148 -57.1011
-662.955 -6066.64 295.326 30148 -56.9327
-663.655 -6066.19 295.343 30148 -57.2491
-664.354 -6065.74 295.36 30148 -57.8926
-665.055 -6065.3 295.377 30148 0
