-807.801 -5966.25 299.001 30148 -48.6331
-807.934 -5966.14 299.004 30148 -48.6331
-808.061 -5966.04 299.007 30148 -48.6331
-808.166 -5965.96 299.01 30148 -48.6331
-808.257 -5965.88 299.013 30148 -48.6331
-808.387 -5965.79 299.016 30148 -48.6331
-808.552 -5965.66 299.02 30148 -48.6331
-808.743 -5965.49 299.025 30148 -48.6331
-808.973 -5965.28 299.032 30148 -48.6331
-809.229 -5965.06 299.039 30148 -48.6331
-809.487 -5964.85 299.046 30148 -48.6331
-809.742 -5964.63 299.052 30148 -48.6331
-809.996 -5964.42 299.059 30148 -48.6331
-810.25 -5964.2 299.066 30148 -48.6331
-810.504 -5963.99 299.073 30148 -48.6331
-810.758 -5963.78 299.08 30148 -48.6331
-811.012 -5963.56 299.087 30148 -48.6331
-811.266 -5963.35 299.093 30148 -48.6331
-811.521 -5963.13 299.1 30148 -48.6331
-811.774 -5962.92 299.107 30148 -48.6331
-812.023 -5962.71 299.114 30148 -48.6331
-812.276 -5962.5 299.121 30148 -48.6331
-812.553 -5962.28 299.128 30148 -48.6331
-812.861 -5962.03 299.136 30148 -48.6331
-813.188 -5961.75 299.145 30148 -48.6331
-813.546 -5961.43 299.155 30148 -49.9008
-813.929 -5961.11 299.165 30148 -49.8667
-814.318 -5960.78 299.175 30148 -49.8999
-814.701 -5960.46 299.186 30148 -49.8999
-815.064 -5960.14 299.196 30148 -49.8999
-815.415 -5959.85 299.205 30148 -49.8999
-815.742 -5959.56 299.214 30148 -49.8999
-816.081 -5959.25 299.223 30148 -49.8999
-816.431 -5958.92 299.233 30148 -49.8999
-816.798 -5958.59 299.243 30148 -47.4531
-817.17 -5958.25 299.253 30148 -47.4531
-817.541 -5957.9 299.263 30148 -47.4531
-817.908 -5957.57 299.273 30148 -47.4531
-818.262 -5957.24 299.283 30148 -47.4531
-818.6 -5956.92 299.292 30148 -47.4531
-818.913 -5956.64 299.301 30148 -47.4531
-819.209 -5956.37 299.309 30148 -47.4531
-819.492 -5956.11 299.317 30148 -47.4531
-819.797 -5955.85 299.325 30148 -47.4531
-820.124 -5955.55 299.334 30148 -47.4531
-820.467 -5955.22 299.343 30148 -47.4531
-820.836 -5954.88 299.353 30148 -47.3769
-821.206 -5954.54 299.364 30148 -47.3769
-821.574 -5954.2 299.374 30148 -47.3769
-821.941 -5953.86 299.384 30148 -47.3769
-822.308 -5953.53 299.394 30148 -47.3769
-822.675 -5953.19 299.404 30148 -47.3769
-823.042 -5952.85 299.414 30148 -47.3769
-823.409 -5952.52 299.424 30148 -47.3769
-823.776 -5952.18 299.434 30148 -47.3769
-824.143 -5951.84 299.444 30148 -47.3769
-824.51 -5951.51 299.454 30148 -47.3769
-824.878 -5951.17 299.464 30148 -47.3769
-825.244 -5950.83 299.474 30148 -47.3769
-825.607 -5950.5 299.484 30148 -47.3769
-825.972 -5950.16 299.494 30148 -48.015
-826.354 -5949.82 299.505 30148 -47.4753
-826.76 -5949.45 299.516 30148 -47.8816
-827.193 -5949.06 299.528 30148 -47.7808
-827.644 -5948.65 299.54 30148 -47.8094
-828.11 -5948.23 299.552 30148 -47.3353
-828.586 -5947.79 299.566 30148 -47.8618
-829.079 -5947.34 299.579 30148 -47.8036
-829.576 -5946.89 299.593 30148 -47.8603
-830.073 -5946.44 299.606 30148 -47.833
-830.566 -5945.99 299.62 30148 -46.5937
-831.035 -5945.55 299.633 30148 -47.9065
-831.486 -5945.14 299.645 30148 -49.1282
-831.916 -5944.77 299.656 30148 -47.822
-832.325 -5944.4 299.667 30148 -48.4653
-832.746 -5944.03 299.679 30148 -47.7504
-833.183 -5943.63 299.691 30148 -47.8404
-833.647 -5943.21 299.703 30148 -47.3374
-834.126 -5942.77 299.717 30148 -49.1531
-834.664 -5942.3 299.73 40148 -45.8998
-835.145 -5941.84 299.743 40148 -45.6633
-835.611 -5941.38 299.756 40148 -46.7333
-836.058 -5940.96 299.769 40148 -48.5764
-836.49 -5940.58 299.78 40148 -48.8796
-836.904 -5940.22 299.791 40148 -48.044
-837.305 -5939.86 299.802 40148 -47.717
-837.707 -5939.49 299.813 40148 -47.8078
-838.112 -5939.13 299.824 40148 -47.8392
-838.518 -5938.76 299.835 40148 -47.8189
-838.921 -5938.39 299.846 40148 -47.8039
-839.319 -5938.03 299.856 40148 -48.2234
-839.728 -5937.67 299.867 40148 -48.4161
-840.181 -5937.26 299.879 40148 -46.2771
-840.655 -5936.81 299.893 40148 -45.9836
-841.167 -5936.32 299.907 40148 -44.2264
-841.698 -5935.77 299.922 40148 -45.2813
-842.28 -5935.19 299.938 40148 -46.4163
-842.882 -5934.62 299.955 40148 -46.0711
-843.484 -5934.04 299.972 40148 -45.1505
-844.088 -5933.44 299.989 40148 -44.0276
-844.701 -5932.81 300.006 40148 -43.1836
-845.318 -5932.15 300.024 40148 -43.4372
-845.944 -5931.49 300.043 40148 -42.8265
-846.562 -5930.82 300.061 40148 -41.1211
-847.163 -5930.13 300.079 40148 -40.431
-847.748 -5929.45 300.097 40148 -40.9905
-848.329 -5928.78 300.115 40148 -42.3181
-848.92 -5928.13 300.132 40148 -42.7089
-849.51 -5927.49 300.15 40148 -44.3266
-850.108 -5926.88 300.167 40148 -45.4415
-850.689 -5926.31 300.183 40148 -47.7438
-851.266 -5925.78 300.199 40148 -48.518
-851.853 -5925.26 300.214 40148 -47.3786
-852.446 -5924.72 300.23 40148 -46.8222
-853.05 -5924.15 300.246 40148 -44.9437
-853.638 -5923.56 300.261 40148 -46.4703
-854.239 -5922.99 300.276 40148 -48.9994
-854.863 -5922.45 300.291 40148 -50.2213
-855.499 -5921.92 300.306 40148 -48.97
-856.124 -5921.37 300.321 40148 -46.4959
-856.724 -5920.8 300.336 40148 -44.9496
-857.31 -5920.22 300.351 40148 -45.6425
-857.902 -5919.64 300.366 40148 -45.664
-858.494 -5919.06 300.381 40148 -45.6322
-859.089 -5918.48 300.396 40148 -44.8099
-859.674 -5917.89 300.411 40148 -46.9243
-860.267 -5917.33 300.426 40148 -49.9971
-860.874 -5916.82 300.44 40148 -48.2027
-861.456 -5916.3 300.455 40148 -44.036
-862.006 -5915.74 300.469 40148 -40.753
-862.539 -5915.12 300.484 40148 -37.1299
-863.043 -5914.45 300.499 40148 -38.3653
-863.563 -5913.79 300.514 40148 -38.3326
-864.082 -5913.14 300.529 40148 -38.3367
-864.599 -5912.48 300.544 40148 -38.3626
-865.117 -5911.83 300.559 40148 -38.3407
-865.634 -5911.18 300.574 40148 -38.0681
-866.149 -5910.52 300.589 40148 -38.1717
-866.664 -5909.86 300.604 40148 -40.0434
-867.201 -5909.22 300.619 40148 -42.4108
-867.749 -5908.62 300.634 40148 -44.602
-868.297 -5908.07 300.648 40148 -45.7505
-868.849 -5907.53 300.662 40148 -44.7165
-869.403 -5906.97 300.676 40148 -44.5407
-869.979 -5906.39 300.691 40148 -44.5285
-870.565 -5905.79 300.706 40148 -42.7855
-871.127 -5905.18 300.72 40148 -42.3653
-871.684 -5904.57 300.734 40148 -42.3685
-872.237 -5903.97 300.748 40148 -42.3884
-872.794 -5903.36 300.761 40148 -43.2966
-873.374 -5902.74 300.775 40148 -42.8523
-873.98 -5902.09 300.79 40148 -41.9207
-874.601 -5901.4 300.805 40148 -41.5771
-875.248 -5900.67 300.821 40148 -42.3825
-875.922 -5899.93 300.838 40148 -42.3829
-876.595 -5899.19 300.854 40148 -42.027
-877.249 -5898.46 300.87 40148 -42.7404
-877.893 -5897.77 300.886 40148 -42.3461
-878.525 -5897.07 300.901 40148 -42.7399
-879.17 -5896.38 300.917 40148 -42.0273
-879.823 -5895.65 300.933 40148 -42.4059
-880.493 -5894.92 300.949 40148 -42.3643
-881.165 -5894.18 300.966 40148 -42.3665
-881.836 -5893.45 300.982 40148 -42.3871
-882.505 -5892.71 300.999 40148 -42.3866
-883.174 -5891.98 301.015 40148 -42.3674
-883.844 -5891.25 301.031 40148 -42.3866
-884.514 -5890.51 301.048 40148 -42.3642
-885.186 -5889.77 301.064 40148 -42.3704
-885.853 -5889.04 301.081 40148 -42.4035
-886.507 -5888.33 301.097 40148 -42.3678
-887.157 -5887.61 301.112 40148 -41.6946
-887.805 -5886.89 301.129 40148 -40.7245
-888.451 -5886.14 301.144 40148 -38.6987
-889.063 -5885.37 301.159 40148 -39.5794
-889.66 -5884.65 301.173 40148 -40.342
-890.246 -5883.96 301.187 40148 -39.5183
-890.81 -5883.28 301.2 40148 -39.5183
-891.365 -5882.6 301.213 40148 -39.5183
-891.914 -5881.94 301.226 40148 -39.8948
-892.467 -5881.28 301.239 40148 -39.9937
-893.035 -5880.6 301.253 40148 -38.7086
-893.61 -5879.88 301.266 40148 -39.5183
-894.206 -5879.16 301.281 40148 -39.5183
-894.798 -5878.44 301.295 40148 -39.5183
-895.379 -5877.74 301.308 40148 -39.5394
-895.957 -5877.04 301.322 40148 -39.5183
-896.536 -5876.34 301.336 40148 -39.5392
-897.117 -5875.63 301.35 40148 -39.5393
-897.697 -5874.93 301.363 40148 -39.5815
-898.275 -5874.23 301.377 40148 -39.5604
-898.854 -5873.53 301.391 40148 -39.5592
-899.449 -5872.81 301.405 40148 -39.5592
-900.044 -5872.09 301.419 40148 -39.576
-900.677 -5871.32 301.434 40148 -39.5414
-901.204 -5870.68 301.446 40148 -39.5414
-785.229 -5985.41 0 0 -39.5414
-786.499 -5984.42 0 0 -39.5414
-787.783 -5983.44 0 0 -39.5414
-789.079 -5982.43 0 0 -39.5414
-790.394 -5981.41 0 0 -39.5414
-791.705 -5980.39 0 0 -39.5414
-793.026 -5979.37 0 0 -39.5414
-794.379 -5978.33 0 0 -39.5414
-795.748 -5977.27 0 0 -39.5414
-797.075 -5976.19 0 0 -39.5414
-798.36 -5975.15 0 0 -39.5414
-799.616 -5974.14 0 0 -39.5414
-800.866 -5973.13 0 0 -39.5414
-802.128 -5972.12 0 0 -39.5414
-803.405 -5971.08 0 0 -39.5414
-804.703 -5970.03 0 0 -39.5414
-806 -5968.98 0 0 -39.5414
-807.28 -5967.94 0 0 -39.5414
-808.541 -5966.92 0 0 -39.5414
-809.789 -5965.92 0 0 -39.5414
-811.017 -5964.93 0 0 -39.5414
-812.217 -5963.96 0 0 -39.5414
-813.395 -5963.01 0 0 -39.5414
-814.552 -5962.03 0 0 -39.5414
-815.732 -5961.04 0 0 -39.5414
-816.913 -5959.99 0 0 -39.5414
-818.083 -5958.91 0 0 -39.5414
-819.245 -5957.85 0 0 -39.5414
-820.397 -5956.79 0 0 -39.5414
-821.538 -5955.74 0 0 -39.5414
-822.678 -5954.69 0 0 -39.5414
-823.833 -5953.64 0 0 -39.5414
-825.005 -5952.57 0 0 -39.5414
-826.2 -5951.47 0 0 -39.5414
-827.411 -5950.35 0 0 -39.5414
-828.633 -5949.23 0 0 -39.5414
-829.864 -5948.1 0 0 -39.5414
-831.107 -5946.96 0 0 -39.5414
-832.353 -5945.82 0 0 -39.5414
-833.583 -5944.7 0 0 -39.5414
-834.789 -5943.61 0 0 -39.5414
-835.991 -5942.51 0 0 -39.5414
-837.159 -5941.39 0 0 -39.5414
-838.34 -5940.25 0 0 -39.5414
-839.535 -5939.1 0 0 -39.5414
-840.719 -5937.95 0 0 -39.5414
-841.886 -5936.83 0 0 -39.5414
-843.031 -5935.72 0 0 -39.5414
-844.153 -5934.64 0 0 -39.5414
-845.25 -5933.58 0 0 -39.5414
-846.341 -5932.55 0 0 -39.5414
-847.444 -5931.49 0 0 -39.5414
-848.565 -5930.36 0 0 -39.5414
-849.699 -5929.19 0 0 -39.5414
-850.857 -5927.95 0 0 -39.5414
-852.016 -5926.67 0 0 -39.5414
-853.152 -5925.42 0 0 -39.5414
-854.259 -5924.2 0 0 -39.5414
-855.335 -5923.02 0 0 -39.5414
-856.403 -5921.91 0 0 -39.5414
-857.472 -5920.84 0 0 -39.5414
-858.517 -5919.83 0 0 -39.5414
-859.536 -5918.78 0 0 -39.5414
-860.556 -5917.68 0 0 -39.5414
-861.586 -5916.56 0 0 -39.5414
-862.621 -5915.44 0 0 -39.5414
-863.654 -5914.32 0 0 -39.5414
-864.684 -5913.21 0 0 -39.5414
-865.716 -5912.1 0 0 -39.5414
-866.748 -5910.98 0 0 -39.5414
-867.779 -5909.87 0 0 -39.5414
-868.81 -5908.76 0 0 -39.5414
-869.841 -5907.64 0 0 -39.5414
-870.88 -5906.52 0 0 -39.5414
-871.875 -5905.39 0 0 -39.5414
-872.824 -5904.29 0 0 -39.5414
-873.746 -5903.18 0 0 -39.5414
-874.673 -5902.05 0 0 -39.5414
-875.633 -5900.89 0 0 -39.5414
-876.605 -5899.71 0 0 -39.5414
-877.57 -5898.54 0 0 -39.5414
-878.544 -5897.38 0 0 -39.5414
-879.528 -5896.25 0 0 -39.5414
-880.52 -5895.12 0 0 -39.5414
-881.513 -5894 0 0 -39.5414
-882.504 -5892.88 0 0 -39.5414
-883.495 -5891.75 0 0 -39.5414
-884.487 -5890.63 0 0 -39.5414
-885.478 -5889.51 0 0 -39.5414
-886.469 -5888.38 0 0 -39.5414
-887.461 -5887.26 0 0 -39.5414
-888.444 -5886.12 0 0 -39.5414
-889.387 -5884.96 0 0 -39.5414
-890.311 -5883.83 0 0 -39.5414
-891.222 -5882.7 0 0 -39.5414
-892.132 -5881.56 0 0 -39.5414
-893.062 -5880.4 0 0 -39.5414
-894 -5879.22 0 0 -39.5414
-894.936 -5878.04 0 0 -39.5414
-895.873 -5876.87 0 0 -39.5414
-896.803 -5875.7 0 0 -39.5414
-897.717 -5874.54 0 0 -39.5414
-898.622 -5873.41 0 0 -39.5414
-899.516 -5872.31 0 0 0
