-799.066 -5973.42 298.769 30148 -49.6666
-799.196 -5973.31 298.772 30148 -49.6666
-799.325 -5973.21 298.775 30148 -49.6666
-799.454 -5973.1 298.779 30148 -49.6666
-799.583 -5973 298.782 30148 -49.6666
-799.712 -5972.89 298.786 30148 -49.6666
-799.842 -5972.79 298.789 30148 -49.6666
-799.971 -5972.68 298.792 30148 -49.6666
-800.1 -5972.58 298.796 30148 -49.6666
-800.229 -5972.48 298.799 30148 -49.6666
-800.359 -5972.37 298.803 30148 -49.6666
-800.488 -5972.27 298.806 30148 -49.6666
-800.617 -5972.16 298.809 30148 -49.6666
-800.746 -5972.06 298.813 30148 -49.6666
-800.876 -5971.95 298.816 30148 -49.6666
-801.005 -5971.85 298.82 30148 -49.6666
-801.135 -5971.74 298.823 30148 -49.6666
-801.263 -5971.64 298.827 30148 -49.6666
-801.388 -5971.54 298.83 30148 -49.6666
-801.515 -5971.44 298.833 30148 -49.6666
-801.667 -5971.33 298.837 30148 -49.6666
-801.852 -5971.19 298.842 30148 -49.6666
-802.055 -5971.02 298.847 30148 -49.6666
-802.29 -5970.81 298.854 30148 -49.6666
-802.551 -5970.6 298.861 30148 -49.6666
-802.814 -5970.39 298.867 30148 -49.6666
-803.073 -5970.18 298.874 30148 -49.6666
-803.331 -5969.97 298.881 30148 -49.6666
-803.59 -5969.76 298.888 30148 -49.6666
-803.849 -5969.55 298.895 30148 -49.6666
-804.107 -5969.34 298.902 30148 -49.6666
-804.365 -5969.13 298.908 30148 -49.6666
-804.624 -5968.92 298.915 30148 -49.6666
-804.883 -5968.71 298.922 30148 -49.6666
-805.14 -5968.51 298.929 30148 -49.6666
-805.395 -5968.3 298.936 30148 -49.6666
-805.651 -5968.09 298.942 30148 -49.6666
-805.933 -5967.88 298.95 30148 -49.6666
-806.246 -5967.64 298.958 30148 -49.6666
-806.579 -5967.36 298.967 30148 -49.6666
-806.944 -5967.05 298.977 30148 -51.0693
-807.339 -5966.73 298.987 30148 -51.0693
-807.727 -5966.42 298.997 30148 -51.0693
-808.089 -5966.12 299.007 30148 -51.0693
-808.427 -5965.84 299.016 30148 -51.0693
-808.769 -5965.56 299.025 30148 -51.0693
-809.159 -5965.29 299.035 30148 -56.7559
-809.589 -5965.01 299.045 30148 -53.5176
-810.033 -5964.68 299.056 30148 -51.7105
-810.5 -5964.31 299.069 30148 -50.8624
-810.99 -5963.91 299.082 30148 -51.3911
-811.489 -5963.51 299.095 30148 -51.4007
-811.985 -5963.12 299.108 30148 -51.4039
-812.48 -5962.72 299.121 30148 -51.4
-812.976 -5962.33 299.134 30148 -51.8359
-813.471 -5961.94 299.147 30148 -48.9819
-813.933 -5961.53 299.159 30148 -47.4079
-814.361 -5961.14 299.171 30148 -47.2754
-814.759 -5960.77 299.182 30148 -46.3773
-815.128 -5960.42 299.193 30148 -46.3773
-815.5 -5960.1 299.203 30148 -46.3773
-815.871 -5959.77 299.213 30148 -46.3773
-816.238 -5959.44 299.223 30148 -46.3773
-816.606 -5959.1 299.233 30148 -46.3773
-816.973 -5958.76 299.243 30148 -46.3773
-817.34 -5958.43 299.253 30148 -46.3773
-817.707 -5958.09 299.263 30148 -46.3773
-818.074 -5957.75 299.273 30148 -46.3773
-818.441 -5957.42 299.283 30148 -46.3773
-818.808 -5957.08 299.293 30148 -46.3773
-819.176 -5956.74 299.303 30148 -46.3773
-819.542 -5956.4 299.313 30148 -46.3773
-819.91 -5956.07 299.323 30148 -46.3773
-820.277 -5955.73 299.334 30148 -46.3773
-820.644 -5955.39 299.344 30148 -46.3773
-821.011 -5955.06 299.354 30148 -46.3773
-821.378 -5954.72 299.364 30148 -46.3773
-821.745 -5954.38 299.374 30148 -46.3773
-822.113 -5954.05 299.384 30148 -46.3773
-822.478 -5953.71 299.394 30148 -46.3773
-822.841 -5953.38 299.404 30148 -46.3773
-823.207 -5953.04 299.414 30148 -48.9365
-823.597 -5952.7 299.424 30148 -48.2275
-824.016 -5952.33 299.436 30148 -45.8995
-824.453 -5951.9 299.448 30148 -46.9658
-824.917 -5951.47 299.461 30148 -50.7092
-825.402 -5951.07 299.473 30148 -52.0986
-825.873 -5950.71 299.485 30148 -51.0747
-826.329 -5950.34 299.497 30148 -48.1005
-826.775 -5949.94 299.509 30148 -46.9393
-827.223 -5949.52 299.522 30148 -47.8738
-827.678 -5949.11 299.534 30148 -47.8134
-828.123 -5948.7 299.546 30148 -47.8143
-828.564 -5948.3 299.558 30148 -47.8462
-829.007 -5947.9 299.57 30148 -48.4884
-829.452 -5947.51 299.582 30148 -47.2089
-829.892 -5947.1 299.594 30148 -44.4
-830.323 -5946.66 299.607 30148 -44.0055
-830.767 -5946.2 299.62 30148 -44.5997
-831.227 -5945.74 299.633 30148 -46.8258
-831.711 -5945.28 299.646 30148 -48.4356
-832.209 -5944.84 299.66 30148 -47.8329
-832.702 -5944.39 299.673 30148 -47.8331
-833.194 -5943.95 299.686 30148 -47.8331
-833.687 -5943.5 299.7 30148 -47.8331
-834.179 -5943.06 299.713 30148 -49.5566
-834.715 -5942.6 299.727 40148 -46.0721
-835.192 -5942.14 299.74 40148 -46.0721
-835.669 -5941.68 299.753 40148 -46.0721
-836.146 -5941.22 299.766 40148 -46.072
-836.624 -5940.76 299.78 40148 -46.0721
-837.1 -5940.3 299.793 40148 -46.0721
-837.578 -5939.84 299.806 40148 -46.0719
-838.055 -5939.38 299.819 40148 -46.0723
-838.531 -5938.92 299.833 40148 -46.0729
-839.005 -5938.47 299.846 40148 -46.0432
-839.482 -5938.01 299.859 40148 -46.5476
-839.974 -5937.54 299.873 40148 -45.6031
-840.476 -5937.05 299.887 40148 -46.0634
-840.992 -5936.55 299.901 40148 -46.0631
-841.509 -5936.05 299.915 40148 -46.0892
-842.029 -5935.55 299.93 40148 -46.0615
-842.554 -5935.05 299.944 40148 -45.8018
-843.084 -5934.53 299.959 40148 -46.9213
-843.633 -5934.02 299.974 40148 -47.6888
-844.204 -5933.5 299.99 40148 -46.5244
-844.79 -5932.94 300.006 40148 -45.6629
-845.394 -5932.35 300.023 40148 -44.8979
-846.005 -5931.74 300.04 40148 -43.4743
-846.603 -5931.11 300.057 40148 -41.8958
-847.182 -5930.46 300.075 40148 -41.1638
-847.754 -5929.81 300.092 40148 -41.8425
-848.327 -5929.17 300.109 40148 -43.718
-848.905 -5928.57 300.126 40148 -44.0675
-849.482 -5927.97 300.142 40148 -43.757
-850.064 -5927.36 300.159 40148 -42.598
-850.646 -5926.73 300.176 40148 -40.9059
-851.196 -5926.09 300.193 40148 -43.5164
-851.735 -5925.53 300.209 40148 -44.3848
-852.253 -5925 300.224 40148 -46.3987
-852.754 -5924.52 300.238 40148 -46.7545
-853.235 -5924.07 300.25 40148 -45.6559
-853.702 -5923.61 300.262 40148 -45.6521
-854.17 -5923.15 300.273 40148 -45.6068
-854.642 -5922.69 300.285 40148 -46.8174
-855.139 -5922.23 300.298 40148 -46.213
-855.662 -5921.72 300.311 40148 -45.1174
-856.204 -5921.18 300.325 40148 -44.6699
-856.772 -5920.61 300.339 40148 -45.6586
-857.366 -5920.03 300.354 40148 -45.62
-857.965 -5919.44 300.37 40148 -45.6605
-858.559 -5918.86 300.385 40148 -44.6471
-859.126 -5918.29 300.399 40148 -45.7217
-859.68 -5917.75 300.413 40148 -46.6349
-860.217 -5917.24 300.427 40148 -45.6451
-860.732 -5916.74 300.44 40148 -45.665
-861.242 -5916.24 300.453 40148 -45.1809
-861.738 -5915.75 300.465 40148 -46.1207
-862.228 -5915.28 300.478 40148 -45.6006
-862.701 -5914.81 300.49 40148 -45.6718
-863.172 -5914.35 300.502 40148 -45.6336
-863.644 -5913.89 300.514 40148 -45.6578
-864.119 -5913.43 300.526 40148 -45.6586
-864.592 -5912.96 300.538 40148 -45.628
-865.067 -5912.5 300.55 40148 -45.6621
-865.54 -5912.04 300.562 40148 -45.6448
-866.01 -5911.58 300.573 40148 -45.605
-866.482 -5911.11 300.585 40148 -46.8394
-866.98 -5910.65 300.598 40148 -46.2089
-867.504 -5910.15 300.611 40148 -45.0801
-868.051 -5909.6 300.625 40148 -44.6751
-868.615 -5909.03 300.639 40148 -45.739
-869.185 -5908.47 300.654 40148 -44.9334
-869.742 -5907.92 300.668 40148 -44.5873
-870.3 -5907.35 300.682 40148 -44.5171
-870.876 -5906.76 300.697 40148 -44.0466
-871.457 -5906.16 300.712 40148 -42.3861
-872.015 -5905.55 300.726 40148 -42.3864
-872.573 -5904.94 300.739 40148 -42.363
-873.132 -5904.33 300.753 40148 -42.3861
-873.69 -5903.72 300.767 40148 -42.3863
-874.248 -5903.1 300.78 40148 -42.3619
-874.808 -5902.49 300.794 40148 -42.3598
-875.368 -5901.88 300.808 40148 -41.9033
-875.918 -5901.26 300.821 40148 -43.2771
-876.473 -5900.67 300.835 40148 -45.0406
-877.046 -5900.1 300.848 40148 -41.9656
-877.612 -5899.47 300.862 40148 -40.1336
-878.187 -5898.79 300.877 40148 -38.3986
-878.771 -5898.05 300.892 40148 -35.7519
-879.344 -5897.26 300.908 40148 -36.5805
-879.935 -5896.46 300.924 40148 -36.55
-880.521 -5895.67 300.941 40148 -36.5383
-881.106 -5894.88 300.957 40148 -36.5612
-881.694 -5894.09 300.973 40148 -36.6258
-882.28 -5893.3 300.989 40148 -35.7842
-882.843 -5892.52 301.005 40148 -36.043
-883.399 -5891.75 301.02 40148 -38.5182
-883.98 -5891.03 301.036 40148 -40.4199
-884.592 -5890.31 301.051 40148 -41.282
-885.233 -5889.58 301.067 40148 -42.5695
-885.897 -5888.85 301.083 40148 -42.3818
-886.553 -5888.13 301.099 40148 -42.2489
-887.201 -5887.42 301.115 40148 -41.6946
-887.846 -5886.7 301.131 40148 -40.3315
-888.486 -5885.94 301.147 40148 -39.5183
-889.121 -5885.17 301.162 40148 -39.5183
-889.753 -5884.41 301.177 40148 -39.5183
-890.385 -5883.64 301.192 40148 -39.5183
-891.017 -5882.87 301.207 40148 -39.5183
-891.649 -5882.11 301.222 40148 -39.5183
-892.281 -5881.34 301.237 40148 -39.5183
-892.913 -5880.58 301.252 40148 -39.5376
-893.545 -5879.81 301.267 40148 -39.5183
-894.177 -5879.04 301.282 40148 -39.5183
-894.809 -5878.28 301.297 40148 -39.5183
-895.441 -5877.51 301.312 40148 -39.5183
-896.073 -5876.75 301.327 40148 -39.5375
-896.707 -5875.98 301.342 40148 -39.5375
-897.34 -5875.21 301.357 40148 -39.5759
-897.974 -5874.44 301.372 40148 -39.5568
-898.606 -5873.68 301.387 40148 -39.5568
-899.239 -5872.91 301.402 40148 -39.5568
-899.872 -5872.15 301.417 40148 -39.5568
-900.504 -5871.38 301.432 40148 -39.576
-901.137 -5870.62 301.447 40148 -39.576
-805.173 -5974.47 0 0 -39.576
-806.543 -5973.36 0 0 -39.576
-807.906 -5972.26 0 0 -39.576
-809.279 -5971.16 0 0 -39.576
-810.672 -5970.03 0 0 -39.576
-812.089 -5968.88 0 0 -39.576
-813.512 -5967.73 0 0 -39.576
-814.916 -5966.59 0 0 -39.576
-816.303 -5965.46 0 0 -39.576
-817.678 -5964.3 0 0 -39.576
-819.059 -5963.11 0 0 -39.576
-820.414 -5961.86 0 0 -39.576
-821.765 -5960.62 0 0 -39.576
-823.115 -5959.38 0 0 -39.576
-824.466 -5958.14 0 0 -39.576
-825.816 -5956.9 0 0 -39.576
-827.167 -5955.66 0 0 -39.576
-828.522 -5954.42 0 0 -39.576
-829.874 -5953.18 0 0 -39.576
-831.199 -5951.94 0 0 -39.576
-832.511 -5950.74 0 0 -39.576
-833.812 -5949.56 0 0 -39.576
-835.094 -5948.4 0 0 -39.576
-836.37 -5947.24 0 0 -39.576
-837.663 -5946.11 0 0 -39.576
-838.928 -5944.91 0 0 -39.576
-840.204 -5943.67 0 0 -39.576
-841.496 -5942.42 0 0 -39.576
-842.791 -5941.17 0 0 -39.576
-844.075 -5939.93 0 0 -39.576
-845.351 -5938.7 0 0 -39.576
-846.625 -5937.47 0 0 -39.576
-847.908 -5936.24 0 0 -39.576
-849.211 -5934.99 0 0 -39.576
-850.525 -5933.69 0 0 -39.576
-851.863 -5932.35 0 0 -39.576
-853.203 -5930.95 0 0 -39.576
-854.516 -5929.54 0 0 -39.576
-855.805 -5928.18 0 0 -39.576
-857.044 -5926.82 0 0 -39.576
-858.249 -5925.5 0 0 -39.576
-859.474 -5924.21 0 0 -39.576
-860.691 -5922.92 0 0 -39.576
-861.903 -5921.62 0 0 -39.576
-863.119 -5920.33 0 0 -39.576
-864.336 -5919.04 0 0 -39.576
-865.552 -5917.74 0 0 -39.576
-866.767 -5916.45 0 0 -39.576
-867.983 -5915.15 0 0 -39.576
-869.199 -5913.86 0 0 -39.576
-870.414 -5912.57 0 0 -39.576
-871.63 -5911.27 0 0 -39.576
-872.851 -5909.97 0 0 -39.576
-874.059 -5908.68 0 0 -39.576
-875.2 -5907.37 0 0 -39.576
-876.326 -5906.06 0 0 -39.576
-877.446 -5904.72 0 0 -39.576
-878.581 -5903.36 0 0 -39.576
-879.691 -5902.01 0 0 -39.576
-880.783 -5900.72 0 0 -39.576
-881.849 -5899.47 0 0 -39.576
-882.903 -5898.28 0 0 -39.576
-883.922 -5897.1 0 0 -39.576
-884.935 -5895.93 0 0 -39.576
-885.952 -5894.75 0 0 -39.576
-886.971 -5893.58 0 0 -39.576
-887.989 -5892.4 0 0 -39.576
-889.006 -5891.22 0 0 -39.576
-890.024 -5890.04 0 0 -39.576
-891.043 -5888.86 0 0 -39.576
-892.013 -5887.65 0 0 -39.576
-892.971 -5886.45 0 0 -39.576
-893.918 -5885.26 0 0 -39.576
-894.861 -5884.05 0 0 0
