-729.762 -6023.76 296.98 30148 -55.5928
-729.868 -6023.7 296.983 30148 -55.5928
-729.959 -6023.64 296.985 30148 -55.5928
-730.065 -6023.57 296.987 30148 -55.5928
-730.188 -6023.48 296.991 30148 -55.5928
-730.326 -6023.38 296.994 30148 -55.5928
-730.449 -6023.29 296.997 30148 -55.5928
-730.555 -6023.23 297 30148 -55.5928
-730.646 -6023.17 297.002 30148 -55.5928
-730.75 -6023.1 297.005 30148 -55.5928
-730.869 -6023.01 297.008 30148 -55.5928
-731.007 -6022.92 297.011 30148 -55.5928
-731.148 -6022.82 297.015 30148 -55.5928
-731.287 -6022.73 297.019 30148 -55.5928
-731.423 -6022.64 297.022 30148 -55.5928
-731.56 -6022.54 297.025 30148 -55.5928
-731.697 -6022.45 297.029 30148 -55.5928
-731.834 -6022.36 297.032 30148 -55.5928
-731.972 -6022.26 297.036 30148 -55.5928
-732.109 -6022.17 297.039 30148 -55.5928
-732.246 -6022.08 297.043 30148 -55.5928
-732.383 -6021.98 297.046 30148 -55.5928
-732.521 -6021.89 297.05 30148 -55.5928
-732.658 -6021.79 297.053 30148 -55.5928
-732.795 -6021.7 297.057 30148 -55.5928
-732.932 -6021.61 297.06 30148 -55.5928
-733.069 -6021.51 297.064 30148 -55.5928
-733.206 -6021.42 297.067 30148 -55.5928
-733.343 -6021.33 297.071 30148 -55.5928
-733.48 -6021.23 297.074 30148 -55.5928
-733.619 -6021.14 297.078 30148 -55.5928
-733.759 -6021.04 297.081 30148 -55.5928
-733.888 -6020.95 297.085 30148 -55.5928
-734.015 -6020.87 297.088 30148 -55.5928
-734.172 -6020.82 297.091 30148 -55.5928
-734.369 -6020.77 297.095 30148 -55.5928
-734.593 -6020.67 297.1 30148 -55.5928
-734.845 -6020.54 297.106 30148 -55.5928
-735.134 -6020.37 297.113 30148 -55.5928
-735.436 -6020.21 297.12 30148 -55.5928
-735.734 -6020.04 297.127 30148 -55.5928
-736.03 -6019.88 297.134 30148 -55.5928
-736.328 -6019.72 297.142 30148 -55.5928
-736.622 -6019.56 297.148 30148 -55.5928
-736.878 -6019.39 297.155 30148 -55.5928
-737.088 -6019.23 297.16 30148 -55.5928
-737.265 -6019.09 297.165 30148 -55.5928
-737.401 -6018.96 297.169 30148 -55.5928
-737.529 -6018.87 297.172 30148 -55.5928
-737.666 -6018.78 297.176 30148 -55.5928
-737.803 -6018.69 297.179 30148 -55.5928
-737.94 -6018.59 297.183 30148 -55.5928
-738.078 -6018.5 297.186 30148 -55.5928
-738.215 -6018.41 297.19 30148 -55.5928
-738.352 -6018.31 297.193 30148 -55.5928
-738.489 -6018.22 297.197 30148 -55.5928
-738.626 -6018.13 297.2 30148 -55.5928
-738.763 -6018.03 297.204 30148 -55.5928
-738.901 -6017.94 297.207 30148 -55.5928
-739.038 -6017.84 297.211 30148 -55.5928
-739.175 -6017.75 297.214 30148 -55.5928
-739.313 -6017.66 297.218 30148 -55.5928
-739.45 -6017.56 297.221 30148 -55.5928
-739.587 -6017.47 297.225 30148 -55.5928
-739.724 -6017.38 297.228 30148 -55.5928
-739.861 -6017.28 297.232 30148 -55.5928
-739.998 -6017.19 297.235 30148 -55.5928
-740.135 -6017.1 297.238 30148 -55.5928
-740.274 -6017 297.242 30148 -55.5928
-740.414 -6016.91 297.246 30148 -55.5928
-740.542 -6016.81 297.249 30148 -55.5928
-740.67 -6016.73 297.252 30148 -55.5928
-740.829 -6016.69 297.255 30148 -55.5928
-741.027 -6016.61 297.26 30148 -55.5928
-741.253 -6016.5 297.265 30148 -55.5928
-741.505 -6016.35 297.271 30148 -55.5928
-741.794 -6016.17 297.278 30148 -55.5928
-742.097 -6015.98 297.286 30148 -55.5928
-742.397 -6015.79 297.293 30148 -55.5928
-742.692 -6015.61 297.3 30148 -55.5928
-742.99 -6015.42 297.308 30148 -55.5928
-743.29 -6015.24 297.315 30148 -55.5928
-743.585 -6015.06 297.322 30148 -55.5928
-743.841 -6014.86 297.329 30148 -55.5928
-744.048 -6014.69 297.335 30148 -55.5928
-744.228 -6014.54 297.34 30148 -55.5928
-744.364 -6014.41 297.343 30148 -55.5928
-744.494 -6014.32 297.347 30148 -55.5928
-744.642 -6014.23 297.35 30148 -55.5928
-744.81 -6014.12 297.355 30148 -55.5928
-745.007 -6013.98 297.36 30148 -55.5928
-745.221 -6013.83 297.365 30148 -55.5928
-745.449 -6013.67 297.371 30148 -55.5928
-745.678 -6013.52 297.377 30148 -55.5928
-745.907 -6013.36 297.383 30148 -55.5928
-746.153 -6013.2 297.389 30148 -55.5928
-746.411 -6013.02 297.395 30148 -55.5928
-746.689 -6012.83 297.402 30148 -55.5928
-746.968 -6012.64 297.41 30148 -55.5928
-747.226 -6012.45 297.416 30148 -55.5928
-747.467 -6012.3 297.422 30148 -55.5928
-747.696 -6012.14 297.428 30148 -55.5928
-747.937 -6011.98 297.434 30148 -55.5928
-748.194 -6011.8 297.441 30148 -55.5928
-748.469 -6011.61 297.448 30148 -55.5928
-748.747 -6011.42 297.455 30148 -55.5928
-749.023 -6011.23 297.462 30148 -55.5928
-749.297 -6011.05 297.469 30148 -55.5928
-749.571 -6010.86 297.476 30148 -55.5928
-749.846 -6010.67 297.483 30148 -55.5928
-750.12 -6010.49 297.49 30148 -55.5928
-750.395 -6010.3 297.496 30148 -55.5928
-750.669 -6010.11 297.503 30148 -55.5928
-750.944 -6009.92 297.51 30148 -55.5928
-751.218 -6009.74 297.517 30148 -55.5928
-751.493 -6009.55 297.524 30148 -55.5928
-751.767 -6009.36 297.531 30148 -55.5928
-752.042 -6009.17 297.538 30148 -55.5928
-752.314 -6008.99 297.545 30148 -55.5928
-752.584 -6008.79 297.552 30148 -55.5928
-752.853 -6008.6 297.559 30148 -55.5928
-753.123 -6008.4 297.566 30148 -55.5928
-753.393 -6008.21 297.573 30148 -55.5928
-753.662 -6008.01 297.58 30148 -55.5928
-753.932 -6007.82 297.587 30148 -55.5928
-754.201 -6007.63 297.594 30148 -55.5928
-754.471 -6007.43 297.601 30148 -55.5928
-754.74 -6007.24 297.608 30148 -55.5928
-755.01 -6007.04 297.615 30148 -55.5928
-755.279 -6006.85 297.622 30148 -55.5928
-755.549 -6006.65 297.629 30148 -55.5928
-755.819 -6006.46 297.636 30148 -55.5928
-756.087 -6006.27 297.643 30148 -55.5928
-756.352 -6006.08 297.649 30148 -55.5928
-756.62 -6005.88 297.656 30148 -55.5928
-756.913 -6005.69 297.664 30148 -55.5928
-757.239 -6005.46 297.672 30148 -55.5928
-757.587 -6005.2 297.681 30148 -55.5928
-757.968 -6004.91 297.691 30148 -54.2256
-758.374 -6004.62 297.701 30148 -54.2249
-758.783 -6004.32 297.712 30148 -54.2249
-759.188 -6004.03 297.722 30148 -54.2249
-759.592 -6003.74 297.733 30148 -54.2249
-759.997 -6003.45 297.743 30148 -54.2249
-760.401 -6003.16 297.754 30148 -54.2249
-760.806 -6002.87 297.764 30148 -54.2255
-761.212 -6002.57 297.775 30148 -54.2255
-761.614 -6002.28 297.785 30148 -54.2255
-762.008 -6002 297.795 30148 -54.2255
-762.395 -6001.72 297.805 30148 -54.2255
-762.783 -6001.43 297.815 30148 -54.2255
-763.18 -6001.14 297.826 30148 -55.6023
-763.602 -6000.85 297.836 30148 -56.3618
-764.047 -6000.55 297.847 30148 -55.4925
-764.515 -6000.23 297.859 30148 -55.4598
-765.005 -5999.89 297.872 30148 -53.4826
-765.493 -5999.53 297.884 30148 -52.6342
-765.976 -5999.16 297.897 30148 -53.0666
-766.458 -5998.8 297.91 30148 -53.1928
-766.941 -5998.44 297.922 30148 -53.0032
-767.423 -5998.08 297.935 30148 -52.7496
-767.903 -5997.71 297.948 30148 -52.6544
-768.382 -5997.35 297.96 30148 -52.7178
-768.862 -5996.98 297.973 30148 -53.0031
-769.344 -5996.62 297.985 30148 -53.1616
-769.827 -5996.26 297.998 30148 -53.0976
-770.309 -5995.89 298.011 30148 -53.0998
-770.792 -5995.53 298.023 30148 -53.5103
-771.278 -5995.17 298.036 30148 -51.9036
-771.747 -5994.8 298.048 30148 -51.3844
-772.213 -5994.43 298.061 30148 -56.3867
-772.73 -5994.09 298.074 30148 -56.5874
-773.297 -5993.71 298.088 30148 -55.3155
-773.893 -5993.3 298.103 30148 -53.3702
-774.51 -5992.84 298.119 30148 -52.8333
-775.17 -5992.34 298.136 30148 -53.2803
-775.844 -5991.84 298.154 30148 -53.3094
-776.513 -5991.34 298.171 30148 -53.3384
-777.179 -5990.84 298.188 30148 -53.2884
-777.847 -5990.35 298.206 30148 -53.3097
-778.517 -5989.85 298.223 30148 -53.526
-779.182 -5989.36 298.24 30148 -51.2835
-779.81 -5988.85 298.257 30148 -50.7914
-780.408 -5988.37 298.273 30148 -50.5677
-780.977 -5987.9 298.288 30148 -49.3576
-781.523 -5987.43 298.303 30148 -51.6327
-782.082 -5986.99 298.318 30148 -52.412
-782.638 -5986.56 298.333 30148 -52.7229
-783.181 -5986.14 298.347 30148 -52.2743
-783.706 -5985.74 298.361 30148 -52.2741
-784.228 -5985.33 298.374 30148 -52.2742
-784.752 -5984.93 298.388 30148 -52.2456
-785.278 -5984.52 298.402 30148 -52.2743
-785.803 -5984.12 298.416 30148 -52.2743
-786.329 -5983.71 298.43 30148 -52.2743
-786.855 -5983.3 298.443 30148 -52.2456
-787.38 -5982.9 298.457 30148 -52.2743
-787.905 -5982.49 298.471 30148 -52.245
-788.426 -5982.09 298.485 30148 -52.2746
-788.956 -5981.68 298.499 30148 -52.2756
-789.506 -5981.25 298.513 30148 -52.7904
-790.068 -5980.82 298.528 30148 -53.181
-790.625 -5980.41 298.542 30148 -53.1856
-791.162 -5980 298.556 30148 -53.2012
-791.69 -5979.61 298.57 30148 -53.1931
-792.222 -5979.21 298.584 30148 -53.1931
-792.755 -5978.81 298.597 30148 -53.1935
-793.287 -5978.41 298.611 30148 -53.193
-793.82 -5978.02 298.625 30148 -53.193
-794.352 -5977.62 298.639 30148 -53.1643
-794.885 -5977.22 298.653 30148 -51.5105
-795.405 -5976.8 298.666 30148 -51.0288
-795.922 -5976.39 298.68 30148 -51.0862
-796.439 -5975.97 298.694 30148 -51.0288
-796.956 -5975.55 298.707 30148 -51.0862
-797.473 -5975.13 298.721 30148 -51.0287
-797.99 -5974.72 298.735 30148 -51.0579
-798.507 -5974.3 298.748 30148 -51.0574
-799.024 -5973.88 298.762 30148 -51.0866
-799.541 -5973.46 298.775 30148 -51.0574
-800.058 -5973.04 298.789 30148 -51.0287
-800.575 -5972.63 298.803 30148 -51.0861
-801.093 -5972.21 298.816 30148 -51.0287
-801.61 -5971.79 298.83 30148 -51.0865
-802.127 -5971.37 298.844 30148 -51.0286
-802.644 -5970.95 298.857 30148 -51.0573
-803.161 -5970.54 298.871 30148 -51.0573
-803.678 -5970.12 298.885 30148 -51.0577
-804.195 -5969.7 298.898 30148 -51.0573
-804.712 -5969.28 298.912 30148 -51.0573
-805.23 -5968.86 298.926 30148 -51.0572
-805.747 -5968.45 298.939 30148 -51.0572
-806.264 -5968.03 298.953 30148 -51.0572
-806.781 -5967.61 298.967 30148 -51.048
-807.304 -5967.19 298.98 30148 -51.0671
-807.816 -5966.77 298.994 30148 -51.1094
-808.305 -5966.38 299.007 30148 -50.4768
-808.78 -5965.99 299.019 30148 -49.8934
-809.26 -5965.58 299.032 30148 -49.8767
-809.763 -5965.16 299.046 30148 -49.9113
-810.277 -5964.73 299.06 30148 -49.8797
-810.785 -5964.3 299.073 30148 -49.9082
-811.293 -5963.87 299.087 30148 -49.8804
-811.802 -5963.44 299.101 30148 -49.9103
-812.314 -5963.01 299.114 30148 -49.8799
-812.823 -5962.58 299.128 30148 -49.3989
-813.313 -5962.16 299.141 30148 -50.4128
-813.793 -5961.77 299.154 30148 -49.8864
-814.261 -5961.37 299.167 30148 -49.8911
-814.737 -5960.97 299.179 30148 -49.8963
-815.222 -5960.56 299.192 30148 -49.3309
-815.697 -5960.15 299.205 30148 -47.5004
-816.136 -5959.75 299.217 30148 -48.0575
-816.555 -5959.38 299.229 30148 -47.4756
-816.961 -5959 299.24 30148 -48.753
-817.391 -5958.63 299.251 30148 -46.715
-817.834 -5958.21 299.263 30148 -46.9596
-818.294 -5957.78 299.276 30148 -47.4427
-818.754 -5957.36 299.289 30148 -47.4382
-819.206 -5956.94 299.301 30148 -47.9639
-819.668 -5956.53 299.314 30148 -46.9503
-820.14 -5956.08 299.327 30148 -47.4309
-820.63 -5955.63 299.34 30148 -47.4613
-821.123 -5955.18 299.354 30148 -47.4315
-821.614 -5954.73 299.367 30148 -47.4593
-822.103 -5954.28 299.381 30148 -47.4308
-822.592 -5953.83 299.394 30148 -47.4595
-823.082 -5953.38 299.407 30148 -47.4596
-823.572 -5952.93 299.421 30148 -47.4306
-824.061 -5952.48 299.434 30148 -47.4595
-824.55 -5952.04 299.448 30148 -47.4595
-825.04 -5951.59 299.461 30148 -47.4308
-825.529 -5951.14 299.474 30148 -47.4585
-826.017 -5950.69 299.488 30148 -47.4318
-826.508 -5950.24 299.501 30148 -47.4643
-827.007 -5949.78 299.515 30148 -47.8022
-827.512 -5949.32 299.529 30148 -47.8027
-828.013 -5948.87 299.542 30148 -47.8326
-828.507 -5948.42 299.556 30148 -47.8334
-828.998 -5947.98 299.569 30148 -47.833
-829.491 -5947.53 299.582 30148 -47.833
-829.984 -5947.08 299.596 30148 -47.8045
-830.475 -5946.64 299.609 30148 -47.8338
-830.964 -5946.2 299.623 30148 -47.8619
-831.456 -5945.75 299.636 30148 -48.2775
-831.966 -5945.3 299.65 30148 -47.3943
-832.487 -5944.82 299.664 30148 -47.824
-833.021 -5944.33 299.679 30148 -47.3937
-833.541 -5943.85 299.693 30148 -48.2822
-834.046 -5943.4 299.707 30148 -47.8046
-834.537 -5942.96 299.72 30148 -49.8446
-835.083 -5942.5 299.733 40148 -46.6671
-835.611 -5942 299.748 40148 -45.5071
-836.157 -5941.46 299.763 40148 -45.0841
-836.73 -5940.89 299.779 40148 -46.0715
-837.329 -5940.31 299.796 40148 -46.0706
-837.933 -5939.73 299.813 40148 -46.0718
-838.531 -5939.16 299.829 40148 -45.6975
-839.111 -5938.59 299.846 40148 -46.4677
-839.68 -5938.05 299.861 40148 0
