-548.398 -6139.07 293.558 20148 -58.6922
-549.286 -6138.53 293.56 20148 -58.2564
-550.2 -6137.97 293.562 20148 -58.1946
-551.138 -6137.39 293.565 20148 -58.757
-552.09 -6136.81 293.567 20148 -59.1024
-553.045 -6136.24 293.569 20148 -59.2615
-553.997 -6135.67 293.571 20148 -59.102
-554.952 -6135.1 293.574 20148 -58.7217
-555.905 -6134.52 293.576 20148 -58.2639
-556.843 -6133.94 293.578 20148 -58.5069
-557.757 -6133.38 293.581 20148 -59.6314
-558.653 -6132.86 293.583 20148 -58.5761
-559.525 -6132.32 293.585 20148 -56.6583
-560.38 -6131.76 293.589 20148 -57.2045
-561.245 -6131.2 293.594 20148 -58.1719
-562.113 -6130.66 293.599 20148 -59.448
-562.98 -6130.15 293.604 20148 -58.6391
-563.831 -6129.63 293.609 20148 -57.2978
-564.669 -6129.1 293.614 20148 -57.7389
-565.515 -6128.56 293.619 20148 -57.7199
-566.361 -6128.03 293.624 20148 -57.7389
-567.206 -6127.49 293.629 20148 -57.7389
-568.052 -6126.96 293.634 20148 -57.7389
-568.898 -6126.43 293.639 20148 -57.7198
-569.743 -6125.89 293.645 20148 -57.7389
-570.589 -6125.36 293.65 20148 -57.7389
-571.434 -6124.82 293.655 20148 -57.7198
-572.28 -6124.29 293.66 20148 -57.7389
-573.126 -6123.76 293.665 20148 -57.7389
-573.971 -6123.22 293.67 20148 -57.7452
-574.817 -6122.69 293.676 20148 -57.7305
-575.662 -6122.16 293.684 20148 -57.7687
-576.508 -6121.62 293.692 20148 -57.7495
-577.354 -6121.09 293.7 20148 -57.7305
-578.199 -6120.56 293.708 20148 -57.7496
-579.045 -6120.02 293.716 20148 -57.7496
-579.891 -6119.49 293.724 20148 -57.7305
-580.736 -6118.95 293.732 20148 -57.7498
-581.584 -6118.42 293.74 20148 -57.7493
-582.428 -6117.89 293.748 20148 -57.7288
-583.264 -6117.36 293.756 20148 -57.515
-584.095 -6116.83 293.764 20148 -57.4198
-584.929 -6116.3 293.772 20148 -57.4048
-585.77 -6115.76 293.78 20148 -57.4258
-586.614 -6115.22 293.788 20148 -57.3867
-587.456 -6114.68 293.796 20148 -57.4058
-588.299 -6114.14 293.804 20148 -57.4122
-589.141 -6113.6 293.813 20148 -57.4201
-589.984 -6113.06 293.824 20148 -57.4201
-590.827 -6112.53 293.835 20148 -57.4201
-591.669 -6111.99 293.846 20148 -57.4201
-592.512 -6111.45 293.856 20148 -57.439
-593.354 -6110.91 293.867 20148 -57.4201
-594.197 -6110.37 293.878 20148 -57.4201
-595.04 -6109.83 293.889 20148 -57.4201
-595.882 -6109.3 293.9 20148 -57.4202
-596.725 -6108.76 293.911 20148 -57.419
-597.566 -6108.22 293.922 20148 -57.4172
-598.403 -6107.68 293.932 20148 -57.517
-599.25 -6107.15 293.943 20148 -59.3446
-600.158 -6106.61 293.955 20148 -59.1565
-601.109 -6106.04 293.967 20148 -59.0361
-602.102 -6105.44 293.979 20148 -58.533
-603.153 -6104.8 293.993 20148 -58.2003
-604.173 -6104.17 294.009 20148 -59.5269
-605.123 -6103.61 294.024 20148 -59.351
-605.982 -6103.1 294.038 20148 -59.34
-606.731 -6102.66 294.05 20148 -59.3734
-607.385 -6102.27 294.061 20148 -59.6036
-607.971 -6101.93 294.07 20148 -57.7549
-608.474 -6101.61 294.078 20148 -57.8193
-608.978 -6101.29 294.086 20148 -57.82
-609.486 -6100.97 294.095 20148 -57.851
-609.988 -6100.66 294.103 20148 -58.4904
-610.498 -6100.34 294.111 20148 -57.1985
-611.035 -6100 294.12 20148 -55.786
-611.606 -6099.61 294.129 20148 -55.4819
-612.214 -6099.19 294.139 20148 -54.0191
-612.854 -6098.73 294.15 20148 -56.4394
-613.544 -6098.27 294.162 20148 -58.3026
-614.257 -6097.83 294.173 20148 -57.8472
-614.968 -6097.38 294.185 20148 -57.8238
-615.674 -6096.94 294.196 20148 -57.4494
-616.365 -6096.5 294.208 20148 -57.8193
-617.037 -6096.07 294.218 20148 -57.6803
-617.658 -6095.68 294.231 30148 -57.7597
-618.278 -6095.29 294.246 30148 -57.7043
-618.873 -6094.91 294.26 30148 -58.1519
-619.449 -6094.56 294.274 30148 -57.6994
-620.01 -6094.2 294.288 30148 -57.699
-620.568 -6093.85 294.301 30148 -57.6993
-621.128 -6093.49 294.314 30148 -57.6998
-621.691 -6093.14 294.328 30148 -57.7002
-622.257 -6092.78 294.341 30148 -57.6998
-622.821 -6092.42 294.355 30148 -56.4853
-623.36 -6092.07 294.368 30148 -56.9935
-623.865 -6091.74 294.38 30148 -59.296
-624.343 -6091.45 294.391 30148 -58.2922
-624.793 -6091.18 294.402 30148 -58.3226
-625.247 -6090.9 294.413 30148 -57.7521
-625.726 -6090.59 294.424 30148 -56.7722
-626.231 -6090.26 294.436 30148 -58.0658
-626.752 -6089.94 294.449 30148 -59.735
-627.259 -6089.64 294.461 30148 -60.6839
-627.731 -6089.38 294.471 30148 -60.6839
-628.171 -6089.14 294.481 30148 -60.6839
-628.568 -6088.91 294.491 30148 -60.6839
-628.937 -6088.64 294.5 30148 -60.6839
-629.31 -6088.39 294.509 30148 -60.6839
-629.687 -6088.14 294.518 30148 -60.6839
-630.06 -6087.87 294.527 30148 -60.6839
-630.434 -6087.63 294.537 30148 -60.6839
-630.806 -6087.42 294.545 30148 -60.6839
-631.16 -6087.24 294.553 30148 -60.6839
-631.497 -6087.06 294.561 30148 -60.6839
-631.813 -6086.85 294.568 30148 -60.6839
-632.123 -6086.63 294.576 30148 -60.6839
-632.438 -6086.4 294.584 30148 -60.6839
-632.758 -6086.18 294.592 30148 -60.6839
-633.069 -6086 294.599 30148 -60.6839
-633.349 -6085.85 294.605 30148 -60.6839
-633.6 -6085.73 294.611 30148 -60.6839
-633.817 -6085.62 294.616 30148 -60.6839
-634.006 -6085.49 294.621 30148 -60.6839
-634.194 -6085.38 294.625 30148 -60.6839
-634.384 -6085.25 294.63 30148 -60.6839
-634.576 -6085.13 294.634 30148 -60.6839
-634.769 -6085.01 294.639 30148 -60.6839
-634.962 -6084.89 294.643 30148 -60.6839
-635.157 -6084.78 294.648 30148 -60.6839
-635.332 -6084.64 294.652 30148 -60.6839
-635.484 -6084.51 294.656 30148 -60.6839
-635.615 -6084.38 294.66 30148 -60.6839
-635.736 -6084.26 294.663 30148 -60.6839
-635.868 -6084.17 294.667 30148 -60.6839
-636.011 -6084.08 294.67 30148 -60.6839
-636.151 -6084 294.673 30148 -60.6839
-636.293 -6083.91 294.677 30148 -60.6839
-636.438 -6083.81 294.68 30148 -60.6839
-636.581 -6083.72 294.684 30148 -60.6839
-636.698 -6083.63 294.687 30148 -60.6839
-636.781 -6083.57 294.689 30148 -60.6839
-636.838 -6083.54 294.69 30148 -60.6839
-636.864 -6083.55 294.69 30148 -60.6839
-636.865 -6083.54 294.69 30148 -60.6839
-636.865 -6083.54 294.69 30148 -60.6839
-636.865 -6083.54 294.69 30148 -60.6839
-636.865 -6083.54 294.69 30148 -60.6839
-636.865 -6083.54 294.69 30148 -60.6839
-636.865 -6083.54 294.69 30148 -60.6839
-636.865 -6083.54 294.69 30148 -60.6839
-636.865 -6083.54 294.69 30148 -60.6839
-636.865 -6083.54 294.69 30148 -60.6839
-636.865 -6083.54 294.69 30148 -60.6839
-636.865 -6083.54 294.69 30148 -60.6839
-636.865 -6083.54 294.69 30148 -60.6839
-636.865 -6083.54 294.69 30148 -60.6839
-636.865 -6083.54 294.69 30148 -60.6839
-636.865 -6083.54 294.69 30148 -60.6839
-636.865 -6083.54 294.69 30148 -60.6839
-636.865 -6083.54 294.69 30148 -60.6839
-636.865 -6083.54 294.69 30148 -60.6839
-636.865 -6083.54 294.69 30148 -60.6839
-636.865 -6083.54 294.69 30148 -60.6839
-636.865 -6083.54 294.69 30148 -60.6839
-636.865 -6083.54 294.69 30148 -60.6839
-636.865 -6083.54 294.69 30148 -60.6839
-636.865 -6083.54 294.69 30148 -60.6839
-636.865 -6083.54 294.69 30148 -60.6839
-636.865 -6083.54 294.69 30148 -60.6839
-636.865 -6083.54 294.69 30148 -60.6839
-636.865 -6083.54 294.69 30148 -60.6839
-636.865 -6083.54 294.69 30148 -60.6839
-636.865 -6083.54 294.69 30148 -60.6839
-636.865 -6083.54 294.69 30148 -60.6839
-636.865 -6083.54 294.69 30148 -60.6839
-636.865 -6083.54 294.69 30148 -60.6839
-636.865 -6083.54 294.69 30148 -60.6839
-636.865 -6083.54 294.69 30148 -60.6839
-636.865 -6083.54 294.69 30148 -60.6839
-636.865 -6083.54 294.69 30148 -60.6839
-636.865 -6083.54 294.69 30148 -60.6839
-636.865 -6083.54 294.69 30148 -60.6839
-636.865 -6083.54 294.69 30148 -60.6839
-636.865 -6083.54 294.69 30148 -60.6839
-636.865 -6083.54 294.69 30148 -60.6839
-636.865 -6083.54 294.69 30148 -60.6839
-636.865 -6083.54 294.69 30148 -60.6839
-636.865 -6083.54 294.69 30148 -60.6839
-636.865 -6083.54 294.69 30148 -60.6839
-636.865 -6083.54 294.69 30148 -60.6839
-636.865 -6083.54 294.69 30148 -60.6839
-636.861 -6083.54 294.69 30148 -60.6839
-636.865 -6083.54 294.69 30148 -60.6839
-636.893 -6083.59 294.69 30148 -60.6839
-636.924 -6083.62 294.691 30148 -60.6839
-637.002 -6083.6 294.692 30148 -60.6839
-637.104 -6083.54 294.694 30148 -60.6839
-637.246 -6083.45 294.698 30148 -60.6839
-637.408 -6083.34 294.702 30148 -60.6839
-637.564 -6083.24 294.706 30148 -60.6839
-637.716 -6083.15 294.709 30148 -60.6839
-637.871 -6083.05 294.713 30148 -60.6839
-638.028 -6082.95 294.717 30148 -60.6839
-638.18 -6082.86 294.72 30148 -60.6839
-638.296 -6082.75 294.723 30148 -60.6839
-638.365 -6082.66 294.726 30148 -60.6839
-638.409 -6082.6 294.727 30148 -60.6839
-638.412 -6082.57 294.727 30148 -60.6839
-638.404 -6082.55 294.727 30148 -60.6839
-638.412 -6082.57 294.727 30148 -60.6839
-638.44 -6082.61 294.727 30148 -60.6839
-638.47 -6082.64 294.727 30148 -60.6839
-638.548 -6082.62 294.729 30148 -60.6839
-638.649 -6082.57 294.731 30148 -60.6839
-638.791 -6082.47 294.735 30148 -60.6839
-638.953 -6082.37 294.739 30148 -60.6839
-639.109 -6082.27 294.742 30148 -60.6839
-639.261 -6082.17 294.746 30148 -60.6839
-639.415 -6082.07 294.75 30148 -60.6839
-639.568 -6081.98 294.753 30148 -60.6839
-639.725 -6081.89 294.757 30148 -60.6839
-639.87 -6081.78 294.761 30148 -60.6839
-639.997 -6081.66 294.764 30148 -60.6839
-640.11 -6081.54 294.767 30148 -60.6839
-640.227 -6081.42 294.771 30148 -60.6839
-640.361 -6081.33 294.774 30148 -60.6839
-640.505 -6081.25 294.777 30148 -60.6839
-640.646 -6081.16 294.781 30148 -60.6839
-640.788 -6081.07 294.784 30148 -60.6839
-640.928 -6080.98 294.788 30148 -60.6839
-641.07 -6080.89 294.791 30148 -60.6839
-641.209 -6080.81 294.794 30148 -60.6839
-641.345 -6080.72 294.798 30148 -60.6839
-641.484 -6080.63 294.801 30148 -60.6839
-641.648 -6080.55 294.805 30148 -60.6839
-641.847 -6080.43 294.81 30148 -60.6839
-642.07 -6080.28 294.815 30148 -60.6839
-642.328 -6080.1 294.822 30148 -60.6839
-642.612 -6079.93 294.828 30148 -60.6839
-642.898 -6079.75 294.835 30148 -60.6839
-643.181 -6079.57 294.842 30148 -60.6839
-643.462 -6079.39 294.849 30148 -60.6839
-643.743 -6079.22 294.856 30148 -60.6839
-644.026 -6079.04 294.863 30148 -60.6839
-644.313 -6078.86 294.869 30148 -60.6839
-644.595 -6078.69 294.876 30148 -60.6839
-644.853 -6078.51 294.883 30148 -60.6839
-645.087 -6078.36 294.888 30148 -60.6839
-645.295 -6078.25 294.893 30148 -60.6839
-645.484 -6078.13 294.898 30148 -60.6839
-645.683 -6078 294.903 30148 -60.6839
-645.891 -6077.87 294.908 30148 -60.6839
-646.091 -6077.74 294.913 30148 -60.6839
-646.269 -6077.63 294.917 30148 -60.6839
-646.424 -6077.54 294.92 30148 -60.6839
-646.564 -6077.45 294.924 30148 -60.6839
-646.701 -6077.37 294.927 30148 -60.6839
-646.841 -6077.28 294.931 30148 -60.6839
-646.982 -6077.19 294.934 30148 -60.6839
-647.123 -6077.1 294.937 30148 -60.6839
-647.263 -6077.01 294.941 30148 -60.6839
-647.404 -6076.93 294.944 30148 -60.6839
-647.545 -6076.84 294.948 30148 -60.6839
-647.686 -6076.75 294.951 30148 -60.6839
-647.827 -6076.66 294.954 30148 -60.6839
-647.967 -6076.57 294.958 30148 -60.6839
-648.108 -6076.49 294.961 30148 -60.6839
-648.249 -6076.4 294.965 30148 -60.6839
-648.39 -6076.31 294.968 30148 -60.6839
-648.531 -6076.22 294.971 30148 -60.6839
-648.671 -6076.13 294.975 30148 -60.6839
-648.812 -6076.04 294.978 30148 -60.6839
-648.953 -6075.96 294.982 30148 -60.6839
-649.094 -6075.87 294.985 30148 -60.6839
-649.235 -6075.78 294.988 30148 -60.6839
-649.375 -6075.69 294.992 30148 -60.6839
-649.516 -6075.6 294.995 30148 -60.6839
-649.657 -6075.52 294.999 30148 -60.6839
-649.797 -6075.43 295.002 30148 -60.6839
-649.938 -6075.34 295.005 30148 -60.6839
-650.079 -6075.25 295.009 30148 -60.6839
-650.22 -6075.16 295.012 30148 -60.6839
-650.36 -6075.08 295.016 30148 -60.6839
-650.502 -6074.99 295.019 30148 -60.6839
-650.643 -6074.9 295.022 30148 -60.6839
-650.782 -6074.81 295.026 30148 -60.6839
-650.918 -6074.73 295.029 30148 -60.6839
-651.057 -6074.64 295.032 30148 -60.6839
-651.221 -6074.55 295.036 30148 -60.6839
-651.42 -6074.44 295.041 30148 -60.6839
-651.643 -6074.29 295.046 30148 -60.6839
-651.902 -6074.11 295.053 30148 -60.6839
-652.186 -6073.93 295.06 30148 -60.6839
-652.472 -6073.75 295.067 30148 -60.6839
-652.755 -6073.58 295.073 30148 -60.6839
-653.036 -6073.4 295.08 30148 -60.6839
-653.317 -6073.22 295.087 30148 -60.6839
-653.599 -6073.05 295.094 30148 -60.6839
-653.88 -6072.87 295.101 30148 0
