-498.2 -6172.76 293.803 20148 -55.8111
-499.541 -6171.85 293.787 20148 -55.944
-500.976 -6170.88 293.77 20148 -56.4882
-502.505 -6169.87 293.752 20148 -55.3976
-504.077 -6168.78 293.738 20148 -54.696
-505.715 -6167.62 293.724 20148 -54.9913
-507.196 -6166.59 293.712 20148 -55.4354
-508.477 -6165.7 293.701 20148 -56.2069
-509.511 -6165.01 293.693 20148 -59.2018
-510.334 -6164.52 293.686 20148 -57.9432
-510.965 -6164.12 293.681 20148 -58.6966
-511.456 -6163.83 293.677 20148 -57.7675
-511.947 -6163.52 293.673 20148 -58.8506
-512.512 -6163.18 293.668 20148 -59.4131
-513.15 -6162.8 293.663 20148 -58.1812
-513.871 -6162.35 293.657 20148 -58.2177
-514.703 -6161.84 293.651 20148 -58.2627
-515.645 -6161.25 293.643 20148 -57.8663
-516.677 -6160.6 293.635 20148 -57.8344
-517.783 -6159.91 293.628 20148 -58.5734
-518.952 -6159.19 293.623 20148 -58.1982
-520.161 -6158.45 293.617 20148 -57.7048
-521.39 -6157.67 293.612 20148 -57.7842
-522.629 -6156.89 293.606 20148 -57.652
-523.856 -6156.11 293.6 20148 -57.7695
-525.073 -6155.34 293.595 20148 -58.1408
-526.297 -6154.58 293.589 20148 -58.3233
-527.531 -6153.82 293.584 20148 -58.2162
-528.77 -6153.05 293.578 20148 -58.2166
-530.008 -6152.29 293.572 20148 -58.2304
-531.243 -6151.52 293.567 20148 -58.2161
-532.482 -6150.75 293.564 20148 -58.2279
-533.725 -6149.98 293.563 20148 -57.5862
-534.952 -6149.2 293.562 20148 -60.0638
-536.178 -6148.5 293.561 20148 -61.7071
-537.382 -6147.85 293.559 20148 -62.8297
-538.56 -6147.25 293.558 20148 -65.579
-539.724 -6146.72 293.557 20148 -64.728
-540.853 -6146.18 293.556 20148 -63.4835
-541.953 -6145.64 293.555 20148 -63.4185
-543.073 -6145.07 293.554 20149 -63.4428
-544.312 -6144.46 293.552 20149 -60.6309
-545.659 -6143.7 293.551 20149 -58.958
-547.184 -6142.78 293.552 20149 -57.6884
-548.915 -6141.69 293.556 20149 -56.8781
-550.81 -6140.45 293.561 20149 -55.5794
-552.837 -6139.06 293.566 20149 -56.794
-554.805 -6137.77 293.571 20149 -57.2211
-556.674 -6136.57 293.575 20149 -57.724
-558.385 -6135.49 293.579 20149 -58.314
-559.943 -6134.53 293.583 20149 -59.6123
-561.398 -6133.67 293.588 20149 -59.0472
-562.75 -6132.86 293.596 20149 -59.0745
-564.059 -6132.08 293.604 20149 -59.1013
-565.38 -6131.29 293.611 20149 -58.6076
-566.688 -6130.49 293.619 20149 -59.0637
-567.981 -6129.71 293.627 20149 -59.3217
-569.24 -6128.97 293.634 20149 -58.812
-570.457 -6128.23 293.641 20149 -59.1558
-571.646 -6127.52 293.648 20149 -59.9359
-572.807 -6126.85 293.655 20149 -56.123
-573.877 -6126.13 293.662 20149 -52.6067
-574.852 -6125.38 293.668 20149 -54.7681
-575.801 -6124.71 293.675 20149 -53.7927
-576.672 -6124.08 293.683 20149 -59.111
-577.62 -6123.51 293.692 20149 -57.7729
-578.645 -6122.86 293.702 20149 -57.8689
-579.768 -6122.16 293.712 20149 -57.4087
-580.988 -6121.38 293.724 20149 -56.3755
-582.275 -6120.52 293.736 20149 -57.1595
-583.65 -6119.63 293.749 20149 -57.0845
-585.035 -6118.74 293.762 20149 -56.8159
-586.413 -6117.84 293.775 20149 -56.846
-587.8 -6116.93 293.788 20149 -56.5903
-589.169 -6116.03 293.801 20149 -56.121
-590.478 -6115.15 293.816 20149 -56.7545
-591.749 -6114.32 293.833 20149 -56.8473
-592.967 -6113.52 293.849 20149 -57.5523
-594.135 -6112.78 293.864 20149 -56.846
-595.229 -6112.06 293.878 20148 -56.7854
-596.264 -6111.39 293.891 20148 -56.5672
-597.246 -6110.74 293.904 20148 -58.0541
-598.178 -6110.16 293.916 20148 -56.9523
-599.177 -6109.51 293.929 20148 -56.7588
-600.215 -6108.83 293.943 20148 -57.3254
-601.339 -6108.1 293.957 20148 -55.9955
-602.372 -6107.41 293.971 20148 -58.5161
-603.372 -6106.8 293.983 20148 -58.5926
-604.313 -6106.22 293.996 20148 -61.1798
-605.206 -6105.73 294.01 20149 -58.4583
-606.195 -6105.12 294.026 20149 -58.2162
-607.275 -6104.45 294.043 20149 -56.082
-608.416 -6103.69 294.062 20149 -58.4497
-609.696 -6102.9 294.083 20149 -58.1449
-610.968 -6102.11 294.103 20149 -57.1967
-612.174 -6101.33 294.123 20149 -57.4048
-613.34 -6100.59 294.142 20149 -57.5712
-614.464 -6099.87 294.161 20149 -57.8111
-615.548 -6099.19 294.178 20149 -57.9622
-616.587 -6098.54 294.195 20149 -57.0512
-617.589 -6097.89 294.212 20149 -57.0423
-618.574 -6097.25 294.23 30149 -56.9698
-619.575 -6096.6 294.254 30148 -56.9702
-620.576 -6095.95 294.278 30148 -56.976
-621.585 -6095.3 294.303 30148 -56.9886
-622.589 -6094.64 294.327 30148 -55.6934
-623.509 -6094.01 294.349 30148 -56.7122
-624.372 -6093.45 294.37 30148 -56.6676
-625.142 -6092.94 294.389 30148 -56.7114
-625.811 -6092.5 294.405 30148 -57.0372
-626.389 -6092.13 294.419 30148 -58.424
-626.899 -6091.81 294.431 30148 -55.9572
-627.332 -6091.52 294.442 30148 -55.9572
-627.715 -6091.29 294.451 30148 -55.9572
-628.023 -6091.08 294.458 30148 -55.9572
-628.259 -6090.93 294.464 30148 -55.9572
-628.426 -6090.83 294.468 30148 -55.9572
-628.496 -6090.79 294.469 30148 -55.9572
-628.729 -6090.7 294.474 30148 -55.9572
-629.095 -6090.48 294.483 30148 -58.3243
-629.698 -6090.1 294.497 30148 -58.1155
-630.584 -6089.55 294.518 30148 -57.9131
-631.727 -6088.84 294.546 30148 -56.9271
-633.051 -6087.97 294.577 30148 -57.6971
-634.507 -6087.05 294.612 30148 -57.7024
-636.057 -6086.07 294.649 30148 -57.6919
-637.605 -6085.09 294.686 30148 -57.6871
-639.076 -6084.16 294.722 30148 -56.8347
-640.421 -6083.29 294.754 30148 -57.6466
-641.608 -6082.53 294.783 30148 -57.5637
-642.566 -6081.92 294.806 30148 -57.395
-643.27 -6081.47 294.823 30148 -57.1944
-643.748 -6081.17 294.835 30148 -57.1944
-644.068 -6080.98 294.842 30148 -57.1944
-644.259 -6080.87 294.847 30148 -57.1944
-644.398 -6080.78 294.85 30148 -57.1944
-644.671 -6080.64 294.856 30148 -57.1944
-645.053 -6080.41 294.865 30148 -58.6855
-645.605 -6080.08 294.879 30148 -58.4271
-646.351 -6079.62 294.897 30148 -58.2283
-647.274 -6079.05 294.919 30148 -56.9743
-648.316 -6078.37 294.944 30148 -57.9363
-649.467 -6077.65 294.972 30148 -57.954
-650.671 -6076.89 295.001 30148 -57.9397
-651.864 -6076.15 295.03 30148 -57.9539
-653.066 -6075.39 295.059 30148 -57.9371
-654.227 -6074.67 295.087 30148 -56.8472
-655.277 -6073.98 295.113 30148 -57.7403
-656.21 -6073.39 295.135 30148 -57.6099
-656.969 -6072.91 295.154 30148 -57.4366
-657.534 -6072.55 295.168 30148 -57.4366
-657.932 -6072.29 295.177 30148 -57.4366
-658.217 -6072.13 295.184 30148 -57.4366
-658.489 -6072 295.19 30148 -57.4366
-658.877 -6071.77 295.199 30148 -58.8105
-659.425 -6071.44 295.212 30148 -58.6072
-660.165 -6070.98 295.23 30148 -58.3902
-661.08 -6070.42 295.252 30148 -57.1489
-662.112 -6069.75 295.277 30148 -58.1341
-663.255 -6069.04 295.305 30148 -58.0335
-664.447 -6068.3 295.334 30148 -58.0209
-665.628 -6067.56 295.363 30148 -58.0202
-666.821 -6066.82 295.392 30148 -58.0099
-667.957 -6066.11 295.42 30148 -56.8979
-668.987 -6065.44 295.445 30148 -57.4706
-669.916 -6064.84 295.468 30148 -56.5988
-670.725 -6064.31 295.488 30148 -57.3258
-671.434 -6063.86 295.505 30148 -59.3342
-672.152 -6063.43 295.522 30148 -58.2941
-672.975 -6062.92 295.542 30148 -59.5005
-673.923 -6062.36 295.565 30148 -59.4116
-674.984 -6061.74 295.591 30148 -60.5811
-676.155 -6061.08 295.619 30148 -60.4463
-677.388 -6060.38 295.648 30148 -60.4692
-678.609 -6059.68 295.677 30148 -60.4628
-679.841 -6058.99 295.706 30148 -60.5593
-681.028 -6058.32 295.734 30148 -59.5802
-682.112 -6057.68 295.76 30148 -60.3033
-683.101 -6057.12 295.784 30149 -59.868
-683.975 -6056.61 295.805 30149 -60.521
-684.761 -6056.16 295.823 30149 -59.5213
-685.468 -6055.75 295.84 30149 -57.1327
-686.264 -6055.23 295.86 30149 -56.4904
-687.137 -6054.66 295.882 30149 -55.0221
-688.079 -6054 295.906 30149 -56.1207
-689.115 -6053.3 295.932 30148 -56.1572
-690.192 -6052.58 295.959 30148 -56.1643
-691.263 -6051.86 295.985 30148 -55.8121
-692.331 -6051.14 296.012 30148 -56.4358
-693.395 -6050.43 296.039 30148 -57.9361
-694.429 -6049.78 296.064 30148 -58.0356
-695.423 -6049.16 296.089 30148 -58.8265
-696.383 -6048.58 296.112 30148 -59.2666
-697.302 -6048.03 296.134 30148 -57.2367
-698.163 -6047.48 296.156 30148 -57.2918
-699.021 -6046.93 296.177 30148 -57.3117
-699.885 -6046.37 296.198 30148 -57.3121
-700.751 -6045.82 296.22 30148 -57.2953
-701.624 -6045.26 296.241 30148 -57.3102
-702.481 -6044.71 296.263 30148 -55.7991
-703.244 -6044.19 296.282 30148 -56.9123
-703.927 -6043.75 296.299 30148 -56.6798
-704.493 -6043.37 296.313 30148 -56.6298
-704.952 -6043.07 296.324 30148 -56.6298
-705.307 -6042.85 296.333 30148 -56.6298
-705.744 -6042.62 296.343 30148 -57.9289
-706.269 -6042.29 296.356 30148 -57.8589
-706.941 -6041.87 296.373 30148 -57.596
-707.762 -6041.34 296.393 30148 -56.2244
-708.684 -6040.73 296.416 30148 -56.7575
-709.704 -6040.06 296.442 30148 -56.5162
-710.761 -6039.36 296.468 30148 -56.5295
-711.808 -6038.67 296.494 30148 -56.5154
-712.861 -6037.97 296.521 30148 -56.531
-713.917 -6037.27 296.547 30148 -55.5514
-714.894 -6036.6 296.572 30148 -56.0249
-715.816 -6035.98 296.595 30148 -56.0898
-716.656 -6035.42 296.616 30148 -56.033
-717.402 -6034.91 296.635 30148 -56.069
-718.068 -6034.47 296.652 30148 -57.3309
-718.665 -6034.08 296.667 30148 -57.9662
-719.259 -6033.71 296.682 30148 -58.4851
-719.948 -6033.29 296.698 30149 -57.3812
-720.717 -6032.8 296.718 30149 -57.4429
-721.598 -6032.23 296.739 30149 -57.3672
-722.581 -6031.61 296.764 30149 -56.225
-723.623 -6030.91 296.79 30149 -57.1669
-724.752 -6030.18 296.818 30149 -57.1629
-725.891 -6029.44 296.847 30149 -57.1666
-727.021 -6028.72 296.875 30149 -57.1626
-728.161 -6027.98 296.903 30149 -57.1618
-729.303 -6027.24 296.931 30149 -56.4118
-730.363 -6026.54 296.958 30149 -57.2231
-731.375 -6025.89 296.983 30149 -56.0385
-732.313 -6025.26 297.007 30149 -57.09
-733.185 -6024.69 297.029 30149 -57.2404
-734.057 -6024.13 297.05 30149 -55.8363
-734.991 -6023.5 297.074 30149 -55.8683
-735.987 -6022.82 297.099 30149 -54.7732
-737.028 -6022.09 297.126 30149 -55.695
-738.149 -6021.32 297.154 30149 -55.694
-739.281 -6020.55 297.183 30149 -55.6948
-740.405 -6019.78 297.211 30149 -55.6945
-741.532 -6019.01 297.24 30149 -55.7783
-742.661 -6018.25 297.269 30149 -55.4136
-743.778 -6017.47 297.297 30149 -54.9111
-744.872 -6016.71 297.325 30149 -55.5679
-745.954 -6015.96 297.352 30149 -55.1216
-747.008 -6015.23 297.379 30149 -55.6129
-748.045 -6014.52 297.406 30149 -56.3132
-749.068 -6013.84 297.431 30149 -56.8255
-750.084 -6013.17 297.457 30149 -57.8053
-751.124 -6012.52 297.482 30149 -56.7056
-752.175 -6011.83 297.509 30149 -56.9047
-753.252 -6011.13 297.536 30149 -55.9563
-754.325 -6010.4 297.563 30149 -55.5615
-755.389 -6009.67 297.589 30149 -55.5652
-756.451 -6008.94 297.616 30149 -55.564
-757.513 -6008.22 297.643 30149 -55.5924
-758.577 -6007.49 297.67 30149 -55.735
-759.646 -6006.76 297.697 30149 -55.2154
-760.697 -6006.03 297.724 30149 -52.2468
-761.653 -6005.29 297.749 30149 -52.1962
-762.559 -6004.59 297.773 30149 -52.1361
-763.407 -6003.93 297.795 30149 -51.373
-764.192 -6003.3 297.816 30149 -52.0391
-764.919 -6002.73 297.835 30149 -54.1111
-765.678 -6002.18 297.855 30149 -55.3231
-766.533 -6001.59 297.877 30149 -53.4582
-767.45 -6000.91 297.9 30149 -53.2533
-768.466 -6000.15 297.927 30149 -52.8451
-769.573 -5999.31 297.956 30149 -51.4069
-770.727 -5998.39 297.987 30149 -52.1819
-771.962 -5997.43 298.019 30148 -52.2203
-773.208 -5996.47 298.052 30148 -52.213
-774.448 -5995.51 298.085 30148 -51.2673
-775.678 -5994.52 298.118 30148 -50.2697
-776.885 -5993.52 298.15 30148 -50.046
-778.052 -5992.54 298.182 30148 -51.0461
-779.198 -5991.61 298.212 30148 -51.4587
-780.313 -5990.73 298.242 30148 -52.5943
-781.406 -5989.89 298.27 30148 -52.4035
-782.461 -5989.08 298.298 30148 -52.2597
-783.507 -5988.27 298.325 30148 -52.2742
-784.557 -5987.46 298.353 30148 -52.2743
-785.61 -5986.64 298.38 30148 -52.2599
-786.663 -5985.83 298.408 30148 -52.3747
-787.717 -5985.01 298.436 30148 -52.1588
-788.763 -5984.2 298.463 30148 -51.7853
-789.806 -5983.38 298.491 30148 -51.6501
-790.861 -5982.54 298.518 30148 -52.6262
-791.941 -5981.72 298.547 30148 -53.0085
-793.022 -5980.91 298.575 30148 -53.358
-794.082 -5980.12 298.602 30148 -53.7093
-795.122 -5979.35 298.629 30148 -53.8106
-796.157 -5978.6 298.655 30148 -51.6141
-797.17 -5977.79 298.682 30148 -51.1243
-798.195 -5976.97 298.709 30148 -50.9549
-799.23 -5976.13 298.736 30148 -51.053
-800.269 -5975.29 298.763 30148 0
