4.68503e-310 6.94953e-310 0 0 0
17.437 1189.44 0 0 0
17.46 1192.9 0 0 0
17.448 1196.29 0 0 0
17.446 1199.67 0 0 0
17.443 1203.07 0 0 0
17.438 1206.47 0 0 0
17.434 1209.84 0 0 0
17.429 1213.18 0 0 0
17.408 1216.55 0 0 0
17.421 1220 0 0 0
17.415 1223.5 0 0 0
17.41 1227.01 0 0 0
17.405 1230.52 0 0 0
17.401 1234.02 0 0 0
17.396 1237.51 0 0 0
17.391 1241 0 0 0
17.386 1244.5 0 0 0
17.365 1248.04 0 0 0
17.36 1251.67 0 0 0
17.372 1255.37 0 0 0
17.367 1259.1 0 0 0
17.346 1262.87 0 0 0
17.289 1266.78 0 0 0
17.285 1270.83 0 0 0
17.289 1275.03 0 0 0
17.343 1279.38 0 0 0
17.337 1283.83 0 0 0
17.33 1288.3 0 0 0
17.324 1292.75 0 0 0
17.32 1297.21 0 0 0
17.319 1301.69 0 0 0
17.318 1306.19 0 0 0
17.318 1310.69 0 0 0
17.318 1315.2 0 0 0
17.317 1319.7 0 0 0
17.316 1324.2 0 0 0
17.315 1328.7 0 0 0
17.315 1333.2 0 0 0
17.314 1337.68 0 0 0
17.313 1342.15 0 0 0
17.309 1346.66 0 0 0
17.341 1351.24 0 0 0
17.357 1355.89 0 0 0
17.372 1360.57 0 0 0
17.349 1365.3 0 0 0
17.363 1370.13 0 0 0
17.42 1375.07 0 0 0
17.437 1380.08 0 0 0
17.453 1385.09 0 0 0
17.47 1390.1 0 0 0
17.486 1395.09 0 0 0
17.503 1400.09 0 0 0
17.52 1405.09 0 0 0
17.536 1410.1 0 0 0
17.553 1415.09 0 0 0
17.57 1420.08 0 0 0
17.587 1425.07 0 0 0
17.561 1430.12 0 0 0
17.556 1435.31 0 0 0
17.622 1440.63 0 0 0
17.656 1446.02 0 0 0
17.673 1451.41 0 0 0
17.692 1456.81 0 0 0
17.67 1462.24 0 0 0
17.676 1467.75 0 0 0
17.666 1473.27 0 0 0
17.684 1478.74 0 0 0
17.642 1484.12 0 0 0
17.483 1489.4 0 0 0
17.274 1494.64 0 0 0
17.121 1499.87 0 0 0
17.073 1505.12 0 0 0
17.092 1510.38 0 0 0
17.081 1515.62 0 0 0
17.071 1520.86 0 0 0
17.06 1526.11 0 0 0
17.033 1531.4 0 0 0
17.023 1536.77 0 0 0
17.029 1542.23 0 0 0
17.018 1547.73 0 0 0
17.007 1553.25 0 0 0
16.996 1558.75 0 0 0
16.985 1564.25 0 0 0
16.975 1569.75 0 0 0
16.96 1575.22 0 0 0
16.935 1580.69 0 0 0
16.958 1586.25 0 0 0
17.049 1591.93 0 0 0
17.165 1597.76 0 0 0
17.279 1603.68 0 0 0
17.397 1609.58 0 0 0
17.517 1615.43 0 0 0
17.604 1621.18 0 0 0
17.622 1626.81 0 0 0
17.614 1632.34 0 0 0
17.612 1637.83 0 0 0
17.615 1643.31 0 0 0
17.618 1648.81 0 0 0
17.622 1654.31 0 0 0
17.625 1659.81 0 0 0
17.628 1665.31 0 0 0
17.632 1670.79 0 0 0
17.635 1676.31 0 0 0
17.639 1681.94 0 0 0
17.629 1687.62 0 0 0
17.503 1693.32 0 0 0
17.393 1699.03 0 0 0
17.349 1704.84 0 0 0
17.289 1710.74 0 0 0
17.246 1716.56 0 0 0
17.111 1722.25 0 0 0
17.009 1727.85 0 0 0
16.922 1733.47 0 0 0
16.834 1739.12 0 0 0
16.763 1744.78 0 0 0
16.66 1750.27 0 0 0
16.576 1755.62 0 0 0
16.533 1760.88 0 0 0
16.559 1766.2 0 0 0
16.585 1771.65 0 0 0
16.611 1777.18 0 0 0
16.597 1782.73 0 0 0
16.601 1788.43 0 0 0
16.652 1794.25 0 0 0
16.72 1800.2 0 0 0
16.765 1806.16 0 0 0
16.793 1812.06 0 0 0
16.823 1817.84 0 0 0
16.831 1823.54 0 0 0
-357.98 -6259.57 295.91 10148 -58.2056
-358.943 -6258.97 295.894 10148 -58.2224
-359.906 -6258.37 295.879 10148 -58.2171
-360.749 -6257.85 295.866 10148 -58.2277
-361.592 -6257.33 295.852 10148 -58.207
-362.439 -6256.8 295.839 10148 -58.2465
-363.283 -6256.28 295.826 10148 -57.9784
-364.115 -6255.76 295.813 10148 -58.2196
-364.93 -6255.26 295.8 10148 -58.188
-365.723 -6254.76 295.787 10148 -58.2595
-366.495 -6254.29 295.775 10148 -58.2489
-367.246 -6253.82 295.763 10148 -58.5247
-367.98 -6253.37 295.752 10148 -58.2185
-368.701 -6252.93 295.74 10148 -58.2186
-369.423 -6252.48 295.729 10148 -58.2413
-370.144 -6252.03 295.718 10148 -58.2244
-370.853 -6251.59 295.707 10148 -58.2523
-371.553 -6251.16 295.696 10148 -57.0038
-372.247 -6250.71 295.684 10148 -57.0604
-372.95 -6250.25 295.673 10148 -56.7611
-373.649 -6249.8 295.662 10148 -57.3652
-374.335 -6249.36 295.651 10148 -57.074
-375.007 -6248.92 295.64 10148 -57.3759
-375.693 -6248.48 295.63 10148 -56.7776
-376.395 -6248.02 295.619 10148 -57.0626
-377.11 -6247.56 295.607 10148 -56.7545
-377.812 -6247.1 295.596 10148 -57.3994
-378.497 -6246.66 295.585 10148 -57.0813
-379.169 -6246.22 295.575 10148 -57.3748
-379.853 -6245.79 295.564 10148 -56.7731
-380.553 -6245.33 295.553 10148 -57.0659
-381.271 -6244.86 295.541 10148 -57.0659
-381.988 -6244.4 295.53 10148 -56.7955
-382.688 -6243.94 295.519 10148 -57.3752
-383.372 -6243.5 295.508 10148 -57.0856
-384.048 -6243.07 295.497 10148 -57.0479
-384.731 -6242.62 295.487 10148 -57.0586
-385.423 -6242.17 295.476 10148 -56.7673
-386.105 -6241.73 295.465 10148 -57.409
-386.771 -6241.3 295.454 10148 -57.0837
-387.425 -6240.88 295.444 10148 -57.3812
-388.086 -6240.46 295.434 10148 -57.0539
-388.756 -6240.02 295.423 10148 -56.7283
-389.436 -6239.58 295.412 10148 -56.0821
-390.124 -6239.11 295.401 10148 -56.1162
-390.826 -6238.64 295.39 10148 -56.114
-391.535 -6238.16 295.379 10148 -56.3182
-392.247 -6237.69 295.368 10148 -55.7243
-392.951 -6237.21 295.357 10148 -54.9247
-393.628 -6236.74 295.346 10148 -56.9778
-394.286 -6236.31 295.335 10148 -57.8767
-394.924 -6235.91 295.325 10148 -59.7336
-395.536 -6235.55 295.316 10148 -60.6914
-396.14 -6235.21 295.307 10148 -60.2559
-396.739 -6234.87 295.298 10148 -60.266
-397.342 -6234.52 295.289 10148 -60.2338
-397.947 -6234.18 295.28 10148 -60.2709
-398.549 -6233.83 295.271 10148 -60.3398
-399.148 -6233.49 295.261 10148 -60.453
-399.754 -6233.15 295.252 10148 -59.964
-400.38 -6232.79 295.243 10148 -58.1777
-401.028 -6232.39 295.233 10148 -57.2157
-401.706 -6231.95 295.222 10148 -55.2856
-402.39 -6231.47 295.211 10148 -55.3316
-403.032 -6231.03 295.201 10148 -57.8319
-403.647 -6230.64 295.191 10148 -59.4652
-404.219 -6230.31 295.183 10148 -62.1182
-404.745 -6230.03 295.175 10148 -64.8247
-405.241 -6229.8 295.168 10148 -64.8247
-405.666 -6229.58 295.162 10148 -64.8247
-406.105 -6229.34 295.155 10148 -61.3295
-406.586 -6229.08 295.148 10148 -61.2639
-407.085 -6228.81 295.141 10148 -61.2824
-407.577 -6228.54 295.133 10148 -61.4811
-408.067 -6228.27 295.126 10148 -60.9
-408.541 -6228.01 295.119 10148 -60.7307
-409.002 -6227.75 295.112 10148 -58.3102
-409.45 -6227.47 295.105 10148 -54.6735
-409.888 -6227.16 295.098 10148 -53.2237
-410.326 -6226.84 295.091 10148 -52.799
-410.755 -6226.51 295.084 10148 -52.799
-411.148 -6226.21 295.078 10148 -52.799
-411.509 -6225.93 295.072 10148 -52.799
-411.838 -6225.69 295.067 10148 -52.799
-412.136 -6225.48 295.062 10148 -52.799
-412.4 -6225.3 295.058 10148 -52.799
-412.654 -6225.11 295.054 10148 -52.799
-412.915 -6224.92 295.049 10148 -52.799
-413.171 -6224.72 295.045 10148 -52.799
-413.413 -6224.55 295.041 10148 -52.799
-413.641 -6224.38 295.038 10148 -52.799
-413.865 -6224.21 295.034 10148 -52.799
-414.092 -6224.05 295.03 10148 -52.799
-414.321 -6223.88 295.027 10148 -52.799
-414.549 -6223.71 295.023 10148 -52.799
-414.776 -6223.54 295.019 10148 -52.799
-415.003 -6223.37 295.016 10148 -52.799
-415.229 -6223.21 295.012 10148 -52.799
-415.458 -6223.04 295.008 10148 -52.799
-415.696 -6222.86 295.004 10148 -52.799
-415.953 -6222.68 295 10148 -52.799
-416.242 -6222.48 294.996 10148 -52.799
-416.563 -6222.27 294.991 10148 -52.799
-416.911 -6222.03 294.985 10148 -52.799
-417.294 -6221.78 294.979 10148 -52.799
-417.705 -6221.53 294.973 10148 -52.799
-418.112 -6221.26 294.967 10148 -52.799
-418.518 -6221.03 294.961 10148 -52.799
-418.931 -6220.83 294.955 10148 -52.799
-419.346 -6220.66 294.949 10148 -52.799
-419.76 -6220.47 294.943 10148 -52.799
-420.164 -6220.24 294.937 10148 -52.799
-420.567 -6219.98 294.931 10148 -52.799
-420.977 -6219.72 294.925 10148 -52.799
-421.382 -6219.47 294.919 10148 -52.799
-421.786 -6219.23 294.913 10148 -52.799
-422.202 -6218.97 294.906 10148 -58.783
-422.636 -6218.71 294.9 10148 -57.6689
-423.09 -6218.42 294.893 10148 -57.6789
-423.562 -6218.13 294.886 10148 -58.0521
-424.045 -6217.82 294.878 10148 -58.119
-424.529 -6217.52 294.871 10148 -58.0526
-425.011 -6217.22 294.863 10148 -58.0864
-425.492 -6216.92 294.856 10148 -58.0868
-425.972 -6216.62 294.849 10148 -58.0537
-426.449 -6216.33 294.842 10148 -58.0867
-426.929 -6216.03 294.834 10148 -58.5791
-427.422 -6215.73 294.827 10148 -58.0772
-427.931 -6215.41 294.819 10148 -58.1317
-428.462 -6215.08 294.811 10148 -58.0355
-429.013 -6214.74 294.803 10148 -58.031
-429.587 -6214.38 294.794 10148 -57.6713
-430.176 -6214 294.785 10148 -58.0795
-430.777 -6213.63 294.776 10148 -58.1074
-431.382 -6213.25 294.766 10148 -58.0306
-431.989 -6212.87 294.757 10148 -58.1155
-432.582 -6212.51 294.748 10148 -58.0942
-433.153 -6212.15 294.74 10148 -57.8954
-433.723 -6211.79 294.731 10148 -56.4616
-434.322 -6211.4 294.722 10148 -56.4996
-434.948 -6210.98 294.712 10148 -56.4352
-435.611 -6210.54 294.702 10148 -56.4749
-436.293 -6210.09 294.692 10148 -56.1253
-436.989 -6209.62 294.681 10148 -56.487
-437.699 -6209.15 294.67 10148 -56.4698
-438.41 -6208.68 294.659 10148 -56.5099
-439.12 -6208.21 294.648 10148 -56.4626
-439.828 -6207.74 294.637 10148 -56.4855
-440.537 -6207.27 294.627 10148 -56.4631
-441.245 -6206.8 294.616 10148 -56.486
-441.954 -6206.33 294.605 10148 -56.4846
-442.663 -6205.86 294.594 10148 -56.4884
-443.373 -6205.39 294.583 10148 -56.496
-444.087 -6204.92 294.572 10148 -56.3987
-444.796 -6204.45 294.561 10148 -55.369
-445.472 -6203.98 294.551 10148 -56.9966
-446.125 -6203.56 294.541 10148 -57.3099
-446.749 -6203.16 294.531 10148 -59.2129
-447.35 -6202.8 294.523 10148 -58.0711
-447.917 -6202.45 294.514 10148 -57.9571
-448.48 -6202.1 294.506 10148 -57.9855
-449.047 -6201.74 294.497 10148 -57.9853
-449.615 -6201.39 294.489 10148 -57.9568
-450.183 -6201.03 294.48 10148 -57.9853
-450.752 -6200.67 294.472 10148 -57.9569
-451.32 -6200.32 294.463 10148 -57.9854
-451.888 -6199.96 294.455 10148 -57.9854
-452.456 -6199.61 294.446 10148 -57.9569
-453.024 -6199.25 294.438 10148 -57.9853
-453.592 -6198.9 294.429 10148 0
