18.608 1014.7 0 0 0
18.584 1017.63 0 0 0
18.567 1020.55 0 0 0
18.54 1023.49 0 0 0
18.452 1026.5 0 0 0
18.419 1029.67 0 0 0
18.413 1032.96 0 0 0
18.461 1036.4 0 0 0
18.47 1039.91 0 0 0
18.475 1043.42 0 0 0
18.48 1046.93 0 0 0
18.485 1050.43 0 0 0
18.52 1053.93 0 0 0
18.487 1057.43 0 0 0
18.352 1060.93 0 0 0
18.158 1064.43 0 0 0
18.022 1067.92 0 0 0
17.989 1071.42 0 0 0
18.024 1074.93 0 0 0
18.029 1078.43 0 0 0
18.034 1081.93 0 0 0
18.04 1085.43 0 0 0
18.045 1088.93 0 0 0
18.05 1092.43 0 0 0
18.055 1095.93 0 0 0
18.061 1099.43 0 0 0
18.066 1102.93 0 0 0
18.072 1106.43 0 0 0
18.077 1109.93 0 0 0
18.082 1113.43 0 0 0
18.088 1116.93 0 0 0
18.093 1120.43 0 0 0
18.098 1123.93 0 0 0
18.104 1127.43 0 0 0
18.109 1130.93 0 0 0
18.114 1134.43 0 0 0
18.12 1137.93 0 0 0
18.125 1141.41 0 0 0
18.131 1144.91 0 0 0
18.12 1148.46 0 0 0
18.141 1152.09 0 0 0
18.147 1155.76 0 0 0
18.169 1159.39 0 0 0
18.158 1162.95 0 0 0
18.163 1166.44 0 0 0
18.169 1169.91 0 0 0
18.174 1173.41 0 0 0
18.163 1176.96 0 0 0
18.184 1180.59 0 0 0
18.19 1184.26 0 0 0
18.212 1187.89 0 0 0
18.202 1191.45 0 0 0
18.207 1194.97 0 0 0
18.21 1198.49 0 0 0
18.204 1202.01 0 0 0
18.2 1205.5 0 0 0
18.195 1209 0 0 0
18.174 1212.55 0 0 0
18.185 1216.18 0 0 0
18.18 1219.85 0 0 0
18.192 1223.46 0 0 0
18.171 1227.02 0 0 0
18.15 1230.57 0 0 0
18.16 1234.18 0 0 0
18.156 1237.83 0 0 0
18.151 1241.44 0 0 0
18.105 1245.08 0 0 0
18.073 1248.91 0 0 0
18.068 1252.89 0 0 0
18.11 1257.01 0 0 0
18.123 1261.3 0 0 0
18.118 1265.65 0 0 0
18.107 1270.03 0 0 0
18.109 1274.44 0 0 0
18.105 1278.89 0 0 0
18.096 1283.35 0 0 0
18.086 1287.8 0 0 0
18.076 1292.25 0 0 0
18.072 1296.71 0 0 0
18.071 1301.19 0 0 0
18.072 1305.69 0 0 0
18.071 1310.21 0 0 0
18.077 1314.72 0 0 0
18.075 1319.17 0 0 0
18.034 1323.55 0 0 0
18.004 1327.88 0 0 0
18.004 1332.21 0 0 0
18.047 1336.59 0 0 0
18.107 1340.99 0 0 0
18.164 1345.38 0 0 0
18.229 1349.78 0 0 0
18.294 1354.2 0 0 0
18.358 1358.63 0 0 0
18.423 1363.05 0 0 0
18.488 1367.48 0 0 0
18.552 1371.9 0 0 0
18.617 1376.33 0 0 0
18.682 1380.75 0 0 0
18.746 1385.18 0 0 0
18.811 1389.6 0 0 0
18.876 1394.03 0 0 0
18.94 1398.45 0 0 0
19.006 1402.86 0 0 0
19.073 1407.28 0 0 0
19.105 1411.75 0 0 0
19.135 1416.32 0 0 0
19.185 1421 0 0 0
19.234 1425.78 0 0 0
19.248 1430.61 0 0 0
19.263 1435.45 0 0 0
19.279 1440.28 0 0 0
19.295 1445.09 0 0 0
19.312 1449.92 0 0 0
19.328 1454.8 0 0 0
19.334 1459.69 0 0 0
19.325 1464.57 0 0 0
19.316 1469.4 0 0 0
19.306 1474.22 0 0 0
19.297 1479.04 0 0 0
19.287 1483.87 0 0 0
19.277 1488.69 0 0 0
19.269 1493.52 0 0 0
19.258 1498.34 0 0 0
19.242 1503.15 0 0 0
19.239 1507.98 0 0 0
19.263 1512.85 0 0 0
19.295 1517.77 0 0 0
19.321 1522.74 0 0 0
19.317 1527.74 0 0 0
19.301 1532.75 0 0 0
19.291 1537.75 0 0 0
19.281 1542.76 0 0 0
19.301 1547.76 0 0 0
19.252 1552.74 0 0 0
19.087 1557.73 0 0 0
18.871 1562.77 0 0 0
18.757 1567.96 0 0 0
18.674 1573.29 0 0 0
18.705 1578.67 0 0 0
18.751 1584.04 0 0 0
18.828 1589.34 0 0 0
18.899 1594.54 0 0 0
18.984 1599.66 0 0 0
19.135 1604.72 0 0 0
19.269 1609.76 0 0 0
19.354 1614.79 0 0 0
19.388 1619.81 0 0 0
19.391 1624.82 0 0 0
19.424 1629.83 0 0 0
19.371 1634.79 0 0 0
19.208 1639.66 0 0 0
18.995 1644.43 0 0 0
18.823 1649.16 0 0 0
18.803 1653.91 0 0 0
18.869 1658.69 0 0 0
18.896 1663.47 0 0 0
18.924 1668.24 0 0 0
18.953 1672.99 0 0 0
18.98 1677.79 0 0 0
19.008 1682.72 0 0 0
19.022 1687.69 0 0 0
18.974 1692.62 0 0 0
18.925 1697.42 0 0 0
18.876 1702.17 0 0 0
18.827 1706.94 0 0 0
18.778 1711.72 0 0 0
18.728 1716.49 0 0 0
18.679 1721.27 0 0 0
18.631 1726.03 0 0 0
18.578 1730.79 0 0 0
18.522 1735.59 0 0 0
18.482 1740.47 0 0 0
18.494 1745.5 0 0 0
18.522 1750.55 0 0 0
18.553 1755.48 0 0 0
18.611 1760.35 0 0 0
18.705 1765.22 0 0 0
18.736 1770.19 0 0 0
18.708 1775.16 0 0 0
18.65 1780.06 0 0 0
18.594 1784.95 0 0 0
18.542 1789.85 0 0 0
18.49 1794.75 0 0 0
18.438 1799.65 0 0 0
18.386 1804.55 0 0 0
18.335 1809.45 0 0 0
18.283 1814.35 0 0 0
18.231 1819.24 0 0 0
18.179 1824.15 0 0 0
18.127 1829.12 0 0 0
18.072 1834.09 0 0 0
17.987 1839.06 0 0 0
17.903 1843.97 0 0 0
17.818 1848.85 0 0 0
17.734 1853.74 0 0 0
17.643 1858.63 0 0 0
17.541 1863.56 0 0 0
17.477 1868.6 0 0 0
17.477 1873.78 0 0 0
17.513 1879.06 0 0 0
17.539 1884.39 0 0 0
17.571 1889.73 0 0 0
17.577 1895.04 0 0 0
0 0 0 0 0
0 0 0 0 0
0 0 0 0 0
0 0 0 0 0
0 0 0 0 0
0 0 0 0 0
0 0 0 0 0
0 0 0 0 0
0 0 0 0 0
0 0 0 0 0
0 0 0 0 0
0 0 0 0 0
0 0 0 0 0
0 0 0 0 0
0 0 0 0 0
0 0 0 0 0
0 0 0 0 0
0 0 0 0 0
0 0 0 0 0
-357.94 -6259.98 295.913 10148 -58.213
-359.024 -6259.31 295.896 10148 -58.2224
-359.987 -6258.71 295.881 10148 -58.2012
-361.071 -6258.04 295.863 10148 -58.2349
-362.034 -6257.44 295.848 10148 -58.248
-363.008 -6256.84 295.833 10148 -58.2038
-363.963 -6256.25 295.818 10148 -58.2356
-364.925 -6255.65 295.803 10148 -58.2352
-365.888 -6255.05 295.788 10148 -58.2179
-366.851 -6254.46 295.772 10148 -58.2181
-367.815 -6253.86 295.757 10148 -58.2518
-368.778 -6253.26 295.742 10148 -58.2168
-369.745 -6252.66 295.727 10148 -58.2194
-370.705 -6252.07 295.712 10148 -58.2421
-371.65 -6251.49 295.697 10148 -57.1371
-372.577 -6250.89 295.682 10148 -57.0552
-373.509 -6250.28 295.667 10148 -57.0699
-374.457 -6249.67 295.652 10148 -57.0676
-375.416 -6249.05 295.637 10148 -57.0686
-376.37 -6248.43 295.622 10148 -56.4249
-377.303 -6247.81 295.607 10148 -56.7942
-378.205 -6247.22 295.592 10148 -57.3626
-379.086 -6246.66 295.579 10148 -57.7784
-379.938 -6246.12 295.565 10148 -57.0841
-380.771 -6245.58 295.552 10148 -57.0608
-381.6 -6245.04 295.539 10148 -56.8205
-382.42 -6244.51 295.526 10148 -57.0564
-383.225 -6243.98 295.513 10148 -57.0325
-384.008 -6243.48 295.501 10148 -57.1141
-384.771 -6242.98 295.489 10148 -57.0924
-385.513 -6242.5 295.477 10148 -57.3627
-386.241 -6242.04 295.466 10148 -57.0623
-386.956 -6241.57 295.454 10148 -56.1943
-387.648 -6241.11 295.443 10148 -56.711
-388.31 -6240.68 295.433 10148 -57.4368
-388.946 -6240.27 295.423 10148 -58.1161
-389.552 -6239.89 295.413 10148 -56.1734
-390.122 -6239.51 295.404 10148 -56.065
-390.691 -6239.13 295.395 10148 -55.0448
-391.255 -6238.73 295.386 10148 -56.208
-391.808 -6238.36 295.377 10148 -57.2047
-392.338 -6238.02 295.369 10148 -56.1336
-392.849 -6237.68 295.361 10148 -56.1485
-393.355 -6237.34 295.353 10148 -55.67
-393.85 -6237 295.345 10148 -56.5864
-394.335 -6236.68 295.337 10148 -56.1465
-394.805 -6236.37 295.33 10148 -56.1055
-395.273 -6236.05 295.323 10148 -56.1613
-395.746 -6235.73 295.315 10148 -56.0926
-396.22 -6235.42 295.308 10148 -54.8299
-396.672 -6235.1 295.3 10148 -55.5454
-397.093 -6234.81 295.294 10148 -55.5454
-397.491 -6234.55 295.287 10148 -55.5454
-397.861 -6234.31 295.282 10148 -55.5454
-398.223 -6234.08 295.276 10148 -55.5454
-398.603 -6233.82 295.27 10148 -55.5454
-399.005 -6233.55 295.263 10148 -55.5454
-399.419 -6233.27 295.257 10148 -55.5454
-399.823 -6232.99 295.25 10148 -55.5454
-400.206 -6232.73 295.244 10148 -55.5454
-400.567 -6232.5 295.239 10148 -55.5454
-400.914 -6232.27 295.233 10148 -55.5454
-401.28 -6232.04 295.227 10148 -55.5454
-401.679 -6231.77 295.221 10148 -55.2928
-402.106 -6231.48 295.214 10148 -53.2023
-402.546 -6231.15 295.207 10148 -56.3509
-402.976 -6230.86 295.2 10148 -56.3509
-403.381 -6230.61 295.194 10148 -56.3509
-403.76 -6230.4 295.189 10148 -56.3509
-404.142 -6230.23 295.183 10148 -56.3509
-404.545 -6230.06 295.177 10148 -56.3509
-404.932 -6229.89 295.172 10148 -56.3509
-405.28 -6229.74 295.167 10148 -56.3509
-405.606 -6229.6 295.163 10148 -56.3509
-405.945 -6229.44 295.158 10148 -56.3509
-406.325 -6229.25 295.152 10148 -56.3509
-406.72 -6229.06 295.146 10148 -56.3509
-407.089 -6228.87 295.141 10148 0
