0 0 0 0 0
0 0 0 0 0
0 0 0 0 0
0 0 0 0 0
0 0 0 0 0
0 0 0 0 0
0 0 0 0 0
0 0 0 0 0
0 0 0 0 0
0 0 0 0 0
0 0 0 0 0
0 0 0 0 0
0 0 0 0 0
0 0 0 0 0
0 0 0 0 0
0 0 0 0 0
0 0 0 0 0
0 0 0 0 0
0 0 0 0 0
0 0 0 0 0
0 0 0 0 0
0 0 0 0 0
0 0 0 0 0
0 0 0 0 0
0 0 0 0 0
0 0 0 0 0
0 0 0 0 0
0 0 0 0 0
0 0 0 0 0
0 0 0 0 0
0 0 0 0 0
0 0 0 0 0
0 0 0 0 0
0 0 0 0 0
0 0 0 0 0
0 0 0 0 0
0 0 0 0 0
0 0 0 0 0
0 0 0 0 0
0 0 0 0 0
0 0 0 0 0
0 0 0 0 0
0 0 0 0 0
0 0 0 0 0
0 0 0 0 0
0 0 0 0 0
0 0 0 0 0
0 0 0 0 0
0 0 0 0 0
0 0 0 0 0
0 0 0 0 0
0 0 0 0 0
0 0 0 0 0
0 0 0 0 0
0 0 0 0 0
0 0 0 0 0
0 0 0 0 0
0 0 0 0 0
0 0 0 0 0
0 0 0 0 0
0 0 0 0 0
0 0 0 0 0
0 0 0 0 0
0 0 0 0 0
0 0 0 0 0
0 0 0 0 0
0 0 0 0 0
0 0 0 0 0
0 0 0 0 0
0 0 0 0 0
0 0 0 0 0
0 0 0 0 0
0 0 0 0 0
0 0 0 0 0
0 0 0 0 0
0 0 0 0 0
0 0 0 0 0
0 0 0 0 0
0 0 0 0 0
0 0 0 0 0
0 0 0 0 0
0 0 0 0 0
0 0 0 0 0
0 0 0 0 0
0 0 0 0 0
0 0 0 0 0
0 0 0 0 0
0 0 0 0 0
0 0 0 0 0
0 0 0 0 0
0 0 0 0 0
0 0 0 0 0
0 0 0 0 0
0 0 0 0 0
0 0 0 0 0
0 0 0 0 0
0 0 0 0 0
0 0 0 0 0
0 0 0 0 0
0 0 0 0 0
0 0 0 0 0
0 0 0 0 0
0 0 0 0 0
0 0 0 0 0
0 0 0 0 0
0 0 0 0 0
0 0 0 0 0
0 0 0 0 0
0 0 0 0 0
0 0 0 0 0
0 0 0 0 0
0 0 0 0 0
0 0 0 0 0
0 0 0 0 0
0 0 0 0 0
0 0 0 0 0
0 0 0 0 0
0 0 0 0 0
0 0 0 0 0
0 0 0 0 0
0 0 0 0 0
0 0 0 0 0
0 0 0 0 0
0 0 0 0 0
0 0 0 0 0
0 0 0 0 0
0 0 0 0 0
0 0 0 0 0
0 0 0 0 0
0 0 0 0 0
0 0 0 0 0
0 0 0 0 0
0 0 0 0 0
0 0 0 0 0
0 0 0 0 0
0 0 0 0 0
0 0 0 0 0
0 0 0 0 0
0 0 0 0 0
0 0 0 0 0
0 0 0 0 0
0 0 0 0 0
-358.705 -6262.88 295.925 10149 -58.2224
-359.668 -6262.29 295.91 10149 -58.2056
-360.631 -6261.69 295.895 10149 -58.2055
-361.594 -6261.09 295.879 10149 -58.2255
-362.558 -6260.5 295.864 10149 -58.2349
-363.521 -6259.9 295.849 10149 -58.2181
-364.484 -6259.3 295.834 10149 -58.235
-365.448 -6258.71 295.819 10149 -58.2347
-366.412 -6258.11 295.803 10149 -58.2169
-367.379 -6257.51 295.788 10149 -58.2344
-368.344 -6256.91 295.773 10149 -58.0002
-369.295 -6256.32 295.758 10149 -58.2294
-370.227 -6255.74 295.743 10149 -58.4508
-371.141 -6255.18 295.729 10149 -58.2412
-372.043 -6254.62 295.715 10149 -58.223
-372.945 -6254.06 295.7 10149 -57.4545
-373.851 -6253.48 295.686 10149 -57.051
-374.759 -6252.9 295.672 10149 -56.7792
-375.658 -6252.31 295.657 10149 -57.1032
-376.543 -6251.73 295.643 10149 -57.0909
-377.404 -6251.18 295.629 10149 -57.3014
-378.247 -6250.64 295.616 10149 -57.1015
-379.078 -6250.1 295.603 10149 -57.0414
-379.907 -6249.56 295.59 10149 -57.1017
-380.739 -6249.02 295.577 10149 -57.0451
-381.571 -6248.48 295.564 10149 -57.0833
-382.404 -6247.94 295.55 10149 -57.0641
-383.236 -6247.41 295.537 10149 -57.0833
-384.069 -6246.87 295.524 10149 -57.0639
-384.901 -6246.33 295.511 10149 -57.0833
-385.733 -6245.79 295.498 10149 -57.0641
-386.565 -6245.25 295.485 10149 -57.0831
-387.398 -6244.71 295.471 10149 -57.0646
-388.23 -6244.17 295.458 10149 -57.0646
-389.063 -6243.63 295.445 10149 -57.1949
-389.892 -6243.1 295.432 10149 -56.4383
-390.711 -6242.55 295.419 10149 -57.7297
-391.554 -6242.02 295.406 10149 -58.9037
-392.436 -6241.49 295.392 10149 -60.5701
-393.365 -6240.97 295.378 10149 -62.1488
-394.34 -6240.45 295.364 10149 -63.9825
-395.35 -6239.96 295.349 10149 -63.7567
-396.364 -6239.46 295.334 10149 -63.7656
-397.377 -6238.96 295.319 10149 -63.7509
-398.392 -6238.46 295.305 10149 -63.7334
-399.41 -6237.96 295.29 10149 -63.2964
-400.395 -6237.46 295.275 10149 -62.4683
-401.323 -6236.98 295.262 10149 -61.8511
-402.198 -6236.51 295.249 10149 -60.9254
-403.016 -6236.05 295.236 10149 -60.1538
-403.781 -6235.61 295.225 10149 -55.8787
-404.477 -6235.14 295.214 10149 -55.9745
-405.175 -6234.67 295.202 10149 -56.1237
-405.885 -6234.2 295.191 10149 -56.1643
-406.593 -6233.72 295.18 10149 -56.0788
-407.285 -6233.25 295.169 10149 -54.0489
-407.946 -6232.78 295.159 10149 -53.7346
-408.592 -6232.3 295.148 10149 -53.4922
-409.236 -6231.83 295.138 10149 -53.5484
-409.884 -6231.35 295.127 10149 -53.484
-410.53 -6230.87 295.117 10149 -53.0947
-411.165 -6230.39 295.107 10149 -53.6309
-411.787 -6229.93 295.097 10149 -52.8045
-412.375 -6229.49 295.087 10149 -53.0464
-412.934 -6229.07 295.078 10149 -53.5308
-413.467 -6228.67 295.069 10149 -54.5439
-413.971 -6228.31 295.061 10149 -54.6195
-414.454 -6227.97 295.053 10149 -56.7958
-414.956 -6227.64 295.046 10149 -56.485
-415.481 -6227.29 295.037 10149 -57.3308
-416.036 -6226.94 295.029 10149 -58.8197
-416.611 -6226.59 295.02 10149 -58.533
-417.187 -6226.24 295.011 10149 -58.5913
-417.761 -6225.89 295.002 10149 -58.5335
-418.337 -6225.54 294.994 10149 -57.8541
-418.907 -6225.18 294.985 10149 -59.301
-419.476 -6224.84 294.976 10149 -62.6568
-420.054 -6224.54 294.968 10149 -63.9907
-420.631 -6224.26 294.96 10149 -62.6506
-421.209 -6223.96 294.951 10149 -59.322
-421.782 -6223.62 294.943 10149 -57.8613
-422.354 -6223.26 294.934 10149 -57.8604
-422.917 -6222.91 294.925 10149 -57.9179
-423.456 -6222.57 294.917 10149 -58.8057
-423.971 -6222.26 294.909 10149 -58.8449
-424.465 -6221.96 294.902 10149 -58.0533
-424.944 -6221.66 294.895 10149 -58.0536
-425.421 -6221.36 294.887 10149 -58.0867
-425.902 -6221.06 294.88 10149 -58.0864
-426.383 -6220.76 294.873 10149 -58.0864
-426.864 -6220.46 294.865 10149 -58.0865
-427.345 -6220.16 294.858 10149 -58.0527
-427.826 -6219.86 294.851 10149 -58.0527
-428.306 -6219.56 294.843 10149 -58.12
-428.788 -6219.27 294.836 10149 -58.0527
-429.269 -6218.97 294.829 10149 -58.0864
-429.75 -6218.67 294.821 10149 -58.0864
-430.23 -6218.37 294.814 10149 -58.0527
-430.711 -6218.07 294.807 10149 -58.0864
-431.192 -6217.77 294.799 10149 -58.0865
-431.673 -6217.47 294.792 10149 -58.0527
-432.154 -6217.17 294.785 10149 -58.0527
-432.635 -6216.87 294.778 10149 -58.1199
-433.116 -6216.57 294.77 10149 -58.0582
-433.596 -6216.27 294.763 10149 -58.0928
-434.076 -6215.97 294.756 10149 -58.0933
-434.554 -6215.67 294.749 10149 -58.5992
-435.037 -6215.38 294.741 10149 -58.0219
-435.532 -6215.07 294.734 10149 -56.5319
-436.047 -6214.73 294.726 10149 -55.9315
-436.587 -6214.36 294.718 10149 -56.4555
-437.14 -6214 294.709 10149 -56.1232
-437.678 -6213.64 294.701 10149 -56.8616
-438.205 -6213.29 294.693 10149 -56.8956
-438.734 -6212.95 294.685 10149 -56.088
-439.269 -6212.59 294.676 10149 -55.3659
-439.798 -6212.22 294.668 10149 -57.1497
-440.316 -6211.89 294.66 10149 -56.9907
-440.814 -6211.56 294.653 10149 -56.9943
-441.313 -6211.24 294.645 10149 -56.5477
-441.834 -6210.89 294.637 10149 -55.9684
-442.377 -6210.53 294.629 10149 -56.4567
-442.93 -6210.16 294.62 10149 -55.3938
-443.465 -6209.79 294.612 10149 -56.3709
-443.977 -6209.45 294.604 10149 -57.8253
-444.469 -6209.14 294.597 10149 -56.5042
-444.941 -6208.83 294.589 10149 -56.4616
-445.409 -6208.52 294.582 10149 -56.4718
-445.88 -6208.21 294.575 10149 -56.5091
-446.353 -6207.89 294.568 10149 -56.4411
-446.826 -6207.58 294.56 10149 -56.4756
-447.298 -6207.27 294.553 10149 -56.513
-447.771 -6206.96 294.546 10149 -56.4464
-448.243 -6206.64 294.539 10149 -56.5094
-448.715 -6206.33 294.532 10149 -56.4691
-449.184 -6206.02 294.525 10149 -56.5109
-449.656 -6205.71 294.517 10149 -56.9762
-450.144 -6205.39 294.51 10149 -56.0301
-450.644 -6205.05 294.502 10149 -56.4417
-451.158 -6204.71 294.495 10149 -55.9797
-451.662 -6204.37 294.487 10149 -54.9219
-452.115 -6204.05 294.48 10149 -54.9852
-452.529 -6203.76 294.473 10149 -54.9852
-452.9 -6203.51 294.468 10149 -54.9852
-453.223 -6203.3 294.463 10149 -54.9852
-453.513 -6203.12 294.459 10149 -54.9852
-453.758 -6202.98 294.455 10149 -54.9852
-453.984 -6202.84 294.452 10149 -54.9852
-454.214 -6202.7 294.448 10149 -54.9852
-454.447 -6202.55 294.445 10149 -54.9852
-454.68 -6202.41 294.441 10149 -54.9852
-454.913 -6202.27 294.438 10149 -54.9852
-455.146 -6202.12 294.434 10149 -54.9852
-455.379 -6201.98 294.431 10149 -54.9852
-455.612 -6201.83 294.427 10149 -54.9852
-455.844 -6201.69 294.424 10149 -54.9852
-456.077 -6201.55 294.42 10149 -54.9852
-456.31 -6201.4 294.417 10149 0
