-835.462 -5947.29 299.674 30149 -48.0367
-835.833 -5946.95 299.684 30149 -48.0367
-836.203 -5946.61 299.694 30149 -48.0367
-836.574 -5946.28 299.704 30149 -48.0367
-836.944 -5945.94 299.714 30149 -50.8999
-837.334 -5945.63 299.724 40149 -50.8999
-837.693 -5945.28 299.734 40149 -46.0327
-838.055 -5944.93 299.744 40149 -46.1073
-838.421 -5944.58 299.754 40149 -46.1073
-838.775 -5944.23 299.764 40149 -46.1073
-839.091 -5943.91 299.773 40149 -46.1073
-839.387 -5943.64 299.781 40149 -46.1073
-839.661 -5943.41 299.788 40149 -46.1073
-839.901 -5943.21 299.794 40149 -46.1073
-840.124 -5942.99 299.8 40149 -46.1073
-840.352 -5942.77 299.806 40149 -46.1073
-840.589 -5942.54 299.813 40149 -46.1073
-840.824 -5942.32 299.819 40149 -46.1073
-841.057 -5942.09 299.826 40149 -46.1073
-841.291 -5941.87 299.832 40149 -46.1073
-841.525 -5941.64 299.839 40149 -46.1073
-841.759 -5941.42 299.845 40149 -46.1073
-841.993 -5941.19 299.852 40149 -46.1073
-842.227 -5940.96 299.858 40149 -46.1073
-842.461 -5940.74 299.865 40149 -46.1073
-842.695 -5940.51 299.871 40149 -46.1073
-842.929 -5940.29 299.878 40149 -46.1073
-843.162 -5940.06 299.884 40149 -46.1073
-843.397 -5939.84 299.89 40149 -46.1073
-843.632 -5939.61 299.897 40149 -46.1073
-843.868 -5939.38 299.903 40149 -46.1073
-844.099 -5939.16 299.91 40149 -46.1073
-844.316 -5938.95 299.916 40149 -46.1073
-844.518 -5938.76 299.921 40149 -46.1073
-844.707 -5938.58 299.927 40149 -46.1073
-844.89 -5938.4 299.932 40149 -46.1073
-845.074 -5938.22 299.937 40149 -46.1073
-845.259 -5938.04 299.942 40149 -46.1073
-845.445 -5937.86 299.947 40149 -46.1073
-845.63 -5937.69 299.952 40149 -46.1073
-845.817 -5937.51 299.957 40149 -46.1073
-846.004 -5937.33 299.962 40149 -46.1073
-846.187 -5937.15 299.967 40149 -46.1073
-846.363 -5936.98 299.972 40149 -46.1073
-846.529 -5936.82 299.977 40149 -46.1073
-846.686 -5936.67 299.981 40149 -46.1073
-846.841 -5936.52 299.986 40149 -46.1073
-846.995 -5936.37 299.99 40149 -46.1073
-847.152 -5936.22 299.994 40149 -46.1073
-847.307 -5936.07 299.998 40149 -46.1073
-847.461 -5935.92 300.003 40149 -46.1073
-847.619 -5935.77 300.007 40149 -46.1073
-847.778 -5935.62 300.011 40149 -46.1073
-847.941 -5935.44 300.016 40149 -46.1073
-848.112 -5935.26 300.021 40149 -46.1073
-848.286 -5935.08 300.026 40149 -46.1073
-848.451 -5934.91 300.031 40149 -46.1073
-848.597 -5934.77 300.035 40149 -46.1073
-848.73 -5934.65 300.038 40149 -46.1073
-848.863 -5934.53 300.042 40149 -46.1073
-849.011 -5934.39 300.046 40149 -46.1073
-849.174 -5934.22 300.051 40149 -46.1073
-849.35 -5934.05 300.056 40149 -46.1073
-849.535 -5933.88 300.061 40149 -46.1073
-849.749 -5933.69 300.066 40149 -46.1073
-849.981 -5933.46 300.073 40149 -46.1073
-850.235 -5933.18 300.08 40149 -46.1073
-850.514 -5932.87 300.088 40149 -46.1073
-850.812 -5932.55 300.097 40149 -46.1073
-851.111 -5932.23 300.106 40149 -46.1073
-851.407 -5931.92 300.114 40149 -46.1073
-851.702 -5931.61 300.123 40149 -46.1073
-851.997 -5931.29 300.132 40149 -46.1073
-852.295 -5930.98 300.14 40149 -46.1073
-852.588 -5930.66 300.149 40149 -46.1073
-852.868 -5930.33 300.157 40149 -46.1073
-853.144 -5930 300.166 40149 -46.1073
-853.424 -5929.67 300.174 40149 -46.1073
-853.716 -5929.35 300.183 40149 -46.1073
-854.015 -5929.04 300.192 40149 -46.1073
-854.309 -5928.73 300.2 40149 -46.1073
-854.596 -5928.42 300.208 40149 -46.1073
-854.878 -5928.11 300.217 40149 -46.1073
-855.161 -5927.8 300.225 40149 -46.1073
-855.451 -5927.49 300.234 40149 -46.1073
-855.739 -5927.16 300.242 40149 -46.1073
-856.017 -5926.84 300.25 40149 -46.1073
-856.292 -5926.51 300.257 40149 -46.1073
-856.573 -5926.18 300.265 40149 -46.1073
-856.9 -5925.84 300.274 40149 -43.6244
-857.262 -5925.46 300.283 40149 -43.2417
-857.654 -5925.04 300.293 40149 -43.3517
-858.08 -5924.59 300.305 40149 -45.597
-858.555 -5924.13 300.317 40149 -45.6062
-859.035 -5923.66 300.329 40149 -45.6158
-859.512 -5923.19 300.341 40149 -45.6524
-859.988 -5922.72 300.353 40149 -45.6218
-860.463 -5922.26 300.365 40149 -45.653
-860.939 -5921.79 300.377 40149 -45.6127
-861.417 -5921.33 300.389 40149 -45.5978
-861.899 -5920.85 300.401 40149 -44.6523
-862.363 -5920.38 300.413 40149 -47.8251
-862.829 -5919.96 300.424 40149 -50.6376
-863.3 -5919.58 300.435 40149 -50.5132
-863.787 -5919.17 300.446 40149 -46.6491
-864.287 -5918.7 300.459 40149 -44.7848
-864.801 -5918.18 300.472 40149 -41.0743
-865.318 -5917.59 300.486 40149 -42.0745
-865.86 -5916.99 300.501 40149 -42.0663
-866.401 -5916.39 300.515 40149 -42.0753
-866.936 -5915.8 300.53 40149 -42.0535
-867.473 -5915.2 300.544 40149 -42.0541
-868.009 -5914.61 300.558 40149 -42.0294
-868.545 -5914.01 300.573 40149 -42.0777
-869.081 -5913.42 300.587 40149 -42.0292
-869.617 -5912.83 300.602 40149 -42.0775
-870.154 -5912.23 300.616 40149 -42.0528
-870.69 -5911.64 300.631 40149 -42.0534
-871.226 -5911.04 300.645 40149 -42.051
-871.761 -5910.45 300.659 40149 -42.0576
-872.299 -5909.85 300.674 40149 -42.0463
-872.84 -5909.25 300.688 40149 -41.943
-873.377 -5908.66 300.703 40149 -39.7772
-873.855 -5908.08 300.716 40149 -40.7388
-874.312 -5907.55 300.727 40149 -40.4061
-874.734 -5907.05 300.738 40149 -42.7595
-875.136 -5906.62 300.748 40149 -41.795
-875.516 -5906.2 300.757 40149 -41.527
-875.894 -5905.77 300.766 40149 -41.5277
-876.273 -5905.34 300.776 40149 -41.5617
-876.655 -5904.91 300.785 40149 -41.5283
-877.035 -5904.48 300.795 40149 -41.5284
-877.416 -5904.05 300.804 40149 -41.5616
-877.797 -5903.62 300.813 40149 -41.5283
-878.178 -5903.19 300.823 40149 -41.5283
-878.558 -5902.76 300.832 40149 -41.5616
-878.939 -5902.33 300.842 40149 -41.5616
-879.321 -5901.9 300.851 40149 -41.5283
-879.701 -5901.47 300.86 40149 -41.5281
-880.081 -5901.04 300.87 40149 -41.563
-880.467 -5900.61 300.879 40149 -41.5313
-880.854 -5900.17 300.889 40149 -39.6283
-881.184 -5899.77 300.897 40149 -39.6283
-881.476 -5899.43 300.905 40149 -39.6283
-881.711 -5899.17 300.911 40149 -39.6283
-881.879 -5898.98 300.915 40149 -39.6283
-881.991 -5898.86 300.917 40149 -39.6283
-882.064 -5898.81 300.919 40149 -39.6283
-882.08 -5898.79 300.919 40149 -39.6283
-882.098 -5898.77 300.92 40149 -39.6283
-882.121 -5898.75 300.92 40149 -39.6283
-882.143 -5898.72 300.921 40149 -39.6283
-882.166 -5898.7 300.921 40149 -39.6283
-882.188 -5898.67 300.922 40149 -39.6283
-882.21 -5898.65 300.922 40149 -39.6283
-882.233 -5898.62 300.923 40149 -39.6283
-882.255 -5898.6 300.924 40149 -39.6283
-882.278 -5898.57 300.924 40149 -39.6283
-882.3 -5898.55 300.925 40149 -39.6283
-882.322 -5898.52 300.925 40149 -39.6283
-882.345 -5898.5 300.926 40149 -39.6283
-882.367 -5898.47 300.926 40149 -39.6283
-882.39 -5898.45 300.927 40149 -39.6283
-882.412 -5898.43 300.927 40149 -39.6283
-882.435 -5898.4 300.928 40149 -39.6283
-882.457 -5898.38 300.928 40149 -39.6283
-882.479 -5898.35 300.929 40149 -39.6283
-882.502 -5898.33 300.93 40149 -39.6283
-882.524 -5898.3 300.93 40149 -39.6283
-882.547 -5898.28 300.931 40149 -39.6283
-882.569 -5898.25 300.931 40149 -39.6283
-882.593 -5898.23 300.932 40149 -39.6283
-882.619 -5898.2 300.932 40149 -39.6283
-882.636 -5898.18 300.933 40149 -39.6283
-882.638 -5898.16 300.933 40149 -39.6283
-882.63 -5898.14 300.933 40149 -39.6283
-882.621 -5898.14 300.933 40149 -39.6283
-882.619 -5898.13 300.933 40149 -39.6283
-882.621 -5898.14 300.933 40149 -39.6283
-882.621 -5898.14 300.933 40149 -39.6283
-882.621 -5898.14 300.933 40149 -39.6283
-882.621 -5898.14 300.933 40149 -39.6283
-882.621 -5898.14 300.933 40149 -39.6283
-882.631 -5898.13 300.933 40149 -39.6283
-882.653 -5898.1 300.934 40149 -39.6283
-882.688 -5898.06 300.935 40149 -39.6283
-882.71 -5898.03 300.935 40149 -39.6283
-882.725 -5898.02 300.936 40149 -39.6283
-882.748 -5898.02 300.936 40149 -39.6283
-882.793 -5897.98 300.937 40149 -39.6283
-882.856 -5897.9 300.939 40149 -39.6283
-882.946 -5897.78 300.941 40149 -39.6283
-883.059 -5897.66 300.944 40149 -39.6283
-883.175 -5897.53 300.947 40149 -39.6283
-883.288 -5897.41 300.949 40149 -39.6283
-883.4 -5897.28 300.952 40149 -39.6283
-883.512 -5897.16 300.955 40149 -39.6283
-883.624 -5897.04 300.958 40149 -39.6283
-883.736 -5896.91 300.96 40149 -39.6283
-883.848 -5896.79 300.963 40149 -39.6283
-883.961 -5896.67 300.966 40149 -39.6283
-884.073 -5896.54 300.968 40149 -39.6283
-884.184 -5896.42 300.971 40149 -39.6283
-884.293 -5896.3 300.974 40149 -39.6283
-884.404 -5896.18 300.977 40149 -39.6283
-884.539 -5896.05 300.98 40149 -39.6283
-884.7 -5895.89 300.983 40149 -39.6283
-884.876 -5895.68 300.988 40149 -39.6283
-885.076 -5895.45 300.993 40149 -39.6283
-885.298 -5895.2 300.998 40149 -39.6283
-885.525 -5894.95 301.004 40149 -39.6283
-885.773 -5894.7 301.01 40149 -39.6283
-886.046 -5894.41 301.016 40149 -39.6283
-886.334 -5894.09 301.023 40149 -39.6283
-886.647 -5893.72 301.031 40149 -39.6283
-886.981 -5893.36 301.039 40149 -42.3019
-887.32 -5892.99 301.047 40149 -43.9341
-887.681 -5892.61 301.056 40149 -43.1203
-888.065 -5892.2 301.065 40149 -41.6946
-888.466 -5891.75 301.075 40149 -41.1336
-888.891 -5891.26 301.086 40149 -42.3804
-889.342 -5890.77 301.097 40149 -42.379
-889.793 -5890.28 301.108 40149 -42.3581
-890.239 -5889.79 301.118 40149 -42.3564
-890.686 -5889.3 301.129 40149 -42.9459
-891.154 -5888.79 301.14 40149 -40.7603
-891.626 -5888.25 301.151 40149 -39.6684
-892.113 -5887.66 301.163 40149 -39.2082
-892.619 -5887.04 301.175 40149 -39.5183
-893.144 -5886.4 301.187 40149 -39.4955
-893.675 -5885.76 301.2 40149 -39.5412
-894.208 -5885.11 301.212 40149 -39.5183
-894.737 -5884.47 301.225 40149 -39.5183
-895.266 -5883.83 301.237 40149 -39.5413
-895.796 -5883.19 301.25 40149 -39.5183
-896.326 -5882.54 301.262 40149 -39.4954
-896.856 -5881.9 301.274 40149 -39.5183
-897.384 -5881.26 301.287 40149 -39.5414
-897.911 -5880.62 301.299 40149 -39.5183
-898.441 -5879.98 301.312 40149 -39.9019
-898.983 -5879.33 301.325 40149 -39.5402
-899.538 -5878.66 301.338 40149 -39.5607
-900.113 -5877.96 301.351 40149 -39.4772
-900.704 -5877.25 301.365 40149 -39.5183
-901.314 -5876.51 301.379 40149 -39.1695
-901.937 -5875.74 301.394 40149 -39.5374
-902.573 -5874.97 301.409 40149 -39.5564
-903.212 -5874.2 301.424 40149 -39.5565
-903.85 -5873.43 301.439 40149 -39.5757
-904.485 -5872.66 301.454 40149 -39.5566
-905.122 -5871.89 301.469 40149 -39.5757
-905.758 -5871.12 301.484 40149 -39.5566
-906.394 -5870.35 301.499 40149 -39.5566
-907.03 -5869.58 301.514 40149 -39.5566
15 0 0 0 -39.5566
15 0 0 0 -39.5566
15 0 0 0 -39.5566
15 0 0 0 -39.5566
15 0 0 0 -39.5566
15 0 0 0 -39.5566
15.0001 0 0 0 -39.5566
15 0 0 0 -39.5566
15 0 0 0 -39.5566
15.0001 0 0 0 -39.5566
15 0 0 0 -39.5566
15.0001 0 0 0 -39.5566
15 0 0 0 -39.5566
15 0 0 0 -39.5566
15 0 0 0 -39.5566
15 0 0 0 -39.5566
15 0 0 0 -39.5566
15 0 0 0 -39.5566
15 0 0 0 -39.5566
15.0001 0 0 0 -39.5566
15 0 0 0 -39.5566
15 0 0 0 -39.5566
15.0001 0 0 0 -39.5566
15 0 0 0 -39.5566
15 0 0 0 -39.5566
15.0001 0 0 0 -39.5566
15.02 0 0 0 -39.5566
14.95 0 0 0 -39.5566
14.8301 0 0 0 -39.5566
14.93 0 0 0 -39.5566
15.5562 0 0 0 -39.5566
16.9218 0 0 0 -39.5566
18.081 0 0 0 -39.5566
19.4535 0 0 0 -39.5566
20.07 0 0 0 -39.5566
20.17 0 0 0 -39.5566
20.05 0 0 0 -39.5566
20 0 0 0 -39.5566
19.95 0 0 0 -39.5566
19.8701 0 0 0 -39.5566
19.97 0 0 0 -39.5566
20.4111 0 0 0 -39.5566
21.4701 0 0 0 -39.5566
22.0404 0 0 0 -39.5566
21.5301 0 0 0 -39.5566
20.91 0 0 0 0
