-647.909 -6076.42 294.958 30148 -58.0008
-647.909 -6076.42 294.958 30148 -58.0008
-647.909 -6076.42 294.958 30148 -58.0008
-647.909 -6076.42 294.958 30148 -58.0008
-647.909 -6076.42 294.958 30148 -58.0008
-647.909 -6076.42 294.958 30148 -58.0008
-647.909 -6076.42 294.958 30148 -58.0008
-647.909 -6076.42 294.958 30148 -58.0008
-647.909 -6076.42 294.958 30148 -58.0008
-647.909 -6076.42 294.958 30148 -58.0008
-647.909 -6076.42 294.958 30148 -58.0008
-647.909 -6076.42 294.958 30148 -58.0008
-647.909 -6076.42 294.958 30148 -58.0008
-647.909 -6076.42 294.958 30148 -58.0008
-647.909 -6076.42 294.958 30148 -58.0008
-647.909 -6076.42 294.958 30148 -58.0008
-647.909 -6076.42 294.958 30148 -58.0008
-647.909 -6076.42 294.958 30148 -58.0008
-647.909 -6076.42 294.958 30148 -58.0008
-647.909 -6076.42 294.958 30148 -58.0008
-647.909 -6076.42 294.958 30148 -58.0008
-647.909 -6076.42 294.958 30148 -58.0008
-647.909 -6076.42 294.958 30148 -58.0008
-647.909 -6076.42 294.958 30148 -58.0008
-647.92 -6076.43 294.958 30148 -58.0008
-647.975 -6076.4 294.96 30148 -58.0008
-648.054 -6076.35 294.962 30148 -58.0008
-648.173 -6076.26 294.965 30148 -58.0008
-648.315 -6076.17 294.968 30148 -58.0008
-648.461 -6076.08 294.972 30148 -58.0008
-648.603 -6075.99 294.975 30148 -58.0008
-648.742 -6075.9 294.979 30148 -58.0008
-648.878 -6075.81 294.982 30148 -58.0008
-649.017 -6075.73 294.985 30148 -58.0008
-649.181 -6075.64 294.989 30148 -58.0008
-649.38 -6075.53 294.994 30148 -58.0008
-649.603 -6075.38 294.999 30148 -58.0008
-649.862 -6075.2 295.006 30148 -58.0008
-650.145 -6075.02 295.012 30148 -58.0008
-650.431 -6074.84 295.019 30148 -58.0008
-650.714 -6074.66 295.026 30148 -58.0008
-650.995 -6074.49 295.033 30148 -58.0008
-651.277 -6074.31 295.04 30148 -58.0008
-651.558 -6074.14 295.047 30148 -58.0008
-651.84 -6073.96 295.053 30148 -58.0008
-652.121 -6073.78 295.06 30148 -58.0008
-652.403 -6073.61 295.067 30148 -58.0008
-652.684 -6073.43 295.074 30148 -58.0008
-652.966 -6073.25 295.081 30148 -58.0008
-653.247 -6073.08 295.087 30148 -58.0008
-653.529 -6072.9 295.094 30148 -58.0008
-653.81 -6072.73 295.101 30148 -58.0008
-654.092 -6072.55 295.108 30148 -58.0008
-654.373 -6072.37 295.115 30148 -58.0008
-654.655 -6072.2 295.121 30148 -58.0008
-654.937 -6072.02 295.128 30148 -58.0008
-655.218 -6071.84 295.135 30148 -58.0008
-655.5 -6071.67 295.142 30148 -58.0008
-655.781 -6071.49 295.149 30148 -58.0008
-656.063 -6071.32 295.155 30148 -58.0008
-656.344 -6071.14 295.162 30148 -58.0008
-656.626 -6070.96 295.169 30148 -58.0008
-656.907 -6070.79 295.176 30148 -58.0008
-657.189 -6070.61 295.183 30148 -58.0008
-657.47 -6070.43 295.189 30148 -58.0008
-657.751 -6070.26 295.196 30148 -58.0008
-658.033 -6070.08 295.203 30148 -58.0008
-658.319 -6069.9 295.21 30148 -58.0008
-658.608 -6069.72 295.217 30148 -58.0008
-658.894 -6069.54 295.224 30148 -58.0008
-659.173 -6069.37 295.23 30148 -58.0008
-659.453 -6069.2 295.237 30148 -58.0008
-659.754 -6069.02 295.244 30148 -58.0008
-660.07 -6068.81 295.252 30148 -58.0008
-660.399 -6068.61 295.26 30148 -58.0008
-660.715 -6068.41 295.268 30148 -58.0008
-661.015 -6068.22 295.275 30148 -58.0008
-661.297 -6068.05 295.282 30148 -58.0008
-661.575 -6067.88 295.288 30148 -58.0008
-661.856 -6067.7 295.295 30148 -58.0008
-662.139 -6067.53 295.302 30148 -58.0008
-662.42 -6067.35 295.309 30148 -58.0008
-662.698 -6067.18 295.316 30148 -58.0008
-662.979 -6067 295.322 30148 -58.0008
-663.276 -6066.82 295.33 30148 -58.0008
-663.59 -6066.63 295.337 30148 -58.0008
-663.93 -6066.42 295.345 30148 -58.0008
-664.294 -6066.19 295.354 30148 -58.0008
-664.684 -6065.94 295.364 30148 -58.0008
-665.092 -6065.68 295.374 30148 -58.0008
-665.516 -6065.42 295.384 30148 -58.0147
-665.942 -6065.15 295.395 30148 -58.0147
-666.366 -6064.89 295.405 30148 -58.0147
-666.788 -6064.62 295.415 30148 -58.0147
-667.211 -6064.36 295.426 30148 -58.0147
-667.633 -6064.1 295.436 30148 -58.0147
-668.056 -6063.83 295.446 30148 -58.0147
-668.479 -6063.57 295.457 30148 -58.0147
-668.901 -6063.3 295.467 30148 -58.0147
-669.324 -6063.04 295.477 30148 -58.0147
-669.747 -6062.78 295.487 30148 -58.0147
-670.169 -6062.51 295.498 30148 -58.0147
-670.592 -6062.25 295.508 30148 -58.0147
-671.014 -6061.98 295.518 30148 -58.0147
-671.438 -6061.72 295.529 30148 -57.9766
-671.865 -6061.45 295.539 30148 -57.7863
-672.289 -6061.19 295.55 30148 -57.7863
-672.698 -6060.93 295.56 30148 -57.7863
-673.084 -6060.69 295.569 30148 -57.7863
-673.447 -6060.49 295.577 30148 -57.7863
-673.788 -6060.3 295.585 30148 -57.7863
-674.114 -6060.11 295.593 30148 -57.7863
-674.441 -6059.91 295.601 30148 -57.7863
-674.772 -6059.72 295.609 30148 -57.7863
-675.104 -6059.52 295.617 30148 -57.7863
-675.435 -6059.32 295.625 30148 -57.7863
-675.766 -6059.12 295.633 30148 -57.7863
-676.097 -6058.93 295.641 30148 -57.7863
-676.428 -6058.73 295.649 30148 -57.7863
-676.759 -6058.53 295.657 30148 -57.7863
-677.09 -6058.33 295.665 30148 -57.7863
-677.421 -6058.13 295.673 30148 -57.7863
-677.752 -6057.94 295.681 30148 -57.7863
-678.083 -6057.74 295.689 30148 -57.7863
-678.414 -6057.54 295.697 30148 -57.7863
-678.745 -6057.34 295.705 30148 -57.7863
-679.076 -6057.15 295.713 30148 -57.7863
-679.407 -6056.95 295.721 30148 -57.7863
-679.738 -6056.75 295.729 30148 -57.7863
-680.069 -6056.55 295.737 30148 -57.7863
-680.4 -6056.35 295.745 30148 -57.7863
-680.733 -6056.16 295.753 30148 -57.7863
-681.067 -6055.97 295.761 30148 -57.7863
-681.404 -6055.77 295.769 30148 -57.7863
-681.74 -6055.58 295.777 30148 -57.7863
-682.077 -6055.39 295.785 30148 -57.7863
-682.413 -6055.2 295.793 30148 -57.7863
-682.75 -6055.01 295.801 30148 -57.7863
-683.087 -6054.82 295.809 30148 -57.7863
-683.424 -6054.63 295.817 30148 -57.7863
-683.76 -6054.44 295.825 30148 -57.7863
-684.097 -6054.25 295.833 30148 -57.7863
-684.433 -6054.06 295.841 30148 -57.7863
-684.77 -6053.87 295.849 30148 -57.7863
-685.106 -6053.68 295.857 30148 -57.7863
-685.443 -6053.49 295.865 30148 -57.7863
-685.778 -6053.3 295.873 30148 -57.7863
-686.113 -6053.1 295.881 30148 -57.7863
-686.451 -6052.91 295.889 30148 -57.7863
-686.788 -6052.71 295.897 30148 -57.7863
-687.113 -6052.52 295.905 30148 -57.7863
-687.418 -6052.34 295.912 30148 -57.7863
-687.7 -6052.17 295.919 30148 -57.7863
-687.962 -6052.01 295.926 30148 -57.7863
-688.212 -6051.84 295.932 30148 -57.7863
-688.462 -6051.69 295.938 30148 -57.7863
-688.714 -6051.53 295.944 30148 -57.7863
-688.966 -6051.36 295.95 30148 -57.7863
-689.218 -6051.2 295.957 30148 -57.7863
-689.47 -6051.05 295.963 30148 -57.7863
-689.721 -6050.88 295.969 30148 -57.7863
-689.971 -6050.71 295.975 30148 -57.7863
-690.227 -6050.53 295.982 30148 -57.7863
-690.495 -6050.35 295.989 30148 -57.7863
-690.774 -6050.17 295.996 30148 -57.7863
-691.056 -6049.99 296.003 30148 -57.7863
-691.338 -6049.81 296.01 30148 -57.7863
-691.622 -6049.63 296.017 30148 -57.7863
-691.903 -6049.45 296.024 30148 -57.7863
-692.168 -6049.27 296.03 30148 -57.7863
-692.416 -6049.12 296.036 30148 -57.7863
-692.638 -6048.97 296.042 30148 -57.7863
-692.837 -6048.85 296.047 30148 -57.7863
-693.009 -6048.74 296.051 30148 -57.7863
-693.164 -6048.65 296.055 30148 -57.7863
-693.303 -6048.56 296.058 30148 -57.7863
-693.441 -6048.47 296.062 30148 -57.7863
-693.584 -6048.38 296.065 30148 -57.7863
-693.725 -6048.29 296.069 30148 -57.7863
-693.85 -6048.2 296.072 30148 -57.7863
-693.958 -6048.13 296.074 30148 -57.7863
-694.039 -6048.08 296.076 30148 -57.7863
-694.097 -6048.05 296.078 30148 -57.7863
-694.131 -6048.02 296.079 30148 -57.7863
-694.148 -6048.02 296.079 30148 -57.7863
-694.15 -6048.02 296.079 30148 -57.7863
-694.15 -6048.02 296.079 30148 -57.7863
-694.15 -6048.02 296.079 30148 -57.7863
-694.15 -6048.02 296.079 30148 -57.7863
-694.15 -6048.02 296.079 30148 -57.7863
-694.15 -6048.02 296.079 30148 -57.7863
-694.15 -6048.02 296.079 30148 -57.7863
-694.15 -6048.02 296.079 30148 -57.7863
-694.15 -6048.02 296.079 30148 -57.7863
-694.15 -6048.02 296.079 30148 -57.7863
-694.15 -6048.02 296.079 30148 -57.7863
-694.15 -6048.02 296.079 30148 -57.7863
-694.15 -6048.02 296.079 30148 -57.7863
-694.15 -6048.02 296.079 30148 -57.7863
-694.15 -6048.02 296.079 30148 -57.7863
-694.15 -6048.02 296.079 30148 -57.7863
-694.15 -6048.02 296.079 30148 -57.7863
-694.15 -6048.02 296.079 30148 -57.7863
-694.15 -6048.02 296.079 30148 -57.7863
-694.15 -6048.02 296.079 30148 -57.7863
-694.15 -6048.02 296.079 30148 -57.7863
-694.149 -6048.02 296.079 30148 -57.7863
-694.15 -6048.02 296.079 30148 -57.7863
-694.169 -6048.04 296.079 30148 -57.7863
-694.226 -6048.02 296.08 30148 -57.7863
-694.329 -6047.96 296.083 30148 -57.7863
-694.467 -6047.85 296.087 30148 -57.7863
-694.656 -6047.71 296.091 30148 -57.7863
-694.872 -6047.57 296.097 30148 -57.7863
-695.084 -6047.42 296.102 30148 -57.7863
-695.293 -6047.28 296.107 30148 -57.7863
-695.501 -6047.14 296.113 30148 -57.7863
-695.71 -6046.99 296.118 30148 -57.7863
-695.919 -6046.85 296.123 30148 -57.7863
-696.128 -6046.71 296.129 30148 -57.7863
-696.337 -6046.57 296.134 30148 -57.7863
-696.546 -6046.42 296.139 30148 -57.7863
-696.755 -6046.28 296.144 30148 -57.7863
-696.963 -6046.14 296.15 30148 -57.7863
-697.172 -6046 296.155 30148 -57.7863
-697.381 -6045.85 296.16 30148 -57.7863
-697.589 -6045.71 296.165 30148 -57.7863
-697.792 -6045.57 296.171 30148 -57.7863
-697.999 -6045.43 296.176 30148 -57.7863
-698.243 -6045.29 296.182 30148 -57.7863
-698.522 -6045.11 296.189 30148 -57.7863
-698.829 -6044.91 296.196 30148 -57.7863
-699.174 -6044.67 296.205 30148 -57.7863
-699.548 -6044.43 296.214 30148 -57.7863
-699.924 -6044.19 296.224 30148 -57.7863
-700.298 -6043.95 296.233 30148 -57.7863
-700.674 -6043.7 296.242 30148 -57.7863
-701.052 -6043.46 296.251 30148 -57.7863
-701.425 -6043.22 296.261 30148 -57.7863
-701.794 -6042.97 296.27 30148 -57.7863
-702.171 -6042.72 296.28 30148 -57.7863
-702.566 -6042.45 296.289 30148 -57.7863
-702.978 -6042.18 296.3 30148 -57.536
-703.4 -6041.91 296.31 30148 -57.307
-703.822 -6041.64 296.321 30148 -57.307
-704.242 -6041.37 296.331 30148 -57.307
-704.66 -6041.1 296.341 30148 -57.307
-705.075 -6040.84 296.352 30148 -57.307
-705.492 -6040.57 296.362 30148 -58.7891
-705.935 -6040.3 296.373 30148 -58.1091
-706.412 -6040 296.385 30148 -56.5753
-706.913 -6039.67 296.397 30148 -56.0769
-707.449 -6039.31 296.41 30148 -57.2086
-708.009 -6038.95 296.424 30148 -56.6182
-708.569 -6038.58 296.438 30148 -56.5113
-709.124 -6038.22 296.452 30148 -56.5395
-709.678 -6037.85 296.466 30148 -56.5109
-710.232 -6037.48 296.48 30148 -56.5109
-710.786 -6037.12 296.494 30148 -56.5397
-711.34 -6036.75 296.508 30148 -56.511
-711.894 -6036.38 296.522 30148 -56.5398
-712.449 -6036.02 296.536 30148 -56.5105
-713.002 -6035.65 296.55 30148 -56.5092
-713.551 -6035.29 296.564 30148 -56.5391
-714.104 -6034.92 296.577 30148 -57.662
-714.681 -6034.56 296.592 30148 -57.1317
-715.293 -6034.16 296.607 30148 -55.9398
-715.928 -6033.73 296.623 30148 -55.5587
-716.597 -6033.27 296.64 30148 -56.5057
-717.292 -6032.81 296.657 30148 -56.5293
-717.989 -6032.35 296.675 30148 -56.5285
-718.683 -6031.89 296.692 30148 -56.505
-719.375 -6031.44 296.71 30148 -56.528
-720.067 -6030.98 296.727 30148 -56.5285
-720.761 -6030.52 296.745 30148 -56.5063
-721.457 -6030.06 296.762 30148 -56.5282
-722.15 -6029.6 296.779 30148 -56.1489
-722.826 -6029.15 296.796 30148 -56.9051
-723.489 -6028.71 296.813 30148 -56.5395
-724.135 -6028.29 296.829 30148 -56.5138
-724.778 -6027.86 296.845 30148 -56.5151
-725.424 -6027.44 296.862 30148 -56.5164
-726.075 -6027 296.878 30148 -56.5155
-726.723 -6026.58 296.894 30148 -55.5435
-727.343 -6026.15 296.91 30148 -57.1373
-727.947 -6025.76 296.925 30148 -56.9574
-728.535 -6025.38 296.94 30148 -56.5222
-729.122 -6024.99 296.954 30148 -56.4974
-729.715 -6024.6 296.969 30148 -56.4055
-730.301 -6024.21 296.984 30148 -55.4475
-730.875 -6023.81 296.999 30148 -55.8492
-731.468 -6023.41 297.014 30148 -55.25
-732.081 -6022.99 297.029 30148 -55.7083
-732.708 -6022.56 297.045 30148 -55.2727
-733.316 -6022.14 297.061 30148 -55.6908
-733.899 -6021.74 297.076 30148 -56.1454
-734.463 -6021.36 297.09 30148 -55.6975
-735.011 -6020.99 297.104 30148 -55.6985
-735.556 -6020.61 297.118 30148 -55.6695
-736.099 -6020.24 297.131 30148 0
