-618.836 -6100.07 294.21 20149 -57.914
-619.134 -6099.89 294.215 20149 -57.914
-619.415 -6099.71 294.22 20149 -57.914
-619.694 -6099.53 294.224 30149 -57.914
-619.974 -6099.36 294.231 30149 -57.914
-620.256 -6099.18 294.238 30149 -57.914
-620.538 -6099 294.245 30149 -57.914
-620.819 -6098.82 294.251 30149 -57.914
-621.101 -6098.64 294.258 30149 -57.914
-621.382 -6098.47 294.265 30149 -57.914
-621.665 -6098.29 294.272 30149 -57.914
-621.951 -6098.11 294.278 30149 -57.914
-622.235 -6097.93 294.285 30149 -57.914
-622.494 -6097.75 294.292 30149 -57.914
-622.717 -6097.6 294.297 30149 -57.914
-622.912 -6097.48 294.302 30149 -57.914
-623.075 -6097.4 294.305 30149 -57.914
-623.232 -6097.3 294.309 30149 -57.914
-623.402 -6097.19 294.313 30149 -57.914
-623.589 -6097.07 294.318 30149 -57.914
-623.764 -6096.95 294.322 30149 -57.914
-623.923 -6096.86 294.326 30149 -57.914
-624.064 -6096.77 294.329 30149 -57.914
-624.201 -6096.69 294.332 30149 -57.914
-624.34 -6096.6 294.336 30149 -57.914
-624.481 -6096.51 294.339 30149 -57.914
-624.623 -6096.42 294.342 30149 -57.914
-624.763 -6096.33 294.346 30149 -57.914
-624.904 -6096.24 294.349 30149 -57.914
-625.045 -6096.15 294.352 30149 -57.914
-625.185 -6096.06 294.356 30149 -57.914
-625.321 -6095.98 294.359 30149 -57.914
-625.46 -6095.89 294.362 30149 -57.914
-625.624 -6095.8 294.366 30149 -57.914
-625.823 -6095.68 294.371 30149 -57.914
-626.046 -6095.53 294.376 30149 -57.914
-626.305 -6095.35 294.383 30149 -57.914
-626.589 -6095.17 294.389 30149 -57.914
-626.875 -6094.99 294.396 30149 -57.914
-627.158 -6094.82 294.403 30149 -57.914
-627.439 -6094.64 294.41 30149 -57.914
-627.721 -6094.46 294.416 30149 -57.914
-628.003 -6094.28 294.423 30149 -57.914
-628.285 -6094.1 294.43 30149 -57.914
-628.565 -6093.93 294.437 30149 -57.914
-628.843 -6093.75 294.443 30149 -57.914
-629.122 -6093.57 294.45 30149 -57.914
-629.427 -6093.4 294.457 30149 -57.914
-629.767 -6093.19 294.465 30149 -57.914
-630.131 -6092.95 294.474 30149 -57.914
-630.531 -6092.68 294.484 30149 -57.7097
-630.955 -6092.41 294.494 30149 -57.7102
-631.383 -6092.14 294.504 30149 -57.6716
-631.806 -6091.88 294.514 30149 -57.6716
-632.228 -6091.61 294.524 30149 -57.6716
-632.651 -6091.34 294.534 30149 -57.7094
-633.074 -6091.07 294.545 30149 -57.7094
-633.495 -6090.81 294.555 30149 -57.7094
-633.913 -6090.54 294.565 30149 -57.7094
-634.333 -6090.28 294.575 30149 -59.2221
-634.779 -6090.01 294.585 30149 -58.463
-635.26 -6089.72 294.597 30149 -56.9933
-635.765 -6089.39 294.609 30149 -56.4597
-636.305 -6089.03 294.622 30149 -57.7287
-636.871 -6088.67 294.635 30149 -57.7006
-637.439 -6088.32 294.649 30149 -57.7
-638.004 -6087.96 294.662 30149 -57.6997
-638.567 -6087.6 294.676 30149 -57.6998
-639.13 -6087.25 294.689 30149 -57.6998
-639.693 -6086.89 294.703 30149 -57.6998
-640.257 -6086.53 294.716 30149 -57.6998
-640.82 -6086.18 294.73 30149 -57.6712
-641.383 -6085.82 294.743 30149 -57.6998
-641.947 -6085.47 294.757 30149 -57.8125
-642.511 -6085.11 294.77 30149 -57.9487
-643.076 -6084.76 294.784 30149 -57.9487
-643.641 -6084.4 294.798 30149 -57.9487
-644.206 -6084.05 294.811 30149 -57.9487
-644.771 -6083.7 294.825 30149 -57.9487
-645.336 -6083.34 294.839 30149 -57.9488
-645.901 -6082.99 294.852 30149 -57.9485
-646.465 -6082.63 294.866 30149 -57.948
-647.025 -6082.28 294.879 30149 -57.9484
-647.588 -6081.93 294.893 30149 -59.0936
-648.176 -6081.58 294.907 30149 -58.5312
-648.799 -6081.2 294.922 30149 -57.3889
-649.447 -6080.78 294.938 30149 -56.9794
-650.13 -6080.34 294.954 30149 -57.9432
-650.838 -6079.9 294.972 30149 -57.9436
-651.549 -6079.45 294.989 30149 -57.966
-652.256 -6079.01 295.006 30149 -57.9429
-652.962 -6078.57 295.023 30149 -57.9429
-653.668 -6078.12 295.04 30149 -57.943
-654.374 -6077.68 295.057 30149 -57.943
-655.08 -6077.24 295.074 30149 -57.943
-655.786 -6076.8 295.091 30149 -57.9659
-656.492 -6076.36 295.108 30149 -57.943
-657.198 -6075.91 295.125 30149 -57.943
-657.904 -6075.47 295.142 30149 -57.943
-658.61 -6075.03 295.159 30149 -57.9429
-659.316 -6074.59 295.176 30149 -57.943
-660.023 -6074.15 295.193 30149 -57.966
-660.73 -6073.7 295.211 30149 -58.0347
-661.439 -6073.26 295.228 30149 -58.1033
-662.148 -6072.82 295.245 30149 -58.1263
-662.856 -6072.38 295.262 30149 -58.1035
-663.563 -6071.94 295.279 30149 -58.1264
-664.271 -6071.5 295.296 30149 -58.0978
-664.978 -6071.06 295.313 30149 -58.0356
-665.685 -6070.62 295.33 30149 -58.0074
-666.392 -6070.18 295.347 30149 -58.0074
-667.098 -6069.73 295.365 30149 -58.0303
-667.805 -6069.29 295.382 30149 -58.0074
-668.512 -6068.85 295.399 30149 -58.0074
-669.219 -6068.41 295.416 30149 -58.0303
-669.925 -6067.97 295.434 30149 -58.0074
-670.632 -6067.53 295.451 30149 -58.0303
-671.339 -6067.09 295.468 30149 -58.0074
-672.046 -6066.64 295.485 30149 -58.0304
-672.752 -6066.2 295.503 30149 -58.0074
-673.459 -6065.76 295.52 30149 -58.0074
-674.166 -6065.32 295.537 30149 -58.0303
-674.873 -6064.88 295.554 30149 -58.0074
-675.579 -6064.44 295.571 30149 -58.0303
-676.286 -6064 295.589 30149 -58.0074
-676.993 -6063.56 295.606 30149 -58.0303
-677.7 -6063.11 295.623 30149 -58.0074
-678.407 -6062.67 295.64 30149 -58.0075
-679.113 -6062.23 295.658 30149 -58.0075
-679.819 -6061.79 295.675 30149 -57.8928
-680.524 -6061.35 295.692 30149 -58.0073
-681.231 -6060.91 295.709 30149 -58.7102
-681.951 -6060.47 295.727 30149 -59.5548
-682.684 -6060.04 295.744 30149 -60.2089
-683.429 -6059.61 295.762 30149 -60.3353
-684.177 -6059.19 295.78 30149 -60.2255
-684.924 -6058.76 295.798 30149 -60.2493
-685.671 -6058.33 295.815 30149 -60.2714
-686.417 -6057.9 295.833 30149 -60.2694
-687.165 -6057.48 295.851 30149 -60.2787
-687.912 -6057.05 295.869 30149 -59.7803
-688.654 -6056.62 295.887 30149 -59.1129
-689.385 -6056.18 295.904 30149 -58.2011
-690.1 -6055.74 295.922 30149 -57.4977
-690.804 -6055.29 295.939 30149 -57.3601
-691.504 -6054.84 295.956 30149 -57.5207
-692.207 -6054.39 295.974 30149 -57.4977
-692.909 -6053.95 295.991 30149 -57.5207
-693.613 -6053.5 296.008 30149 -57.4977
-694.315 -6053.05 296.026 30149 -57.5207
-695.018 -6052.6 296.043 30149 -57.4748
-695.721 -6052.16 296.06 30149 -57.5207
-696.424 -6051.71 296.078 30149 -57.4977
-697.127 -6051.26 296.095 30149 -57.4977
-697.83 -6050.81 296.113 30149 -57.5207
-698.533 -6050.37 296.13 30149 -57.5207
-699.236 -6049.92 296.147 30149 -57.4748
-699.939 -6049.47 296.165 30149 -57.5206
-700.642 -6049.02 296.182 30149 -57.4977
-701.345 -6048.57 296.199 30149 -57.4977
-702.046 -6048.13 296.217 30149 -57.3828
-702.746 -6047.68 296.234 30149 -57.314
-703.446 -6047.23 296.251 30149 -57.2914
-704.147 -6046.78 296.268 30149 -57.3144
-704.848 -6046.33 296.286 30149 -57.3147
-705.55 -6045.88 296.303 30149 -57.3153
-706.255 -6045.43 296.321 30149 -57.2917
-706.957 -6044.98 296.338 30149 -56.9382
-707.644 -6044.53 296.355 30149 -57.3054
-708.312 -6044.1 296.372 30149 -57.2228
-708.954 -6043.69 296.387 30149 -57.3679
-709.574 -6043.29 296.403 30149 -57.3353
-710.168 -6042.91 296.417 30149 -57.338
-710.74 -6042.54 296.432 30149 -56.54
-711.296 -6042.18 296.446 30149 -56.5102
-711.848 -6041.81 296.459 30149 -56.5111
-712.403 -6041.44 296.473 30149 -56.5116
-712.959 -6041.07 296.487 30149 -56.5688
-713.515 -6040.71 296.501 30149 -56.5113
-714.071 -6040.34 296.515 30149 -56.512
-714.628 -6039.97 296.529 30149 -56.5131
-715.188 -6039.6 296.543 30149 -56.5122
-715.746 -6039.23 296.557 30149 -55.3256
-716.279 -6038.86 296.57 30149 -55.7927
-716.777 -6038.52 296.583 30149 -57.2873
-717.252 -6038.22 296.595 30149 -58.0369
-717.692 -6037.94 296.606 30149 -58.0369
-718.107 -6037.67 296.616 30149 -58.0369
-718.52 -6037.4 296.626 30149 -58.0369
-718.935 -6037.12 296.637 30149 -56.4831
-719.353 -6036.85 296.647 30149 -56.4831
-719.77 -6036.57 296.658 30149 -56.4831
-720.187 -6036.3 296.668 30149 -56.4831
-720.604 -6036.02 296.679 30149 -56.4831
-721.021 -6035.74 296.689 30149 -56.4831
-721.438 -6035.47 296.699 30149 -56.4831
-721.855 -6035.19 296.71 30149 -56.4831
-722.271 -6034.92 296.72 30149 -56.4831
-722.688 -6034.64 296.731 30149 -56.4831
-723.106 -6034.37 296.741 30149 -56.4831
-723.522 -6034.09 296.752 30149 -56.4831
-723.939 -6033.81 296.762 30149 -56.4831
-724.356 -6033.54 296.773 30149 -56.4831
-724.773 -6033.26 296.783 30149 -56.4831
-725.19 -6032.99 296.793 30149 -56.4831
-725.607 -6032.71 296.804 30149 -56.4831
-726.024 -6032.43 296.814 30149 -56.4831
-726.441 -6032.16 296.825 30149 -56.4831
-726.858 -6031.88 296.835 30149 -56.4831
-727.275 -6031.61 296.846 30149 -56.4831
-727.692 -6031.33 296.856 30149 -56.4831
-728.109 -6031.06 296.866 30149 -56.4831
-728.526 -6030.78 296.877 30149 -56.4831
-728.942 -6030.5 296.887 30149 -56.4831
-729.36 -6030.23 296.898 30149 -56.4831
-729.777 -6029.95 296.908 30149 -56.4831
-730.193 -6029.68 296.919 30149 -56.4831
-730.61 -6029.4 296.929 30149 -56.4831
-731.027 -6029.13 296.94 30149 -56.4831
-731.444 -6028.85 296.95 30149 -56.4831
-731.861 -6028.57 296.96 30149 -56.4831
-732.278 -6028.3 296.971 30149 -56.4795
-732.695 -6028.02 296.981 30149 -56.4795
-733.106 -6027.74 296.992 30149 -56.4795
-733.513 -6027.46 297.002 30149 -55.3917
-733.925 -6027.18 297.013 30149 -56.972
-734.363 -6026.89 297.023 30149 -56.4261
-734.835 -6026.58 297.035 30149 -54.9823
-735.33 -6026.23 297.048 30149 -54.4612
-735.857 -6025.86 297.061 30149 -55.7251
-736.41 -6025.48 297.075 30149 -55.6676
-736.965 -6025.1 297.089 30149 -55.7255
-737.516 -6024.72 297.103 30149 -55.6968
-738.068 -6024.35 297.117 30149 -55.6962
-738.623 -6023.97 297.131 30149 -55.6969
-739.174 -6023.59 297.145 30149 -55.1995
-739.706 -6023.22 297.159 30149 -56.1944
-740.225 -6022.88 297.172 30149 -55.7068
-740.732 -6022.53 297.185 30149 -55.6741
-741.249 -6022.18 297.198 30149 -55.7325
-741.775 -6021.82 297.211 30149 -55.1571
-742.29 -6021.46 297.224 30149 -55.6459
-742.787 -6021.12 297.237 30149 -55.7501
-743.258 -6020.8 297.249 30149 -55.7242
-743.703 -6020.5 297.26 30149 -56.2882
-744.131 -6020.21 297.271 30149 -56.2882
-744.543 -6019.93 297.281 30149 -56.2882
-744.953 -6019.65 297.291 30149 -55.6961
-745.37 -6019.37 297.302 30149 -55.6964
-745.785 -6019.08 297.312 30149 -55.6964
-746.175 -6018.8 297.322 30149 -55.6964
-746.53 -6018.55 297.332 30149 -55.6964
-746.863 -6018.33 297.34 30149 -55.6964
-747.162 -6018.14 297.347 30149 -55.6964
-747.436 -6017.96 297.354 30149 -55.6964
-747.706 -6017.77 297.361 30149 -55.6964
-747.982 -6017.58 297.368 30149 -55.6964
-748.262 -6017.39 297.375 30149 -55.6964
-748.539 -6017.2 297.382 30149 -55.6964
-748.791 -6017.01 297.389 30149 -55.6964
-749.009 -6016.86 297.394 30149 -55.6964
-749.204 -6016.73 297.399 30149 -55.6964
-749.366 -6016.64 297.403 30149 -55.6964
-749.501 -6016.55 297.406 30149 -55.6964
-749.634 -6016.46 297.41 30149 -55.6964
-749.771 -6016.36 297.413 30149 -55.6964
-749.909 -6016.27 297.417 30149 -55.6964
-750.046 -6016.17 297.42 30149 -55.6964
-750.185 -6016.08 297.424 30149 -55.6964
-750.327 -6015.98 297.427 30149 -55.6964
-750.464 -6015.89 297.431 30149 -55.6964
-750.585 -6015.8 297.434 30149 -55.6964
-750.694 -6015.73 297.437 30149 -55.6964
-750.786 -6015.67 297.439 30149 -55.6964
-750.878 -6015.61 297.441 30149 -55.6964
-750.966 -6015.55 297.443 30149 -55.6964
-751.048 -6015.49 297.445 30149 -55.6964
-751.122 -6015.44 297.447 30149 -55.6964
-751.189 -6015.4 297.449 30149 -55.6964
-751.24 -6015.35 297.45 30149 -55.6964
-751.276 -6015.33 297.451 30149 -55.6964
-751.293 -6015.32 297.452 30149 -55.6964
-751.296 -6015.32 297.452 30149 -55.6964
-751.296 -6015.32 297.452 30149 -55.6964
-751.296 -6015.32 297.452 30149 -55.6964
-751.296 -6015.32 297.452 30149 -55.6964
-751.296 -6015.32 297.452 30149 -55.6964
-751.296 -6015.32 297.452 30149 -55.6964
-751.296 -6015.32 297.452 30149 -55.6964
-751.296 -6015.32 297.452 30149 -55.6964
-751.296 -6015.32 297.452 30149 -55.6964
-751.296 -6015.32 297.452 30149 -55.6964
-751.296 -6015.32 297.452 30149 -55.6964
-751.296 -6015.32 297.452 30149 -55.6964
-751.296 -6015.32 297.452 30149 -55.6964
-751.296 -6015.32 297.452 30149 -55.6964
-751.296 -6015.32 297.452 30149 -55.6964
-751.296 -6015.32 297.452 30149 -55.6964
-751.296 -6015.32 297.452 30149 -55.6964
-751.296 -6015.32 297.452 30149 0
