-589.217 -6117.99 293.793 20149 -57.896
-589.22 -6117.99 293.794 20149 -57.896
-589.223 -6117.99 293.794 20149 -57.896
-589.226 -6117.99 293.794 20149 -57.896
-589.227 -6117.99 293.794 20149 -57.896
-589.227 -6117.99 293.794 20149 -57.896
-589.227 -6117.99 293.794 20149 -57.896
-589.227 -6117.99 293.794 20149 -57.896
-589.227 -6117.99 293.794 20149 -57.896
-589.227 -6117.99 293.794 20149 -57.896
-589.227 -6117.99 293.794 20149 -57.896
-589.227 -6117.99 293.794 20149 -57.896
-589.227 -6117.99 293.794 20149 -57.896
-589.227 -6117.99 293.794 20149 -57.896
-589.227 -6117.99 293.794 20149 -57.896
-589.227 -6117.99 293.794 20149 -57.896
-589.227 -6117.99 293.794 20149 -57.896
-589.227 -6117.99 293.794 20149 -57.896
-589.227 -6117.99 293.794 20149 -57.896
-589.227 -6117.99 293.794 20149 -57.896
-589.227 -6117.99 293.794 20149 -57.896
-589.227 -6117.99 293.794 20149 -57.896
-589.227 -6117.99 293.794 20149 -57.896
-589.227 -6117.99 293.794 20149 -57.896
-589.227 -6117.99 293.794 20149 -57.896
-589.227 -6117.99 293.794 20149 -57.896
-589.227 -6117.99 293.794 20149 -57.896
-589.227 -6117.99 293.794 20149 -57.896
-589.227 -6117.99 293.794 20149 -57.896
-589.227 -6117.99 293.794 20149 -57.896
-589.227 -6117.99 293.794 20149 -57.896
-589.227 -6117.99 293.794 20149 -57.896
-589.227 -6117.99 293.794 20149 -57.896
-589.227 -6117.99 293.794 20149 -57.896
-589.227 -6117.99 293.794 20149 -57.896
-589.227 -6117.99 293.794 20149 -57.896
-589.227 -6117.99 293.794 20149 -57.896
-589.227 -6117.99 293.794 20149 -57.896
-589.227 -6117.99 293.794 20149 -57.896
-589.227 -6117.99 293.794 20149 -57.896
-589.227 -6117.99 293.794 20149 -57.896
-589.228 -6117.99 293.794 20149 -57.896
-589.236 -6117.99 293.794 20149 -57.896
-589.272 -6117.97 293.794 20149 -57.896
-589.334 -6117.92 293.795 20149 -57.896
-589.422 -6117.84 293.796 20149 -57.896
-589.525 -6117.77 293.797 20149 -57.896
-589.63 -6117.69 293.798 20149 -57.896
-589.731 -6117.61 293.799 20149 -57.896
-589.832 -6117.54 293.8 20149 -57.896
-589.933 -6117.47 293.801 20149 -57.896
-590.033 -6117.39 293.802 20149 -57.896
-590.134 -6117.32 293.803 20149 -57.896
-590.235 -6117.24 293.804 20149 -57.896
-590.336 -6117.17 293.805 20149 -57.896
-590.437 -6117.09 293.806 20149 -57.896
-590.538 -6117.02 293.807 20149 -57.896
-590.638 -6116.95 293.808 20149 -57.896
-590.74 -6116.87 293.809 20149 -57.896
-590.839 -6116.8 293.81 20149 -57.896
-590.935 -6116.73 293.811 20149 -57.896
-591.034 -6116.65 293.813 20149 -57.896
-591.161 -6116.58 293.814 20149 -57.896
-591.325 -6116.48 293.816 20149 -57.896
-591.514 -6116.34 293.819 20149 -57.896
-591.741 -6116.18 293.822 20149 -57.896
-591.996 -6116.02 293.825 20149 -57.896
-592.254 -6115.85 293.829 20149 -57.896
-592.508 -6115.69 293.832 20149 -57.896
-592.76 -6115.53 293.835 20149 -57.896
-593.013 -6115.37 293.838 20149 -57.896
-593.265 -6115.21 293.842 20149 -57.896
-593.516 -6115.05 293.845 20149 -57.896
-593.768 -6114.87 293.848 20149 -57.896
-594.025 -6114.69 293.852 20149 -57.896
-594.294 -6114.51 293.855 20149 -57.896
-594.573 -6114.33 293.859 20149 -57.896
-594.857 -6114.15 293.862 20149 -57.896
-595.138 -6113.97 293.866 20149 -57.896
-595.419 -6113.79 293.87 20149 -57.896
-595.7 -6113.61 293.873 20149 -57.896
-595.981 -6113.43 293.877 20149 -57.896
-596.262 -6113.25 293.881 20149 -57.896
-596.542 -6113.07 293.884 20149 -57.896
-596.824 -6112.89 293.888 20149 -57.896
-597.104 -6112.71 293.891 20149 -57.896
-597.385 -6112.53 293.895 20149 -57.896
-597.666 -6112.35 293.899 20149 -57.896
-597.947 -6112.17 293.902 20149 -57.896
-598.228 -6111.99 293.906 20149 -57.896
-598.508 -6111.81 293.91 20149 -57.896
-598.789 -6111.63 293.913 20149 -57.896
-599.07 -6111.45 293.917 20149 -57.896
-599.351 -6111.27 293.92 20149 -57.896
-599.632 -6111.09 293.924 20149 -57.896
-599.912 -6110.92 293.928 20149 -57.896
-600.188 -6110.74 293.931 20149 -57.896
-600.467 -6110.56 293.935 20149 -57.896
-600.771 -6110.38 293.939 20149 -57.896
-601.109 -6110.18 293.943 20149 -57.896
-601.473 -6109.94 293.948 20149 -57.896
-601.872 -6109.66 293.953 20149 -57.4416
-602.295 -6109.39 293.958 20149 -57.4052
-602.72 -6109.12 293.964 20149 -57.4052
-603.138 -6108.86 293.969 20149 -57.4052
-603.557 -6108.59 293.975 20149 -58.9292
-604.001 -6108.32 293.98 20149 -58.2025
-604.48 -6108.02 293.987 20149 -56.6914
-604.983 -6107.69 293.993 20149 -56.2012
-605.52 -6107.33 294.002 20149 -57.3744
-606.085 -6106.97 294.011 20149 -57.8597
-606.665 -6106.61 294.02 20149 -58.3556
-607.256 -6106.24 294.03 20149 -58.7305
-607.857 -6105.88 294.04 20149 -58.8331
-608.462 -6105.51 294.049 20149 -58.8339
-609.067 -6105.15 294.059 20149 -58.6733
-609.67 -6104.78 294.069 20149 -58.4029
-610.271 -6104.41 294.079 20149 -58.2672
-610.871 -6104.04 294.088 20149 -58.4038
-611.471 -6103.67 294.098 20149 -58.6758
-612.072 -6103.3 294.108 20149 -58.2931
-612.674 -6102.93 294.117 20149 -60.8562
-613.304 -6102.58 294.127 20149 -62.1777
-613.966 -6102.23 294.138 20149 -61.583
-614.658 -6101.86 294.148 20149 -61.3629
-615.378 -6101.46 294.16 20149 -58.4167
-616.093 -6101.02 294.171 20149 -57.1642
-616.798 -6100.57 294.183 20149 -57.8238
-617.503 -6100.12 294.194 20149 -57.8467
-618.208 -6099.68 294.206 20149 -57.8009
-618.913 -6099.24 294.217 20149 -57.7741
-619.615 -6098.8 294.231 30149 -57.6941
-620.319 -6098.35 294.248 30149 -57.6941
-621.023 -6097.9 294.265 30149 -57.6941
-621.727 -6097.46 294.282 30149 -57.717
-622.43 -6097.02 294.298 30149 -57.6711
-623.134 -6096.57 294.315 30149 -57.717
-623.838 -6096.12 294.332 30149 -57.694
-624.542 -6095.68 294.349 30149 -57.6941
-625.246 -6095.23 294.366 30149 -57.6941
-625.95 -6094.79 294.383 30149 -57.717
-626.654 -6094.34 294.399 30149 -57.6941
-627.358 -6093.9 294.416 30149 -57.694
-628.061 -6093.46 294.433 30149 -57.6942
-628.766 -6093.01 294.45 30149 -57.6945
-629.474 -6092.56 294.467 30149 -57.556
-630.175 -6092.12 294.484 30149 -57.9031
-630.865 -6091.68 294.5 30149 -58.4999
-631.549 -6091.26 294.516 30149 -59.006
-632.247 -6090.85 294.533 30149 -57.8529
-632.969 -6090.39 294.55 30149 -56.1243
-633.714 -6089.89 294.568 30149 -56.5009
-634.482 -6089.38 294.587 30149 -56.7143
-635.257 -6088.87 294.606 30149 -56.7085
-636.028 -6088.37 294.624 30149 -56.7049
-636.796 -6087.86 294.643 30149 -56.7268
-637.565 -6087.36 294.661 30149 -56.706
-638.334 -6086.85 294.68 30149 -56.7056
-639.102 -6086.35 294.699 30149 -56.706
-639.871 -6085.84 294.717 30149 -56.706
-640.64 -6085.34 294.736 30149 -56.7267
-641.409 -6084.83 294.754 30149 -56.8231
-642.179 -6084.33 294.773 30149 -56.9543
-642.949 -6083.83 294.792 30149 -56.955
-643.72 -6083.33 294.811 30149 -56.975
-644.491 -6082.83 294.83 30149 -56.9546
-645.262 -6082.33 294.848 30149 -56.9565
-646.034 -6081.82 294.867 30149 -56.8955
-646.806 -6081.32 294.886 30149 -56.9514
-647.575 -6080.82 294.905 30149 -57.2511
-648.333 -6080.33 294.923 30149 -57.6237
-649.079 -6079.86 294.941 30149 -57.9468
-649.816 -6079.4 294.959 30149 -58.0126
-650.548 -6078.94 294.977 30149 -57.9462
-651.28 -6078.48 294.995 30149 -57.9464
-652.013 -6078.02 295.012 30149 -57.9465
-652.748 -6077.56 295.03 30149 -57.9467
-653.483 -6077.1 295.048 30149 -58.1007
-654.22 -6076.64 295.066 30149 -57.7909
-654.949 -6076.18 295.083 30149 -57.2025
-655.663 -6075.73 295.101 30149 -56.9597
-656.363 -6075.27 295.118 30149 -57.1587
-657.059 -6074.82 295.135 30149 -57.8041
-657.76 -6074.38 295.152 30149 -58.1036
-658.466 -6073.94 295.169 30149 -57.9201
-659.172 -6073.5 295.186 30149 -57.9661
-659.881 -6073.05 295.203 30149 -57.3269
-660.585 -6072.6 295.22 30149 -58.9939
-661.302 -6072.17 295.237 30149 -61.327
-662.035 -6071.77 295.254 30149 -62.6804
-662.777 -6071.39 295.271 30149 -61.2979
-663.517 -6070.98 295.288 30149 -58.9895
-664.237 -6070.55 295.306 30149 -55.6627
-664.869 -6070.12 295.321 30149 -58.0192
-665.472 -6069.74 295.336 30149 -58.1429
-666.028 -6069.4 295.35 30149 -60.6311
-666.529 -6069.11 295.362 30149 -61.3275
-667.034 -6068.84 295.373 30149 -59.0077
-667.585 -6068.51 295.387 30149 -57.5481
-668.163 -6068.14 295.401 30149 -58.7842
-668.8 -6067.75 295.416 30149 -58.4845
-669.457 -6067.35 295.432 30149 -58.6119
-670.11 -6066.95 295.448 30149 -58.6152
-670.761 -6066.55 295.464 30149 -58.6157
-671.411 -6066.16 295.48 30149 -58.6157
-672.062 -6065.76 295.495 30149 -58.6157
-672.712 -6065.36 295.511 30149 -58.6154
-673.362 -6064.97 295.527 30149 -58.6154
-674.013 -6064.57 295.543 30149 -58.6154
-674.663 -6064.17 295.558 30149 -58.6154
-675.314 -6063.78 295.574 30149 -58.5906
-675.964 -6063.38 295.59 30149 -58.6154
-676.614 -6062.98 295.606 30149 -58.6157
-677.265 -6062.59 295.621 30149 -58.6154
-677.915 -6062.19 295.637 30149 -58.6153
-678.566 -6061.79 295.653 30149 -58.6159
-679.216 -6061.4 295.669 30149 -58.541
-679.865 -6061 295.684 30149 -58.6147
-680.516 -6060.6 295.7 30149 -58.9839
-681.174 -6060.21 295.716 30149 -59.4434
-681.841 -6059.81 295.732 30149 -59.8019
-682.514 -6059.42 295.748 30149 -59.8963
-683.189 -6059.03 295.764 30149 -59.7742
-683.864 -6058.64 295.78 30149 -59.8245
-684.538 -6058.24 295.796 30149 -59.8725
-685.213 -6057.85 295.813 30149 -59.8977
-685.888 -6057.46 295.829 30149 -59.8732
-686.563 -6057.07 295.845 30149 -59.8235
-687.237 -6056.68 295.861 30149 -59.5202
-687.909 -6056.28 295.877 30149 -59.3837
-688.58 -6055.88 295.893 30149 -59.3347
-689.251 -6055.49 295.91 30149 -59.3827
-689.923 -6055.09 295.926 30149 -59.3835
-690.594 -6054.69 295.942 30149 -59.333
-691.265 -6054.29 295.958 30149 -59.3874
-691.935 -6053.9 295.975 30149 -59.3716
-692.602 -6053.5 295.991 30149 -59.6245
-693.276 -6053.11 296.007 30149 -59.1707
-693.962 -6052.7 296.024 30149 -57.9871
-694.657 -6052.26 296.041 30149 -57.0136
-695.352 -6051.81 296.058 30149 -56.7249
-696.034 -6051.37 296.075 30149 -56.9422
-696.697 -6050.93 296.091 30149 -57.0186
-697.332 -6050.52 296.107 30149 -57.4446
-697.938 -6050.14 296.122 30149 -58.639
-698.523 -6049.78 296.136 30149 -57.4977
-699.085 -6049.42 296.15 30149 -57.4977
-699.642 -6049.07 296.164 30149 -57.4977
-700.203 -6048.71 296.178 30149 -57.4977
-700.766 -6048.35 296.192 30149 -57.5551
-701.328 -6047.99 296.205 30149 -57.4977
-701.888 -6047.64 296.219 30149 -57.2967
-702.447 -6047.28 296.233 30149 -57.3266
-703.011 -6046.91 296.247 30149 -57.2977
-703.573 -6046.55 296.261 30149 -56.0819
-704.111 -6046.19 296.274 30149 -56.578
-704.613 -6045.86 296.287 30149 -58.1073
-705.092 -6045.56 296.299 30149 -58.8221
-705.536 -6045.29 296.31 30149 -58.8221
-705.955 -6045.03 296.32 30149 -58.8221
-706.371 -6044.76 296.33 30149 -58.8221
-706.79 -6044.49 296.341 30149 -57.2687
-707.211 -6044.22 296.351 30149 -57.2687
-707.632 -6043.95 296.361 30149 -57.2687
-708.052 -6043.68 296.372 30149 -57.2687
-708.473 -6043.41 296.382 30149 -57.2687
-708.893 -6043.14 296.393 30149 -57.2687
-709.314 -6042.87 296.403 30149 -57.2687
-709.734 -6042.6 296.413 30149 -57.2687
-710.155 -6042.33 296.424 30149 -57.2687
-710.572 -6042.05 296.434 30149 -57.2687
-710.989 -6041.78 296.445 30149 -57.2687
-711.406 -6041.5 296.455 30149 -57.2687
-711.823 -6041.23 296.466 30149 -57.2687
-712.239 -6040.95 296.476 30149 -57.2687
-712.656 -6040.68 296.486 30149 -56.5211
-713.073 -6040.4 296.497 30149 -56.5211
-713.489 -6040.12 296.507 30149 -56.5215
-713.907 -6039.85 296.518 30149 -56.5606
-714.328 -6039.57 296.528 30149 -56.5606
-714.745 -6039.29 296.539 30149 -56.5606
-715.145 -6039.02 296.549 30149 -56.5606
-715.533 -6038.77 296.558 30149 -56.5606
-715.903 -6038.53 296.568 30149 -56.5606
-716.269 -6038.29 296.577 30149 -56.5606
-716.634 -6038.04 296.586 30149 -56.5606
-717.004 -6037.8 296.595 30149 -56.5606
-717.393 -6037.55 296.605 30149 -56.5606
-717.798 -6037.28 296.615 30149 -56.5214
-718.215 -6037 296.626 30149 -56.5214
-718.612 -6036.72 296.636 30149 -56.5214
-718.983 -6036.48 296.645 30149 -56.5214
-719.327 -6036.26 296.653 30149 -56.5214
-719.653 -6036.05 296.662 30149 -56.5214
-719.988 -6035.83 296.67 30149 -56.5214
-720.333 -6035.6 296.679 30149 -56.5214
-720.668 -6035.37 296.687 30149 -56.5214
-720.978 -6035.17 296.695 30149 -56.5214
-721.271 -6034.98 296.702 30149 -56.5214
-721.566 -6034.79 296.709 30149 0
