-621.231 -6093.63 294.315 30148 -57.8277
-621.534 -6093.44 294.322 30148 -57.8277
-621.81 -6093.27 294.328 30148 -57.8277
-622.086 -6093.09 294.335 30148 -57.8277
-622.366 -6092.92 294.342 30148 -57.8277
-622.647 -6092.74 294.348 30148 -57.8277
-622.928 -6092.56 294.355 30148 -57.8277
-623.208 -6092.38 294.362 30148 -57.8277
-623.492 -6092.2 294.369 30148 -57.8277
-623.781 -6092.02 294.375 30148 -57.8277
-624.047 -6091.85 294.382 30148 -57.8277
-624.255 -6091.7 294.387 30148 -57.8277
-624.424 -6091.59 294.391 30148 -57.8277
-624.538 -6091.52 294.394 30148 -57.8277
-624.613 -6091.49 294.395 30148 -57.8277
-624.63 -6091.48 294.396 30148 -57.8277
-624.63 -6091.48 294.396 30148 -57.8277
-624.63 -6091.48 294.396 30148 -57.8277
-624.63 -6091.48 294.396 30148 -57.8277
-624.63 -6091.48 294.396 30148 -57.8277
-624.63 -6091.48 294.396 30148 -57.8277
-624.63 -6091.48 294.396 30148 -57.8277
-624.63 -6091.48 294.396 30148 -57.8277
-624.63 -6091.48 294.396 30148 -57.8277
-624.63 -6091.48 294.396 30148 -57.8277
-624.63 -6091.48 294.396 30148 -57.8277
-624.63 -6091.48 294.396 30148 -57.8277
-624.63 -6091.48 294.396 30148 -57.8277
-624.63 -6091.48 294.396 30148 -57.8277
-624.63 -6091.48 294.396 30148 -57.8277
-624.63 -6091.48 294.396 30148 -57.8277
-624.63 -6091.48 294.396 30148 -57.8277
-624.63 -6091.48 294.396 30148 -57.8277
-624.63 -6091.48 294.396 30148 -57.8277
-624.63 -6091.48 294.396 30148 -57.8277
-624.63 -6091.48 294.396 30148 -57.8277
-624.63 -6091.48 294.396 30148 -57.8277
-624.63 -6091.48 294.396 30148 -57.8277
-624.63 -6091.48 294.396 30148 -57.8277
-624.63 -6091.48 294.396 30148 -57.8277
-624.63 -6091.48 294.396 30148 -57.8277
-624.63 -6091.48 294.396 30148 -57.8277
-624.63 -6091.48 294.396 30148 -57.8277
-624.63 -6091.48 294.396 30148 -57.8277
-624.63 -6091.48 294.396 30148 -57.8277
-624.63 -6091.48 294.396 30148 -57.8277
-624.63 -6091.48 294.396 30148 -57.8277
-624.63 -6091.48 294.396 30148 -57.8277
-624.625 -6091.48 294.396 30148 -57.8277
-624.632 -6091.49 294.396 30148 -57.8277
-624.657 -6091.53 294.396 30148 -57.8277
-624.693 -6091.58 294.396 30148 -57.8277
-624.719 -6091.62 294.396 30148 -57.8277
-624.726 -6091.63 294.396 30148 -57.8277
-624.721 -6091.62 294.396 30148 -57.8277
-624.721 -6091.62 294.396 30148 -57.8277
-624.721 -6091.62 294.396 30148 -57.8277
-624.721 -6091.62 294.396 30148 -57.8277
-624.721 -6091.62 294.396 30148 -57.8277
-624.724 -6091.63 294.396 30148 -57.8277
-624.787 -6091.61 294.397 30148 -57.8277
-624.897 -6091.54 294.4 30148 -57.8277
-625.062 -6091.44 294.404 30148 -57.8277
-625.27 -6091.29 294.409 30148 -57.8277
-625.536 -6091.11 294.415 30148 -57.8277
-625.825 -6090.93 294.422 30148 -57.8277
-626.108 -6090.75 294.429 30148 -57.8277
-626.384 -6090.57 294.436 30148 -57.8277
-626.665 -6090.4 294.442 30148 -57.8277
-626.96 -6090.22 294.449 30148 -57.8277
-627.274 -6090.02 294.457 30148 -57.8277
-627.613 -6089.8 294.465 30148 -57.8277
-627.976 -6089.57 294.474 30148 -57.8277
-628.364 -6089.33 294.483 30148 -57.8277
-628.772 -6089.06 294.493 30148 -57.7099
-629.198 -6088.79 294.503 30148 -57.672
-629.623 -6088.52 294.513 30148 -57.672
-630.031 -6088.26 294.523 30148 -57.672
-630.417 -6088.02 294.532 30148 -57.672
-630.783 -6087.79 294.541 30148 -57.672
-631.133 -6087.57 294.549 30148 -57.672
-631.48 -6087.35 294.557 30148 -57.672
-631.831 -6087.13 294.566 30148 -57.672
-632.182 -6086.91 294.574 30148 -57.672
-632.533 -6086.69 294.583 30148 -57.672
-632.885 -6086.46 294.591 30148 -57.672
-633.24 -6086.24 294.599 30148 -57.672
-633.592 -6086.02 294.608 30148 -57.672
-633.928 -6085.8 294.616 30148 -57.672
-634.244 -6085.6 294.623 30148 -57.672
-634.54 -6085.42 294.63 30148 -57.672
-634.82 -6085.24 294.637 30148 -57.672
-635.097 -6085.06 294.644 30148 -57.672
-635.376 -6084.89 294.65 30148 -57.672
-635.658 -6084.71 294.657 30148 -57.672
-635.939 -6084.53 294.664 30148 -57.672
-636.22 -6084.35 294.671 30148 -57.672
-636.5 -6084.18 294.677 30148 -57.672
-636.782 -6084 294.684 30148 -57.672
-637.067 -6083.82 294.691 30148 -57.672
-637.349 -6083.64 294.698 30148 -57.672
-637.614 -6083.46 294.704 30148 -57.672
-637.849 -6083.32 294.71 30148 -57.672
-638.05 -6083.2 294.714 30148 -57.672
-638.221 -6083.09 294.718 30148 -57.672
-638.362 -6082.98 294.722 30148 -57.672
-638.494 -6082.85 294.726 30148 -57.672
-638.629 -6082.73 294.729 30148 -57.672
-638.765 -6082.61 294.733 30148 -57.672
-638.902 -6082.49 294.737 30148 -57.672
-639.037 -6082.37 294.74 30148 -57.672
-639.169 -6082.25 294.744 30148 -57.672
-639.304 -6082.12 294.747 30148 -57.672
-639.466 -6082 294.751 30148 -57.672
-639.665 -6081.86 294.756 30148 -57.672
-639.893 -6081.69 294.762 30148 -57.672
-640.158 -6081.49 294.769 30148 -57.672
-640.45 -6081.3 294.776 30148 -57.672
-640.746 -6081.11 294.783 30148 -57.672
-641.039 -6080.91 294.79 30148 -57.672
-641.329 -6080.72 294.797 30148 -57.672
-641.62 -6080.53 294.805 30148 -57.672
-641.911 -6080.34 294.812 30148 -57.672
-642.202 -6080.15 294.819 30148 -57.672
-642.493 -6079.95 294.826 30148 -57.672
-642.784 -6079.76 294.833 30148 -57.672
-643.075 -6079.57 294.84 30148 -57.672
-643.366 -6079.38 294.847 30148 -57.672
-643.657 -6079.19 294.855 30148 -57.672
-643.948 -6078.99 294.862 30148 -57.672
-644.239 -6078.8 294.869 30148 -57.672
-644.527 -6078.61 294.876 30148 -57.672
-644.816 -6078.42 294.883 30148 -57.672
-645.115 -6078.23 294.89 30148 -57.672
-645.436 -6078.03 294.898 30148 -57.672
-645.777 -6077.8 294.906 30148 -57.672
-646.14 -6077.57 294.915 30148 -57.672
-646.513 -6077.34 294.924 30148 -57.672
-646.887 -6077.1 294.933 30148 -57.672
-647.259 -6076.87 294.942 30148 -57.672
-647.63 -6076.64 294.951 30148 -57.672
-648 -6076.41 294.96 30148 -57.672
-648.372 -6076.17 294.969 30148 -57.672
-648.742 -6075.94 294.978 30148 -57.672
-649.113 -6075.71 294.987 30148 -57.672
-649.49 -6075.48 294.996 30148 -57.672
-649.874 -6075.25 295.005 30148 -57.672
-650.263 -6075.03 295.014 30148 -57.672
-650.653 -6074.81 295.024 30148 -57.672
-651.043 -6074.58 295.033 30148 -57.672
-651.432 -6074.36 295.042 30148 -57.672
-651.822 -6074.13 295.051 30148 -57.672
-652.212 -6073.91 295.06 30148 -57.672
-652.603 -6073.69 295.07 30148 -57.672
-652.992 -6073.46 295.079 30148 -57.672
-653.371 -6073.23 295.088 30148 -57.672
-653.738 -6072.99 295.097 30148 -57.672
-654.095 -6072.75 295.106 30148 -57.672
-654.45 -6072.51 295.114 30148 -57.672
-654.806 -6072.26 295.123 30148 -57.672
-655.163 -6072.02 295.132 30148 -57.672
-655.519 -6071.78 295.141 30148 -57.672
-655.874 -6071.54 295.15 30148 -57.672
-656.23 -6071.29 295.158 30148 -57.672
-656.591 -6071.05 295.167 30148 -57.672
-656.959 -6070.79 295.177 30148 -57.672
-657.33 -6070.53 295.186 30148 -57.672
-657.702 -6070.29 295.195 30148 -57.672
-658.082 -6070.05 295.204 30148 -57.672
-658.484 -6069.81 295.214 30148 -57.672
-658.897 -6069.54 295.224 30148 -57.672
-659.298 -6069.28 295.234 30148 -57.672
-659.666 -6069.04 295.243 30148 -57.672
-660.007 -6068.84 295.251 30148 -57.672
-660.312 -6068.66 295.258 30148 -57.672
-660.592 -6068.49 295.265 30148 -57.672
-660.87 -6068.32 295.271 30148 -57.672
-661.151 -6068.14 295.278 30148 -57.672
-661.433 -6067.97 295.285 30148 -57.672
-661.715 -6067.79 295.292 30148 -57.672
-661.997 -6067.61 295.299 30148 -57.672
-662.28 -6067.44 295.305 30148 -57.672
-662.562 -6067.26 295.312 30148 -57.672
-662.843 -6067.09 295.319 30148 -57.672
-663.125 -6066.91 295.326 30148 -57.672
-663.407 -6066.74 295.333 30148 -57.672
-663.689 -6066.56 295.34 30148 -57.672
-663.971 -6066.38 295.347 30148 -57.672
-664.252 -6066.21 295.353 30148 -57.672
-664.534 -6066.03 295.36 30148 -57.672
-664.816 -6065.86 295.367 30148 -57.672
-665.097 -6065.68 295.374 30148 -57.672
-665.38 -6065.5 295.381 30148 -57.672
-665.666 -6065.32 295.388 30148 -57.672
-665.948 -6065.15 295.395 30148 -57.672
-666.211 -6064.98 295.401 30148 -57.672
-666.46 -6064.83 295.407 30148 -57.672
-666.698 -6064.68 295.413 30148 -57.672
-666.946 -6064.52 295.419 30148 -57.672
-667.196 -6064.36 295.425 30148 -57.672
-667.42 -6064.2 295.431 30148 -57.672
-667.618 -6064.09 295.436 30148 -57.672
-667.782 -6064 295.44 30148 -57.672
-667.921 -6063.92 295.443 30148 -57.672
-668.057 -6063.83 295.446 30148 -57.672
-668.197 -6063.74 295.45 30148 -57.672
-668.338 -6063.66 295.453 30148 -57.672
-668.479 -6063.57 295.457 30148 -57.672
-668.62 -6063.48 295.46 30148 -57.672
-668.761 -6063.39 295.463 30148 -57.672
-668.902 -6063.3 295.467 30148 -57.672
-669.042 -6063.22 295.47 30148 -57.672
-669.184 -6063.13 295.474 30148 -57.672
-669.328 -6063.04 295.477 30148 -57.672
-669.467 -6062.95 295.481 30148 -57.672
-669.597 -6062.87 295.484 30148 -57.672
-669.721 -6062.79 295.487 30148 -57.672
-669.837 -6062.72 295.49 30148 -57.672
-669.93 -6062.65 295.492 30148 -57.672
-669.992 -6062.6 295.494 30148 -57.672
-670.032 -6062.59 295.495 30148 -57.672
-670.043 -6062.59 295.495 30148 -57.672
-670.043 -6062.59 295.495 30148 -57.672
-670.043 -6062.59 295.495 30148 -57.672
-670.043 -6062.59 295.495 30148 -57.672
-670.043 -6062.59 295.495 30148 -57.672
-670.043 -6062.59 295.495 30148 -57.672
-670.043 -6062.59 295.495 30148 -57.672
-670.043 -6062.59 295.495 30148 -57.672
-670.043 -6062.59 295.495 30148 -57.672
-670.043 -6062.59 295.495 30148 -57.672
-670.043 -6062.59 295.495 30148 -57.672
-670.043 -6062.59 295.495 30148 -57.672
-670.043 -6062.59 295.495 30148 -57.672
-670.043 -6062.59 295.495 30148 -57.672
-670.043 -6062.59 295.495 30148 -57.672
-670.043 -6062.59 295.495 30148 -57.672
-670.043 -6062.59 295.495 30148 -57.672
-670.043 -6062.59 295.495 30148 -57.672
-670.043 -6062.59 295.495 30148 -57.672
-670.043 -6062.59 295.495 30148 -57.672
-670.043 -6062.59 295.495 30148 -57.672
-670.043 -6062.59 295.495 30148 -57.672
-670.043 -6062.59 295.495 30148 -57.672
-670.043 -6062.59 295.495 30148 -57.672
-670.043 -6062.59 295.495 30148 -57.672
-670.043 -6062.59 295.495 30148 -57.672
-670.043 -6062.59 295.495 30148 -57.672
-670.043 -6062.59 295.495 30148 -57.672
-670.043 -6062.59 295.495 30148 -57.672
-670.043 -6062.59 295.495 30148 -57.672
-670.043 -6062.59 295.495 30148 -57.672
-670.043 -6062.59 295.495 30148 -57.672
-670.043 -6062.59 295.495 30148 -57.672
-670.043 -6062.59 295.495 30148 -57.672
-670.043 -6062.59 295.495 30148 -57.672
-670.043 -6062.59 295.495 30148 -57.672
-670.043 -6062.59 295.495 30148 -57.672
-670.043 -6062.59 295.495 30148 -57.672
-670.043 -6062.59 295.495 30148 -57.672
-670.043 -6062.59 295.495 30148 -57.672
-670.043 -6062.59 295.495 30148 -57.672
-670.043 -6062.59 295.495 30148 -57.672
-670.043 -6062.59 295.495 30148 -57.672
-670.043 -6062.59 295.495 30148 -57.672
-670.043 -6062.59 295.495 30148 -57.672
-670.043 -6062.59 295.495 30148 -57.672
-670.043 -6062.59 295.495 30148 -57.672
-670.043 -6062.59 295.495 30148 -57.672
-670.043 -6062.59 295.495 30148 -57.672
-670.053 -6062.6 295.495 30148 -57.672
-670.104 -6062.58 295.496 30148 -57.672
-670.178 -6062.51 295.498 30148 -57.672
-670.285 -6062.44 295.501 30148 -57.672
-670.406 -6062.36 295.504 30148 -57.672
-670.549 -6062.29 295.507 30148 -57.672
-670.726 -6062.19 295.511 30148 -57.672
-670.926 -6062.06 295.516 30148 -57.672
-671.164 -6061.9 295.522 30148 -57.672
-671.435 -6061.72 295.529 30148 -57.672
-671.714 -6061.55 295.535 30148 -57.672
-671.985 -6061.38 295.542 30148 -57.672
-672.265 -6061.23 295.549 30148 -57.672
-672.583 -6061.08 295.556 30148 -57.672
-672.935 -6060.89 295.564 30148 -57.672
-673.314 -6060.67 295.573 30148 -57.672
-673.737 -6060.43 295.583 30148 -57.672
-674.17 -6060.2 295.593 30148 -57.672
-674.6 -6059.97 295.603 30148 -57.672
-675.027 -6059.74 295.613 30148 -57.672
-675.455 -6059.51 295.623 30148 -57.672
-675.88 -6059.28 295.633 30148 -57.672
-676.306 -6059.05 295.643 30148 -57.672
-676.736 -6058.81 295.654 30148 -60.4315
-677.176 -6058.56 295.664 30148 -58.951
-677.629 -6058.29 295.675 30148 -58.0439
-678.091 -6058 295.686 30148 -57.8348
-678.558 -6057.71 295.698 30148 -58.0081
-679.025 -6057.42 295.709 30148 -58.0432
-679.49 -6057.13 295.72 30148 0
