-536.434 -6146.64 293.559 20148 -58.2518
-537.143 -6146.2 293.559 20148 -58.2054
-537.852 -6145.76 293.558 20148 -58.387
-538.565 -6145.32 293.557 20148 -58.0685
-539.272 -6144.88 293.556 20148 -56.9062
-539.958 -6144.43 293.556 20148 -57.162
-540.623 -6144.01 293.555 20148 -57.9126
-541.265 -6143.6 293.554 20148 -58.123
-541.886 -6143.22 293.554 20148 -58.3657
-542.5 -6142.84 293.553 20148 -58.2593
-543.114 -6142.46 293.552 20148 -58.2048
-543.729 -6142.08 293.552 20148 -58.231
-544.346 -6141.7 293.551 20148 -58.2308
-544.963 -6141.31 293.55 20148 -58.2062
-545.579 -6140.93 293.551 20148 -58.208
-546.195 -6140.55 293.552 20148 -58.2609
-546.811 -6140.17 293.554 20148 -58.208
-547.428 -6139.79 293.555 20148 -58.2344
-548.044 -6139.41 293.557 20148 -58.2342
-548.661 -6139.02 293.558 20148 -58.2347
-549.277 -6138.64 293.56 20148 -58.2079
-549.893 -6138.26 293.561 20148 -58.2335
-550.511 -6137.88 293.563 20148 -58.2329
-551.13 -6137.49 293.564 20148 -58.1805
-551.748 -6137.11 293.566 20148 -58.2872
-552.365 -6136.73 293.567 20148 -58.8209
-552.98 -6136.36 293.569 20148 -59.5228
-553.596 -6135.99 293.57 20148 -60.0971
-554.212 -6135.64 293.572 20148 -60.237
-554.828 -6135.29 293.573 20148 -60.0734
-555.443 -6134.93 293.575 20148 -60.0703
-556.058 -6134.58 293.576 20148 -59.9369
-556.673 -6134.22 293.578 20148 -60.2965
-557.287 -6133.87 293.579 20148 -60.9641
-557.902 -6133.53 293.581 20148 -61.2178
-558.516 -6133.19 293.582 20148 -60.9627
-559.131 -6132.85 293.584 20148 -60.2696
-559.746 -6132.5 293.585 20148 -59.9152
-560.36 -6132.15 293.588 20148 -60.1031
-560.976 -6131.79 293.591 20148 -60.1052
-561.592 -6131.44 293.595 20148 -60.1105
-562.206 -6131.09 293.599 20148 -60.12
-562.818 -6130.73 293.602 20148 -61.1256
-563.44 -6130.39 293.606 20148 -58.6092
-564.06 -6130.01 293.609 20148 -55.5113
-564.673 -6129.59 293.613 20148 -55.7601
-565.286 -6129.17 293.617 20148 -57.3359
-565.886 -6128.79 293.62 20148 -60.0125
-566.473 -6128.45 293.624 20148 -59.3459
-567.042 -6128.11 293.627 20148 -57.0632
-567.597 -6127.75 293.63 20148 -57.7292
-568.16 -6127.4 293.634 20148 -57.7296
-568.724 -6127.04 293.637 20148 -57.7293
-569.288 -6126.69 293.64 20148 -57.758
-569.851 -6126.33 293.644 20148 -57.7294
-570.415 -6125.97 293.647 20148 -57.7294
-570.979 -6125.62 293.651 20148 -57.7294
-571.543 -6125.26 293.654 20148 -57.758
-572.107 -6124.91 293.657 20148 -57.7007
-572.67 -6124.55 293.661 20148 -57.758
-573.234 -6124.2 293.664 20148 -57.7294
-573.798 -6123.84 293.667 20148 -57.7006
-574.361 -6123.48 293.671 20148 -57.7652
-574.925 -6123.13 293.675 20148 -57.74
-575.489 -6122.77 293.681 20148 -57.7687
-576.053 -6122.42 293.686 20148 -57.7114
-576.616 -6122.06 293.691 20148 -57.7686
-577.18 -6121.7 293.697 20148 -57.7403
-577.745 -6121.35 293.702 20148 -57.7412
-578.313 -6120.99 293.707 20148 -57.7405
-578.879 -6120.63 293.713 20148 -56.5586
-579.42 -6120.27 293.718 20148 -56.996
-579.926 -6119.95 293.723 20148 -58.4935
-580.406 -6119.65 293.727 20148 -59.2796
-580.853 -6119.39 293.731 20148 -57.7694
-581.279 -6119.12 293.735 20148 -57.7694
-581.699 -6118.85 293.739 20148 -57.7694
-582.098 -6118.58 293.743 20148 -57.7694
-582.463 -6118.35 293.746 20148 -57.7694
-582.803 -6118.14 293.75 20148 -57.7694
-583.107 -6117.96 293.752 20148 -57.7694
-583.387 -6117.79 293.755 20148 -57.7694
-583.665 -6117.61 293.758 20148 -57.7694
-583.951 -6117.43 293.76 20148 -57.7694
-584.234 -6117.25 293.763 20148 -57.7694
-584.492 -6117.07 293.766 20148 -57.7694
-584.728 -6116.93 293.768 20148 -57.7694
-584.94 -6116.81 293.77 20148 -57.7694
-585.13 -6116.69 293.771 20148 -57.7694
-585.314 -6116.57 293.773 20148 -57.7694
-585.483 -6116.46 293.775 20148 -57.7694
-585.642 -6116.36 293.776 20148 -57.7694
-585.782 -6116.28 293.778 20148 -57.7694
-585.92 -6116.19 293.779 20148 -57.7694
-586.059 -6116.1 293.78 20148 -57.7694
-586.201 -6116.01 293.782 20148 -57.7694
-586.342 -6115.92 293.783 20148 -57.7694
-586.482 -6115.83 293.784 20148 -57.7694
-586.624 -6115.74 293.786 20148 -57.7694
-586.765 -6115.66 293.787 20148 -57.7694
-586.907 -6115.57 293.788 20148 -57.7694
-587.046 -6115.48 293.789 20148 -57.7694
-587.178 -6115.39 293.791 20148 -57.7694
-587.307 -6115.31 293.792 20148 -57.7694
-587.44 -6115.23 293.793 20148 -57.7694
-587.584 -6115.14 293.795 20148 -57.7694
-587.728 -6115.04 293.796 20148 -57.7694
-587.845 -6114.95 293.797 20148 -57.7694
-587.929 -6114.89 293.798 20148 -57.7694
-587.986 -6114.86 293.798 20148 -57.7694
-588.011 -6114.86 293.799 20148 -57.7694
-588.013 -6114.86 293.799 20148 -57.7694
-588.013 -6114.86 293.799 20148 -57.7694
-588.013 -6114.86 293.799 20148 -57.7694
-588.013 -6114.86 293.799 20148 -57.7694
-588.013 -6114.86 293.799 20148 -57.7694
-588.013 -6114.86 293.799 20148 -57.7694
-588.013 -6114.86 293.799 20148 -57.7694
-588.013 -6114.86 293.799 20148 -57.7694
-588.013 -6114.86 293.799 20148 -57.7694
-588.013 -6114.86 293.799 20148 -57.7694
-588.013 -6114.86 293.799 20148 -57.7694
-588.013 -6114.86 293.799 20148 -57.7694
-588.013 -6114.86 293.799 20148 -57.7694
-588.013 -6114.86 293.799 20148 -57.7694
-588.013 -6114.86 293.799 20148 -57.7694
-588.013 -6114.86 293.799 20148 -57.7694
-588.013 -6114.86 293.799 20148 -57.7694
-588.013 -6114.86 293.799 20148 -57.7694
-588.013 -6114.86 293.799 20148 -57.7694
-588.023 -6114.87 293.799 20148 -57.7694
-588.078 -6114.84 293.799 20148 -57.7694
-588.156 -6114.79 293.8 20148 -57.7694
-588.275 -6114.69 293.801 20148 -57.7694
-588.417 -6114.6 293.802 20148 -57.7694
-588.562 -6114.51 293.804 20148 -57.7694
-588.704 -6114.42 293.805 20148 -57.7694
-588.844 -6114.33 293.806 20148 -57.7694
-588.984 -6114.24 293.808 20148 -57.7694
-589.125 -6114.15 293.81 20148 -57.7694
-589.265 -6114.06 293.811 20148 -57.7694
-589.406 -6113.97 293.813 20148 -57.7694
-589.545 -6113.88 293.815 20148 -57.7694
-589.681 -6113.79 293.817 20148 -57.7694
-589.82 -6113.71 293.819 20148 -57.7694
-589.985 -6113.62 293.821 20148 -57.7694
-590.176 -6113.49 293.823 20148 -57.7694
-590.386 -6113.34 293.826 20148 -57.7694
-590.601 -6113.2 293.829 20148 -57.7694
-590.807 -6113.08 293.831 20148 -57.7694
-591.019 -6112.96 293.834 20148 -57.7694
-591.249 -6112.81 293.837 20148 -57.7694
-591.505 -6112.63 293.84 20148 -57.7694
-591.787 -6112.45 293.844 20148 -57.7694
-592.073 -6112.27 293.848 20148 -57.7694
-592.355 -6112.09 293.851 20148 -57.7694
-592.635 -6111.91 293.855 20148 -57.7694
-592.916 -6111.73 293.859 20148 -57.7694
-593.197 -6111.55 293.862 20148 -57.7694
-593.478 -6111.37 293.866 20148 -57.7694
-593.759 -6111.19 293.869 20148 -57.7694
-594.04 -6111.01 293.873 20148 -57.7694
-594.321 -6110.83 293.877 20148 -57.7694
-594.602 -6110.65 293.88 20148 -57.7694
-594.882 -6110.47 293.884 20148 -57.7694
-595.163 -6110.29 293.888 20148 -57.7694
-595.444 -6110.11 293.891 20148 -57.7694
-595.725 -6109.93 293.895 20148 -57.7694
-596.006 -6109.75 293.898 20148 -57.7694
-596.287 -6109.57 293.902 20148 -57.7694
-596.568 -6109.39 293.906 20148 -57.7694
-596.849 -6109.21 293.909 20148 -57.7694
-597.129 -6109.04 293.913 20148 -57.7694
-597.405 -6108.86 293.916 20148 -57.7694
-597.685 -6108.68 293.92 20148 -57.7694
-597.989 -6108.5 293.924 20148 -57.7694
-598.316 -6108.29 293.928 20148 -57.7694
-598.667 -6108.05 293.933 20148 -57.7694
-599.039 -6107.82 293.938 20148 -57.7694
-599.418 -6107.57 293.942 20148 -57.7694
-599.81 -6107.33 293.947 20148 -57.7694
-600.214 -6107.06 293.953 20148 -57.7694
-600.635 -6106.79 293.958 20148 -57.4434
-601.061 -6106.52 293.964 20148 -57.4026
-601.483 -6106.25 293.969 20148 -57.4026
-601.905 -6105.98 293.975 20148 -57.4026
-602.325 -6105.72 293.98 20148 -57.4026
-602.741 -6105.45 293.985 20148 -57.4026
-603.161 -6105.18 293.991 20148 -58.9341
-603.606 -6104.91 293.997 20148 -57.745
-604.08 -6104.61 294.005 20148 -56.3979
-604.583 -6104.28 294.013 20148 -57.946
-605.112 -6103.95 294.022 20148 -60.4762
-605.651 -6103.64 294.03 20148 -61.92
-606.182 -6103.36 294.038 20148 -62.2996
-606.703 -6103.09 294.047 20148 -62.0107
-607.222 -6102.81 294.055 20148 -62.0567
-607.744 -6102.53 294.063 20148 -61.9232
-608.266 -6102.26 294.071 20148 -61.5385
-608.786 -6101.97 294.079 20148 -61.47
-609.305 -6101.69 294.087 20148 -61.8288
-609.826 -6101.41 294.095 20148 -61.8834
-610.345 -6101.14 294.103 20148 -60.8581
-610.855 -6100.85 294.111 20148 -59.0458
-611.362 -6100.55 294.12 20148 -58.0712
-611.882 -6100.22 294.128 20148 -57.4094
-612.423 -6099.88 294.137 20148 -57.6849
-612.983 -6099.52 294.146 20148 -57.83
-613.55 -6099.17 294.155 20148 -57.8298
-614.117 -6098.81 294.164 20148 -57.8295
-614.681 -6098.45 294.174 20148 -57.8295
-615.245 -6098.1 294.183 20148 -57.8295
-615.81 -6097.74 294.192 20148 -57.8295
-616.374 -6097.39 294.201 20148 -57.8295
-616.938 -6097.03 294.21 20148 -57.8009
-617.502 -6096.68 294.219 20148 -57.7393
-618.045 -6096.34 294.231 30148 -57.6996
-618.607 -6095.98 294.244 30148 -57.6996
-619.169 -6095.63 294.258 30148 -57.6996
-619.731 -6095.27 294.271 30148 -57.6997
-620.294 -6094.91 294.285 30148 -57.6994
-620.854 -6094.56 294.298 30148 -57.699
-621.412 -6094.21 294.311 30148 -57.6995
-621.974 -6093.85 294.325 30148 -58.1494
-622.554 -6093.49 294.339 30148 -57.2733
-623.149 -6093.11 294.353 30148 -57.6798
-623.759 -6092.72 294.368 30148 -57.2732
-624.354 -6092.34 294.382 30148 -58.1494
-624.934 -6091.98 294.396 30148 -57.6995
-625.495 -6091.63 294.409 30148 -57.6992
-626.055 -6091.27 294.422 30148 -57.7001
-626.62 -6090.92 294.436 30148 -57.6999
-627.184 -6090.56 294.449 30148 -56.4859
-627.723 -6090.2 294.462 30148 -56.9599
-628.228 -6089.87 294.475 30148 -58.4652
-628.707 -6089.58 294.486 30148 -59.2278
-629.151 -6089.32 294.496 30148 -59.2278
-629.572 -6089.05 294.506 30148 -59.2278
-629.992 -6088.78 294.516 30148 -59.2278
-630.413 -6088.52 294.527 30148 -59.2278
-630.821 -6088.25 294.536 30148 -59.2278
-631.209 -6088.01 294.546 30148 -59.2278
-631.572 -6087.78 294.554 30148 -59.2278
-631.911 -6087.56 294.562 30148 -59.2278
-632.225 -6087.37 294.57 30148 -59.2278
-632.52 -6087.19 294.577 30148 -59.2278
-632.801 -6087.01 294.584 30148 -59.2278
-633.078 -6086.83 294.59 30148 -59.2278
-633.357 -6086.66 294.597 30148 -59.2278
-633.639 -6086.48 294.604 30148 -59.2278
-633.92 -6086.3 294.61 30148 -59.2278
-634.201 -6086.12 294.617 30148 -59.2278
-634.481 -6085.95 294.624 30148 -59.2278
-634.764 -6085.77 294.631 30148 -59.2278
-635.049 -6085.59 294.637 30148 -59.2278
-635.33 -6085.41 294.644 30148 -59.2278
-635.593 -6085.24 294.65 30148 -59.2278
-635.846 -6085.08 294.656 30148 -59.2278
-636.083 -6084.93 294.662 30148 -59.2278
-636.314 -6084.79 294.668 30148 -59.2278
-636.531 -6084.64 294.673 30148 -59.2278
-636.735 -6084.52 294.678 30148 -59.2278
-636.921 -6084.4 294.682 30148 -59.2278
-637.101 -6084.29 294.686 30148 -59.2278
-637.286 -6084.17 294.691 30148 -59.2278
-637.491 -6084.05 294.696 30148 -59.2278
-637.713 -6083.9 294.701 30148 -59.2278
-637.948 -6083.75 294.707 30148 -59.2278
-638.173 -6083.6 294.712 30148 -59.2278
-638.367 -6083.47 294.717 30148 -59.2278
-638.526 -6083.37 294.721 30148 -59.2278
-638.662 -6083.31 294.724 30148 -59.2278
-638.774 -6083.25 294.726 30148 -59.2278
-638.888 -6083.16 294.729 30148 -59.2278
-639.02 -6083.03 294.733 30148 -59.2278
-639.166 -6082.88 294.737 30148 -59.2278
-639.316 -6082.73 294.741 30148 -59.2278
-639.463 -6082.59 294.745 30148 -59.2278
-639.608 -6082.45 294.749 30148 -59.2278
-639.753 -6082.31 294.753 30148 -59.2278
-639.898 -6082.17 294.757 30148 -59.2278
-640.044 -6082.03 294.761 30148 -59.2278
-640.189 -6081.89 294.765 30148 -59.2278
-640.335 -6081.75 294.769 30148 -59.2278
-640.481 -6081.61 294.773 30148 -59.2278
-640.627 -6081.47 294.777 30148 -59.2278
-640.773 -6081.33 294.781 30148 -59.2278
-640.918 -6081.18 294.785 30148 -59.2278
-641.065 -6081.04 294.789 30148 -59.2278
-641.217 -6080.9 294.794 30148 -59.2278
-641.363 -6080.76 294.798 30148 -59.2278
-641.489 -6080.62 294.801 30148 -59.2278
-641.587 -6080.53 294.804 30148 -59.2278
-641.66 -6080.47 294.806 30148 -59.2278
-641.706 -6080.46 294.807 30148 -59.2278
-641.731 -6080.46 294.807 30148 -59.2278
-641.751 -6080.46 294.808 30148 -59.2278
-641.776 -6080.45 294.808 30148 -59.2278
-641.802 -6080.44 294.809 30148 -59.2278
-641.828 -6080.44 294.809 30148 0
