-470.671 -6193.01 294.208 10149 -56.4853
-471.497 -6192.46 294.195 10149 -56.4939
-472.317 -6191.92 294.183 10149 -55.6384
-473.128 -6191.37 294.171 10149 -55.4758
-473.942 -6190.81 294.158 10149 -55.4443
-474.758 -6190.25 294.146 10149 -55.4049
-475.653 -6189.63 294.132 20149 -55.826
-476.582 -6189 294.117 20149 -55.4728
-477.489 -6188.37 294.103 20149 -55.1675
-478.389 -6187.75 294.089 20149 -55.511
-479.298 -6187.12 294.075 20149 -56.0921
-480.217 -6186.5 294.06 20149 -56.3506
-481.14 -6185.89 294.046 20149 -56.2077
-482.058 -6185.28 294.032 20149 -56.225
-482.976 -6184.66 294.017 20149 -56.2087
-483.895 -6184.05 294.003 20149 -56.2082
-484.813 -6183.43 293.989 20149 -56.226
-485.732 -6182.82 293.974 20149 -56.2082
-486.65 -6182.2 293.96 20149 -56.2087
-487.569 -6181.59 293.946 20149 -56.2077
-488.487 -6180.97 293.931 20149 -56.2078
-489.406 -6180.36 293.917 20149 -56.2022
-490.327 -6179.74 293.906 20149 -55.7852
-491.243 -6179.12 293.896 20149 -56.6003
-492.157 -6178.52 293.885 20149 -58.3167
-493.074 -6177.95 293.874 20149 -58.9793
-493.992 -6177.4 293.863 20149 -58.1566
-494.91 -6176.83 293.853 20149 -56.5801
-495.822 -6176.23 293.842 20149 -56.6474
-496.732 -6175.63 293.831 20149 -58.2648
-497.646 -6175.06 293.82 20149 -59.1905
-498.556 -6174.52 293.81 20149 -59.3799
-499.462 -6173.98 293.799 20149 -59.1968
-500.367 -6173.44 293.789 20149 -59.177
-501.273 -6172.9 293.778 20149 -59.1943
-502.18 -6172.36 293.768 20149 -59.1947
-503.086 -6171.82 293.757 20149 -59.1927
-503.993 -6171.28 293.748 20149 -59.1876
-504.899 -6170.74 293.741 20149 -59.1872
-505.806 -6170.2 293.733 20149 -59.1691
-506.712 -6169.66 293.726 20149 -59.1868
-507.619 -6169.12 293.719 20149 -59.1859
-508.527 -6168.58 293.711 20149 -59.1889
-509.432 -6168.04 293.704 20149 -59.196
-510.333 -6167.5 293.697 20149 -59.1629
-511.231 -6166.96 293.69 20149 -58.6648
-512.13 -6166.42 293.682 20149 -58.6573
-513.037 -6165.86 293.675 20149 -58.2125
-513.928 -6165.31 293.668 20149 -58.1563
-514.767 -6164.79 293.661 20149 -58.9844
-515.572 -6164.31 293.655 20149 -59.5995
-516.342 -6163.86 293.648 20149 -60.2093
-517.064 -6163.44 293.643 20149 -58.331
-517.763 -6163.01 293.637 20149 -58.0735
-518.466 -6162.57 293.632 20149 -57.2787
-519.155 -6162.13 293.628 20149 -57.6889
-519.806 -6161.72 293.625 20149 -58.8029
-520.431 -6161.34 293.623 20149 -59.3684
-521.02 -6160.99 293.62 20149 -58.2076
-521.585 -6160.64 293.617 20149 -58.2373
-522.148 -6160.29 293.615 20149 -58.204
-522.718 -6159.94 293.612 20149 -58.2619
-523.287 -6159.59 293.61 20149 -56.9787
-523.831 -6159.23 293.607 20149 -57.5457
-524.34 -6158.91 293.605 20149 -58.9466
-524.823 -6158.62 293.602 20149 -59.741
-525.271 -6158.36 293.6 20149 -59.741
-525.694 -6158.1 293.599 20149 -59.741
-526.114 -6157.84 293.597 20149 -59.741
-526.538 -6157.57 293.595 20149 -58.2439
-526.964 -6157.31 293.593 20149 -58.2062
-527.389 -6157.05 293.591 20149 -58.2444
-527.814 -6156.78 293.589 20149 -58.2444
-528.238 -6156.52 293.587 20149 -58.2434
-528.665 -6156.26 293.585 20149 -58.2023
-529.094 -6155.99 293.583 20149 -58.2426
-529.521 -6155.73 293.581 20149 -58.2426
-529.924 -6155.46 293.579 20149 -58.2426
-530.29 -6155.22 293.577 20149 -58.2426
-530.632 -6155.02 293.576 20149 -58.2426
-530.938 -6154.85 293.575 20149 -58.2426
-531.22 -6154.67 293.573 20149 -58.2426
-531.498 -6154.5 293.572 20149 -58.2426
-531.781 -6154.33 293.571 20149 -58.2426
-532.07 -6154.15 293.569 20149 -58.2426
-532.355 -6153.97 293.568 20149 -58.2426
-532.616 -6153.79 293.567 20149 -58.2426
-532.841 -6153.64 293.566 20149 -58.2426
-533.041 -6153.53 293.565 20149 -58.2426
-533.205 -6153.44 293.565 20149 -58.2426
-533.345 -6153.36 293.565 20149 -58.2426
-533.482 -6153.27 293.565 20149 -58.2426
-533.622 -6153.18 293.565 20149 -58.2426
-533.764 -6153.1 293.565 20149 -58.2426
-533.906 -6153.01 293.564 20149 -58.2426
-534.048 -6152.92 293.564 20149 -58.2426
-534.194 -6152.83 293.564 20149 -58.2426
-534.336 -6152.74 293.564 20149 -58.2426
-534.464 -6152.66 293.564 20149 -58.2426
-534.572 -6152.59 293.564 20149 -58.2426
-534.655 -6152.54 293.564 20149 -58.2426
-534.713 -6152.5 293.564 20149 -58.2426
-534.747 -6152.48 293.563 20149 -58.2426
-534.764 -6152.48 293.563 20149 -58.2426
-534.766 -6152.48 293.563 20149 -58.2426
-534.766 -6152.48 293.563 20149 -58.2426
-534.766 -6152.48 293.563 20149 -58.2426
-534.766 -6152.48 293.563 20149 -58.2426
-534.766 -6152.48 293.563 20149 -58.2426
-534.766 -6152.48 293.563 20149 -58.2426
-534.766 -6152.48 293.563 20149 -58.2426
-534.766 -6152.48 293.563 20149 -58.2426
-534.766 -6152.48 293.563 20149 -58.2426
-534.766 -6152.48 293.563 20149 -58.2426
-534.766 -6152.48 293.563 20149 -58.2426
-534.766 -6152.48 293.563 20149 -58.2426
-534.766 -6152.48 293.563 20149 -58.2426
-534.766 -6152.48 293.563 20149 -58.2426
-534.766 -6152.48 293.563 20149 -58.2426
-534.766 -6152.48 293.563 20149 -58.2426
-534.766 -6152.48 293.563 20149 -58.2426
-534.766 -6152.48 293.563 20149 -58.2426
-534.766 -6152.48 293.563 20149 -58.2426
-534.766 -6152.48 293.563 20149 -58.2426
-534.766 -6152.48 293.563 20149 -58.2426
-534.766 -6152.48 293.563 20149 -58.2426
-534.766 -6152.48 293.563 20149 -58.2426
-534.766 -6152.48 293.563 20149 -58.2426
-534.778 -6152.48 293.563 20149 -58.2426
-534.833 -6152.46 293.563 20149 -58.2426
-534.913 -6152.4 293.563 20149 -58.2426
-535.032 -6152.31 293.563 20149 -58.2426
-535.176 -6152.22 293.563 20149 -58.2426
-535.322 -6152.13 293.563 20149 -58.2426
-535.465 -6152.04 293.563 20149 -58.2426
-535.606 -6151.96 293.563 20149 -58.2426
-535.748 -6151.87 293.562 20149 -58.2426
-535.89 -6151.78 293.562 20149 -58.2426
-536.031 -6151.69 293.562 20149 -58.2426
-536.173 -6151.6 293.562 20149 -58.2426
-536.315 -6151.52 293.562 20149 -58.2426
-536.456 -6151.43 293.562 20149 -58.2426
-536.598 -6151.34 293.562 20149 -58.2426
-536.74 -6151.25 293.561 20149 -58.2426
-536.881 -6151.17 293.561 20149 -58.2426
-537.023 -6151.08 293.561 20149 -58.2426
-537.165 -6150.99 293.561 20149 -58.2426
-537.307 -6150.9 293.561 20149 -58.2426
-537.448 -6150.81 293.561 20149 -58.2426
-537.59 -6150.73 293.561 20149 -58.2426
-537.731 -6150.64 293.56 20149 -58.2426
-537.873 -6150.55 293.56 20149 -58.2426
-538.015 -6150.46 293.56 20149 -58.2426
-538.157 -6150.38 293.56 20149 -58.2426
-538.298 -6150.29 293.56 20149 -58.2426
-538.44 -6150.2 293.56 20149 -58.2426
-538.582 -6150.11 293.559 20149 -58.2426
-538.723 -6150.02 293.559 20149 -58.2426
-538.865 -6149.94 293.559 20149 -58.2426
-539.007 -6149.85 293.559 20149 -58.2426
-539.148 -6149.76 293.559 20149 -58.2426
-539.29 -6149.67 293.559 20149 -58.2426
-539.432 -6149.59 293.559 20149 -58.2426
-539.573 -6149.5 293.558 20149 -58.2426
-539.715 -6149.41 293.558 20149 -58.2426
-539.857 -6149.32 293.558 20149 -58.2426
-539.998 -6149.23 293.558 20149 -58.2426
-540.14 -6149.15 293.558 20149 -58.2426
-540.282 -6149.06 293.558 20149 -58.2426
-540.424 -6148.97 293.558 20149 -58.2426
-540.565 -6148.88 293.557 20149 -58.2426
-540.707 -6148.8 293.557 20149 -58.2426
-540.849 -6148.71 293.557 20149 -58.2426
-540.99 -6148.62 293.557 20149 -58.2426
-541.132 -6148.53 293.557 20149 -58.2426
-541.274 -6148.44 293.557 20149 -58.2426
-541.415 -6148.36 293.556 20149 -58.2426
-541.551 -6148.27 293.556 20149 -58.2426
-541.691 -6148.19 293.556 20149 -58.2426
-541.856 -6148.1 293.556 20149 -58.2426
-542.056 -6147.99 293.556 20149 -58.2426
-542.281 -6147.84 293.556 20149 -58.2426
-542.541 -6147.66 293.555 20149 -58.2426
-542.827 -6147.48 293.555 20149 -58.2426
-543.115 -6147.3 293.555 20149 -58.2426
-543.4 -6147.13 293.554 20149 -58.2426
-543.682 -6146.95 293.554 20149 -58.2426
-543.966 -6146.78 293.554 20149 -58.2426
-544.249 -6146.6 293.554 20149 -58.2426
-544.532 -6146.43 293.553 20149 -58.2426
-544.816 -6146.25 293.553 20149 -58.2426
-545.099 -6146.08 293.553 20149 -58.2426
-545.383 -6145.9 293.552 20149 -58.2426
-545.666 -6145.72 293.552 20149 -58.2426
-545.949 -6145.55 293.552 20149 -58.2426
-546.233 -6145.37 293.551 20149 -58.2426
-546.516 -6145.2 293.551 20149 -58.2426
-546.799 -6145.02 293.551 20149 -58.2426
-547.083 -6144.85 293.551 20149 -58.2426
-547.366 -6144.67 293.55 20149 -58.2426
-547.649 -6144.5 293.551 20149 -58.2426
-547.927 -6144.32 293.551 20149 -58.2426
-548.209 -6144.15 293.552 20149 -58.2426
-548.515 -6143.98 293.553 20149 -58.2426
-548.857 -6143.77 293.553 20149 -58.2426
-549.223 -6143.54 293.554 20149 -58.2426
-549.626 -6143.27 293.555 20149 -58.208
-550.052 -6143.01 293.556 20149 -58.2055
-550.482 -6142.74 293.557 20149 -58.2463
-550.909 -6142.48 293.558 20149 -58.2463
-551.333 -6142.21 293.56 20149 -58.2475
-551.758 -6141.95 293.561 20149 -58.2094
-552.183 -6141.69 293.562 20149 -58.2475
-552.609 -6141.42 293.563 20149 -58.2084
-553.035 -6141.16 293.564 20149 -58.2084
-553.459 -6140.9 293.565 20149 -58.2084
-553.88 -6140.64 293.566 20149 -58.2084
-554.303 -6140.38 293.567 20149 -60.0418
-554.759 -6140.11 293.568 20149 -59.2837
-555.257 -6139.82 293.569 20149 -58.7234
-555.79 -6139.49 293.57 20149 -57.6945
-556.356 -6139.14 293.572 20149 -58.9048
-556.97 -6138.77 293.573 20149 -59.6727
-557.6 -6138.4 293.575 20149 -59.5958
-558.228 -6138.03 293.576 20149 -59.4736
-558.852 -6137.66 293.578 20149 -59.7465
-559.475 -6137.3 293.579 20149 -60.4767
-560.099 -6136.94 293.581 20149 -60.7802
-560.723 -6136.59 293.582 20149 -60.4779
-561.346 -6136.24 293.584 20149 -59.7457
-561.969 -6135.88 293.585 20149 -59.4742
-562.595 -6135.51 293.588 20149 -59.6298
-563.224 -6135.14 293.592 20149 -59.6261
-563.844 -6134.78 293.596 20149 -59.2945
-564.445 -6134.42 293.599 20149 -59.767
-565.037 -6134.08 293.603 20149 -58.5871
-565.63 -6133.71 293.606 20149 -57.7664
-566.239 -6133.33 293.61 20149 -59.2845
-566.867 -6132.96 293.613 20149 -59.7479
-567.483 -6132.6 293.617 20149 -61.0526
-568.082 -6132.27 293.62 20149 -59.2495
-568.654 -6131.93 293.624 20149 -57.0377
-569.211 -6131.56 293.627 20149 -57.758
-569.775 -6131.21 293.63 20149 -57.7294
-570.338 -6130.85 293.634 20149 -57.7293
-570.902 -6130.5 293.637 20149 -57.7294
-571.466 -6130.14 293.64 20149 -57.7294
-572.029 -6129.78 293.644 20149 -57.758
-572.593 -6129.43 293.647 20149 -57.7007
-573.157 -6129.07 293.651 20149 -57.758
-573.72 -6128.72 293.654 20149 -57.7294
-574.284 -6128.36 293.657 20149 -57.7294
-574.848 -6128.01 293.661 20149 -57.7294
-575.412 -6127.65 293.664 20149 -57.758
-575.976 -6127.29 293.667 20149 -57.7294
-576.539 -6126.94 293.671 20149 -57.7366
-577.103 -6126.58 293.675 20149 -57.74
-577.667 -6126.23 293.681 20149 -57.7687
-578.23 -6125.87 293.686 20149 -57.7114
-578.794 -6125.51 293.691 20149 -57.7687
-579.358 -6125.16 293.697 20149 -57.74
-579.922 -6124.8 293.702 20149 -57.7114
-580.485 -6124.45 293.707 20149 -57.7687
-581.049 -6124.09 293.713 20149 -57.74
-581.613 -6123.74 293.718 20149 -57.7687
-582.177 -6123.38 293.723 20149 -57.7114
-582.74 -6123.02 293.728 20149 -57.7687
-583.304 -6122.67 293.734 20149 -57.74
-583.868 -6122.31 293.739 20149 -57.74
-584.432 -6121.96 293.744 20149 -57.7687
-584.996 -6121.6 293.75 20149 -57.7402
-585.56 -6121.25 293.755 20149 -57.7109
-586.122 -6120.89 293.76 20149 -57.7679
-586.682 -6120.54 293.766 20149 -57.7398
-587.245 -6120.18 293.771 20149 -58.1919
-587.824 -6119.82 293.776 20149 -57.7749
-588.42 -6119.45 293.782 20149 -57.779
-589.04 -6119.06 293.788 20149 -57.5316
-589.682 -6118.65 293.794 20149 -57.4006
-590.348 -6118.22 293.8 20149 -57.0441
-591.036 -6117.78 293.807 20149 -57.3914
-591.739 -6117.33 293.815 20149 -57.4417
-592.445 -6116.87 293.824 20149 -57.4166
-593.148 -6116.43 293.833 20149 -57.4168
-593.851 -6115.98 293.843 20149 -57.4187
-594.557 -6115.53 293.852 20149 -57.4166
-595.26 -6115.08 293.861 20149 -57.0591
-595.948 -6114.63 293.87 20149 -57.4167
-596.617 -6114.2 293.878 20149 -57.3728
-597.261 -6113.79 293.887 20149 -57.4562
-597.881 -6113.39 293.895 20149 -57.4372
-598.475 -6113.02 293.902 20149 -57.8695
-599.051 -6112.65 293.91 20149 -57.4387
-599.613 -6112.29 293.917 20149 -57.4071
-600.171 -6111.94 293.924 20149 -57.438
-600.731 -6111.58 293.931 20149 -57.411
-601.293 -6111.22 293.939 20149 -57.4392
-601.855 -6110.86 293.946 20149 -57.4105
-602.417 -6110.5 293.953 20149 -57.4105
-602.978 -6110.14 293.96 20149 0
