-439.899 -6211.56 294.663 10149 -56.9271
-440.814 -6210.97 294.649 10149 -56.9266
-441.729 -6210.37 294.635 10149 -56.9256
-442.643 -6209.77 294.621 10149 -56.9081
-443.556 -6209.18 294.607 10149 -56.9261
-444.471 -6208.58 294.593 10149 -56.9284
-445.387 -6207.99 294.579 10149 -56.842
-446.304 -6207.39 294.565 10149 -56.8871
-447.213 -6206.8 294.551 10149 -57.1558
-448.106 -6206.22 294.537 10149 -58.1131
-448.984 -6205.67 294.524 10149 -58.3814
-449.845 -6205.14 294.512 10149 -58.4807
-450.7 -6204.62 294.499 10149 -58.3663
-451.554 -6204.09 294.486 10149 -58.4031
-452.411 -6203.57 294.473 10149 -58.3838
-453.268 -6203.04 294.461 10149 -58.3838
-454.125 -6202.51 294.448 10149 -58.384
-454.981 -6201.98 294.435 10149 -58.384
-455.838 -6201.46 294.422 10149 -58.3838
-456.695 -6200.93 294.41 10149 -58.384
-457.552 -6200.4 294.397 10149 -58.384
-458.409 -6199.87 294.384 10149 -58.384
-459.265 -6199.35 294.371 10149 -58.3838
-460.122 -6198.82 294.359 10149 -58.384
-460.979 -6198.29 294.346 10149 -58.3868
-461.836 -6197.76 294.333 10149 -58.3871
-462.693 -6197.24 294.321 10149 -58.2922
-463.549 -6196.71 294.308 10149 -58.3873
-464.406 -6196.18 294.295 10149 -58.8617
-465.267 -6195.66 294.283 10149 -59.4698
-466.133 -6195.15 294.27 10149 -59.9252
-467.004 -6194.64 294.258 10149 -60.0586
-467.875 -6194.14 294.245 10149 -59.9252
-468.746 -6193.64 294.232 10149 -59.9448
-469.617 -6193.13 294.22 10149 -59.9419
-470.488 -6192.63 294.207 10149 -59.9425
-471.36 -6192.13 294.195 10149 -59.9499
-472.228 -6191.62 294.182 10149 -58.7219
-473.075 -6191.11 294.17 10149 -57.7515
-473.882 -6190.6 294.158 10149 -58.2653
-474.661 -6190.12 294.146 10149 -58.8705
-475.489 -6189.62 294.134 20149 -57.5753
-476.322 -6189.09 294.121 20149 -55.7493
-477.135 -6188.53 294.108 20149 -55.6386
-477.957 -6187.97 294.095 20149 -55.8087
-478.786 -6187.41 294.082 20149 -55.806
-479.615 -6186.85 294.069 20149 -55.8018
-480.441 -6186.28 294.056 20149 -55.8025
-481.268 -6185.72 294.043 20149 -55.8018
-482.095 -6185.16 294.03 20149 -55.8025
-482.922 -6184.6 294.017 20149 -55.8025
-483.749 -6184.04 294.004 20149 -55.8032
-484.576 -6183.47 293.991 20149 -55.7834
-485.403 -6182.91 293.978 20149 -55.8025
-486.23 -6182.35 293.966 20149 -55.823
-487.058 -6181.79 293.953 20149 -55.7283
-487.885 -6181.22 293.94 20149 -55.7806
-488.711 -6180.66 293.927 20149 -56.1284
-489.535 -6180.11 293.915 20149 -56.5172
-490.357 -6179.57 293.905 20149 -56.3493
-491.171 -6179.02 293.896 20149 -57.3585
-491.982 -6178.51 293.886 20149 -59.3421
-492.799 -6178.02 293.877 20149 -60.1232
-493.616 -6177.55 293.867 20149 -59.322
-494.433 -6177.07 293.858 20149 -57.1605
-495.243 -6176.54 293.848 20149 -56.3688
-496.057 -6176 293.839 20149 -57.4279
-496.887 -6175.47 293.829 20149 -58.1819
-497.73 -6174.95 293.819 20149 -58.7717
-498.585 -6174.43 293.809 20149 -58.8599
-499.447 -6173.91 293.799 20149 -58.7687
-500.304 -6173.39 293.789 20149 -57.971
-501.136 -6172.87 293.779 20149 -58.3023
-501.933 -6172.38 293.77 20149 -59.2145
-502.704 -6171.92 293.761 20149 -59.6904
-503.439 -6171.49 293.753 20149 -58.7423
-504.15 -6171.06 293.746 20149 -58.7662
-504.857 -6170.63 293.74 20149 -58.7618
-505.569 -6170.2 293.735 20149 -58.7597
-506.281 -6169.76 293.729 20149 -58.7378
-506.993 -6169.33 293.723 20149 -58.7586
-507.707 -6168.9 293.717 20149 -58.7316
-508.424 -6168.46 293.712 20149 -58.7572
-509.139 -6168.03 293.706 20149 -57.796
-509.828 -6167.6 293.7 20149 -58.2166
-510.477 -6167.19 293.695 20149 -59.3641
-511.103 -6166.82 293.69 20149 -59.3924
-511.684 -6166.48 293.685 20149 -58.2144
-512.244 -6166.13 293.681 20149 -58.2423
-512.805 -6165.79 293.676 20149 -58.2102
-513.372 -6165.43 293.672 20149 -58.2387
-513.938 -6165.08 293.667 20149 -58.238
-514.506 -6164.73 293.662 20149 -58.2072
-515.078 -6164.38 293.658 20149 -58.2374
-515.647 -6164.03 293.653 20149 -57.012
-516.191 -6163.67 293.649 20149 -57.5177
-516.699 -6163.35 293.645 20149 -58.9836
-517.182 -6163.06 293.641 20149 -59.708
-517.63 -6162.8 293.637 20149 -59.708
-518.053 -6162.53 293.634 20149 -59.708
-518.474 -6162.27 293.631 20149 -59.708
-518.898 -6162.01 293.629 20149 -58.2439
-519.323 -6161.75 293.627 20149 -58.2439
-519.748 -6161.48 293.625 20149 -58.2053
-520.174 -6161.22 293.623 20149 -58.2401
-520.604 -6160.95 293.621 20149 -58.2046
-521.031 -6160.69 293.619 20149 -58.2046
-521.433 -6160.42 293.617 20149 -58.2046
-521.799 -6160.19 293.616 20149 -58.2046
-522.138 -6159.99 293.614 20149 -58.2046
-522.44 -6159.8 293.613 20149 -58.2046
-522.699 -6159.63 293.612 20149 -58.2046
-522.923 -6159.47 293.61 20149 -58.2046
-523.119 -6159.35 293.61 20149 -58.2046
-523.288 -6159.25 293.609 20149 -58.2046
-523.442 -6159.15 293.608 20149 -58.2046
-523.593 -6159.06 293.607 20149 -58.2046
-523.749 -6158.96 293.607 20149 -58.2046
-523.905 -6158.87 293.606 20149 -58.2046
-524.061 -6158.77 293.605 20149 -58.2046
-524.216 -6158.67 293.605 20149 -58.2046
-524.372 -6158.58 293.604 20149 -58.2046
-524.528 -6158.48 293.603 20149 -58.2046
-524.684 -6158.38 293.602 20149 -58.2046
-524.84 -6158.29 293.602 20149 -58.2046
-524.996 -6158.19 293.601 20149 -58.2046
-525.152 -6158.09 293.6 20149 -58.2046
-525.308 -6158 293.6 20149 -58.2046
-525.463 -6157.9 293.599 20149 -58.2046
-525.619 -6157.8 293.598 20149 -58.2046
-525.775 -6157.71 293.597 20149 -58.2046
-525.931 -6157.61 293.597 20149 -58.2046
-526.087 -6157.51 293.596 20149 -58.2046
-526.243 -6157.42 293.595 20149 -58.2046
-526.398 -6157.32 293.595 20149 -58.2046
-526.554 -6157.23 293.594 20149 -58.2046
-526.71 -6157.13 293.593 20149 -58.2046
-526.866 -6157.03 293.592 20149 -58.2046
-527.022 -6156.94 293.592 20149 -58.2046
-527.18 -6156.84 293.591 20149 -58.2046
-527.338 -6156.74 293.59 20149 -58.2046
-527.489 -6156.65 293.59 20149 -58.2046
-527.622 -6156.56 293.589 20149 -58.2046
-527.737 -6156.49 293.588 20149 -58.2046
-527.833 -6156.43 293.588 20149 -58.2046
-527.922 -6156.38 293.588 20149 -58.2046
-528.011 -6156.32 293.587 20149 -58.2046
-528.102 -6156.27 293.587 20149 -58.2046
-528.194 -6156.21 293.586 20149 -58.2046
-528.285 -6156.15 293.586 20149 -58.2046
-528.376 -6156.1 293.586 20149 -58.2046
-528.468 -6156.04 293.585 20149 -58.2046
-528.559 -6155.98 293.585 20149 -58.2046
-528.651 -6155.93 293.584 20149 -58.2046
-528.742 -6155.87 293.584 20149 -58.2046
-528.833 -6155.81 293.583 20149 -58.2046
-528.925 -6155.76 293.583 20149 -58.2046
-529.016 -6155.7 293.583 20149 -58.2046
-529.108 -6155.64 293.582 20149 -58.2046
-529.199 -6155.59 293.582 20149 -58.2046
-529.291 -6155.53 293.581 20149 -58.2046
-529.382 -6155.47 293.581 20149 -58.2046
-529.473 -6155.42 293.581 20149 -58.2046
-529.565 -6155.36 293.58 20149 -58.2046
-529.656 -6155.3 293.58 20149 -58.2046
-529.748 -6155.25 293.579 20149 -58.2046
-529.839 -6155.19 293.579 20149 -58.2046
-529.93 -6155.13 293.578 20149 -58.2046
-530.022 -6155.08 293.578 20149 -58.2046
-530.114 -6155.02 293.578 20149 -58.2046
-530.207 -6154.96 293.577 20149 -58.2046
-530.296 -6154.9 293.577 20149 -58.2046
-530.379 -6154.86 293.576 20149 -58.2046
-530.46 -6154.82 293.576 20149 -58.2046
-530.553 -6154.78 293.576 20149 -58.2046
-530.664 -6154.73 293.575 20149 -58.2046
-530.794 -6154.64 293.575 20149 -58.2046
-530.937 -6154.55 293.574 20149 -58.2046
-531.083 -6154.46 293.573 20149 -58.2046
-531.225 -6154.38 293.573 20149 -58.2046
-531.366 -6154.29 293.572 20149 -58.2046
-531.508 -6154.2 293.571 20149 -58.2046
-531.65 -6154.11 293.571 20149 -58.2046
-531.791 -6154.02 293.57 20149 -58.2046
-531.933 -6153.94 293.569 20149 -58.2046
-532.075 -6153.85 293.569 20149 -58.2046
-532.216 -6153.76 293.568 20149 -58.2046
-532.358 -6153.67 293.567 20149 -58.2046
-532.5 -6153.59 293.567 20149 -58.2046
-532.641 -6153.5 293.566 20149 -58.2046
-532.783 -6153.41 293.566 20149 -58.2046
-532.925 -6153.32 293.565 20149 -58.2046
-533.066 -6153.23 293.565 20149 -58.2046
-533.208 -6153.15 293.565 20149 -58.2046
-533.35 -6153.06 293.565 20149 -58.2046
-533.491 -6152.97 293.565 20149 -58.2046
-533.633 -6152.88 293.565 20149 -58.2046
-533.774 -6152.8 293.564 20149 -58.2046
-533.916 -6152.71 293.564 20149 -58.2046
-534.058 -6152.62 293.564 20149 -58.2046
-534.2 -6152.53 293.564 20149 -58.2046
-534.342 -6152.44 293.564 20149 -58.2046
-534.482 -6152.36 293.564 20149 -58.2046
-534.619 -6152.27 293.563 20149 -58.2046
-534.759 -6152.19 293.563 20149 -58.2046
-534.924 -6152.1 293.563 20149 -58.2046
-535.124 -6151.98 293.563 20149 -58.2046
-535.349 -6151.84 293.563 20149 -58.2046
-535.609 -6151.66 293.562 20149 -58.2046
-535.895 -6151.48 293.562 20149 -58.2046
-536.183 -6151.3 293.562 20149 -58.2046
-536.467 -6151.13 293.562 20149 -58.2046
-536.75 -6150.95 293.561 20149 -58.2046
-537.033 -6150.78 293.561 20149 -58.2046
-537.317 -6150.6 293.561 20149 -58.2046
-537.6 -6150.43 293.56 20149 -58.2046
-537.884 -6150.25 293.56 20149 -58.2046
-538.167 -6150.08 293.56 20149 -58.2046
-538.451 -6149.9 293.559 20149 -58.2046
-538.733 -6149.72 293.559 20149 -58.2046
-539.012 -6149.55 293.559 20149 -58.2046
-539.295 -6149.38 293.559 20149 -58.2046
-539.593 -6149.2 293.558 20149 -58.2046
-539.91 -6149 293.558 20149 -58.2046
-540.252 -6148.79 293.558 20149 -58.2046
-540.618 -6148.56 293.557 20149 -58.2046
-541.01 -6148.32 293.557 20149 -58.2046
-541.421 -6148.06 293.556 20149 -58.2436
-541.846 -6147.8 293.556 20149 -58.203
-542.275 -6147.53 293.555 20149 -58.2429
-542.702 -6147.27 293.555 20149 -58.2429
-543.126 -6147 293.555 20149 -58.206
-543.551 -6146.74 293.554 20149 -58.206
-543.976 -6146.48 293.554 20149 -58.206
-544.401 -6146.21 293.553 20149 -58.2439
-544.826 -6145.95 293.553 20149 -58.206
-545.251 -6145.69 293.552 20149 -58.206
-545.676 -6145.42 293.552 20149 -58.206
-546.101 -6145.16 293.551 20149 -58.206
-546.526 -6144.9 293.551 20149 -58.2441
-546.951 -6144.63 293.551 20149 -58.2061
-547.376 -6144.37 293.55 20149 -58.2475
-547.801 -6144.11 293.551 20149 -58.2094
-548.226 -6143.84 293.552 20149 -58.2475
-548.652 -6143.58 293.553 20149 -58.2094
-549.077 -6143.32 293.554 20149 -58.2094
-549.502 -6143.05 293.555 20149 -58.2475
-549.927 -6142.79 293.556 20149 -58.2094
-550.352 -6142.53 293.557 20149 -58.2475
-550.777 -6142.26 293.558 20149 -58.2094
-551.202 -6142 293.56 20149 -58.2475
-551.627 -6141.74 293.561 20149 -58.2091
-552.052 -6141.47 293.562 20149 -58.2091
-552.476 -6141.21 293.563 20149 -58.2091
-552.897 -6140.95 293.564 20149 -58.2091
-553.321 -6140.69 293.565 20149 -59.8152
-553.77 -6140.43 293.566 20149 -59.0181
-554.253 -6140.14 293.567 20149 -57.5801
-554.762 -6139.81 293.568 20149 -57.128
-555.305 -6139.46 293.57 20149 -58.2929
-555.876 -6139.11 293.571 20149 -58.0622
-556.453 -6138.75 293.572 20149 -57.8097
-557.032 -6138.39 293.574 20149 -57.6161
-557.613 -6138.02 293.575 20149 -57.5897
-558.198 -6137.65 293.577 20149 -57.4238
-558.781 -6137.27 293.578 20149 -57.7823
-559.363 -6136.91 293.58 20149 -58.5643
-559.946 -6136.55 293.581 20149 -58.8466
-560.529 -6136.2 293.582 20149 -58.5363
-561.112 -6135.84 293.584 20149 -57.7823
-561.694 -6135.47 293.585 20149 -57.4562
-562.277 -6135.1 293.588 20149 -57.5142
-562.861 -6134.73 293.592 20149 -57.651
-563.443 -6134.36 293.595 20149 -58.0405
-564.023 -6134 293.598 20149 -58.6369
-564.599 -6133.65 293.602 20149 -59.0763
-565.17 -6133.31 293.605 20149 -59.2049
-565.737 -6132.97 293.609 20149 -59.6527
-566.311 -6132.63 293.612 20149 -58.261
-566.897 -6132.27 293.615 20149 -56.7561
-567.497 -6131.88 293.619 20149 -58.1867
-568.117 -6131.49 293.623 20149 -59.1349
-568.728 -6131.13 293.626 20149 -60.6416
-569.323 -6130.79 293.63 20149 -59.2236
-569.894 -6130.45 293.633 20149 -57.0937
-570.45 -6130.09 293.636 20149 -57.7006
-571.013 -6129.74 293.64 20149 -57.7581
-571.577 -6129.38 293.643 20149 -57.7294
-572.141 -6129.03 293.646 20149 -57.7294
-572.705 -6128.67 293.65 20149 -57.7294
-573.268 -6128.31 293.653 20149 -57.7294
-573.832 -6127.96 293.656 20149 -57.758
-574.396 -6127.6 293.66 20149 -57.7007
-574.959 -6127.25 293.663 20149 -57.758
-575.523 -6126.89 293.666 20149 -57.7294
-576.087 -6126.53 293.67 20149 -57.734
-576.651 -6126.18 293.674 20149 -57.74
-577.214 -6125.82 293.679 20149 -57.7687
-577.778 -6125.47 293.685 20149 -57.74
-578.342 -6125.11 293.69 20149 0
