-417.38 -6221.94 294.979 10148 -56.5603
-418.272 -6221.35 294.966 10148 -56.7696
-419.191 -6220.75 294.951 10148 -57.4368
-420.127 -6220.15 294.937 10148 -58.4537
-421.069 -6219.57 294.923 10148 -61.0452
-422.021 -6219.05 294.909 10148 -62.0947
-422.975 -6218.54 294.895 10148 -60.9065
-423.925 -6218.01 294.881 10148 -57.9179
-424.848 -6217.43 294.867 10148 -57.1167
-425.749 -6216.85 294.853 10148 -58.3413
-426.632 -6216.31 294.839 10148 -58.5838
-427.489 -6215.78 294.826 10148 -58.0918
-428.328 -6215.26 294.814 10148 -58.0726
-429.166 -6214.74 294.801 10148 -58.0914
-430.007 -6214.22 294.788 10148 -58.0527
-430.849 -6213.69 294.775 10148 -58.0944
-431.69 -6213.17 294.763 10148 -58.0779
-432.532 -6212.64 294.75 10148 -58.0779
-433.374 -6212.12 294.737 10148 -58.0768
-434.221 -6211.59 294.724 10148 -58.0983
-435.057 -6211.07 294.712 10148 -58.1033
-435.87 -6210.56 294.7 10148 -57.6414
-436.67 -6210.06 294.687 10148 -56.4279
-437.468 -6209.53 294.675 10148 -56.4696
-438.289 -6208.98 294.663 10148 -56.489
-439.122 -6208.43 294.65 10148 -56.4792
-439.948 -6207.88 294.637 10148 -56.498
-440.775 -6207.34 294.624 10148 -56.4616
-441.603 -6206.79 294.612 10148 -56.5057
-442.434 -6206.24 294.599 10148 -56.4624
-443.262 -6205.69 294.586 10148 -55.6916
-444.068 -6205.14 294.574 10148 -56.507
-444.855 -6204.62 294.562 10148 -57.1097
-445.621 -6204.12 294.55 10148 -55.9872
-446.363 -6203.62 294.539 10148 -55.5369
-447.094 -6203.12 294.527 10148 -55.6745
-447.815 -6202.63 294.516 10148 -56.4099
-448.528 -6202.16 294.506 10148 -56.6348
-449.231 -6201.69 294.495 10148 -56.4939
-449.93 -6201.23 294.484 10148 -56.4765
-450.632 -6200.76 294.474 10148 -56.479
-451.335 -6200.3 294.463 10148 -56.478
-452.038 -6199.83 294.452 10148 -56.5007
-452.741 -6199.37 294.442 10148 -56.4785
-453.444 -6198.9 294.431 10148 -56.5007
-454.147 -6198.44 294.42 10148 -56.478
-454.849 -6197.97 294.41 10148 -56.478
-455.552 -6197.51 294.399 10148 -56.5007
-456.255 -6197.04 294.388 10148 -56.4785
-456.958 -6196.58 294.378 10148 -56.4775
-457.66 -6196.11 294.367 10148 -56.4795
-458.363 -6195.64 294.356 10148 -56.5097
-459.071 -6195.18 294.345 10148 -56.3063
-459.775 -6194.71 294.335 10148 -55.9518
-460.463 -6194.24 294.324 10148 -57.5198
-461.128 -6193.82 294.315 10148 -58.4367
-461.772 -6193.42 294.305 10148 -60.2787
-462.394 -6193.07 294.296 10148 -59.9801
-463 -6192.72 294.287 10148 -59.7403
-463.602 -6192.37 294.279 10148 -59.7014
-464.207 -6192.01 294.27 10148 -59.725
-464.815 -6191.66 294.261 10148 -59.7257
-465.421 -6191.3 294.252 10148 -59.7264
-466.028 -6190.95 294.243 10148 -59.7264
-466.635 -6190.6 294.235 10148 -59.7264
-467.241 -6190.24 294.226 10148 -59.7264
-467.848 -6189.89 294.217 10148 -59.7264
-468.455 -6189.53 294.208 10148 -59.7149
-469.065 -6189.18 294.199 10148 -59.7373
-469.668 -6188.82 294.191 10148 -59.7878
-470.255 -6188.48 294.182 10148 -58.927
-470.83 -6188.14 294.174 10148 -58.744
-471.413 -6187.78 294.165 10148 -58.7182
-472.015 -6187.42 294.156 10148 -58.3109
-472.615 -6187.05 294.147 10148 -57.336
-473.196 -6186.67 294.139 20148 -58.3266
-473.822 -6186.29 294.129 20148 -59.635
-474.415 -6185.94 294.12 20148 -57.9143
-474.965 -6185.6 294.112 20148 -55.768
-475.502 -6185.23 294.103 20148 -55.578
-476.048 -6184.86 294.095 20148 -55.8037
-476.603 -6184.48 294.086 20148 -55.8261
-477.155 -6184.1 294.077 20148 -55.7912
-477.706 -6183.73 294.069 20148 -55.7933
-478.257 -6183.35 294.06 20148 -55.8209
-478.809 -6182.98 294.051 20148 -55.7933
-479.36 -6182.61 294.043 20148 -55.7923
-479.911 -6182.23 294.034 20148 -55.822
-480.463 -6181.86 294.025 20148 -55.7933
-481.014 -6181.48 294.017 20148 -55.7923
-481.565 -6181.11 294.008 20148 -55.822
-482.117 -6180.73 294 20148 -55.7933
-482.668 -6180.36 293.991 20148 -55.7933
-483.22 -6179.98 293.982 20148 -55.7923
-483.771 -6179.61 293.974 20148 -55.822
-484.322 -6179.23 293.965 20148 -55.7923
-484.874 -6178.86 293.956 20148 -55.822
-485.425 -6178.48 293.948 20148 -55.7923
-485.976 -6178.11 293.939 20148 -55.7944
-486.528 -6177.73 293.93 20148 -55.7954
-487.08 -6177.36 293.922 20148 -55.7619
-487.633 -6176.98 293.915 20148 -55.776
-488.182 -6176.61 293.908 20148 -56.1002
-488.727 -6176.24 293.901 20148 -56.4838
-489.266 -6175.89 293.895 20148 -56.8566
-489.8 -6175.54 293.889 20148 -56.8865
-490.335 -6175.19 293.882 20148 -56.0145
-490.863 -6174.83 293.876 20148 -57.5989
-491.391 -6174.5 293.87 20148 -61.233
-491.925 -6174.2 293.864 20148 -62.6509
-492.458 -6173.93 293.858 20148 -61.2662
-492.992 -6173.64 293.852 20148 -57.5984
-493.519 -6173.3 293.846 20148 -55.8926
-494.046 -6172.94 293.839 20148 -56.8024
-494.583 -6172.59 293.833 20148 -57.4603
-495.128 -6172.25 293.827 20148 -58.1939
-495.686 -6171.9 293.82 20148 -58.764
-496.254 -6171.55 293.813 20148 -58.8744
-496.826 -6171.21 293.807 20148 -58.7605
-497.397 -6170.86 293.8 20148 -58.7618
-497.967 -6170.52 293.794 20148 -58.7618
-498.537 -6170.17 293.787 20148 -58.7618
-499.107 -6169.83 293.78 20148 -58.7623
-499.677 -6169.48 293.774 20148 -58.7332
-500.247 -6169.13 293.767 20148 -58.7905
-500.817 -6168.79 293.76 20148 -58.7618
-501.387 -6168.44 293.754 20148 -58.7308
-501.957 -6168.1 293.748 20148 -58.7543
-502.527 -6167.75 293.743 20148 -58.7829
-503.097 -6167.41 293.739 20148 -58.7257
-503.667 -6167.06 293.734 20148 -58.7547
-504.237 -6166.71 293.73 20148 -58.7543
-504.807 -6166.37 293.725 20148 -58.7829
-505.377 -6166.02 293.72 20148 -58.7257
-505.947 -6165.68 293.716 20148 -58.7547
-506.516 -6165.33 293.711 20148 -58.7543
-507.086 -6164.98 293.707 20148 -58.7499
-507.659 -6164.64 293.702 20148 -58.7588
-508.226 -6164.29 293.697 20148 -58.7785
-508.782 -6163.96 293.693 20148 -58.608
-509.331 -6163.62 293.689 20148 -58.2488
-509.883 -6163.28 293.684 20148 -58.2406
-510.447 -6162.93 293.679 20148 -58.2083
-511.016 -6162.58 293.675 20148 -58.2387
-511.583 -6162.23 293.67 20148 -58.2387
-512.15 -6161.88 293.666 20148 -58.21
-512.717 -6161.52 293.661 20148 -58.2387
-513.284 -6161.17 293.656 20148 -58.21
-513.85 -6160.82 293.652 20148 -58.2387
-514.417 -6160.47 293.647 20148 -58.2387
-514.984 -6160.12 293.643 20148 -58.21
-515.551 -6159.77 293.638 20148 -58.21
-516.117 -6159.42 293.634 20148 -58.2649
-516.684 -6159.07 293.63 20148 -58.2062
-517.251 -6158.72 293.628 20148 -58.2062
-517.817 -6158.37 293.625 20148 -58.2348
-518.384 -6158.01 293.622 20148 -58.2352
-518.951 -6157.66 293.62 20148 -58.2053
-519.519 -6157.31 293.617 20148 -58.2322
-520.089 -6156.96 293.615 20148 -58.2348
-520.656 -6156.61 293.612 20148 -57.7448
-521.206 -6156.26 293.609 20148 -58.7121
-521.744 -6155.93 293.607 20148 -58.204
-522.266 -6155.61 293.605 20148 -58.24
-522.782 -6155.29 293.602 20148 -57.7658
-523.284 -6154.97 293.6 20148 -58.6942
-523.774 -6154.68 293.598 20148 -58.2039
-524.25 -6154.38 293.596 20148 -58.2462
-524.715 -6154.09 293.593 20148 -58.2189
-525.171 -6153.81 293.591 20148 -58.2203
-525.624 -6153.53 293.589 20148 -58.2143
-526.086 -6153.24 293.587 20148 -58.2428
-526.555 -6152.95 293.585 20148 -57.6514
-527.014 -6152.66 293.583 20148 -58.8216
-527.457 -6152.39 293.581 20148 -58.2055
-527.883 -6152.13 293.579 20148 -58.2436
-528.309 -6151.87 293.577 20148 -58.2057
-528.734 -6151.6 293.575 20148 -58.2057
-529.137 -6151.34 293.573 20148 -58.2057
-529.504 -6151.1 293.572 20148 -58.2057
-529.846 -6150.9 293.57 20148 -58.2057
-530.156 -6150.72 293.569 20148 -58.2057
-530.438 -6150.55 293.567 20148 -58.2057
-530.699 -6150.38 293.566 20148 -58.2057
-530.952 -6150.23 293.565 20148 -58.2057
-531.194 -6150.08 293.565 20148 -58.2057
-531.426 -6149.93 293.565 20148 -58.2057
-531.635 -6149.79 293.565 20148 -58.2057
-531.819 -6149.67 293.564 20148 -58.2057
-531.98 -6149.58 293.564 20148 -58.2057
-532.125 -6149.48 293.564 20148 -58.2057
-532.284 -6149.36 293.564 20148 -58.2057
-532.465 -6149.25 293.564 20148 -58.2057
-532.658 -6149.13 293.563 20148 -58.2057
-532.85 -6149.01 293.563 20148 -58.2057
-533.04 -6148.89 293.563 20148 -58.2057
-533.23 -6148.77 293.563 20148 -58.2057
-533.419 -6148.66 293.563 20148 -58.2057
-533.609 -6148.54 293.562 20148 -58.2057
-533.799 -6148.42 293.562 20148 -58.2057
-533.989 -6148.3 293.562 20148 -58.2057
-534.179 -6148.19 293.562 20148 -58.2057
-534.369 -6148.07 293.562 20148 -58.2057
-534.559 -6147.95 293.561 20148 -58.2057
-534.748 -6147.83 293.561 20148 -58.2057
-534.938 -6147.72 293.561 20148 -58.2057
-535.129 -6147.6 293.561 20148 -58.2057
-535.318 -6147.48 293.561 20148 -58.2057
-535.508 -6147.36 293.56 20148 -58.2057
-535.698 -6147.25 293.56 20148 -58.2057
-535.888 -6147.13 293.56 20148 -58.2057
-536.078 -6147.01 293.56 20148 -58.2057
-536.267 -6146.89 293.56 20148 -58.2057
-536.457 -6146.78 293.559 20148 -58.2057
-536.647 -6146.66 293.559 20148 -58.2057
-536.837 -6146.54 293.559 20148 -58.2057
-537.027 -6146.42 293.559 20148 -58.2057
-537.217 -6146.3 293.559 20148 -58.2057
-537.407 -6146.19 293.558 20148 -58.2057
-537.596 -6146.07 293.558 20148 -58.2057
-537.786 -6145.95 293.558 20148 -58.2057
-537.976 -6145.83 293.558 20148 -58.2057
-538.166 -6145.72 293.558 20148 -58.2057
-538.356 -6145.6 293.557 20148 -58.2057
-538.546 -6145.48 293.557 20148 -58.2057
-538.736 -6145.36 293.557 20148 -58.2057
-538.925 -6145.25 293.557 20148 -58.2057
-539.115 -6145.13 293.557 20148 -58.2057
-539.305 -6145.01 293.556 20148 -58.2057
-539.495 -6144.89 293.556 20148 -58.2057
-539.685 -6144.78 293.556 20148 -58.2057
-539.875 -6144.66 293.556 20148 -58.2057
-540.065 -6144.54 293.556 20148 -58.2057
-540.254 -6144.42 293.555 20148 -58.2057
-540.444 -6144.31 293.555 20148 -58.2057
-540.635 -6144.19 293.555 20148 -58.2057
-540.823 -6144.07 293.555 20148 -58.2057
-541.009 -6143.96 293.555 20148 -58.2057
-541.196 -6143.84 293.555 20148 -58.2057
-541.409 -6143.72 293.554 20148 -58.2057
-541.658 -6143.58 293.554 20148 -58.2057
-541.932 -6143.4 293.554 20148 -58.2057
-542.242 -6143.19 293.553 20148 -58.2057
-542.577 -6142.98 293.553 20148 -58.2057
-542.915 -6142.78 293.553 20148 -58.2057
-543.249 -6142.57 293.552 20148 -58.2057
-543.581 -6142.36 293.552 20148 -58.2057
-543.914 -6142.16 293.552 20148 -58.2057
-544.247 -6141.95 293.551 20148 -58.2057
-544.58 -6141.74 293.551 20148 -58.2057
-544.913 -6141.54 293.551 20148 -58.2057
-545.246 -6141.33 293.55 20148 -58.2057
-545.579 -6141.12 293.551 20148 -58.2057
-545.912 -6140.92 293.551 20148 -58.2057
-546.245 -6140.71 293.552 20148 -58.2057
-546.577 -6140.51 293.553 20148 -58.2057
-546.911 -6140.3 293.554 20148 -58.2057
-547.247 -6140.09 293.555 20148 -58.2057
-547.582 -6139.88 293.555 20148 -58.2057
-547.907 -6139.68 293.556 20148 -58.2057
-548.212 -6139.49 293.557 20148 -58.2057
-548.495 -6139.31 293.558 20148 -58.2057
-548.758 -6139.16 293.558 20148 -58.2057
-549.011 -6139 293.559 20148 -58.2057
-549.263 -6138.84 293.56 20148 -58.2057
-549.518 -6138.68 293.56 20148 -58.2057
-549.773 -6138.53 293.561 20148 -58.2057
-550.025 -6138.37 293.561 20148 -58.2057
-550.275 -6138.21 293.562 20148 -58.2057
-550.541 -6138.06 293.563 20148 -58.2057
-550.848 -6137.9 293.563 20148 -58.2057
-551.187 -6137.7 293.564 20148 -58.2057
-551.555 -6137.48 293.565 20148 -58.2057
-551.962 -6137.22 293.566 20148 -57.9793
-552.389 -6136.95 293.567 20148 -58.3188
-552.82 -6136.69 293.568 20148 -58.2468
-553.246 -6136.42 293.569 20148 -58.2468
-553.67 -6136.16 293.57 20148 -58.2857
-554.096 -6135.9 293.571 20148 -58.2846
-554.522 -6135.63 293.572 20148 -58.2082
-554.949 -6135.37 293.573 20148 -58.2082
-555.373 -6135.11 293.574 20148 -58.2082
-555.79 -6134.85 293.576 20148 -58.2082
-556.2 -6134.61 293.577 20148 -58.2082
-556.603 -6134.38 293.577 20148 -58.2082
-557.004 -6134.14 293.578 20148 -58.2082
-557.405 -6133.91 293.579 20148 -58.2082
-557.806 -6133.68 293.58 20148 -58.2082
-558.206 -6133.45 293.581 20148 -58.2082
-558.608 -6133.23 293.582 20148 -58.2082
-559.009 -6133.02 293.583 20148 -58.2082
-559.41 -6132.8 293.584 20148 -58.2082
-559.81 -6132.57 293.585 20148 -58.2082
-560.211 -6132.33 293.587 20148 -58.2082
-560.614 -6132.1 293.589 20148 -58.2082
-561.016 -6131.87 293.591 20148 -58.2082
-561.417 -6131.63 293.594 20148 -58.2082
-561.818 -6131.4 293.596 20148 -58.2082
-562.218 -6131.17 293.598 20148 -58.2082
-562.622 -6130.93 293.601 20148 0
