6.94953e-310 4.68504e-310 0 0 0
-57.6938 1.48951e-319 0 0 0
-57.6938 1.48951e-319 0 0 0
-57.6938 1.48951e-319 0 0 0
-57.6938 1.48951e-319 0 0 0
-57.7169 1.48951e-319 0 0 0
-57.6936 1.48951e-319 0 0 0
-57.6933 1.48951e-319 0 0 0
-57.6938 1.48951e-319 0 0 0
-58.0561 1.48951e-319 0 0 0
-57.3457 1.48951e-319 0 0 0
-57.6991 1.48951e-319 0 0 0
-57.6785 1.48951e-319 0 0 0
-57.997 1.48951e-319 0 0 0
-57.4136 1.48951e-319 0 0 0
-57.7042 1.48951e-319 0 0 0
-57.8532 1.48951e-319 0 0 0
-58.2734 1.48951e-319 0 0 0
-57.6253 1.48951e-319 0 0 0
-57.9389 1.48951e-319 0 0 0
-57.9584 1.48951e-319 0 0 0
-57.9199 1.48951e-319 0 0 0
-360.811 -6257.9 295.865 10148 -58.2278
-361.654 -6257.38 295.852 10148 -58.2276
-362.498 -6256.85 295.839 10148 -58.2278
-363.34 -6256.33 295.825 10148 -58.2276
-364.184 -6255.81 295.812 10148 -58.2249
-365.034 -6255.28 295.799 10148 -57.509
-365.856 -6254.76 295.786 10148 -58.2673
-366.655 -6254.26 295.773 10148 -58.9726
-367.435 -6253.8 295.761 10148 -58.9516
-368.215 -6253.33 295.749 10148 -58.2672
-369.014 -6252.83 295.736 10148 -57.4893
-369.836 -6252.31 295.723 10148 -58.2458
-370.682 -6251.78 295.71 10148 -58.2067
-371.53 -6251.26 295.697 10148 -58.2453
-372.377 -6250.73 295.683 10148 -58.2118
-373.211 -6250.22 295.67 10148 -58.257
-374.032 -6249.71 295.657 10148 -58.4264
-374.868 -6249.2 295.644 10148 -57.3552
-375.736 -6248.64 295.63 10148 -56.7817
-376.628 -6248.06 295.616 10148 -56.4223
-377.559 -6247.44 295.601 10148 -57.0684
-378.512 -6246.82 295.586 10148 -57.0704
-379.468 -6246.2 295.571 10148 -57.0844
-380.421 -6245.58 295.556 10148 -57.1838
-381.372 -6244.97 295.541 10148 -56.8953
-382.319 -6244.35 295.526 10148 -56.4895
-383.262 -6243.73 295.511 10148 -56.7978
-384.211 -6243.11 295.496 10148 -57.4076
-385.174 -6242.49 295.481 10148 -58.1245
-386.151 -6241.88 295.465 10148 -58.4873
-387.137 -6241.28 295.45 10148 -58.3053
-388.12 -6240.67 295.435 10148 -58.3407
-389.103 -6240.07 295.419 10148 -58.2978
-390.089 -6239.46 295.404 10148 -58.3336
-391.068 -6238.85 295.389 10148 -58.3228
-392.034 -6238.26 295.374 10148 -57.8006
-392.99 -6237.66 295.359 10148 -57.3637
-393.946 -6237.04 295.344 10148 -57.3711
-394.915 -6236.42 295.329 10148 -57.3581
-395.89 -6235.8 295.314 10148 -57.3729
-396.863 -6235.18 295.299 10148 -57.3562
-397.835 -6234.55 295.284 10148 -57.3892
-398.807 -6233.93 295.268 10148 -57.3566
-399.78 -6233.31 295.253 10148 -57.375
-400.757 -6232.68 295.238 10148 -57.2594
-401.732 -6232.06 295.223 10148 -57.168
-402.693 -6231.44 295.208 10148 -57.9767
-403.635 -6230.85 295.193 10148 -58.799
-404.555 -6230.29 295.179 10148 -59.7077
-405.455 -6229.76 295.165 10148 -59.6221
-406.35 -6229.24 295.152 10148 -59.526
-407.226 -6228.72 295.139 10148 -59.592
-408.069 -6228.23 295.126 10148 -57.8908
-408.883 -6227.72 295.113 10148 -56.8377
-409.702 -6227.18 295.101 10148 -56.8686
-410.562 -6226.62 295.087 10148 -56.9389
-411.435 -6226.05 295.074 10148 -56.2098
-412.275 -6225.49 295.06 10148 -56.6258
-413.094 -6224.95 295.048 10148 -55.8038
-413.897 -6224.41 295.035 10148 -56.6245
-414.728 -6223.86 295.022 10148 -57.0824
-415.599 -6223.3 295.008 10148 -58.3382
-416.511 -6222.73 294.994 10148 -60.3163
-417.478 -6222.18 294.98 10148 -62.2097
-418.479 -6221.65 294.965 10148 -61.7535
-419.48 -6221.12 294.951 10148 -61.233
-420.47 -6220.57 294.936 10148 -62.3845
-421.46 -6220.05 294.922 10148 -64.7926
-422.46 -6219.58 294.908 10148 -65.7365
-423.463 -6219.13 294.894 10148 -64.7397
-424.461 -6218.66 294.879 10148 -61.4731
-425.429 -6218.13 294.865 10148 -59.6982
-426.364 -6217.59 294.851 10148 -60.7259
-427.278 -6217.08 294.838 10148 -61.4891
-428.167 -6216.59 294.825 10148 -61.1246
-429.033 -6216.12 294.812 10148 -60.1449
-429.882 -6215.63 294.799 10148 -59.8817
-430.715 -6215.15 294.787 10148 -61.0426
-431.539 -6214.69 294.775 10148 -64.1432
-432.374 -6214.28 294.763 10148 -64.8043
-433.21 -6213.89 294.751 10148 -64.2809
-434.043 -6213.49 294.739 10148 -64.2878
-434.877 -6213.09 294.727 10148 -64.2365
-435.716 -6212.68 294.716 10149 -64.3151
-436.547 -6212.28 294.704 10149 -64.441
-437.363 -6211.89 294.692 10149 -63.1522
-438.162 -6211.49 294.681 10149 -62.7938
-438.966 -6211.08 294.669 10149 -62.6966
-439.784 -6210.65 294.658 10149 -62.6735
-440.61 -6210.23 294.646 10149 -62.6952
-441.433 -6209.8 294.634 10149 -62.6747
-442.255 -6209.38 294.622 10149 -62.6776
-443.077 -6208.95 294.61 10149 -62.6718
-443.9 -6208.53 294.599 10149 -62.6807
-444.725 -6208.1 294.587 10149 -62.7496
-445.549 -6207.68 294.575 10149 -62.3035
-446.361 -6207.25 294.563 10149 -62.0872
-447.152 -6206.83 294.552 10149 -62.3009
-447.923 -6206.43 294.541 10149 -62.0947
-448.673 -6206.03 294.53 10149 -61.5759
-449.41 -6205.63 294.52 10149 -61.6719
-450.147 -6205.23 294.509 10149 -61.6631
-450.886 -6204.83 294.498 10149 -61.6593
-451.625 -6204.44 294.488 10149 -61.6543
-452.366 -6204.04 294.477 10149 -61.6242
-453.107 -6203.64 294.466 10149 -61.8246
-453.847 -6203.24 294.456 10149 -61.3297
-454.571 -6202.84 294.445 10149 -61.2304
-455.282 -6202.45 294.435 10149 -59.5161
-455.976 -6202.04 294.425 10149 -57.2786
-456.669 -6201.6 294.414 10149 -56.3145
-457.368 -6201.13 294.404 10149 -55.4171
-458.057 -6200.66 294.393 10149 -55.8908
-458.717 -6200.21 294.383 10149 -56.6491
-459.353 -6199.79 294.373 10149 -56.9737
-459.957 -6199.4 294.364 10149 -55.6532
-460.532 -6199.01 294.356 10149 -56.0457
-461.104 -6198.62 294.347 10149 -56.9922
-461.685 -6198.25 294.338 10149 -57.3811
-462.269 -6197.87 294.329 10149 -57.189
-462.853 -6197.49 294.321 10149 -57.1612
-463.436 -6197.12 294.312 10149 -57.1887
-464.019 -6196.74 294.303 10149 -57.1884
-464.602 -6196.37 294.295 10149 -57.1612
-465.186 -6195.99 294.286 10149 -57.189
-465.769 -6195.61 294.277 10149 -57.1884
-466.353 -6195.24 294.268 10149 -57.1615
-466.936 -6194.86 294.26 10149 -57.1884
-467.519 -6194.48 294.251 10149 -57.1615
-468.103 -6194.11 294.242 10149 -57.1884
-468.686 -6193.73 294.234 10149 -57.1609
-469.269 -6193.36 294.225 10149 -57.1893
-469.853 -6192.98 294.216 10149 -57.1647
-470.439 -6192.6 294.208 10149 -57.1392
-471.026 -6192.22 294.199 10149 -56.9571
-471.601 -6191.85 294.19 10149 -57.0584
-472.152 -6191.49 294.182 10149 -57.2288
-472.677 -6191.15 294.174 10149 -57.2701
-473.187 -6190.83 294.166 10149 -57.1103
-473.695 -6190.5 294.159 10149 -57.0517
-474.205 -6190.17 294.151 10149 -57.0533
-474.716 -6189.83 294.144 10149 -57.115
-475.291 -6189.46 294.135 20149 -57.1124
-475.893 -6189.07 294.126 20149 -57.1657
-476.495 -6188.69 294.116 20149 -57.112
-477.097 -6188.3 294.107 20149 -57.1653
-477.699 -6187.91 294.098 20149 -57.1124
-478.301 -6187.52 294.088 20149 -57.1387
-478.903 -6187.13 294.079 20149 -57.112
-479.505 -6186.74 294.07 20149 -57.1657
-480.107 -6186.35 294.06 20149 -57.1113
-480.709 -6185.96 294.051 20149 -57.17
-481.315 -6185.57 294.042 20149 -57.1223
-481.925 -6185.18 294.032 20149 -56.3082
-482.499 -6184.79 294.023 20149 -55.835
-483.016 -6184.44 294.015 20149 -56.8538
-483.481 -6184.14 294.008 20149 -56.8538
-483.88 -6183.88 294.002 20149 -56.8538
-484.227 -6183.66 293.997 20149 -56.8538
-484.517 -6183.48 293.992 20149 -56.8538
-484.77 -6183.3 293.988 20149 -56.8538
-485.028 -6183.13 293.984 20149 -56.8538
-485.292 -6182.95 293.98 20149 -56.8538
-485.56 -6182.77 293.976 20149 -56.8538
-485.823 -6182.59 293.972 20149 -56.8538
-486.062 -6182.41 293.968 20149 -56.8538
-486.272 -6182.28 293.965 20149 -56.8538
-486.455 -6182.18 293.962 20149 -56.8538
-486.604 -6182.12 293.96 20149 -56.8538
-486.724 -6182.04 293.958 20149 -56.8538
-486.839 -6181.96 293.956 20149 -56.8538
-486.958 -6181.88 293.954 20149 -56.8538
-487.079 -6181.8 293.952 20149 -56.8538
-487.199 -6181.72 293.951 20149 -56.8538
-487.32 -6181.64 293.949 20149 -56.8538
-487.44 -6181.56 293.947 20149 -56.8538
-487.56 -6181.48 293.945 20149 -56.8538
-487.681 -6181.4 293.943 20149 -56.8538
-487.801 -6181.32 293.941 20149 -56.8538
-487.921 -6181.24 293.939 20149 -56.8538
-488.042 -6181.16 293.937 20149 -56.8538
-488.162 -6181.08 293.936 20149 -56.8538
-488.282 -6181 293.934 20149 -56.8538
-488.402 -6180.92 293.932 20149 -56.8538
-488.523 -6180.84 293.93 20149 -56.8538
-488.643 -6180.76 293.928 20149 -56.8538
-488.763 -6180.68 293.926 20149 -56.8538
-488.884 -6180.6 293.924 20149 -56.8538
-489.004 -6180.52 293.922 20149 -56.8538
-489.125 -6180.44 293.921 20149 -56.8538
-489.245 -6180.36 293.919 20149 -56.8538
-489.365 -6180.28 293.917 20149 -56.8538
-489.485 -6180.2 293.916 20149 -56.8538
-489.606 -6180.12 293.915 20149 -56.8538
-489.726 -6180.04 293.913 20149 -56.8538
-489.846 -6179.96 293.912 20149 -56.8538
-489.967 -6179.88 293.91 20149 -56.8538
-490.087 -6179.8 293.909 20149 -56.8538
-490.208 -6179.72 293.907 20149 -56.8538
-490.328 -6179.64 293.906 20149 -56.8538
-490.448 -6179.56 293.905 20149 -56.8538
-490.568 -6179.48 293.903 20149 -56.8538
-490.689 -6179.4 293.902 20149 -56.8538
-490.809 -6179.32 293.9 20149 -56.8538
-490.929 -6179.24 293.899 20149 -56.8538
-491.05 -6179.16 293.897 20149 -56.8538
-491.17 -6179.08 293.896 20149 -56.8538
-491.29 -6179 293.894 20149 -56.8538
-491.411 -6178.92 293.893 20149 -56.8538
-491.531 -6178.84 293.892 20149 -56.8538
-491.651 -6178.76 293.89 20149 -56.8538
-491.771 -6178.68 293.889 20149 -56.8538
-491.892 -6178.6 293.887 20149 -56.8538
-492.012 -6178.52 293.886 20149 -56.8538
-492.132 -6178.44 293.884 20149 -56.8538
-492.253 -6178.36 293.883 20149 -56.8538
-492.373 -6178.28 293.882 20149 -56.8538
-492.493 -6178.2 293.88 20149 -56.8538
-492.614 -6178.12 293.879 20149 -56.8538
-492.734 -6178.04 293.877 20149 -56.8538
-492.854 -6177.96 293.876 20149 -56.8538
-492.975 -6177.88 293.874 20149 -56.8538
-493.098 -6177.79 293.873 20149 -56.8538
-493.215 -6177.71 293.871 20149 -56.8538
-493.33 -6177.64 293.87 20149 -56.8538
-493.449 -6177.61 293.869 20149 -56.8538
-493.567 -6177.6 293.868 20149 -56.8538
-493.686 -6177.57 293.867 20149 -56.8538
-493.801 -6177.5 293.865 20149 -56.8538
-493.918 -6177.41 293.864 20149 -56.8538
-494.042 -6177.33 293.863 20149 -56.8538
-494.163 -6177.25 293.861 20149 -56.8538
-494.283 -6177.17 293.86 20149 -56.8538
-494.403 -6177.09 293.858 20149 -56.8538
-494.523 -6177.01 293.857 20149 -56.8538
-494.643 -6176.93 293.855 20149 -56.8538
-494.764 -6176.85 293.854 20149 -56.8538
-494.884 -6176.77 293.852 20149 -56.8538
-495.004 -6176.69 293.851 20149 -56.8538
-495.125 -6176.61 293.85 20149 -56.8538
-495.245 -6176.53 293.848 20149 -56.8538
-495.365 -6176.45 293.847 20149 -56.8538
-495.486 -6176.37 293.845 20149 -56.8538
-495.606 -6176.29 293.844 20149 -56.8538
-495.726 -6176.21 293.842 20149 -56.8538
-495.847 -6176.13 293.841 20149 -56.8538
-495.966 -6176.05 293.84 20149 -56.8538
-496.081 -6175.97 293.838 20149 -56.8538
-496.2 -6175.89 293.837 20149 -56.8538
-496.351 -6175.82 293.835 20149 -56.8538
-496.54 -6175.7 293.833 20149 -56.8538
-496.756 -6175.56 293.83 20149 -56.8538
-497.01 -6175.39 293.827 20149 -56.8538
-497.297 -6175.21 293.824 20149 -56.8538
-497.587 -6175.04 293.821 20149 -56.8538
-497.874 -6174.86 293.817 20149 -56.8538
-498.158 -6174.69 293.814 20149 -56.8538
-498.443 -6174.52 293.811 20149 -56.8538
-498.728 -6174.35 293.807 20149 -56.8538
-499.013 -6174.17 293.804 20149 -56.8538
-499.298 -6174 293.801 20149 -56.8538
-499.583 -6173.83 293.797 20149 -56.8538
-499.868 -6173.65 293.794 20149 -56.8538
-500.153 -6173.48 293.791 20149 -56.8538
-500.438 -6173.31 293.788 20149 -56.8538
-500.723 -6173.14 293.784 20149 -56.8538
-501.009 -6172.96 293.781 20149 -56.8538
-501.292 -6172.79 293.778 20149 -56.8538
-501.574 -6172.62 293.774 20149 -56.8538
-501.858 -6172.45 293.771 20149 -56.8538
-502.157 -6172.27 293.768 20149 -56.8538
-502.475 -6172.08 293.764 20149 -56.8538
-502.819 -6171.87 293.76 20149 -56.8538
-503.189 -6171.65 293.756 20149 -56.8538
-503.587 -6171.4 293.751 20149 -56.8538
-504 -6171.15 293.747 20149 -56.8538
-504.404 -6170.89 293.744 20149 -56.8538
-504.797 -6170.65 293.741 20149 0
