6.94953e-310 6.94953e-310 0 0 0
-58.2044 413.546 0 0 0
-58.2044 413.916 0 0 0
-58.2044 414.262 0 0 0
-58.2044 414.567 0 0 0
-58.2044 413.167 0 0 0
-58.2044 413.546 0 0 0
-58.2044 413.916 0 0 0
-58.2044 414.262 0 0 0
-58.2044 414.567 0 0 0
-58.2044 415.006 0 0 0
-58.2044 415.482 0 0 0
-58.2044 415.946 0 0 0
-58.2044 416.412 0 0 0
-58.2044 416.895 0 0 0
-58.2044 415.006 0 0 0
-58.2044 415.482 0 0 0
-58.2044 415.946 0 0 0
-58.2044 416.412 0 0 0
-58.2044 416.895 0 0 0
-58.2044 417.331 0 0 0
-58.2044 417.759 0 0 0
-58.2044 418.152 0 0 0
-58.2044 418.464 0 0 0
-58.2044 418.653 0 0 0
-58.2044 417.331 0 0 0
-58.2044 417.76 0 0 0
-58.2044 418.152 0 0 0
-58.2044 418.464 0 0 0
-58.2044 418.653 0 0 0
-58.2044 418.822 0 0 0
-58.2044 418.853 0 0 0
-58.2044 418.732 0 0 0
-58.2044 418.499 0 0 0
-58.2044 418.196 0 0 0
-58.2044 418.822 0 0 0
-58.2044 418.853 0 0 0
-58.2044 418.732 0 0 0
-58.2044 418.499 0 0 0
-58.2044 418.196 0 0 0
-58.2044 417.693 0 0 0
-58.2044 416.995 0 0 0
-58.2044 416.16 0 0 0
-58.2044 415.212 0 0 0
-58.2044 414.174 0 0 0
-58.2044 417.693 0 0 0
-58.2044 416.995 0 0 0
-58.2044 416.16 0 0 0
-58.2044 415.212 0 0 0
-58.2044 414.174 0 0 0
-58.2044 413.029 0 0 0
-58.2044 411.834 0 0 0
-58.2044 410.654 0 0 0
-58.2044 409.51 0 0 0
-58.2044 408.428 0 0 0
-58.2044 413.029 0 0 0
-58.2044 411.834 0 0 0
-58.2044 410.654 0 0 0
-58.2044 409.51 0 0 0
-58.2044 408.428 0 0 0
-58.2044 407.381 0 0 0
-58.2044 406.449 0 0 0
-58.2044 405.697 0 0 0
-58.2044 405.143 0 0 0
-58.2044 404.808 0 0 0
-58.2044 407.381 0 0 0
-58.2044 406.449 0 0 0
-58.2044 405.697 0 0 0
-58.2044 405.143 0 0 0
-58.2044 404.808 0 0 0
-58.2044 404.781 0 0 0
-58.2044 404.939 0 0 0
-58.2044 405.21 0 0 0
-58.2044 405.556 0 0 0
-58.2071 405.939 0 0 0
-59.7405 404.781 0 0 0
-58.9842 404.939 0 0 0
-57.517 405.21 0 0 0
-57.0122 405.556 0 0 0
-58.266 405.939 0 0 0
-58.2094 405.955 0 0 0
-58.2097 405.925 0 0 0
-59.373 405.95 0 0 0
-58.8326 405.996 0 0 0
-57.6671 406.026 0 0 0
-57.2568 405.954 0 0 0
-58.2308 405.925 0 0 0
-58.2758 405.951 0 0 0
-58.2798 405.996 0 0 0
-58.2334 406.026 0 0 0
-59.0802 406.116 0 0 0
-58.8798 406.218 0 0 0
-58.1948 406.316 0 0 0
-57.8924 406.432 0 0 0
-58.8678 406.583 0 0 0
-59.3981 406.116 0 0 0
-59.6251 406.217 0 0 0
-59.3863 406.316 0 0 0
-58.8729 406.432 0 0 0
-58.5782 406.583 0 0 0
-59.0552 406.657 0 0 0
-58.9084 406.738 0 0 0
-57.818 406.84 0 0 0
-58.9316 406.941 0 0 0
-59.1671 407.019 0 0 0
-59.991 406.657 0 0 0
-58.7511 406.738 0 0 0
-57.2786 406.84 0 0 0
-57.7388 406.941 0 0 0
-57.739 407.019 0 0 0
-57.7491 407.074 0 0 0
-57.7305 407.106 0 0 0
-57.7496 407.127 0 0 0
-57.7496 407.154 0 0 0
-57.7495 407.206 0 0 0
-57.7496 407.074 0 0 0
-57.7496 407.106 0 0 0
-57.7496 407.127 0 0 0
-57.7305 407.154 0 0 0
-57.7496 407.206 0 0 0
-57.7496 407.241 0 0 0
-57.7305 407.272 0 0 0
-57.7496 407.309 0 0 0
-57.7496 407.356 0 0 0
-57.7496 407.419 0 0 0
-57.7305 407.241 0 0 0
-57.7496 407.272 0 0 0
-57.7618 407.309 0 0 0
-57.7446 407.356 0 0 0
-57.7635 407.419 0 0 0
-57.5334 407.434 0 0 0
-57.4188 407.477 0 0 0
-57.4197 407.537 0 0 0
-57.4204 407.575 0 0 0
-57.439 407.555 0 0 0
-57.4201 407.434 0 0 0
-57.4201 407.477 0 0 0
-57.4201 407.537 0 0 0
-57.4201 407.575 0 0 0
-57.4201 407.555 0 0 0
-57.4201 407.594 0 0 0
-57.4201 407.67 0 0 0
-364.345 -6255.96 0 0 0
-365.068 -6255.51 0 0 0
-365.791 -6255.06 0 0 0
-366.513 -6254.62 0 0 0
-367.236 -6254.17 0 0 0
-367.958 -6253.72 0 0 0
-368.681 -6253.27 0 0 0
-369.403 -6252.82 0 0 0
-370.126 -6252.38 0 0 0
-370.849 -6251.93 0 0 0
-371.571 -6251.48 0 0 0
-372.294 -6251.03 0 0 0
-373.016 -6250.59 0 0 0
-373.739 -6250.14 0 0 0
-374.462 -6249.69 0 0 0
-375.184 -6249.24 0 0 0
-375.917 -6248.79 0 0 0
-376.63 -6248.35 0 0 0
-377.304 -6247.93 0 0 0
-377.96 -6247.51 0 0 0
-378.624 -6247.08 0 0 0
-379.314 -6246.63 0 0 0
-380.012 -6246.18 0 0 0
-380.689 -6245.74 0 0 0
-381.362 -6245.31 0 0 0
-382.016 -6244.87 0 0 0
-382.65 -6244.46 0 0 0
-383.264 -6244.08 0 0 0
-383.856 -6243.69 0 0 0
-384.446 -6243.31 0 0 0
-385.04 -6242.93 0 0 0
-385.635 -6242.54 0 0 0
-386.23 -6242.16 0 0 0
-386.824 -6241.77 0 0 0
-387.418 -6241.39 0 0 0
-388.013 -6241 0 0 0
-388.608 -6240.62 0 0 0
-389.202 -6240.23 0 0 0
-389.797 -6239.85 0 0 0
-390.391 -6239.46 0 0 0
-390.986 -6239.08 0 0 0
-391.581 -6238.69 0 0 0
-362.291 -6261.92 295.877 10149 -58.2103
-363.254 -6261.32 295.862 10149 -58.2349
-364.218 -6260.73 295.847 10149 -58.235
-365.181 -6260.13 295.832 10149 -58.2181
-366.144 -6259.53 295.817 10149 -58.2349
-367.108 -6258.94 295.801 10149 -58.2349
-368.071 -6258.34 295.786 10149 -58.2181
-369.035 -6257.74 295.771 10149 -58.2349
-369.998 -6257.15 295.756 10149 -58.2178
-370.962 -6256.55 295.741 10149 -58.2314
-371.935 -6255.95 295.725 10149 -58.2292
-372.868 -6255.37 295.711 10149 -57.2744
-373.716 -6254.83 295.697 10149 -58.1347
-374.483 -6254.35 295.685 10149 -57.7844
-375.152 -6253.93 295.674 10149 -58.4822
-375.748 -6253.56 295.665 10149 -59.2346
-376.281 -6253.24 295.657 10149 -57.0761
-376.899 -6252.84 295.647 10149 -56.2134
-377.581 -6252.39 295.636 10149 -55.2738
-378.33 -6251.87 295.624 10149 -56.5714
-379.163 -6251.32 295.611 10149 -56.6222
-380.029 -6250.75 295.597 10149 -56.6096
-380.887 -6250.18 295.583 10149 -56.6093
-381.745 -6249.62 295.57 10149 -56.5907
-382.603 -6249.05 295.556 10149 -56.6089
-383.46 -6248.49 295.542 10149 -56.6275
-384.318 -6247.92 295.529 10149 -56.5903
-385.175 -6247.36 295.515 10149 -56.6093
-386.032 -6246.79 295.501 10149 -56.6093
-386.89 -6246.23 295.488 10149 -56.6089
-387.748 -6245.66 295.474 10149 -56.6089
-388.605 -6245.09 295.461 10149 -56.6093
-389.463 -6244.53 295.447 10149 -56.6121
-390.322 -6243.96 295.433 10149 -56.4671
-391.181 -6243.39 295.42 10149 -56.6145
-392.036 -6242.83 295.406 10149 -57.313
-392.882 -6242.29 295.393 10149 -58.3125
-393.713 -6241.77 295.38 10149 -59.0825
-394.532 -6241.28 295.367 10149 -58.2856
-395.337 -6240.79 295.355 10149 -58.1435
-396.144 -6240.29 295.342 10149 -58.122
-396.955 -6239.78 295.33 10149 -58.1215
-397.769 -6239.27 295.317 10149 -58.1018
-398.581 -6238.77 295.305 10149 -58.1417
-399.393 -6238.26 295.292 10149 -58.1217
-400.205 -6237.76 295.279 10149 -58.1218
-401.018 -6237.25 295.267 10149 -58.1417
-401.83 -6236.75 295.254 10149 -58.1218
-402.642 -6236.24 295.242 10149 -58.1217
-403.455 -6235.74 295.229 10149 -58.1417
-404.267 -6235.23 295.217 10149 -58.1219
-405.079 -6234.73 295.204 10149 -58.1092
-405.893 -6234.22 295.191 10149 -58.1486
-406.711 -6233.71 295.179 10149 -57.9706
-407.523 -6233.21 295.166 10149 -57.1861
-408.298 -6232.71 295.154 10149 -57.9325
-409.041 -6232.24 295.143 10149 -57.5653
-409.741 -6231.8 295.132 10149 -57.8863
-410.405 -6231.38 295.122 10149 -54.5336
-411.009 -6230.95 295.112 10149 -53.359
-411.575 -6230.53 295.103 10149 -53.6227
-412.135 -6230.12 295.094 10149 -53.4312
-412.677 -6229.71 295.085 10149 -51.9614
-413.173 -6229.33 295.077 10149 -52.849
-413.64 -6228.97 295.069 10149 -53.6271
-414.071 -6228.65 295.062 10149 -53.6271
-414.466 -6228.37 295.056 10149 -53.6271
-414.835 -6228.13 295.05 10149 -53.6271
-415.172 -6227.92 295.045 10149 -53.6271
-415.503 -6227.7 295.04 10149 -53.6271
-415.839 -6227.48 295.035 10149 -53.6271
-416.176 -6227.26 295.03 10149 -53.6271
-416.513 -6227.04 295.024 10149 -53.6271
-416.849 -6226.82 295.019 10149 -53.6271
-417.186 -6226.6 295.014 10149 -53.6271
-417.522 -6226.38 295.009 10149 -53.6271
-417.859 -6226.16 295.003 10149 -53.6271
-418.196 -6225.94 294.998 10149 -53.6271
-418.532 -6225.71 294.993 10149 -53.6271
-418.869 -6225.49 294.988 10149 -53.6271
-419.206 -6225.27 294.982 10149 -53.6271
-419.542 -6225.05 294.977 10149 -53.6271
-419.879 -6224.83 294.972 10149 -53.6271
-420.216 -6224.61 294.967 10149 -53.6271
-420.552 -6224.39 294.961 10149 -53.6271
-420.889 -6224.17 294.956 10149 -53.6271
-421.226 -6223.95 294.951 10149 -53.6271
-421.562 -6223.73 294.946 10149 -53.6271
-421.899 -6223.51 294.941 10149 -53.6271
-422.236 -6223.29 294.935 10149 -53.6271
-422.575 -6223.07 294.93 10149 -53.6271
-422.908 -6222.84 294.925 10149 -53.6271
-423.242 -6222.63 294.92 10149 -53.6271
-423.586 -6222.46 294.915 10149 -53.6271
-423.932 -6222.31 294.91 10149 -53.6271
-424.275 -6222.14 294.905 10149 -53.6271
-424.61 -6221.93 294.9 10149 -53.6271
-424.942 -6221.7 294.895 10149 -53.6271
-425.281 -6221.48 294.89 10149 -53.6271
-425.618 -6221.26 294.885 10149 -53.6271
-425.955 -6221.04 294.879 10149 -53.6271
-426.291 -6220.82 294.874 10149 -53.6271
-426.628 -6220.6 294.869 10149 -53.6271
-426.965 -6220.38 294.864 10149 -53.6271
-427.302 -6220.16 294.859 10149 -53.6271
-427.638 -6219.94 294.853 10149 -53.6271
-427.975 -6219.72 294.848 10149 -53.6271
-428.312 -6219.5 294.843 10149 -53.6271
-428.648 -6219.28 294.838 10149 -53.6271
-428.985 -6219.06 294.833 10149 -53.6271
-429.321 -6218.84 294.827 10149 -53.6271
-429.659 -6218.62 294.822 10149 -53.6271
-430.001 -6218.39 294.817 10149 -53.6271
-430.339 -6218.17 294.812 10149 -53.6271
-430.638 -6217.95 294.807 10149 -53.6271
-430.913 -6217.77 294.803 10149 0
