-763.901 -2917.01 393.908 350149 15.2927
-763.345 -2914.97 393.94 350149 15.2927
-762.788 -2912.94 393.973 350149 15.3099
-762.231 -2910.9 394.006 350149 15.4679
-761.669 -2908.87 394.037 350149 15.4679
-761.106 -2906.84 394.069 350149 15.4679
-760.544 -2904.81 394.101 350149 15.5988
-759.981 -2902.79 394.132 350149 15.6358
-759.417 -2900.77 394.163 350149 15.6358
-758.853 -2898.76 394.194 350149 15.8971
-758.28 -2896.75 394.216 360149 16.0507
-757.701 -2894.74 394.233 360149 16.0507
-757.123 -2892.73 394.25 360149 16.0535
-756.553 -2890.75 394.266 360149 16.0535
-755.984 -2888.77 394.283 360149 16.0535
-755.414 -2886.79 394.3 360149 16.0535
-754.844 -2884.81 394.316 360149 16.0535
-754.275 -2882.83 394.333 360149 16.0535
-753.705 -2880.85 394.35 360149 16.068
-753.139 -2878.88 394.366 360149 16.068
-752.572 -2876.92 394.383 360149 16.068
-752.006 -2874.95 394.399 360149 16.068
-751.44 -2872.98 394.416 360149 16.068
-750.874 -2871.02 394.433 360149 16.1613
-750.304 -2869.05 394.447 360149 16.9071
-749.706 -2867.09 394.449 360149 16.9071
-749.108 -2865.12 394.451 360149 16.9071
-748.51 -2863.15 394.452 360149 16.9071
-747.912 -2861.18 394.454 360149 16.9071
-747.314 -2859.22 394.456 360149 16.9071
-746.716 -2857.25 394.458 360149 16.9128
-746.107 -2855.25 394.46 360149 16.9128
-745.498 -2853.24 394.461 360149 16.9128
-744.888 -2851.24 394.463 360149 16.9128
-744.279 -2849.23 394.465 360149 16.9128
-743.67 -2847.23 394.467 360149 16.9128
-743.061 -2845.23 394.469 360149 16.8504
-742.445 -2843.19 394.471 360149 16.8504
-741.829 -2841.16 394.472 360149 17.3628
-741.195 -2839.13 394.463 360149 17.5216
-740.555 -2837.1 394.45 360149 17.5216
-739.915 -2835.08 394.437 360149 17.5216
-739.276 -2833.05 394.423 360149 17.4812
-738.632 -2831.01 394.41 360149 17.4812
-737.989 -2828.97 394.397 360149 17.4812
-737.345 -2826.92 394.384 360149 17.4812
-736.702 -2824.88 394.37 360149 17.4812
-736.059 -2822.84 394.357 360149 17.4812
-735.415 -2820.8 394.344 360149 17.4581
-734.763 -2818.72 394.33 360149 17.4581
-734.111 -2816.65 394.317 360149 17.4581
-733.459 -2814.57 394.304 360149 17.4581
-732.807 -2812.5 394.29 360149 18.0087
-732.135 -2810.43 394.265 360149 18.1356
-731.458 -2808.37 394.236 360149 18.0905
-730.776 -2806.28 394.207 360149 18.0905
-730.093 -2804.19 394.179 360149 18.0905
-729.41 -2802.1 394.15 360149 18.0905
-728.727 -2800.01 394.121 360149 18.0905
-728.044 -2797.92 394.093 360149 18.0905
-727.361 -2795.83 394.064 360149 18.0395
-726.677 -2793.73 394.035 360149 18.0395
-725.993 -2791.63 394.006 360149 18.0395
-725.309 -2789.53 393.977 360149 18.0395
-724.625 -2787.43 393.949 360149 18.0395
-723.941 -2785.33 393.92 360149 18.1719
-723.252 -2783.23 393.888 360149 18.7653
-722.545 -2781.14 393.845 360149 18.7653
-721.837 -2779.06 393.801 360149 18.7653
-721.129 -2776.98 393.758 360149 18.7653
-720.421 -2774.89 393.714 360149 18.7653
-719.713 -2772.81 393.671 360149 18.7653
-719.006 -2770.73 393.628 360149 18.7955
-718.303 -2768.66 393.585 360149 18.7955
-717.601 -2766.6 393.542 360149 18.7955
-716.899 -2764.54 393.499 360149 18.7955
-716.197 -2762.48 393.456 360149 18.7955
-715.495 -2760.41 393.413 360149 18.7955
-714.793 -2758.35 393.37 360149 18.7711
-714.095 -2756.3 393.327 360149 19.1108
-713.385 -2754.25 393.277 360149 19.4606
-712.662 -2752.2 393.22 360149 19.4606
-711.939 -2750.15 393.163 360149 19.4607
-711.216 -2748.11 393.106 360149 19.4607
-710.493 -2746.06 393.049 360149 19.7043
-709.765 -2744.03 392.993 360149 19.7043
-709.036 -2741.99 392.936 360149 19.7043
-708.308 -2739.96 392.88 360149 19.7043
-707.58 -2737.93 392.823 360149 19.7043
-706.852 -2735.89 392.766 360149 19.7043
-706.123 -2733.86 392.71 360149 19.9431
-705.392 -2731.85 392.653 360149 19.9431
-704.661 -2729.83 392.597 360149 19.9431
-703.93 -2727.82 392.541 360149 20.3609
-703.184 -2725.81 392.477 360149 20.6384
-702.429 -2723.8 392.407 360149 20.6384
-701.674 -2721.8 392.337 360149 20.7934
-700.915 -2719.8 392.268 360149 20.7934
-700.156 -2717.8 392.198 360149 20.7935
-699.398 -2715.8 392.129 360149 20.7935
-698.639 -2713.8 392.06 360149 20.7935
-697.88 -2711.81 391.99 360149 20.7935
-697.122 -2709.81 391.921 360148 20.5207
-696.372 -2707.81 391.851 360148 20.5207
-695.623 -2705.8 391.782 360148 20.5207
-694.873 -2703.8 391.712 360148 20.5207
-694.124 -2701.8 391.643 360148 20.5208
-693.375 -2699.8 391.573 360148 20.9164
-692.612 -2697.8 391.496 360148 21.0229
-691.839 -2695.79 391.413 360148 21.0229
-691.067 -2693.78 391.33 360148 21.0229
-690.294 -2691.77 391.247 360148 21.0229
-689.522 -2689.76 391.164 360148 21.0229
-688.75 -2687.75 391.081 360148 21.0229
-687.977 -2685.74 390.997 360148 20.6744
-687.213 -2683.72 390.914 360148 20.6744
-686.449 -2681.69 390.83 360148 20.6744
-685.685 -2679.67 390.747 360148 20.6744
-684.92 -2677.64 390.663 360148 20.6744
-684.156 -2675.62 390.58 360148 20.6744
-683.392 -2673.59 390.496 360148 20.7509
-682.626 -2671.57 390.412 360148 21.2065
-681.843 -2669.55 390.321 360148 21.4568
-681.052 -2667.54 390.224 360148 21.4568
-680.261 -2665.53 390.128 360148 21.4568
-679.47 -2663.52 390.032 360148 21.4568
-678.679 -2661.5 389.936 360148 21.4582
-677.887 -2659.49 389.839 360148 21.4582
-677.094 -2657.47 389.743 360148 21.4582
-676.302 -2655.45 389.646 360148 21.4582
-675.509 -2653.44 389.55 360148 21.4582
-674.717 -2651.42 389.454 360148 21.4582
-673.924 -2649.41 389.357 360148 21.4568
-673.131 -2647.39 389.261 360148 21.4568
-672.338 -2645.37 389.164 360148 21.4568
-671.545 -2643.35 389.068 360148 21.9947
-670.733 -2641.34 388.962 360148 22.1676
-669.915 -2639.33 388.853 360148 22.1676
-669.097 -2637.33 388.744 360148 22.1691
-668.279 -2635.32 388.635 360148 22.1691
-667.461 -2633.31 388.527 360148 22.1691
-666.643 -2631.3 388.418 360148 22.1691
-665.825 -2629.3 388.309 360148 22.1691
-665.007 -2627.29 388.2 360148 22.1691
-664.189 -2625.28 388.091 360148 22.1617
-663.372 -2623.27 387.982 360148 22.1617
-662.554 -2621.27 387.874 360148 22.1617
-661.737 -2619.26 387.765 360148 22.1617
-660.919 -2617.25 387.656 360148 22.1617
-660.102 -2615.25 387.547 360148 22.9682
-659.255 -2613.25 387.436 370148 22.8691
-658.414 -2611.25 387.324 370148 22.8691
-657.572 -2609.26 387.211 370148 22.8691
-656.73 -2607.26 387.098 370148 22.8691
-655.889 -2605.27 386.986 370148 22.8691
-655.047 -2603.27 386.873 370148 22.8691
-654.206 -2601.28 386.76 370148 22.8691
-653.364 -2599.28 386.648 370148 22.8691
-652.523 -2597.29 386.535 370148 22.8691
-651.682 -2595.29 386.422 370148 22.8691
-650.84 -2593.3 386.31 370148 22.8691
-649.999 -2591.3 386.197 370148 22.8691
-649.158 -2589.31 386.084 370148 22.8691
-5297.87 0 0 0 22.8691
-5297.87 0 0 0 22.8691
-5297.87 0 0 0 22.8691
-5297.87 0 0 0 22.8691
-5297.87 0 0 0 22.8691
-5308.22 0 0 0 22.8691
-5308.22 0 0 0 22.8691
-5308.22 0 0 0 22.8691
-5308.22 0 0 0 22.8691
-5308.22 0 0 0 22.8691
-5308.22 0 0 0 22.8691
-5318.6 0 0 0 22.8691
-5318.6 0 0 0 22.8691
-5318.6 0 0 0 22.8691
-5318.6 0 0 0 22.8691
-5318.6 0 0 0 22.8691
-5318.6 0 0 0 22.8691
-5329 0 0 0 22.8691
-5329 0 0 0 22.8691
-5329 0 0 0 22.8691
-5329 0 0 0 22.8691
-5329 0 0 0 22.8691
-5329 0 0 0 22.8691
-5339.42 0 0 0 22.8691
-5339.42 0 0 0 22.8691
-5339.42 0 0 0 22.8691
-5339.42 0 0 0 22.8691
-5339.42 0 0 0 22.8691
-5339.42 0 0 0 22.8691
-5298.67 0 0 0 22.8691
-5298.67 0 0 0 22.8691
-5298.67 0 0 0 22.8691
-5298.67 0 0 0 22.8691
-5298.67 0 0 0 22.8691
-5298.67 0 0 0 22.8691
-5308.96 0 0 0 22.8691
-5308.96 0 0 0 22.8691
-5308.96 0 0 0 22.8691
-5308.96 0 0 0 22.8691
-5308.96 0 0 0 22.8691
-5308.96 0 0 0 22.8691
-5319.28 0 0 0 22.8691
-5319.28 0 0 0 22.8691
-5319.28 0 0 0 22.8691
-5319.28 0 0 0 22.8691
-5319.28 0 0 0 22.8691
-5319.28 0 0 0 22.8691
-5329.63 0 0 0 22.8691
-5329.63 0 0 0 22.8691
-5329.63 0 0 0 22.8691
-5329.63 0 0 0 22.8691
-5329.63 0 0 0 22.8691
-5329.63 0 0 0 22.8691
-5339.98 0 0 0 22.8691
-5339.98 0 0 0 22.8691
-5339.98 0 0 0 22.8691
-5339.98 0 0 0 22.8691
-5339.98 0 0 0 22.8691
-5339.98 0 0 0 22.8691
-5111.23 0 0 0 22.8691
-5111.23 0 0 0 22.8691
-5111.23 0 0 0 22.8691
-5111.23 0 0 0 22.8691
-5111.23 0 0 0 22.8691
-5111.23 0 0 0 22.8691
-5153.21 0 0 0 22.8691
-5153.21 0 0 0 22.8691
-5153.21 0 0 0 22.8691
-5153.21 0 0 0 22.8691
-5153.21 0 0 0 22.8691
-5153.21 0 0 0 22.8691
-5195.3 0 0 0 22.8691
-5195.3 0 0 0 22.8691
-5195.3 0 0 0 22.8691
-5195.3 0 0 0 22.8691
-5195.3 0 0 0 22.8691
-5195.3 0 0 0 22.8691
-5237.71 0 0 0 22.8691
-5237.71 0 0 0 22.8691
-5237.71 0 0 0 22.8691
-5237.71 0 0 0 22.8691
-5237.71 0 0 0 22.8691
-5237.71 0 0 0 22.8691
-5280.6 0 0 0 22.8691
-5280.6 0 0 0 22.8691
-5280.6 0 0 0 22.8691
-5280.6 0 0 0 22.8691
-5280.6 0 0 0 22.8691
-5280.6 0 0 0 22.8691
-5112.36 0 0 0 22.8691
-5112.36 0 0 0 22.8691
-5112.36 0 0 0 22.8691
-5112.36 0 0 0 22.8691
-5112.36 0 0 0 22.8691
-5112.36 0 0 0 22.8691
-5154.26 0 0 0 22.8691
-5154.26 0 0 0 22.8691
-5154.26 0 0 0 22.8691
-5154.26 0 0 0 22.8691
-5154.26 0 0 0 22.8691
-5154.26 0 0 0 22.8691
-5196.27 0 0 0 22.8691
-5196.27 0 0 0 22.8691
-5196.27 0 0 0 22.8691
-5196.27 0 0 0 22.8691
-5196.27 0 0 0 22.8691
-5196.27 0 0 0 22.8691
-5238.6 0 0 0 22.8691
-5238.6 0 0 0 22.8691
-5238.6 0 0 0 22.8691
-5238.6 0 0 0 22.8691
-5238.6 0 0 0 22.8691
-5238.6 0 0 0 22.8691
-5281.4 0 0 0 22.8691
-5281.4 0 0 0 22.8691
-5281.4 0 0 0 22.8691
-5281.4 0 0 0 22.8691
-5281.4 0 0 0 22.8691
-5281.4 0 0 0 22.8691
-5027.02 0 0 0 22.8691
-5027.02 0 0 0 22.8691
-5027.02 0 0 0 22.8691
-5027.02 0 0 0 22.8691
-5027.02 0 0 0 22.8691
-5027.02 0 0 0 22.8691
-5039.51 0 0 0 22.8691
-5039.51 0 0 0 22.8691
-5039.51 0 0 0 22.8691
-5039.51 0 0 0 22.8691
-5039.51 0 0 0 22.8691
-5039.51 0 0 0 22.8691
-5052.01 0 0 0 22.8691
-5052.01 0 0 0 22.8691
-5052.01 0 0 0 22.8691
-5052.01 0 0 0 22.8691
-5052.01 0 0 0 22.8691
-5052.01 0 0 0 22.8691
-5064.51 0 0 0 22.8691
-5064.51 0 0 0 22.8691
-5064.51 0 0 0 22.8691
-5064.51 0 0 0 22.8691
-5064.51 0 0 0 22.8691
-5064.51 0 0 0 22.8691
-5077.01 0 0 0 22.8691
-5077.01 0 0 0 22.8691
-5077.01 0 0 0 22.8691
-5077.01 0 0 0 22.8691
-5077.01 0 0 0 22.8691
-5077.01 0 0 0 22.8691
-5028.24 0 0 0 22.8691
-5028.24 0 0 0 22.8691
-5028.24 0 0 0 22.8691
-5028.24 0 0 0 22.8691
-5028.24 0 0 0 22.8691
-5028.24 0 0 0 22.8691
-5040.73 0 0 0 22.8691
-5040.73 0 0 0 22.8691
-5040.73 0 0 0 22.8691
-5040.73 0 0 0 22.8691
-5040.73 0 0 0 22.8691
-5040.73 0 0 0 22.8691
-5053.22 0 0 0 22.8691
-5053.22 0 0 0 22.8691
-5053.22 0 0 0 22.8691
-5053.22 0 0 0 22.8691
-5053.22 0 0 0 22.8691
-5053.22 0 0 0 22.8691
-5065.72 0 0 0 22.8691
-5065.72 0 0 0 22.8691
-5065.72 0 0 0 22.8691
-5065.72 0 0 0 22.8691
-5065.72 0 0 0 22.8691
-5065.72 0 0 0 22.8691
-5078.21 0 0 0 22.8691
-5078.21 0 0 0 22.8691
-5078.21 0 0 0 22.8691
-5078.21 0 0 0 22.8691
-5078.21 0 0 0 22.8691
-5078.21 0 0 0 22.8691
-4869.09 0 0 0 22.8691
-4869.09 0 0 0 22.8691
-4869.09 0 0 0 22.8691
-4869.09 0 0 0 22.8691
-4869.09 0 0 0 22.8691
-4869.09 0 0 0 22.8691
-4904.5 0 0 0 22.8691
-4904.5 0 0 0 22.8691
-4904.5 0 0 0 22.8691
-4904.5 0 0 0 22.8691
-4904.5 0 0 0 22.8691
-4904.5 0 0 0 22.8691
-4939.75 0 0 0 22.8691
-4939.75 0 0 0 22.8691
-4939.75 0 0 0 22.8691
-4939.75 0 0 0 22.8691
-4939.75 0 0 0 22.8691
-4939.75 0 0 0 22.8691
-4974.83 0 0 0 22.8691
-4974.83 0 0 0 22.8691
-4974.83 0 0 0 22.8691
-4974.83 0 0 0 22.8691
-4974.83 0 0 0 22.8691
-4974.83 0 0 0 22.8691
-5009.73 0 0 0 22.8691
-5009.73 0 0 0 22.8691
-5009.73 0 0 0 22.8691
-5009.73 0 0 0 22.8691
-5009.73 0 0 0 22.8691
-5009.73 0 0 0 22.8691
-4869.99 0 0 0 22.8691
-4869.99 0 0 0 22.8691
-4869.99 0 0 0 22.8691
-4869.99 0 0 0 22.8691
-4869.99 0 0 0 22.8691
-4869.99 0 0 0 22.8691
-4905.47 0 0 0 22.8691
-4905.47 0 0 0 22.8691
-4905.47 0 0 0 22.8691
-4905.47 0 0 0 22.8691
-4905.47 0 0 0 22.8691
-4905.47 0 0 0 22.8691
-4940.79 0 0 0 22.8691
-4940.79 0 0 0 22.8691
-4940.79 0 0 0 22.8691
-4940.79 0 0 0 22.8691
-4940.79 0 0 0 22.8691
-4940.79 0 0 0 22.8691
-4975.94 0 0 0 22.8691
-4975.94 0 0 0 22.8691
-4975.94 0 0 0 22.8691
-4975.94 0 0 0 22.8691
-4975.94 0 0 0 22.8691
-4975.94 0 0 0 22.8691
-5010.91 0 0 0 22.8691
-5010.91 0 0 0 22.8691
-5010.91 0 0 0 22.8691
-5010.91 0 0 0 22.8691
-5010.91 0 0 0 22.8691
-5010.91 0 0 0 22.8691
-4605.92 0 0 0 22.8691
-4605.92 0 0 0 22.8691
-4605.92 0 0 0 22.8691
-4605.92 0 0 0 22.8691
-4605.92 0 0 0 22.8691
-4605.92 0 0 0 22.8691
-4662.27 0 0 0 22.8691
-4662.27 0 0 0 22.8691
-4662.27 0 0 0 22.8691
-4662.27 0 0 0 22.8691
-4662.27 0 0 0 22.8691
-4662.27 0 0 0 22.8691
-4718.44 0 0 0 22.8691
-4718.44 0 0 0 22.8691
-4718.44 0 0 0 22.8691
-4718.44 0 0 0 22.8691
-4718.44 0 0 0 22.8691
-4718.44 0 0 0 22.8691
-4774.37 0 0 0 22.8691
-4774.37 0 0 0 22.8691
-4774.37 0 0 0 22.8691
-4774.37 0 0 0 22.8691
-4774.37 0 0 0 22.8691
-4774.37 0 0 0 22.8691
-4830.01 0 0 0 22.8691
-4830.01 0 0 0 22.8691
-4830.01 0 0 0 22.8691
-4830.01 0 0 0 22.8691
-4830.01 0 0 0 22.8691
-4830.01 0 0 0 22.8691
-4606.29 0 0 0 22.8691
-4606.29 0 0 0 22.8691
-4606.29 0 0 0 22.8691
-4606.29 0 0 0 22.8691
-4606.29 0 0 0 22.8691
-4606.29 0 0 0 22.8691
-4662.76 0 0 0 22.8691
-4662.76 0 0 0 22.8691
-4662.76 0 0 0 22.8691
-4662.76 0 0 0 22.8691
-4662.76 0 0 0 22.8691
-4662.76 0 0 0 22.8691
-4719.04 0 0 0 22.8691
-4719.04 0 0 0 22.8691
-4719.04 0 0 0 22.8691
-4719.04 0 0 0 22.8691
-4719.04 0 0 0 22.8691
-4719.04 0 0 0 22.8691
-4775.09 0 0 0 22.8691
-4775.09 0 0 0 22.8691
-4775.09 0 0 0 22.8691
-4775.09 0 0 0 22.8691
-4775.09 0 0 0 22.8691
-4775.09 0 0 0 22.8691
-4830.84 0 0 0 22.8691
-4830.84 0 0 0 22.8691
-4830.84 0 0 0 22.8691
-4830.84 0 0 0 22.8691
-4830.84 0 0 0 22.8691
-4830.84 0 0 0 22.8691
-4435.64 0 0 0 22.8691
-4435.64 0 0 0 22.8691
-4435.64 0 0 0 22.8691
-4435.64 0 0 0 22.8691
-4435.64 0 0 0 22.8691
-4435.64 0 0 0 22.8691
-4465.88 0 0 0 22.8691
-4465.88 0 0 0 22.8691
-4465.88 0 0 0 22.8691
-4465.88 0 0 0 22.8691
-4465.88 0 0 0 22.8691
-4465.88 0 0 0 22.8691
-4496.12 0 0 0 22.8691
-4496.12 0 0 0 22.8691
-4496.12 0 0 0 22.8691
-4496.12 0 0 0 22.8691
-4496.12 0 0 0 22.8691
-4496.12 0 0 0 22.8691
-4526.34 0 0 0 22.8691
-4526.34 0 0 0 22.8691
-4526.34 0 0 0 22.8691
-4526.34 0 0 0 22.8691
-4526.34 0 0 0 22.8691
-4526.34 0 0 0 22.8691
-4556.54 0 0 0 22.8691
-4556.54 0 0 0 22.8691
-4556.54 0 0 0 22.8691
-4556.54 0 0 0 22.8691
-4556.54 0 0 0 22.8691
-4556.54 0 0 0 22.8691
-4435.77 0 0 0 22.8691
-4435.77 0 0 0 22.8691
-4435.77 0 0 0 22.8691
-4435.77 0 0 0 22.8691
-4435.77 0 0 0 22.8691
-4435.77 0 0 0 22.8691
-4466.05 0 0 0 22.8691
-4466.05 0 0 0 22.8691
-4466.05 0 0 0 22.8691
-4466.05 0 0 0 22.8691
-4466.05 0 0 0 22.8691
-4466.05 0 0 0 22.8691
-4496.33 0 0 0 22.8691
-4496.33 0 0 0 22.8691
-4496.33 0 0 0 22.8691
-4496.33 0 0 0 22.8691
-4496.33 0 0 0 22.8691
-4496.33 0 0 0 22.8691
-4526.59 0 0 0 22.8691
-4526.59 0 0 0 22.8691
-4526.59 0 0 0 22.8691
-4526.59 0 0 0 22.8691
-4526.59 0 0 0 22.8691
-4526.59 0 0 0 22.8691
-4556.83 0 0 0 22.8691
-4556.83 0 0 0 22.8691
-4556.83 0 0 0 22.8691
-4556.83 0 0 0 22.8691
-4556.83 0 0 0 22.8691
-4556.83 0 0 0 22.8691
-4312.46 0 0 0 22.8691
-4312.46 0 0 0 22.8691
-4312.46 0 0 0 22.8691
-4312.46 0 0 0 22.8691
-4312.46 0 0 0 22.8691
-4312.46 0 0 0 22.8691
-4336.22 0 0 0 22.8691
-4336.22 0 0 0 22.8691
-4336.22 0 0 0 22.8691
-4336.22 0 0 0 22.8691
-4336.22 0 0 0 22.8691
-4336.22 0 0 0 22.8691
-4359.98 0 0 0 22.8691
-4359.98 0 0 0 22.8691
-4359.98 0 0 0 22.8691
-4359.98 0 0 0 22.8691
-4359.98 0 0 0 22.8691
-4359.98 0 0 0 22.8691
-4383.74 0 0 0 22.8691
-4383.74 0 0 0 22.8691
-4383.74 0 0 0 22.8691
-4383.74 0 0 0 22.8691
-4383.74 0 0 0 22.8691
-4383.74 0 0 0 22.8691
-4407.51 0 0 0 22.8691
-4407.51 0 0 0 22.8691
-4407.51 0 0 0 22.8691
-4407.51 0 0 0 22.8691
-4407.51 0 0 0 22.8691
-4407.51 0 0 0 22.8691
-4312.57 0 0 0 22.8691
-4312.57 0 0 0 22.8691
-4312.57 0 0 0 22.8691
-4312.57 0 0 0 22.8691
-4312.57 0 0 0 22.8691
-4312.57 0 0 0 22.8691
-4336.33 0 0 0 22.8691
-4336.33 0 0 0 22.8691
-4336.33 0 0 0 22.8691
-4336.33 0 0 0 22.8691
-4336.33 0 0 0 22.8691
-4336.33 0 0 0 22.8691
-4360.09 0 0 0 22.8691
-4360.09 0 0 0 22.8691
-4360.09 0 0 0 22.8691
-4360.09 0 0 0 22.8691
-4360.09 0 0 0 22.8691
-4360.09 0 0 0 22.8691
-4383.85 0 0 0 22.8691
-4383.85 0 0 0 22.8691
-4383.85 0 0 0 22.8691
-4383.85 0 0 0 22.8691
-4383.85 0 0 0 22.8691
-4383.85 0 0 0 22.8691
-4407.61 0 0 0 22.8691
-4407.61 0 0 0 22.8691
-4407.61 0 0 0 22.8691
-4407.61 0 0 0 22.8691
-4407.61 0 0 0 22.8691
-4407.61 0 0 0 22.8691
-4290.91 0 0 0 22.8691
-4290.91 0 0 0 22.8691
-4290.91 0 0 0 22.8691
-4290.91 0 0 0 22.8691
-4290.91 0 0 0 22.8691
-4290.91 0 0 0 22.8691
-4291.92 0 0 0 22.8691
-4291.92 0 0 0 22.8691
-4291.92 0 0 0 22.8691
-4291.92 0 0 0 22.8691
-4291.92 0 0 0 22.8691
-4291.92 0 0 0 22.8691
-4292.93 0 0 0 22.8691
-4292.93 0 0 0 22.8691
-4292.93 0 0 0 22.8691
-4292.93 0 0 0 22.8691
-4292.93 0 0 0 22.8691
-4292.93 0 0 0 22.8691
-4293.93 0 0 0 22.8691
-4293.93 0 0 0 22.8691
-4293.93 0 0 0 22.8691
-4293.93 0 0 0 22.8691
-4293.93 0 0 0 22.8691
-4293.93 0 0 0 22.8691
-4294.94 0 0 0 22.8691
-4294.94 0 0 0 22.8691
-4294.94 0 0 0 22.8691
-4294.94 0 0 0 22.8691
-4294.94 0 0 0 22.8691
-4294.94 0 0 0 22.8691
-4290.99 0 0 0 22.8691
-4290.99 0 0 0 22.8691
-4290.99 0 0 0 22.8691
-4290.99 0 0 0 22.8691
-4290.99 0 0 0 22.8691
-4290.99 0 0 0 22.8691
-4292 0 0 0 22.8691
-4292 0 0 0 22.8691
-4292 0 0 0 22.8691
-4292 0 0 0 22.8691
-4292 0 0 0 22.8691
-4292 0 0 0 22.8691
-4293 0 0 0 22.8691
-4293 0 0 0 22.8691
-4293 0 0 0 22.8691
-4293 0 0 0 22.8691
-4293 0 0 0 22.8691
-4293 0 0 0 22.8691
-4294.01 0 0 0 22.8691
-4294.01 0 0 0 22.8691
-4294.01 0 0 0 22.8691
-4294.01 0 0 0 22.8691
-4294.01 0 0 0 22.8691
-4294.01 0 0 0 22.8691
-4295.02 0 0 0 22.8691
-4295.02 0 0 0 22.8691
-4295.02 0 0 0 22.8691
-4295.02 0 0 0 22.8691
-4295.02 0 0 0 22.8691
-4295.02 0 0 0 22.8691
-4230.44 0 0 0 22.8691
-4230.44 0 0 0 22.8691
-4230.44 0 0 0 22.8691
-4230.44 0 0 0 22.8691
-4230.44 0 0 0 22.8691
-4230.44 0 0 0 22.8691
-4244.59 0 0 0 22.8691
-4244.59 0 0 0 22.8691
-4244.59 0 0 0 22.8691
-4244.59 0 0 0 22.8691
-4244.59 0 0 0 22.8691
-4244.59 0 0 0 22.8691
-4258.75 0 0 0 22.8691
-4258.75 0 0 0 22.8691
-4258.75 0 0 0 22.8691
-4258.75 0 0 0 22.8691
-4258.75 0 0 0 22.8691
-4258.75 0 0 0 22.8691
-4272.91 0 0 0 22.8691
-4272.91 0 0 0 22.8691
-4272.91 0 0 0 22.8691
-4272.91 0 0 0 22.8691
-4272.91 0 0 0 22.8691
-4272.91 0 0 0 22.8691
-4287.06 0 0 0 22.8691
-4287.06 0 0 0 22.8691
-4287.06 0 0 0 22.8691
-4287.06 0 0 0 22.8691
-4287.06 0 0 0 22.8691
-4287.06 0 0 0 22.8691
-4230.54 0 0 0 22.8691
-4230.54 0 0 0 22.8691
-4230.54 0 0 0 22.8691
-4230.54 0 0 0 22.8691
-4230.54 0 0 0 22.8691
-4230.54 0 0 0 22.8691
-4244.7 0 0 0 22.8691
-4244.7 0 0 0 22.8691
-4244.7 0 0 0 22.8691
-4244.7 0 0 0 22.8691
-4244.7 0 0 0 22.8691
-4244.7 0 0 0 22.8691
-4258.86 0 0 0 22.8691
-4258.86 0 0 0 22.8691
-4258.86 0 0 0 22.8691
-4258.86 0 0 0 22.8691
-4258.86 0 0 0 22.8691
-4258.86 0 0 0 22.8691
-4273.02 0 0 0 22.8691
-4273.02 0 0 0 22.8691
-4273.02 0 0 0 22.8691
-4273.02 0 0 0 22.8691
-4273.02 0 0 0 22.8691
-4273.02 0 0 0 22.8691
-4287.18 0 0 0 22.8691
-4287.18 0 0 0 22.8691
-4287.18 0 0 0 22.8691
-4287.18 0 0 0 22.8691
-4287.18 0 0 0 22.8691
-4287.18 0 0 0 22.8691
-4190.17 0 0 0 22.8691
-4190.17 0 0 0 22.8691
-4190.17 0 0 0 22.8691
-4190.17 0 0 0 22.8691
-4190.17 0 0 0 22.8691
-4190.17 0 0 0 22.8691
-4197.27 0 0 0 22.8691
-4197.27 0 0 0 22.8691
-4197.27 0 0 0 22.8691
-4197.27 0 0 0 22.8691
-4197.27 0 0 0 22.8691
-4197.27 0 0 0 22.8691
-4204.37 0 0 0 22.8691
-4204.37 0 0 0 22.8691
-4204.37 0 0 0 22.8691
-4204.37 0 0 0 22.8691
-4204.37 0 0 0 22.8691
-4204.37 0 0 0 22.8691
-4211.47 0 0 0 22.8691
-4211.47 0 0 0 22.8691
-4211.47 0 0 0 22.8691
-4211.47 0 0 0 22.8691
-4211.47 0 0 0 22.8691
-4211.47 0 0 0 22.8691
-4218.57 0 0 0 22.8691
-4218.57 0 0 0 22.8691
-4218.57 0 0 0 22.8691
-4218.57 0 0 0 22.8691
-4218.57 0 0 0 22.8691
-4218.57 0 0 0 22.8691
-4190.27 0 0 0 22.8691
-4190.27 0 0 0 22.8691
-4190.27 0 0 0 22.8691
-4190.27 0 0 0 22.8691
-4190.27 0 0 0 22.8691
-4190.27 0 0 0 22.8691
-4197.36 0 0 0 22.8691
-4197.36 0 0 0 22.8691
-4197.36 0 0 0 22.8691
-4197.36 0 0 0 22.8691
-4197.36 0 0 0 22.8691
-4197.36 0 0 0 22.8691
-4204.46 0 0 0 22.8691
-4204.46 0 0 0 22.8691
-4204.46 0 0 0 22.8691
-4204.46 0 0 0 22.8691
-4204.46 0 0 0 22.8691
-4204.46 0 0 0 22.8691
-4211.56 0 0 0 22.8691
-4211.56 0 0 0 22.8691
-4211.56 0 0 0 22.8691
-4211.56 0 0 0 22.8691
-4211.56 0 0 0 22.8691
-4211.56 0 0 0 22.8691
-4218.66 0 0 0 22.8691
-4218.66 0 0 0 22.8691
-4218.66 0 0 0 22.8691
-4218.66 0 0 0 22.8691
-4218.66 0 0 0 22.8691
-4218.66 0 0 0 22.8691
-4158.58 0 0 0 22.8691
-4158.58 0 0 0 22.8691
-4158.58 0 0 0 22.8691
-4158.58 0 0 0 22.8691
-4158.58 0 0 0 22.8691
-4158.58 0 0 0 22.8691
-4164.89 0 0 0 22.8691
-4164.89 0 0 0 22.8691
-4164.89 0 0 0 22.8691
-4164.89 0 0 0 22.8691
-4164.89 0 0 0 22.8691
-4164.89 0 0 0 22.8691
-4171.2 0 0 0 22.8691
-4171.2 0 0 0 22.8691
-4171.2 0 0 0 22.8691
-4171.2 0 0 0 22.8691
-4171.2 0 0 0 22.8691
-4171.2 0 0 0 22.8691
-4177.51 0 0 0 22.8691
-4177.51 0 0 0 22.8691
-4177.51 0 0 0 22.8691
-4177.51 0 0 0 22.8691
-4177.51 0 0 0 22.8691
-4177.51 0 0 0 22.8691
-4183.82 0 0 0 22.8691
-4183.82 0 0 0 22.8691
-4183.82 0 0 0 22.8691
-4183.82 0 0 0 22.8691
-4183.82 0 0 0 22.8691
-4183.82 0 0 0 22.8691
-4158.67 0 0 0 22.8691
-4158.67 0 0 0 22.8691
-4158.67 0 0 0 22.8691
-4158.67 0 0 0 22.8691
-4158.67 0 0 0 22.8691
-4158.67 0 0 0 22.8691
-4164.97 0 0 0 22.8691
-4164.97 0 0 0 22.8691
-4164.97 0 0 0 22.8691
-4164.97 0 0 0 22.8691
-4164.97 0 0 0 22.8691
-4164.97 0 0 0 22.8691
-4171.28 0 0 0 22.8691
-4171.28 0 0 0 22.8691
-4171.28 0 0 0 22.8691
-4171.28 0 0 0 22.8691
-4171.28 0 0 0 22.8691
-4171.28 0 0 0 22.8691
-4177.58 0 0 0 22.8691
-4177.58 0 0 0 22.8691
-4177.58 0 0 0 22.8691
-4177.58 0 0 0 22.8691
-4177.58 0 0 0 22.8691
-4177.58 0 0 0 22.8691
-4183.88 0 0 0 22.8691
-4183.88 0 0 0 22.8691
-4183.88 0 0 0 22.8691
-4183.88 0 0 0 22.8691
-4183.88 0 0 0 22.8691
-4183.88 0 0 0 22.8691
-4122.49 0 0 0 22.8691
-4122.49 0 0 0 22.8691
-4122.49 0 0 0 22.8691
-4122.49 0 0 0 22.8691
-4122.49 0 0 0 22.8691
-4122.49 0 0 0 22.8691
-4129.98 0 0 0 22.8691
-4129.98 0 0 0 22.8691
-4129.98 0 0 0 22.8691
-4129.98 0 0 0 22.8691
-4129.98 0 0 0 22.8691
-4129.98 0 0 0 22.8691
-4137.48 0 0 0 22.8691
-4137.48 0 0 0 22.8691
-4137.48 0 0 0 22.8691
-4137.48 0 0 0 22.8691
-4137.48 0 0 0 22.8691
-4137.48 0 0 0 22.8691
-4144.97 0 0 0 22.8691
-4144.97 0 0 0 22.8691
-4144.97 0 0 0 22.8691
-4144.97 0 0 0 22.8691
-4144.97 0 0 0 22.8691
-4144.97 0 0 0 22.8691
-4152.46 0 0 0 22.8691
-4152.46 0 0 0 22.8691
-4152.46 0 0 0 22.8691
-4152.46 0 0 0 22.8691
-4152.46 0 0 0 22.8691
-4152.46 0 0 0 22.8691
-4122.58 0 0 0 22.8691
-4122.58 0 0 0 22.8691
-4122.58 0 0 0 22.8691
-4122.58 0 0 0 22.8691
-4122.58 0 0 0 22.8691
-4122.58 0 0 0 22.8691
-4130.08 0 0 0 22.8691
-4130.08 0 0 0 22.8691
-4130.08 0 0 0 22.8691
-4130.08 0 0 0 22.8691
-4130.08 0 0 0 22.8691
-4130.08 0 0 0 22.8691
-4137.57 0 0 0 22.8691
-4137.57 0 0 0 22.8691
-4137.57 0 0 0 22.8691
-4137.57 0 0 0 22.8691
-4137.57 0 0 0 22.8691
-4137.57 0 0 0 22.8691
-4145.07 0 0 0 22.8691
-4145.07 0 0 0 22.8691
-4145.07 0 0 0 22.8691
-4145.07 0 0 0 22.8691
-4145.07 0 0 0 22.8691
-4145.07 0 0 0 22.8691
-4152.57 0 0 0 22.8691
-4152.57 0 0 0 22.8691
-4152.57 0 0 0 22.8691
-4152.57 0 0 0 22.8691
-4152.57 0 0 0 22.8691
-4152.57 0 0 0 22.8691
-4029.4 0 0 0 22.8691
-4029.4 0 0 0 22.8691
-4029.4 0 0 0 22.8691
-4029.4 0 0 0 22.8691
-4029.4 0 0 0 22.8691
-4029.4 0 0 0 22.8691
-4050.09 0 0 0 22.8691
-4050.09 0 0 0 22.8691
-4050.09 0 0 0 22.8691
-4050.09 0 0 0 22.8691
-4050.09 0 0 0 22.8691
-4050.09 0 0 0 22.8691
-4070.79 0 0 0 22.8691
-4070.79 0 0 0 22.8691
-4070.79 0 0 0 22.8691
-4070.79 0 0 0 22.8691
-4070.79 0 0 0 22.8691
-4070.79 0 0 0 22.8691
-4091.49 0 0 0 22.8691
-4091.49 0 0 0 22.8691
-4091.49 0 0 0 22.8691
-4091.49 0 0 0 22.8691
-4091.49 0 0 0 22.8691
-4091.49 0 0 0 22.8691
-4112.19 0 0 0 22.8691
-4112.19 0 0 0 22.8691
-4112.19 0 0 0 22.8691
-4112.19 0 0 0 22.8691
-4112.19 0 0 0 22.8691
-4112.19 0 0 0 22.8691
-4029.5 0 0 0 22.8691
-4029.5 0 0 0 22.8691
-4029.5 0 0 0 22.8691
-4029.5 0 0 0 22.8691
-4029.5 0 0 0 22.8691
-4029.5 0 0 0 22.8691
-4050.2 0 0 0 22.8691
-4050.2 0 0 0 22.8691
-4050.2 0 0 0 22.8691
-4050.2 0 0 0 22.8691
-4050.2 0 0 0 22.8691
-4050.2 0 0 0 22.8691
-4070.89 0 0 0 22.8691
-4070.89 0 0 0 22.8691
-4070.89 0 0 0 22.8691
-4070.89 0 0 0 22.8691
-4070.89 0 0 0 22.8691
-4070.89 0 0 0 22.8691
-4091.59 0 0 0 22.8691
-4091.59 0 0 0 22.8691
-4091.59 0 0 0 22.8691
-4091.59 0 0 0 22.8691
-4091.59 0 0 0 22.8691
-4091.59 0 0 0 22.8691
-4112.29 0 0 0 22.8691
-4112.29 0 0 0 22.8691
-4112.29 0 0 0 22.8691
-4112.29 0 0 0 22.8691
-4112.29 0 0 0 22.8691
-4112.29 0 0 0 22.8691
-3875.06 0 0 0 22.8691
-3875.06 0 0 0 22.8691
-3875.06 0 0 0 22.8691
-3875.06 0 0 0 22.8691
-3875.06 0 0 0 22.8691
-3875.06 0 0 0 22.8691
-3907.84 0 0 0 22.8691
-3907.84 0 0 0 22.8691
-3907.84 0 0 0 22.8691
-3907.84 0 0 0 22.8691
-3907.84 0 0 0 22.8691
-3907.84 0 0 0 22.8691
-3940.63 0 0 0 22.8691
-3940.63 0 0 0 22.8691
-3940.63 0 0 0 22.8691
-3940.63 0 0 0 22.8691
-3940.63 0 0 0 22.8691
-3940.63 0 0 0 22.8691
-3973.42 0 0 0 22.8691
-3973.42 0 0 0 22.8691
-3973.42 0 0 0 22.8691
-3973.42 0 0 0 22.8691
-3973.42 0 0 0 22.8691
-3973.42 0 0 0 22.8691
-4006.21 0 0 0 22.8691
-4006.21 0 0 0 22.8691
-4006.21 0 0 0 22.8691
-4006.21 0 0 0 22.8691
-4006.21 0 0 0 22.8691
-4006.21 0 0 0 22.8691
-3875.15 0 0 0 22.8691
-3875.15 0 0 0 22.8691
-3875.15 0 0 0 22.8691
-3875.15 0 0 0 22.8691
-3875.15 0 0 0 22.8691
-3875.15 0 0 0 22.8691
-3907.94 0 0 0 22.8691
-3907.94 0 0 0 22.8691
-3907.94 0 0 0 22.8691
-3907.94 0 0 0 22.8691
-3907.94 0 0 0 22.8691
-3907.94 0 0 0 22.8691
-3940.72 0 0 0 22.8691
-3940.72 0 0 0 22.8691
-3940.72 0 0 0 22.8691
-3940.72 0 0 0 22.8691
-3940.72 0 0 0 22.8691
-3940.72 0 0 0 22.8691
-3973.51 0 0 0 22.8691
-3973.51 0 0 0 22.8691
-3973.51 0 0 0 22.8691
-3973.51 0 0 0 22.8691
-3973.51 0 0 0 22.8691
-3973.51 0 0 0 22.8691
-4006.3 0 0 0 22.8691
-4006.3 0 0 0 22.8691
-4006.3 0 0 0 22.8691
-4006.3 0 0 0 22.8691
-4006.3 0 0 0 22.8691
-4006.3 0 0 0 22.8691
-3631.02 0 0 0 22.8691
-3631.02 0 0 0 22.8691
-3631.02 0 0 0 22.8691
-3631.02 0 0 0 22.8691
-3631.02 0 0 0 22.8691
-3631.02 0 0 0 22.8691
-3682.79 0 0 0 22.8691
-3682.79 0 0 0 22.8691
-3682.79 0 0 0 22.8691
-3682.79 0 0 0 22.8691
-3682.79 0 0 0 22.8691
-3682.79 0 0 0 22.8691
-3734.55 0 0 0 22.8691
-3734.55 0 0 0 22.8691
-3734.55 0 0 0 22.8691
-3734.55 0 0 0 22.8691
-3734.55 0 0 0 22.8691
-3734.55 0 0 0 22.8691
-3786.3 0 0 0 22.8691
-3786.3 0 0 0 22.8691
-3786.3 0 0 0 22.8691
-3786.3 0 0 0 22.8691
-3786.3 0 0 0 22.8691
-3786.3 0 0 0 22.8691
-3838.04 0 0 0 22.8691
-3838.04 0 0 0 22.8691
-3838.04 0 0 0 22.8691
-3838.04 0 0 0 22.8691
-3838.04 0 0 0 22.8691
-3838.04 0 0 0 22.8691
-3631.11 0 0 0 22.8691
-3631.11 0 0 0 22.8691
-3631.11 0 0 0 22.8691
-3631.11 0 0 0 22.8691
-3631.11 0 0 0 22.8691
-3631.11 0 0 0 22.8691
-3682.88 0 0 0 22.8691
-3682.88 0 0 0 22.8691
-3682.88 0 0 0 22.8691
-3682.88 0 0 0 22.8691
-3682.88 0 0 0 22.8691
-3682.88 0 0 0 22.8691
-3734.64 0 0 0 22.8691
-3734.64 0 0 0 22.8691
-3734.64 0 0 0 22.8691
-3734.64 0 0 0 22.8691
-3734.64 0 0 0 22.8691
-3734.64 0 0 0 22.8691
-3786.39 0 0 0 22.8691
-3786.39 0 0 0 22.8691
-3786.39 0 0 0 22.8691
-3786.39 0 0 0 22.8691
-3786.39 0 0 0 22.8691
-3786.39 0 0 0 22.8691
-3838.13 0 0 0 22.8691
-3838.13 0 0 0 22.8691
-3838.13 0 0 0 22.8691
-3838.13 0 0 0 22.8691
-3838.13 0 0 0 22.8691
-3838.13 0 0 0 22.8691
-3449.86 0 0 0 22.8691
-3449.86 0 0 0 22.8691
-3449.86 0 0 0 22.8691
-3449.86 0 0 0 22.8691
-3449.86 0 0 0 22.8691
-3449.86 0 0 0 22.8691
-3483.46 0 0 0 22.8691
-3483.46 0 0 0 22.8691
-3483.46 0 0 0 22.8691
-3483.46 0 0 0 22.8691
-3483.46 0 0 0 22.8691
-3483.46 0 0 0 22.8691
-3517.07 0 0 0 22.8691
-3517.07 0 0 0 22.8691
-3517.07 0 0 0 22.8691
-3517.07 0 0 0 22.8691
-3517.07 0 0 0 22.8691
-3517.07 0 0 0 22.8691
-3550.69 0 0 0 22.8691
-3550.69 0 0 0 22.8691
-3550.69 0 0 0 22.8691
-3550.69 0 0 0 22.8691
-3550.69 0 0 0 22.8691
-3550.69 0 0 0 22.8691
-3584.3 0 0 0 22.8691
-3584.3 0 0 0 22.8691
-3584.3 0 0 0 22.8691
-3584.3 0 0 0 22.8691
-3584.3 0 0 0 22.8691
-3584.3 0 0 0 22.8691
-3450.07 0 0 0 22.8691
-3450.07 0 0 0 22.8691
-3450.07 0 0 0 22.8691
-3450.07 0 0 0 22.8691
-3450.07 0 0 0 22.8691
-3450.07 0 0 0 22.8691
-3483.65 0 0 0 22.8691
-3483.65 0 0 0 22.8691
-3483.65 0 0 0 22.8691
-3483.65 0 0 0 22.8691
-3483.65 0 0 0 22.8691
-3483.65 0 0 0 22.8691
-3517.24 0 0 0 22.8691
-3517.24 0 0 0 22.8691
-3517.24 0 0 0 22.8691
-3517.24 0 0 0 22.8691
-3517.24 0 0 0 22.8691
-3517.24 0 0 0 22.8691
-3550.83 0 0 0 22.8691
-3550.83 0 0 0 22.8691
-3550.83 0 0 0 22.8691
-3550.83 0 0 0 22.8691
-3550.83 0 0 0 22.8691
-3550.83 0 0 0 22.8691
-3584.43 0 0 0 22.8691
-3584.43 0 0 0 22.8691
-3584.43 0 0 0 22.8691
-3584.43 0 0 0 22.8691
-3584.43 0 0 0 22.8691
-3584.43 0 0 0 22.8691
-3288.32 0 0 0 22.8691
-3288.32 0 0 0 22.8691
-3288.32 0 0 0 22.8691
-3288.32 0 0 0 22.8691
-3288.32 0 0 0 22.8691
-3288.32 0 0 0 22.8691
-3320.48 0 0 0 22.8691
-3320.48 0 0 0 22.8691
-3320.48 0 0 0 22.8691
-3320.48 0 0 0 22.8691
-3320.48 0 0 0 22.8691
-3320.48 0 0 0 22.8691
-3352.68 0 0 0 22.8691
-3352.68 0 0 0 22.8691
-3352.68 0 0 0 22.8691
-3352.68 0 0 0 22.8691
-3352.68 0 0 0 22.8691
-3352.68 0 0 0 22.8691
-3384.92 0 0 0 22.8691
-3384.92 0 0 0 22.8691
-3384.92 0 0 0 22.8691
-3384.92 0 0 0 22.8691
-3384.92 0 0 0 22.8691
-3384.92 0 0 0 22.8691
-3417.19 0 0 0 22.8691
-3417.19 0 0 0 22.8691
-3417.19 0 0 0 22.8691
-3417.19 0 0 0 22.8691
-3417.19 0 0 0 22.8691
-3417.19 0 0 0 22.8691
-3288.76 0 0 0 22.8691
-3288.76 0 0 0 22.8691
-3288.76 0 0 0 22.8691
-3288.76 0 0 0 22.8691
-3288.76 0 0 0 22.8691
-3288.76 0 0 0 22.8691
-3320.87 0 0 0 22.8691
-3320.87 0 0 0 22.8691
-3320.87 0 0 0 22.8691
-3320.87 0 0 0 22.8691
-3320.87 0 0 0 22.8691
-3320.87 0 0 0 22.8691
-3353.02 0 0 0 22.8691
-3353.02 0 0 0 22.8691
-3353.02 0 0 0 22.8691
-3353.02 0 0 0 22.8691
-3353.02 0 0 0 22.8691
-3353.02 0 0 0 22.8691
-3385.2 0 0 0 22.8691
-3385.2 0 0 0 22.8691
-3385.2 0 0 0 22.8691
-3385.2 0 0 0 22.8691
-3385.2 0 0 0 22.8691
-3385.2 0 0 0 22.8691
-3417.43 0 0 0 22.8691
-3417.43 0 0 0 22.8691
-3417.43 0 0 0 22.8691
-3417.43 0 0 0 22.8691
-3417.43 0 0 0 22.8691
-3417.43 0 0 0 22.8691
-3246.25 0 0 0 22.8691
-3246.25 0 0 0 22.8691
-3246.25 0 0 0 22.8691
-3246.25 0 0 0 22.8691
-3246.25 0 0 0 22.8691
-3246.25 0 0 0 22.8691
-3250.58 0 0 0 22.8691
-3250.58 0 0 0 22.8691
-3250.58 0 0 0 22.8691
-3250.58 0 0 0 22.8691
-3250.58 0 0 0 22.8691
-3250.58 0 0 0 22.8691
-3254.92 0 0 0 22.8691
-3254.92 0 0 0 22.8691
-3254.92 0 0 0 22.8691
-3254.92 0 0 0 22.8691
-3254.92 0 0 0 22.8691
-3254.92 0 0 0 22.8691
-3259.25 0 0 0 22.8691
-3259.25 0 0 0 22.8691
-3259.25 0 0 0 22.8691
-3259.25 0 0 0 22.8691
-3259.25 0 0 0 22.8691
-3259.25 0 0 0 22.8691
-3263.58 0 0 0 22.8691
-3263.58 0 0 0 22.8691
-3263.58 0 0 0 22.8691
-3263.58 0 0 0 22.8691
-3263.58 0 0 0 22.8691
-3263.58 0 0 0 22.8691
-3246.78 0 0 0 22.8691
-3246.78 0 0 0 22.8691
-3246.78 0 0 0 22.8691
-3246.78 0 0 0 22.8691
-3246.78 0 0 0 22.8691
-3246.78 0 0 0 22.8691
-3251.1 0 0 0 22.8691
-3251.1 0 0 0 22.8691
-3251.1 0 0 0 22.8691
-3251.1 0 0 0 22.8691
-3251.1 0 0 0 22.8691
-3251.1 0 0 0 22.8691
-3255.43 0 0 0 22.8691
-3255.43 0 0 0 22.8691
-3255.43 0 0 0 22.8691
-3255.43 0 0 0 22.8691
-3255.43 0 0 0 22.8691
-3255.43 0 0 0 22.8691
-3259.76 0 0 0 22.8691
-3259.76 0 0 0 22.8691
-3259.76 0 0 0 22.8691
-3259.76 0 0 0 22.8691
-3259.76 0 0 0 22.8691
-3259.76 0 0 0 22.8691
-3264.09 0 0 0 22.8691
-3264.09 0 0 0 22.8691
-3264.09 0 0 0 22.8691
-3264.09 0 0 0 22.8691
-3264.09 0 0 0 22.8691
-3264.09 0 0 0 22.8691
-3212.72 0 0 0 22.8691
-3212.72 0 0 0 22.8691
-3212.72 0 0 0 22.8691
-3212.72 0 0 0 22.8691
-3212.72 0 0 0 22.8691
-3212.72 0 0 0 22.8691
-3219.98 0 0 0 22.8691
-3219.98 0 0 0 22.8691
-3219.98 0 0 0 22.8691
-3219.98 0 0 0 22.8691
-3219.98 0 0 0 22.8691
-3219.98 0 0 0 22.8691
-3227.23 0 0 0 22.8691
-3227.23 0 0 0 22.8691
-3227.23 0 0 0 22.8691
-3227.23 0 0 0 22.8691
-3227.23 0 0 0 22.8691
-3227.23 0 0 0 22.8691
-3234.49 0 0 0 22.8691
-3234.49 0 0 0 22.8691
-3234.49 0 0 0 22.8691
-3234.49 0 0 0 22.8691
-3234.49 0 0 0 22.8691
-3234.49 0 0 0 22.8691
-3241.76 0 0 0 22.8691
-3241.76 0 0 0 22.8691
-3241.76 0 0 0 22.8691
-3241.76 0 0 0 22.8691
-3241.76 0 0 0 22.8691
-3241.76 0 0 0 22.8691
-3213.28 0 0 0 22.8691
-3213.28 0 0 0 22.8691
-3213.28 0 0 0 22.8691
-3213.28 0 0 0 22.8691
-3213.28 0 0 0 22.8691
-3213.28 0 0 0 22.8691
-3220.51 0 0 0 22.8691
-3220.51 0 0 0 22.8691
-3220.51 0 0 0 22.8691
-3220.51 0 0 0 22.8691
-3220.51 0 0 0 22.8691
-3220.51 0 0 0 22.8691
-3227.75 0 0 0 22.8691
-3227.75 0 0 0 22.8691
-3227.75 0 0 0 22.8691
-3227.75 0 0 0 22.8691
-3227.75 0 0 0 22.8691
-3227.75 0 0 0 22.8691
-3234.99 0 0 0 22.8691
-3234.99 0 0 0 22.8691
-3234.99 0 0 0 22.8691
-3234.99 0 0 0 22.8691
-3234.99 0 0 0 22.8691
-3234.99 0 0 0 22.8691
-3242.24 0 0 0 22.8691
-3242.24 0 0 0 22.8691
-3242.24 0 0 0 22.8691
-3242.24 0 0 0 22.8691
-3242.24 0 0 0 22.8691
-3242.24 0 0 0 22.8691
-3165.27 0 0 0 22.8691
-3165.27 0 0 0 22.8691
-3165.27 0 0 0 22.8691
-3165.27 0 0 0 22.8691
-3165.27 0 0 0 22.8691
-3165.27 0 0 0 22.8691
-3175.27 0 0 0 22.8691
-3175.27 0 0 0 22.8691
-3175.27 0 0 0 22.8691
-3175.27 0 0 0 22.8691
-3175.27 0 0 0 22.8691
-3175.27 0 0 0 22.8691
-3185.27 0 0 0 22.8691
-3185.27 0 0 0 22.8691
-3185.27 0 0 0 22.8691
-3185.27 0 0 0 22.8691
-3185.27 0 0 0 22.8691
-3185.27 0 0 0 22.8691
-3195.29 0 0 0 22.8691
-3195.29 0 0 0 22.8691
-3195.29 0 0 0 22.8691
-3195.29 0 0 0 22.8691
-3195.29 0 0 0 22.8691
-3195.29 0 0 0 22.8691
-3205.31 0 0 0 22.8691
-3205.31 0 0 0 22.8691
-3205.31 0 0 0 22.8691
-3205.31 0 0 0 22.8691
-3205.31 0 0 0 22.8691
-3205.31 0 0 0 22.8691
-3165.89 0 0 0 22.8691
-3165.89 0 0 0 22.8691
-3165.89 0 0 0 22.8691
-3165.89 0 0 0 22.8691
-3165.89 0 0 0 22.8691
-3165.89 0 0 0 22.8691
-3175.87 0 0 0 22.8691
-3175.87 0 0 0 22.8691
-3175.87 0 0 0 22.8691
-3175.87 0 0 0 22.8691
-3175.87 0 0 0 22.8691
-3175.87 0 0 0 22.8691
-3185.86 0 0 0 22.8691
-3185.86 0 0 0 22.8691
-3185.86 0 0 0 22.8691
-3185.86 0 0 0 22.8691
-3185.86 0 0 0 22.8691
-3185.86 0 0 0 22.8691
-3195.85 0 0 0 22.8691
-3195.85 0 0 0 22.8691
-3195.85 0 0 0 22.8691
-3195.85 0 0 0 22.8691
-3195.85 0 0 0 22.8691
-3195.85 0 0 0 22.8691
-3205.86 0 0 0 22.8691
-3205.86 0 0 0 22.8691
-3205.86 0 0 0 22.8691
-3205.86 0 0 0 22.8691
-3205.86 0 0 0 22.8691
-3205.86 0 0 0 22.8691
-3121.72 0 0 0 22.8691
-3121.72 0 0 0 22.8691
-3121.72 0 0 0 22.8691
-3121.72 0 0 0 22.8691
-3121.72 0 0 0 22.8691
-3121.72 0 0 0 22.8691
-3130.31 0 0 0 22.8691
-3130.31 0 0 0 22.8691
-3130.31 0 0 0 22.8691
-3130.31 0 0 0 22.8691
-3130.31 0 0 0 22.8691
-3130.31 0 0 0 22.8691
-3138.9 0 0 0 22.8691
-3138.9 0 0 0 22.8691
-3138.9 0 0 0 22.8691
-3138.9 0 0 0 22.8691
-3138.9 0 0 0 22.8691
-3138.9 0 0 0 22.8691
-3147.5 0 0 0 22.8691
-3147.5 0 0 0 22.8691
-3147.5 0 0 0 22.8691
-3147.5 0 0 0 22.8691
-3147.5 0 0 0 22.8691
-3147.5 0 0 0 22.8691
-3156.12 0 0 0 22.8691
-3156.12 0 0 0 22.8691
-3156.12 0 0 0 22.8691
-3156.12 0 0 0 22.8691
-3156.12 0 0 0 22.8691
-3156.12 0 0 0 22.8691
-3122.43 0 0 0 22.8691
-3122.43 0 0 0 22.8691
-3122.43 0 0 0 22.8691
-3122.43 0 0 0 22.8691
-3122.43 0 0 0 22.8691
-3122.43 0 0 0 22.8691
-3131 0 0 0 22.8691
-3131 0 0 0 22.8691
-3131 0 0 0 22.8691
-3131 0 0 0 22.8691
-3131 0 0 0 22.8691
-3131 0 0 0 22.8691
-3139.58 0 0 0 22.8691
-3139.58 0 0 0 22.8691
-3139.58 0 0 0 22.8691
-3139.58 0 0 0 22.8691
-3139.58 0 0 0 22.8691
-3139.58 0 0 0 22.8691
-3148.16 0 0 0 22.8691
-3148.16 0 0 0 22.8691
-3148.16 0 0 0 22.8691
-3148.16 0 0 0 22.8691
-3148.16 0 0 0 22.8691
-3148.16 0 0 0 22.8691
-3156.75 0 0 0 22.8691
-3156.75 0 0 0 22.8691
-3156.75 0 0 0 22.8691
-3156.75 0 0 0 22.8691
-3156.75 0 0 0 22.8691
-3156.75 0 0 0 22.8691
-3090.69 0 0 0 22.8691
-3090.69 0 0 0 22.8691
-3090.69 0 0 0 22.8691
-3090.69 0 0 0 22.8691
-3090.69 0 0 0 22.8691
-3090.69 0 0 0 22.8691
-3096.58 0 0 0 22.8691
-3096.58 0 0 0 22.8691
-3096.58 0 0 0 22.8691
-3096.58 0 0 0 22.8691
-3096.58 0 0 0 22.8691
-3096.58 0 0 0 22.8691
-3102.48 0 0 0 22.8691
-3102.48 0 0 0 22.8691
-3102.48 0 0 0 22.8691
-3102.48 0 0 0 22.8691
-3102.48 0 0 0 22.8691
-3102.48 0 0 0 22.8691
-3108.39 0 0 0 22.8691
-3108.39 0 0 0 22.8691
-3108.39 0 0 0 22.8691
-3108.39 0 0 0 22.8691
-3108.39 0 0 0 22.8691
-3108.39 0 0 0 22.8691
-3114.29 0 0 0 22.8691
-3114.29 0 0 0 22.8691
-3114.29 0 0 0 22.8691
-3114.29 0 0 0 22.8691
-3114.29 0 0 0 22.8691
-3114.29 0 0 0 22.8691
-3091.43 0 0 0 22.8691
-3091.43 0 0 0 22.8691
-3091.43 0 0 0 22.8691
-3091.43 0 0 0 22.8691
-3091.43 0 0 0 22.8691
-3091.43 0 0 0 22.8691
-3097.32 0 0 0 22.8691
-3097.32 0 0 0 22.8691
-3097.32 0 0 0 22.8691
-3097.32 0 0 0 22.8691
-3097.32 0 0 0 22.8691
-3097.32 0 0 0 22.8691
-3103.22 0 0 0 22.8691
-3103.22 0 0 0 22.8691
-3103.22 0 0 0 22.8691
-3103.22 0 0 0 22.8691
-3103.22 0 0 0 22.8691
-3103.22 0 0 0 22.8691
-3109.12 0 0 0 22.8691
-3109.12 0 0 0 22.8691
-3109.12 0 0 0 22.8691
-3109.12 0 0 0 22.8691
-3109.12 0 0 0 22.8691
-3109.12 0 0 0 22.8691
-3115.02 0 0 0 22.8691
-3115.02 0 0 0 22.8691
-3115.02 0 0 0 22.8691
-3115.02 0 0 0 22.8691
-3115.02 0 0 0 22.8691
-3115.02 0 0 0 22.8691
-2922.67 0 0 0 22.8691
-2922.67 0 0 0 22.8691
-2922.67 0 0 0 22.8691
-2922.67 0 0 0 22.8691
-2922.67 0 0 0 22.8691
-2922.67 0 0 0 22.8691
-2961.11 0 0 0 22.8691
-2961.11 0 0 0 22.8691
-2961.11 0 0 0 22.8691
-2961.11 0 0 0 22.8691
-2961.11 0 0 0 22.8691
-2961.11 0 0 0 22.8691
-2999.7 0 0 0 22.8691
-2999.7 0 0 0 22.8691
-2999.7 0 0 0 22.8691
-2999.7 0 0 0 22.8691
-2999.7 0 0 0 22.8691
-2999.7 0 0 0 22.8691
-3038.42 0 0 0 22.8691
-3038.42 0 0 0 22.8691
-3038.42 0 0 0 22.8691
-3038.42 0 0 0 22.8691
-3038.42 0 0 0 22.8691
-3038.42 0 0 0 22.8691
-3077.27 0 0 0 22.8691
-3077.27 0 0 0 22.8691
-3077.27 0 0 0 22.8691
-3077.27 0 0 0 22.8691
-3077.27 0 0 0 22.8691
-3077.27 0 0 0 22.8691
-2923.7 0 0 0 22.8691
-2923.7 0 0 0 22.8691
-2923.7 0 0 0 22.8691
-2923.7 0 0 0 22.8691
-2923.7 0 0 0 22.8691
-2923.7 0 0 0 22.8691
-2962.08 0 0 0 22.8691
-2962.08 0 0 0 22.8691
-2962.08 0 0 0 22.8691
-2962.08 0 0 0 22.8691
-2962.08 0 0 0 22.8691
-2962.08 0 0 0 22.8691
-3000.61 0 0 0 22.8691
-3000.61 0 0 0 22.8691
-3000.61 0 0 0 22.8691
-3000.61 0 0 0 22.8691
-3000.61 0 0 0 22.8691
-3000.61 0 0 0 22.8691
-3039.27 0 0 0 22.8691
-3039.27 0 0 0 22.8691
-3039.27 0 0 0 22.8691
-3039.27 0 0 0 22.8691
-3039.27 0 0 0 22.8691
-3039.27 0 0 0 22.8691
-3078.05 0 0 0 22.8691
0 0 0 0 22.8691
0 0 0 0 22.8691
0 0 0 0 22.8691
0 0 0 0 22.8691
0 0 0 0 22.8691
0 0 0 0 22.8691
0 0 0 0 22.8691
0 0 0 0 22.8691
0 0 0 0 22.8691
0 0 0 0 22.8691
0 0 0 0 22.8691
0 0 0 0 22.8691
0 0 0 0 22.8691
0 0 0 0 22.8691
0 0 0 0 22.8691
0 0 0 0 22.8691
0 0 0 0 22.8691
0 0 0 0 22.8691
0 0 0 0 22.8691
0 0 0 0 22.8691
0 0 0 0 22.8691
0 0 0 0 22.8691
0 0 0 0 22.8691
0 0 0 0 22.8691
0 0 0 0 22.8691
0 0 0 0 22.8691
0 0 0 0 22.8691
0 0 0 0 22.8691
0 0 0 0 22.8691
0 0 0 0 22.8691
0 0 0 0 22.8691
0 0 0 0 22.8691
0 0 0 0 22.8691
0 0 0 0 22.8691
0 0 0 0 22.8691
0 0 0 0 22.8691
0 0 0 0 22.8691
0 0 0 0 22.8691
0 0 0 0 22.8691
0 0 0 0 22.8691
0 0 0 0 22.8691
0 0 0 0 22.8691
0 0 0 0 22.8691
0 0 0 0 22.8691
0 0 0 0 22.8691
0 0 0 0 22.8691
0 0 0 0 22.8691
0 0 0 0 22.8691
0 0 0 0 22.8691
0 0 0 0 22.8691
0 0 0 0 22.8691
0 0 0 0 22.8691
0 0 0 0 22.8691
0 0 0 0 22.8691
0 0 0 0 22.8691
0 0 0 0 22.8691
0 0 0 0 22.8691
0 0 0 0 22.8691
0 0 0 0 22.8691
0 0 0 0 22.8691
0 0 0 0 22.8691
0 0 0 0 22.8691
0 0 0 0 22.8691
0 0 0 0 22.8691
0 0 0 0 22.8691
0 0 0 0 22.8691
0 0 0 0 22.8691
0 0 0 0 22.8691
0 0 0 0 22.8691
0 0 0 0 22.8691
0 0 0 0 22.8691
0 0 0 0 22.8691
0 0 0 0 22.8691
0 0 0 0 22.8691
0 0 0 0 22.8691
0 0 0 0 22.8691
0 0 0 0 22.8691
0 0 0 0 22.8691
0 0 0 0 22.8691
0 0 0 0 22.8691
0 0 0 0 22.8691
0 0 0 0 22.8691
0 0 0 0 22.8691
0 0 0 0 22.8691
0 0 0 0 22.8691
0 0 0 0 22.8691
0 0 0 0 22.8691
0 0 0 0 22.8691
0 0 0 0 22.8691
0 0 0 0 22.8691
0 0 0 0 22.8691
0 0 0 0 22.8691
0 0 0 0 22.8691
0 0 0 0 22.8691
0 0 0 0 22.8691
0 0 0 0 22.8691
0 0 0 0 22.8691
0 0 0 0 22.8691
0 0 0 0 22.8691
0 0 0 0 22.8691
0 0 0 0 22.8691
0 0 0 0 22.8691
0 0 0 0 22.8691
0 0 0 0 22.8691
0 0 0 0 22.8691
0 0 0 0 22.8691
0 0 0 0 22.8691
0 0 0 0 22.8691
0 0 0 0 22.8691
0 0 0 0 22.8691
0 0 0 0 22.8691
0 0 0 0 22.8691
0 0 0 0 22.8691
0 0 0 0 22.8691
0 0 0 0 22.8691
0 0 0 0 22.8691
0 0 0 0 22.8691
0 0 0 0 22.8691
0 0 0 0 22.8691
0 0 0 0 22.8691
0 0 0 0 22.8691
0 0 0 0 22.8691
0 0 0 0 22.8691
0 0 0 0 22.8691
0 0 0 0 22.8691
0 0 0 0 22.8691
0 0 0 0 22.8691
0 0 0 0 22.8691
0 0 0 0 22.8691
0 0 0 0 22.8691
0 0 0 0 22.8691
0 0 0 0 22.8691
0 0 0 0 22.8691
0 0 0 0 22.8691
0 0 0 0 22.8691
0 0 0 0 22.8691
0 0 0 0 22.8691
0 0 0 0 22.8691
0 0 0 0 22.8691
0 0 0 0 22.8691
0 0 0 0 22.8691
0 0 0 0 22.8691
0 0 0 0 22.8691
0 0 0 0 22.8691
0 0 0 0 22.8691
0 0 0 0 22.8691
0 0 0 0 22.8691
0 0 0 0 22.8691
0 0 0 0 22.8691
0 0 0 0 22.8691
0 0 0 0 22.8691
0 0 0 0 22.8691
0 0 0 0 22.8691
0 0 0 0 22.8691
0 0 0 0 22.8691
0 0 0 0 22.8691
0 0 0 0 22.8691
0 0 0 0 22.8691
0 0 0 0 22.8691
0 0 0 0 22.8691
0 0 0 0 22.8691
0 0 0 0 22.8691
0 0 0 0 22.8691
0 0 0 0 22.8691
0 0 0 0 22.8691
0 0 0 0 22.8691
0 0 0 0 22.8691
0 0 0 0 22.8691
0 0 0 0 22.8691
0 0 0 0 22.8691
0 0 0 0 22.8691
0 0 0 0 22.8691
0 0 0 0 22.8691
0 0 0 0 22.8691
0 0 0 0 22.8691
0 0 0 0 22.8691
0 0 0 0 22.8691
0 0 0 0 22.8691
0 0 0 0 22.8691
0 0 0 0 22.8691
0 0 0 0 22.8691
0 0 0 0 22.8691
0 0 0 0 22.8691
0 0 0 0 22.8691
0 0 0 0 22.8691
0 0 0 0 22.8691
0 0 0 0 22.8691
0 0 0 0 22.8691
0 0 0 0 22.8691
0 0 0 0 22.8691
0 0 0 0 22.8691
0 0 0 0 22.8691
0 0 0 0 22.8691
0 0 0 0 22.8691
0 0 0 0 22.8691
0 0 0 0 22.8691
0 0 0 0 22.8691
0 0 0 0 22.8691
0 0 0 0 22.8691
0 0 0 0 22.8691
0 0 0 0 22.8691
0 0 0 0 22.8691
0 0 0 0 22.8691
0 0 0 0 22.8691
0 0 0 0 22.8691
0 0 0 0 22.8691
0 0 0 0 22.8691
0 0 0 0 22.8691
0 0 0 0 22.8691
0 0 0 0 22.8691
0 0 0 0 22.8691
0 0 0 0 22.8691
0 0 0 0 22.8691
0 0 0 0 22.8691
0 0 0 0 22.8691
0 0 0 0 22.8691
0 0 0 0 22.8691
0 0 0 0 22.8691
0 0 0 0 22.8691
0 0 0 0 22.8691
0 0 0 0 22.8691
0 0 0 0 22.8691
0 0 0 0 22.8691
0 0 0 0 22.8691
0 0 0 0 22.8691
0 0 0 0 22.8691
0 0 0 0 22.8691
0 0 0 0 22.8691
0 0 0 0 22.8691
0 0 0 0 22.8691
0 0 0 0 22.8691
0 0 0 0 22.8691
0 0 0 0 22.8691
0 0 0 0 22.8691
0 0 0 0 22.8691
0 0 0 0 22.8691
0 0 0 0 22.8691
0 0 0 0 22.8691
0 0 0 0 22.8691
0 0 0 0 22.8691
0 0 0 0 22.8691
0 0 0 0 22.8691
0 0 0 0 22.8691
0 0 0 0 22.8691
0 0 0 0 22.8691
0 0 0 0 22.8691
0 0 0 0 22.8691
0 0 0 0 22.8691
0 0 0 0 22.8691
0 0 0 0 22.8691
0 0 0 0 22.8691
0 0 0 0 22.8691
0 0 0 0 22.8691
0 394.192 0 0 22.8691
0 394.192 0 0 22.8691
0 394.192 0 0 22.8691
0 394.192 0 0 22.8691
0 394.192 0 0 0
