-164.277 -1134.85 406.933 460148 -6.36464
-164.449 -1133.31 406.952 460148 -6.36465
-164.621 -1131.77 406.971 460148 -6.46603
-164.795 -1130.23 406.991 460148 -7.33318
-164.993 -1128.69 407.011 460148 -7.33319
-165.191 -1127.16 407.031 460148 -7.33319
-165.389 -1125.62 407.051 460148 -7.1432
-165.578 -1124.11 407.071 460148 -7.1432
-165.767 -1122.6 407.091 460148 -7.1432
-165.956 -1121.09 407.111 460148 -7.1432
-166.145 -1119.58 407.131 460148 -7.1432
-166.334 -1118.08 407.151 460148 -7.1432
-166.523 -1116.57 407.171 0 -7.20085
-166.707 -1115.11 407.19 0 -7.20085
-166.891 -1113.65 407.209 0 -7.20085
-167.075 -1112.2 407.228 0 -7.20085
-167.259 -1110.74 407.247 0 -7.20086
-167.443 -1109.29 407.266 0 -7.20086
-167.627 -1107.83 407.286 0 -7.2411
-167.807 -1106.42 407.304 0 -7.94415
-168.004 -1105.01 407.324 0 -8.22075
-168.207 -1103.6 407.344 0 -8.22075
-168.411 -1102.19 407.364 0 -8.22075
-168.614 -1100.78 407.384 0 -8.22075
-168.818 -1099.37 407.404 0 -8.31785
-169.017 -1098.01 407.423 0 -8.31786
-169.216 -1096.65 407.443 0 -8.31786
-169.414 -1095.29 407.462 0 -8.31787
-169.613 -1093.93 407.481 0 -8.31787
-169.812 -1092.57 407.501 0 -8.31787
-170.011 -1091.21 407.52 0 -8.17334
-170.201 -1089.89 407.539 0 -8.17334
-170.39 -1088.57 407.558 0 -8.17334
-170.58 -1087.25 407.576 0 -8.17334
-170.77 -1085.93 407.595 0 -8.17334
-170.96 -1084.61 407.614 0 -8.17334
-171.149 -1083.29 407.633 0 -8.1672
-171.338 -1081.97 407.651 0 -8.91643
-171.544 -1080.66 407.671 0 -9.15722
-171.755 -1079.35 407.692 0 -9.15722
-171.966 -1078.04 407.712 0 -9.15722
-172.178 -1076.73 407.733 0 -9.15722
-172.389 -1075.42 407.753 0 -9.15885
-172.601 -1074.1 407.774 0 -9.15885
-172.813 -1072.78 407.794 0 -9.15886
-173.026 -1071.47 407.815 0 -9.15886
-173.238 -1070.15 407.835 0 -9.15886
-173.45 -1068.84 407.856 0 -9.15886
-173.662 -1067.52 407.876 0 -9.15607
-173.875 -1066.2 407.897 0 -9.15607
-174.087 -1064.88 407.918 0 -9.15607
-174.3 -1063.56 407.938 0 -9.15608
-174.512 -1062.25 407.959 0 -9.15608
-174.725 -1060.93 407.979 0 -9.15608
-174.937 -1059.61 408 0 -9.15613
-175.15 -1058.29 408.02 0 -6.21729
-175.288 -1057.02 408.026 0 -7.30254
-175.458 -1055.7 408.062 0 -7.77759
-175.639 -1054.37 408.098 0 -10.4153
-175.892 -1052.99 408.11 0 -10.2939
-176.131 -1051.68 408.125 0 -10.2962
-176.369 -1050.37 408.14 0 -10.2962
-176.607 -1049.05 408.155 0 -10.2962
-176.846 -1047.74 408.17 0 -10.2962
-177.084 -1046.43 408.185 0 -10.2962
-177.323 -1045.12 408.2 0 -10.2962
-177.561 -1043.8 408.215 0 -10.2941
-177.799 -1042.49 408.23 0 -10.4095
-178.04 -1041.18 408.245 0 -10.5462
-178.284 -1039.87 408.26 0 -10.5462
-178.528 -1038.56 408.276 0 -10.5462
-178.772 -1037.25 408.291 0 -10.5462
-179.015 -1035.94 408.306 0 -10.5491
-179.259 -1034.64 408.321 0 -10.5491
-179.502 -1033.33 408.336 0 -10.5491
-179.745 -1032.03 408.351 0 -10.5491
-179.988 -1030.72 408.366 0 -10.5491
-180.232 -1029.41 408.381 0 -10.728
-180.479 -1028.11 408.397 0 -10.9093
-180.731 -1026.8 408.412 0 -10.9093
-180.983 -1025.49 408.427 0 -10.9093
-181.234 -1024.19 408.442 0 -10.9093
-181.486 -1022.88 408.458 0 -10.9093
-181.738 -1021.58 408.473 0 -10.9093
-181.99 -1020.27 408.488 0 -10.3464
-182.231 -1018.95 408.504 0 -10.3464
-182.471 -1017.63 408.519 0 -10.3854
-182.713 -1016.31 408.535 0 -10.5281
-182.958 -1014.99 408.55 0 -10.5281
-183.203 -1013.68 408.566 0 -10.5281
-183.448 -1012.36 408.582 0 -10.1849
-183.688 -1011.02 408.597 0 -10.1849
-183.927 -1009.69 408.613 0 -10.1849
-184.167 -1008.36 408.629 0 -10.1849
-184.406 -1007.02 408.645 0 -10.1849
-184.646 -1005.69 408.661 0 -10.1849
-184.885 -1004.36 408.676 0 -10.314
-185.129 -1003.02 408.692 0 -10.3542
-185.373 -1001.68 408.708 0 -10.3542
-185.617 -1000.35 408.725 0 -10.3542
-185.861 -999.011 408.741 0 -10.3542
-186.105 -997.674 408.757 0 -10.3542
-186.35 -996.338 408.773 0 -10.9025
-186.605 -995.013 408.789 0 -10.9025
-186.86 -993.689 408.805 0 -10.9025
-187.115 -992.364 408.821 0 -10.9327
-187.371 -991.039 408.837 0 -11.0139
-187.629 -989.715 408.853 0 -11.0139
-187.886 -988.391 408.87 0 -11.4828
-188.154 -987.074 408.886 0 -11.4828
-188.422 -985.756 408.902 0 -11.4828
-188.689 -984.438 408.918 0 -11.4828
-188.957 -983.121 408.935 0 -11.4828
-189.225 -981.803 408.951 0 -11.4828
-189.492 -980.486 408.967 0 -11.8977
-189.773 -979.154 408.984 0 -11.9564
-190.055 -977.822 409 0 -11.974
-190.337 -976.49 409.017 0 -11.974
-190.62 -975.159 409.034 0 -11.974
-190.902 -973.827 409.051 0 -11.974
-191.185 -972.495 409.068 0 -11.8509
-191.471 -971.128 409.085 0 -11.8509
-191.758 -969.761 409.102 0 -11.8509
-192.045 -968.394 409.12 0 -11.8509
-192.332 -967.027 409.137 0 -11.8707
-192.619 -965.66 409.154 0 -11.8921
-192.907 -964.293 409.172 0 -11.8051
-193.202 -962.884 409.19 0 -11.8051
-193.496 -961.475 409.209 0 -11.8051
-193.791 -960.066 409.227 0 -11.8051
-194.085 -958.657 409.245 0 -11.8051
-194.38 -957.248 409.263 0 -11.8051
-194.674 -955.839 409.281 0 -11.8215
-194.973 -954.41 409.3 0 -11.8249
-195.273 -952.98 409.319 0 -11.8275
-195.572 -951.551 409.338 0 -11.8275
-195.871 -950.122 409.357 0 -11.8275
-196.17 -948.693 409.376 0 -11.8275
-196.47 -947.264 409.395 0 -11.7008
-196.764 -945.845 409.414 0 -11.7008
-197.058 -944.425 409.432 0 -11.7008
-197.352 -943.005 409.451 0 -11.7008
-197.646 -941.586 409.47 0 -11.6785
-197.939 -940.166 409.489 0 -11.6717
-198.232 -938.747 409.509 0 -11.3629
-198.512 -937.353 409.528 0 -11.3629
-198.792 -935.96 409.547 0 -11.3629
-199.072 -934.566 409.566 0 -11.3629
-199.352 -933.173 409.585 0 -11.3629
-199.632 -931.78 409.604 0 -11.3629
-199.912 -930.386 409.623 0 -11.352
-200.184 -929.031 409.641 0 -11.3051
-200.455 -927.677 409.666 0 -11.3023
-200.726 -926.322 409.69 0 -11.3023
-200.997 -924.967 409.714 0 -11.3023
-201.268 -923.612 409.738 0 -11.3023
-201.538 -922.257 409.762 0 -11.1901
-201.801 -920.929 409.785 0 -11.1901
-202.064 -919.601 409.809 0 -11.1901
-202.327 -918.273 409.832 0 -11.1901
-202.589 -916.945 409.855 0 -11.1901
-202.852 -915.617 409.879 0 -11.1901
-203.115 -914.289 409.902 0 -10.9045
-203.369 -912.97 409.926 0 -10.907
-203.623 -911.65 409.95 0 -10.919
-203.878 -910.331 409.977 0 -10.919
-204.132 -909.012 410.004 0 -10.919
-204.386 -907.693 410.031 0 -10.919
-204.641 -906.374 410.058 0 -11.1461
-204.902 -905.051 410.086 0 -11.1461
-205.162 -903.728 410.113 0 -11.1461
-205.423 -902.404 410.14 0 -11.1461
-205.684 -901.081 410.168 0 -11.1461
-205.945 -899.758 410.195 0 -11.1461
-206.205 -898.435 410.222 0 -11.2288
-206.471 -897.093 410.25 0 -11.2288
-206.738 -895.752 410.277 0 -11.23
-207.004 -894.411 410.306 0 -11.2417
-207.271 -893.07 410.337 0 -11.2417
-207.537 -891.729 410.369 0 -11.2417
-207.804 -890.388 410.401 0 -11.4259
-208.078 -889.031 410.433 0 -11.4259
-208.352 -887.675 410.466 0 -11.4259
-208.626 -886.318 410.498 0 -11.4259
-208.9 -884.962 410.53 0 -11.4259
-209.175 -883.605 410.562 0 -11.4259
-209.449 -882.249 410.594 0 -11.3189
-209.722 -880.885 410.627 0 -11.3189
-209.995 -879.521 410.659 0 -11.3189
-210.268 -878.157 410.692 0 -11.3223
-210.541 -876.793 410.725 0 -11.3301
-210.814 -875.429 410.762 0 -11.3301
-211.087 -874.066 410.799 0 -11.0921
-211.354 -872.704 410.836 0 -11.0921
-211.621 -871.341 410.872 0 -11.0921
-211.888 -869.979 410.909 0 -11.0921
-212.156 -868.617 410.946 0 -11.0921
-212.423 -867.255 410.983 0 -11.0921
-212.69 -865.892 411.019 0 -10.938
-212.952 -864.534 411.056 0 -10.938
-213.215 -863.176 411.092 0 -10.938
-213.477 -861.818 411.129 0 -10.938
-213.739 -860.46 411.166 0 -10.9433
-214.002 -859.102 411.205 0 -10.9475
-214.265 -857.744 411.246 0 -11.0149
-214.531 -856.374 411.287 0 -11.0149
-214.798 -855.004 411.329 0 -11.0149
-215.065 -853.634 411.37 0 -11.0149
-215.331 -852.264 411.412 0 -11.0149
-215.598 -850.894 411.453 0 -11.0149
-215.865 -849.525 411.495 0 -11.0702
-216.138 -848.128 411.537 0 -11.0702
-216.411 -846.731 411.579 0 -11.0702
-216.684 -845.335 411.622 0 -11.0702
-216.958 -843.938 411.664 0 -11.0702
-217.231 -842.542 411.706 0 -11.0779
-217.504 -841.145 411.753 0 -11.1993
-217.786 -839.724 411.801 0 -11.1993
-218.067 -838.303 411.849 0 -11.1993
-218.348 -836.882 411.897 0 -11.1993
-218.63 -835.46 411.945 0 -11.1993
-218.911 -834.039 411.993 0 -11.1993
-219.193 -832.618 412.041 0 -11.8283
-219.491 -831.193 412.09 0 -11.8283
-219.79 -829.767 412.138 0 -11.8283
-220.088 -828.342 412.186 0 -11.8283
-220.387 -826.916 412.234 0 -11.8283
-220.685 -825.491 412.283 0 -11.8333
-220.984 -824.066 412.335 0 -12.1412
-221.289 -822.649 412.388 0 -12.1412
-221.593 -821.232 412.441 0 -12.1412
-221.898 -819.815 412.494 0 -12.1412
-222.203 -818.398 412.547 0 -12.1412
-222.508 -816.982 412.6 0 -12.1412
-222.813 -815.565 412.653 0 -12.7922
-223.133 -814.152 412.706 0 -12.7922
-223.454 -812.739 412.759 0 -12.7922
-223.775 -811.327 412.813 0 -12.7922
-224.096 -809.914 412.866 0 -12.7922
-224.416 -808.501 412.919 0 -12.795
-224.737 -807.089 412.975 0 -12.3236
-225.048 -805.668 413.033 0 -12.3236
-225.358 -804.247 413.092 0 -12.3236
-225.668 -802.826 413.15 0 -12.3236
-225.979 -801.405 413.209 0 -12.3236
-226.289 -799.984 413.268 0 -12.3237
-226.6 -798.563 413.326 0 -11.8892
-226.901 -797.134 413.385 0 -11.8892
-227.202 -795.705 413.444 0 -11.8892
-227.502 -794.275 413.502 0 -11.8892
-227.803 -792.846 413.561 0 -11.8892
-228.104 -791.417 413.62 0 -11.8906
-228.405 -789.988 413.681 0 -11.5106
-228.695 -788.564 413.745 0 -11.5106
-228.985 -787.141 413.809 0 -11.5106
-229.275 -785.718 413.873 0 -11.5106
-229.565 -784.294 413.937 0 -11.5106
-229.855 -782.871 414.001 0 -11.5106
-230.144 -781.447 414.065 0 -11.3964
-230.427 -780.044 414.128 0 -11.3964
-230.71 -778.641 414.191 0 -11.3964
-230.993 -777.238 414.254 0 -11.3964
-231.276 -775.835 414.317 0 -11.3964
-231.558 -774.432 414.38 0 -11.3966
-231.841 -773.029 414.444 0 -11.1241
-232.114 -771.644 414.512 0 -11.1241
-232.386 -770.26 414.579 0 -11.1241
-232.658 -768.875 414.647 0 -11.1241
-232.93 -767.49 414.714 0 -11.1241
-233.203 -766.105 414.782 0 -11.1241
-233.475 -764.72 414.849 0 -11.1833
-233.746 -763.347 414.916 0 -11.1833
-234.018 -761.975 414.983 0 -11.1833
-234.289 -760.602 415.05 0 -11.1833
-234.561 -759.229 415.117 0 -11.1833
-234.832 -757.856 415.184 0 -11.1833
-235.103 -756.483 415.251 0 -11.2945
-235.378 -755.111 415.316 0 -11.2946
-235.651 -753.74 415.382 0 -11.2946
-235.925 -752.37 415.448 0 -11.2946
-236.199 -750.999 415.514 0 -11.2946
-236.473 -749.628 415.58 0 -11.2946
-236.746 -748.257 415.646 0 -11.2946
-237.02 -746.886 415.712 0 -11.2946
-237.294 -745.515 415.778 0 -11.2946
-237.568 -744.144 415.843 0 -11.2946
-237.842 -742.773 415.909 0 -11.2946
-238.116 -741.402 415.975 0 -11.2946
-238.389 -740.031 416.041 0 -11.2969
-238.663 -738.66 416.107 0 -11.2969
-238.937 -737.29 416.173 0 -11.2418
-239.209 -735.919 416.241 0 -11.1996
-239.481 -734.548 416.31 0 -11.1996
-239.752 -733.178 416.379 0 -11.1996
-240.024 -731.807 416.447 0 -11.1973
-240.295 -730.436 416.516 0 -11.1973
-240.566 -729.065 416.585 0 -11.1973
-240.838 -727.694 416.654 0 -11.1973
-241.109 -726.324 416.723 0 -11.1973
-241.38 -724.953 416.792 0 -11.1973
-241.652 -723.582 416.861 0 -11.1973
-241.923 -722.211 416.93 0 -11.1973
-242.195 -720.84 416.999 0 -11.1973
-242.466 -719.469 417.068 0 -11.1973
-242.737 -718.098 417.137 0 -11.1767
-243.008 -716.726 417.206 0 -11.0426
-243.276 -715.355 417.277 0 -11.0426
-243.544 -713.983 417.348 0 -11.0426
-243.812 -712.611 417.419 0 -11.0426
-244.079 -711.239 417.489 0 -11.0426
-244.347 -709.868 417.56 0 -11.0426
-244.615 -708.496 417.631 0 -11.0426
-244.882 -707.124 417.702 0 -11.0426
-245.15 -705.752 417.773 0 -11.0426
-245.418 -704.381 417.844 0 -11.0426
-245.685 -703.009 417.915 0 -11.0426
-245.953 -701.637 417.985 0 -11.0426
-246.221 -700.265 418.056 0 -11.0426
-246.489 -698.894 418.127 0 -11.0449
-246.756 -697.522 418.198 0 -10.896
-247.02 -696.149 418.269 0 -10.8329
-247.283 -694.777 418.341 0 -10.8329
-247.546 -693.404 418.413 0 -10.8329
-247.808 -692.031 418.485 0 -10.8329
-248.071 -690.659 418.556 0 -10.8307
-248.334 -689.286 418.628 0 -10.8307
-248.596 -687.914 418.7 0 -10.8307
-248.859 -686.542 418.771 0 -10.8307
-249.121 -685.169 418.843 0 -10.8307
-249.384 -683.797 418.915 0 -10.8307
-249.647 -682.424 418.986 0 -10.8284
-249.909 -681.052 419.058 0 -10.8284
-250.172 -679.679 419.13 0 -10.8284
-250.434 -678.306 419.202 0 -10.7553
-250.695 -676.933 419.273 0 -10.5591
-250.951 -675.559 419.345 0 -10.5591
-251.207 -674.185 419.416 0 -10.5637
-251.463 -672.811 419.488 0 -10.5637
-251.72 -671.437 419.559 0 -10.5637
-251.976 -670.063 419.631 0 -10.5637
-252.232 -668.69 419.702 0 -10.5637
-252.488 -667.316 419.774 0 -10.5637
-252.745 -665.942 419.845 0 -10.5637
-253.001 -664.568 419.917 0 -10.5637
-253.257 -663.194 419.988 0 -10.5637
-253.513 -661.82 420.06 0 -10.5637
-253.769 -660.446 420.131 0 -10.5637
-254.026 -659.072 420.203 0 -10.5637
-254.282 -657.698 420.274 0 -10.2859
-254.532 -656.323 420.344 0 -10.2349
-254.78 -654.947 420.415 0 -10.2349
-255.028 -653.572 420.485 0 -10.2349
-255.277 -652.196 420.555 0 -10.2349
-255.525 -650.821 420.625 0 -10.2349
-255.773 -649.445 420.695 0 -10.2326
-256.022 -648.07 420.765 0 -10.2326
-256.27 -646.695 420.836 0 -10.2326
-256.518 -645.319 420.906 0 -10.2326
-256.766 -643.944 420.976 0 -10.2326
-257.015 -642.568 421.046 0 -10.2326
-257.263 -641.193 421.116 0 -10.2372
-257.511 -639.818 421.186 0 -10.2372
-257.76 -638.442 421.257 0 -10.0773
-258.004 -637.067 421.326 0 -9.85339
-258.243 -635.69 421.393 0 -9.85339
-258.483 -634.313 421.461 0 -9.85339
-258.722 -632.936 421.529 0 -9.85338
-258.961 -631.559 421.597 0 -9.85338
-259.2 -630.182 421.665 0 -9.85338
-259.439 -628.804 421.732 0 -9.85338
-259.678 -627.427 421.8 0 -9.85338
-259.918 -626.05 421.868 0 -9.85338
-260.157 -624.673 421.936 0 -9.84882
-260.396 -623.295 422.003 0 -9.84882
-260.635 -621.918 422.071 0 -9.84882
-260.874 -620.541 422.139 0 -9.84882
-261.113 -619.164 422.207 0 -9.84737
-261.352 -617.787 422.274 0 -9.4137
-261.581 -616.407 422.339 0 -9.4102
-261.81 -615.028 422.403 0 -9.4102
-262.038 -613.649 422.467 0 -9.4102
-262.267 -612.27 422.532 0 -9.4102
-262.495 -610.891 422.596 0 -9.4102
-262.724 -609.512 422.66 0 -9.4102
-262.952 -608.132 422.725 0 -9.41247
-263.181 -606.753 422.789 0 -9.41247
-263.41 -605.374 422.853 0 -9.41247
-263.638 -603.995 422.917 0 -9.41247
-263.867 -602.616 422.982 0 -9.41247
-264.096 -601.236 423.046 0 -9.41247
-264.324 -599.857 423.11 0 -9.41249
-264.553 -598.478 423.175 0 -9.13126
-264.775 -597.098 423.236 0 -8.91456
-264.991 -595.717 423.296 0 -8.91456
-265.208 -594.336 423.356 0 -8.91456
-265.424 -592.955 423.415 0 -8.91456
-265.641 -591.574 423.475 0 -8.90998
-265.858 -590.193 423.535 0 -8.90998
-266.074 -588.811 423.595 0 -8.90998
-266.291 -587.43 423.654 0 -8.90998
-266.508 -586.048 423.714 0 -8.90998
-266.724 -584.666 423.774 0 -8.90998
-266.941 -583.285 423.834 0 -8.91216
-267.158 -581.901 423.893 0 -8.91216
-267.375 -580.517 423.953 0 -8.91216
-267.592 -579.133 424.013 0 -8.83075
-267.807 -577.748 424.072 0 -8.35739
-268.011 -576.362 424.126 0 -8.35739
-268.214 -574.976 424.18 0 -8.36422
-268.418 -573.59 424.235 0 -8.36422
-268.622 -572.204 424.289 0 -8.36422
-268.825 -570.818 424.343 0 -8.36422
-269.029 -569.433 424.397 0 -8.36422
-269.233 -568.047 424.451 0 -8.36422
-269.437 -566.661 424.505 0 -8.35315
-269.639 -565.282 424.559 0 -8.35315
-269.842 -563.903 424.613 0 -8.35315
-270.044 -562.525 424.667 0 -8.35315
-270.246 -561.146 424.721 0 -8.35315
-270.449 -559.767 424.775 0 -8.35315
-270.651 -558.389 424.829 0 -8.77075
-270.862 -557.023 424.881 0 -8.62439
-271.068 -555.662 424.934 0 -8.62439
-271.275 -554.301 424.986 0 -8.62439
-271.481 -552.941 425.039 0 -8.62439
-271.688 -551.58 425.091 0 -8.62439
-271.894 -550.219 425.144 0 -8.61609
-272.097 -548.879 425.195 0 -8.28253
-272.292 -547.539 425.244 0 -8.28253
-272.487 -546.198 425.293 0 -8.28253
-272.683 -544.857 425.341 0 -8.28253
-272.878 -543.516 425.39 0 -8.28253
-273.073 -542.175 425.439 0 -8.2401
-273.264 -540.854 425.487 0 -8.2401
-273.456 -539.532 425.535 0 -7.94428
-273.64 -538.209 425.58 0 -7.92292
-273.824 -536.886 425.625 0 -7.92292
-274.009 -535.563 425.67 0 -7.92292
-274.193 -534.24 425.715 0 -7.91324
-274.375 -532.927 425.759 0 -7.91324
-274.558 -531.614 425.804 0 -7.91324
-274.74 -530.302 425.849 0 -7.72436
-274.918 -528.988 425.891 0 -7.63978
-275.094 -527.675 425.932 0 -7.63978
-275.271 -526.361 425.973 0 -7.64223
-275.447 -525.044 426.015 0 -7.64223
-275.624 -523.726 426.056 0 -7.64223
-275.801 -522.409 426.098 0 -7.64223
-275.978 -521.091 426.139 0 -7.54336
-276.152 -519.774 426.179 0 -7.41255
-276.324 -518.456 426.217 0 -7.45533
-276.498 -517.121 426.255 0 -7.45533
-276.673 -515.787 426.294 0 -7.45533
-276.848 -514.452 426.332 0 -7.45533
-277.022 -513.118 426.37 0 -7.45533
-277.197 -511.783 426.409 0 -7.409
-277.37 -510.448 426.446 0 -7.22953
-277.544 -509.083 426.481 0 -7.22953
-277.717 -507.718 426.517 0 -7.22953
-277.89 -506.353 426.552 0 -7.22953
-278.063 -504.988 426.587 0 -7.22953
-278.236 -503.623 426.623 0 -7.22953
-278.409 -502.258 426.658 0 -7.15325
-278.585 -500.863 426.693 0 -7.04699
-278.757 -499.467 426.725 0 -7.04699
-278.93 -498.071 426.757 0 -7.04699
-279.102 -496.675 426.789 0 -7.04699
-279.275 -495.279 426.821 0 -7.04699
-279.447 -493.883 426.853 0 -7.08784
-279.622 -492.477 426.885 0 -7.04783
-279.796 -491.07 426.916 0 -6.98954
-279.969 -489.663 426.943 0 -6.98954
-280.141 -488.256 426.971 0 -6.98954
-280.314 -486.849 426.999 0 -6.98954
-280.486 -485.442 427.027 0 -6.95081
-280.656 -484.05 427.054 0 -6.95081
-280.826 -482.658 427.082 0 -6.91942
-280.994 -481.266 427.106 0 -6.89632
-281.163 -479.873 427.129 0 -6.89632
-281.331 -478.481 427.152 0 -6.89632
-281.5 -477.088 427.175 0 -6.97399
-281.667 -475.724 427.197 0 -6.97399
-281.834 -474.359 427.22 0 -6.97399
-282 -472.995 427.242 0 -6.96725
-282.167 -471.63 427.262 0 -6.9633
-282.334 -470.266 427.279 0 -6.9633
-282.501 -468.901 427.297 0 -6.91913
-282.665 -467.549 427.314 0 -6.91913
-282.829 -466.197 427.332 0 -6.91913
-282.993 -464.844 427.349 0 -6.91913
-283.157 -463.492 427.367 0 -6.1913
-283.303 -462.144 427.413 0 -6.16099
-283.449 -460.79 427.458 0 -6.19641
-283.598 -459.423 427.495 0 -6.21401
-283.747 -458.055 427.528 0 -6.2202
-283.896 -456.688 427.557 0 -6.23546
-284.045 -455.32 427.578 0 -6.23546
-284.195 -453.953 427.6 0 -6.2326
-284.344 -452.585 427.613 0 -6.22804
-284.495 -451.202 427.627 0 -6.21016
-284.645 -449.818 427.637 0 -6.20064
-284.796 -448.434 427.646 0 -6.18226
-284.946 -447.051 427.653 0 -6.1488
-285.095 -445.667 427.659 0 -6.14443
-285.244 -444.283 427.665 0 -6.04248
-285.389 -442.909 427.671 0 -6.04248
-285.535 -441.534 427.678 0 -5.96746
-285.678 -440.16 427.687 0 -5.94178
-285.821 -438.785 427.696 0 -5.88759
-285.963 -437.41 427.709 0 -5.81666
-286.103 -436.035 427.724 0 -5.89916
-286.242 -434.69 427.741 0 -5.76496
-286.378 -433.345 427.765 0 -5.76496
-286.514 -431.999 427.789 0 -5.88902
-286.653 -430.653 427.778 0 -5.85396
-286.791 -429.308 427.772 0 -5.86005
-286.929 -427.962 427.773 0 -5.82236
-287.064 -426.636 427.776 0 -5.81874
-287.199 -425.31 427.781 0 -5.81203
-287.334 -423.985 427.79 0 -5.81203
-287.469 -422.659 427.8 0 -5.78461
-287.603 -421.333 427.813 0 -5.78313
-287.738 -420.007 427.827 0 -5.79725
-287.873 -418.673 427.842 0 -5.77597
-288.008 -417.339 427.859 0 -5.765
-288.143 -416.005 427.875 0 -5.70996
-288.276 -414.671 427.892 0 -5.70996
-288.409 -413.337 427.909 0 -5.64387
-288.541 -412.003 427.924 0 -5.58709
-288.675 -410.639 427.94 0 -5.54251
-288.807 -409.275 427.954 0 -5.48397
-288.938 -407.91 427.966 0 -5.47171
-289.069 -406.546 427.977 0 -5.3623
-289.197 -405.181 427.983 0 -5.3623
-289.325 -403.816 427.989 0 -5.25785
-289.454 -402.419 427.989 0 -5.22631
-289.581 -401.022 427.987 0 -5.36088
-289.713 -399.623 427.989 0 -5.35708
-289.844 -398.227 427.99 0 -5.28268
-289.973 -396.83 427.99 0 -5.16941
-290.099 -395.432 427.991 0 -5.16016
-290.228 -394.008 427.991 0 -5.02268
-290.353 -392.583 427.99 0 -5.01732
-290.478 -391.158 427.989 0 -4.96304
-290.602 -389.734 427.988 0 -4.91931
-290.725 -388.309 427.986 0 -4.91166
-290.847 -386.884 427.984 0 -4.86812
-290.971 -385.427 427.981 0 -4.86812
-291.095 -383.97 427.977 0 -4.8616
-291.219 -382.514 427.973 0 -4.85978
-291.343 -381.057 427.968 0 -4.87515
-291.467 -379.6 427.963 0 -4.89627
-291.592 -378.144 427.956 0 -4.87039
-291.718 -376.658 427.949 0 -4.94535
-291.847 -375.172 427.941 0 -4.94535
-291.976 -373.686 427.932 0 -5.04145
-292.107 -372.201 427.922 0 -5.07151
-292.238 -370.716 427.911 0 -5.14744
-292.372 -369.23 427.9 540149 -5.26172
-292.51 -367.733 427.886 540149 -5.17405
-292.646 -366.235 427.879 550149 -4.98145
-292.776 -364.737 427.874 550149 -4.63976
-292.898 -363.238 427.865 550149 -4.3745
-293.013 -361.739 427.853 550149 -4.18485
-293.122 -360.239 427.838 0 -4.06068
-293.228 -358.752 427.821 0 -4.02979
-293.333 -357.264 427.805 0 -4.08147
-293.439 -355.776 427.789 0 -4.20472
-293.548 -354.289 427.775 0 -4.39887
-293.663 -352.802 427.763 0 -4.66324
-293.784 -351.316 427.755 0 -4.50769
-293.898 -349.868 427.74 0 -4.40345
-294.01 -348.417 427.722 0 -4.40345
-294.122 -346.966 427.705 0 -4.40345
-294.233 -345.515 427.687 0 -4.40345
-294.345 -344.064 427.669 0 -4.40345
-294.457 -342.613 427.651 0 -4.52221
-294.568 -341.202 427.634 0 -4.52221
-294.68 -339.791 427.617 0 -4.52221
-294.792 -338.379 427.6 0 -4.52221
-294.903 -336.968 427.582 0 -4.52221
-295.015 -335.557 427.565 0 -4.2113
-295.119 -334.145 427.544 0 -4.15893
-295.22 -332.756 427.523 0 -4.15893
-295.321 -331.368 427.501 0 -4.15892
-295.422 -329.979 427.48 0 -4.15892
-295.523 -328.59 427.458 0 -4.15892
-295.624 -327.202 427.437 0 -4.15892
-295.725 -325.813 427.415 0 -4.12062
-295.824 -324.43 427.394 0 -4.12062
-295.924 -323.047 427.373 0 -4.12062
-296.024 -321.664 427.351 0 -4.12062
-296.123 -320.281 427.33 0 -3.88208
-296.217 -318.898 427.306 0 -3.77961
-296.308 -317.514 427.28 0 -3.75401
-296.4 -316.126 427.254 0 -3.75401
-296.491 -314.738 427.228 0 -3.75401
-296.582 -313.35 427.202 0 -3.75401
-296.673 -311.962 427.176 0 -3.75401
-296.764 -310.574 427.15 0 -3.75401
-296.855 -309.186 427.124 0 -3.76279
-296.946 -307.794 427.098 0 -3.76279
-297.038 -306.402 427.072 0 -3.76279
-297.13 -305.01 427.046 0 -3.59336
-297.217 -303.617 427.018 0 -3.43573
-297.301 -302.225 426.987 0 -3.43573
-297.384 -300.832 426.957 0 -3.43573
-297.468 -299.439 426.926 0 -3.43573
-297.551 -298.047 426.895 0 -3.43573
-297.635 -296.654 426.865 0 -3.43573
-297.719 -295.261 426.834 0 -3.43573
-297.802 -293.869 426.804 0 -3.43573
-297.886 -292.476 426.773 0 -3.43353
-297.969 -291.084 426.742 0 -3.43353
-298.053 -289.693 426.712 0 -3.3206
-298.134 -288.301 426.679 0 -3.12044
-298.21 -286.909 426.644 0 -3.12044
-298.285 -285.517 426.609 0 -3.12044
-298.361 -284.125 426.574 0 -3.12272
-298.437 -282.733 426.538 0 -3.12272
-298.513 -281.341 426.503 0 -3.12272
-298.589 -279.949 426.468 0 -3.12272
-298.665 -278.557 426.433 0 -3.12272
-298.741 -277.165 426.397 0 -3.12272
-298.817 -275.773 426.362 0 -3.12954
-298.893 -274.381 426.327 0 -3.07146
-298.968 -272.988 426.291 0 -2.8304
-299.037 -271.596 426.251 0 -2.8304
-299.106 -270.203 426.211 0 -2.8304
-299.174 -268.81 426.171 0 -2.8304
-299.243 -267.418 426.131 0 -2.83268
-299.312 -266.025 426.091 0 -2.83268
-299.381 -264.633 426.051 0 -2.83268
-299.45 -263.24 426.011 0 -2.83268
-299.519 -261.847 425.971 0 -2.83268
-299.588 -260.455 425.931 0 -2.83268
-299.657 -259.062 425.891 0 -2.8208
-299.725 -257.67 425.851 0 -2.54296
-299.787 -256.278 425.806 0 -2.54296
-299.849 -254.885 425.761 0 -2.54296
-299.911 -253.493 425.716 0 -2.54296
-299.973 -252.1 425.672 0 -2.54296
-300.034 -250.708 425.627 0 -2.53836
-300.096 -249.315 425.582 0 -2.53836
-300.158 -247.922 425.537 0 -2.53836
-300.22 -246.529 425.492 0 -2.53836
-300.281 -245.137 425.448 0 -2.53836
-300.343 -243.744 425.403 0 -2.53836
-300.405 -242.351 425.358 0 -2.30725
-300.461 -240.958 425.309 0 -2.26716
-300.516 -239.566 425.26 0 -2.26716
-300.571 -238.173 425.21 0 -2.26716
-300.626 -236.781 425.16 0 -2.26716
-300.682 -235.388 425.111 0 -2.26716
-300.737 -233.995 425.061 0 -2.26713
-300.792 -232.603 425.011 0 -2.26713
-300.847 -231.21 424.962 0 -2.26713
-300.902 -229.817 424.912 0 -2.26713
-300.957 -228.424 424.862 0 -2.26713
-301.012 -227.031 424.813 0 -2.09372
-301.063 -225.638 424.76 0 -2.00984
-301.112 -224.245 424.705 0 -2.00984
-301.161 -222.852 424.651 0 -2.00984
-301.21 -221.459 424.596 0 -2.00984
-301.259 -220.066 424.541 0 -2.00984
-301.308 -218.673 424.487 0 -2.00984
-301.357 -217.28 424.432 0 -2.00981
-301.406 -215.887 424.378 0 -2.00981
-301.454 -214.493 424.323 0 -2.00981
-301.503 -213.1 424.268 0 -2.00981
-301.552 -211.707 424.214 0 -1.88968
-301.598 -210.313 424.157 0 -1.76646
-301.641 -208.92 424.097 0 -1.76657
-301.684 -207.528 424.038 0 -1.76657
-301.727 -206.136 423.978 0 -1.76657
-301.77 -204.744 423.919 0 -1.76657
-301.813 -203.352 423.859 0 -1.76657
-301.856 -201.96 423.8 0 -1.76657
-301.899 -200.568 423.74 0 -1.76689
-301.942 -199.18 423.681 0 -1.76689
-301.984 -197.791 423.621 0 -1.76689
-302.027 -196.403 423.562 0 -2.12203
-302.079 -195.014 423.501 0 -2.17061
-302.131 -193.627 423.438 0 -2.17061
-302.184 -192.239 423.374 0 -2.17739
-302.237 -190.85 423.31 0 -2.17739
-302.29 -189.461 423.246 0 -2.17739
-302.342 -188.072 423.183 0 -2.17739
-302.395 -186.683 423.119 0 -2.17739
-302.448 -185.295 423.055 0 -2.17739
-302.501 -183.906 422.991 0 -2.20332
-302.555 -182.503 422.927 0 -2.20332
-302.609 -181.1 422.863 0 -2.20332
-302.663 -179.697 422.798 0 -2.17044
-302.716 -178.295 422.733 0 -2.137
-302.768 -176.892 422.667 0 -2.137
-302.82 -175.489 422.601 0 -2.09587
-302.873 -174.054 422.534 0 -2.09587
-302.925 -172.62 422.466 0 -2.09587
-302.978 -171.185 422.399 0 -2.09587
-303.031 -169.75 422.331 0 -2.09587
-303.083 -168.315 422.264 0 -2.09587
-303.136 -166.881 422.197 0 -1.98712
-303.187 -165.409 422.127 0 -1.98712
-303.238 -163.937 422.058 0 -1.98712
-303.289 -162.465 421.989 0 -1.95362
-303.339 -160.994 421.919 0 -1.93455
-303.389 -159.522 421.849 0 -1.93455
-303.438 -158.05 421.778 0 -1.89836
-303.488 -156.553 421.707 0 -1.89836
-303.538 -155.055 421.635 0 -1.89836
-303.587 -153.558 421.564 0 -1.89836
-303.637 -152.06 421.492 0 -1.89836
-303.687 -150.563 421.42 0 -1.89836
-303.736 -149.065 421.349 570149 -1.90072
-303.786 -147.556 421.277 570149 -1.90072
-303.836 -146.047 421.204 570149 -1.89214
-303.886 -144.537 421.132 570149 -1.8619
-303.935 -143.028 421.059 570149 -1.8619
-303.984 -141.518 420.986 570149 -1.8619
-304.033 -140.009 420.913 570149 -1.85985
-304.082 -138.497 420.84 570149 -1.85985
-304.132 -136.985 420.767 570149 -1.85985
-304.181 -135.473 420.694 570149 -1.85985
-304.23 -133.961 420.621 570149 -1.85985
-304.279 -132.449 420.548 570149 -1.85985
-304.328 -130.937 420.475 570149 -1.85778
-304.377 -129.423 420.402 570149 -1.85778
-304.426 -127.909 420.328 570149 -1.83437
-304.475 -126.395 420.255 570149 -1.83272
-304.523 -124.882 420.181 570149 -1.83272
-304.572 -123.368 420.108 570149 -1.83272
-304.62 -121.854 420.034 570149 -1.83694
-304.669 -120.339 419.961 570149 -1.83694
-304.717 -118.825 419.887 570149 -1.83694
-304.766 -117.31 419.814 570149 -1.83694
-304.814 -115.795 419.74 570149 -1.83694
-304.863 -114.281 419.667 570149 -1.83694
-304.911 -112.766 419.593 570149 -1.83271
-304.96 -111.252 419.52 570149 -1.82519
-305.008 -109.739 419.446 570149 -1.82141
-305.056 -108.226 419.373 570149 -1.82141
-305.104 -106.712 419.299 570149 -1.82141
-305.152 -105.199 419.226 570149 -1.82141
-305.201 -103.685 419.153 570149 -1.81931
-305.249 -102.172 419.079 570149 -1.81931
-305.297 -100.658 419.006 570149 -1.81931
-305.345 -99.1451 418.932 570149 -1.81931
-305.393 -97.6316 418.859 570149 -1.81931
-305.441 -96.1182 418.786 570149 -1.81931
-305.489 -94.6048 418.712 570149 -1.82451
-305.537 -93.09 418.639 570149 -1.82601
-305.586 -91.5753 418.566 570149 -1.82601
-305.634 -90.0605 418.493 570149 -1.82601
-305.682 -88.5457 418.42 570149 -1.82601
-305.73 -87.031 418.347 570149 -1.82601
-305.779 -85.5162 418.274 570149 -1.85542
-305.828 -83.9968 418.201 570149 -1.85542
-305.877 -82.4774 418.128 570149 -1.85542
-305.926 -80.958 418.055 570149 -1.85542
-305.976 -79.4386 417.982 570149 -1.85542
-306.025 -77.9192 417.909 570149 -1.85778
-306.074 -76.3998 417.836 570149 -1.91544
-306.125 -74.874 417.763 570149 -1.91544
-306.176 -73.3483 417.691 570149 -1.91544
-306.227 -71.8226 417.618 570149 -1.91544
-306.278 -70.2969 417.546 570149 -1.91544
-306.329 -68.7712 417.473 570149 -1.91544
-306.38 -67.2455 417.401 570149 -1.94445
-306.432 -65.7158 417.328 570149 -1.94445
-306.484 -64.1861 417.256 570149 -1.94445
-306.536 -62.6564 417.183 570149 -1.94445
-306.588 -61.1267 417.11 570149 -1.94445
-306.64 -59.597 417.038 570149 -1.97367
-306.693 -58.0673 416.967 570149 -1.98266
-306.746 -56.5359 416.895 570149 -1.98266
-306.799 -55.0046 416.824 570149 -1.98266
-306.852 -53.4732 416.753 570149 -1.98266
-306.905 -51.9418 416.681 570149 -1.98266
-306.958 -50.4104 416.61 570149 -1.98266
-307.011 -48.879 416.539 570149 -1.97643
-307.064 -47.3476 416.468 570149 -1.97643
-307.116 -45.8163 416.396 570149 -1.97643
-307.169 -44.2849 416.325 570149 -1.97643
-307.222 -42.7535 416.254 570149 -2.01281
-307.276 -41.2221 416.184 570149 -2.02017
-307.33 -39.6906 416.115 570149 -2.02018
-307.384 -38.1595 416.045 570149 -2.02018
-307.438 -36.6284 415.976 570149 -2.02018
-307.492 -35.0973 415.907 570149 -2.02018
-307.546 -33.5662 415.837 570149 -2.02018
-307.6 -32.0351 415.768 570149 -2.02018
-307.654 -30.504 415.698 570149 -2.0202
-307.708 -28.9732 415.629 570149 -2.0202
-307.762 -27.4425 415.56 570149 -2.0202
-307.816 -25.9117 415.49 570149 -1.95607
-307.868 -24.3808 415.421 580149 -1.96592
-307.921 -22.8499 415.353 580149 -1.96592
-307.973 -21.3191 415.284 580149 -1.96603
-308.026 -19.7906 415.216 580149 -1.96603
-308.078 -18.262 415.147 580149 -1.96603
-308.131 -16.7335 415.079 580149 -1.96603
-308.183 -15.205 415.01 580149 -1.96603
-308.236 -13.6765 414.942 580149 -1.96603
-308.288 -12.1479 414.873 580149 -1.97647
-308.341 -10.6201 414.805 580149 -1.96186
-308.393 -9.09218 414.738 580149 -1.95011
-308.445 -7.56423 414.671 580149 -1.95011
-308.497 -6.03627 414.604 580149 -1.95011
-308.549 -4.50832 414.538 580149 -1.95011
-308.601 -2.98036 414.471 580149 -1.9394
-308.653 -1.44607 414.404 580149 -1.9394
-308.705 0.0882164 414.338 580149 -1.9394
-308.757 1.6225 414.271 580149 -1.9394
-308.809 3.15679 414.204 580149 -1.9394
-308.861 4.69108 414.137 580149 -1.93759
-308.913 6.22538 414.07 580149 -1.85719
-308.963 7.77813 414.005 580149 -1.85719
-309.014 9.33087 413.939 580149 -1.85719
-309.064 10.8836 413.873 580149 -1.85719
-309.114 12.4364 413.807 580149 -1.85719
-309.165 13.9891 413.742 580149 -1.85719
-309.215 15.5419 413.676 580149 -1.77632
-309.264 17.118 413.609 580149 -1.77632
-309.313 18.6941 413.542 580149 -1.77632
-309.362 20.2702 413.475 580149 -1.77632
-309.411 21.8463 413.409 580149 -1.76837
-309.459 23.4225 413.343 580149 -1.76699
-309.508 24.9988 413.279 580149 -1.70794
-309.555 26.593 413.213 580149 -1.70794
-309.603 28.1872 413.147 580149 -1.70794
-309.651 29.7815 413.082 580149 -1.70794
-309.698 31.3757 413.016 580149 -1.70794
-309.746 32.9699 412.95 580149 -1.70794
-309.793 34.5642 412.885 580149 -1.69858
-309.841 36.1654 412.819 580149 -1.69858
-309.888 37.7667 412.753 580149 -1.69793
-309.936 39.368 412.688 580149 -1.69777
-309.983 40.9693 412.624 580149 -1.69777
-310.031 42.5706 412.56 580149 -1.69777
-310.078 44.1719 412.496 580149 -1.70759
-310.126 45.7719 412.432 580149 -1.70759
-310.173 47.3719 412.368 580149 -1.70759
-310.221 48.9718 412.304 580149 -1.70759
-310.269 50.5718 412.24 580149 -1.70759
-310.316 52.1718 412.176 580149 -1.70759
-310.364 53.7718 412.112 580149 -1.71145
-310.412 55.3688 412.049 580149 -1.71305
-310.46 56.9658 411.987 580149 -1.71305
-310.507 58.5629 411.925 580149 -1.71305
-310.555 60.1599 411.863 580149 -1.71305
-310.603 61.757 411.801 580149 -1.71305
-310.651 63.354 411.739 580149 -1.71711
-310.699 64.9521 411.676 580149 -1.71711
-310.747 66.5501 411.614 580149 -1.71711
-310.794 68.1481 411.552 580149 -1.71711
-310.842 69.7462 411.49 580149 -1.72957
-310.891 71.3443 411.429 580149 -1.73332
-310.939 72.9424 411.369 580149 -1.73168
-310.987 74.5448 411.308 580149 -1.73168
-311.036 76.1472 411.248 580149 -1.73168
-311.084 77.7496 411.187 580149 -1.73168
-311.133 79.3521 411.127 580149 -1.73168
-311.181 80.9545 411.066 580149 -1.73168
-311.23 82.5569 411.006 580149 -1.77964
-311.28 84.1653 410.945 580149 -1.77964
-311.33 85.7736 410.884 580149 -1.79892
-311.38 87.3821 410.825 580149 -1.80435
-311.431 88.9905 410.766 580149 -1.80435
-311.481 90.5989 410.707 580149 -1.80435
-311.532 92.2073 410.647 580149 -1.88939
-311.586 93.8333 410.588 580149 -1.88939
-311.639 95.4593 410.528 580149 -1.88939
-311.693 97.0852 410.468 580149 -1.88939
-311.747 98.7112 410.409 580149 -1.88939
-311.8 100.337 410.349 580149 -1.88939
-311.854 101.963 410.289 580149 -1.88265
-311.909 103.624 410.23 580149 -1.88617
-311.963 105.284 410.171 580149 -1.88617
-312.018 106.945 410.112 580149 -1.88617
-312.073 108.606 410.053 580149 -1.88617
-312.127 110.267 409.993 580149 -1.88617
-312.182 111.927 409.934 580149 -1.80476
-312.236 113.629 409.874 580149 -1.80476
-312.289 115.331 409.813 580149 -1.80476
-312.343 117.033 409.752 580149 -1.81909
-312.397 118.735 409.692 580149 -1.84649
-312.452 120.437 409.633 580149 -1.84649
-312.507 122.139 409.575 580149 -1.81484
-312.562 123.886 409.514 580149 -1.81484
-312.617 125.633 409.454 580149 -1.81484
-312.673 127.38 409.393 580149 -1.81484
-312.728 129.126 409.333 580149 -1.81484
-312.783 130.873 409.273 580149 -1.81484
-312.839 132.62 409.212 580149 -1.82055
-312.895 134.386 409.151 590149 -1.73471
-312.948 136.153 409.092 590149 -1.73471
-313.002 137.921 409.033 590149 -1.73471
-313.055 139.688 408.973 590149 -1.73471
-313.109 141.455 408.914 590149 -1.73471
-313.162 143.222 408.855 590149 -1.73303
-313.216 144.992 408.795 590149 -1.73303
-313.27 146.762 408.736 590149 -1.73303
-313.323 148.532 408.676 590149 -1.73303
-313.377 150.303 408.617 590149 -1.73303
-313.43 152.073 408.558 590149 -1.73303
-313.484 153.843 408.498 590149 -1.73286
-313.537 155.609 408.439 590149 -1.74389
-313.591 157.374 408.38 590149 -1.766
-313.645 159.14 408.322 590149 -1.766
-313.7 160.906 408.264 590149 -1.766
-313.754 162.672 408.206 590149 -1.766
-313.809 164.438 408.148 590149 -1.76778
-313.863 166.203 408.09 590149 -1.76778
-313.918 167.969 408.032 590149 -1.76778
-313.972 169.734 407.974 590149 -1.76778
-314.027 171.5 407.915 590149 -1.76778
-314.081 173.265 407.857 590149 -1.76778
-314.136 175.031 407.799 590149 -1.7679
-314.19 176.799 407.741 590149 -1.7679
-314.245 178.568 407.683 590149 -1.77356
-314.3 180.336 407.625 590149 -1.79191
-314.355 182.105 407.568 590149 -1.79191
-314.41 183.873 407.511 590149 -1.79191
-314.466 185.642 407.454 590149 -1.79725
-314.521 187.408 407.396 590149 -1.79725
-314.577 189.175 407.339 590149 -1.79725
-314.632 190.942 407.282 590149 -1.79725
-314.687 192.709 407.225 590149 -1.79725
-314.743 194.476 407.168 590149 -1.79725
-314.798 196.243 407.111 590149 -1.7406
-314.852 197.997 407.054 590149 -1.7406
-314.905 199.752 406.997 590149 -1.7406
-314.958 201.507 406.941 590149 -1.74238
-315.012 203.262 406.884 590149 -1.75548
-315.065 205.017 406.828 590149 -1.75548
-315.119 206.772 406.772 590149 -1.76264
-315.172 208.497 406.717 590149 -1.76264
-315.225 210.223 406.662 590149 -1.76264
-315.279 211.949 406.607 590149 -1.76264
-315.332 213.674 406.552 590149 -1.76264
-315.385 215.4 406.496 590149 -1.76264
-315.438 217.125 406.441 590149 -1.8317
-315.492 218.813 406.388 590149 -1.8317
-315.546 220.5 406.334 590149 -1.8317
-315.6 222.187 406.28 590149 -1.8317
-315.654 223.874 406.226 590149 -1.8317
-315.708 225.562 406.172 590149 -1.83532
-315.762 227.249 406.119 590149 -1.83878
-315.815 228.915 406.066 590149 -1.83878
-315.869 230.581 406.013 590149 -1.83878
-315.922 232.248 405.96 590149 -1.83878
-315.976 233.914 405.908 590149 -1.83878
-316.029 235.58 405.855 590149 -1.83878
-316.083 237.246 405.802 590149 -1.98702
-316.141 238.923 405.749 590149 -1.98702
-316.199 240.601 405.696 590149 -1.98702
-316.257 242.278 405.643 590149 -1.98702
-316.315 243.955 405.59 590149 -1.98702
-316.374 245.632 405.537 590149 -1.98702
-316.432 247.309 405.484 590149 -1.93983
-316.49 249.035 405.429 590149 -1.937
-316.549 250.761 405.375 590149 -1.93645
-316.607 252.487 405.32 590149 -1.93645
-316.665 254.213 405.266 590149 -1.93645
-316.724 255.94 405.211 590149 -1.93645
-316.782 257.666 405.157 590149 -1.85769
-316.839 259.431 405.101 590149 -1.85769
-316.897 261.197 405.046 590149 -1.85769
-316.954 262.962 404.99 590149 -1.85769
-317.011 264.728 404.934 590149 -1.85769
-317.068 266.493 404.879 590149 -1.85769
-317.126 268.259 404.823 590149 -1.82669
-317.183 270.072 404.766 590149 -1.82669
-317.241 271.885 404.709 590149 -1.81803
-317.299 273.699 404.652 590149 -1.81417
-317.356 275.512 404.595 590149 -1.81417
-317.414 277.326 404.537 590149 -1.81417
-317.471 279.139 404.48 590149 -1.88588
-317.532 280.973 404.423 590149 -1.88588
-317.592 282.807 404.365 590149 -1.88588
-317.652 284.641 404.307 590149 -1.88588
-317.713 286.476 404.249 590149 -1.88588
-317.773 288.31 404.191 590149 -1.88588
-317.833 290.144 404.134 590149 -1.88583
-317.894 291.983 404.076 590149 -1.88583
-317.955 293.822 404.018 590149 -1.88482
-318.015 295.661 403.96 590149 -1.86419
-318.075 297.5 403.901 590149 -1.86419
-318.135 299.339 403.843 590149 -1.86419
-318.195 301.178 403.785 590149 -1.8643
-318.254 303.007 403.727 590149 -1.8643
-318.314 304.835 403.669 590149 -1.8643
-318.373 306.664 403.611 590149 -1.8643
-318.433 308.493 403.554 590149 -1.8643
-318.492 310.322 403.496 590149 -1.8643
-318.552 312.15 403.438 590149 -1.87321
-318.611 313.965 403.38 590149 -1.87321
-318.671 315.78 403.323 590149 -1.87321
-318.73 317.595 403.265 590149 -1.86124
-318.789 319.411 403.208 590149 -1.84243
-318.847 321.226 403.15 590149 -1.84243
-318.906 323.041 403.092 590149 -1.81789
-318.963 324.857 403.034 590149 -1.81789
-319.021 326.674 402.976 590149 -1.81789
-319.079 328.49 402.918 590149 -1.81789
-319.136 330.307 402.86 590149 -1.81789
-319.194 332.123 402.802 590149 -1.81789
-319.252 333.939 402.744 590149 -1.7224
-319.307 335.773 402.685 590149 -1.7224
-319.362 337.606 402.627 590149 -1.7224
-319.417 339.439 402.568 590149 -1.7224
-319.472 341.272 402.51 590149 -1.69475
-319.526 343.105 402.451 590149 -1.6825
-319.58 344.939 402.392 590149 -1.61727
-319.633 346.8 402.331 590149 -1.61727
-319.685 348.662 402.271 590149 -1.61727
-319.738 350.524 402.211 590149 -1.61727
-319.79 352.386 402.151 590149 -1.61727
-319.843 354.248 402.091 590149 -1.61727
-319.896 356.11 402.03 590149 -1.55799
-319.947 357.991 401.969 590149 -1.55799
-319.998 359.873 401.909 590149 -1.55799
-320.049 361.754 401.848 590149 -1.55799
-320.1 363.635 401.787 590149 -1.62425
-320.154 365.518 401.726 600149 -1.66411
-320.208 367.399 401.664 600149 -1.63916
-320.262 369.283 401.601 600149 -1.63916
-320.316 371.167 401.539 600149 -1.63915
-320.37 373.051 401.477 600149 -1.63915
-320.424 374.936 401.414 600149 -1.63915
-320.478 376.82 401.352 600149 -1.63915
-320.532 378.704 401.29 600149 -1.66379
-320.586 380.582 401.227 600149 -1.66379
-320.641 382.459 401.165 600149 -1.30858
-320.684 384.338 401.107 600149 -1.05889
-320.719 386.217 401.051 600149 -1.05889
-320.753 388.095 400.996 600149 -1.05889
-320.788 389.974 400.94 600149 -1.13233
-320.825 391.838 400.885 600149 -1.13233
-320.862 393.702 400.829 600149 -1.13233
-320.899 395.567 400.774 600149 -1.13233
-320.935 397.431 400.719 600149 -1.13233
-320.972 399.295 400.664 600149 -1.13233
-321.009 401.159 400.609 600149 -0.868563
-321.037 403.007 400.557 600149 -0.585938
-321.056 404.854 400.509 600149 -0.585938
-321.075 406.702 400.461 600149 -0.585937
-321.094 408.55 400.413 600149 -0.585937
-321.113 410.397 400.365 600149 -0.585937
-321.132 412.245 400.317 600149 -0.63929
-321.152 414.08 400.269 600149 -0.63929
-321.172 415.914 400.222 600149 -0.63929
-321.193 417.749 400.174 600149 -0.63929
-321.213 419.584 400.126 600149 -0.399634
-321.226 421.419 400.081 600149 0.0146071
-321.226 423.254 400.04 600149 0.000710768
-321.226 425.083 399.999 600149 0.000710804
-321.226 426.913 399.959 600149 0.000710775
-321.226 428.743 399.918 600149 0.000710798
-321.226 430.573 399.877 600149 0.000710781
-321.226 432.403 399.836 600149 0.000710778
-321.226 434.233 399.796 600149 0.0146236
-321.225 436.064 399.755 600149 0.0146236
-321.225 437.894 399.714 600149 0.0948119
-321.222 439.725 399.674 600149 0.692717
-321.2 441.556 399.64 600149 0.692717
-321.177 443.386 399.607 600149 0.692717
-321.155 445.217 399.573 600149 0.690975
-321.133 447.049 399.539 600149 0.690975
-321.111 448.881 399.506 600149 0.690975
-321.089 450.713 399.472 600149 0.690975
-321.067 452.545 399.438 600149 0.690975
-321.045 454.377 399.404 600149 0.690975
-321.023 456.209 399.371 600149 0.690973
-321.001 458.041 399.337 600149 1.30289
-320.959 459.874 399.31 600149 1.39301
-320.914 461.706 399.283 600149 1.39301
-320.87 463.538 399.257 600149 1.39301
-320.825 465.371 399.231 600149 1.39301
-320.781 467.203 399.204 600149 1.39301
-320.736 469.035 399.178 600149 1.39301
-320.692 470.867 399.151 600149 1.39301
-320.647 472.699 399.125 600149 1.39301
-320.602 474.531 399.099 600149 1.39301
-320.558 476.363 399.072 600149 1.84646
-320.499 478.195 399.051 600149 2.12043
-320.431 480.026 399.032 600149 2.12043
-320.363 481.857 399.013 600149 2.12043
-320.296 483.688 398.994 600149 2.12043
-320.228 485.519 398.975 600149 2.12043
-320.16 487.35 398.957 600149 2.12043
-320.092 489.181 398.938 600149 2.11869
-320.024 491.013 398.919 600149 2.11869
-319.957 492.845 398.9 600149 2.11869
-319.889 494.677 398.881 600149 2.39632
-319.812 496.509 398.865 600149 2.86767
-319.72 498.34 398.854 600149 2.86767
-319.629 500.171 398.843 600149 2.86944
-319.537 501.994 398.833 600149 2.86944
-319.446 503.817 398.822 600149 2.86944
-319.355 505.64 398.811 600149 2.86944
-319.263 507.463 398.8 600149 2.86944
-319.172 509.286 398.789 600149 2.86944
-319.08 511.109 398.778 600149 2.86941
-318.989 512.94 398.767 600149 2.9347
-318.895 514.771 398.756 600149 3.6413
-318.778 516.6 398.753 600149 3.6413
-318.662 518.43 398.751 600149 3.6413
-318.546 520.259 398.748 600149 3.6413
-318.429 522.088 398.745 600149 3.63948
-318.311 523.947 398.742 600149 3.63948
-318.193 525.805 398.739 600149 3.63948
-318.075 527.663 398.736 600149 3.63948
-317.956 529.521 398.733 600149 3.63948
-317.838 531.38 398.73 600149 3.63948
-317.72 533.238 398.727 600149 4.23239
-317.58 535.124 398.731 600149 4.30416
-317.438 537.01 398.737 600149 4.30416
-317.297 538.895 398.742 600149 4.30416
-317.155 540.781 398.748 600149 4.30416
-317.013 542.667 398.753 600149 4.30416
-316.871 544.552 398.759 600149 4.24693
-316.728 546.473 398.764 600149 4.24693
-316.585 548.394 398.77 600149 4.24693
-316.443 550.315 398.775 600149 4.29868
-316.298 552.236 398.78 610149 4.73768
-316.139 554.156 398.788 610149 4.73768
-315.98 556.075 398.796 610149 4.80876
-315.816 558.023 398.804 610149 4.80876
-315.652 559.972 398.812 610149 4.80876
-315.489 561.92 398.82 610149 5.06721
-315.316 563.867 398.832 610149 5.24609
-315.137 565.814 398.847 610149 5.24609
-314.958 567.761 398.862 610149 5.2729
-314.777 569.725 398.876 610149 5.2729
-314.596 571.69 398.891 610149 5.2729
-314.415 573.654 398.906 610149 5.62279
-314.221 575.617 398.925 610149 5.71136
-314.025 577.58 398.946 610149 5.71136
-313.829 579.543 398.967 610149 5.74838
-313.631 581.502 398.988 610149 5.74838
-313.434 583.461 399.009 610149 5.75805
-313.237 585.42 399.03 610149 6.18791
-313.024 587.378 399.057 610149 6.18791
-312.812 589.335 399.083 610149 6.18791
-312.6 591.293 399.11 610149 6.08814
-312.397 593.192 399.136 610149 6.08814
-312.195 595.091 399.162 610149 6.15618
-311.99 596.99 399.188 610149 6.52869
-311.773 598.888 399.219 610149 6.52869
-311.556 600.785 399.25 610149 6.52869
-311.338 602.683 399.281 610149 6.49354
-311.127 604.544 399.312 610149 6.49354
-310.915 606.406 399.342 610149 6.55408
-310.701 608.267 399.373 610149 6.93505
-310.475 610.126 399.408 610149 6.93505
-310.249 611.986 399.443 610149 6.93505
-310.022 613.845 399.478 610149 6.89312
-309.804 615.653 399.513 610149 6.89312
-309.585 617.461 399.547 610149 6.89313
-309.367 619.269 399.581 610149 7.32297
-309.135 621.075 399.619 610149 7.33554
-308.902 622.881 399.657 610149 7.33555
-308.67 624.687 399.696 610149 7.41064
-308.438 626.47 399.734 610149 7.41064
-308.206 628.254 399.771 610149 7.41064
-307.974 630.037 399.809 610149 7.70885
-307.732 631.82 399.85 610149 7.85392
-307.487 633.601 399.891 610149 7.85392
-307.241 635.383 399.933 610149 7.85588
-306.995 637.167 399.975 610149 7.85588
-306.749 638.951 400.016 610149 7.85589
-306.502 640.735 400.058 610149 8.0064
-306.252 642.518 400.101 610149 8.29997
-305.992 644.3 400.146 610149 8.29997
-305.732 646.082 400.191 610149 8.29841
-305.468 647.888 400.237 610149 8.29841
-305.205 649.694 400.283 610149 8.29841
-304.942 651.499 400.328 610149 8.32419
-304.677 653.305 400.374 610149 8.74324
-304.4 655.109 400.423 610149 8.74324
-304.123 656.912 400.472 610149 8.74313
-303.845 658.714 400.521 610149 8.74314
-303.568 660.517 400.57 610149 8.74314
-303.291 662.319 400.618 610149 8.74314
-303.014 664.121 400.667 610149 8.3993
-302.747 665.926 400.729 620149 8.5939
-302.475 667.729 400.79 620149 8.82592
-302.199 669.505 400.85 620149 8.95058
-301.919 671.282 400.909 620149 9.11192
-301.635 673.057 400.968 620149 9.2524
-301.346 674.832 401.028 620149 9.35487
-301.053 676.606 401.087 620149 9.49871
-300.757 678.379 401.147 620149 9.66424
-300.457 680.14 401.207 620149 9.79786
-300.153 681.899 401.268 620149 9.8211
-299.848 683.658 401.329 620149 9.93242
-299.54 685.417 401.393 620149 9.94223
-299.232 687.175 401.457 620149 10.0057
-298.922 688.933 401.523 620149 10.0975
-298.608 690.698 401.591 620149 10.1189
-298.293 692.462 401.661 620149 10.1135
-297.978 694.226 401.733 620149 10.1037
-297.664 695.99 401.808 620149 10.6626
-297.333 697.75 401.874 630149 10.8051
-296.997 699.51 401.936 630149 10.6349
-296.661 701.299 402.001 630149 10.6028
-296.326 703.087 402.067 630149 10.5421
-295.993 704.876 402.133 630149 10.5392
-295.66 706.665 402.201 630149 10.5375
-295.328 708.454 402.269 630149 10.616
-294.992 710.242 402.339 630149 10.6645
-294.652 712.048 402.411 630149 10.7941
-294.308 713.853 402.483 630149 10.9403
-293.959 715.657 402.557 630149 11.054
-293.607 717.461 402.632 630149 11.3608
-293.245 719.262 402.709 630149 11.4902
-292.879 721.063 402.786 630149 11.7638
-292.501 722.877 402.866 630149 12.0452
-292.115 724.689 402.946 630149 12.2878
-291.72 726.5 403.028 630149 10.9252
-291.368 728.324 403.087 640149 11.2477
-291.006 730.143 403.152 640149 11.4351
-290.639 731.96 403.219 640149 11.7124
-290.255 733.81 403.289 640149 11.8051
-289.869 735.659 403.36 640149 11.9903
-289.476 737.508 403.434 640149 12.0385
-289.082 739.355 403.508 640149 12.1634
-288.684 741.202 403.583 640149 12.2154
-288.284 743.049 403.66 640149 12.2457
-287.879 744.918 403.738 640149 12.2931
-287.471 746.787 403.817 640149 12.3079
-287.064 748.656 403.896 640149 12.3208
-286.655 750.525 403.975 640149 12.3082
-286.248 752.394 404.054 640149 12.2875
-285.841 754.263 404.134 640149 12.2786
-285.436 756.122 404.212 640149 12.2526
-285.032 757.982 404.291 640149 13.5082
-284.588 759.831 404.365 650149 13.2545
-284.152 761.683 404.439 650149 13.2545
-283.715 763.536 404.514 650149 13.2545
-283.279 765.388 404.588 650149 13.2372
-282.856 767.186 404.66 650149 13.2372
-282.433 768.983 404.732 650149 13.2372
-282.01 770.78 404.804 650149 13.2372
-281.588 772.577 404.876 650149 13.6493
-281.152 774.371 404.949 650149 13.7421
-280.713 776.165 405.022 650149 13.6862
-280.287 777.915 405.092 650149 13.6862
-279.861 779.666 405.163 650149 13.6862
-279.435 781.416 405.234 650149 13.6862
-279.008 783.167 405.305 650149 13.6862
-278.582 784.917 405.376 650149 13.6862
-278.156 786.668 405.447 650149 13.7251
-277.74 788.372 405.516 650149 14.2223
-277.309 790.073 405.586 650149 14.2223
-276.877 791.773 405.655 650149 14.2223
-276.446 793.474 405.725 650149 14.2223
-276.015 795.174 405.794 650149 14.2223
-275.584 796.875 405.864 650149 14.1414
-275.169 798.525 405.931 650149 14.1414
-274.753 800.175 405.998 650149 14.1414
-274.337 801.824 406.066 650149 14.1414
-273.922 803.474 406.133 650149 14.6613
-273.491 805.12 406.201 650149 14.6993
-273.059 806.766 406.268 650149 14.7463
-272.636 808.376 406.334 650149 14.7463
-272.212 809.986 406.401 650149 14.7463
-271.788 811.596 406.467 650149 14.7463
-271.364 813.206 406.533 650149 14.7463
-270.941 814.816 406.599 650149 14.7463
-270.517 816.425 406.665 650149 14.7806
-270.091 818.039 406.731 650149 15.0618
-269.658 819.65 406.798 650149 15.3649
-269.215 821.259 406.864 650149 15.3649
-268.773 822.869 406.93 650149 15.3649
-268.331 824.478 406.997 650149 15.3649
-267.889 826.087 407.063 650149 15.2422
-267.443 827.724 407.13 650149 15.2422
-266.997 829.361 407.198 650149 15.2422
-266.55 830.999 407.265 650149 15.2422
-266.104 832.636 407.333 650149 15.2956
-265.657 834.273 407.4 650149 15.8527
-265.193 835.906 407.468 650149 15.871
-264.718 837.576 407.536 650149 15.871
-264.243 839.246 407.605 650149 15.871
-263.769 840.916 407.674 650149 15.871
-263.294 842.586 407.743 650149 15.871
-262.819 844.257 407.812 650149 15.871
-262.344 845.927 407.881 650149 15.9529
-261.856 847.635 407.951 650149 15.954
-261.367 849.344 408.022 650149 16.5864
-260.86 851.047 408.092 650149 16.5893
-260.352 852.75 408.162 650149 16.5893
-259.845 854.453 408.232 650149 16.5893
-259.338 856.156 408.302 650149 16.6204
-258.818 857.896 408.374 650149 16.6204
-258.299 859.636 408.446 650149 16.6204
-257.78 861.375 408.517 650149 16.6204
-257.261 863.115 408.589 650149 16.7476
-256.737 864.854 408.661 650149 17.2824
-256.198 866.587 408.732 650149 17.2107
-255.655 868.34 408.804 650149 17.2107
-255.112 870.092 408.876 650149 17.2107
-254.57 871.844 408.947 650149 17.2107
-254.027 873.596 409.019 650149 17.2107
-253.484 875.348 409.091 650149 17.2107
-252.941 877.1 409.163 650149 17.2403
-252.402 878.838 409.234 650149 17.6047
-251.852 880.572 409.305 650149 17.9276
-251.292 882.303 409.376 650149 17.9276
-250.732 884.034 409.446 650149 17.9276
-250.172 885.765 409.517 650149 17.9276
-249.612 887.496 409.587 650149 17.8691
-249.063 889.2 409.657 650149 17.8691
-248.514 890.903 409.726 650149 17.8691
-247.964 892.606 409.795 650149 17.8691
-247.415 894.31 409.865 650149 18.3988
-246.85 896.008 409.933 650149 18.5815
-246.28 897.704 410.002 650149 18.6134
-245.713 899.387 410.07 650149 18.6134
-245.147 901.069 410.138 650149 18.6134
-244.58 902.752 410.206 650149 18.6134
-244.013 904.435 410.274 650149 18.6134
-243.447 906.117 410.341 650149 18.6134
-242.88 907.8 410.409 650149 18.5814
-242.31 909.495 410.478 650149 19.2472
-241.721 911.183 410.557 660149 19.2301
-241.132 912.871 410.633 660149 19.2301
-240.543 914.559 410.71 660149 19.2301
-239.954 916.247 410.787 660149 19.2301
-239.366 917.935 410.863 660149 19.287
-238.767 919.644 410.941 660149 19.287
-238.169 921.354 411.018 660149 19.287
-237.571 923.064 411.096 660149 19.287
-236.972 924.774 411.174 660149 19.287
-236.374 926.483 411.251 660149 19.287
-235.776 928.193 411.329 660149 19.2416
-235.173 929.92 411.407 660149 19.2416
-234.57 931.648 411.486 660149 20.0924
-233.941 933.366 411.557 660149 20.1116
-233.312 935.084 411.628 660149 20.1116
-232.683 936.802 411.698 660149 20.1116
-232.054 938.52 411.769 660149 20.1291
-231.421 940.247 411.84 660149 20.1291
-230.788 941.974 411.911 660149 20.1291
-230.155 943.701 411.983 660149 20.1291
-229.522 945.428 412.054 660149 20.1291
-228.889 947.155 412.125 660149 20.1291
-228.256 948.882 412.196 660149 20.1895
-227.618 950.618 412.268 660149 20.1895
-226.979 952.354 412.339 660149 20.1895
-226.341 954.09 412.411 660149 21.0189
-225.677 955.817 412.475 660149 21.0731
-225.012 957.544 412.539 660149 21.0731
-224.347 959.27 412.602 660149 21.262
-223.67 961.009 412.667 660149 21.262
-222.993 962.749 412.731 660149 21.262
-222.316 964.489 412.795 660149 21.262
-221.639 966.228 412.859 660149 21.262
-220.962 967.968 412.924 660149 21.262
-220.286 969.707 412.988 660149 21.4919
-219.594 971.464 413.053 660149 21.4919
-218.902 973.221 413.118 660149 21.4919
-218.21 974.979 413.183 660149 21.5877
-217.515 976.735 413.247 660149 22.3887
-216.796 978.481 413.303 660149 22.3887
-216.076 980.228 413.36 660149 22.4997
-215.355 981.968 413.416 660149 22.4997
-214.634 983.708 413.473 660149 22.4998
-213.914 985.449 413.529 660149 22.4998
-213.193 987.189 413.586 660149 22.4998
-212.472 988.929 413.642 660149 22.4998
-211.751 990.67 413.699 660149 22.3026
-211.047 992.386 413.755 660149 22.3026
-210.343 994.102 413.81 660149 22.3027
-209.639 995.819 413.866 660149 22.3027
-208.935 997.535 413.921 660149 22.574
-208.223 999.248 413.975 660149 23.2121
-207.491 1000.95 414.022 660149 23.0429
-206.774 1002.64 414.068 660149 23.0429
-206.056 1004.33 414.115 660149 23.043
-205.338 1006.02 414.162 660149 23.043
-204.62 1007.7 414.208 660149 23.043
-203.903 1009.39 414.255 660149 23.043
-203.185 1011.08 414.302 660149 22.8346
-202.476 1012.76 414.348 660149 22.8346
-201.767 1014.45 414.394 660149 22.8346
-201.058 1016.13 414.441 660149 22.8346
-200.349 1017.81 414.487 660149 22.8346
-199.64 1019.5 414.534 660149 23.0094
-198.926 1021.18 414.579 660149 23.4591
-198.197 1022.86 414.617 660149 23.4591
-197.468 1024.54 414.655 660149 23.4591
-196.739 1026.22 414.693 660149 23.4591
-196.01 1027.9 414.731 660149 23.4591
-195.281 1029.58 414.769 660149 23.4591
-194.552 1031.26 414.807 660149 23.4896
-193.829 1032.92 414.844 660149 23.4896
-193.106 1034.58 414.882 660149 23.4896
-192.383 1036.25 414.92 660149 23.4896
-191.659 1037.91 414.957 660149 23.4896
-190.936 1039.58 414.995 660149 23.4896
-190.213 1041.24 415.033 660149 23.4579
-189.508 1042.87 415.069 660149 24.3571
-188.777 1044.48 415.098 660149 24.3911
-188.046 1046.09 415.126 660149 24.3911
-187.314 1047.71 415.155 660149 24.3911
-186.582 1049.32 415.183 660149 24.3912
-185.851 1050.93 415.211 660149 24.2947
-185.137 1052.51 415.239 660149 24.2947
-184.424 1054.09 415.266 660149 24.2947
-183.71 1055.68 415.294 660149 24.2947
-182.997 1057.26 415.322 660149 24.2947
-182.284 1058.84 415.349 660149 24.2947
-181.57 1060.42 415.377 660149 24.4209
-180.859 1061.98 415.405 660149 24.4209
-180.148 1063.55 415.432 660149 24.5641
-179.433 1065.11 415.458 660149 25.3651
-178.696 1066.67 415.477 660149 25.3651
-177.96 1068.22 415.496 660149 25.3651
-177.223 1069.78 415.515 660149 25.6152
-176.472 1071.34 415.534 660149 25.6152
-175.722 1072.91 415.553 660149 25.6152
-174.971 1074.47 415.573 660149 25.6152
-174.221 1076.04 415.592 660149 25.6152
-173.47 1077.6 415.611 660149 25.6152
-172.72 1079.17 415.63 660149 25.6769
-171.956 1080.76 415.65 660149 25.6769
-171.191 1082.35 415.669 660149 25.6769
-170.427 1083.94 415.689 660149 25.6769
-169.663 1085.53 415.708 660149 25.9544
-168.891 1087.11 415.725 660149 26.6313
-168.1 1088.69 415.736 660149 26.5702
-167.303 1090.28 415.746 660149 26.5702
-166.505 1091.88 415.757 660149 26.5702
-165.708 1093.47 415.768 660149 26.5702
-164.91 1095.07 415.778 660149 26.5702
-164.113 1096.66 415.789 660149 26.5702
-163.315 1098.26 415.8 660149 26.3587
-162.526 1099.85 415.811 660149 26.3587
-161.737 1101.44 415.821 660149 26.3587
-160.949 1103.03 415.832 660149 26.3587
-160.16 1104.62 415.843 660149 26.3587
-159.371 1106.22 415.853 660149 26.3587
-158.582 1107.81 415.864 660149 26.8697
-157.786 1109.38 415.869 660149 27.1762
-156.982 1110.95 415.87 660149 27.1762
-156.177 1112.51 415.872 660149 27.1762
-155.373 1114.08 415.873 660149 27.1762
-154.568 1115.65 415.875 660149 27.1762
-153.764 1117.21 415.876 660149 27.2999
-152.959 1118.77 415.878 660149 27.2999
-152.154 1120.33 415.88 660149 27.2999
-151.349 1121.89 415.881 660149 27.2999
-150.544 1123.45 415.883 660149 27.2999
-149.739 1125.01 415.884 660149 27.2999
-148.934 1126.57 415.886 660149 27.5394
-148.121 1128.13 415.887 660149 27.5394
-147.309 1129.69 415.889 660149 28.6817
-146.465 1131.23 415.883 670149 28.4126
-145.628 1132.78 415.878 670149 28.4126
-144.792 1134.32 415.873 670149 28.4126
-143.955 1135.87 415.868 670149 28.4694
-143.133 1137.39 415.863 670149 28.4694
-142.31 1138.9 415.859 670149 28.4694
-141.487 1140.42 415.854 670149 28.4694
-140.665 1141.94 415.849 670149 28.4694
-139.842 1143.45 415.844 670149 28.4694
-139.02 1144.97 415.839 670149 28.4099
-138.22 1146.45 415.835 670149 28.4099
-137.42 1147.93 415.83 670149 28.4099
-136.62 1149.41 415.825 670149 28.4099
-135.82 1150.89 415.821 670149 28.5697
-135.016 1152.36 415.814 670149 29.4326
-134.189 1153.83 415.798 670149 29.3034
-133.39 1155.25 415.782 670149 29.3034
-132.591 1156.68 415.766 670149 29.3034
-131.791 1158.1 415.75 670149 29.3034
-130.992 1159.53 415.734 670149 29.3034
-130.193 1160.95 415.717 670149 29.3034
-129.394 1162.37 415.701 670149 29.2812
-128.599 1163.79 415.685 670149 29.2812
-127.804 1165.21 415.669 670149 29.2812
-127.008 1166.63 415.653 670149 29.2812
-126.213 1168.04 415.637 670149 29.2812
-125.418 1169.46 415.622 670149 29.2812
-124.623 1170.88 415.606 670149 29.3358
-123.815 1172.32 415.589 670149 29.3358
-123.007 1173.76 415.573 670149 29.3358
-122.199 1175.19 415.557 670149 30.089
-121.372 1176.62 415.533 670149 30.363
-120.538 1178.04 415.506 670149 30.363
-119.705 1179.47 415.48 670149 30.3683
-118.86 1180.91 415.452 670149 30.3683
-118.016 1182.35 415.425 670149 30.3683
-117.171 1183.79 415.398 670149 30.3683
-116.327 1185.23 415.371 670149 30.3683
-115.482 1186.67 415.344 670149 30.3683
-114.638 1188.12 415.317 670149 30.2862
-113.788 1189.57 415.29 670149 30.2862
-112.937 1191.03 415.262 670149 30.2862
-112.087 1192.48 415.235 670149 30.2862
-111.237 1193.94 415.208 670149 30.2862
-110.387 1195.39 415.181 670149 30.2862
-109.537 1196.85 415.153 670149 30.3261
-108.663 1198.34 415.125 670149 31.0444
-107.771 1199.82 415.09 670149 31.3572
-106.871 1201.3 415.052 670149 31.3572
-105.971 1202.78 415.015 670149 31.3572
-105.07 1204.26 414.977 670149 31.3572
-104.17 1205.73 414.939 670149 31.4361
-103.248 1207.24 414.9 670149 31.4361
-102.325 1208.75 414.861 670149 31.4361
-101.402 1210.26 414.823 670149 31.4361
-100.48 1211.77 414.784 670149 31.4361
-99.5572 1213.28 414.745 670149 31.4361
-98.6346 1214.79 414.706 670149 31.4696
-97.6876 1216.34 414.667 670149 31.4696
-96.7407 1217.88 414.627 670149 31.4696
-95.7937 1219.43 414.587 670149 31.4696
-94.8467 1220.98 414.548 670149 31.9733
-93.8863 1222.52 414.503 670149 32.5038
-92.9117 1224.05 414.455 670149 32.4296
-91.9281 1225.59 414.405 670149 32.4296
-90.9446 1227.14 414.356 670149 32.4296
-89.9611 1228.69 414.307 670149 32.4296
-88.9775 1230.24 414.257 670149 32.4296
-87.994 1231.79 414.208 670149 32.4296
-87.0104 1233.33 414.159 670149 32.4316
-86.0245 1234.89 414.109 670149 32.4316
-85.0385 1236.44 414.06 670149 32.4316
-84.0526 1237.99 414.01 670149 32.4316
-83.0666 1239.54 413.961 670149 32.4316
-82.0807 1241.09 413.911 670149 32.4316
-81.0947 1242.65 413.862 670149 32.4314
-80.1111 1244.19 413.812 670149 33.2468
-79.1057 1245.73 413.757 670149 33.4681
-78.0943 1247.26 413.7 670149 33.4681
-77.083 1248.79 413.642 670149 33.4681
-76.0717 1250.32 413.585 670149 33.4681
-75.0603 1251.85 413.528 670149 33.4697
-74.05 1253.37 413.471 670149 33.4697
-73.0397 1254.9 413.414 670149 33.4697
-72.0294 1256.43 413.356 670149 33.4697
-71.0191 1257.96 413.299 670149 33.4697
-70.0088 1259.49 413.242 670149 33.4697
-68.9985 1261.02 413.185 670149 33.4665
-67.9859 1262.55 413.128 670149 33.4665
-66.9733 1264.08 413.07 670149 33.4665
-65.9606 1265.61 413.013 670149 33.5313
-64.9463 1267.14 412.955 670149 34.5049
-63.9062 1268.65 412.891 670149 34.5049
-62.8661 1270.17 412.827 670149 34.5045
-61.8302 1271.67 412.763 670149 34.5045
-60.7943 1273.18 412.7 670149 34.5045
-59.7583 1274.69 412.636 670149 34.5045
-58.7224 1276.2 412.572 670149 34.5045
-57.6865 1277.7 412.509 670149 34.5045
-56.6505 1279.21 412.445 670149 34.5069
-55.6239 1280.7 412.382 670149 34.5069
-54.5973 1282.2 412.319 670149 34.5069
-53.5708 1283.69 412.255 670149 34.5069
-52.5442 1285.18 412.192 670149 34.5069
-51.5176 1286.68 412.129 670149 34.5069
-50.491 1288.17 412.066 670149 34.7289
-49.4622 1289.65 412.002 670149 35.546
-48.4125 1291.12 411.934 670149 35.546
-47.3628 1292.59 411.866 670149 35.546
-46.3131 1294.06 411.797 670149 35.546
-45.2634 1295.53 411.729 670149 35.546
-44.2137 1297 411.661 670149 35.6588
-43.1578 1298.47 411.593 670149 35.6588
-42.1019 1299.94 411.524 670149 35.6588
-41.046 1301.41 411.456 670149 35.6588
-39.99 1302.89 411.387 670149 35.6588
-38.9341 1304.36 411.319 670149 35.6588
-37.8782 1305.83 411.25 670149 35.6571
-36.8126 1307.31 411.181 670149 35.6571
-35.747 1308.8 411.112 670149 35.6571
-34.6815 1310.29 411.043 670149 35.9313
-33.6088 1311.77 410.973 670149 36.6969
-32.5166 1313.23 410.9 670149 36.6969
-31.4243 1314.7 410.827 670149 36.6986
-30.3268 1316.17 410.753 670149 36.6986
-29.2293 1317.64 410.68 670149 36.6986
-28.1319 1319.11 410.606 670149 36.6986
-27.0344 1320.59 410.533 670149 36.6986
-25.9369 1322.06 410.459 670149 36.6986
-24.8394 1323.53 410.386 670149 36.6986
-23.7453 1325 410.313 670149 36.6986
-22.6512 1326.47 410.239 670149 36.6986
-21.5571 1327.93 410.166 670149 36.6986
-20.463 1329.4 410.093 670149 36.6986
-19.3689 1330.87 410.019 670149 36.6986
-18.2748 1332.34 409.946 670149 37.1464
-17.1718 1333.79 409.872 670149 37.738
-16.0537 1335.24 409.796 670149 37.738
-14.9357 1336.68 409.72 670149 37.738
-13.8177 1338.13 409.644 670149 37.738
-12.6997 1339.57 409.568 670149 37.738
-11.5816 1341.02 409.492 670149 37.7362
-10.4616 1342.46 409.416 670149 37.7362
-9.34158 1343.91 409.34 670149 37.7362
-8.22156 1345.36 409.264 670149 37.7362
-7.10154 1346.81 409.188 670149 37.7362
-5.98151 1348.25 409.111 670149 37.7362
-4.86149 1349.7 409.035 670149 37.6658
-3.73041 1351.17 408.958 670149 37.6658
-2.59934 1352.63 408.881 670149 37.6658
-1.46825 1354.1 408.804 670149 38.438
-0.317355 1355.55 408.714 680149 38.4784
0.834389 1357 408.647 680149 38.5802
1.98728 1358.44 408.57 690149 38.7606
3.17616 1359.92 408.496 690149 38.7606
4.36505 1361.4 408.422 690149 38.7606
5.55394 1362.88 408.348 690149 38.7606
6.74282 1364.36 408.274 690149 38.7606
7.93171 1365.85 408.2 690149 38.7606
9.1206 1367.33 408.125 690149 38.8287
10.3357 1368.84 408.05 690149 38.8287
11.5508 1370.35 407.974 690149 38.8287
12.7659 1371.85 407.898 690149 38.8287
13.981 1373.36 407.823 690149 38.8287
15.1961 1374.87 407.747 690149 38.8287
16.4112 1376.38 407.672 690149 38.8568
17.6571 1377.93 407.594 690149 39.3669
18.9167 1379.47 407.516 690149 40.1127
20.1962 1380.98 407.439 690149 40.1127
21.4758 1382.5 407.361 690149 40.1127
22.7553 1384.02 407.283 690149 40.1127
24.0348 1385.54 407.206 690149 40.047
25.3207 1387.07 407.128 690149 40.047
26.6067 1388.6 407.049 690149 40.047
27.8926 1390.13 406.971 690149 40.047
29.1785 1391.66 406.893 690149 40.047
30.4644 1393.19 406.815 690149 40.047
31.7503 1394.72 406.737 690149 40.0455
33.0362 1396.25 406.658 690149 40.0455
34.322 1397.78 406.58 690149 40.0455
35.6079 1399.31 406.502 690149 40.9244
36.917 1400.82 406.424 690149 41.0974
38.2308 1402.33 406.346 690149 41.0974
39.5445 1403.83 406.267 690149 41.0974
0 0 0 0 41.0974
0 0 0 0 41.0974
0 0 0 0 41.0974
0 0 0 0 41.0974
0 0 0 0 41.0974
0 0 0 0 41.0974
0 0 0 0 41.0974
0 0 0 0 41.0974
0 0 0 0 41.0974
0 0 0 0 41.0974
0 0 0 0 41.0974
0 0 0 0 41.0974
0 0 0 0 41.0974
0 0 0 0 41.0974
0 0 0 0 41.0974
0 0 0 0 41.0974
0 0 0 0 41.0974
0 0 0 0 41.0974
0 0 0 0 41.0974
0 0 0 0 41.0974
0 0 0 0 41.0974
0 0 0 0 41.0974
0 0 0 0 41.0974
0 0 0 0 41.0974
0 0 0 0 41.0974
0 0 0 0 41.0974
0 0 0 0 41.0974
0 0 0 0 41.0974
0 0 0 0 41.0974
0 0 0 0 41.0974
0 0 0 0 41.0974
0 0 0 0 41.0974
0 0 0 0 41.0974
0 0 0 0 41.0974
0 0 0 0 41.0974
0 0 0 0 41.0974
0 0 0 0 41.0974
0 0 0 0 41.0974
0 0 0 0 41.0974
0 0 0 0 41.0974
0 0 0 0 41.0974
0 0 0 0 41.0974
0 0 0 0 41.0974
0 0 0 0 41.0974
0 0 0 0 41.0974
0 0 0 0 41.0974
0 0 0 0 41.0974
0 0 0 0 41.0974
0 0 0 0 41.0974
0 0 0 0 41.0974
0 0 0 0 41.0974
0 0 0 0 41.0974
0 0 0 0 41.0974
0 0 0 0 41.0974
0 0 0 0 41.0974
0 0 0 0 41.0974
0 0 0 0 41.0974
0 0 0 0 41.0974
0 0 0 0 41.0974
0 0 0 0 41.0974
0 0 0 0 41.0974
0 0 0 0 41.0974
0 0 0 0 41.0974
0 0 0 0 41.0974
0 0 0 0 41.0974
0 0 0 0 41.0974
0 0 0 0 41.0974
0 0 0 0 41.0974
0 0 0 0 41.0974
0 0 0 0 41.0974
0 0 0 0 41.0974
0 0 0 0 41.0974
0 0 0 0 41.0974
0 0 0 0 41.0974
0 0 0 0 41.0974
0 0 0 0 41.0974
0 0 0 0 41.0974
0 0 0 0 41.0974
0 0 0 0 41.0974
0 0 0 0 41.0974
0 0 0 0 41.0974
0 0 0 0 41.0974
0 0 0 0 41.0974
0 0 0 0 41.0974
0 0 0 0 41.0974
0 0 0 0 41.0974
0 0 0 0 41.0974
0 0 0 0 41.0974
0 0 0 0 41.0974
0 0 0 0 41.0974
0 0 0 0 41.0974
0 0 0 0 41.0974
0 0 0 0 41.0974
0 0 0 0 41.0974
0 0 0 0 41.0974
0 0 0 0 41.0974
0 0 0 0 41.0974
0 0 0 0 41.0974
0 0 0 0 41.0974
0 0 0 0 41.0974
0 0 0 0 41.0974
0 0 0 0 41.0974
0 0 0 0 41.0974
0 0 0 0 41.0974
0 0 0 0 41.0974
0 0 0 0 41.0974
0 0 0 0 41.0974
0 0 0 0 41.0974
0 0 0 0 41.0974
0 0 0 0 41.0974
0 0 0 0 41.0974
0 0 0 0 41.0974
0 0 0 0 41.0974
0 0 0 0 41.0974
0 0 0 0 41.0974
0 0 0 0 41.0974
0 0 0 0 41.0974
0 0 0 0 41.0974
0 0 0 0 41.0974
0 0 0 0 41.0974
0 0 0 0 41.0974
0 0 0 0 41.0974
0 0 0 0 41.0974
0 0 0 0 41.0974
0 0 0 0 41.0974
0 0 0 0 41.0974
0 0 0 0 41.0974
0 0 0 0 41.0974
0 0 0 0 41.0974
0 0 0 0 41.0974
0 0 0 0 41.0974
0 0 0 0 41.0974
0 0 0 0 41.0974
0 0 0 0 41.0974
0 0 0 0 41.0974
0 0 0 0 41.0974
0 0 0 0 41.0974
0 0 0 0 41.0974
0 0 0 0 41.0974
0 0 0 0 41.0974
0 0 0 0 41.0974
0 0 0 0 41.0974
0 0 0 0 41.0974
0 0 0 0 41.0974
0 0 0 0 41.0974
0 0 0 0 41.0974
0 0 0 0 41.0974
0 0 0 0 41.0974
0 0 0 0 41.0974
0 0 0 0 0
