-153.65 -1270.2 405.2 0 -1.01538
-153.673 -1268.92 405.219 0 -1.01539
-153.696 -1267.63 405.237 0 -1.01539
-153.719 -1266.34 405.256 0 -1.01539
-153.741 -1265.06 405.274 0 -1.0154
-153.764 -1263.77 405.293 0 -1.0154
-153.787 -1262.49 405.311 0 -1.19045
-153.814 -1261.19 405.33 0 -1.19046
-153.841 -1259.89 405.349 0 -1.19046
-153.868 -1258.59 405.368 0 -1.19046
-153.895 -1257.29 405.386 0 -1.19046
-153.922 -1256 405.405 0 -1.19046
-153.949 -1254.7 405.424 0 -1.37871
-153.981 -1253.36 405.443 0 -1.55391
-154.017 -1252.02 405.462 0 -2.28208
-154.071 -1250.68 405.48 0 -2.28208
-154.124 -1249.34 405.498 0 -2.28208
-154.178 -1248 405.515 0 -2.28208
-154.231 -1246.66 405.533 0 -2.31372
-154.287 -1245.28 405.552 0 -2.31372
-154.343 -1243.89 405.57 0 -2.31372
-154.399 -1242.5 405.588 0 -2.31372
-154.455 -1241.12 405.607 0 -2.31372
-154.511 -1239.73 405.625 0 -2.31372
-154.567 -1238.35 405.644 0 -2.27896
-154.624 -1236.92 405.663 0 -2.27896
-154.681 -1235.49 405.682 0 -2.27896
-154.737 -1234.06 405.701 0 -2.27896
-154.794 -1232.63 405.72 0 -2.27896
-154.851 -1231.21 405.739 0 -2.27896
-154.908 -1229.78 405.758 0 -2.27212
-154.967 -1228.3 405.777 0 -2.91697
-155.042 -1226.82 405.796 0 -3.18967
-155.125 -1225.34 405.815 0 -3.18967
-155.207 -1223.86 405.834 0 -3.18967
-155.289 -1222.38 405.852 0 -3.18967
-155.372 -1220.9 405.871 460148 -3.23184
-155.457 -1219.39 405.89 460148 -3.23184
-155.542 -1217.89 405.908 460148 -3.23184
-155.627 -1216.39 405.927 460148 -3.23184
-155.712 -1214.88 405.946 460148 -3.23184
-155.797 -1213.38 405.965 460148 -3.23184
-155.882 -1211.87 405.984 460148 -3.24653
-155.967 -1210.36 406.003 460148 -3.24653
-156.053 -1208.86 406.022 460148 -3.24653
-156.138 -1207.35 406.041 460148 -3.24653
-156.224 -1205.84 406.06 460148 -3.24653
-156.309 -1204.34 406.079 460148 -3.62137
-156.404 -1202.83 406.097 460148 -4.17362
-156.514 -1201.33 406.116 460148 -4.17362
-156.624 -1199.82 406.134 460148 -4.17362
-156.733 -1198.32 406.152 460148 -4.17362
-156.843 -1196.82 406.171 460148 -4.17362
-156.953 -1195.32 406.189 460148 -4.17362
-157.062 -1193.81 406.207 460148 -4.17978
-157.172 -1192.31 406.226 460148 -4.17978
-157.283 -1190.8 406.244 460148 -4.17978
-157.393 -1189.29 406.262 460148 -4.17978
-157.503 -1187.79 406.281 460148 -4.17978
-157.613 -1186.28 406.299 460148 -4.17978
-157.723 -1184.77 406.317 460148 -4.19609
-157.834 -1183.25 406.336 460148 -4.19609
-157.946 -1181.74 406.354 460148 -4.19609
-158.057 -1180.22 406.373 460148 -4.39221
-158.174 -1178.7 406.391 460148 -5.14038
-158.31 -1177.19 406.41 460148 -5.14038
-158.446 -1175.67 406.428 460148 -5.18564
-158.585 -1174.15 406.447 460148 -5.18564
-158.723 -1172.62 406.465 460148 -5.18564
-158.861 -1171.1 406.484 460148 -5.18564
-159 -1169.57 406.502 460148 -5.18564
-159.138 -1168.05 406.521 460148 -5.18564
-159.276 -1166.52 406.539 460148 -5.24315
-159.417 -1164.99 406.558 460148 -5.24315
-159.557 -1163.46 406.576 460148 -5.24315
-159.698 -1161.93 406.595 460148 -5.24315
-159.838 -1160.4 406.613 460148 -5.24315
-159.979 -1158.87 406.632 460148 -5.24315
-160.119 -1157.34 406.651 460148 -5.26127
-160.26 -1155.81 406.669 460148 -5.46618
-160.407 -1154.28 406.688 460148 -6.21802
-160.574 -1152.74 406.707 460148 -6.21802
-160.741 -1151.21 406.726 460148 -6.21802
-160.908 -1149.68 406.745 460148 -6.21802
-161.075 -1148.15 406.764 460148 -6.19503
-161.241 -1146.61 406.784 460148 -6.19503
-161.408 -1145.08 406.803 460148 -6.19503
-161.574 -1143.55 406.822 460148 -6.19503
-161.741 -1142.01 406.841 460148 -6.19503
-161.907 -1140.48 406.86 460148 -6.19504
-162.074 -1138.94 406.879 460148 -6.16219
-162.239 -1137.41 406.898 460148 -6.16219
-162.405 -1135.88 406.918 460148 -6.16219
-162.57 -1134.35 406.937 460148 -6.16219
-162.735 -1132.81 406.956 460148 -6.16219
-162.901 -1131.28 406.975 460148 -6.4423
-163.074 -1129.75 406.994 460148 -7.1315
-163.264 -1128.23 407.014 460148 -7.1315
-163.455 -1126.71 407.034 460148 -7.1315
-163.645 -1125.19 407.054 460148 -7.1315
-163.835 -1123.66 407.074 460148 -7.13151
-164.026 -1122.14 407.094 460148 -7.13151
-164.216 -1120.62 407.114 460148 -7.20983
-164.407 -1119.11 407.134 460148 -7.20983
-164.598 -1117.6 407.154 460148 -7.20983
-164.789 -1116.09 407.174 460148 -7.20983
-164.98 -1114.58 407.194 460148 -7.20983
-165.172 -1113.07 407.214 460148 -7.20984
-165.363 -1111.56 407.234 460148 -7.07473
-165.549 -1110.06 407.253 460148 -7.07473
-165.735 -1108.56 407.273 460148 -7.07473
-165.921 -1107.06 407.293 460148 -7.21959
-166.11 -1105.56 407.313 460148 -8.0544
-166.322 -1104.07 407.334 460148 -8.0544
-166.533 -1102.57 407.355 0 -7.92939
-166.738 -1101.1 407.376 0 -7.92939
-166.943 -1099.63 407.397 0 -7.92939
-167.148 -1098.16 407.418 0 -7.92939
-167.352 -1096.69 407.438 0 -7.92939
-167.557 -1095.22 407.459 0 -7.92939
-167.762 -1093.76 407.48 0 -8.06509
-167.964 -1092.33 407.5 0 -8.06509
-168.167 -1090.9 407.521 0 -8.06509
-168.369 -1089.47 407.541 0 -8.06509
-168.572 -1088.04 407.561 0 -8.06509
-168.774 -1086.61 407.582 0 -8.0651
-168.977 -1085.18 407.602 0 -8.18301
-169.177 -1083.79 407.622 0 -8.18301
-169.377 -1082.4 407.641 0 -8.44756
-169.584 -1081 407.662 0 -9.17302
-169.808 -1079.61 407.683 0 -9.17303
-170.033 -1078.23 407.705 0 -9.17303
-170.257 -1076.84 407.727 0 -9.15342
-170.48 -1075.45 407.748 0 -9.15342
-170.703 -1074.07 407.77 0 -9.15343
-170.926 -1072.68 407.791 0 -9.15343
-171.149 -1071.3 407.813 0 -9.15343
-171.372 -1069.92 407.834 0 -9.15343
-171.595 -1068.53 407.856 0 -9.01626
-171.818 -1067.13 407.878 0 -9.01626
-172.041 -1065.72 407.9 0 -9.01626
-172.264 -1064.32 407.922 0 -9.01626
-172.487 -1062.91 407.944 0 -9.01627
-172.71 -1061.5 407.966 0 -9.01627
-172.933 -1060.1 407.987 0 -8.88313
-173.156 -1058.67 408.01 0 -8.88313
-173.379 -1057.25 408.032 0 -4.86003
-173.492 -1055.91 408.049 0 -7.30741
-173.677 -1054.48 408.089 470148 -9.56035
-173.937 -1052.93 408.107 0 -10.0205
-174.188 -1051.51 408.123 0 -10.0693
-174.442 -1050.08 408.14 0 -10.0693
-174.696 -1048.65 408.156 0 -10.0693
-174.949 -1047.22 408.172 0 -10.0693
-175.203 -1045.79 408.189 0 -10.0693
-175.457 -1044.36 408.205 0 -10.0693
-175.71 -1042.94 408.221 0 -10.1043
-175.967 -1041.5 408.238 0 -10.3451
-176.23 -1040.06 408.254 0 -10.3564
-176.493 -1038.62 408.271 0 -10.3564
-176.756 -1037.18 408.288 0 -10.3564
-177.019 -1035.74 408.304 0 -10.3564
-177.282 -1034.3 408.321 0 -10.2897
-177.547 -1032.84 408.338 0 -10.2897
-177.813 -1031.38 408.354 0 -10.2897
-178.078 -1029.92 408.371 0 -10.3431
-178.344 -1028.46 408.388 0 -10.5066
-178.615 -1027 408.405 0 -10.5066
-178.885 -1025.54 408.422 0 -10.5369
-179.16 -1024.06 408.44 0 -10.5369
-179.434 -1022.59 408.457 0 -10.5369
-179.708 -1021.12 408.474 0 -10.5369
-179.982 -1019.64 408.491 0 -10.5369
-180.256 -1018.17 408.508 0 -10.5369
-180.531 -1016.69 408.526 480148 -10.6636
-180.808 -1015.22 408.543 480148 -10.7229
-181.088 -1013.74 408.561 480148 -10.7229
-181.367 -1012.27 408.578 480148 -10.7229
-181.646 -1010.79 408.596 480148 -10.7229
-181.925 -1009.32 408.613 480148 -10.7229
-182.205 -1007.84 408.631 480148 -10.7229
-182.484 -1006.37 408.648 480148 -10.7229
-182.763 -1004.89 408.666 480148 -10.7428
-183.043 -1003.42 408.683 480148 -10.8695
-183.326 -1001.94 408.701 480148 -10.8695
-183.609 -1000.47 408.719 480148 -10.8695
-183.893 -998.995 408.736 480148 -10.9012
-184.18 -997.503 408.754 480148 -10.9012
-184.467 -996.011 408.773 480148 -10.9012
-184.755 -994.519 408.791 480148 -10.9012
-185.042 -993.027 408.809 480148 -10.9012
-185.329 -991.535 408.827 480148 -10.9753
-185.619 -990.043 408.845 480148 -10.9445
-185.912 -988.525 408.864 480148 -10.9445
-186.206 -987.006 408.882 480148 -10.9445
-186.499 -985.488 408.901 480148 -10.9445
-186.793 -983.97 408.92 480148 -10.9445
-187.087 -982.451 408.938 480148 -10.9445
-187.38 -980.933 408.957 480148 -10.9448
-187.675 -979.408 408.976 480148 -10.9736
-187.971 -977.883 408.995 480148 -11.021
-188.268 -976.358 409.014 480148 -11.021
-188.565 -974.833 409.033 480148 -11.021
-188.862 -973.308 409.052 480148 -11.021
-189.159 -971.783 409.072 480148 -10.9575
-189.449 -970.285 409.09 480148 -10.9575
-189.739 -968.786 409.109 480148 -10.9575
-190.029 -967.287 409.128 480148 -10.9602
-190.32 -965.789 409.147 480148 -10.9986
-190.611 -964.29 409.166 480148 -10.9986
-190.902 -962.792 409.186 0 -11.1432
-191.188 -961.341 409.205 0 -11.1432
-191.474 -959.889 409.223 0 -11.1432
-191.76 -958.438 409.242 0 -11.1432
-192.046 -956.987 409.261 0 -11.1432
-192.331 -955.536 409.279 0 -11.1432
-192.617 -954.084 409.298 0 -11.191
-192.896 -952.675 409.317 0 -11.1942
-193.175 -951.265 409.335 0 -11.1942
-193.454 -949.855 409.354 0 -11.1942
-193.733 -948.445 409.373 0 -11.1942
-194.012 -947.036 409.391 0 -11.1942
-194.291 -945.626 409.41 0 -11.1028
-194.561 -944.251 409.428 0 -11.1028
-194.831 -942.876 409.447 0 -11.1028
-195.101 -941.501 409.465 0 -11.0892
-195.37 -940.126 409.483 0 -11.0736
-195.639 -938.751 409.502 0 -11.0736
-195.908 -937.376 409.521 0 -11.0205
-196.173 -936.017 409.539 0 -11.0205
-196.437 -934.659 409.558 0 -11.0205
-196.702 -933.3 409.576 0 -11.0205
-196.967 -931.941 409.595 0 -11.0205
-197.231 -930.582 409.613 0 -11.0205
-197.496 -929.223 409.632 0 -10.9914
-197.758 -927.873 409.654 0 -10.9634
-198.02 -926.521 409.678 0 -10.9634
-198.282 -925.169 409.701 0 -10.9634
-198.544 -923.817 409.725 0 -10.9634
-198.806 -922.465 409.749 0 -10.9634
-199.068 -921.113 409.773 0 -10.9686
-199.332 -919.752 409.797 0 -10.9686
-199.595 -918.391 409.821 0 -10.9686
-199.859 -917.03 409.845 0 -10.9686
-200.123 -915.67 409.869 0 -10.9686
-200.387 -914.309 409.893 0 -10.9686
-200.65 -912.948 409.917 0 -11.0557
-200.92 -911.567 409.941 0 -11.0681
-201.19 -910.185 409.969 0 -11.0702
-201.461 -908.804 409.998 0 -11.0702
-201.731 -907.423 410.026 0 -11.0702
-202.001 -906.042 410.055 0 -11.0702
-202.271 -904.661 410.083 0 -10.9884
-202.546 -903.244 410.112 0 -10.9884
-202.821 -901.827 410.142 0 -10.9884
-203.096 -900.411 410.171 0 -10.9884
-203.372 -898.994 410.2 0 -10.9884
-203.647 -897.578 410.229 0 -10.9884
-203.922 -896.161 410.258 0 -10.8913
-204.201 -894.707 410.288 0 -10.8981
-204.481 -893.253 410.321 0 -10.9042
-204.761 -891.799 410.355 0 -10.9042
-205.042 -890.345 410.39 0 -10.9042
-205.322 -888.891 410.424 0 -10.9042
-205.602 -887.438 410.459 490148 -10.9956
-205.888 -885.964 410.494 490148 -10.9956
-206.174 -884.491 410.529 490148 -10.9956
-206.461 -883.017 410.564 490148 -10.9956
-206.747 -881.544 410.598 490148 -10.9956
-207.033 -880.071 410.633 490148 -10.9956
-207.319 -878.597 410.668 490148 -10.9937
-207.606 -877.12 410.703 490148 -11.0014
-207.894 -875.642 410.742 490148 -11.0049
-208.181 -874.165 410.782 490148 -11.0049
-208.468 -872.687 410.821 490148 -11.0049
-208.756 -871.21 410.861 490148 -11.0049
-209.043 -869.732 410.901 490148 -11.0068
-209.33 -868.259 410.941 490148 -11.0068
-209.616 -866.786 410.98 490148 -11.0068
-209.903 -865.313 411.02 490148 -11.0068
-210.189 -863.839 411.06 490148 -11.0068
-210.476 -862.366 411.1 490148 -11.0068
-210.762 -860.893 411.139 0 -11.0045
-211.048 -859.422 411.179 0 -11.0134
-211.335 -857.951 411.223 0 -11.0141
-211.621 -856.48 411.268 0 -11.0141
-211.907 -855.008 411.312 0 -11.0141
-212.194 -853.537 411.357 0 -11.0141
-212.48 -852.066 411.401 490148 -11.0162
-212.766 -850.595 411.446 490148 -11.0162
-213.053 -849.123 411.49 490148 -11.0162
-213.339 -847.651 411.535 490148 -11.0162
-213.626 -846.179 411.58 490148 -11.0162
-213.912 -844.708 411.624 490148 -11.0162
-214.199 -843.236 411.669 0 -11.0045
-214.485 -841.765 411.714 0 -11.0113
-214.771 -840.293 411.764 0 -11.0113
-215.058 -838.822 411.813 0 -11.0113
-215.344 -837.351 411.863 0 -11.0113
-215.63 -835.88 411.913 0 -11.0113
-215.917 -834.408 411.962 490148 -11.0241
-216.203 -832.936 412.012 490148 -11.0241
-216.49 -831.465 412.062 490148 -11.0241
-216.777 -829.993 412.111 490148 -11.0241
-217.063 -828.521 412.161 490148 -11.0241
-217.35 -827.049 412.211 490148 -11.0241
-217.637 -825.577 412.26 490148 -11.0857
-217.925 -824.106 412.312 490148 -11.0897
-218.214 -822.634 412.367 490148 -11.0897
-218.502 -821.163 412.422 490148 -11.0897
-218.79 -819.692 412.477 490148 -11.0897
-219.079 -818.22 412.532 490148 -11.0897
-219.367 -816.749 412.586 490148 -11.1767
-219.658 -815.276 412.641 490148 -11.1767
-219.949 -813.804 412.696 490148 -11.1767
-220.24 -812.331 412.751 490148 -11.1767
-220.531 -810.859 412.806 490148 -11.1767
-220.822 -809.386 412.861 490148 -11.1767
-221.113 -807.914 412.916 490148 -11.2324
-221.405 -806.443 412.974 490148 -11.2343
-221.697 -804.972 413.035 490148 -11.2343
-221.989 -803.501 413.095 490148 -11.2343
-222.281 -802.031 413.156 490148 -11.2343
-222.574 -800.56 413.216 490148 -11.2343
-222.866 -799.089 413.276 0 -11.2304
-223.157 -797.622 413.337 0 -11.2304
-223.448 -796.156 413.397 0 -11.2304
-223.739 -794.689 413.457 0 -11.2304
-224.031 -793.222 413.517 0 -11.2304
-224.322 -791.755 413.577 0 -11.2304
-224.613 -790.288 413.638 490148 -11.2217
-224.905 -788.818 413.702 490148 -11.2223
-225.197 -787.347 413.768 490148 -11.2223
-225.488 -785.877 413.834 490148 -11.2223
-225.78 -784.406 413.9 490148 -11.2223
-226.072 -782.935 413.966 490148 -11.2223
-226.364 -781.465 414.032 490148 -11.2379
-226.659 -779.977 414.099 490148 -11.2379
-226.955 -778.489 414.166 490148 -11.2379
-227.251 -777.001 414.232 490148 -11.2379
-227.546 -775.514 414.299 490148 -11.2379
-227.842 -774.026 414.366 490148 -11.2379
-228.137 -772.538 414.433 490148 -11.1832
-228.437 -771.022 414.507 490148 -11.1832
-228.737 -769.506 414.581 490148 -11.1832
-229.037 -767.989 414.655 490148 -11.1832
-229.337 -766.473 414.729 490148 -11.1832
-229.636 -764.957 414.803 490148 -11.1832
-229.936 -763.441 414.877 490148 -11.1376
-230.24 -761.898 414.952 490148 -11.1376
-230.543 -760.356 415.027 490148 -11.1376
-230.847 -758.814 415.103 490148 -11.1376
-231.151 -757.272 415.178 490148 -11.1376
-231.454 -755.729 415.253 490148 -11.2579
-231.763 -754.179 415.326 500148 -11.2193
-232.071 -752.625 415.401 500148 -11.2193
-232.379 -751.071 415.475 500148 -11.2193
-232.687 -749.518 415.55 500148 -11.2193
-232.996 -747.964 415.625 500148 -11.2193
-233.304 -746.41 415.699 500148 -11.2193
-233.612 -744.857 415.774 500148 -11.2154
-233.921 -743.299 415.849 500148 -11.2154
-234.23 -741.741 415.924 500148 -11.2154
-234.539 -740.183 415.999 500148 -11.2154
-234.848 -738.625 416.074 500148 -11.2154
-235.156 -737.067 416.149 500148 -11.1868
-235.465 -735.509 416.225 500148 -11.122
-235.77 -733.957 416.303 500148 -11.122
-236.075 -732.406 416.381 500148 -11.122
-236.38 -730.854 416.459 500148 -11.122
-236.685 -729.302 416.537 500148 -11.122
-236.99 -727.75 416.615 500148 -11.122
-237.295 -726.199 416.693 500148 -11.0892
-237.596 -724.663 416.77 500148 -11.0892
-237.897 -723.128 416.847 500148 -11.0892
-238.198 -721.592 416.924 500148 -11.0892
-238.499 -720.056 417.002 500148 -11.0892
-238.8 -718.521 417.079 500148 -11.0892
-239.101 -716.985 417.156 500148 -11.0533
-239.396 -715.475 417.233 500148 -10.971
-239.689 -713.965 417.311 500148 -10.971
-239.981 -712.455 417.389 500148 -10.971
-240.274 -710.944 417.467 500148 -10.971
-240.567 -709.434 417.545 500148 -10.971
-240.86 -707.924 417.623 500148 -11.0024
-241.148 -706.443 417.7 500148 -11.0024
-241.436 -704.962 417.776 500148 -11.0024
-241.724 -703.48 417.853 500148 -11.0024
-242.011 -701.999 417.929 500148 -11.0024
-242.299 -700.518 418.006 500148 -11.0024
-242.587 -699.037 418.083 0 -10.9685
-242.871 -697.574 418.158 0 -10.9273
-243.154 -696.11 418.234 0 -10.7565
-243.432 -694.646 418.311 0 -10.7565
-243.71 -693.182 418.387 0 -10.7565
-243.988 -691.717 418.464 0 -10.7565
-244.266 -690.253 418.54 0 -10.7565
-244.545 -688.788 418.617 0 -10.7565
-244.823 -687.324 418.693 0 -10.7565
-245.101 -685.859 418.77 0 -10.7565
-245.379 -684.394 418.846 0 -10.7565
-245.657 -682.93 418.923 0 -10.7565
-245.936 -681.465 418.999 500148 -10.7904
-246.218 -679.984 419.077 500148 -10.7904
-246.5 -678.502 419.154 500148 -10.7904
-246.783 -677.021 419.232 500148 -10.5978
-247.06 -675.538 419.309 500148 -10.5212
-247.336 -674.056 419.386 500148 -10.5212
-247.611 -672.573 419.464 500148 -10.4898
-247.891 -671.058 419.542 500148 -10.4898
-248.172 -669.544 419.621 500148 -10.4898
-248.452 -668.03 419.7 500148 -10.4898
-248.732 -666.516 419.779 500148 -10.4898
-249.013 -665.001 419.858 500148 -10.4898
-249.293 -663.487 419.937 500148 -10.4535
-249.578 -661.943 420.017 500148 -10.4535
-249.863 -660.4 420.097 500148 -10.4535
-250.148 -658.856 420.178 500148 -10.4535
-250.432 -657.313 420.258 500148 -10.2374
-250.711 -655.768 420.337 500148 -10.127
-250.987 -654.223 420.416 500148 -10.1616
-251.266 -652.666 420.496 500148 -10.1616
-251.545 -651.11 420.575 500148 -10.1616
-251.824 -649.554 420.655 500148 -10.1616
-252.103 -647.998 420.734 500148 -10.1616
-252.382 -646.442 420.814 500148 -10.1616
-252.661 -644.885 420.893 500148 -10.127
-252.937 -643.34 420.972 500148 -10.127
-253.213 -641.795 421.051 500148 -10.127
-253.489 -640.25 421.13 500148 -10.127
-253.765 -638.704 421.209 500148 -10.127
-254.041 -637.159 421.288 500148 -9.79139
-254.308 -635.612 421.364 500148 -9.77742
-254.569 -634.095 421.439 500148 -9.77742
-254.831 -632.578 421.514 500148 -9.77742
-255.092 -631.062 421.588 500148 -9.77742
-255.353 -629.545 421.663 500148 -9.77742
-255.615 -628.028 421.738 500148 -9.77742
-255.876 -626.511 421.813 500148 -9.81298
-256.134 -625.023 421.886 500148 -9.81298
-256.391 -623.535 421.959 500148 -9.81298
-256.648 -622.047 422.033 500148 -9.81298
-256.906 -620.559 422.106 500148 -9.81298
-257.163 -619.071 422.179 500148 -9.81298
-257.42 -617.583 422.252 0 -9.47193
-257.666 -616.108 422.322 0 -9.33398
-257.909 -614.633 422.391 0 -9.33398
-258.152 -613.157 422.46 0 -9.33398
-258.394 -611.681 422.529 0 -9.33398
-258.637 -610.205 422.598 0 -9.33398
-258.879 -608.73 422.667 0 -9.3382
-259.121 -607.257 422.736 0 -9.3382
-259.364 -605.785 422.804 0 -9.3382
-259.606 -604.312 422.873 0 -9.3382
-259.848 -602.84 422.942 0 -9.3382
-260.09 -601.368 423.011 0 -9.3382
-260.332 -599.895 423.079 0 -9.3361
-260.575 -598.42 423.148 0 -9.23164
-260.814 -596.945 423.216 0 -8.83818
-261.044 -595.468 423.28 0 -8.83818
-261.274 -593.991 423.344 0 -8.83818
-261.503 -592.514 423.408 0 -8.83818
-261.733 -591.037 423.472 500148 -8.8361
-261.963 -589.556 423.536 500148 -8.8361
-262.193 -588.075 423.6 500148 -8.8361
-262.424 -586.594 423.664 500148 -8.8361
-262.654 -585.113 423.728 500148 -8.8361
-262.884 -583.632 423.793 500148 -8.8361
-263.114 -582.152 423.857 500148 -8.84036
-263.345 -580.669 423.921 500148 -8.84036
-263.575 -579.186 423.985 500148 -8.84036
-263.806 -577.703 424.049 500148 -8.41371
-264.026 -576.218 424.109 500148 -8.28561
-264.242 -574.733 424.167 500148 -8.28561
-264.458 -573.247 424.225 0 -8.26849
-264.673 -571.77 424.283 0 -8.26849
-264.888 -570.292 424.341 0 -8.26849
-265.103 -568.814 424.399 0 -8.26849
-265.317 -567.336 424.457 0 -8.26849
-265.532 -565.858 424.514 0 -8.26849
-265.747 -564.381 424.572 0 -8.28973
-265.96 -562.917 424.63 0 -8.28973
-266.173 -561.453 424.687 0 -8.28973
-266.387 -559.99 424.744 0 -8.28973
-266.6 -558.526 424.801 500148 -8.58417
-266.83 -557.004 424.858 0 -8.60189
-267.051 -555.542 424.915 0 -8.70979
-267.274 -554.084 424.971 0 -8.70979
-267.497 -552.627 425.028 0 -8.70979
-267.721 -551.169 425.084 0 -8.70979
-267.944 -549.711 425.141 0 -8.67406
-268.166 -548.253 425.197 0 -8.34891
-268.381 -546.794 425.25 510148 -8.46606
-268.601 -545.31 425.304 510148 -8.46606
-268.822 -543.827 425.358 510148 -8.46606
-269.043 -542.343 425.412 510148 -8.46606
-269.264 -540.859 425.466 510148 -8.46606
-269.485 -539.375 425.52 510148 -8.2532
-269.7 -537.891 425.572 510148 -8.04337
-269.917 -536.356 425.624 510148 -8.04337
-270.134 -534.822 425.677 510148 -8.04337
-270.351 -533.288 425.729 510148 -8.04337
-270.567 -531.754 425.781 510148 -8.04337
-270.784 -530.22 425.833 510148 -7.9225
-270.998 -528.685 425.884 510148 -7.651
-271.21 -527.106 425.933 510148 -7.651
-271.422 -525.527 425.983 510148 -7.651
-271.634 -523.949 426.033 510148 -7.651
-271.846 -522.37 426.083 510148 -7.651
-272.058 -520.791 426.132 510148 -7.56169
-272.268 -519.212 426.18 510148 -7.48987
-272.48 -517.597 426.227 510148 -7.48987
-272.693 -515.982 426.273 510148 -7.48987
-272.905 -514.366 426.32 510148 -7.48987
-273.117 -512.751 426.366 510148 -7.48987
-273.33 -511.136 426.413 510148 -7.40228
-273.54 -509.52 426.457 510148 -7.32504
-273.748 -507.895 426.499 510148 -7.32504
-273.957 -506.271 426.541 510148 -7.32504
-274.166 -504.647 426.584 510148 -7.32504
-274.375 -503.022 426.626 510148 -7.32504
-274.584 -501.398 426.668 510148 -7.24157
-274.79 -499.773 426.707 510148 -7.18514
-274.994 -498.153 426.744 510148 -7.18514
-275.199 -496.533 426.781 510148 -7.18514
-275.403 -494.913 426.818 510148 -7.18514
-275.607 -493.293 426.855 510148 -7.18513
-275.811 -491.673 426.893 510148 -7.11756
-276.014 -490.053 426.926 510148 -7.08503
-276.215 -488.436 426.958 510148 -7.08503
-276.416 -486.818 426.99 510148 -7.08503
-276.617 -485.201 427.022 510148 -7.08503
-276.818 -483.583 427.054 510148 -7.08503
-277.019 -481.966 427.086 510148 -7.04288
-277.219 -480.348 427.114 510148 -7.0324
-277.418 -478.728 427.14 510148 -7.0324
-277.618 -477.109 427.167 510148 -7.0324
-277.818 -475.489 427.194 510148 -7.0324
-278.018 -473.87 427.22 510148 -7.0324
-278.217 -472.25 427.247 510148 -7.02319
-278.417 -470.631 427.268 510148 -7.02566
-278.616 -469.012 427.289 510148 -7.02566
-278.816 -467.394 427.31 510148 -7.02566
-279.015 -465.775 427.331 510148 -7.02566
-279.215 -464.157 427.352 510148 -7.02566
-279.414 -462.538 427.373 510148 -6.04616
-279.58 -460.976 427.438 520148 -6.27769
-279.758 -459.355 427.487 520148 -6.3095
-279.937 -457.734 427.525 520148 -6.31683
-280.117 -456.113 427.559 520148 -6.33094
-280.297 -454.492 427.585 520148 -6.32981
-280.477 -452.871 427.606 520148 -6.32796
-280.656 -451.249 427.622 520148 -6.28533
-280.835 -449.63 427.636 520148 -6.26939
-281.013 -448.01 427.646 520148 -6.24568
-281.19 -446.39 427.654 520148 -6.21755
-281.366 -444.77 427.661 520148 -6.17957
-281.542 -443.149 427.668 520148 -6.14128
-281.716 -441.529 427.676 520148 -6.06388
-281.887 -439.918 427.685 520148 -6.01732
-282.057 -438.306 427.697 520148 -5.94597
-282.225 -436.695 427.712 520148 -5.8922
-282.391 -435.083 427.731 520148 -5.80182
-282.555 -433.471 427.756 520148 -5.74265
-282.717 -431.859 427.785 520148 -5.83185
-282.882 -430.248 427.778 530148 -5.81604
-283.045 -428.649 427.771 530148 -5.82389
-283.208 -427.049 427.774 530148 -5.82427
-283.371 -425.449 427.778 530148 -5.81432
-283.534 -423.849 427.789 530148 -5.81394
-283.697 -422.249 427.8 530148 -5.77791
-283.858 -420.66 427.816 530148 -5.77717
-284.019 -419.07 427.833 530148 -5.73097
-284.178 -417.481 427.852 530148 -5.72972
-284.338 -415.891 427.872 530148 -5.66542
-284.495 -414.302 427.892 530148 -5.66371
-284.653 -412.712 427.912 530148 -5.58919
-284.808 -411.125 427.93 530148 -5.58714
-284.964 -409.538 427.948 530148 -5.48662
-285.116 -407.951 427.962 530148 -5.48402
-285.268 -406.364 427.976 530148 -5.36537
-285.417 -404.777 427.983 530148 -5.36235
-285.566 -403.189 427.99 530148 -5.22337
-285.712 -401.598 427.988 530148 -5.22012
-285.857 -400.007 427.986 530148 -5.40799
-286.01 -398.392 427.99 540148 -5.32286
-286.159 -396.799 427.99 540148 -5.16318
-286.303 -395.206 427.991 540148 -5.16235
-286.446 -393.613 427.991 540148 -5.02266
-286.586 -392.019 427.99 540148 -5.02234
-286.727 -390.426 427.989 540148 -4.93859
-286.864 -388.833 427.987 540148 -4.92434
-287.001 -387.239 427.985 540148 -4.88698
-287.138 -385.646 427.982 540148 -4.87116
-287.274 -384.052 427.978 540148 -4.86461
-287.409 -382.459 427.974 540148 -4.86083
-287.545 -380.865 427.969 540148 -4.87504
-287.681 -379.272 427.963 540148 -4.89733
-287.817 -377.678 427.956 540148 -4.91587
-287.954 -376.085 427.948 540148 -4.97865
-288.093 -374.491 427.939 540148 -5.00278
-288.233 -372.896 427.929 540148 -5.12068
-288.376 -371.3 427.918 540148 -5.12068
-288.519 -369.704 427.906 540148 -5.27488
-288.666 -368.109 427.893 540148 -5.29167
-288.814 -366.514 427.879 540148 -5.11814
-288.956 -364.92 427.877 550148 -4.72339
-289.088 -363.325 427.868 550148 -4.41436
-289.211 -361.729 427.855 550148 -4.19938
-289.329 -360.133 427.839 550148 -4.07481
-289.442 -358.536 427.822 550148 -4.04143
-289.555 -356.939 427.804 550148 -4.09499
-289.669 -355.343 427.787 550148 -4.17989
-289.786 -353.75 427.772 550148 -4.40149
-289.908 -352.158 427.761 550148 -4.70442
-290.039 -350.566 427.753 550148 -4.23227
-290.154 -349.013 427.733 560148 -4.28402
-290.274 -347.421 427.714 560148 -4.28402
-290.393 -345.828 427.694 560148 -4.26192
-290.511 -344.239 427.675 560148 -4.26192
-290.63 -342.651 427.655 560148 -4.26192
-290.748 -341.062 427.636 560148 -4.26192
-290.867 -339.473 427.617 560148 -4.26192
-290.985 -337.884 427.597 560148 -4.26192
-291.103 -336.295 427.578 560148 -4.2285
-291.221 -334.701 427.557 560148 -3.96297
-291.332 -333.107 427.532 560148 -3.96297
-291.442 -331.513 427.508 560148 -3.96297
-291.553 -329.918 427.483 560148 -3.96297
-291.663 -328.324 427.458 560148 -3.96297
-291.773 -326.729 427.434 560148 -3.99863
-291.886 -325.116 427.409 560148 -3.99863
-291.999 -323.503 427.384 560148 -3.99863
-292.112 -321.89 427.359 560148 -3.99863
-292.225 -320.277 427.334 560148 -3.7992
-292.332 -318.663 427.306 560148 -3.65762
-292.435 -317.049 427.276 560148 -3.65155
-292.54 -315.407 427.245 560148 -3.65155
-292.644 -313.765 427.214 560148 -3.65155
-292.749 -312.123 427.184 560148 -3.65155
-292.854 -310.481 427.153 560148 -3.65155
-292.959 -308.839 427.122 560148 -3.65155
-293.064 -307.197 427.092 560148 -3.68549
-293.171 -305.522 427.06 560148 -3.63599
-293.278 -303.848 427.028 560148 -3.35843
-293.376 -302.172 426.991 560148 -3.35843
-293.475 -300.497 426.954 560148 -3.35843
-293.573 -298.822 426.917 560148 -3.35843
-293.671 -297.146 426.881 560148 -3.36113
-293.772 -295.431 426.843 560148 -3.36113
-293.873 -293.716 426.805 560148 -3.36113
-293.973 -292.001 426.767 560148 -3.36113
-294.074 -290.286 426.73 560148 -3.35827
-294.175 -288.57 426.692 560148 -3.04802
-294.266 -286.855 426.648 560148 -2.97637
-294.357 -285.098 426.604 560148 -2.97637
-294.449 -283.341 426.559 560148 -2.97637
-294.54 -281.584 426.515 560148 -2.97637
-294.631 -279.827 426.47 560148 -2.97637
-294.723 -278.071 426.426 560148 -2.97637
-294.814 -276.314 426.381 560148 -2.95568
-294.907 -274.518 426.335 560148 -2.89925
-294.998 -272.722 426.289 560148 -2.65652
-295.081 -270.926 426.237 560148 -2.65652
-295.165 -269.13 426.186 560148 -2.65652
-295.248 -267.334 426.134 560148 -2.65652
-295.331 -265.538 426.082 560148 -2.71484
-295.417 -263.726 426.03 560148 -2.71484
-295.503 -261.915 425.978 560148 -2.71484
-295.589 -260.104 425.926 560148 -2.71484
-295.675 -258.293 425.874 560148 -2.55025
-295.755 -256.481 425.818 560148 -2.42964
-295.832 -254.67 425.76 560148 -2.36955
-295.907 -252.873 425.702 560148 -2.36955
-295.981 -251.077 425.644 560148 -2.36955
-296.055 -249.281 425.586 560148 -2.36955
-296.13 -247.484 425.529 560148 -2.36955
-296.204 -245.688 425.471 560148 -2.36955
-296.278 -243.892 425.413 560148 -2.38839
-296.352 -242.135 425.356 560148 -2.14049
-296.417 -240.378 425.294 560148 -2.11715
-296.482 -238.621 425.231 560148 -2.11715
-296.547 -236.863 425.169 560148 -2.11715
-296.612 -235.106 425.106 560148 -2.11715
-296.677 -233.349 425.043 560148 -2.18511
-296.742 -231.637 424.982 560148 -2.18511
-296.808 -229.924 424.921 560148 -2.18511
-296.873 -228.212 424.86 560148 -2.18511
-296.938 -226.499 424.799 560148 -1.93775
-296.996 -224.786 424.732 560148 -1.92782
-297.054 -223.074 424.665 560148 -1.95141
-297.111 -221.397 424.599 560148 -1.95141
-297.168 -219.72 424.533 560148 -1.95141
-297.225 -218.043 424.467 560148 -1.95141
-297.283 -216.366 424.402 560148 -1.95141
-297.34 -214.689 424.336 560148 -1.95141
-297.397 -213.012 424.27 560148 -1.88881
-297.452 -211.352 424.205 560148 -1.71547
-297.501 -209.692 424.136 560148 -1.64543
-297.549 -208.033 424.065 560148 -1.64543
-297.597 -206.373 423.994 560148 -1.64543
-297.644 -204.713 423.922 560148 -1.64543
-297.692 -203.053 423.851 560148 -1.64735
-297.74 -201.396 423.781 560148 -1.64735
-297.787 -199.739 423.71 560148 -1.64735
-297.835 -198.082 423.639 560148 -1.64735
-297.883 -196.425 423.568 560148 -1.97407
-297.941 -194.727 423.495 570148 -2.05105
-298.001 -193.068 423.419 570148 -2.05105
-298.06 -191.405 423.343 570148 -2.05105
-298.12 -189.743 423.266 570148 -2.05105
-298.179 -188.08 423.19 570148 -2.05105
-298.239 -186.417 423.114 570148 -2.05105
-298.298 -184.754 423.037 570148 -2.05105
-298.358 -183.092 422.961 570148 -2.04914
-298.417 -181.426 422.884 570148 -2.04914
-298.477 -179.76 422.808 570148 -2.01929
-298.536 -178.094 422.731 570148 -1.9828
-298.593 -176.428 422.652 570148 -1.9828
-298.651 -174.762 422.574 570148 -1.9828
-298.709 -173.095 422.496 570148 -1.98472
-298.766 -171.434 422.417 570148 -1.98472
-298.824 -169.772 422.339 570148 -1.98472
-298.882 -168.11 422.261 570148 -1.98472
-298.939 -166.449 422.183 570148 -1.98472
-298.997 -164.787 422.105 570148 -1.98472
-299.054 -163.125 422.027 570148 -1.97468
-299.111 -161.472 421.949 570148 -1.93215
-299.167 -159.819 421.87 570148 -1.93215
-299.223 -158.166 421.791 570148 -1.93215
-299.279 -156.513 421.712 570148 -1.93215
-299.334 -154.86 421.633 570148 -1.93215
-299.39 -153.207 421.554 570148 -1.92058
-299.446 -151.557 421.475 570148 -1.92058
-299.501 -149.907 421.396 570148 -1.92058
-299.556 -148.257 421.317 570148 -1.92058
-299.611 -146.607 421.238 570148 -1.92058
-299.667 -144.957 421.159 570148 -1.88708
-299.721 -143.307 421.079 570148 -1.86061
-299.775 -141.654 420.999 570148 -1.86061
-299.829 -140 420.92 570148 -1.86061
-299.882 -138.347 420.84 570148 -1.86061
-299.936 -136.694 420.76 570148 -1.86061
-299.99 -135.041 420.68 570148 -1.86061
-300.043 -133.388 420.6 570148 -1.85886
-300.097 -131.726 420.52 570148 -1.85886
-300.151 -130.065 420.439 570148 -1.85886
-300.205 -128.403 420.359 570148 -1.84483
-300.259 -126.741 420.278 570148 -1.8338
-300.312 -125.079 420.198 570148 -1.8338
-300.365 -123.418 420.117 570148 -1.83388
-300.418 -121.752 420.036 570148 -1.83388
-300.472 -120.086 419.955 570148 -1.83388
-300.525 -118.421 419.874 570148 -1.83388
-300.578 -116.755 419.793 570148 -1.83388
-300.632 -115.089 419.713 570148 -1.83388
-300.685 -113.423 419.632 570148 -1.83575
-300.738 -111.76 419.551 570148 -1.83226
-300.792 -110.096 419.47 570148 -1.82445
-300.845 -108.432 419.389 570148 -1.82445
-300.898 -106.768 419.309 570148 -1.82445
-300.951 -105.105 419.228 570148 -1.82445
-301.004 -103.441 419.147 570148 -1.82254
-301.057 -101.777 419.067 570148 -1.82254
-301.11 -100.113 418.986 570148 -1.82254
-301.162 -98.4497 418.905 570148 -1.82254
-301.215 -96.786 418.825 570148 -1.82254
-301.268 -95.1222 418.744 570148 -1.82267
-301.321 -93.4585 418.663 570148 -1.82692
-301.374 -91.7947 418.583 570148 -1.82692
-301.427 -90.1309 418.503 570148 -1.82692
-301.481 -88.4672 418.423 570148 -1.82692
-301.534 -86.8034 418.343 570148 -1.82692
-301.587 -85.1396 418.263 570148 -1.82692
-301.64 -83.4758 418.183 570148 -1.82501
-301.693 -81.8121 418.103 570148 -1.82501
-301.746 -80.1483 418.023 570148 -1.82501
-301.799 -78.4845 417.943 570148 -1.82501
-301.852 -76.8208 417.862 570148 -1.83795
-301.905 -75.157 417.783 570148 -1.84123
-301.959 -73.4931 417.704 570148 -1.84123
-302.012 -71.8293 417.625 570148 -1.84123
-302.066 -70.1655 417.546 570148 -1.84123
-302.119 -68.5017 417.467 570148 -1.84123
-302.173 -66.8379 417.388 570148 -1.84123
-302.226 -65.1741 417.309 570148 -1.84123
-302.28 -63.5103 417.23 570148 -1.84314
-302.333 -61.8468 417.151 570148 -1.84314
-302.387 -60.1834 417.072 570148 -1.85935
-302.441 -58.5199 416.994 570148 -1.87312
-302.495 -56.8563 416.917 570148 -1.87312
-302.549 -55.1928 416.839 570148 -1.87312
-302.604 -53.5293 416.762 570148 -1.87122
-302.658 -51.8654 416.684 570148 -1.87122
-302.713 -50.2016 416.607 570148 -1.87122
-302.767 -48.5377 416.53 570148 -1.87122
-302.821 -46.8739 416.452 570148 -1.87122
-302.876 -45.21 416.375 570148 -1.87122
-302.93 -43.5462 416.297 570148 -1.88358
-302.985 -41.8823 416.22 570148 -1.91496
-303.04 -40.2184 416.145 570148 -1.91496
-303.096 -38.5545 416.07 570148 -1.91496
-303.152 -36.8906 415.994 570148 -1.91496
-303.207 -35.2267 415.919 570148 -1.91496
-303.263 -33.5628 415.844 570148 -1.91687
-303.319 -31.8989 415.768 570148 -1.91687
-303.374 -30.235 415.693 570148 -1.91687
-303.43 -28.5711 415.618 570148 -1.91687
-303.486 -26.9072 415.542 570148 -1.89069
-303.54 -25.248 415.467 580148 -1.8626
-303.595 -23.5839 415.392 580148 -1.86069
-303.649 -21.9198 415.318 580148 -1.86069
-303.703 -20.2556 415.243 580148 -1.86069
-303.757 -18.5915 415.168 580148 -1.86069
-303.811 -16.9274 415.094 580148 -1.86069
-303.865 -15.2632 415.019 580148 -1.86069
-303.919 -13.5991 414.945 580148 -1.86069
-303.973 -11.935 414.87 580148 -1.86069
-304.027 -10.2708 414.796 580148 -1.84183
-304.081 -8.60661 414.723 580148 -1.83434
-304.134 -6.94236 414.65 580148 -1.83434
-304.187 -5.27811 414.578 580148 -1.83434
-304.24 -3.61386 414.505 580148 -1.83434
-304.294 -1.94961 414.433 580148 -1.83434
-304.347 -0.285364 414.36 580148 -1.83434
-304.4 1.37889 414.288 580148 -1.83434
-304.454 3.04314 414.215 580148 -1.83434
-304.507 4.70739 414.143 580148 -1.83261
-304.56 6.37164 414.07 580148 -1.81841
-304.613 8.036 414 580148 -1.81841
-304.666 9.70035 413.929 580148 -1.81841
-304.719 11.3647 413.859 580148 -1.81841
-304.772 13.029 413.788 580148 -1.81841
-304.824 14.6934 413.718 580148 -1.81841
-304.877 16.3577 413.647 580148 -1.81649
-304.93 18.0221 413.577 580148 -1.81649
-304.983 19.6865 413.506 580148 -1.8165
-305.036 21.3508 413.436 580148 -1.81204
-305.088 23.0152 413.366 580148 -1.80716
-305.141 24.6796 413.297 580148 -1.80716
-305.193 26.3441 413.229 580148 -1.80716
-305.246 28.0085 413.16 580148 -1.80716
-305.298 29.673 413.092 580148 -1.80716
-305.351 31.3374 413.023 580148 -1.80716
-305.403 33.0019 412.955 580148 -1.80716
-305.456 34.6663 412.886 580148 -1.80716
-305.508 36.3307 412.818 580148 -1.80908
-305.561 37.9955 412.749 580148 -1.80838
-305.613 39.6604 412.682 580148 -1.80826
-305.666 41.3252 412.615 580148 -1.80826
-305.719 42.9901 412.549 580148 -1.80826
-305.771 44.6549 412.482 580148 -1.80826
-305.824 46.3198 412.416 580148 -1.80818
-305.876 47.98 412.349 580148 -1.80818
-305.929 49.6402 412.283 580148 -1.80818
-305.981 51.3004 412.216 580148 -1.80818
-306.033 52.9605 412.15 580148 -1.80993
-306.086 54.6208 412.084 580148 -1.81587
-306.138 56.281 412.019 580148 -1.814
-306.191 57.9439 411.954 580148 -1.814
-306.244 59.6069 411.89 580148 -1.814
-306.296 61.2698 411.825 580148 -1.814
-306.349 62.9327 411.76 580148 -1.814
-306.402 64.5956 411.696 580148 -1.814
-306.454 66.2586 411.631 580148 -1.81624
-306.508 67.9395 411.566 580148 -1.81624
-306.561 69.6204 411.5 580148 -1.82634
-306.615 71.3013 411.436 580148 -1.83244
-306.668 72.9823 411.373 580148 -1.83244
-306.722 74.6632 411.309 580148 -1.83244
-306.776 76.3442 411.245 580148 -1.87953
-306.832 78.0484 411.181 580148 -1.87953
-306.888 79.7526 411.117 580148 -1.87953
-306.944 81.4568 411.052 580148 -1.87953
-307 83.161 410.988 580148 -1.87953
-307.056 84.8652 410.924 580148 -1.88392
-307.112 86.5695 410.859 580148 -1.87452
-307.168 88.2937 410.796 580148 -1.87452
-307.225 90.018 410.733 580148 -1.87452
-307.281 91.7423 410.67 580148 -1.87452
-307.337 93.4665 410.606 580148 -1.87452
-307.394 95.1908 410.543 580148 -1.87452
-307.45 96.9151 410.48 580148 -1.90778
-307.508 98.635 410.417 580148 -1.90778
-307.565 100.355 410.354 580148 -1.90778
-307.622 102.075 410.291 580148 -1.93704
-307.68 103.795 410.229 580148 -1.941
-307.739 105.515 410.168 580148 -1.941
-307.797 107.235 410.106 580148 -1.93745
-307.855 108.939 410.046 580148 -1.93745
-307.912 110.642 409.985 580148 -1.93745
-307.97 112.346 409.924 580148 -1.93745
-308.027 114.05 409.864 580148 -1.93745
-308.085 115.754 409.803 580148 -1.93745
-308.143 117.458 409.742 580148 -1.96059
-308.201 119.156 409.683 580148 -1.98112
-308.26 120.854 409.624 580148 -1.98112
-308.318 122.551 409.565 580148 -1.98112
-308.377 124.249 409.507 580148 -1.98112
-308.436 125.947 409.448 580148 -1.98112
-308.494 127.644 409.389 580148 -1.98107
-308.553 129.346 409.33 580148 -1.98107
-308.612 131.048 409.271 580148 -1.98107
-308.671 132.749 409.213 580148 -1.91441
-308.727 134.436 409.154 590148 -1.82362
-308.782 136.138 409.097 590148 -1.82362
-308.836 137.839 409.04 590148 -1.82346
-308.89 139.556 408.982 590148 -1.82346
-308.945 141.273 408.924 590148 -1.82346
-309 142.99 408.867 590148 -1.82346
-309.054 144.706 408.809 590148 -1.82346
-309.109 146.423 408.752 590148 -1.82346
-309.164 148.14 408.694 590148 -1.8252
-309.219 149.866 408.636 590148 -1.8252
-309.274 151.592 408.578 590148 -1.8252
-309.329 153.318 408.52 590148 -1.8252
-309.384 155.044 408.462 590148 -1.8252
-309.439 156.77 408.404 590148 -1.85551
-309.495 158.496 408.347 590148 -1.8565
-309.551 160.223 408.291 590148 -1.8565
-309.607 161.949 408.234 590148 -1.8565
-309.663 163.675 408.177 590148 -1.8565
-309.718 165.401 408.12 590148 -1.8565
-309.774 167.127 408.064 590148 -1.8565
-309.83 168.853 408.007 590148 -1.8566
-309.886 170.57 407.95 590148 -1.8566
-309.942 172.287 407.894 590148 -1.8566
-309.997 174.003 407.838 590148 -1.8566
-310.053 175.72 407.781 590148 -1.8566
-310.109 177.437 407.725 590148 -1.8566
-310.164 179.154 407.668 590148 -1.8681
-310.22 180.855 407.613 590148 -1.88077
-310.276 182.557 407.558 590148 -1.88077
-310.331 184.258 407.503 590148 -1.88077
-310.387 185.96 407.448 590148 -1.88077
-310.443 187.661 407.393 590148 -1.88077
-310.499 189.362 407.338 590148 -1.88273
-310.555 191.056 407.283 590148 -1.88273
-310.61 192.75 407.228 590148 -1.88273
-310.666 194.444 407.173 590148 -1.88273
-310.722 196.138 407.119 590148 -1.88273
-310.777 197.831 407.064 590148 -1.88273
-310.833 199.525 407.009 590148 -1.91053
-310.89 201.232 406.954 590148 -1.91053
-310.947 202.939 406.899 590148 -1.92327
-311.004 204.647 406.844 590148 -1.9254
-311.062 206.354 406.789 590148 -1.9254
-311.119 208.061 406.735 590148 -1.9254
-311.177 209.768 406.68 590148 -1.86595
-311.233 211.502 406.625 590148 -1.86595
-311.29 213.237 406.57 590148 -1.86595
-311.346 214.971 406.514 590148 -1.86595
-311.403 216.706 406.459 590148 -1.86595
-311.459 218.44 406.404 590148 -1.86595
-311.516 220.175 406.348 590148 -1.89518
-311.573 221.92 406.293 590148 -1.89518
-311.631 223.665 406.237 590148 -1.89518
-311.689 225.41 406.181 590148 -1.89794
-311.747 227.155 406.126 590148 -1.90093
-311.805 228.9 406.07 590148 -1.90093
-311.862 230.645 406.015 590148 -1.90289
-311.92 232.379 405.96 590148 -1.90289
-311.978 234.112 405.905 590148 -1.90289
-312.035 235.846 405.851 590148 -1.90289
-312.093 237.579 405.796 590148 -1.90289
-312.15 239.312 405.741 590148 -1.90289
-312.208 241.046 405.686 590148 -1.90117
-312.265 242.768 405.632 590148 -1.90117
-312.322 244.49 405.577 590148 -1.90117
-312.38 246.212 405.523 590148 -1.90117
-312.437 247.934 405.468 590148 -1.90076
-312.494 249.656 405.414 590148 -1.89779
-312.551 251.379 405.359 590148 -1.96731
-312.611 253.114 405.305 590148 -1.96731
-312.67 254.849 405.25 590148 -1.96731
-312.73 256.585 405.195 590148 -1.96731
-312.789 258.32 405.14 590148 -1.96731
-312.849 260.056 405.086 590148 -1.96731
-312.909 261.791 405.031 590148 -1.90262
-312.968 263.565 404.975 590148 -1.90262
-313.026 265.34 404.919 590148 -1.90262
-313.085 267.114 404.863 590148 -1.90262
-313.144 268.889 404.807 590148 -1.90262
-313.203 270.663 404.752 590148 -1.90262
-313.262 272.437 404.696 590148 -1.8151
-313.32 274.25 404.638 590148 -1.81414
-313.377 276.062 404.581 590148 -1.81414
-313.434 277.875 404.524 590148 -1.81414
-313.492 279.687 404.467 590148 -1.81414
-313.549 281.5 404.41 590148 -1.81414
-313.607 283.312 404.353 590148 -1.8859
-313.667 285.145 404.295 590148 -1.8859
-313.727 286.977 404.237 590148 -1.8859
-313.788 288.81 404.18 590148 -1.8859
-313.848 290.643 404.122 590148 -1.8859
-313.908 292.476 404.064 590148 -1.8859
-313.969 294.308 404.006 590148 -1.88232
-314.029 296.149 403.948 590148 -1.8659
-314.089 297.99 403.89 590148 -1.8659
-314.149 299.83 403.832 590148 -1.8659
-314.209 301.671 403.774 590148 -1.8659
-314.269 303.512 403.715 590148 -1.8659
-314.329 305.352 403.657 590148 -1.86083
-314.388 307.181 403.599 590148 -1.86083
-314.448 309.009 403.541 590148 -1.86083
-314.507 310.837 403.483 590148 -1.86083
-314.567 312.665 403.426 590148 -1.86083
-314.626 314.493 403.368 590148 -1.86083
-314.685 316.321 403.31 590148 -1.8645
-314.744 318.13 403.253 590148 -1.84568
-314.803 319.94 403.195 590148 -1.83373
-314.861 321.749 403.137 590148 -1.83373
-314.919 323.558 403.079 590148 -1.83373
-314.976 325.368 403.022 590148 -1.83373
-315.034 327.177 402.964 590148 -1.80031
-315.091 328.984 402.906 590148 -1.80031
-315.148 330.791 402.848 590148 -1.80031
-315.205 332.599 402.791 590148 -1.80031
-315.262 334.406 402.733 590148 -1.80031
-315.318 336.213 402.675 590148 -1.80031
-315.375 338.02 402.618 590148 -1.77942
-315.432 339.84 402.56 590148 -1.77942
-315.488 341.66 402.501 590148 -1.74611
-315.544 343.479 402.443 590148 -1.73952
-315.599 345.299 402.384 590148 -1.73952
-315.654 347.119 402.325 590148 -1.73952
-315.71 348.939 402.266 590148 -1.74339
-315.766 350.781 402.207 590148 -1.74339
-315.822 352.622 402.147 590148 -1.74339
-315.878 354.464 402.088 590148 -1.74339
-315.934 356.306 402.028 590148 -1.74339
-315.99 358.148 401.968 590148 -1.74339
-316.046 359.989 401.909 590148 -1.73331
-316.102 361.844 401.849 590148 -1.73331
-316.158 363.698 401.789 590148 -1.798
-316.217 365.581 401.729 600148 -1.83936
-316.277 367.431 401.667 600148 -1.83936
-316.336 369.28 401.606 600148 -1.83936
-316.395 371.129 401.545 600148 -1.83247
-316.455 372.978 401.483 600148 -1.83247
-316.514 374.827 401.422 600148 -1.83247
-316.573 376.676 401.361 600148 -1.83247
-316.632 378.524 401.299 600148 -1.83247
-316.691 380.373 401.238 600148 -1.83247
-316.75 382.222 401.177 600148 -1.602
-316.802 384.064 401.118 600148 -1.23429
-316.842 385.907 401.063 600148 -1.23429
-316.881 387.75 401.009 600148 -1.23429
-316.921 389.593 400.954 600148 -1.23429
-316.961 391.436 400.899 600148 -1.23429
-317 393.279 400.844 600148 -1.1688
-317.037 395.094 400.791 600148 -1.1688
-317.074 396.91 400.737 600148 -1.1688
-317.111 398.725 400.683 600148 -1.16879
-317.148 400.54 400.629 600148 -1.06398
-317.182 402.356 400.576 600148 -0.53931
-317.199 404.172 400.529 600148 -0.604874
-317.218 405.942 400.483 600148 -0.604874
-317.237 407.712 400.436 600148 -0.604874
-317.255 409.481 400.39 600148 -0.604874
-317.274 411.251 400.344 600148 -0.604874
-317.293 413.021 400.298 600148 -0.604874
-317.311 414.791 400.252 600148 -0.7258
-317.333 416.511 400.207 600148 -0.7258
-317.355 418.231 400.162 600148 -0.7258
-317.377 419.952 400.117 600148 -0.382162
-317.388 421.672 400.076 600148 -0.0718922
-317.39 423.392 400.037 600148 -0.071892
-317.393 425.113 399.999 600148 -0.0504984
-317.394 426.809 399.961 600148 -0.0504983
-317.396 428.505 399.923 600148 -0.0504981
-317.397 430.202 399.885 600148 -0.050498
-317.399 431.898 399.847 600148 -0.0504978
-317.4 433.595 399.81 600148 -0.0504977
-317.402 435.291 399.772 600148 -0.0739455
-317.404 437.007 399.733 600148 -0.0739452
-317.406 438.724 399.695 600148 0.302952
-317.397 440.44 399.66 600148 0.604151
-317.379 442.156 399.629 600148 0.604152
-317.361 443.872 399.597 600148 0.604152
-317.343 445.588 399.566 600148 0.730842
-317.32 447.353 399.533 600148 0.730842
-317.298 449.118 399.5 600148 0.730842
-317.275 450.883 399.468 600148 0.730842
-317.253 452.648 399.435 600148 0.730842
-317.23 454.413 399.403 600148 0.730842
-317.208 456.177 399.37 600148 0.764898
-317.183 457.987 399.337 600148 1.38136
-317.14 459.797 399.31 600148 1.46693
-317.093 461.606 399.284 600148 1.46693
-317.047 463.416 399.258 600148 1.46693
-317.001 465.225 399.231 600148 1.46693
-316.954 467.034 399.205 600148 1.39301
-316.91 468.864 399.179 600148 1.39301
-316.865 470.694 399.152 600148 1.39301
-316.821 472.524 399.126 600148 1.39301
-316.776 474.354 399.1 600148 1.39301
-316.732 476.183 399.073 600148 1.8211
-316.674 478.013 399.051 600148 2.11868
-316.606 479.845 399.032 600148 2.11868
-316.538 481.678 399.014 600148 2.11868
-316.47 483.51 398.995 600148 2.11868
-316.403 485.343 398.976 600148 2.11868
-316.335 487.175 398.957 600148 2.11868
-316.267 489.007 398.938 600148 2.12043
-316.199 490.836 398.919 600148 2.12043
-316.132 492.664 398.9 600148 2.12043
-316.064 494.492 398.882 600148 2.38916
-315.988 496.32 398.866 600148 2.86942
-315.896 498.147 398.855 600148 2.86942
-315.805 499.974 398.844 600148 2.86771
-315.714 501.79 398.833 600148 2.86771
-315.623 503.605 398.822 600148 2.86771
-315.532 505.421 398.811 600148 2.86771
-315.441 507.236 398.8 600148 2.86771
-315.35 509.052 398.789 600148 2.86771
-315.259 510.867 398.778 600148 2.86765
-315.167 512.703 398.767 600148 2.92608
-315.073 514.538 398.756 600148 3.63955
-314.956 516.372 398.753 600148 3.63955
-314.84 518.206 398.751 600148 3.63955
-314.723 520.04 398.748 600148 3.63955
-314.606 521.875 398.745 600148 3.64113
-314.487 523.749 398.742 600148 3.64113
-314.368 525.624 398.738 600148 3.64113
-314.249 527.498 398.735 600148 3.64113
-314.129 529.373 398.732 600148 3.64113
-314.01 531.247 398.729 600148 3.64113
-313.891 533.122 398.726 600148 4.36581
-313.747 535.01 398.732 600148 4.37324
-313.602 536.898 398.737 600148 4.37324
-313.458 538.786 398.743 600148 4.37324
-313.313 540.674 398.748 600148 4.37324
-313.169 542.563 398.754 600148 4.37324
-313.025 544.451 398.759 600148 4.28298
-312.884 546.324 398.765 600148 4.28298
-312.744 548.197 398.77 600148 4.28298
-312.604 550.07 398.775 600148 4.34567
-312.461 551.95 398.78 610148 4.77372
-312.305 553.822 398.788 610148 4.77372
-312.148 555.694 398.796 610148 4.77218
-311.995 557.524 398.803 610148 4.77218
-311.843 559.355 398.811 610148 4.77218
-311.69 561.186 398.819 610148 4.92604
-311.532 563.016 398.829 610148 5.20951
-311.365 564.845 398.842 610148 5.20952
-311.198 566.675 398.856 610148 5.20798
-311.033 568.485 398.87 610148 5.20798
-310.868 570.296 398.883 610148 5.20798
-310.703 572.106 398.897 610148 5.26576
-310.536 573.917 398.911 610148 5.64644
-310.358 575.726 398.931 610148 5.64644
-310.179 577.535 398.95 610148 5.64723
-309.999 579.354 398.969 610148 5.64723
-309.819 581.173 398.989 610148 5.64723
-309.639 582.991 399.008 610148 5.64723
-309.459 584.81 399.028 610148 6.04641
-309.267 586.628 399.052 610148 6.08675
-309.073 588.445 399.077 610148 6.08504
-308.879 590.263 399.101 610148 6.08504
-308.686 592.08 399.126 610148 6.08504
-308.492 593.898 399.151 610148 6.08504
-308.298 595.716 399.176 610148 6.39145
-308.094 597.532 399.204 610148 6.52559
-307.887 599.348 399.234 610148 6.5273
-307.679 601.164 399.264 610148 6.52731
-307.471 602.98 399.293 610148 6.52731
-307.263 604.795 399.323 610148 6.52731
-307.056 606.611 399.353 610148 6.73959
-306.841 608.426 399.385 610148 6.96882
-306.619 610.24 399.419 610148 6.96882
-306.398 612.054 399.453 610148 6.96882
-306.176 613.868 399.488 610148 6.96882
-305.954 615.682 399.522 610148 6.96882
-305.733 617.496 399.556 610148 7.08555
-305.507 619.31 399.592 610148 7.41125
-305.271 621.122 399.631 610148 7.41127
-305.036 622.935 399.669 610148 7.41128
-304.8 624.747 399.708 610148 7.41128
-304.564 626.56 399.746 610148 7.41128
-304.328 628.372 399.785 610148 7.43142
-304.092 630.185 399.824 610148 7.85456
-303.842 631.996 399.866 610148 7.85279
-303.592 633.806 399.909 610148 7.85279
-303.343 635.616 399.951 610148 7.85279
-303.093 637.426 399.993 610148 7.85279
-302.843 639.237 400.036 610148 7.85279
-302.594 641.047 400.078 610148 8.21853
-302.332 642.856 400.124 610148 8.29958
-302.067 644.676 400.17 610148 8.29958
-301.801 646.496 400.216 610148 8.29958
-301.536 648.316 400.262 610148 8.29958
-301.27 650.136 400.308 610148 8.29959
-301.005 651.956 400.355 610148 8.58141
-300.73 653.775 400.403 610148 8.74253
-300.454 655.57 400.451 610148 8.74253
-300.178 657.365 400.5 610148 8.74253
-299.902 659.16 400.549 610148 8.74253
-299.626 660.955 400.598 610148 8.74253
-299.35 662.75 400.646 610148 8.50882
-299.075 664.588 400.703 620148 8.49229
-298.815 666.334 400.763 620148 8.76702
-298.546 668.078 400.822 620148 8.82134
-298.275 669.822 400.881 620148 9.09454
-297.996 671.565 400.939 620148 9.12508
-297.716 673.308 400.998 620148 9.35028
-297.429 675.05 401.056 620148 9.44653
-297.142 676.773 401.114 620148 9.61051
-296.851 678.496 401.173 620148 9.65324
-296.558 680.218 401.232 620148 9.76737
-296.261 681.94 401.292 620148 9.80862
-295.964 683.661 401.353 620148 9.88119
-295.664 685.382 401.415 620148 10.0551
-295.356 687.12 401.48 620148 10.0936
-295.046 688.858 401.546 620148 10.1092
-294.737 690.596 401.614 620148 10.1214
-294.426 692.334 401.683 620148 10.1113
-294.117 694.072 401.755 620148 10.1062
-293.807 695.809 401.829 620148 10.8743
-293.476 697.532 401.891 630148 10.7563
-293.137 699.314 401.955 630148 10.6369
-292.803 701.096 402.019 630148 10.579
-292.47 702.879 402.085 630148 10.5441
-292.138 704.662 402.151 630148 10.5398
-291.806 706.445 402.219 630148 10.555
-291.469 708.251 402.289 630148 10.6206
-291.131 710.057 402.36 630148 10.7123
-290.79 711.861 402.432 630148 10.7923
-290.446 713.666 402.505 630148 11.0155
-290.095 715.469 402.58 630148 11.1176
-289.74 717.271 402.655 630148 11.4005
-289.38 719.06 402.732 630148 11.624
-289.012 720.847 402.81 630148 11.8366
-288.638 722.633 402.89 630148 12.2771
-288.25 724.416 402.971 630148 11.7976
-287.854 726.311 403.043 640148 11.2108
-287.499 728.104 403.106 640148 11.4062
-287.137 729.895 403.171 640148 11.5079
-286.773 731.684 403.237 640148 11.7313
-286.402 733.473 403.306 640148 11.7836
-286.029 735.261 403.376 640148 11.9606
-285.65 737.047 403.447 640148 12.0163
-285.27 738.834 403.519 640148 12.1162
-284.887 740.616 403.592 640148 12.1794
-284.503 742.397 403.666 640148 12.2245
-284.117 744.178 403.741 640148 12.2738
-283.729 745.959 403.816 640148 12.286
-283.342 747.74 403.891 640148 12.2996
-282.953 749.521 403.967 640148 12.2914
-282.564 751.307 404.043 640148 12.2662
-282.176 753.093 404.118 640148 12.2291
-281.789 754.879 404.194 640148 12.1858
-281.403 756.666 404.269 640148 13.1829
-280.999 758.388 404.342 650148 13.1877
-280.583 760.168 404.413 650148 13.158
-280.163 761.962 404.485 650148 13.158
-279.743 763.757 404.557 650148 13.158
-279.324 765.552 404.629 650148 13.158
-278.904 767.347 404.702 650148 13.158
-278.485 769.142 404.774 650148 13.158
-278.065 770.937 404.846 650148 13.4194
-277.632 772.752 404.919 650148 13.7223
-277.189 774.565 404.993 650148 13.7223
-276.747 776.378 405.066 650148 13.7223
-276.304 778.191 405.14 650148 13.7223
-275.861 780.003 405.213 650148 13.7223
-275.419 781.816 405.287 650148 13.693
-274.973 783.644 405.361 650148 13.693
-274.528 785.472 405.436 650148 13.693
-274.083 787.299 405.51 650148 14.2105
-273.621 789.123 405.584 650148 14.2245
-273.159 790.946 405.659 650148 14.2245
-272.697 792.769 405.734 650148 14.2245
-272.235 794.591 405.808 650148 14.2245
-271.773 796.412 405.883 650148 14.2245
-271.311 798.234 405.957 650148 14.2245
-270.85 800.055 406.032 650148 14.2245
-270.388 801.877 406.107 650148 14.5505
-269.916 803.695 406.181 650148 14.7805
-269.434 805.522 406.257 650148 14.7805
-268.952 807.349 406.332 650148 14.7805
-268.47 809.176 406.407 650148 14.7805
-267.988 811.003 406.482 650148 14.7805
-267.506 812.829 406.558 650148 14.7805
-267.024 814.656 406.633 650148 14.7816
-266.535 816.509 406.709 650148 14.9324
-266.041 818.36 406.785 650148 15.3659
-265.533 820.208 406.862 650148 15.3659
-265.026 822.056 406.938 650148 15.3659
-264.518 823.904 407.015 650148 15.3659
-264.01 825.751 407.091 650148 15.3111
-263.499 827.617 407.168 650148 15.3111
-262.988 829.483 407.245 650148 15.3111
-262.478 831.349 407.322 650148 15.3498
-261.966 833.214 407.399 650148 15.9216
-261.435 835.075 407.476 650148 15.9216
-260.904 836.935 407.553 650148 15.915
-260.374 838.793 407.63 650148 15.915
-259.844 840.652 407.707 650148 15.915
-259.314 842.51 407.784 650148 15.915
-258.785 844.369 407.861 650148 15.915
-258.255 846.227 407.937 650148 15.915
-257.725 848.085 408.014 650148 16.4831
-257.182 849.918 408.09 650148 16.5478
-256.638 851.751 408.166 650148 16.5478
-256.093 853.583 408.241 650148 16.5478
-255.549 855.416 408.317 650148 16.5478
-255.005 857.248 408.393 650148 16.5478
-254.46 859.081 408.468 650148 16.5494
-253.917 860.909 408.544 650148 16.5494
-253.373 862.738 408.619 650148 16.9691
-252.817 864.562 408.695 650148 17.2114
-252.252 866.384 408.769 650148 17.2114
-251.688 868.207 408.844 650148 17.2114
-251.123 870.029 408.919 650148 17.2116
-250.554 871.867 408.995 650148 17.2116
-249.984 873.705 409.071 650148 17.2116
-249.415 875.543 409.146 650148 17.2116
-248.846 877.381 409.222 650148 17.481
-248.268 879.217 409.297 650148 17.8989
-247.676 881.048 409.372 650148 17.8974
-247.082 882.888 409.447 650148 17.8974
-246.488 884.728 409.522 650148 17.8974
-245.893 886.569 409.597 650148 17.8974
-245.299 888.409 409.673 650148 17.8974
-244.705 890.249 409.748 650148 17.8974
-244.11 892.09 409.823 650148 18.0485
-243.51 893.932 409.898 650148 18.6114
-242.892 895.768 409.972 650148 18.6114
-242.274 897.604 410.047 650148 18.6114
-241.655 899.44 410.121 650148 18.6114
-241.037 901.276 410.195 650148 18.6114
-240.419 903.112 410.27 650148 18.5622
-239.801 904.951 410.344 650148 18.5622
-239.183 906.79 410.419 650148 18.7125
-238.558 908.635 410.497 660148 19.2109
-237.92 910.467 410.581 660148 19.2109
-237.282 912.299 410.664 660148 19.2109
-236.643 914.131 410.747 660148 19.3092
-235.998 915.972 410.831 660148 19.3092
-235.353 917.814 410.915 660148 19.3092
-234.708 919.655 410.999 660148 19.3092
-234.063 921.496 411.082 660148 19.3092
-233.418 923.337 411.166 660148 19.3092
-232.773 925.178 411.25 660148 19.5395
-232.113 927.037 411.335 660148 19.5395
-231.453 928.897 411.42 660148 19.7132
-230.788 930.754 411.503 660148 20.4095
-230.1 932.603 411.579 660148 20.4095
-229.411 934.452 411.656 660148 20.4095
-228.723 936.302 411.732 660148 20.623
-228.017 938.178 411.81 660148 20.623
-227.311 940.054 411.888 660148 20.623
-226.605 941.93 411.966 660148 20.623
-225.9 943.805 412.043 660148 20.623
-225.194 945.681 412.121 660148 20.623
-224.488 947.557 412.199 660148 20.6943
-223.767 949.465 412.278 660148 20.6944
-223.046 951.373 412.357 660148 20.9287
-222.318 953.278 412.434 660148 21.5779
-221.567 955.175 412.504 660148 21.5779
-220.817 957.073 412.575 660148 21.5779
-220.067 958.97 412.645 660148 21.5948
-219.299 960.909 412.717 660148 21.5948
-218.531 962.849 412.789 660148 21.5948
-217.763 964.789 412.861 660148 21.5949
-216.996 966.728 412.933 660148 21.5949
-216.228 968.668 413.005 660148 21.5949
-215.46 970.607 413.077 660148 21.5498
-214.688 972.562 413.149 660148 21.5498
-213.916 974.516 413.222 660148 22.2141
-213.122 976.462 413.288 660148 22.4465
-212.319 978.405 413.351 660148 22.4465
-211.517 980.347 413.414 660148 22.4466
-210.714 982.29 413.477 660148 22.4093
-209.922 984.212 413.54 660148 22.4093
-209.129 986.135 413.602 660148 22.4093
-208.336 988.057 413.665 660148 22.4093
-207.543 989.979 413.727 660148 22.4093
-206.751 991.902 413.79 660148 22.4093
-205.958 993.824 413.852 660148 22.4538
-205.173 995.723 413.914 660148 22.6792
-204.381 997.618 413.973 660148 23.3632
-203.566 999.505 414.026 660148 23.3632
-202.751 1001.39 414.078 660148 23.3632
-201.936 1003.28 414.131 660148 23.3632
-201.122 1005.16 414.183 660148 23.3953
-200.314 1007.03 414.235 660148 23.3954
-199.507 1008.9 414.287 660148 23.3954
-198.699 1010.76 414.339 660148 23.3954
-197.892 1012.63 414.391 660148 23.3954
-197.084 1014.5 414.442 660148 23.3954
-196.277 1016.36 414.494 660148 23.3028
-195.475 1018.22 414.546 660148 23.7695
-194.658 1020.08 414.593 660148 24.2244
-193.825 1021.93 414.635 660148 24.2244
-192.993 1023.78 414.677 660148 24.2244
-192.161 1025.63 414.72 660148 24.2244
-191.329 1027.48 414.762 660148 24.2666
-190.501 1029.32 414.804 660148 24.2666
-189.672 1031.15 414.846 660148 24.2666
-188.844 1032.99 414.888 660148 24.2667
-188.015 1034.83 414.93 660148 24.2667
-187.187 1036.67 414.972 660148 24.2667
-186.359 1038.5 415.014 660148 24.2004
-185.541 1040.32 415.055 660148 24.7791
-184.706 1042.13 415.091 660148 25.1336
-183.859 1043.94 415.123 660148 25.1336
-183.012 1045.74 415.154 660148 25.1336
-182.165 1047.55 415.186 660148 25.1336
-181.318 1049.35 415.218 660148 24.963
-180.477 1051.16 415.25 660148 24.963
-179.637 1052.96 415.282 660148 24.963
-178.796 1054.77 415.314 660148 24.963
-177.955 1056.58 415.346 660148 24.963
-177.114 1058.38 415.378 660148 24.963
-176.274 1060.19 415.41 660148 24.9207
-175.431 1062 415.442 660148 25.4616
-174.572 1063.81 415.468 660148 25.8648
-173.7 1065.61 415.49 660148 25.8648
-172.828 1067.4 415.512 660148 25.8648
-171.955 1069.2 415.534 660148 25.8648
-171.083 1071 415.557 660148 25.8584
-170.211 1072.8 415.579 660148 25.8584
-169.339 1074.6 415.601 660148 25.8584
-168.467 1076.4 415.623 660148 25.8584
-167.595 1078.2 415.645 660148 25.8584
-166.723 1080 415.667 660148 25.8584
-165.851 1081.8 415.689 660148 25.8859
-164.985 1083.58 415.711 660148 26.3891
-164.104 1085.36 415.728 660148 26.8404
-163.208 1087.13 415.74 660148 26.8404
-162.313 1088.9 415.752 660148 26.8404
-161.418 1090.67 415.764 660148 26.8404
-160.522 1092.44 415.776 660148 26.7401
-159.644 1094.18 415.788 660148 26.7401
-158.766 1095.92 415.8 660148 26.7401
-157.889 1097.66 415.811 660148 26.7401
-157.011 1099.41 415.823 660148 26.7401
-156.133 1101.15 415.835 660148 26.7401
-155.255 1102.89 415.847 660148 26.5733
-154.398 1104.6 415.858 660148 26.7782
-153.535 1106.31 415.868 660148 27.5374
-152.649 1108.01 415.87 660148 27.5374
-151.763 1109.71 415.871 660148 27.5374
-150.877 1111.41 415.873 660148 27.5374
-149.991 1113.11 415.875 660148 27.3948
-149.117 1114.8 415.876 660148 27.3948
-148.243 1116.48 415.878 660148 27.3948
-147.37 1118.17 415.88 660148 27.3948
-146.496 1119.86 415.881 660148 27.3948
-145.622 1121.54 415.883 660148 27.3948
-144.749 1123.23 415.885 660148 27.2993
-143.872 1124.93 415.887 660148 27.2993
-142.995 1126.63 415.888 660148 28.1094
-142.091 1128.32 415.884 670148 28.1724
-141.189 1130 415.879 670148 28.1725
-140.286 1131.69 415.874 670148 28.1725
-139.384 1133.37 415.868 670148 28.0894
-138.492 1135.04 415.863 670148 28.0894
-137.6 1136.71 415.858 670148 28.0894
-136.708 1138.38 415.852 670148 28.0894
-135.817 1140.06 415.847 670148 28.0894
-134.925 1141.73 415.842 670148 28.0894
-134.033 1143.4 415.837 670148 28.1183
-133.164 1145.02 415.831 670148 28.1183
-132.294 1146.65 415.826 670148 28.1183
-131.425 1148.28 415.821 670148 28.268
-130.551 1149.9 415.814 670148 29.141
-129.652 1151.52 415.796 670148 29.141
-128.754 1153.13 415.778 670148 29.2842
-127.861 1154.72 415.76 670148 29.2842
-126.969 1156.31 415.742 670148 29.2842
-126.076 1157.9 415.724 670148 29.2842
-125.183 1159.49 415.706 670148 29.2842
-124.29 1161.09 415.688 670148 29.2842
-123.397 1162.68 415.67 670148 29.3359
-122.494 1164.29 415.652 670148 29.3359
-121.591 1165.89 415.633 670148 29.3359
-120.688 1167.5 415.615 670148 29.3359
-119.785 1169.11 415.597 670148 29.3359
-118.881 1170.71 415.579 670148 29.3359
-117.978 1172.32 415.561 670148 29.9176
-117.033 1173.96 415.535 670148 30.3629
-116.076 1175.6 415.504 670148 30.3629
-115.118 1177.23 415.474 670148 30.3629
-114.161 1178.87 415.443 670148 30.3629
-113.203 1180.5 415.412 670148 30.3629
-112.246 1182.13 415.381 670148 30.3561
-111.276 1183.79 415.35 670148 30.3561
-110.307 1185.45 415.319 670148 30.3561
-109.337 1187.1 415.288 670148 30.3561
-108.367 1188.76 415.256 670148 30.3561
-107.397 1190.41 415.225 670148 30.3561
-106.428 1192.07 415.194 670148 30.3657
-105.46 1193.72 415.163 670148 30.3657
-104.492 1195.37 415.132 670148 30.8997
-103.509 1197.02 415.095 670148 31.3968
-102.512 1198.65 415.053 670148 31.3968
-101.515 1200.28 415.011 670148 31.3968
-100.518 1201.92 414.969 670148 31.4425
-99.5075 1203.57 414.926 670148 31.4425
-98.4971 1205.22 414.884 670148 31.4425
-97.4868 1206.87 414.841 670148 31.4425
-96.4764 1208.53 414.799 670148 31.4425
-95.466 1210.18 414.756 670148 31.4425
-94.4556 1211.83 414.713 670148 31.5132
-93.428 1213.51 414.67 670148 31.5132
-92.4005 1215.18 414.627 670148 31.5132
-91.3729 1216.86 414.584 670148 31.5132
-90.3454 1218.54 414.541 670148 32.2242
-89.2973 1220.2 414.491 670148 32.5474
-88.2398 1221.86 414.438 670148 32.5922
-87.1688 1223.53 414.384 670148 32.5922
-86.0979 1225.21 414.33 670148 32.5922
-85.0269 1226.88 414.277 670148 32.5922
-83.956 1228.56 414.223 670148 32.5922
-82.885 1230.23 414.169 670148 32.5922
-81.8141 1231.91 414.116 670148 32.6
-80.7384 1233.59 414.062 670148 32.6
-79.6628 1235.27 414.008 670148 32.6
-78.5872 1236.95 413.954 670148 32.6
-77.5115 1238.63 413.9 670148 32.6
-76.4359 1240.32 413.846 670148 32.7869
-75.3548 1241.99 413.791 670148 33.6256
-74.2498 1243.66 413.728 670148 33.6256
-73.1447 1245.32 413.666 670148 33.6256
-72.0396 1246.98 413.603 670148 33.6256
-70.9346 1248.64 413.541 670148 33.6256
-69.8295 1250.3 413.478 670148 33.6256
-68.7245 1251.96 413.416 670148 33.6256
-67.6209 1253.62 413.353 670148 33.6256
-66.5173 1255.28 413.291 670148 33.6256
-65.4137 1256.94 413.228 670148 33.6256
-64.3102 1258.6 413.166 670148 33.6256
-63.2066 1260.26 413.103 670148 33.6256
-62.103 1261.92 413.041 670148 33.6286
-60.9955 1263.59 412.978 670148 34.3477
-59.8673 1265.24 412.911 670148 34.6671
-58.7299 1266.88 412.841 670148 34.6671
-57.5925 1268.53 412.771 670148 34.6671
-56.4551 1270.17 412.701 670148 34.6671
-55.3177 1271.81 412.631 670148 34.6658
-54.1883 1273.45 412.562 670148 34.6658
-53.0589 1275.08 412.492 670148 34.6658
-51.9295 1276.71 412.423 670148 34.6658
-50.8001 1278.35 412.353 670148 34.6658
-49.6707 1279.98 412.284 670148 34.6658
-48.5413 1281.61 412.214 670148 34.665
-47.4306 1283.22 412.146 670148 34.665
-46.3199 1284.83 412.078 670148 34.7712
-45.2063 1286.43 412.009 670148 35.7045
-44.0668 1288.02 411.935 670148 35.7045
-42.9273 1289.6 411.861 670148 35.7045
-41.7878 1291.19 411.787 670148 35.8001
-40.6541 1292.76 411.714 670148 35.8001
-39.5205 1294.33 411.64 670148 35.8001
-38.3869 1295.9 411.567 670148 35.8001
-37.2533 1297.47 411.493 670148 35.8001
-36.1197 1299.05 411.42 670148 35.8001
-34.9861 1300.62 411.346 670148 35.8338
-33.8468 1302.19 411.272 670148 35.8338
-32.7074 1303.77 411.199 670148 35.8338
-31.5681 1305.35 411.125 670148 35.8338
-30.4287 1306.93 411.051 670148 36.0481
-29.2835 1308.5 410.976 670148 36.8736
-28.1158 1310.06 410.898 670148 36.8258
-26.9311 1311.64 410.819 670148 36.8258
-25.7464 1313.22 410.739 670148 36.8258
-24.5617 1314.8 410.66 670148 36.8258
-23.377 1316.39 410.581 670148 36.8258
-22.1923 1317.97 410.501 670148 36.8258
-21.0076 1319.55 410.422 670148 36.7561
-19.8146 1321.15 410.342 670148 36.7561
-18.6215 1322.75 410.262 670148 36.7561
-17.4284 1324.34 410.182 670148 36.7561
-16.2354 1325.94 410.101 670148 36.7561
-15.0423 1327.54 410.021 670148 36.7561
-13.8493 1329.14 409.941 670148 37.262
-12.6449 1330.72 409.86 670148 37.7396
-11.4273 1332.29 409.777 670148 37.7396
-10.2097 1333.86 409.694 670148 37.7396
-8.9921 1335.44 409.611 670148 37.7396
-7.77452 1337.01 409.528 670148 37.7396
-6.55693 1338.58 409.445 670148 37.7268
-5.33869 1340.16 409.361 670148 37.7268
-4.12044 1341.73 409.278 670148 37.7268
-2.90219 1343.31 409.195 670148 37.7268
-1.68394 1344.88 409.112 670148 37.7268
-0.465687 1346.46 409.029 670148 37.7268
0.752565 1348.03 408.946 670148 37.7364
1.97189 1349.61 408.863 670148 37.7364
3.19122 1351.18 408.78 670148 38.7609
4.42816 1352.72 408.688 680148 38.5374
5.67402 1354.29 408.608 680148 38.7728
6.94687 1355.87 408.529 690148 38.796
8.19774 1357.43 408.451 690148 38.7976
9.4497 1358.99 408.373 690148 38.7976
10.7017 1360.54 408.294 690148 38.7976
11.9536 1362.1 408.216 690148 38.7976
13.2056 1363.66 408.137 690148 38.7976
14.4575 1365.22 408.059 690148 38.7976
15.7095 1366.77 407.981 690148 38.7912
16.9629 1368.33 407.902 690148 38.7912
18.2164 1369.89 407.824 690148 38.7912
19.4698 1371.45 407.745 690148 38.7912
20.7233 1373.01 407.667 690148 38.7912
21.9767 1374.57 407.588 690148 39.4012
23.2466 1376.12 407.51 690148 40.0455
24.5307 1377.64 407.431 690148 40.0455
25.8148 1379.17 407.353 690148 40.0455
27.0988 1380.7 407.275 690148 40.0455
28.3829 1382.23 407.196 690148 40.0455
29.667 1383.75 407.118 690148 40.0455
30.951 1385.28 407.039 690148 40.0455
32.2349 1386.81 406.961 690148 40.0455
33.5187 1388.34 406.883 690148 40.0455
34.8026 1389.87 406.804 690148 40.0455
36.0865 1391.39 406.726 690148 40.0455
37.3703 1392.92 406.648 690148 40.0455
38.6542 1394.45 406.569 690148 40.0455
-6235.28 16 0 0 40.0455
-6235.28 16 0 0 40.0455
-6235.28 16 0 0 40.0455
-6235.28 16 0 0 40.0455
-6235.28 16 0 0 40.0455
-6235.28 16 0 0 40.0455
-6235.28 16 0 0 40.0455
-6235.28 16 0 0 40.0455
-6235.28 16 0 0 40.0455
-6235.28 16 0 0 40.0455
-6235.28 16 0 0 40.0455
-6235.28 16 0 0 40.0455
-6235.28 16 0 0 40.0455
-6235.28 16 0 0 40.0455
-6235.28 16 0 0 40.0455
-6235.28 16 0 0 40.0455
-6235.28 16 0 0 40.0455
-6235.28 16 0 0 40.0455
-6235.28 16 0 0 40.0455
-6235.28 16 0 0 40.0455
-6235.28 16 0 0 40.0455
-6235.28 16 0 0 40.0455
-6235.28 16 0 0 40.0455
-6235.28 16 0 0 40.0455
-6235.28 16 0 0 40.0455
-6235.28 16 0 0 40.0455
-6235.28 16 0 0 40.0455
-6235.28 16 0 0 40.0455
-6235.28 16 0 0 40.0455
-6217.54 16 0 0 40.0455
-6217.54 16 0 0 40.0455
-6217.54 16 0 0 40.0455
-6217.54 16 0 0 40.0455
-6217.54 16 0 0 40.0455
-6217.54 16 0 0 40.0455
-6217.54 16 0 0 40.0455
-6217.54 16 0 0 40.0455
-6217.54 16 0 0 40.0455
-6217.54 16 0 0 40.0455
-6217.54 16 0 0 40.0455
-6217.54 16 0 0 40.0455
-6217.54 16 0 0 40.0455
-6217.54 16 0 0 40.0455
-6217.54 16 0 0 40.0455
-6217.54 16 0 0 40.0455
-6217.54 16 0 0 40.0455
-6217.54 16 0 0 40.0455
-6217.54 16 0 0 40.0455
-6217.54 16 0 0 40.0455
-6217.54 16 0 0 40.0455
-6217.54 16 0 0 40.0455
-6217.54 16 0 0 40.0455
-6217.54 16 0 0 40.0455
-6217.54 16 0 0 40.0455
-6217.54 16 0 0 40.0455
-6217.54 16 0 0 40.0455
-6217.54 16 0 0 40.0455
-6217.54 16 0 0 40.0455
-6217.54 16 0 0 40.0455
-6217.54 16 0 0 40.0455
-6217.54 16 0 0 40.0455
-6217.54 16 0 0 40.0455
-6217.54 16 0 0 40.0455
-6217.54 16 0 0 40.0455
-6217.54 16 0 0 40.0455
-6199.81 16 0 0 40.0455
-6199.81 16 0 0 40.0455
-6199.81 16 0 0 40.0455
-6199.81 16 0 0 40.0455
-6199.81 16 0 0 40.0455
-6199.81 16 0 0 40.0455
-6199.81 16 0 0 40.0455
-6199.81 16 0 0 40.0455
-6199.81 16 0 0 40.0455
-6199.81 16 0 0 40.0455
-6199.81 16 0 0 40.0455
-6199.81 16 0 0 40.0455
-6199.81 16 0 0 40.0455
-6199.81 0 0 0 40.0455
-6199.81 0 0 0 40.0455
-6199.81 0 0 0 40.0455
-6199.81 0 0 0 40.0455
-6199.81 0 0 0 40.0455
-6199.81 0 0 0 40.0455
-6199.81 0 0 0 40.0455
-6199.81 0 0 0 40.0455
-6199.81 0 0 0 40.0455
-6199.81 0 0 0 40.0455
-6199.81 0 0 0 40.0455
-6199.81 0 0 0 40.0455
-6199.81 0 0 0 40.0455
-6199.81 0 0 0 40.0455
-6199.81 0 0 0 40.0455
-6199.81 0 0 0 40.0455
-6199.81 0 0 0 40.0455
-6199.81 0 0 0 40.0455
-6199.81 0 0 0 40.0455
-6199.81 0 0 0 40.0455
-6199.81 0 0 0 40.0455
-6199.81 0 0 0 40.0455
-6199.81 0 0 0 40.0455
2300.82 0 0 0 40.0455
2300.82 0 0 0 40.0455
2300.82 0 0 0 40.0455
2300.82 0 0 0 40.0455
2300.82 0 0 0 40.0455
2300.82 0 0 0 40.0455
2300.82 0 0 0 40.0455
2300.82 0 0 0 40.0455
2300.82 0 0 0 40.0455
2300.82 0 0 0 40.0455
2300.82 0 0 0 40.0455
2300.82 0 0 0 40.0455
2300.82 0 0 0 40.0455
2300.82 0 0 0 40.0455
2300.82 0 0 0 40.0455
2300.82 0 0 0 40.0455
2300.82 0 0 0 40.0455
2300.82 0 0 0 40.0455
2300.82 0 0 0 40.0455
2300.82 0 0 0 40.0455
2300.82 0 0 0 40.0455
2300.82 0 0 0 40.0455
2300.82 0 0 0 40.0455
2300.82 0 0 0 40.0455
2300.82 0 0 0 40.0455
2300.82 0 0 0 40.0455
2300.82 0 0 0 40.0455
2300.82 0 0 0 40.0455
2300.82 0 0 0 40.0455
2300.82 0 0 0 40.0455
2300.82 0 0 0 40.0455
2300.82 0 0 0 40.0455
2300.82 0 0 0 40.0455
2300.82 0 0 0 40.0455
2300.82 0 0 0 40.0455
2300.82 0 0 0 40.0455
2291.45 0 0 0 40.0455
2291.45 0 0 0 40.0455
2291.45 0 0 0 40.0455
2291.45 0 0 0 40.0455
2291.45 0 0 0 40.0455
2291.45 0 0 0 40.0455
2291.45 0 0 0 40.0455
2291.45 0 0 0 40.0455
2291.45 0 0 0 40.0455
2291.45 0 0 0 40.0455
2291.45 0 0 0 40.0455
2291.45 0 0 0 40.0455
2291.45 0 0 0 40.0455
2291.45 0 0 0 40.0455
2291.45 0 0 0 40.0455
2291.45 0 0 0 40.0455
2291.45 0 0 0 40.0455
2291.45 0 0 0 40.0455
2291.45 0 0 0 40.0455
2291.45 0 0 0 40.0455
2291.45 0 0 0 40.0455
2291.45 0 0 0 40.0455
2291.45 0 0 0 40.0455
2291.45 0 0 0 40.0455
2291.45 0 0 0 40.0455
2291.45 0 0 0 40.0455
2291.45 0 0 0 40.0455
2291.45 0 0 0 40.0455
2291.45 0 0 0 40.0455
2291.45 0 0 0 40.0455
2291.45 0 0 0 40.0455
2291.45 0 0 0 40.0455
2291.45 0 0 0 40.0455
2291.45 0 0 0 40.0455
2291.45 0 0 0 40.0455
2291.45 0 0 0 40.0455
2282.13 0 0 0 0
