-157.249 -1304.24 404.659 450149 0.339215
-157.24 -1302.57 404.691 450149 0.339215
-157.23 -1300.9 404.723 450149 -0.389909
-157.241 -1299.23 404.75 460149 -0.536819
-157.257 -1297.56 404.776 460149 -0.536819
-157.272 -1295.89 404.803 460149 -0.536819
-157.288 -1294.23 404.829 460149 -0.534629
-157.304 -1292.55 404.856 460149 -0.534629
-157.319 -1290.87 404.883 460149 -0.534629
-157.335 -1289.2 404.909 460149 -0.534629
-157.351 -1287.52 404.936 460149 -0.53463
-157.366 -1285.84 404.963 460149 -0.53463
-157.382 -1284.17 404.989 460149 -0.536796
-157.397 -1282.5 405.016 460149 -0.536796
-157.413 -1280.83 405.042 460149 -0.536796
-157.429 -1279.16 405.069 460149 -0.536796
-157.444 -1277.49 405.095 460149 -1.03752
-157.475 -1275.82 405.12 460149 -1.42548
-157.516 -1274.16 405.145 460149 -1.39342
-157.556 -1272.51 405.168 460149 -1.39342
-157.596 -1270.86 405.192 460149 -1.39342
-157.636 -1269.21 405.216 460149 -1.39342
-157.676 -1267.56 405.24 460149 -1.39342
-157.717 -1265.92 405.263 460149 -1.39342
-157.757 -1264.27 405.287 460149 -1.45659
-157.798 -1262.65 405.311 460149 -1.45659
-157.839 -1261.02 405.334 460149 -1.45659
-157.88 -1259.4 405.358 460149 -1.45659
-157.922 -1257.78 405.381 460149 -1.4566
-157.963 -1256.15 405.404 460149 -1.4566
-158.004 -1254.53 405.428 460149 -1.42374
-158.044 -1252.92 405.451 460149 -2.03904
-158.102 -1251.31 405.473 460149 -2.32711
-158.167 -1249.7 405.495 460149 -2.32711
-158.232 -1248.09 405.516 460149 -2.32711
-158.298 -1246.48 405.537 460149 -2.32711
-158.363 -1244.87 405.559 460149 -2.35996
-158.43 -1243.25 405.581 460149 -2.35996
-158.497 -1241.63 405.602 460149 -2.35996
-158.564 -1240.01 405.624 460149 -2.35996
-158.631 -1238.38 405.645 460149 -2.35996
-158.697 -1236.76 405.667 460149 -2.35996
-158.764 -1235.14 405.689 460149 -2.29677
-158.83 -1233.49 405.711 460149 -2.29677
-158.896 -1231.84 405.733 460149 -2.29677
-158.963 -1230.2 405.755 460149 -2.29678
-159.029 -1228.55 405.777 460149 -2.93678
-159.113 -1226.9 405.798 460149 -3.21433
-159.206 -1225.26 405.819 460149 -3.24455
-159.3 -1223.59 405.839 460149 -3.24455
-159.394 -1221.93 405.86 460149 -3.24455
-159.489 -1220.26 405.881 460149 -3.24455
-159.583 -1218.6 405.902 460149 -3.24455
-159.677 -1216.93 405.923 460149 -3.24455
-159.772 -1215.27 405.944 460149 -3.2463
-159.866 -1213.6 405.965 460149 -3.2463
-159.961 -1211.93 405.986 460149 -3.24631
-160.056 -1210.26 406.007 460149 -3.24631
-160.15 -1208.59 406.028 460149 -3.24631
-160.245 -1206.92 406.049 460149 -3.24631
-160.34 -1205.25 406.07 460149 -3.30453
-160.436 -1203.59 406.091 460149 -4.17574
-160.557 -1201.92 406.112 460149 -4.17574
-160.679 -1200.26 406.132 460149 -4.17574
-160.8 -1198.6 406.152 460149 -4.17574
-160.922 -1196.93 406.173 460149 -4.17574
-161.043 -1195.27 406.193 460149 -4.1777
-161.165 -1193.61 406.213 460149 -4.1777
-161.286 -1191.95 406.234 460149 -4.1777
-161.407 -1190.28 406.254 460149 -4.1777
-161.529 -1188.62 406.274 460149 -4.1777
-161.65 -1186.96 406.294 460149 -4.1777
-161.772 -1185.3 406.315 460149 -4.18692
-161.894 -1183.63 406.335 460149 -4.18692
-162.016 -1181.96 406.355 460149 -4.18692
-162.138 -1180.29 406.376 460149 -4.59697
-162.273 -1178.62 406.396 460149 -5.13121
-162.422 -1176.95 406.417 460149 -5.13121
-162.572 -1175.28 406.437 460149 -5.15516
-162.724 -1173.6 406.457 460149 -5.15516
-162.875 -1171.92 406.478 460149 -5.15516
-163.027 -1170.24 406.498 460149 -5.15516
-163.179 -1168.56 406.519 460149 -5.15516
-163.33 -1166.88 406.539 460149 -5.15516
-163.482 -1165.2 406.56 460149 -5.17113
-163.636 -1163.5 406.58 460149 -5.17113
-163.789 -1161.8 406.601 460149 -5.17113
-163.943 -1160.11 406.622 460149 -5.17113
-164.096 -1158.41 406.642 460149 -5.17113
-164.25 -1156.72 406.663 460149 -5.17113
-164.403 -1155.02 406.684 460149 -6.20761
-164.589 -1153.31 406.705 460149 -6.2216
-164.775 -1151.61 406.726 460149 -6.2216
-164.961 -1149.9 406.748 460149 -6.2216
-165.147 -1148.19 406.769 460149 -6.2216
-165.333 -1146.49 406.79 460149 -6.2216
-165.519 -1144.78 406.812 460149 -6.24821
-165.707 -1143.07 406.833 460149 -6.24821
-165.895 -1141.35 406.855 460149 -6.24821
-166.082 -1139.63 406.876 460149 -6.24822
-166.27 -1137.92 406.898 460149 -6.24822
-166.458 -1136.2 406.919 460149 -6.24822
-166.646 -1134.49 406.94 460149 -6.21359
-166.832 -1132.78 406.962 460149 -6.21359
-167.018 -1131.07 406.983 460149 -6.94911
-167.227 -1129.36 407.006 460149 -7.18214
-167.442 -1127.65 407.028 460149 -7.18214
-167.657 -1125.94 407.051 460149 -7.18214
-167.873 -1124.23 407.073 460149 -7.02188
-168.08 -1122.55 407.095 460149 -7.02188
-168.287 -1120.87 407.118 460149 -7.02188
-168.494 -1119.19 407.14 460149 -7.02188
-168.701 -1117.5 407.162 460149 -7.02188
-168.908 -1115.82 407.184 460149 -7.02188
-169.115 -1114.14 407.206 460149 -7.13889
-169.32 -1112.51 407.228 460149 -7.13889
-169.525 -1110.87 407.249 460149 -7.13889
-169.729 -1109.24 407.271 460149 -7.13889
-169.934 -1107.61 407.292 460149 -7.34317
-170.144 -1105.97 407.314 460149 -8.11855
-170.377 -1104.34 407.338 460149 -8.22145
-170.607 -1102.75 407.36 460149 -8.22146
-170.836 -1101.16 407.383 460149 -8.22146
-171.066 -1099.57 407.405 460149 -8.22146
-171.296 -1097.98 407.428 460149 -8.22146
-171.526 -1096.39 407.451 460149 -8.22147
-171.755 -1094.8 407.473 460149 -8.19945
-171.979 -1093.25 407.495 460149 -8.19945
-172.202 -1091.7 407.518 460149 -8.19945
-172.426 -1090.15 407.54 460149 -8.19945
-172.649 -1088.6 407.562 460149 -8.19945
-172.873 -1087.05 407.584 460149 -8.19946
-173.096 -1085.5 407.606 460149 -8.17331
-173.316 -1083.96 407.628 460149 -8.17332
-173.537 -1082.43 407.649 460149 -8.87396
-173.776 -1080.9 407.673 460149 -9.16333
-174.023 -1079.37 407.697 460149 -9.16334
-174.269 -1077.84 407.721 460149 -9.16334
-174.516 -1076.31 407.745 460149 -9.12388
-174.759 -1074.79 407.768 460149 -9.12388
-175.003 -1073.28 407.792 460149 -9.12389
-175.246 -1071.76 407.816 460149 -9.12389
-175.489 -1070.25 407.839 460149 -9.12389
-175.733 -1068.73 407.863 460149 -9.12389
-175.976 -1067.22 407.887 460149 -9.19105
-176.218 -1065.72 407.91 460149 -9.19105
-176.46 -1064.23 407.933 460149 -9.19106
-176.702 -1062.73 407.957 460149 -9.19106
-176.945 -1061.23 407.98 460149 -9.19106
-177.187 -1059.74 408.004 460149 -9.19106
-177.429 -1058.24 408.027 0 -5.89949
-177.583 -1056.75 408.04 0 -7.46866
-177.778 -1055.26 408.083 470149 -9.57677
-178.027 -1053.78 408.105 0 -10.295
-178.295 -1052.31 408.122 0 -10.295
-178.563 -1050.83 408.139 0 -10.295
-178.831 -1049.36 408.156 0 -10.2956
-179.099 -1047.89 408.173 0 -10.2956
-179.366 -1046.41 408.19 0 -10.2956
-179.633 -1044.94 408.207 0 -10.2956
-179.901 -1043.47 408.224 0 -10.3267
-180.169 -1042 408.24 0 -10.5477
-180.442 -1040.53 408.257 0 -10.5476
-180.716 -1039.06 408.275 0 -10.5476
-180.99 -1037.59 408.292 0 -10.5476
-181.264 -1036.12 408.309 0 -10.5476
-181.538 -1034.64 408.326 0 -10.5476
-181.812 -1033.17 408.343 0 -10.5476
-182.086 -1031.7 408.36 0 -10.5477
-182.36 -1030.23 408.377 0 -10.6701
-182.637 -1028.76 408.394 0 -10.7646
-182.916 -1027.29 408.411 0 -10.7646
-183.195 -1025.82 408.428 0 -10.7646
-183.475 -1024.35 408.445 0 -10.7646
-183.754 -1022.88 408.463 0 -10.9085
-184.038 -1021.41 408.48 0 -10.9085
-184.321 -1019.94 408.497 0 -10.9085
-184.605 -1018.47 408.514 0 -10.9106
-184.889 -1017 408.531 0 -11.0903
-185.177 -1015.53 408.549 0 -11.0903
-185.465 -1014.06 408.566 480149 -10.5275
-185.742 -1012.57 408.584 480149 -10.5275
-186.018 -1011.08 408.602 480149 -10.5275
-186.295 -1009.59 408.619 480149 -10.5275
-186.571 -1008.11 408.637 480149 -10.5275
-186.848 -1006.62 408.655 480149 -10.5275
-187.124 -1005.13 408.672 480149 -10.3922
-187.4 -1003.62 408.69 480149 -10.4603
-187.678 -1002.12 408.709 480149 -10.4603
-187.956 -1000.61 408.727 480149 -10.4603
-188.234 -999.108 408.745 480149 -10.4603
-188.512 -997.603 408.763 480149 -10.4603
-188.79 -996.097 408.781 480149 -10.0822
-189.059 -994.586 408.799 480149 -10.0822
-189.328 -993.074 408.818 480149 -10.1022
-189.597 -991.562 408.836 480149 -10.1936
-189.869 -990.051 408.854 480149 -10.1937
-190.14 -988.54 408.873 480149 -10.1937
-190.412 -987.028 408.892 480149 -10.5998
-190.692 -985.535 408.91 480149 -10.5998
-190.971 -984.042 408.928 480149 -10.5999
-191.25 -982.549 408.947 480149 -10.5999
-191.53 -981.055 408.965 480149 -10.5999
-191.809 -979.562 408.984 480149 -10.6598
-192.09 -978.069 409.002 480149 -10.9621
-192.377 -976.591 409.021 480149 -10.9621
-192.663 -975.113 409.04 480149 -10.9621
-192.949 -973.635 409.058 480149 -10.9621
-193.236 -972.157 409.077 480149 -10.9621
-193.522 -970.679 409.095 480149 -10.9621
-193.808 -969.201 409.114 480149 -11.2939
-194.106 -967.709 409.133 480149 -11.3066
-194.404 -966.217 409.152 480149 -11.3351
-194.703 -964.726 409.171 480149 -11.3351
-195.002 -963.234 409.19 480149 -11.3351
-195.301 -961.743 409.21 480149 -11.3351
-195.6 -960.251 409.229 480149 -11.4503
-195.91 -958.723 409.249 480149 -11.4503
-196.219 -957.194 409.268 480149 -11.4503
-196.529 -955.666 409.288 480149 -11.4503
-196.838 -954.138 409.308 480149 -11.4562
-197.148 -952.61 409.328 480149 -11.4562
-197.458 -951.082 409.348 480149 -11.6062
-197.779 -949.518 409.369 480149 -11.6062
-198.1 -947.955 409.39 480149 -11.6062
-198.421 -946.392 409.411 480149 -11.6062
-198.742 -944.828 409.432 480149 -11.6062
-199.063 -943.265 409.452 480149 -11.6062
-199.384 -941.702 409.473 480149 -11.6796
-199.71 -940.125 409.495 480149 -11.6774
-200.036 -938.547 409.516 480149 -11.6774
-200.362 -936.97 409.538 480149 -11.6774
-200.688 -935.393 409.559 480149 -11.6774
-201.014 -933.816 409.581 480149 -11.6774
-201.34 -932.238 409.602 480149 -11.5195
-201.659 -930.676 409.624 480149 -11.5195
-201.977 -929.113 409.645 480149 -11.4638
-202.294 -927.55 409.674 490149 -11.4698
-202.611 -925.987 409.702 490149 -11.4698
-202.928 -924.424 409.729 490149 -11.4698
-203.246 -922.861 409.757 490149 -11.3401
-203.553 -921.33 409.784 490149 -11.3401
-203.86 -919.799 409.811 490149 -11.3401
-204.167 -918.267 409.838 490149 -11.3401
-204.474 -916.736 409.865 490149 -11.3401
-204.781 -915.205 409.892 490149 -11.3401
-205.088 -913.674 409.919 490149 -11.0221
-205.38 -912.177 409.946 490149 -11.0361
-205.671 -910.681 409.977 490149 -11.0361
-205.963 -909.184 410.008 490149 -11.0361
-206.255 -907.688 410.038 490149 -11.0361
-206.547 -906.191 410.069 490149 -11.0361
-206.839 -904.695 410.1 490149 -10.9827
-207.125 -903.222 410.131 490149 -10.9827
-207.41 -901.75 410.161 490149 -10.9827
-207.696 -900.277 410.191 490149 -10.9827
-207.982 -898.805 410.222 490149 -10.9827
-208.268 -897.332 410.252 490149 -10.9827
-208.554 -895.86 410.282 0 -10.9846
-208.839 -894.392 410.314 0 -10.9932
-209.124 -892.923 410.349 0 -10.9932
-209.409 -891.455 410.384 0 -10.9932
-209.694 -889.987 410.419 0 -10.9932
-209.979 -888.519 410.454 0 -10.9932
-210.264 -887.051 410.488 0 -10.9955
-210.55 -885.579 410.523 0 -10.9955
-210.836 -884.108 410.558 0 -10.9955
-211.122 -882.636 410.593 0 -10.9955
-211.408 -881.164 410.628 0 -10.9955
-211.694 -879.693 410.663 0 -10.9955
-211.98 -878.221 410.698 0 -11.0014
-212.266 -876.749 410.735 0 -11.0067
-212.553 -875.277 410.775 0 -11.0067
-212.839 -873.805 410.815 0 -11.0067
-213.125 -872.333 410.854 0 -11.0067
-213.411 -870.862 410.894 0 -11.0067
-213.698 -869.39 410.934 0 -11.0046
-213.984 -867.918 410.973 0 -11.0046
-214.27 -866.446 411.013 0 -11.0046
-214.556 -864.974 411.053 0 -11.0046
-214.843 -863.502 411.092 0 -11.0046
-215.129 -862.03 411.132 0 -11.0046
-215.415 -860.559 411.172 490149 -11.0138
-215.702 -859.086 411.215 490149 -11.0162
-215.988 -857.614 411.26 490149 -11.0162
-216.275 -856.142 411.304 490149 -11.0162
-216.561 -854.669 411.349 490149 -11.0162
-216.848 -853.197 411.393 490149 -11.0162
-217.135 -851.725 411.438 0 -11.0162
-217.421 -850.253 411.482 0 -11.0162
-217.708 -848.781 411.527 0 -11.0162
-217.994 -847.31 411.572 0 -11.0162
-218.281 -845.838 411.616 0 -11.0162
-218.567 -844.366 411.661 0 -11.0162
-218.854 -842.895 411.705 0 -11.0895
-219.142 -841.426 411.755 0 -11.0899
-219.429 -839.957 411.804 0 -11.0899
-219.717 -838.488 411.854 0 -11.0899
-220.005 -837.019 411.903 0 -11.0899
-220.293 -835.55 411.953 0 -11.0899
-220.581 -834.081 412.003 0 -10.8552
-220.862 -832.616 412.052 0 -10.8552
-221.143 -831.15 412.102 0 -10.8552
-221.424 -829.684 412.151 0 -10.8552
-221.705 -828.218 412.2 0 -10.8552
-221.986 -826.753 412.25 0 -10.8561
-222.268 -825.287 412.3 0 -10.6642
-222.542 -823.83 412.354 0 -10.6642
-222.816 -822.374 412.409 0 -10.6642
-223.09 -820.918 412.463 0 -10.6642
-223.365 -819.461 412.517 0 -10.6642
-223.639 -818.005 412.571 0 -10.6642
-223.913 -816.548 412.626 0 -10.5729
-224.182 -815.106 412.68 0 -10.5729
-224.451 -813.664 412.733 0 -10.5729
-224.721 -812.222 412.787 0 -10.5729
-224.99 -810.78 412.841 0 -10.5729
-225.259 -809.338 412.895 0 -10.5735
-225.528 -807.896 412.949 0 -10.7889
-225.8 -806.469 413.008 0 -10.7889
-226.072 -805.043 413.066 0 -10.7889
-226.344 -803.616 413.124 0 -10.7889
-226.615 -802.19 413.183 0 -10.7889
-226.887 -800.763 413.241 0 -10.7889
-227.159 -799.337 413.3 0 -11.0559
-227.435 -797.923 413.358 0 -11.0559
-227.712 -796.509 413.416 0 -11.0559
-227.988 -795.096 413.474 0 -11.0559
-228.264 -793.682 413.532 0 -11.0559
-228.54 -792.268 413.59 0 -11.0559
-228.817 -790.854 413.648 0 -11.4154
-229.101 -789.448 413.711 0 -11.4156
-229.385 -788.041 413.774 0 -11.4156
-229.669 -786.634 413.837 0 -11.4156
-229.953 -785.227 413.9 0 -11.4156
-230.237 -783.82 413.963 0 -11.4156
-230.521 -782.413 414.026 0 -11.6774
-230.813 -781.002 414.09 0 -11.6774
-231.104 -779.592 414.153 0 -11.6774
-231.396 -778.181 414.217 0 -11.6774
-231.687 -776.77 414.28 0 -11.6774
-231.979 -775.359 414.343 0 -11.6774
-232.27 -773.948 414.407 0 -11.8013
-232.569 -772.519 414.475 0 -11.8017
-232.868 -771.089 414.545 0 -11.8017
-233.167 -769.66 414.615 0 -11.8017
-233.465 -768.23 414.684 0 -11.8017
-233.764 -766.801 414.754 0 -11.8017
-234.063 -765.371 414.824 0 -11.5625
-234.359 -763.921 414.895 0 -11.5625
-234.656 -762.471 414.966 0 -11.5625
-234.953 -761.021 415.037 0 -11.5625
-235.249 -759.571 415.108 0 -11.5625
-235.546 -758.121 415.178 0 -11.5625
-235.842 -756.671 415.249 0 -11.194
-236.119 -755.272 415.315 0 -11.1975
-236.397 -753.871 415.383 0 -11.1975
-236.674 -752.471 415.45 0 -11.1975
-236.951 -751.071 415.517 0 -11.1975
-237.228 -749.67 415.585 0 -11.1975
-237.505 -748.27 415.652 0 -10.8172
-237.76 -746.939 415.716 0 -10.8172
-238.014 -745.609 415.78 0 -10.8172
-238.268 -744.278 415.844 0 -10.8172
-238.523 -742.947 415.908 0 -10.8172
-238.777 -741.616 415.971 0 -10.8172
-239.031 -740.286 416.035 0 -10.5206
-239.265 -739.024 416.096 0 -10.5206
-239.499 -737.763 416.156 0 -10.4962
-239.733 -736.502 416.218 0 -10.4232
-239.965 -735.241 416.281 0 -10.4232
-240.197 -733.98 416.344 0 -10.4232
-240.429 -732.718 416.407 0 -10.1117
-240.643 -731.519 416.467 0 -10.1117
-240.857 -730.319 416.527 0 -10.1117
-241.071 -729.119 416.588 0 -10.1117
-241.285 -727.919 416.648 0 -10.1117
-241.499 -726.719 416.708 0 -10.1117
-241.713 -725.519 416.768 0 -9.63319
-241.901 -724.409 416.823 0 -9.63316
-242.09 -723.3 416.879 0 -9.63314
-242.278 -722.19 416.934 0 -9.63311
-242.466 -721.081 416.99 0 -9.63309
-242.655 -719.971 417.045 0 -9.63306
-242.843 -718.862 417.101 0 -9.84171
-243.045 -717.698 417.159 0 -9.78668
-243.246 -716.534 417.218 0 -9.68701
-243.444 -715.37 417.278 0 -9.68699
-243.643 -714.206 417.338 0 -9.68697
-243.842 -713.041 417.397 0 -9.68695
-244.041 -711.877 417.457 0 -10.0245
-244.257 -710.655 417.52 0 -10.0245
-244.473 -709.432 417.583 0 -10.0245
-244.689 -708.209 417.646 0 -10.0245
-244.905 -706.987 417.709 0 -10.0245
-245.121 -705.764 417.772 0 -10.0244
-245.337 -704.542 417.835 0 -10.4272
-245.571 -703.27 417.9 0 -10.4272
-245.805 -701.998 417.966 0 -10.4272
-246.04 -700.726 418.032 0 -10.4272
-246.274 -699.454 418.097 0 -10.4272
-246.508 -698.182 418.163 0 -10.3973
-246.741 -696.91 418.228 0 -10.6044
-246.99 -695.58 418.298 0 -10.6044
-247.239 -694.25 418.367 0 -10.6044
-247.488 -692.92 418.437 0 -10.6044
-247.737 -691.589 418.506 0 -10.6044
-247.986 -690.259 418.576 0 -10.6044
-248.235 -688.929 418.645 0 -10.6406
-248.491 -687.567 418.716 0 -10.6406
-248.747 -686.205 418.787 0 -10.6406
-249.003 -684.842 418.858 0 -10.6406
-249.259 -683.48 418.93 0 -10.6406
-249.515 -682.118 419.001 0 -10.6406
-249.771 -680.755 419.072 0 -10.6427
-250.027 -679.394 419.143 0 -10.6427
-250.283 -678.033 419.214 0 -10.5247
-250.535 -676.672 419.285 0 -10.3735
-250.785 -675.309 419.356 0 -10.3735
-251.034 -673.947 419.427 0 -10.3735
-251.284 -672.585 419.497 0 -10.3708
-251.532 -671.226 419.568 0 -10.3708
-251.781 -669.868 419.639 0 -10.3708
-252.029 -668.509 419.709 0 -10.3708
-252.278 -667.151 419.78 0 -10.3708
-252.527 -665.792 419.851 0 -10.3708
-252.775 -664.433 419.921 0 -10.3731
-253.024 -663.075 419.992 0 -10.3731
-253.272 -661.718 420.063 0 -10.3731
-253.521 -660.36 420.133 0 -10.3731
-253.77 -659.002 420.204 0 -10.3731
-254.018 -657.644 420.274 0 -10.0968
-254.26 -656.285 420.344 0 -10.0396
-254.501 -654.925 420.413 0 -10.0396
-254.742 -653.566 420.482 0 -10.0396
-254.982 -652.206 420.552 0 -10.0396
-255.223 -650.847 420.621 0 -10.0396
-255.464 -649.487 420.69 0 -10.0396
-255.704 -648.128 420.76 0 -10.0467
-255.945 -646.767 420.829 0 -10.0467
-256.186 -645.407 420.898 0 -10.0467
-256.427 -644.046 420.968 0 -10.0467
-256.669 -642.685 421.037 0 -10.0467
-256.91 -641.325 421.107 0 -10.0467
-257.151 -639.964 421.176 0 -10.0793
-257.393 -638.598 421.246 0 -9.98123
-257.634 -637.233 421.315 0 -9.69551
-257.867 -635.865 421.382 0 -9.69551
-258.101 -634.498 421.449 0 -9.69551
-258.335 -633.131 421.516 0 -9.69551
-258.568 -631.764 421.584 0 -9.74389
-258.804 -630.392 421.651 0 -9.74389
-259.039 -629.019 421.719 0 -9.74389
-259.275 -627.647 421.786 0 -9.74389
-259.511 -626.275 421.854 0 -9.74389
-259.746 -624.903 421.921 0 -9.74388
-259.982 -623.53 421.989 0 -9.77595
-260.219 -622.153 422.057 0 -9.77595
-260.456 -620.776 422.124 0 -9.77595
-260.694 -619.399 422.192 0 -9.77595
-260.931 -618.022 422.26 0 -9.43482
-261.16 -616.644 422.325 0 -9.33505
-261.387 -615.265 422.389 0 -9.34417
-261.614 -613.884 422.454 0 -9.34417
-261.841 -612.504 422.518 0 -9.34417
-262.068 -611.124 422.582 0 -9.34417
-262.295 -609.744 422.647 0 -9.34417
-262.522 -608.363 422.711 0 -9.34417
-262.749 -606.983 422.775 0 -9.33507
-262.976 -605.603 422.84 0 -9.33507
-263.203 -604.223 422.904 0 -9.33507
-263.43 -602.842 422.968 0 -9.33507
-263.657 -601.462 423.033 0 -9.33507
-263.884 -600.082 423.097 0 -9.33507
-264.111 -598.701 423.161 0 -9.16169
-264.333 -597.321 423.224 0 -8.8417
-264.548 -595.94 423.284 0 -8.8417
-264.763 -594.558 423.343 0 -8.8417
-264.978 -593.177 423.403 0 -8.8417
-265.193 -591.796 423.463 0 -8.8417
-265.408 -590.414 423.523 0 -8.83488
-265.623 -589.032 423.582 0 -8.83488
-265.838 -587.649 423.642 0 -8.83488
-266.052 -586.267 423.702 0 -8.83488
-266.267 -584.885 423.762 0 -8.83488
-266.482 -583.502 423.821 0 -8.83488
-266.697 -582.12 423.881 0 -8.83946
-266.913 -580.734 423.941 0 -8.83946
-267.128 -579.349 424.001 0 -8.83946
-267.343 -577.964 424.061 0 -8.31493
-267.546 -576.576 424.115 0 -8.28471
-267.748 -575.188 424.17 0 -8.28471
-267.95 -573.801 424.224 0 -8.2847
-268.152 -572.414 424.278 0 -8.2847
-268.354 -571.028 424.332 0 -8.2847
-268.556 -569.641 424.386 0 -8.2847
-268.758 -568.254 424.441 0 -8.2847
-268.96 -566.868 424.495 0 -8.2847
-269.162 -565.481 424.549 0 -8.25481
-269.361 -564.106 424.603 0 -8.25481
-269.561 -562.73 424.656 0 -8.25481
-269.76 -561.355 424.71 0 -8.25481
-269.96 -559.979 424.764 0 -8.25481
-270.16 -558.603 424.818 0 -8.64818
-270.37 -557.218 424.871 0 -8.56386
-270.574 -555.869 424.923 0 -8.56386
-270.777 -554.519 424.975 0 -8.56386
-270.98 -553.17 425.027 0 -8.56386
-271.183 -551.82 425.079 0 -8.56386
-271.386 -550.471 425.131 0 -8.56386
-271.59 -549.122 425.183 0 -8.32366
-271.782 -547.803 425.232 0 -8.26636
-271.974 -546.485 425.28 0 -8.26636
-272.166 -545.166 425.328 0 -8.26636
-272.357 -543.848 425.376 0 -8.26636
-272.549 -542.529 425.424 0 -8.26636
-272.74 -541.211 425.471 0 -8.26424
-272.928 -539.916 425.519 0 -8.07923
-273.112 -538.622 425.564 0 -7.94705
-273.293 -537.326 425.608 0 -7.94705
-273.474 -536.031 425.652 0 -7.94705
-273.654 -534.736 425.696 0 -7.94705
-273.835 -533.44 425.74 0 -7.92017
-274.014 -532.157 425.783 0 -7.92017
-274.192 -530.873 425.827 0 -7.86841
-274.37 -529.59 425.87 0 -7.64672
-274.542 -528.305 425.91 0 -7.64672
-274.715 -527.021 425.951 0 -7.64672
-274.887 -525.736 425.991 0 -7.64426
-275.06 -524.452 426.032 0 -7.64426
-275.232 -523.168 426.072 0 -7.64426
-275.404 -521.884 426.112 0 -7.64426
-275.577 -520.6 426.153 0 -7.47171
-275.745 -519.315 426.19 0 -7.41457
-275.912 -518.03 426.227 0 -7.41215
-276.08 -516.743 426.264 0 -7.41215
-276.247 -515.455 426.301 0 -7.41215
-276.415 -514.168 426.338 0 -7.41215
-276.582 -512.88 426.375 0 -7.41215
-276.75 -511.593 426.412 0 -7.35205
-276.916 -510.305 426.448 0 -7.23117
-277.079 -509.016 426.482 0 -7.23117
-277.243 -507.726 426.515 0 -7.23117
-277.407 -506.437 426.548 0 -7.23117
-277.57 -505.148 426.582 0 -7.23117
-277.734 -503.859 426.615 0 -7.23117
-277.897 -502.57 426.649 0 -7.2287
-278.061 -501.282 426.682 0 -7.10044
-278.221 -499.993 426.712 0 -7.08661
-278.381 -498.704 426.741 0 -7.08661
-278.542 -497.416 426.771 0 -7.08661
-278.702 -496.127 426.8 0 -7.08661
-278.862 -494.838 426.83 0 -7.11602
-279.023 -493.55 426.859 0 -7.11602
-279.184 -492.262 426.889 0 -7.06927
-279.344 -490.973 426.916 0 -7.01772
-279.502 -489.685 426.942 0 -7.01772
-279.661 -488.396 426.967 0 -7.01772
-279.819 -487.107 426.993 0 -6.98832
-279.978 -485.817 427.018 0 -6.98832
-280.136 -484.527 427.044 0 -6.98832
-280.294 -483.236 427.069 0 -6.98553
-280.452 -481.946 427.094 0 -6.93383
-280.609 -480.655 427.115 0 -6.93383
-280.766 -479.365 427.137 0 -6.78511
-280.92 -478.069 427.158 0 -6.78511
-281.074 -476.773 427.179 0 -6.78511
-281.228 -475.477 427.2 0 -6.78511
-281.383 -474.181 427.222 0 -6.78511
-281.537 -472.885 427.243 0 -6.77815
-281.691 -471.589 427.261 0 -6.58815
-281.841 -470.287 427.278 0 -6.58815
-281.992 -468.985 427.295 0 -6.58815
-282.142 -467.683 427.312 0 -6.58815
-282.292 -466.38 427.329 0 -6.58815
-282.443 -465.078 427.346 0 -6.58814
-282.593 -463.776 427.362 0 -5.90685
-282.727 -462.483 427.399 0 -5.67796
-282.857 -461.176 427.443 0 -5.68979
-282.987 -459.869 427.483 0 -5.72397
-283.118 -458.562 427.514 0 -5.72397
-283.249 -457.255 427.545 0 -5.74161
-283.381 -455.948 427.567 0 -5.72057
-283.512 -454.636 427.588 0 -5.71943
-283.643 -453.325 427.605 0 -5.71763
-283.775 -452.013 427.618 0 -5.71763
-283.906 -450.701 427.631 0 -5.69128
-284.037 -449.39 427.639 0 -5.69023
-284.168 -448.078 427.647 0 -5.69069
-284.299 -446.762 427.654 0 -5.66672
-284.429 -445.445 427.66 0 -5.65749
-284.56 -444.129 427.665 0 -5.59045
-284.689 -442.812 427.671 0 -5.59045
-284.817 -441.496 427.678 0 -5.5194
-284.945 -440.179 427.686 0 -5.51212
-285.072 -438.86 427.695 0 -5.47537
-285.198 -437.541 427.706 0 -5.38698
-285.323 -436.223 427.721 0 -5.38698
-285.447 -434.904 427.736 0 -5.25478
-285.568 -433.584 427.759 0 -5.23739
-285.689 -432.265 427.783 0 -5.3483
-285.813 -430.947 427.78 0 -5.33474
-285.936 -429.632 427.774 0 -5.33823
-286.058 -428.316 427.772 0 -5.34297
-286.182 -427.001 427.775 0 -5.34295
-286.305 -425.686 427.778 0 -5.33262
-286.427 -424.37 427.787 0 -5.3277
-286.549 -423.062 427.796 0 -5.31116
-286.671 -421.754 427.808 0 -5.29879
-286.792 -420.445 427.822 0 -5.29222
-286.913 -419.137 427.835 0 -5.25133
-287.034 -417.829 427.852 0 -5.25132
-287.154 -416.52 427.868 0 -5.16472
-287.273 -415.209 427.884 0 -5.14529
-287.391 -413.897 427.9 0 -5.12172
-287.508 -412.585 427.917 0 -5.06073
-287.624 -411.274 427.932 0 -5.06073
-287.741 -409.962 427.946 0 -4.97283
-287.855 -408.65 427.958 0 -5.12129
-287.974 -407.323 427.97 0 -5.06707
-288.091 -405.995 427.979 0 -4.99963
-288.207 -404.668 427.985 0 -4.99267
-288.323 -403.34 427.99 0 -4.85942
-288.436 -402.012 427.989 0 -4.85942
-288.549 -400.684 427.987 0 -5.18147
-288.672 -399.328 427.989 0 -5.15323
-288.794 -397.979 427.99 0 -5.06206
-288.913 -396.63 427.99 0 -4.96556
-289.031 -395.281 427.991 0 -4.96556
-289.148 -393.932 427.991 0 -4.83049
-289.262 -392.583 427.99 0 -4.98532
-289.382 -391.209 427.989 0 -4.94302
-289.5 -389.836 427.988 0 -4.88732
-289.618 -388.462 427.986 0 -4.88732
-289.735 -387.089 427.984 0 -4.83775
-289.852 -385.715 427.981 0 -4.83414
-289.968 -384.342 427.978 0 -4.98315
-290.089 -382.947 427.975 0 -4.97847
-290.211 -381.552 427.97 0 -4.97847
-290.332 -380.157 427.966 0 -5.01405
-290.455 -378.762 427.959 0 -5.01496
-290.577 -377.367 427.953 0 -5.05632
-290.701 -375.973 427.946 0 -5.24356
-290.83 -374.564 427.938 0 -5.25106
-290.959 -373.156 427.93 0 -5.36971
-291.092 -371.748 427.919 0 -5.36971
-291.224 -370.34 427.909 0 -5.47461
-291.359 -368.932 427.898 0 -5.5407
-291.495 -367.525 427.885 0 -5.40617
-291.629 -366.112 427.879 0 -5.22604
-291.758 -364.698 427.874 0 -4.90233
-291.88 -363.284 427.866 0 -4.64394
-291.995 -361.87 427.855 0 -4.43489
-292.104 -360.455 427.841 0 -4.32386
-292.211 -359.04 427.825 0 -4.2867
-292.317 -357.627 427.81 0 -4.3108
-292.424 -356.213 427.794 0 -4.39526
-292.532 -354.8 427.78 0 -4.53902
-292.644 -353.388 427.768 0 -4.74509
-292.762 -351.975 427.758 0 -5.08483
-292.887 -350.564 427.752 0 -4.43824
-292.996 -349.165 427.732 0 -4.57619
-293.109 -347.754 427.715 0 -4.57619
-293.222 -346.343 427.698 0 -4.57619
-293.335 -344.932 427.681 0 -4.57619
-293.448 -343.521 427.663 0 -4.57619
-293.561 -342.11 427.646 0 -4.57355
-293.674 -340.696 427.629 0 -4.57355
-293.787 -339.283 427.612 0 -4.57355
-293.9 -337.87 427.594 0 -4.57355
-294.013 -336.456 427.577 0 -4.50532
-294.124 -335.043 427.559 0 -4.21861
-294.229 -333.629 427.537 0 -4.2299
-294.333 -332.215 427.515 0 -4.2299
-294.438 -330.801 427.493 0 -4.22989
-294.542 -329.388 427.472 0 -4.22989
-294.647 -327.974 427.45 0 -4.22989
-294.751 -326.56 427.428 0 -4.22989
-294.856 -325.147 427.406 0 -4.22406
-294.96 -323.738 427.384 0 -4.22406
-295.064 -322.33 427.363 0 -4.22406
-295.168 -320.922 427.341 0 -4.15334
-295.27 -319.513 427.318 0 -3.88306
-295.366 -318.104 427.292 0 -3.88306
-295.461 -316.695 427.266 0 -3.80779
-295.554 -315.298 427.239 0 -3.80779
-295.647 -313.9 427.213 0 -3.80779
-295.74 -312.503 427.187 0 -3.80779
-295.833 -311.106 427.161 0 -3.80779
-295.926 -309.708 427.135 0 -3.80779
-296.019 -308.311 427.109 0 -3.77752
-296.111 -306.929 427.083 0 -3.77752
-296.202 -305.548 427.057 0 -3.74951
-296.292 -304.166 427.031 0 -3.45047
-296.376 -302.784 427.001 0 -3.45047
-296.459 -301.403 426.97 0 -3.45047
-296.542 -300.021 426.94 0 -3.37977
-296.623 -298.651 426.91 0 -3.37977
-296.704 -297.281 426.88 0 -3.37977
-296.785 -295.912 426.85 0 -3.37977
-296.866 -294.542 426.819 0 -3.37977
-296.947 -293.172 426.789 0 -3.37977
-297.028 -291.802 426.759 0 -3.36371
-297.108 -290.438 426.729 0 -3.36371
-297.188 -289.073 426.699 0 -3.12391
-297.263 -287.708 426.666 0 -3.0506
-297.335 -286.343 426.631 0 -3.0506
-297.408 -284.978 426.597 0 -3.0506
-297.481 -283.613 426.562 0 -3.06457
-297.554 -282.248 426.527 0 -3.06457
-297.627 -280.883 426.493 0 -3.06457
-297.7 -279.518 426.458 0 -3.06457
-297.773 -278.153 426.424 0 -3.06457
-297.846 -276.787 426.389 0 -3.06457
-297.919 -275.422 426.355 0 -3.07147
-297.993 -274.056 426.32 0 -2.95681
-298.063 -272.689 426.283 0 -2.77233
-298.13 -271.322 426.244 0 -2.77233
-298.196 -269.955 426.205 0 -2.77233
-298.262 -268.588 426.166 0 -2.77233
-298.328 -267.221 426.126 0 -2.77464
-298.394 -265.854 426.087 0 -2.77464
-298.461 -264.487 426.048 0 -2.77464
-298.527 -263.119 426.009 0 -2.77464
-298.593 -261.752 425.969 0 -2.77464
-298.659 -260.385 425.93 0 -2.77464
-298.726 -259.017 425.891 0 -2.76948
-298.792 -257.651 425.851 0 -2.48714
-298.851 -256.283 425.807 0 -2.48714
-298.911 -254.916 425.763 0 -2.48714
-298.97 -253.549 425.72 0 -2.48714
-299.029 -252.182 425.676 0 -2.48714
-299.089 -250.815 425.632 0 -2.48249
-299.148 -249.448 425.588 0 -2.48249
-299.207 -248.081 425.544 0 -2.48249
-299.267 -246.714 425.5 0 -2.48249
-299.326 -245.346 425.456 0 -2.48249
-299.385 -243.979 425.412 0 -2.48249
-299.444 -242.612 425.368 0 -2.30671
-299.499 -241.245 425.321 0 -2.20658
-299.552 -239.877 425.272 0 -2.20658
-299.605 -238.509 425.223 0 -2.20658
-299.658 -237.142 425.174 0 -2.20658
-299.71 -235.774 425.126 0 -2.20658
-299.763 -234.407 425.077 0 -2.20892
-299.816 -233.039 425.028 0 -2.20892
-299.868 -231.672 424.979 0 -2.20892
-299.921 -230.305 424.931 0 -2.20892
-299.974 -228.938 424.882 0 -2.20892
-300.027 -227.57 424.833 0 -2.14502
-300.078 -226.203 424.783 0 -1.95163
-300.124 -224.836 424.73 0 -1.95163
-300.171 -223.469 424.676 0 -1.95163
-300.218 -222.101 424.622 0 -1.95163
-300.264 -220.734 424.569 0 -1.95163
-300.311 -219.367 424.515 0 -1.95163
-300.357 -217.999 424.462 0 -1.95161
-300.404 -216.632 424.408 0 -1.95161
-300.451 -215.264 424.354 0 -1.95161
-300.497 -213.897 424.301 0 -1.95161
-300.544 -212.529 424.247 0 -1.95161
-300.59 -211.161 424.194 0 -1.74213
-300.632 -209.794 424.136 0 -1.70826
-300.673 -208.426 424.077 0 -1.70826
-300.714 -207.059 424.019 0 -1.70826
-300.754 -205.692 423.96 0 -1.70826
-300.795 -204.325 423.902 0 -1.70826
-300.836 -202.957 423.843 0 -1.70826
-300.877 -201.59 423.785 0 -1.71058
-300.918 -200.222 423.726 0 -1.71058
-300.958 -198.855 423.668 0 -1.71057
-300.999 -197.487 423.609 0 -1.71057
-301.04 -196.119 423.551 0 -2.13844
-301.091 -194.742 423.49 0 -2.11426
-301.142 -193.374 423.428 0 -2.11194
-301.192 -192.007 423.365 0 -2.11194
-301.243 -190.639 423.302 0 -2.11194
-301.293 -189.272 423.239 0 -2.11194
-301.344 -187.904 423.177 0 -2.11194
-301.394 -186.536 423.114 0 -2.11194
-301.445 -185.169 423.051 0 -2.11197
-301.495 -183.802 422.988 0 -2.11197
-301.545 -182.435 422.926 0 -2.11197
-301.596 -181.068 422.863 0 -2.11197
-301.646 -179.701 422.8 0 -2.08187
-301.696 -178.334 422.737 0 -2.04564
-301.745 -176.967 422.672 0 -2.04571
-301.793 -175.602 422.608 0 -2.04571
-301.842 -174.237 422.544 0 -2.04571
-301.891 -172.872 422.48 0 -2.04571
-301.94 -171.507 422.416 0 -2.04571
-301.989 -170.141 422.352 0 -2.04571
-302.037 -168.776 422.287 0 -2.04582
-302.086 -167.413 422.223 0 -2.04582
-302.135 -166.05 422.159 0 -2.04582
-302.183 -164.687 422.095 0 -2.04582
-302.232 -163.324 422.031 0 -2.04582
-302.281 -161.962 421.967 0 -1.99575
-302.328 -160.599 421.902 0 -2.01397
-302.376 -159.231 421.836 0 -2.01397
-302.424 -157.864 421.771 0 -2.01397
-302.472 -156.496 421.706 0 -2.01397
-302.521 -155.128 421.64 0 -2.01397
-302.569 -153.761 421.575 0 -2.01397
-302.617 -152.393 421.51 0 -1.98972
-302.665 -151.003 421.443 0 -1.98972
-302.713 -149.613 421.377 0 -1.98972
-302.762 -148.223 421.31 0 -1.98972
-302.81 -146.833 421.244 0 -1.98972
-302.858 -145.443 421.177 0 -1.96779
-302.906 -144.052 421.11 0 -1.85121
-302.952 -142.628 421.041 0 -1.85121
-302.998 -141.203 420.973 0 -1.85121
-303.044 -139.779 420.904 0 -1.85121
-303.09 -138.354 420.835 0 -1.85121
-303.136 -136.93 420.766 0 -1.85121
-303.182 -135.505 420.697 0 -1.84112
-303.229 -134.05 420.627 0 -1.84112
-303.276 -132.595 420.556 0 -1.84112
-303.323 -131.14 420.486 0 -1.84112
-303.369 -129.684 420.416 0 -1.84112
-303.416 -128.229 420.345 0 -1.82386
-303.462 -126.774 420.275 0 -1.83169
-303.509 -125.305 420.204 0 -1.83169
-303.556 -123.836 420.132 0 -1.83169
-303.603 -122.368 420.061 0 -1.83169
-303.65 -120.899 419.99 0 -1.83169
-303.697 -119.43 419.918 0 -1.83169
-303.744 -117.961 419.847 0 -1.83383
-303.791 -116.494 419.776 0 -1.83383
-303.838 -115.026 419.704 0 -1.83383
-303.885 -113.559 419.633 0 -1.83383
-303.932 -112.091 419.562 0 -1.83313
-303.979 -110.624 419.491 0 -1.82253
-304.026 -109.157 419.419 0 -1.82463
-304.073 -107.692 419.348 0 -1.82463
-304.119 -106.228 419.277 0 -1.82463
-304.166 -104.764 419.206 0 -1.82463
-304.212 -103.3 419.135 0 -1.82463
-304.259 -101.836 419.064 0 -1.82463
-304.306 -100.372 418.993 0 -1.82463
-304.352 -98.9075 418.922 0 -1.82463
-304.399 -97.4433 418.851 0 -1.82463
-304.446 -95.9792 418.78 0 -1.82463
-304.492 -94.515 418.709 0 -1.82564
-304.539 -93.0509 418.639 0 -1.82709
-304.586 -91.5867 418.568 0 -1.82498
-304.632 -90.1198 418.498 0 -1.82498
-304.679 -88.653 418.427 0 -1.82498
-304.726 -87.1862 418.356 0 -1.82498
-304.773 -85.7193 418.286 0 -1.82498
-304.819 -84.2525 418.215 0 -1.82498
-304.866 -82.7857 418.145 0 -1.81198
-304.913 -81.3185 418.074 0 -1.81198
-304.959 -79.8513 418.003 0 -1.81198
-305.005 -78.3841 417.933 0 -1.81198
-305.052 -76.9169 417.862 0 -1.82457
-305.099 -75.4497 417.792 0 -1.8282
-305.145 -73.9825 417.723 0 -1.84107
-305.192 -72.5217 417.653 0 -1.84107
-305.239 -71.0608 417.584 0 -1.84107
-305.286 -69.5999 417.514 0 -1.84107
-305.333 -68.139 417.445 0 -1.84107
-305.38 -66.6781 417.376 0 -1.84107
-305.427 -65.2173 417.306 0 -1.90902
-305.475 -63.7747 417.238 0 -1.90902
-305.523 -62.3322 417.169 0 -1.90902
-305.571 -60.8897 417.101 0 -1.91064
-305.619 -59.4472 417.032 0 -1.93901
-305.668 -58.0046 416.965 0 -1.93901
-305.717 -56.5621 416.898 0 -2.02925
-305.767 -55.1429 416.832 0 -2.02925
-305.818 -53.7237 416.766 0 -2.02925
-305.868 -52.3045 416.7 0 -2.02925
-305.918 -50.8854 416.634 0 -2.02925
-305.969 -49.4662 416.568 0 -2.02925
-306.019 -48.047 416.502 0 -2.09896
-306.07 -46.6458 416.437 0 -2.09896
-306.122 -45.2447 416.371 0 -2.09896
-306.173 -43.8435 416.306 0 -2.09957
-306.224 -42.4424 416.241 0 -2.1427
-306.277 -41.0412 416.177 0 -2.1427
-306.329 -39.64 416.114 0 -2.15736
-306.382 -38.2458 416.051 0 -2.15736
-306.434 -36.8516 415.988 0 -2.15736
-306.487 -35.4574 415.924 0 -2.15736
-306.539 -34.0632 415.861 0 -2.15736
-306.592 -32.669 415.798 0 -2.15736
-306.644 -31.2748 415.735 0 -2.14353
-306.696 -29.8796 415.672 0 -2.14353
-306.749 -28.4843 415.608 0 -2.14353
-306.801 -27.0891 415.545 0 -2.14353
-306.853 -25.6939 415.482 0 -2.07137
-306.904 -24.2997 415.419 0 -2.08924
-306.954 -22.9043 415.357 0 -2.08887
-307.005 -21.5064 415.294 0 -2.08887
-307.056 -20.1084 415.231 0 -2.08887
-307.107 -18.7104 415.169 0 -2.08887
-307.158 -17.3124 415.106 0 -2.08887
-307.209 -15.9144 415.044 0 -2.08887
-307.26 -14.5165 414.981 0 -2.09119
-307.311 -13.1188 414.918 0 -2.09119
-307.362 -11.7212 414.856 0 -2.09119
-307.413 -10.3235 414.793 0 -2.07266
-307.464 -8.9258 414.732 0 -2.06483
-307.514 -7.52806 414.671 0 -2.06483
-307.565 -6.13032 414.61 0 -2.06298
-307.615 -4.73557 414.549 0 -2.06298
-307.665 -3.34082 414.488 0 -2.06298
-307.716 -1.94607 414.428 0 -2.06298
-307.766 -0.551325 414.367 0 -2.06298
-307.816 0.843422 414.306 0 -2.06298
-307.866 2.23817 414.245 0 -2.07676
-307.917 3.63224 414.185 0 -2.07676
-307.967 5.02631 414.124 0 -2.07264
-308.018 6.4204 414.063 0 -2.05891
-308.068 7.81456 414.004 0 -2.05891
-308.118 9.20871 413.945 0 -2.05891
-308.168 10.6029 413.886 0 -2.04405
-308.218 12.0054 413.827 0 -2.04405
-308.268 13.4078 413.767 0 -2.04405
-308.318 14.8103 413.708 0 -2.04405
-308.368 16.2128 413.649 0 -2.04405
-308.419 17.6153 413.589 0 -2.04405
-308.469 19.0178 413.53 0 -1.97179
-308.518 20.4426 413.469 0 -1.97179
-308.567 21.8675 413.409 0 -1.96402
-308.616 23.2924 413.35 0 -1.96245
-308.664 24.7173 413.291 0 -1.96245
-308.713 26.1422 413.233 0 -1.96245
-308.762 27.5672 413.174 0 -1.87466
-308.81 29.0215 413.114 0 -1.87466
-308.857 30.4757 413.054 0 -1.87466
-308.905 31.93 412.994 0 -1.87466
-308.952 33.3843 412.934 0 -1.87466
-309 34.8386 412.874 0 -1.87466
-309.048 36.2929 412.814 0 -1.80735
-309.094 37.7699 412.754 0 -1.80672
-309.141 39.2469 412.694 0 -1.80653
-309.187 40.724 412.635 0 -1.80653
-309.234 42.201 412.576 0 -1.80653
-309.281 43.6781 412.517 0 -1.80653
-309.327 45.1551 412.458 0 -1.79386
-309.374 46.6405 412.398 0 -1.79386
-309.42 48.1259 412.339 0 -1.79386
-309.467 49.6113 412.279 0 -1.79386
-309.513 51.0967 412.22 0 -1.79386
-309.56 52.5821 412.16 0 -1.79386
-309.606 54.0675 412.101 0 -1.81401
-309.653 55.5496 412.043 0 -1.81433
-309.7 57.0317 411.985 0 -1.81433
-309.747 58.5138 411.928 0 -1.81433
-309.794 59.9959 411.87 0 -1.81433
-309.841 61.478 411.813 0 -1.81433
-309.888 62.9601 411.755 0 -1.81651
-309.935 64.4442 411.697 0 -1.81651
-309.982 65.9283 411.639 0 -1.81651
-310.029 67.4124 411.582 0 -1.81651
-310.076 68.8965 411.524 0 -1.81915
-310.123 70.3806 411.466 0 -1.83271
-310.171 71.8648 411.41 0 -1.83073
-310.219 73.3562 411.354 0 -1.83073
-310.266 74.8477 411.298 0 -1.83073
-310.314 76.3392 411.241 0 -1.83073
-310.362 77.8307 411.185 0 -1.83073
-310.409 79.3222 411.129 0 -1.83073
-310.457 80.8136 411.072 0 -1.87126
-310.506 82.3051 411.016 0 -1.87126
-310.554 83.7965 410.96 0 -1.87126
-310.603 85.288 410.903 0 -1.88167
-310.652 86.7794 410.848 0 -1.89596
-310.701 88.2709 410.793 0 -1.89596
-310.751 89.7624 410.738 0 -1.91522
-310.801 91.2505 410.683 0 -1.91522
-310.85 92.7386 410.629 0 -1.91522
-310.9 94.2268 410.574 0 -1.91522
-310.95 95.7149 410.52 0 -1.91522
-311 97.203 410.465 0 -1.91522
-311.049 98.6912 410.41 0 -1.92368
-311.1 100.183 410.356 0 -1.92368
-311.15 101.675 410.301 0 -1.94606
-311.2 103.168 410.247 0 -1.95689
-311.251 104.66 410.194 0 -1.95689
-311.302 106.152 410.141 0 -1.95689
-311.353 107.644 410.088 580149 -1.89969
-311.404 109.162 410.034 580149 -1.89969
-311.454 110.68 409.98 580149 -1.89969
-311.504 112.198 409.925 580149 -1.89969
-311.555 113.715 409.871 580149 -1.89969
-311.605 115.233 409.817 580149 -1.89969
-311.655 116.751 409.763 580149 -1.77947
-311.704 118.311 409.708 580149 -1.81754
-311.753 119.87 409.654 580149 -1.81754
-311.803 121.43 409.6 580149 -1.81754
-311.852 122.989 409.546 580149 -1.81754
-311.902 124.549 409.492 580149 -1.81754
-311.951 126.109 409.438 580149 -1.76427
-312 127.699 409.383 580149 -1.76427
-312.049 129.288 409.328 580149 -1.76427
-312.098 130.878 409.273 580149 -1.76427
-312.147 132.468 409.218 580149 -1.76427
-312.196 134.058 409.163 580149 -1.56156
-312.239 135.646 409.11 590149 -1.61435
-312.285 137.248 409.056 590149 -1.61435
-312.33 138.851 409.002 590149 -1.61435
-312.375 140.454 408.948 590149 -1.61435
-312.42 142.057 408.895 590149 -1.61435
-312.465 143.659 408.841 590149 -1.61435
-312.51 145.262 408.787 590149 -1.62626
-312.556 146.865 408.733 590149 -1.62626
-312.601 148.468 408.679 590149 -1.62626
-312.647 150.07 408.626 590149 -1.62626
-312.692 151.673 408.572 590149 -1.62626
-312.738 153.276 408.518 590149 -1.62626
-312.783 154.879 408.464 590149 -1.62386
-312.829 156.478 408.41 590149 -1.65011
-312.875 158.077 408.358 590149 -1.657
-312.921 159.676 408.305 590149 -1.657
-312.967 161.275 408.252 590149 -1.657
-313.014 162.874 408.2 590149 -1.657
-313.06 164.473 408.147 590149 -1.65888
-313.106 166.071 408.095 590149 -1.65888
-313.152 167.669 408.042 590149 -1.65888
-313.199 169.267 407.99 590149 -1.65888
-313.245 170.865 407.937 590149 -1.65888
-313.291 172.463 407.885 590149 -1.65888
-313.338 174.062 407.832 590149 -1.65891
-313.384 175.66 407.78 590149 -1.65891
-313.43 177.258 407.727 590149 -1.65891
-313.476 178.857 407.674 590149 -1.66658
-313.523 180.455 407.622 590149 -1.68292
-313.57 182.054 407.57 590149 -1.68292
-313.617 183.652 407.519 590149 -1.66306
-313.663 185.251 407.467 590149 -1.66306
-313.71 186.85 407.415 590149 -1.66306
-313.756 188.448 407.364 590149 -1.66306
-313.803 190.047 407.312 590149 -1.66306
-313.849 191.646 407.26 590149 -1.66306
-313.895 193.245 407.209 590149 -1.67894
-313.942 194.843 407.157 590149 -1.67894
-313.989 196.442 407.105 590149 -1.67894
-314.036 198.04 407.054 590149 -1.67894
-314.083 199.638 407.002 590149 -1.67894
-314.13 201.237 406.95 590149 -1.67894
-314.176 202.835 406.899 590149 -1.78511
-314.226 204.434 406.847 590149 -1.78738
-314.276 206.032 406.796 590149 -1.78738
-314.326 207.63 406.745 590149 -1.78738
-314.376 209.229 406.694 590149 -1.78738
-314.426 210.827 406.643 590149 -1.78738
-314.476 212.425 406.592 590149 -1.90482
-314.529 214.024 406.541 590149 -1.90482
-314.582 215.622 406.49 590149 -1.90482
-314.635 217.22 406.439 590149 -1.90482
-314.688 218.819 406.388 590149 -1.90482
-314.741 220.417 406.337 590149 -1.90482
-314.795 222.015 406.286 590149 -1.99638
-314.85 223.613 406.235 590149 -1.99638
-314.906 225.211 406.184 590149 -1.99854
-314.962 226.81 406.133 590149 -2.00213
-315.018 228.408 406.083 590149 -2.00213
-315.074 230.006 406.032 590149 -2.00213
-315.129 231.604 405.981 590149 -2.02004
-315.186 233.202 405.931 590149 -2.02004
-315.242 234.8 405.88 590149 -2.02004
-315.299 236.399 405.83 590149 -2.02004
-315.355 237.997 405.779 590149 -2.02004
-315.411 239.595 405.729 590149 -2.02004
-315.468 241.193 405.678 590149 -2.00014
-315.523 242.791 405.627 590149 -2.00014
-315.579 244.39 405.577 590149 -2.00014
-315.635 245.988 405.526 590149 -2.00014
-315.691 247.586 405.476 590149 -2.00014
-315.747 249.184 405.425 590149 -1.99708
-315.802 250.782 405.375 590149 -1.99874
-315.858 252.38 405.324 590149 -1.99874
-315.914 253.979 405.274 590149 -1.99874
-315.97 255.577 405.224 590149 -1.99874
-316.026 257.175 405.173 590149 -1.99874
-316.081 258.773 405.123 590149 -1.99874
-316.137 260.371 405.072 590149 -1.99675
-316.193 261.97 405.022 590149 -1.99675
-316.249 263.568 404.972 590149 -1.99675
-316.304 265.166 404.921 590149 -1.99675
-316.36 266.764 404.871 590149 -1.99675
-316.416 268.362 404.821 590149 -1.99675
-316.471 269.961 404.77 590149 -1.99889
-316.527 271.557 404.72 590149 -1.99352
-316.583 273.153 404.67 590149 -1.98638
-316.638 274.749 404.619 590149 -1.98638
-316.693 276.345 404.569 590149 -1.98638
-316.749 277.942 404.519 590149 -1.98638
-316.804 279.538 404.468 590149 -2.00238
-316.86 281.133 404.418 590149 -2.00238
-316.916 282.729 404.368 590149 -2.00238
-316.971 284.324 404.318 590149 -2.00238
-317.027 285.92 404.267 590149 -2.00238
-317.083 287.516 404.217 590149 -2.00238
-317.139 289.111 404.167 590149 -1.97424
-317.194 290.71 404.116 590149 -1.97424
-317.249 292.309 404.066 590149 -1.97424
-317.304 293.908 404.016 590149 -1.97424
-317.359 295.507 403.965 590149 -1.95381
-317.414 297.105 403.915 590149 -1.9526
-317.468 298.704 403.864 590149 -1.86682
-317.521 300.32 403.813 590149 -1.86682
-317.574 301.936 403.762 590149 -1.86682
-317.626 303.552 403.711 590149 -1.86682
-317.679 305.168 403.659 590149 -1.86682
-317.732 306.784 403.608 590149 -1.86682
-317.784 308.4 403.557 590149 -1.89976
-317.838 310.032 403.505 590149 -1.89976
-317.893 311.663 403.454 590149 -1.89976
-317.947 313.295 403.402 590149 -1.89976
-318.001 314.926 403.351 590149 -1.89976
-318.055 316.558 403.299 590149 -1.89976
-318.109 318.19 403.247 590149 -1.65028
-318.156 319.834 403.195 590149 -1.64025
-318.204 321.478 403.142 590149 -1.64025
-318.251 323.123 403.09 590149 -1.64025
-318.298 324.767 403.037 590149 -1.64025
-318.345 326.412 402.985 590149 -1.64025
-318.392 328.056 402.932 590149 -1.34679
-318.431 329.724 402.879 590149 -1.34679
-318.47 331.391 402.826 590149 -1.34679
-318.509 333.058 402.773 590149 -1.34679
-318.549 334.726 402.72 590149 -1.34679
-318.588 336.393 402.666 590149 -1.34679
-318.627 338.06 402.613 590149 -1.17394
-318.662 339.755 402.559 590149 -1.17394
-318.697 341.449 402.505 590149 -1.1437
-318.73 343.144 402.45 590149 -1.13403
-318.764 344.838 402.396 590149 -1.13403
-318.797 346.533 402.341 590149 -1.13403
-318.831 348.227 402.286 590149 -1.2226
-318.868 349.946 402.23 590149 -1.2226
-318.904 351.664 402.175 590149 -1.2226
-318.941 353.382 402.119 590149 -1.2226
-318.978 355.101 402.064 590149 -1.2226
-319.014 356.819 402.008 590149 -1.2226
-319.051 358.538 401.953 590149 -1.44693
-319.095 360.267 401.897 590149 -1.44693
-319.138 361.996 401.841 590149 -1.44693
-319.182 363.725 401.785 590149 -1.51525
-319.228 365.463 401.729 600149 -1.55283
-319.275 367.19 401.672 600149 -1.55282
-319.322 368.918 401.615 600149 -1.69449
-319.373 370.644 401.557 600149 -1.69449
-319.424 372.37 401.5 600149 -1.69448
-319.475 374.097 401.443 600149 -1.69448
-319.526 375.823 401.386 600149 -1.69448
-319.577 377.549 401.329 600149 -1.69448
-319.628 379.275 401.272 600149 -1.81789
-319.683 380.999 401.214 600149 -1.81789
-319.737 382.722 401.157 600149 -1.40162
-319.78 384.446 401.104 600149 -1.21298
-319.816 386.171 401.053 600149 -1.21298
-319.853 387.895 401.002 600149 -1.21298
-319.889 389.619 400.951 600149 -1.48181
-319.934 391.333 400.9 600149 -1.48181
-319.978 393.047 400.849 600149 -1.48181
-320.022 394.761 400.799 600149 -1.48181
-320.067 396.475 400.748 600149 -1.48181
-320.111 398.189 400.697 600149 -1.48181
-320.155 399.903 400.646 600149 -1.72699
-320.206 401.602 400.596 600149 -1.24574
-320.243 403.302 400.55 600149 -1.09747
-320.276 405.001 400.506 600149 -1.09746
-320.309 406.701 400.462 600149 -1.09745
-320.341 408.401 400.417 600149 -1.09744
-320.374 410.101 400.373 600149 -1.02442
-320.404 411.801 400.329 600149 -1.02442
-320.434 413.501 400.285 600149 -1.02441
-320.465 415.2 400.24 600149 -1.02441
-320.495 416.9 400.196 600149 -1.0244
-320.526 418.6 400.152 600149 -1.02439
-320.556 420.3 400.108 600149 -0.236363
-320.563 422.014 400.068 600149 -0.0647861
-320.565 423.727 400.03 600149 -0.0647859
-320.567 425.44 399.991 600149 -0.0647856
-320.569 427.153 399.953 600149 -0.0647855
-320.571 428.867 399.915 600149 -0.0647852
-320.573 430.58 399.877 600149 0.0853809
-320.57 432.3 399.839 600149 0.0853812
-320.568 434.021 399.8 600149 0.0853814
-320.565 435.741 399.762 600149 0.0853816
-320.563 437.461 399.724 600149 0.0853818
-320.56 439.181 399.685 600149 0.636019
-320.541 440.902 399.652 600149 0.723083
-320.519 442.607 399.621 600149 0.723083
-320.498 444.313 399.59 600149 0.723083
-320.476 446.018 399.558 600149 0.723083
-320.455 447.724 399.527 600149 0.723083
-320.433 449.43 399.495 600149 0.723083
-320.412 451.135 399.464 600149 0.661098
-320.392 452.813 399.433 600149 0.661098
-320.373 454.491 399.402 600149 0.661098
-320.354 456.168 399.371 600149 0.661098
-320.334 457.846 399.34 600149 1.18792
-320.3 459.523 399.315 600149 1.36314
-320.26 461.201 399.29 600149 1.39353
-320.219 462.864 399.266 600149 1.39353
-320.179 464.528 399.243 600149 1.39353
-320.138 466.192 399.219 600149 1.39353
-320.098 467.856 399.195 600149 1.39353
-320.057 469.519 399.171 600149 1.39353
-320.017 471.183 399.147 600149 1.36308
-319.977 472.857 399.123 600149 1.36308
-319.937 474.53 399.098 600149 1.36308
-319.897 476.203 399.074 600149 1.73025
-319.847 477.877 399.054 600149 2.08876
-319.786 479.549 399.037 600149 2.08876
-319.725 481.222 399.019 600149 2.11722
-319.662 482.924 399.002 600149 2.11722
-319.599 484.626 398.984 600149 2.11722
-319.536 486.328 398.967 600149 2.11722
-319.473 488.029 398.949 600149 2.11722
-319.41 489.731 398.932 600149 2.11722
-319.347 491.433 398.914 600149 2.11531
-319.283 493.166 398.897 600149 2.11531
-319.219 494.899 398.879 600149 2.47436
-319.144 496.632 398.865 600149 2.8643
-319.058 498.364 398.854 600149 2.8643
-318.971 500.096 398.844 600149 2.8643
-318.884 501.828 398.833 600149 2.87332
-318.796 503.584 398.823 600149 2.87332
-318.708 505.34 398.812 600149 2.87332
-318.62 507.097 398.802 600149 2.87332
-318.532 508.853 398.791 600149 2.87332
-318.444 510.609 398.781 600149 2.87332
-318.356 512.365 398.77 600149 2.86776
-318.265 514.166 398.759 600149 3.46289
-318.156 515.966 398.754 600149 3.63965
-318.042 517.766 398.752 600149 3.63965
-317.927 519.566 398.749 600149 3.63965
-317.813 521.366 398.746 600149 3.63965
-317.698 523.166 398.743 600149 3.66869
-317.58 525.017 398.74 600149 3.66869
-317.461 526.867 398.737 600149 3.66869
-317.342 528.717 398.734 600149 3.66869
-317.224 530.567 398.731 600149 3.66869
-317.105 532.417 398.728 600149 4.05741
-316.974 534.266 398.729 600149 4.38773
-316.831 536.125 398.734 600149 4.38773
-316.689 537.983 398.74 600149 4.38773
-316.546 539.841 398.745 600149 4.38773
-316.404 541.7 398.75 600149 4.38773
-316.261 543.558 398.756 600149 4.38773
-316.118 545.417 398.761 600149 4.2839
-315.982 547.236 398.766 600149 4.2839
-315.846 549.055 398.772 600149 4.2839
-315.71 550.874 398.777 600149 4.47785
-315.567 552.695 398.782 610149 4.77464
-315.415 554.513 398.79 610149 4.77464
-315.263 556.331 398.797 610149 4.742
-315.117 558.1 398.805 610149 4.742
-314.97 559.87 398.812 610149 4.742
-314.823 561.64 398.819 610149 4.92831
-314.67 563.409 398.829 610149 5.17933
-314.51 565.177 398.843 610149 5.17933
-314.35 566.945 398.856 610149 5.21048
-314.192 568.679 398.869 610149 5.21048
-314.034 570.412 398.882 610149 5.21048
-313.876 572.145 398.895 610149 5.21048
-313.718 573.878 398.908 610149 5.62175
-313.547 575.61 398.926 610149 5.64894
-313.376 577.342 398.945 610149 5.64565
-313.204 579.078 398.963 610149 5.64566
-313.033 580.814 398.982 610149 5.64566
-312.861 582.55 399 610149 5.64566
-312.689 584.287 399.019 610149 5.82646
-312.512 586.022 399.039 610149 6.08518
-312.327 587.757 399.063 610149 6.08707
-312.142 589.492 399.086 610149 6.08707
-311.957 591.228 399.11 610149 6.08707
-311.772 592.963 399.134 610149 6.08707
-311.587 594.699 399.157 610149 6.08707
-311.402 596.434 399.181 610149 6.47927
-311.205 598.168 399.209 610149 6.52391
-311.007 599.901 399.237 610149 6.52391
-310.809 601.635 399.265 610149 6.52391
-310.61 603.368 399.294 610149 6.52391
-310.412 605.101 399.322 610149 6.52391
-310.214 606.835 399.35 610149 6.68546
-310.011 608.567 399.38 610149 6.97109
-309.799 610.301 399.413 610149 6.97109
-309.587 612.035 399.446 610149 6.97109
-309.375 613.769 399.478 610149 6.9711
-309.163 615.503 399.511 610149 6.9711
-308.951 617.237 399.544 610149 6.9711
-308.739 618.971 399.577 610149 7.31375
-308.514 620.721 399.613 610149 7.38064
-308.288 622.47 399.65 610149 7.38064
-308.061 624.219 399.688 610149 7.38064
-307.834 625.968 399.725 610149 7.38064
-307.608 627.717 399.762 610149 7.38064
-307.381 629.467 399.799 610149 7.59011
-307.144 631.246 399.838 610149 7.85538
-306.899 633.023 399.88 610149 7.85538
-306.654 634.801 399.922 610149 7.85538
-306.408 636.579 399.963 610149 7.85538
-306.163 638.357 400.005 610149 7.85538
-305.918 640.135 400.046 610149 7.91214
-305.668 641.936 400.089 610149 8.3276
-305.404 643.734 400.134 610149 8.3276
-305.141 645.533 400.18 610149 8.3276
-304.878 647.331 400.225 610149 8.3276
-304.615 649.13 400.271 610149 8.3276
-304.351 650.928 400.316 610149 8.32793
-304.087 652.732 400.362 610149 8.68191
-303.812 654.533 400.41 610149 8.77276
-303.534 656.334 400.459 610149 8.77276
-303.256 658.136 400.508 610149 8.77276
-302.978 659.937 400.557 610149 8.77276
-302.7 661.738 400.605 610149 8.71316
-302.43 663.502 400.653 610149 8.43951
-302.167 665.276 400.71 620149 8.46894
-301.904 667.041 400.771 620149 8.78578
-301.631 668.804 400.83 620149 8.82477
-301.358 670.567 400.889 620149 9.08399
-301.076 672.329 400.948 620149 9.1608
-300.8 674.041 401.005 620149 9.35489
-300.518 675.753 401.062 620149 9.4101
-300.234 677.465 401.12 620149 9.55479
-299.946 679.175 401.178 620149 9.60968
-299.657 680.886 401.236 620149 9.71165
-299.364 682.596 401.296 620149 9.91744
-299.066 684.303 401.357 620149 9.98329
-298.765 686.009 401.418 620149 10.018
-298.464 687.715 401.481 620149 10.0541
-298.162 689.42 401.546 620149 10.0696
-297.859 691.126 401.613 620149 10.0819
-297.555 692.831 401.681 620149 10.1404
-297.244 694.575 401.753 620149 10.1348
-296.932 696.319 401.827 620149 10.8754
-296.6 698.047 401.889 630149 10.7945
-296.268 699.787 401.951 630149 10.6649
-295.94 701.528 402.014 630149 10.6157
-295.614 703.269 402.078 630149 10.5421
-295.28 705.062 402.145 630149 10.5383
-294.947 706.854 402.213 630149 10.547
-294.613 708.647 402.281 630149 10.621
-294.277 710.439 402.352 630149 10.6927
-293.939 712.23 402.423 630149 10.7927
-293.597 714.021 402.495 630149 10.9809
-293.246 715.831 402.57 630149 11.0703
-292.892 717.64 402.645 630149 11.4001
-292.528 719.447 402.722 630149 11.5662
-292.158 721.252 402.8 630149 11.8362
-291.78 723.056 402.88 630149 12.2088
-291.391 724.858 402.961 630149 11.9531
-291.007 726.671 403.034 640149 11.2106
-290.65 728.469 403.097 640149 11.364
-290.289 730.265 403.162 640149 11.5077
-289.924 732.061 403.228 640149 11.6952
-289.552 733.856 403.296 640149 11.7577
-289.179 735.65 403.365 640149 11.9569
-288.8 737.44 403.437 640149 11.9934
-288.419 739.231 403.508 640149 12.116
-288.035 741.02 403.582 640149 12.1636
-287.649 742.809 403.656 640149 12.2243
-287.262 744.598 403.73 640149 12.2651
-286.873 746.387 403.806 640149 12.2855
-286.484 748.176 403.881 640149 12.2979
-286.094 749.964 403.957 640149 12.2955
-285.704 751.753 404.033 640149 12.2662
-285.315 753.542 404.109 640149 12.2388
-284.927 755.332 404.185 640149 12.1857
-284.54 757.121 404.26 640149 13.0492
-284.13 758.893 404.334 650149 13.1876
-283.712 760.676 404.405 650149 13.1876
-283.294 762.458 404.477 650149 13.1876
-282.876 764.241 404.548 650149 13.1876
-282.459 766.023 404.619 650149 13.1876
-282.041 767.806 404.691 650149 13.1876
-281.623 769.588 404.762 650149 13.1876
-281.206 771.37 404.834 650149 13.2992
-280.785 773.151 404.905 650149 13.6925
-280.352 774.929 404.978 650149 13.6925
-279.918 776.707 405.05 650149 13.6925
-279.485 778.485 405.122 650149 13.6925
-279.052 780.266 405.194 650149 13.6925
-278.618 782.046 405.266 650149 13.6925
-278.184 783.827 405.338 650149 13.6925
-277.75 785.607 405.41 650149 13.6925
-277.316 787.387 405.483 650149 14.009
-276.873 789.165 405.555 650149 14.2239
-276.422 790.942 405.628 650149 14.2239
-275.972 792.719 405.7 650149 14.2239
-275.522 794.495 405.773 650149 14.2239
-275.071 796.272 405.845 650149 14.2239
-274.621 798.048 405.918 650149 14.2239
-274.171 799.825 405.991 650149 14.2239
-273.72 801.603 406.063 650149 14.2239
-273.27 803.38 406.136 650149 14.7683
-272.802 805.153 406.209 650149 14.7819
-272.334 806.926 406.282 650149 14.7819
-271.866 808.699 406.355 650149 14.7819
-271.399 810.473 406.427 650149 14.8117
-270.932 812.239 406.5 650149 14.8117
-270.465 814.005 406.573 650149 14.8117
-269.998 815.771 406.645 650149 14.8117
-269.531 817.537 406.718 650149 15.0104
-269.057 819.301 406.79 650149 15.3959
-268.572 821.062 406.863 650149 15.3157
-268.096 822.804 406.935 650149 15.3157
-267.619 824.545 407.007 650149 15.3157
-267.142 826.286 407.079 650149 15.3157
-266.665 828.028 407.15 650149 15.3157
-266.188 829.769 407.222 650149 15.3157
-265.711 831.51 407.294 650149 15.3032
-265.239 833.235 407.365 650149 15.6615
-264.756 834.958 407.436 650149 15.9137
-264.266 836.677 407.507 650149 15.9137
-263.776 838.397 407.578 650149 15.9137
-263.285 840.117 407.649 650149 15.9137
-262.795 841.837 407.72 650149 15.8834
-262.305 843.559 407.791 650149 15.8834
-261.815 845.281 407.862 650149 15.8834
-261.325 847.003 407.933 650149 15.8834
-260.835 848.725 408.004 650149 16.3596
-260.331 850.442 408.075 650149 16.5198
-259.822 852.159 408.146 650149 16.5801
-259.305 853.894 408.217 650149 16.5801
-258.788 855.63 408.289 650149 16.5801
-258.272 857.365 408.36 650149 16.5801
-257.755 859.101 408.432 650149 16.5801
-257.238 860.836 408.503 650149 16.5801
-256.721 862.572 408.575 650149 16.55
-256.2 864.326 408.647 650149 17.2092
-255.659 866.074 408.719 650149 17.2107
-255.117 867.822 408.79 650149 17.2107
-254.576 869.569 408.862 650149 17.2107
-254.035 871.317 408.934 650149 17.2107
-253.493 873.065 409.006 650149 17.2107
-252.951 874.814 409.077 650149 17.2107
-252.41 876.563 409.149 650149 17.2107
-251.868 878.312 409.221 650149 17.4492
-251.319 880.058 409.292 650149 17.898
-250.756 881.801 409.363 650149 17.898
-250.194 883.543 409.434 650149 17.898
-249.631 885.286 409.505 650149 17.898
-249.068 887.029 409.576 650149 17.898
-248.505 888.772 409.648 650149 17.898
-247.942 890.516 409.719 650149 17.898
-247.379 892.259 409.79 650149 17.898
-246.816 894.002 409.861 650149 18.3643
-246.233 895.757 409.932 650149 18.5813
-245.644 897.51 410.003 650149 18.5813
-245.055 899.263 410.073 650149 18.5813
-244.466 901.015 410.144 650149 18.5813
-243.876 902.768 410.215 650149 18.5813
-243.287 904.521 410.286 650149 18.6397
-242.689 906.294 410.357 650149 18.6397
-242.091 908.067 410.429 650149 18.8615
-241.486 909.839 410.505 660149 19.2884
-240.868 911.605 410.586 660149 19.2884
-240.25 913.371 410.666 660149 19.2884
-239.632 915.137 410.746 660149 19.2595
-239.012 916.909 410.827 660149 19.2595
-238.393 918.681 410.907 660149 19.2595
-237.774 920.453 410.988 660149 19.2595
-237.155 922.225 411.068 660149 19.2595
-236.536 923.997 411.148 660149 19.2595
-235.917 925.769 411.229 660149 19.1949
-235.3 927.539 411.309 660149 19.1949
-234.684 929.309 411.39 660149 19.1949
-234.068 931.079 411.47 660149 19.8764
-233.431 932.842 411.544 660149 20.065
-232.788 934.603 411.617 660149 20.065
-232.144 936.363 411.689 660149 20.3556
-231.488 938.133 411.763 660149 20.3556
-230.831 939.903 411.836 660149 20.3556
-230.175 941.672 411.909 660149 20.3556
-229.518 943.442 411.982 660149 20.3556
-228.862 945.211 412.055 660149 20.3556
-228.205 946.981 412.128 660149 20.6415
-227.518 948.805 412.203 660149 20.6415
-226.831 950.628 412.279 660149 20.6415
-226.144 952.452 412.354 660149 20.8093
-225.452 954.273 412.428 660149 21.525
-224.737 956.086 412.495 660149 21.525
-224.022 957.899 412.562 660149 21.6211
-223.289 959.747 412.631 660149 21.6211
-222.557 961.595 412.699 660149 21.6212
-221.825 963.442 412.768 660149 21.6212
-221.092 965.29 412.836 660149 21.6212
-220.36 967.138 412.904 660149 21.6212
-219.628 968.985 412.973 660149 21.8918
-218.862 970.891 413.043 660149 21.8918
-218.096 972.797 413.114 660149 21.8918
-217.33 974.703 413.185 660149 22.081
-216.558 976.607 413.254 660149 22.7884
-215.762 978.501 413.315 660149 22.7885
-214.966 980.395 413.377 660149 22.4588
-214.182 982.293 413.439 660149 22.4588
-213.397 984.191 413.5 660149 22.4588
-212.613 986.088 413.562 660149 22.4588
-211.829 987.986 413.623 660149 22.4588
-211.044 989.883 413.685 660149 22.4588
-210.26 991.781 413.747 660149 22.0725
-209.503 993.647 413.807 660149 22.0725
-208.747 995.512 413.867 660149 22.0725
-207.99 997.378 413.928 660149 22.491
-207.22 999.239 413.984 660149 22.982
-206.434 1001.09 414.035 660149 22.982
-205.647 1002.95 414.087 660149 22.8025
-204.885 1004.76 414.137 660149 22.8025
-204.123 1006.57 414.187 660149 22.8025
-203.36 1008.39 414.237 660149 22.8025
-202.598 1010.2 414.287 660149 22.8025
-201.836 1012.01 414.337 660149 22.8025
-201.073 1013.83 414.387 660149 22.595
-200.334 1015.6 414.436 660149 22.5951
-199.594 1017.38 414.485 660149 22.5951
-198.854 1019.16 414.534 660149 22.8083
-198.108 1020.93 414.581 660149 23.5167
-197.34 1022.7 414.621 660149 23.5167
-196.572 1024.46 414.661 660149 23.3238
-195.823 1026.2 414.7 660149 23.3238
-195.075 1027.94 414.739 660149 23.3238
-194.326 1029.67 414.779 660149 23.3238
-193.577 1031.41 414.818 660149 23.3238
-192.829 1033.15 414.857 660149 23.3238
-192.08 1034.88 414.896 660149 23.7717
-191.326 1036.59 414.935 660149 23.7717
-190.573 1038.3 414.974 660149 23.7717
-189.819 1040.01 415.013 660149 23.7717
-189.066 1041.72 415.052 660149 24.2434
-188.298 1043.43 415.086 660149 24.7049
-187.517 1045.13 415.116 660149 24.9656
-186.728 1046.82 415.146 660149 24.9656
-185.94 1048.51 415.175 660149 24.9656
-185.151 1050.21 415.205 660149 24.9656
-184.362 1051.9 415.235 660149 24.9656
-183.574 1053.6 415.265 660149 24.9656
-182.785 1055.29 415.295 660149 24.9219
-182 1056.98 415.324 660149 24.9219
-181.215 1058.67 415.354 660149 24.9219
-180.43 1060.36 415.384 660149 24.9219
-179.645 1062.05 415.414 660149 24.9219
-178.859 1063.74 415.443 660149 25.4918
-178.057 1065.42 415.468 660149 25.5362
-177.256 1067.1 415.488 660149 25.5362
-176.454 1068.78 415.509 660149 25.5362
-175.652 1070.46 415.529 660149 25.5362
-174.85 1072.14 415.55 660149 25.5362
-174.048 1073.81 415.57 660149 25.5362
-173.246 1075.49 415.591 660149 25.4335
-172.441 1077.19 415.612 660149 25.4335
-171.636 1078.88 415.632 660149 25.4335
-170.83 1080.57 415.653 660149 25.4335
-170.025 1082.27 415.674 660149 25.4335
-169.22 1083.96 415.695 660149 25.4335
-168.414 1085.65 415.715 660149 25.9729
-167.585 1087.36 415.73 660149 26.2689
-166.747 1089.05 415.741 660149 26.2689
-165.908 1090.75 415.753 660149 26.2689
-165.07 1092.45 415.764 660149 26.2689
-164.232 1094.15 415.775 660149 26.2689
-163.394 1095.85 415.787 660149 26.3775
-162.548 1097.55 415.798 660149 26.3775
-161.703 1099.26 415.81 660149 26.3775
-160.858 1100.96 415.821 660149 26.3775
-160.012 1102.67 415.833 660149 26.3775
-159.167 1104.37 415.844 660149 26.3775
-158.322 1106.07 415.856 660149 26.4945
-157.473 1107.78 415.867 660149 27.4159
-156.598 1109.46 415.869 660149 27.4586
-155.722 1111.15 415.871 660149 27.4586
-154.845 1112.84 415.873 660149 27.4586
-153.968 1114.52 415.874 660149 27.4586
-153.092 1116.21 415.876 660149 27.5911
-152.217 1117.89 415.878 660149 27.5911
-151.342 1119.56 415.879 660149 27.5911
-150.467 1121.23 415.881 660149 27.5911
-149.593 1122.91 415.883 660149 27.5911
-148.718 1124.58 415.884 660149 27.5911
-147.843 1126.26 415.886 660149 27.5115
-146.977 1127.92 415.888 660149 27.9808
-146.098 1129.57 415.886 670149 28.3847
-145.207 1131.22 415.881 670149 28.3847
-144.316 1132.87 415.876 670149 28.3847
-143.425 1134.52 415.871 670149 28.3847
-142.535 1136.17 415.866 670149 28.1327
-141.668 1137.79 415.861 670149 28.1327
-140.801 1139.41 415.855 670149 28.1328
-139.935 1141.03 415.85 670149 28.1328
-139.068 1142.65 415.845 670149 28.1328
-138.201 1144.27 415.84 670149 28.1328
-137.334 1145.89 415.835 670149 28.1272
-136.484 1147.48 415.83 670149 28.1272
-135.633 1149.08 415.825 670149 28.1272
-134.782 1150.67 415.82 670149 28.5208
-133.921 1152.25 415.81 670149 29.1499
-133.042 1153.83 415.792 670149 29.1499
-132.163 1155.4 415.775 670149 29.5552
-131.27 1156.98 415.757 670149 29.5552
-130.376 1158.56 415.739 670149 29.5552
-129.482 1160.13 415.721 670149 29.5552
-128.588 1161.71 415.703 670149 29.5552
-127.695 1163.28 415.685 670149 29.5552
-126.801 1164.86 415.668 670149 29.6773
-125.886 1166.46 415.649 670149 29.6773
-124.972 1168.07 415.631 670149 29.6774
-124.058 1169.67 415.613 670149 29.6774
-123.143 1171.28 415.595 670149 29.6774
-122.229 1172.88 415.577 670149 29.6774
-121.315 1174.49 415.559 670149 30.2759
-120.365 1176.11 415.532 670149 30.609
-119.406 1177.73 415.501 670149 30.609
-118.447 1179.36 415.471 670149 30.609
-117.488 1180.98 415.44 670149 30.609
-116.529 1182.6 415.41 670149 30.609
-115.571 1184.22 415.379 670149 30.405
-114.61 1185.86 415.348 670149 30.405
-113.649 1187.49 415.318 670149 30.405
-112.688 1189.13 415.287 670149 30.405
-111.728 1190.77 415.256 670149 30.405
-110.767 1192.4 415.225 670149 30.405
-109.806 1194.04 415.195 670149 30.338
-108.847 1195.68 415.164 670149 30.338
-107.888 1197.32 415.133 670149 30.8243
-106.915 1198.95 415.097 670149 31.3691
-105.927 1200.57 415.055 670149 31.3691
-104.938 1202.19 415.014 670149 31.3691
-103.95 1203.81 414.972 670149 31.3967
-102.954 1205.45 414.93 670149 31.3967
-101.958 1207.08 414.888 670149 31.3967
-100.962 1208.71 414.847 670149 31.3967
-99.9655 1210.34 414.805 670149 31.3967
-98.9693 1211.97 414.763 670149 31.3967
-97.9732 1213.61 414.721 670149 31.3957
-96.9717 1215.25 414.679 670149 31.3957
-95.9703 1216.89 414.637 670149 31.3957
-94.9688 1218.53 414.594 670149 31.3957
-93.9673 1220.17 414.552 670149 31.8114
-92.954 1221.8 414.506 670149 32.4299
-91.9232 1223.43 414.455 670149 32.4313
-90.8952 1225.04 414.403 670149 32.4313
-89.8672 1226.66 414.351 670149 32.4313
-88.8392 1228.28 414.3 670149 32.4313
-87.8112 1229.9 414.248 670149 32.4313
-86.7832 1231.52 414.197 670149 32.4313
-85.7552 1233.13 414.145 670149 32.4621
-84.7356 1234.74 414.094 670149 32.4621
-83.716 1236.34 414.043 670149 32.4621
-82.6964 1237.94 413.992 670149 32.4621
-81.6768 1239.54 413.94 670149 32.4621
-80.6572 1241.15 413.889 670149 32.4621
-79.6376 1242.75 413.838 670149 32.7219
-78.6254 1244.33 413.785 670149 33.4653
-77.5929 1245.89 413.727 670149 33.4653
-76.5604 1247.45 413.668 670149 33.4653
-75.5279 1249.01 413.61 670149 33.4653
-74.4954 1250.57 413.551 670149 33.4653
-73.4629 1252.14 413.493 670149 33.4378
-72.4455 1253.68 413.435 670149 33.4378
-71.428 1255.22 413.378 670149 33.4378
-70.4105 1256.76 413.32 670149 33.4378
-69.393 1258.3 413.262 670149 33.4378
-68.3756 1259.84 413.205 670149 33.4378
-67.3581 1261.38 413.147 670149 33.4681
-66.3469 1262.91 413.09 670149 33.4681
-65.3358 1264.44 413.032 670149 33.4681
-64.3246 1265.97 412.975 670149 34.2189
-63.2937 1267.48 412.913 670149 34.5065
-62.2551 1269 412.849 670149 34.5065
-61.2165 1270.51 412.785 670149 34.5073
-60.187 1272 412.722 670149 34.5073
-59.1575 1273.5 412.658 670149 34.5073
-58.1279 1275 412.595 670149 34.5073
-57.0984 1276.5 412.532 670149 34.5073
-56.0688 1277.99 412.468 670149 34.5073
-55.0393 1279.49 412.405 670149 34.5029
-54.017 1280.98 412.342 670149 34.5029
-52.9947 1282.47 412.279 670149 34.5029
-51.9724 1283.95 412.216 670149 34.5029
-50.9501 1285.44 412.153 670149 34.5029
-49.9278 1286.93 412.09 670149 34.5029
-48.9055 1288.42 412.027 670149 35.3541
-47.855 1289.9 411.96 670149 35.5291
-46.8 1291.37 411.891 670149 35.5291
-45.7449 1292.85 411.822 670149 35.5291
-44.6899 1294.33 411.754 670149 35.5291
-43.6349 1295.81 411.685 670149 35.5291
-42.5798 1297.28 411.616 670149 35.6882
-41.5032 1298.78 411.547 670149 35.6882
-40.4266 1300.28 411.477 670149 35.6882
-39.3499 1301.78 411.407 670149 35.6882
-38.2733 1303.28 411.337 670149 35.6882
-37.1967 1304.78 411.267 670149 35.6882
-36.1201 1306.28 411.198 670149 35.6588
-35.0238 1307.81 411.127 670149 35.6588
-33.9276 1309.33 411.056 670149 35.7756
-32.8283 1310.86 410.984 670149 36.6986
-31.7046 1312.37 410.909 670149 36.6986
-30.5809 1313.87 410.833 670149 36.6986
-29.4572 1315.38 410.758 670149 36.6986
-28.3268 1316.9 410.682 670149 36.6986
-27.1964 1318.42 410.606 670149 36.6986
-26.0659 1319.93 410.531 670149 36.6986
-24.9355 1321.45 410.455 670149 36.6986
-23.805 1322.97 410.379 670149 36.6986
-22.6746 1324.48 410.303 670149 36.6969
-21.5452 1326 410.228 670149 36.6969
-20.4158 1327.51 410.152 670149 36.6969
-19.2864 1329.03 410.076 670149 36.6969
-18.157 1330.54 410.001 670149 36.6969
-17.0276 1332.06 409.925 670149 37.4567
-15.8783 1333.56 409.847 670149 37.738
-14.7163 1335.06 409.768 670149 37.738
-13.5543 1336.56 409.689 670149 37.738
-12.3923 1338.06 409.61 670149 37.738
-11.2304 1339.56 409.531 670149 37.738
-10.0684 1341.07 409.452 670149 37.738
-8.90642 1342.57 409.373 670149 37.738
-7.73976 1344.07 409.294 670149 37.738
-6.5731 1345.58 409.214 670149 37.738
-5.40645 1347.09 409.135 670149 37.738
-4.23979 1348.6 409.056 670149 37.738
-3.07313 1350.1 408.976 670149 37.738
-1.90647 1351.61 408.897 670149 37.7363
-0.732726 1353.13 408.817 670149 38.3799
0.45538 1354.63 408.723 680149 38.5507
1.65157 1356.13 408.653 680149 38.6319
2.85337 1357.63 408.574 690149 38.7958
4.0555 1359.13 408.499 690149 38.7958
5.25762 1360.62 408.424 690149 38.7679
6.46944 1362.13 408.349 690149 38.7679
7.68126 1363.64 408.273 690149 38.7679
8.89307 1365.15 408.197 690149 38.7679
10.1049 1366.66 408.122 690149 38.7679
11.3167 1368.17 408.046 690149 38.7679
12.5285 1369.68 407.97 690149 38.8089
13.7575 1371.21 407.894 690149 38.8089
14.9865 1372.73 407.817 690149 38.8089
16.2155 1374.26 407.741 690149 38.8089
17.4444 1375.79 407.664 690149 38.8089
18.6734 1377.32 407.587 690149 39.42
19.9185 1378.83 407.511 690149 40.0566
21.1957 1380.35 407.433 690149 40.0566
22.4729 1381.87 407.355 690149 40.0566
23.75 1383.39 407.278 690149 40.0566
25.0272 1384.91 407.2 690149 40.0566
26.3044 1386.43 407.122 690149 40.0566
27.5815 1387.95 407.044 690149 40.0471
28.867 1389.48 406.966 690149 40.0471
30.1525 1391.01 406.888 690149 40.0471
31.438 1392.53 406.81 690149 40.0471
32.7235 1394.06 406.732 690149 40.0471
34.0089 1395.59 406.653 690149 40.0471
35.2944 1397.12 406.575 690149 39.2487
36.5583 1398.67 406.497 690149 40.197
37.8472 1400.2 406.419 690149 40.3005
39.139 1401.72 406.34 690149 40.3005
40.4307 1403.24 406.262 690149 40.3005
41.7225 1404.76 406.184 690149 40.3005
43.0143 1406.29 406.106 690149 40.3005
0 16 0 0 40.3005
0 16 0 0 40.3005
0 16 0 0 40.3005
0 16 0 0 40.3005
0 16 0 0 40.3005
0 16 0 0 40.3005
0 16 0 0 40.3005
0 16 0 0 40.3005
0 16 0 0 40.3005
0 16 0 0 40.3005
0 16 0 0 40.3005
0 16 0 0 40.3005
0 16 0 0 40.3005
0 16 0 0 40.3005
0 16 0 0 40.3005
0 16 0 0 40.3005
0 16 0 0 40.3005
0 16 0 0 40.3005
0 16 0 0 40.3005
0 16 0 0 40.3005
0 16 0 0 40.3005
0 16 0 0 40.3005
0 16 0 0 40.3005
0 16 0 0 40.3005
0 16 0 0 40.3005
0 16 0 0 40.3005
0 16 0 0 40.3005
0 16 0 0 40.3005
0 16 0 0 40.3005
0 16 0 0 40.3005
0 16 0 0 40.3005
0 16 0 0 40.3005
0 16 0 0 40.3005
0 16 0 0 40.3005
0 16 0 0 40.3005
0 16 0 0 0
