-156.811 -1403.26 402.352 0 3.6568
-156.726 -1401.92 402.389 0 3.6568
-156.641 -1400.59 402.426 0 3.6568
-156.556 -1399.26 402.463 0 3.6568
-156.47 -1397.92 402.5 0 3.6568
-156.385 -1396.59 402.537 0 3.6568
-156.3 -1395.25 402.574 0 3.6568
-156.214 -1393.92 402.611 0 3.6568
-156.129 -1392.59 402.648 0 3.6568
-156.044 -1391.25 402.685 0 3.6568
-155.959 -1389.92 402.722 0 3.6568
-155.873 -1388.58 402.759 0 3.6568
-155.788 -1387.25 402.796 0 3.02881
-155.718 -1385.92 402.83 0 2.83916
-155.651 -1384.58 402.864 0 2.83916
-155.585 -1383.25 402.899 0 2.83916
-155.519 -1381.91 402.933 0 2.83916
-155.453 -1380.58 402.967 0 2.83916
-155.387 -1379.24 403.001 0 2.83676
-155.32 -1377.91 403.035 0 2.83676
-155.254 -1376.57 403.069 0 2.83676
-155.188 -1375.24 403.103 0 2.83676
-155.122 -1373.9 403.137 0 2.83676
-155.056 -1372.57 403.171 0 2.83676
-154.99 -1371.23 403.205 0 2.83916
-154.923 -1369.9 403.239 0 2.83916
-154.857 -1368.56 403.273 0 2.83916
-154.791 -1367.23 403.307 0 2.83915
-154.725 -1365.89 403.341 0 2.39496
-154.669 -1364.56 403.374 0 2.01365
-154.622 -1363.22 403.405 0 2.01365
-154.575 -1361.88 403.436 0 2.01365
-154.528 -1360.55 403.467 0 2.01365
-154.481 -1359.21 403.499 0 2.01365
-154.434 -1357.88 403.53 0 2.01365
-154.387 -1356.54 403.561 0 2.01365
-154.34 -1355.2 403.592 0 2.01365
-154.293 -1353.87 403.623 0 2.01365
-154.246 -1352.53 403.654 0 2.01365
-154.199 -1351.2 403.686 0 2.01365
-154.152 -1349.86 403.717 0 2.01365
-154.105 -1348.52 403.748 0 2.01365
-154.058 -1347.19 403.779 0 2.01127
-154.011 -1345.85 403.81 0 2.01127
-153.964 -1344.52 403.841 0 1.77082
-153.923 -1343.18 403.872 0 1.17833
-153.896 -1341.84 403.9 0 1.17833
-153.868 -1340.51 403.928 0 1.17833
-153.841 -1339.17 403.957 0 1.18309
-153.813 -1337.83 403.985 0 1.18309
-153.786 -1336.5 404.013 0 1.18309
-153.758 -1335.16 404.042 0 1.18309
-153.73 -1333.82 404.07 0 1.18309
-153.703 -1332.49 404.098 0 1.18309
-153.675 -1331.15 404.127 0 1.17833
-153.648 -1329.81 404.155 0 1.17833
-153.62 -1328.48 404.183 0 1.17833
-153.593 -1327.14 404.212 0 1.17833
-153.565 -1325.8 404.24 0 1.17833
-153.538 -1324.47 404.268 0 1.17833
-153.51 -1323.13 404.297 0 1.16843
-153.483 -1321.79 404.325 0 0.340749
-153.475 -1320.46 404.35 0 0.340749
-153.467 -1319.12 404.376 0 0.340748
-153.459 -1317.78 404.401 0 0.340748
-153.451 -1316.45 404.427 0 0.340748
-153.443 -1315.11 404.452 0 0.340748
-153.435 -1313.77 404.478 0 0.340748
-153.427 -1312.44 404.503 0 0.340748
-153.419 -1311.1 404.529 0 0.340748
-153.411 -1309.76 404.554 0 0.340748
-153.403 -1308.43 404.58 0 0.340748
-153.395 -1307.09 404.605 0 0.340747
-153.387 -1305.75 404.631 0 0.340747
-153.38 -1304.41 404.656 0 0.340747
-153.372 -1303.08 404.682 0 0.340747
-153.364 -1301.74 404.707 0 0.340747
-153.356 -1300.4 404.733 0 -0.674491
-153.371 -1299.06 404.752 0 -0.535284
-153.384 -1297.73 404.774 0 -0.535284
-153.396 -1296.39 404.795 0 -0.535284
-153.409 -1295.05 404.816 0 -0.535284
-153.421 -1293.71 404.837 0 -0.535284
-153.434 -1292.38 404.858 0 -0.535284
-153.446 -1291.04 404.88 0 -0.535285
-153.459 -1289.7 404.901 0 -0.535285
-153.471 -1288.37 404.922 0 -0.535285
-153.484 -1287.03 404.943 0 -0.535285
-153.496 -1285.69 404.964 0 -0.535285
-153.509 -1284.36 404.986 0 -0.535285
-153.521 -1283.02 405.007 0 -0.537666
-153.534 -1281.68 405.028 0 -0.537666
-153.546 -1280.34 405.049 0 -0.537666
-153.559 -1279.01 405.07 0 -0.537666
-153.572 -1277.67 405.092 0 -0.782503
-153.59 -1276.33 405.112 0 -1.42635
-153.623 -1275 405.131 0 -1.42159
-153.656 -1273.66 405.151 0 -1.42159
-153.689 -1272.32 405.17 0 -1.42159
-153.723 -1270.99 405.189 0 -1.42159
-153.756 -1269.65 405.208 0 -1.42159
-153.789 -1268.31 405.228 0 -1.42159
-153.822 -1266.98 405.247 0 -1.42635
-153.855 -1265.64 405.266 0 -1.42635
-153.889 -1264.3 405.285 0 -1.42635
-153.922 -1262.97 405.305 0 -1.42635
-153.955 -1261.63 405.324 0 -1.42635
-153.989 -1260.29 405.343 0 -1.42635
-154.022 -1258.96 405.362 0 -1.42397
-154.055 -1257.62 405.382 0 -1.42397
-154.088 -1256.28 405.401 0 -1.42397
-154.121 -1254.95 405.42 0 -1.42397
-154.155 -1253.61 405.439 0 -1.43039
-154.188 -1252.27 405.459 0 -2.32734
-154.242 -1250.94 405.476 0 -2.32732
-154.297 -1249.6 405.494 0 -2.32732
-154.351 -1248.27 405.512 0 -2.32732
-154.405 -1246.93 405.53 0 -2.32732
-154.46 -1245.59 405.547 0 -2.32732
-154.514 -1244.26 405.565 0 -2.32732
-154.568 -1242.92 405.583 0 -2.3274
-154.622 -1241.59 405.601 0 -2.3274
-154.677 -1240.25 405.619 0 -2.3274
-154.731 -1238.92 405.636 0 -2.3274
-154.785 -1237.58 405.654 0 -2.3274
-154.839 -1236.25 405.672 0 -2.3274
-154.894 -1234.91 405.69 0 -2.32994
-154.948 -1233.58 405.707 0 -2.32994
-155.002 -1232.25 405.725 0 -2.32994
-155.056 -1230.92 405.743 0 -2.32994
-155.11 -1229.59 405.76 0 -2.32994
-155.165 -1228.26 405.778 0 -2.9785
-155.234 -1226.93 405.795 0 -3.24492
-155.309 -1225.59 405.812 0 -3.24492
-155.385 -1224.26 405.829 0 -3.24492
-155.461 -1222.92 405.845 0 -3.24492
-155.536 -1221.59 405.862 0 -3.24492
-155.612 -1220.25 405.879 0 -3.24492
-155.688 -1218.92 405.896 0 -3.2844
-155.765 -1217.57 405.913 0 -3.2844
-155.842 -1216.22 405.93 0 -3.2844
-155.92 -1214.88 405.946 0 -3.2844
-155.997 -1213.53 405.963 0 -3.2844
-156.074 -1212.18 405.98 0 -3.2844
-156.152 -1210.83 405.997 0 -3.24781
-156.23 -1209.46 406.015 0 -3.24781
-156.308 -1208.08 406.032 0 -3.24781
-156.386 -1206.71 406.049 0 -3.24781
-156.464 -1205.34 406.066 0 -3.24781
-156.542 -1203.96 406.084 0 -3.83211
-156.634 -1202.59 406.101 0 -4.17983
-156.736 -1201.18 406.118 0 -4.17983
-156.839 -1199.78 406.135 0 -4.17983
-156.942 -1198.37 406.152 0 -4.17983
-157.045 -1196.97 406.169 0 -4.17983
-157.147 -1195.56 406.186 0 -4.17983
-157.25 -1194.15 406.203 0 -4.17632
-157.355 -1192.72 406.221 0 -4.17632
-157.46 -1191.29 406.238 0 -4.17632
-157.564 -1189.85 406.256 0 -4.17632
-157.669 -1188.42 406.273 0 -4.17632
-157.774 -1186.98 406.291 0 -4.17632
-157.879 -1185.55 406.308 0 -4.18377
-157.986 -1184.08 406.326 0 -4.18377
-158.093 -1182.62 406.344 0 -4.18377
-158.2 -1181.15 406.362 0 -4.18377
-158.307 -1179.69 406.379 0 -4.70721
-158.428 -1178.22 406.397 0 -5.12806
-158.559 -1176.76 406.415 0 -5.09496
-158.692 -1175.27 406.433 0 -5.09496
-158.824 -1173.78 406.451 0 -5.09496
-158.957 -1172.3 406.469 0 -5.09496
-159.09 -1170.81 406.487 0 -5.09496
-159.222 -1169.32 406.505 0 -5.09496
-159.355 -1167.83 406.523 460148 -5.14331
-159.49 -1166.33 406.542 460148 -5.14331
-159.625 -1164.83 406.56 460148 -5.14332
-159.76 -1163.33 406.578 460148 -5.14332
-159.895 -1161.83 406.596 460148 -5.14332
-160.03 -1160.33 406.615 460148 -5.14332
-160.165 -1158.83 406.633 0 -5.08848
-160.298 -1157.34 406.651 0 -5.08848
-160.431 -1155.85 406.669 0 -5.25933
-160.568 -1154.35 406.687 0 -6.04523
-160.726 -1152.86 406.706 0 -6.04523
-160.884 -1151.37 406.724 0 -6.04523
-161.042 -1149.88 406.743 0 -5.9982
-161.196 -1148.41 406.761 0 -5.9982
-161.35 -1146.95 406.78 0 -5.9982
-161.504 -1145.48 406.798 0 -5.9982
-161.658 -1144.02 406.816 0 -5.9982
-161.812 -1142.55 406.834 0 -5.9982
-161.966 -1141.09 406.853 0 -5.99119
-162.117 -1139.65 406.871 0 -5.99119
-162.268 -1138.21 406.889 0 -5.99119
-162.418 -1136.78 406.906 0 -5.99119
-162.569 -1135.34 406.924 0 -5.99119
-162.72 -1133.9 406.942 0 -5.99119
-162.871 -1132.47 406.96 0 -5.94159
-163.018 -1131.05 406.978 0 -6.32986
-163.175 -1129.64 406.996 0 -6.91015
-163.346 -1128.22 407.014 0 -6.91015
-163.517 -1126.81 407.033 0 -6.91015
-163.689 -1125.4 407.052 0 -6.91015
-163.86 -1123.98 407.07 0 -6.85318
-164.028 -1122.58 407.089 0 -6.85318
-164.197 -1121.18 407.107 0 -6.85318
-164.365 -1119.78 407.125 0 -6.85318
-164.534 -1118.38 407.144 0 -6.85318
-164.702 -1116.98 407.162 0 -6.85318
-164.871 -1115.57 407.181 0 -6.86428
-165.039 -1114.17 407.199 0 -6.86428
-165.208 -1112.77 407.218 0 -6.86428
-165.376 -1111.37 407.236 0 -6.86428
-165.545 -1109.97 407.254 0 -6.86428
-165.713 -1108.58 407.273 0 -6.86428
-165.882 -1107.18 407.291 0 -6.87506
-166.051 -1105.77 407.31 0 -7.84868
-166.244 -1104.37 407.329 0 -7.84868
-166.437 -1102.97 407.349 0 -7.84868
-166.63 -1101.57 407.369 0 -7.84868
-166.823 -1100.18 407.389 0 -7.84868
-167.015 -1098.78 407.409 0 -7.84429
-167.208 -1097.38 407.429 0 -7.84429
-167.401 -1095.97 407.449 0 -7.84429
-167.594 -1094.57 407.468 0 -7.84429
-167.787 -1093.17 407.488 0 -7.84429
-167.98 -1091.77 407.508 0 -7.84429
-168.173 -1090.37 407.528 0 -7.84663
-168.366 -1088.97 407.548 0 -7.84663
-168.56 -1087.57 407.568 0 -7.84663
-168.753 -1086.17 407.588 0 -7.84663
-168.946 -1084.77 407.608 0 -7.84663
-169.139 -1083.36 407.627 0 -7.84663
-169.332 -1081.96 407.647 0 -8.35327
-169.537 -1080.56 407.668 0 -8.78003
-169.753 -1079.17 407.69 0 -8.78003
-169.968 -1077.77 407.712 0 -8.78004
-170.184 -1076.38 407.733 0 -8.78004
-170.399 -1074.98 407.755 0 -8.78004
-170.615 -1073.59 407.777 0 -8.98534
-170.834 -1072.2 407.798 0 -8.98534
-171.054 -1070.81 407.82 0 -8.98534
-171.273 -1069.43 407.842 0 -8.98534
-171.492 -1068.04 407.863 0 -8.98534
-171.712 -1066.65 407.885 0 -8.98534
-171.931 -1065.26 407.907 0 -8.95588
-172.15 -1063.88 407.928 0 -8.95588
-172.368 -1062.49 407.95 0 -8.95588
-172.586 -1061.11 407.971 0 -8.95588
-172.805 -1059.72 407.993 0 -8.95588
-173.023 -1058.33 408.014 0 -8.95588
-173.242 -1056.95 408.036 0 -4.30198
-173.34 -1055.64 408.056 0 -7.28017
-173.52 -1054.23 408.095 470148 -9.77784
-173.783 -1052.7 408.109 0 -9.89997
-174.027 -1051.31 408.125 0 -9.89997
-174.27 -1049.92 408.141 0 -9.89997
-174.513 -1048.52 408.157 0 -9.96772
-174.763 -1047.1 408.173 0 -9.96772
-175.013 -1045.68 408.189 0 -9.96772
-175.263 -1044.26 408.206 0 -9.96772
-175.513 -1042.84 408.222 0 -9.96772
-175.763 -1041.41 408.238 0 -10.2161
-176.019 -1039.99 408.255 0 -10.1833
-176.279 -1038.54 408.271 0 -10.1833
-176.539 -1037.1 408.288 0 -10.1833
-176.799 -1035.65 408.305 0 -10.1833
-177.059 -1034.2 408.321 0 -10.1833
-177.32 -1032.75 408.338 0 -10.1833
-177.58 -1031.3 408.355 0 -10.3562
-177.848 -1029.83 408.372 0 -10.4158
-178.117 -1028.37 408.389 0 -10.5731
-178.391 -1026.9 408.406 0 -10.5731
-178.664 -1025.44 408.423 0 -10.5731
-178.938 -1023.97 408.44 0 -10.5731
-179.211 -1022.51 408.457 0 -10.6834
-179.489 -1021.03 408.474 0 -10.6834
-179.767 -1019.56 408.492 0 -10.6834
-180.045 -1018.09 408.509 0 -10.6834
-180.323 -1016.62 408.526 0 -10.8103
-180.604 -1015.14 408.543 0 -10.8652
-180.886 -1013.67 408.561 480148 -10.6721
-181.165 -1012.2 408.578 480148 -10.6721
-181.443 -1010.72 408.596 480148 -10.6721
-181.721 -1009.24 408.613 480148 -10.6721
-181.999 -1007.77 408.631 480148 -10.6721
-182.278 -1006.29 408.648 480148 -10.6721
-182.556 -1004.81 408.666 480148 -10.7447
-182.836 -1003.34 408.684 480148 -10.8674
-183.119 -1001.86 408.701 480148 -10.8674
-183.402 -1000.39 408.719 480148 -10.8674
-183.686 -998.911 408.737 480148 -10.8674
-183.969 -997.436 408.755 480148 -10.8674
-184.252 -995.96 408.773 480148 -10.8674
-184.535 -994.487 408.79 480148 -10.8674
-184.818 -993.013 408.808 480148 -10.8674
-185.101 -991.539 408.826 480148 -10.9376
-185.386 -990.065 408.844 480148 -10.9788
-185.672 -988.592 408.862 480148 -10.9788
-185.957 -987.118 408.88 480148 -10.9788
-186.243 -985.645 408.898 480148 -10.9788
-186.529 -984.171 408.917 480148 -10.9788
-186.815 -982.698 408.935 480148 -10.9788
-187.101 -981.225 408.953 480148 -10.9788
-187.387 -979.751 408.971 480148 -10.986
-187.673 -978.278 408.989 480148 -11.0551
-187.96 -976.805 409.008 480148 -11.0551
-188.248 -975.332 409.026 480148 -11.0551
-188.536 -973.859 409.045 480148 -11.0551
-188.824 -972.386 409.063 480148 -11.0551
-189.112 -970.913 409.082 480148 -11.0551
-189.399 -969.44 409.101 480148 -11.0551
-189.688 -967.963 409.119 480148 -11.0551
-189.976 -966.487 409.138 480148 -11.0785
-190.265 -965.01 409.157 480148 -11.0963
-190.555 -963.534 409.176 480148 -11.0963
-190.845 -962.057 409.195 480148 -11.0963
-191.134 -960.581 409.214 0 -11.0983
-191.422 -959.112 409.233 0 -11.0983
-191.711 -957.642 409.252 0 -11.0983
-191.999 -956.173 409.271 0 -11.0983
-192.287 -954.703 409.29 0 -11.0985
-192.575 -953.234 409.309 0 -11.1043
-192.864 -951.764 409.328 0 -11.1019
-193.149 -950.31 409.347 0 -11.1019
-193.435 -948.855 409.367 0 -11.1019
-193.72 -947.401 409.386 0 -11.1019
-194.005 -945.946 409.405 0 -11.1019
-194.291 -944.492 409.425 0 -11.1019
-194.576 -943.037 409.444 0 -11.0846
-194.86 -941.589 409.463 0 -11.0728
-195.144 -940.14 409.483 0 -11.0554
-195.427 -938.691 409.502 0 -11.0554
-195.71 -937.243 409.522 0 -11.0554
-195.993 -935.794 409.542 0 -11.0554
-196.276 -934.345 409.562 0 -11.0169
-196.559 -932.891 409.581 0 -11.0169
-196.842 -931.437 409.601 0 -11.0169
-197.125 -929.982 409.621 0 -11.0169
-197.408 -928.528 409.641 0 -10.9707
-197.69 -927.077 409.667 0 -10.9671
-197.971 -925.624 409.693 0 -10.9659
-198.256 -924.154 409.719 0 -10.9659
-198.541 -922.683 409.745 0 -10.9659
-198.826 -921.213 409.77 0 -10.9659
-199.111 -919.743 409.796 0 -10.9659
-199.395 -918.273 409.822 0 -10.9659
-199.68 -916.803 409.848 490148 -10.9685
-199.967 -915.322 409.874 490148 -10.9685
-200.254 -913.842 409.9 490148 -10.9685
-200.541 -912.361 409.927 490148 -10.9729
-200.828 -910.881 409.954 490148 -10.9831
-201.116 -909.4 409.984 490148 -10.9831
-201.403 -907.92 410.015 490148 -10.9805
-201.689 -906.447 410.045 490148 -10.9805
-201.974 -904.975 410.076 490148 -10.9805
-202.26 -903.502 410.106 490148 -10.9805
-202.546 -902.03 410.136 490148 -10.9805
-202.831 -900.557 410.167 490148 -10.9805
-203.117 -899.084 410.197 0 -10.9495
-203.399 -897.629 410.227 0 -10.9495
-203.68 -896.174 410.257 0 -10.9495
-203.962 -894.719 410.287 0 -10.9557
-204.243 -893.264 410.319 0 -10.9623
-204.525 -891.809 410.354 0 -10.9623
-204.807 -890.354 410.388 0 -11.0281
-205.085 -888.925 410.422 0 -11.0281
-205.364 -887.496 410.456 0 -11.0281
-205.643 -886.067 410.49 0 -11.0281
-205.921 -884.638 410.524 0 -11.0281
-206.2 -883.209 410.558 0 -11.0281
-206.478 -881.78 410.592 0 -10.9969
-206.753 -880.363 410.625 0 -10.9969
-207.029 -878.946 410.659 0 -10.9969
-207.304 -877.529 410.693 0 -11.0009
-207.58 -876.112 410.728 0 -11.0081
-207.855 -874.695 410.766 0 -11.0081
-208.131 -873.278 410.804 0 -11.0393
-208.41 -871.849 410.843 0 -11.0393
-208.688 -870.42 410.881 0 -11.0393
-208.967 -868.991 410.92 0 -11.0393
-209.246 -867.562 410.958 0 -11.0393
-209.525 -866.133 410.997 0 -11.0393
-209.804 -864.704 411.035 0 -10.9713
-210.085 -863.251 411.075 0 -10.9713
-210.367 -861.797 411.114 0 -10.9713
-210.649 -860.343 411.153 0 -10.9738
-210.931 -858.889 411.193 0 -10.9808
-211.213 -857.436 411.237 0 -10.9808
-211.495 -855.982 411.281 490148 -11.0142
-211.782 -854.509 411.326 490148 -11.0142
-212.069 -853.036 411.371 490148 -11.0142
-212.355 -851.562 411.415 490148 -11.0142
-212.642 -850.089 411.46 490148 -11.0142
-212.929 -848.615 411.505 490148 -11.0142
-213.216 -847.142 411.549 490148 -11.0167
-213.504 -845.662 411.594 490148 -11.0167
-213.792 -844.181 411.639 490148 -11.0167
-214.08 -842.7 411.684 490148 -11.0204
-214.369 -841.22 411.731 490148 -11.0245
-214.657 -839.74 411.781 490148 -11.0245
-214.945 -838.259 411.831 490148 -10.9461
-215.231 -836.782 411.881 490148 -10.9461
-215.517 -835.304 411.931 490148 -10.9461
-215.803 -833.827 411.98 490148 -10.9461
-216.088 -832.349 412.03 490148 -10.9461
-216.374 -830.872 412.08 490148 -10.9461
-216.66 -829.394 412.13 0 -11.1519
-216.947 -827.936 412.179 0 -11.1519
-217.235 -826.477 412.228 0 -11.1519
-217.522 -825.019 412.278 0 -11.1562
-217.81 -823.561 412.331 0 -11.1581
-218.098 -822.102 412.385 0 -11.1581
-218.385 -820.644 412.44 0 -11.3679
-218.671 -819.223 412.493 0 -11.3679
-218.957 -817.802 412.546 0 -11.3679
-219.242 -816.381 412.599 0 -11.3679
-219.528 -814.96 412.652 0 -11.3679
-219.814 -813.539 412.705 0 -11.3679
-220.099 -812.118 412.758 0 -11.5334
-220.381 -810.737 412.81 0 -11.5334
-220.663 -809.356 412.861 0 -11.5334
-220.945 -807.976 412.913 0 -11.5356
-221.227 -806.595 412.967 0 -11.538
-221.509 -805.214 413.024 0 -11.538
-221.79 -803.833 413.081 0 -11.4805
-222.067 -802.474 413.136 0 -11.4805
-222.343 -801.115 413.192 0 -11.4805
-222.619 -799.756 413.248 0 -11.4805
-222.895 -798.396 413.304 0 -11.4805
-223.171 -797.037 413.36 0 -11.4805
-223.447 -795.678 413.416 0 -11.134
-223.714 -794.32 413.471 0 -11.134
-223.981 -792.962 413.527 0 -11.134
-224.248 -791.605 413.583 0 -11.134
-224.516 -790.247 413.638 0 -11.1362
-224.783 -788.889 413.698 0 -11.1369
-225.05 -787.531 413.759 0 -10.8597
-225.312 -786.166 413.82 0 -10.8597
-225.574 -784.801 413.881 0 -10.8597
-225.836 -783.436 413.943 0 -10.8597
-226.098 -782.071 414.004 0 -10.8597
-226.36 -780.706 414.065 0 -10.8597
-226.621 -779.341 414.126 0 -10.9722
-226.887 -777.974 414.187 0 -10.9722
-227.152 -776.606 414.249 0 -10.9722
-227.417 -775.239 414.31 0 -10.9722
-227.682 -773.872 414.371 0 -10.9722
-227.947 -772.505 414.433 0 -10.9733
-228.212 -771.138 414.499 0 -11.0716
-228.479 -769.772 414.566 0 -11.0716
-228.746 -768.406 414.633 0 -11.0716
-229.014 -767.04 414.699 0 -11.0716
-229.281 -765.674 414.766 0 -11.0716
-229.548 -764.309 414.832 0 -11.0716
-229.815 -762.943 414.899 0 -11.1219
-230.084 -761.578 414.966 0 -11.1219
-230.352 -760.213 415.032 0 -11.1219
-230.62 -758.849 415.099 0 -11.1219
-230.889 -757.484 415.165 0 -11.1219
-231.157 -756.12 415.232 0 -11.2055
-231.429 -754.745 415.297 0 -11.2147
-231.699 -753.385 415.362 0 -11.2147
-231.968 -752.025 415.427 0 -11.2147
-232.238 -750.665 415.493 0 -11.2147
-232.508 -749.306 415.558 0 -11.2147
-232.777 -747.946 415.624 0 -11.2147
-233.047 -746.586 415.689 0 -11.2193
-233.316 -745.227 415.754 0 -11.2193
-233.586 -743.868 415.82 0 -11.2193
-233.855 -742.509 415.885 0 -11.2193
-234.125 -741.151 415.95 0 -11.2193
-234.395 -739.792 416.016 0 -11.2193
-234.664 -738.433 416.081 0 -11.217
-234.934 -737.074 416.146 0 -11.202
-235.203 -735.715 416.212 0 -11.1197
-235.47 -734.355 416.281 0 -11.1197
-235.737 -732.996 416.349 0 -11.1197
-236.004 -731.636 416.417 0 -11.1197
-236.272 -730.277 416.486 0 -11.122
-236.539 -728.917 416.554 0 -11.122
-236.806 -727.558 416.622 0 -11.122
-237.073 -726.198 416.691 0 -11.122
-237.341 -724.839 416.759 0 -11.122
-237.608 -723.479 416.828 0 -11.122
-237.875 -722.12 416.896 0 -11.1197
-238.142 -720.76 416.964 0 -11.1197
-238.41 -719.4 417.033 0 -11.1197
-238.677 -718.04 417.101 0 -11.1197
-238.944 -716.68 417.169 0 -11.0264
-239.209 -715.32 417.239 0 -10.965
-239.473 -713.96 417.309 0 -10.965
-239.736 -712.599 417.38 0 -10.965
-240 -711.239 417.45 0 -10.965
-240.264 -709.879 417.52 0 -10.965
-240.527 -708.518 417.59 0 -10.965
-240.791 -707.158 417.661 0 -10.965
-241.054 -705.797 417.731 0 -10.965
-241.318 -704.437 417.801 0 -10.965
-241.581 -703.077 417.872 0 -10.965
-241.845 -701.717 417.942 0 -10.965
-242.108 -700.357 418.012 0 -10.965
-242.372 -698.997 418.082 0 -10.965
-242.635 -697.637 418.153 0 -10.9554
-242.899 -696.277 418.223 0 -10.7554
-243.157 -694.916 418.294 0 -10.7554
-243.416 -693.555 418.365 0 -10.7554
-243.674 -692.193 418.437 0 -10.7554
-243.933 -690.832 418.508 0 -10.7554
-244.191 -689.471 418.579 0 -10.7531
-244.45 -688.11 418.65 0 -10.7531
-244.708 -686.749 418.721 0 -10.7531
-244.967 -685.387 418.792 0 -10.7531
-245.226 -684.026 418.863 0 -10.7531
-245.484 -682.665 418.935 0 -10.7531
-245.743 -681.303 419.006 0 -10.7531
-246.001 -679.942 419.077 0 -10.7531
-246.26 -678.581 419.148 0 -10.7531
-246.518 -677.22 419.219 0 -10.6149
-246.773 -675.859 419.29 0 -10.4838
-247.025 -674.496 419.361 0 -10.4838
-247.277 -673.134 419.432 0 -10.4838
-247.529 -671.772 419.503 0 -10.4838
-247.782 -670.409 419.574 0 -10.4838
-248.034 -669.047 419.645 0 -10.4838
-248.286 -667.684 419.716 0 -10.4838
-248.538 -666.321 419.787 0 -10.4838
-248.79 -664.959 419.858 0 -10.4861
-249.042 -663.597 419.929 0 -10.4861
-249.294 -662.234 420 0 -10.4861
-249.547 -660.872 420.071 0 -10.4861
-249.799 -659.51 420.142 0 -10.4861
-250.051 -658.148 420.212 0 -10.4861
-250.303 -656.786 420.283 0 -10.1657
-250.548 -655.422 420.353 0 -10.1573
-250.792 -654.057 420.423 0 -10.1573
-251.036 -652.693 420.492 0 -10.1573
-251.281 -651.329 420.562 0 -10.1573
-251.525 -649.965 420.632 0 -10.1573
-251.769 -648.601 420.701 0 -10.1573
-252.014 -647.238 420.771 0 -10.1573
-252.258 -645.874 420.841 0 -10.1573
-252.502 -644.51 420.91 0 -10.1573
-252.747 -643.147 420.98 0 -10.1573
-252.991 -641.783 421.05 0 -10.1573
-253.235 -640.419 421.119 0 -10.1573
-253.48 -639.055 421.189 0 -10.1573
-253.724 -637.691 421.259 0 -9.98835
-253.964 -636.326 421.327 0 -9.77353
-254.2 -634.961 421.394 0 -9.77353
-254.435 -633.595 421.462 0 -9.77353
-254.67 -632.229 421.529 0 -9.77582
-254.905 -630.864 421.596 0 -9.77582
-255.141 -629.498 421.664 0 -9.77582
-255.376 -628.133 421.731 0 -9.77582
-255.611 -626.767 421.798 0 -9.77582
-255.847 -625.402 421.865 0 -9.77582
-256.082 -624.036 421.933 0 -9.77352
-256.317 -622.671 422 0 -9.77352
-256.552 -621.306 422.067 0 -9.77352
-256.787 -619.94 422.134 0 -9.77352
-257.023 -618.575 422.202 0 -9.77352
-257.258 -617.209 422.269 0 -9.37275
-257.483 -615.842 422.333 0 -9.33263
-257.708 -614.475 422.397 0 -9.33263
-257.933 -613.107 422.461 0 -9.33263
-258.158 -611.739 422.525 0 -9.33263
-258.382 -610.371 422.589 0 -9.33263
-258.607 -609.004 422.652 0 -9.33263
-258.832 -607.636 422.716 0 -9.33263
-259.057 -606.268 422.78 0 -9.33263
-259.282 -604.901 422.844 0 -9.33263
-259.506 -603.533 422.908 0 -9.33263
-259.731 -602.165 422.972 0 -9.33263
-259.956 -600.798 423.036 0 -9.33263
-260.181 -599.43 423.099 0 -9.33492
-260.405 -598.063 423.163 0 -9.14405
-260.626 -596.695 423.225 0 -8.83701
-260.839 -595.325 423.285 0 -8.83701
-261.051 -593.956 423.344 0 -8.83701
-261.264 -592.586 423.403 0 -8.83701
-261.477 -591.217 423.463 0 -8.83469
-261.69 -589.849 423.522 0 -8.83469
-261.902 -588.481 423.581 0 -8.83469
-262.115 -587.113 423.64 0 -8.83469
-262.328 -585.745 423.7 0 -8.83469
-262.54 -584.378 423.759 0 -8.83469
-262.753 -583.01 423.818 0 -8.83469
-262.965 -581.642 423.877 0 -8.83469
-263.178 -580.275 423.936 0 -8.83469
-263.39 -578.907 423.996 0 -8.83469
-263.603 -577.54 424.055 0 -8.36646
-263.804 -576.171 424.109 0 -8.27994
-264.004 -574.801 424.163 0 -8.28229
-264.204 -573.427 424.217 0 -8.28229
-264.404 -572.052 424.271 0 -8.28229
-264.604 -570.678 424.324 0 -8.28229
-264.804 -569.304 424.378 0 -8.28229
-265.004 -567.929 424.432 0 -8.28229
-265.204 -566.555 424.486 0 -8.28015
-265.406 -565.169 424.54 0 -8.28015
-265.607 -563.783 424.594 0 -8.28015
-265.809 -562.398 424.649 0 -8.28015
-266.011 -561.012 424.703 0 -8.28015
-266.212 -559.626 424.757 0 -8.28015
-266.414 -558.24 424.811 0 -8.63054
-266.636 -556.777 424.866 0 -8.59476
-266.848 -555.377 424.92 0 -8.59476
-267.059 -553.978 424.974 0 -8.59476
-267.271 -552.578 425.028 0 -8.59476
-267.482 -551.178 425.083 0 -8.59476
-267.694 -549.778 425.137 0 -8.5949
-267.907 -548.366 425.191 0 -8.235
-268.112 -546.953 425.243 0 -8.23402
-268.316 -545.54 425.294 0 -8.23402
-268.521 -544.127 425.346 0 -8.23402
-268.725 -542.714 425.397 0 -8.23402
-268.93 -541.301 425.449 0 -8.2363
-269.135 -539.883 425.5 0 -8.15061
-269.338 -538.465 425.551 0 -7.91911
-269.536 -537.046 425.599 0 -7.91911
-269.733 -535.627 425.648 0 -7.91911
-269.93 -534.208 425.696 0 -7.91911
-270.128 -532.789 425.744 0 -7.91688
-270.325 -531.371 425.793 0 -7.91688
-270.522 -529.953 425.841 0 -7.76487
-270.716 -528.534 425.887 0 -7.64343
-270.906 -527.115 425.932 0 -7.64343
-271.097 -525.695 425.977 0 -7.64343
-271.287 -524.276 426.021 0 -7.64564
-271.477 -522.858 426.066 0 -7.64564
-271.668 -521.441 426.111 0 -7.64564
-271.858 -520.023 426.155 0 -7.4542
-272.044 -518.605 426.197 0 -7.41595
-272.228 -517.186 426.238 0 -7.41595
-272.413 -515.768 426.278 0 -7.41595
-272.597 -514.349 426.319 0 -7.41595
-272.782 -512.931 426.36 0 -7.41595
-272.967 -511.512 426.401 0 -7.39658
-273.151 -510.093 426.441 0 -7.23006
-273.331 -508.674 426.478 0 -7.23006
-273.511 -507.255 426.515 0 -7.22783
-273.691 -505.836 426.552 0 -7.22783
-273.871 -504.417 426.588 0 -7.22783
-274.051 -502.998 426.625 0 -7.22783
-274.231 -501.579 426.662 0 -7.17511
-274.409 -500.16 426.697 0 -7.08573
-274.586 -498.741 426.73 0 -7.08129
-274.762 -497.321 426.762 0 -7.08129
-274.939 -495.901 426.795 0 -7.08129
-275.115 -494.481 426.827 0 -7.08129
-275.291 -493.062 426.86 0 -7.08129
-275.468 -491.642 426.892 0 -7.0188
-275.643 -490.222 426.922 0 -6.98521
-275.817 -488.802 426.95 0 -6.98521
-275.991 -487.381 426.978 0 -6.98521
-276.165 -485.961 427.006 0 -6.98521
-276.339 -484.541 427.034 0 -6.98521
-276.513 -483.121 427.062 0 -6.98521
-276.687 -481.701 427.09 0 -6.97412
-276.86 -480.28 427.114 0 -6.96854
-277.034 -478.86 427.137 0 -6.96854
-277.208 -477.44 427.161 0 -6.96854
-277.381 -476.02 427.184 0 -6.96854
-277.555 -474.599 427.207 0 -6.96854
-277.728 -473.179 427.231 0 -7.00913
-277.903 -471.759 427.253 0 -7.00011
-278.077 -470.338 427.272 0 -7.00011
-278.252 -468.918 427.29 0 -7.00011
-278.426 -467.498 427.308 0 -7.00011
-278.6 -466.078 427.327 0 -7.00011
-278.775 -464.657 427.345 0 -7.03582
-278.95 -463.239 427.364 0 -6.44003
-279.103 -461.883 427.406 0 -6.2777
-279.259 -460.463 427.454 0 -6.30252
-279.416 -459.042 427.494 0 -6.32356
-279.574 -457.622 427.527 0 -6.32999
-279.731 -456.201 427.557 0 -6.34921
-279.89 -454.777 427.58 0 -6.34902
-280.048 -453.353 427.601 0 -6.34623
-280.206 -451.928 427.615 0 -6.34623
-280.365 -450.504 427.629 0 -6.32339
-280.523 -449.08 427.639 0 -6.31882
-280.68 -447.655 427.648 0 -6.28246
-280.838 -446.223 427.655 0 -6.26202
-280.995 -444.791 427.661 0 -6.23229
-281.152 -443.359 427.667 0 -6.18576
-281.307 -441.927 427.674 0 -6.16806
-281.462 -440.494 427.681 0 -6.08506
-281.614 -439.062 427.691 0 -6.10473
-281.768 -437.626 427.701 0 -5.98392
-281.918 -436.191 427.718 0 -5.97961
-282.069 -434.755 427.734 0 -5.86607
-282.216 -433.32 427.758 0 -5.83008
-282.363 -431.884 427.784 0 -5.93215
-282.513 -430.437 427.779 0 -5.92371
-282.662 -429.004 427.773 0 -5.92927
-282.811 -427.571 427.773 0 -5.93194
-282.96 -426.138 427.776 0 -5.92725
-283.108 -424.705 427.782 0 -5.92161
-283.257 -423.272 427.792 0 -5.91484
-283.405 -421.839 427.804 0 -5.8288
-283.551 -420.41 427.818 0 -5.82832
-283.697 -418.981 427.833 0 -5.78135
-283.842 -417.552 427.851 0 -5.78135
-283.987 -416.123 427.869 0 -5.72941
-284.13 -414.693 427.886 0 -5.71534
-284.273 -413.264 427.905 0 -5.81915
-284.418 -411.84 427.922 0 -5.78222
-284.562 -410.416 427.938 0 -5.74772
-284.706 -408.992 427.953 0 -5.6791
-284.847 -407.568 427.965 0 -5.66604
-284.989 -406.144 427.977 0 -5.55742
-285.127 -404.719 427.983 0 -5.80629
-285.271 -403.308 427.99 0 -5.68417
-285.411 -401.897 427.989 0 -5.66608
-285.551 -400.486 427.987 0 -5.80739
-285.697 -399.05 427.989 0 -5.79619
-285.841 -397.637 427.99 0 -5.69109
-285.982 -396.224 427.99 0 -5.49741
-286.115 -394.833 427.991 0 -5.48116
-286.249 -393.441 427.991 0 -5.35458
-286.379 -392.05 427.99 0 -5.35458
-286.51 -390.658 427.989 0 -5.29039
-286.639 -389.266 427.988 0 -5.25658
-286.767 -387.875 427.986 0 -5.12986
-286.89 -386.504 427.984 0 -5.08625
-287.012 -385.134 427.981 0 -5.08625
-287.134 -383.763 427.978 0 -5.08062
-287.256 -382.392 427.974 0 -5.07791
-287.377 -381.022 427.969 0 -5.08398
-287.499 -379.651 427.964 0 -4.85734
-287.615 -378.294 427.958 0 -4.85734
-287.73 -376.937 427.952 0 -4.9086
-287.846 -375.58 427.945 0 -4.93866
-287.964 -374.223 427.937 0 -4.94988
-288.081 -372.866 427.929 0 -5.06482
-288.202 -371.509 427.92 0 -4.80386
-288.315 -370.159 427.91 0 -4.8955
-288.431 -368.81 427.899 0 -4.97484
-288.548 -367.46 427.887 0 -4.97484
-288.666 -366.11 427.875 0 -4.71326
-288.777 -364.762 427.876 0 -4.44107
-288.881 -363.413 427.869 0 -4.20823
-288.98 -362.069 427.858 0 -4.03064
-289.075 -360.725 427.845 0 -3.9079
-289.167 -359.381 427.831 0 -3.83777
-289.257 -358.037 427.817 0 -3.81803
-289.347 -356.692 427.802 0 -3.87697
-289.438 -355.348 427.787 0 -4.00242
-289.532 -354.004 427.775 0 -4.17091
-289.63 -352.66 427.764 0 -4.38336
-289.733 -351.316 427.756 0 -4.34943
-289.832 -350.014 427.746 0 -4.11343
-289.929 -348.67 427.729 0 -4.11343
-290.025 -347.326 427.713 0 -4.14641
-290.123 -345.983 427.696 0 -4.1464
-290.22 -344.639 427.68 0 -4.1464
-290.317 -343.296 427.664 0 -4.1464
-290.415 -341.953 427.647 0 -4.1464
-290.512 -340.609 427.631 0 -4.1464
-290.61 -339.266 427.614 0 -4.07255
-290.705 -337.925 427.598 0 -4.07255
-290.8 -336.585 427.581 0 -4.07255
-290.896 -335.245 427.565 0 -3.7606
-290.984 -333.904 427.545 0 -3.71759
-291.071 -332.563 427.524 0 -3.71759
-291.158 -331.222 427.503 0 -3.6071
-291.243 -329.878 427.483 0 -3.6071
-291.328 -328.533 427.462 0 -3.6071
-291.413 -327.189 427.441 0 -3.60709
-291.497 -325.845 427.42 0 -3.60709
-291.582 -324.501 427.4 0 -3.60709
-291.667 -323.157 427.379 0 -3.71067
-291.754 -321.803 427.358 0 -3.71067
-291.842 -320.45 427.337 0 -3.58827
-291.927 -319.096 427.315 0 -3.36964
-292.007 -317.742 427.289 0 -3.36964
-292.087 -316.388 427.264 0 -3.36964
-292.166 -315.034 427.239 0 -3.48233
-292.25 -313.66 427.213 0 -3.48233
-292.334 -312.286 427.187 0 -3.48233
-292.417 -310.912 427.162 0 -3.48233
-292.501 -309.538 427.136 0 -3.48233
-292.584 -308.164 427.11 0 -3.48232
-292.668 -306.79 427.084 0 -3.64413
-292.758 -305.383 427.058 0 -3.62122
-292.847 -303.977 427.032 0 -3.31707
-292.928 -302.57 427.001 0 -3.31707
-293.01 -301.163 426.97 0 -3.31707
-293.091 -299.757 426.939 0 -3.31707
-293.173 -298.35 426.908 0 -3.35423
-293.258 -296.899 426.876 0 -3.35423
-293.343 -295.448 426.844 0 -3.35423
-293.428 -293.997 426.812 0 -3.35423
-293.513 -292.546 426.78 0 -3.35423
-293.598 -291.096 426.748 0 -3.35423
-293.683 -289.645 426.716 0 -3.22509
-293.767 -288.156 426.682 0 -2.99743
-293.845 -286.667 426.644 0 -2.99743
-293.923 -285.179 426.606 0 -2.99743
-294.001 -283.69 426.569 0 -2.99743
-294.079 -282.201 426.531 0 -2.99743
-294.157 -280.712 426.493 560148 -2.94587
-294.236 -279.175 426.454 560148 -2.94587
-294.315 -277.637 426.415 560148 -2.94587
-294.394 -276.1 426.376 560148 -2.94587
-294.473 -274.563 426.337 560148 -2.94314
-294.552 -273.025 426.298 560148 -2.64672
-294.623 -271.488 426.254 560148 -2.72696
-294.698 -269.925 426.209 560148 -2.72696
-294.772 -268.361 426.164 560148 -2.72696
-294.847 -266.798 426.119 560148 -2.72696
-294.921 -265.235 426.074 560148 -2.72696
-294.995 -263.672 426.029 560148 -2.72696
-295.07 -262.109 425.984 560148 -2.73294
-295.145 -260.54 425.939 560148 -2.73294
-295.22 -258.971 425.894 560148 -2.71367
-295.294 -257.402 425.848 560148 -2.44775
-295.361 -255.832 425.798 560148 -2.44775
-295.428 -254.263 425.747 560148 -2.44775
-295.495 -252.694 425.697 560148 -2.4296
-295.561 -251.135 425.647 560148 -2.4296
-295.628 -249.577 425.596 560148 -2.4296
-295.694 -248.018 425.546 560148 -2.4296
-295.76 -246.459 425.496 560148 -2.4296
-295.826 -244.901 425.446 560148 -2.4296
-295.892 -243.342 425.396 560148 -2.37595
-295.956 -241.803 425.346 560148 -2.13371
-296.013 -240.264 425.291 560148 -2.13371
-296.071 -238.724 425.236 560148 -2.13371
-296.128 -237.185 425.181 560148 -2.13371
-296.185 -235.646 425.126 560148 -2.13371
-296.243 -234.107 425.071 560148 -2.16289
-296.3 -232.59 425.017 560148 -2.16289
-296.357 -231.073 424.963 560148 -2.16289
-296.415 -229.556 424.908 560148 -2.16289
-296.472 -228.039 424.854 560148 -2.16289
-296.529 -226.522 424.8 560148 -1.92321
-296.58 -225.005 424.741 560148 -1.89093
-296.63 -223.506 424.682 560148 -1.89093
-296.679 -222.006 424.623 560148 -1.89093
-296.729 -220.506 424.565 560148 -1.89093
-296.778 -219.007 424.506 560148 -1.89093
-296.828 -217.507 424.447 560148 -1.89093
-296.877 -216.007 424.388 0 -1.88881
-296.926 -214.514 424.33 0 -1.88881
-296.976 -213.021 424.271 0 -1.88881
-297.025 -211.528 424.212 0 -1.75414
-297.071 -210.035 424.151 0 -1.64543
-297.113 -208.542 424.087 0 -1.64543
-297.156 -207.049 424.023 0 -1.64543
-297.199 -205.556 423.959 0 -1.64543
-297.242 -204.063 423.895 0 -1.64543
-297.285 -202.57 423.831 0 -1.64543
-297.328 -201.077 423.767 0 -1.64543
-297.371 -199.584 423.703 0 -1.64543
-297.414 -198.091 423.64 0 -1.64756
-297.457 -196.596 423.576 560148 -1.91795
-297.508 -195.056 423.511 0 -2.05126
-297.562 -193.559 423.442 0 -2.05126
-297.616 -192.062 423.373 0 -2.05126
-297.669 -190.565 423.305 0 -2.05126
-297.723 -189.068 423.236 570148 -2.05126
-297.776 -187.57 423.167 570148 -2.05126
-297.83 -186.073 423.098 570148 -2.05126
-297.884 -184.575 423.03 570148 -2.05126
-297.937 -183.077 422.961 570148 -2.05126
-297.991 -181.579 422.892 570148 -2.05126
-298.045 -180.082 422.823 570148 -2.04036
-298.098 -178.582 422.754 570148 -1.98492
-298.15 -177.082 422.684 570148 -1.98492
-298.202 -175.583 422.613 570148 -1.98492
-298.254 -174.083 422.543 570148 -1.98492
-298.306 -172.584 422.472 570148 -1.98492
-298.358 -171.084 422.402 0 -1.98493
-298.41 -169.589 422.331 0 -1.98493
-298.462 -168.093 422.261 0 -1.98493
-298.513 -166.598 422.191 0 -1.98493
-298.565 -165.103 422.12 0 -1.98493
-298.617 -163.607 422.05 0 -1.98493
-298.669 -162.112 421.98 0 -1.94219
-298.719 -160.626 421.909 0 -1.93022
-298.769 -159.14 421.838 0 -1.93022
-298.819 -157.654 421.767 0 -1.93022
-298.869 -156.168 421.696 0 -1.93022
-298.92 -154.682 421.625 0 -1.93022
-298.97 -153.196 421.554 0 -1.92164
-299.019 -151.713 421.483 0 -1.92164
-299.069 -150.23 421.412 0 -1.92164
-299.119 -148.748 421.341 0 -1.92164
-299.169 -147.265 421.27 0 -1.92164
-299.218 -145.782 421.199 0 -1.91072
-299.268 -144.3 421.128 0 -1.8593
-299.316 -142.813 421.056 0 -1.8593
-299.364 -141.327 420.984 0 -1.8593
-299.413 -139.841 420.913 0 -1.8593
-299.461 -138.354 420.841 0 -1.8593
-299.509 -136.868 420.769 0 -1.8593
-299.557 -135.382 420.697 0 -1.86161
-299.606 -133.887 420.625 0 -1.86161
-299.655 -132.392 420.552 0 -1.86161
-299.703 -130.897 420.48 0 -1.86161
-299.752 -129.401 420.408 0 -1.86161
-299.8 -127.906 420.336 0 -1.84072
-299.848 -126.411 420.263 570148 -1.83453
-299.896 -124.912 420.19 570148 -1.83453
-299.944 -123.412 420.117 570148 -1.83453
-299.992 -121.912 420.045 570148 -1.83453
-300.04 -120.413 419.972 570148 -1.83453
-300.089 -118.913 419.899 570148 -1.83453
-300.137 -117.413 419.826 0 -1.83448
-300.185 -115.916 419.753 0 -1.83448
-300.232 -114.419 419.681 0 -1.83448
-300.28 -112.921 419.608 0 -1.83448
-300.328 -111.424 419.535 0 -1.82942
-300.376 -109.927 419.463 0 -1.82318
-300.424 -108.429 419.39 570148 -1.82319
-300.472 -106.932 419.317 570148 -1.82319
-300.519 -105.434 419.245 570148 -1.82319
-300.567 -103.936 419.172 570148 -1.82319
-300.615 -102.438 419.099 570148 -1.82319
-300.662 -100.941 419.027 570148 -1.82319
-300.71 -99.4431 418.954 0 -1.82318
-300.758 -97.9457 418.882 0 -1.82318
-300.805 -96.4484 418.809 0 -1.82318
-300.853 -94.951 418.736 0 -1.82331
-300.901 -93.4536 418.664 0 -1.82564
-300.948 -91.9562 418.592 0 -1.82564
-300.996 -90.4589 418.52 0 -1.82564
-301.044 -88.9615 418.447 0 -1.82564
-301.091 -87.4641 418.375 0 -1.82564
-301.139 -85.9667 418.303 0 -1.82564
-301.187 -84.4693 418.231 0 -1.82564
-301.235 -82.9719 418.159 0 -1.82564
-301.282 -81.4745 418.087 0 -1.82564
-301.33 -79.9775 418.015 0 -1.82564
-301.378 -78.4804 417.943 0 -1.82564
-301.426 -76.9834 417.871 0 -1.83631
-301.474 -75.4863 417.8 0 -1.84186
-301.522 -73.9892 417.728 0 -1.84186
-301.57 -72.4921 417.657 0 -1.84187
-301.618 -70.9947 417.586 0 -1.84187
-301.666 -69.4973 417.515 0 -1.84187
-301.714 -67.9999 417.444 0 -1.84187
-301.762 -66.5024 417.373 0 -1.84187
-301.811 -65.005 417.302 0 -1.84187
-301.859 -63.5076 417.231 0 -1.84187
-301.907 -62.0102 417.16 0 -1.84187
-301.955 -60.5128 417.089 0 -1.84968
-302.003 -59.0153 417.018 0 -1.87185
-302.052 -57.5179 416.948 0 -1.87185
-302.101 -56.0204 416.878 0 -1.87185
-302.15 -54.523 416.809 0 -1.86973
-302.199 -53.0255 416.739 0 -1.86973
-302.248 -51.528 416.669 0 -1.86973
-302.297 -50.0306 416.6 0 -1.86973
-302.346 -48.5331 416.53 0 -1.86973
-302.395 -47.0356 416.46 0 -1.86973
-302.444 -45.5382 416.391 0 -1.87398
-302.493 -44.0407 416.321 0 -1.87398
-302.542 -42.5433 416.251 0 -1.91174
-302.592 -41.0458 416.183 0 -1.91772
-302.642 -39.5483 416.115 0 -1.91772
-302.692 -38.0508 416.048 0 -1.91772
-302.742 -36.5533 415.98 0 -1.9156
-302.792 -35.0557 415.912 0 -1.9156
-302.842 -33.5582 415.844 0 -1.9156
-302.892 -32.0607 415.776 0 -1.9156
-302.942 -30.5632 415.708 0 -1.9156
-302.992 -29.0657 415.641 0 -1.9156
-303.042 -27.5682 415.573 0 -1.9156
-303.093 -26.0707 415.505 0 -1.86263
-303.141 -24.5783 415.437 580148 -1.86132
-303.19 -23.0806 415.37 580148 -1.86132
-303.238 -21.5829 415.303 580148 -1.86132
-303.287 -20.0852 415.236 580148 -1.86132
-303.336 -18.5874 415.169 580148 -1.86132
-303.384 -17.0897 415.102 580148 -1.86132
-303.433 -15.592 415.035 580148 -1.86132
-303.482 -14.0943 414.968 580148 -1.86132
-303.53 -12.5965 414.901 580148 -1.86132
-303.579 -11.0988 414.833 580148 -1.85811
-303.628 -9.60107 414.767 580148 -1.83497
-303.676 -8.10324 414.701 580148 -1.83497
-303.724 -6.60541 414.636 580148 -1.83497
-303.772 -5.10759 414.571 580148 -1.83497
-303.82 -3.60976 414.506 580148 -1.83497
-303.868 -2.11193 414.44 580148 -1.83497
-303.916 -0.614098 414.375 580148 -1.8371
-303.964 0.88373 414.31 580148 -1.8371
-304.012 2.38156 414.244 580148 -1.8371
-304.06 3.87939 414.179 580148 -1.8371
-304.108 5.37721 414.114 580148 -1.82934
-304.156 6.87508 414.049 580148 -1.81926
-304.203 8.373 413.986 580148 -1.81501
-304.251 9.87092 413.923 580148 -1.81501
-304.298 11.3688 413.859 580148 -1.81501
-304.346 12.8668 413.796 580148 -1.81501
-304.393 14.3647 413.732 580148 -1.81501
-304.441 15.8626 413.669 580148 -1.81501
-304.488 17.3605 413.605 580148 -1.81713
-304.536 18.8585 413.542 580148 -1.81713
-304.583 20.3564 413.478 580148 -1.81713
-304.631 21.8543 413.415 580148 -1.81016
-304.678 23.3523 413.353 580148 -1.8078
-304.725 24.8503 413.291 580148 -1.8078
-304.772 26.3483 413.229 580148 -1.80993
-304.82 27.8463 413.168 580148 -1.80993
-304.867 29.3443 413.106 580148 -1.80993
-304.915 30.8423 413.044 580148 -1.80993
-304.962 32.3403 412.982 580148 -1.80993
-305.009 33.8383 412.921 580148 -1.80993
-305.057 35.3363 412.859 580148 -1.8078
-305.104 36.8343 412.797 580148 -1.80775
-305.151 38.3323 412.736 580148 -1.80698
-305.198 39.8304 412.676 580148 -1.80698
-305.246 41.3285 412.616 580148 -1.80698
-305.293 42.8265 412.556 580148 -1.80698
-305.34 44.3246 412.496 580148 -1.80698
-305.387 45.8227 412.436 580148 -1.80698
-305.435 47.3208 412.376 580148 -1.80698
-305.482 48.8188 412.316 580148 -1.80698
-305.529 50.3169 412.256 580148 -1.80698
-305.576 51.815 412.196 580148 -1.80698
-305.624 53.3131 412.136 0 -1.80976
-305.671 54.8078 412.077 0 -1.8146
-305.718 56.3026 412.019 0 -1.8146
-305.766 57.7974 411.961 0 -1.8146
-305.813 59.2923 411.902 0 -1.8146
-305.86 60.7871 411.844 0 -1.8146
-305.908 62.2819 411.786 580148 -1.81475
-305.955 63.7837 411.728 580148 -1.81475
-306.003 65.2855 411.669 580148 -1.81475
-306.05 66.7873 411.611 580148 -1.81475
-306.098 68.2891 411.553 580148 -1.81475
-306.146 69.7909 411.494 580148 -1.82581
-306.193 71.2927 411.437 580148 -1.83121
-306.242 72.8069 411.38 580148 -1.83121
-306.29 74.321 411.322 580148 -1.83121
-306.339 75.8352 411.265 580148 -1.83121
-306.387 77.3493 411.208 580148 -1.83121
-306.436 78.8635 411.151 580148 -1.83121
-306.484 80.3777 411.094 580148 -1.86692
-306.533 81.8938 411.036 580148 -1.86692
-306.583 83.4099 410.979 580148 -1.86692
-306.632 84.9261 410.922 580148 -1.86956
-306.682 86.4422 410.865 580148 -1.89163
-306.732 87.9584 410.809 580148 -1.89163
-306.782 89.4746 410.753 580148 -1.90424
-306.832 90.989 410.698 580148 -1.90424
-306.883 92.5035 410.642 580148 -1.90424
-306.933 94.018 410.587 580148 -1.90424
-306.983 95.5325 410.531 580148 -1.90424
-307.034 97.047 410.476 580148 -1.90424
-307.084 98.5615 410.42 580148 -1.94204
-307.135 100.076 410.364 580148 -1.94204
-307.187 101.591 410.309 580148 -1.95985
-307.239 103.106 410.254 580148 -1.97525
-307.291 104.621 410.2 580148 -1.97525
-307.343 106.136 410.146 580148 -1.97525
-307.395 107.65 410.092 580148 -1.94139
-307.447 109.184 410.038 580148 -1.94139
-307.499 110.718 409.983 580148 -1.94139
-307.551 112.252 409.928 580148 -1.94139
-307.603 113.786 409.874 580148 -1.94139
-307.655 115.32 409.819 580148 -1.94139
-307.707 116.853 409.764 580148 -1.94599
-307.76 118.42 409.709 580148 -1.98471
-307.815 119.988 409.654 580148 -1.98471
-307.869 121.555 409.6 580148 -1.98471
-307.923 123.122 409.546 580148 -1.98471
-307.978 124.689 409.492 580148 -1.98471
-308.032 126.256 409.438 580148 -1.97633
-308.087 127.852 409.382 580148 -1.97633
-308.142 129.448 409.327 580148 -1.97633
-308.197 131.044 409.272 580148 -1.97633
-308.252 132.639 409.217 580148 -1.97633
-308.307 134.235 409.162 580148 -1.76902
-308.356 135.815 409.108 590148 -1.82254
-308.408 137.44 409.054 590148 -1.82254
-308.46 139.066 408.999 590148 -1.82254
-308.511 140.692 408.944 590148 -1.82254
-308.563 142.318 408.89 590148 -1.82254
-308.615 143.944 408.835 590148 -1.82254
-308.667 145.57 408.781 590148 -1.79337
-308.718 147.221 408.725 590148 -1.79337
-308.77 148.873 408.67 590148 -1.79337
-308.822 150.524 408.614 590148 -1.79337
-308.873 152.176 408.559 590148 -1.79337
-308.925 153.827 408.503 590148 -1.79337
-308.977 155.479 408.448 590148 -1.82827
-309.03 157.144 408.392 590148 -1.85717
-309.084 158.81 408.338 590148 -1.85717
-309.138 160.475 408.283 590148 -1.85717
-309.192 162.141 408.228 590148 -1.85717
-309.246 163.806 408.173 590148 -1.85717
-309.3 165.472 408.118 590148 -1.85712
-309.354 167.141 408.064 590148 -1.85712
-309.408 168.811 408.009 590148 -1.85712
-309.462 170.48 407.954 590148 -1.85712
-309.516 172.15 407.899 590148 -1.85712
-309.571 173.819 407.844 590148 -1.85712
-309.625 175.489 407.789 590148 -1.85716
-309.679 177.155 407.734 590148 -1.85716
-309.733 178.821 407.68 590148 -1.86324
-309.787 180.487 407.625 590148 -1.88117
-309.842 182.153 407.571 590148 -1.88117
-309.896 183.82 407.517 590148 -1.88117
-309.951 185.486 407.463 590148 -1.88119
-310.006 187.15 407.41 590148 -1.88119
-310.06 188.814 407.356 590148 -1.88119
-310.115 190.478 407.302 590148 -1.88119
-310.17 192.142 407.248 590148 -1.88119
-310.224 193.807 407.194 590148 -1.88119
-310.279 195.471 407.141 590148 -1.88118
-310.334 197.136 407.087 590148 -1.88118
-310.388 198.8 407.033 590148 -1.88118
-310.443 200.465 406.979 590148 -1.88118
-310.498 202.13 406.925 590148 -1.88651
-310.553 203.795 406.872 590148 -1.89606
-310.608 205.46 406.818 590148 -1.89415
-310.663 207.125 406.765 590148 -1.89415
-310.718 208.789 406.712 590148 -1.89415
-310.773 210.454 406.659 590148 -1.89415
-310.828 212.119 406.606 590148 -1.89415
-310.883 213.784 406.553 590148 -1.89415
-310.938 215.449 406.5 590148 -1.89606
-310.993 217.114 406.446 590148 -1.89606
-311.048 218.779 406.393 590148 -1.89606
-311.103 220.443 406.34 590148 -1.89606
-311.159 222.108 406.287 590148 -1.89606
-311.214 223.773 406.234 590148 -1.89606
-311.269 225.438 406.181 590148 -1.89873
-311.324 227.102 406.128 590148 -1.90181
-311.379 228.767 406.075 590148 -1.90181
-311.435 230.431 406.022 590148 -1.90181
-311.49 232.096 405.97 590148 -1.90181
-311.545 233.76 405.917 590148 -1.90181
-311.6 235.425 405.864 590148 -1.9018
-311.656 237.091 405.812 590148 -1.9018
-311.711 238.757 405.759 590148 -1.9018
-311.766 240.423 405.706 590148 -1.9018
-311.822 242.088 405.653 590148 -1.9018
-311.877 243.754 405.601 590148 -1.9018
-311.932 245.42 405.548 590148 -1.89985
-311.988 247.09 405.495 590148 -1.89985
-312.043 248.759 405.442 590148 -1.89789
-312.098 250.429 405.39 590148 -1.89647
-312.154 252.098 405.337 590148 -1.89647
-312.209 253.768 405.284 590148 -1.89647
-312.264 255.437 405.232 590148 -1.88696
-312.319 257.103 405.179 590148 -1.88696
-312.374 258.768 405.127 590148 -1.88696
-312.429 260.434 405.074 590148 -1.88696
-312.484 262.099 405.022 590148 -1.88696
-312.539 263.765 404.969 590148 -1.88696
-312.593 265.43 404.917 590148 -1.9044
-312.648 267.079 404.865 590148 -1.9044
-312.703 268.728 404.813 590148 -1.9044
-312.758 270.376 404.761 590148 -1.9044
-312.813 272.025 404.709 590148 -1.89618
-312.867 273.673 404.657 590148 -1.89189
-312.922 275.322 404.605 590148 -1.9508
-312.977 276.95 404.554 590148 -1.9508
-313.033 278.579 404.503 590148 -1.9508
-313.088 280.207 404.451 590148 -1.9508
-313.144 281.836 404.4 590148 -1.9508
-313.199 283.464 404.349 590148 -1.9508
-313.255 285.093 404.297 590148 -2.01575
-313.312 286.716 404.246 590148 -2.01575
-313.369 288.339 404.195 590148 -2.01575
-313.426 289.962 404.144 590148 -2.01575
-313.483 291.585 404.093 590148 -2.01575
-313.54 293.209 404.041 590148 -2.01575
-313.597 294.832 403.99 590148 -2.03054
-313.656 296.479 403.938 590148 -2.01891
-313.714 298.127 403.886 590148 -2.01891
-313.772 299.775 403.834 590148 -2.01891
-313.83 301.423 403.782 590148 -2.01891
-313.888 303.071 403.73 590148 -2.01891
-313.946 304.718 403.677 590148 -1.93663
-314.003 306.388 403.625 590148 -1.93663
-314.059 308.057 403.572 590148 -1.93663
-314.115 309.727 403.519 590148 -1.93663
-314.172 311.396 403.466 590148 -1.93663
-314.228 313.066 403.413 590148 -1.93663
-314.285 314.735 403.36 590148 -1.99004
-314.343 316.404 403.308 590148 -1.99004
-314.401 318.073 403.255 590148 -1.97348
-314.458 319.741 403.202 590148 -1.95927
-314.515 321.41 403.148 590148 -1.95927
-314.572 323.079 403.095 590148 -1.95927
-314.63 324.748 403.042 590148 -1.84691
-314.683 326.411 402.989 590148 -1.84691
-314.737 328.074 402.936 590148 -1.84691
-314.79 329.738 402.882 590148 -1.84691
-314.844 331.401 402.829 590148 -1.84691
-314.898 333.064 402.776 590148 -1.84691
-314.951 334.727 402.723 590148 -1.68764
-315 336.384 402.67 590148 -1.68764
-315.049 338.041 402.617 590148 -1.68764
-315.098 339.697 402.564 590148 -1.68764
-315.147 341.354 402.512 590148 -1.66258
-315.195 343.011 402.458 590148 -1.64773
-315.242 344.667 402.405 590148 -1.62856
-315.289 346.325 402.351 590148 -1.62856
-315.337 347.982 402.298 590148 -1.62856
-315.384 349.639 402.244 590148 -1.62856
-315.431 351.296 402.19 590148 -1.62856
-315.478 352.953 402.137 590148 -1.62856
-315.525 354.61 402.083 590148 -1.67998
-315.573 356.26 402.03 590148 -1.67998
-315.622 357.909 401.976 590148 -1.67998
-315.67 359.559 401.923 590148 -1.67998
-315.719 361.209 401.87 590148 -1.67998
-315.767 362.858 401.816 590148 -1.67998
-315.815 364.508 401.763 590148 -1.90319
-315.871 366.173 401.71 600148 -1.90017
-315.925 367.803 401.656 600148 -1.90017
-315.979 369.433 401.601 600148 -1.90017
-316.033 371.063 401.547 600148 -1.90017
-316.087 372.694 401.493 600148 -1.90017
-316.141 374.324 401.439 600148 -1.95291
-316.197 375.953 401.385 600148 -1.95291
-316.252 377.582 401.331 600148 -1.95291
-316.308 379.211 401.277 600148 -1.95291
-316.363 380.839 401.223 600148 -1.95291
-316.419 382.468 401.169 600148 -1.67584
-316.466 384.098 401.117 600148 -1.33037
-316.504 385.728 401.069 600148 -1.33037
-316.542 387.359 401.02 600148 -1.33037
-316.58 388.99 400.972 600148 -1.33037
-316.618 390.621 400.924 600148 -1.33037
-316.656 392.252 400.875 600148 -1.33037
-316.694 393.883 400.827 600148 -1.39663
-316.734 395.515 400.778 600148 -1.39663
-316.773 397.147 400.73 600148 -1.39663
-316.813 398.779 400.681 600148 -1.39663
-316.853 400.41 400.633 600148 -1.39663
-316.893 402.042 400.584 600148 -0.773261
-316.915 403.675 400.542 600148 -0.794417
-316.937 405.307 400.499 600148 -0.794416
-316.96 406.939 400.457 600148 -0.794415
-316.983 408.572 400.414 600148 -0.794414
-317.005 410.204 400.372 600148 -0.794414
-317.028 411.837 400.329 600148 -0.794413
-317.05 413.469 400.286 600148 -0.780764
-317.073 415.102 400.244 600148 -0.780764
-317.095 416.734 400.201 600148 -0.780763
-317.117 418.366 400.159 600148 -0.780762
-317.139 419.999 400.116 600148 -0.435381
-317.152 421.631 400.077 600148 -0.126851
-317.155 423.264 400.04 600148 -0.126851
-317.159 424.897 400.004 600148 -0.12685
-317.163 426.53 399.967 600148 -0.126849
-317.166 428.162 399.931 600148 -0.126848
-317.17 429.795 399.894 600148 -0.126848
-317.174 431.428 399.858 600148 -0.126847
-317.177 433.061 399.822 600148 -0.124897
-317.181 434.693 399.785 600148 -0.124896
-317.184 436.326 399.749 600148 -0.124896
-317.188 437.959 399.712 600148 -0.0803281
-317.19 439.592 399.676 600148 0.553204
-317.174 441.225 399.646 600148 0.553204
-317.159 442.857 399.616 600148 0.551256
-317.143 444.49 399.586 600148 0.551256
-317.127 446.123 399.556 600148 0.551257
-317.111 447.756 399.525 600148 0.551258
-317.096 449.389 399.495 600148 0.551258
-317.08 451.022 399.465 600148 0.551259
-317.064 452.655 399.435 600148 0.55126
-317.049 454.288 399.405 600148 0.55126
-317.033 455.92 399.375 600148 0.551261
-317.017 457.553 399.345 600148 0.973226
-316.989 459.186 399.319 600148 1.2533
-316.954 460.819 399.295 600148 1.2533
-316.918 462.451 399.271 600148 1.2533
-316.882 464.084 399.248 600148 1.2533
-316.847 465.717 399.224 600148 1.25331
-316.811 467.349 399.201 600148 1.25331
-316.775 468.982 399.177 600148 1.25331
-316.739 470.615 399.154 600148 1.25331
-316.704 472.248 399.13 600148 1.25526
-316.668 473.88 399.106 600148 1.25526
-316.632 475.513 399.083 600148 1.35109
-316.594 477.146 399.06 600148 1.98094
-316.537 478.778 399.043 600148 1.98094
-316.481 480.41 399.027 600148 1.98094
-316.424 482.042 399.01 600148 1.979
-316.368 483.675 398.993 600148 1.979
-316.312 485.307 398.976 600148 1.979
-316.255 486.939 398.959 600148 1.979
-316.199 488.571 398.943 600148 1.979
-316.142 490.204 398.926 600148 1.979
-316.086 491.836 398.909 600148 1.979
-316.03 493.468 398.892 600148 1.979
-315.973 495.101 398.875 600148 2.47069
-315.903 496.732 398.863 600148 2.72799
-315.825 498.364 398.853 600148 2.72799
-315.747 499.995 398.843 600148 2.72799
-315.669 501.627 398.834 600148 2.72904
-315.592 503.247 398.824 600148 2.72904
-315.515 504.868 398.814 600148 2.72904
-315.438 506.488 398.804 600148 2.72904
-315.361 508.109 398.795 600148 2.72904
-315.283 509.729 398.785 600148 2.72905
-315.206 511.35 398.775 600148 2.72095
-315.128 512.99 398.765 600148 2.83005
-315.047 514.63 398.756 600148 3.49284
-314.947 516.269 398.754 600148 3.49284
-314.847 517.908 398.751 600148 3.49284
-314.747 519.547 398.748 600148 3.49284
-314.647 521.186 398.746 600148 3.5039
-314.544 522.866 398.743 600148 3.5039
-314.441 524.547 398.74 600148 3.5039
-314.338 526.227 398.737 600148 3.5039
-314.235 527.907 398.735 600148 3.5039
-314.132 529.588 398.732 600148 3.5039
-314.029 531.268 398.729 600148 3.52038
-313.925 532.969 398.727 600148 4.23411
-313.799 534.668 398.731 600148 4.31473
-313.671 536.366 398.736 600148 4.31473
-313.543 538.065 398.741 600148 4.31473
-313.415 539.764 398.745 600148 4.31473
-313.286 541.462 398.75 600148 4.24355
-313.16 543.16 398.755 600148 4.24356
-313.035 544.857 398.76 600148 4.24356
-312.909 546.554 398.765 600148 4.24356
-312.783 548.251 398.77 600148 4.24356
-312.657 549.949 398.775 600148 4.24356
-312.531 551.646 398.78 600148 4.72016
-312.392 553.331 398.786 610148 4.73984
-312.253 555.009 398.793 610148 4.73984
-312.113 556.687 398.8 610148 4.73985
-311.974 558.364 398.807 610148 4.73985
-311.835 560.042 398.814 610148 4.73985
-311.696 561.72 398.821 610148 5.04781
-311.547 563.409 398.831 610148 5.21787
-311.393 565.097 398.844 610148 5.21787
-311.239 566.785 398.857 610148 5.21787
-311.084 568.474 398.87 610148 5.21787
-310.93 570.162 398.882 610148 5.21788
-310.776 571.851 398.895 610148 5.23905
-310.618 573.574 398.908 610148 5.6497
-310.448 575.295 398.926 610148 5.67751
-310.277 577.017 398.944 610148 5.67751
-310.105 578.738 398.963 610148 5.67751
-309.934 580.46 398.981 610148 5.67751
-309.763 582.181 399 610148 5.64354
-309.592 583.914 399.018 610148 5.81227
-309.416 585.646 399.038 610148 6.08307
-309.231 587.378 399.062 610148 6.08307
-309.047 589.109 399.086 610148 6.08307
-308.862 590.841 399.109 610148 6.08307
-308.677 592.572 399.133 610148 6.08914
-308.492 594.311 399.157 610148 6.08914
-308.307 596.049 399.18 610148 6.47268
-308.109 597.786 399.208 610148 6.52969
-307.911 599.523 399.237 610148 6.52969
-307.712 601.26 399.265 610148 6.52969
-307.513 602.997 399.293 610148 6.49632
-307.314 604.746 399.322 610148 6.49632
-307.115 606.494 399.351 610148 6.66897
-306.91 608.243 399.381 610148 6.93783
-306.698 609.99 399.414 610148 6.93783
-306.485 611.737 399.447 610148 6.93783
-306.273 613.484 399.48 610148 6.9707
-306.056 615.257 399.514 610148 6.9707
-305.839 617.03 399.548 610148 6.9707
-305.622 618.802 399.581 610148 7.40414
-305.392 620.573 399.619 610148 7.41313
-305.162 622.344 399.656 610148 7.41313
-304.931 624.114 399.694 610148 7.43993
-304.697 625.912 399.732 610148 7.43993
-304.462 627.71 399.771 610148 7.43993
-304.227 629.508 399.809 610148 7.73517
-303.983 631.305 399.85 610148 7.88321
-303.734 633.101 399.892 610148 7.88321
-303.486 634.897 399.934 610148 7.8529
-303.236 636.709 399.976 610148 7.85291
-302.986 638.521 400.019 610148 7.85291
-302.736 640.332 400.061 610148 8.04197
-302.48 642.143 400.105 610148 8.29699
-302.216 643.953 400.151 610148 8.29699
-301.952 645.762 400.197 610148 8.29993
-301.686 647.587 400.243 610148 8.29993
-301.42 649.411 400.29 610148 8.29993
-301.154 651.236 400.336 610148 8.40487
-300.884 653.06 400.383 610148 8.74476
-300.604 654.882 400.433 610148 8.74476
-300.324 656.704 400.482 610148 8.74264
-300.048 658.5 400.531 610148 8.74265
-299.771 660.297 400.58 610148 8.74265
-299.495 662.093 400.628 610148 8.59702
-299.217 663.932 400.68 620148 8.49839
-298.949 665.728 400.742 620148 8.66252
-298.675 667.523 400.803 620148 8.82134
-298.404 669.268 400.862 620148 9.00251
-298.128 671.011 400.92 620148 9.10734
-297.849 672.754 400.979 620148 9.28983
-297.564 674.497 401.037 620148 9.35029
-297.277 676.238 401.096 620148 9.52345
-296.985 677.979 401.155 620148 9.66518
-296.692 679.702 401.214 620148 9.81706
-296.394 681.424 401.274 620148 9.82872
-296.095 683.145 401.334 620148 9.93586
-295.794 684.866 401.397 620148 9.94623
-295.492 686.587 401.459 620148 10.0067
-295.189 688.308 401.525 620148 10.1003
-294.879 690.046 401.591 620148 10.1214
-294.569 691.784 401.661 620148 10.1162
-294.259 693.522 401.732 620148 10.1062
-293.949 695.259 401.805 620148 10.6391
-293.634 696.935 401.87 630148 10.8174
-293.303 698.668 401.931 630148 10.6399
-292.968 700.451 401.996 630148 10.6113
-292.634 702.234 402.061 630148 10.5423
-292.302 704.017 402.127 630148 10.5398
-291.97 705.8 402.194 630148 10.5377
-291.639 707.584 402.262 630148 10.6077
-291.305 709.366 402.332 630148 10.6477
-290.965 711.172 402.403 630148 10.7941
-290.621 712.976 402.477 630148 10.9167
-290.274 714.779 402.551 630148 11.0539
-289.921 716.582 402.626 630148 11.3327
-289.56 718.383 402.703 630148 11.4608
-289.196 720.183 402.781 630148 11.8366
-288.821 721.969 402.86 630148 12.0795
-288.439 723.753 402.94 630148 12.3606
-288.049 725.535 403.022 630148 11.1225
-287.675 727.435 403.082 640148 11.2939
-287.317 729.228 403.146 640148 11.5079
-286.953 731.019 403.212 640148 11.6372
-286.584 732.809 403.28 640148 11.7578
-286.212 734.598 403.349 640148 11.9103
-285.834 736.387 403.42 640148 11.9605
-285.456 738.175 403.492 640148 12.1136
-285.072 739.962 403.565 640148 12.1392
-284.688 741.749 403.639 640148 12.2244
-284.301 743.535 403.713 640148 12.2513
-283.913 745.321 403.788 640148 12.2856
-283.524 747.106 403.864 640148 12.2948
-283.135 748.892 403.94 640148 12.2995
-282.746 750.678 404.016 640148 12.2701
-282.357 752.463 404.091 640148 12.2579
-281.969 754.249 404.167 640148 12.1858
-281.583 756.036 404.242 640148 12.8125
-281.191 757.761 404.316 650148 13.1877
-280.774 759.54 404.388 650148 13.1877
-280.357 761.319 404.459 650148 13.1877
-279.941 763.098 404.531 650148 13.186
-279.524 764.877 404.602 650148 13.186
-279.107 766.656 404.673 650148 13.186
-278.69 768.434 404.745 650148 13.186
-278.273 770.213 404.816 650148 13.186
-277.857 771.992 404.888 650148 13.6785
-277.425 773.767 404.96 650148 13.6943
-276.992 775.542 405.032 650148 13.6943
-276.56 777.317 405.104 650148 13.6943
-276.127 779.092 405.176 650148 13.6943
-275.695 780.866 405.248 650148 13.6943
-275.262 782.641 405.32 650148 13.6943
-274.83 784.416 405.392 650148 13.6926
-274.397 786.191 405.464 650148 13.8747
-273.959 787.964 405.537 650148 14.2241
-273.51 789.735 405.609 650148 14.2241
-273.062 791.506 405.682 650148 14.2241
-272.613 793.277 405.754 650148 14.2241
-272.164 795.048 405.827 650148 14.2242
-271.716 796.815 405.899 650148 14.2242
-271.268 798.582 405.971 650148 14.2242
-270.82 800.349 406.044 650148 14.2242
-270.372 802.117 406.116 650148 14.6154
-269.912 803.881 406.189 650148 14.7821
-269.447 805.643 406.261 650148 14.7802
-268.98 807.413 406.334 650148 14.7802
-268.513 809.184 406.407 650148 14.7802
-268.046 810.954 406.48 650148 14.7802
-267.579 812.724 406.553 650148 14.7802
-267.111 814.495 406.626 650148 14.7802
-266.644 816.265 406.699 650148 14.8344
-266.171 818.051 406.772 650148 15.3675
-265.682 819.832 406.846 650148 15.3675
-265.192 821.613 406.919 650148 15.3675
-264.703 823.394 406.993 650148 15.3675
-264.213 825.175 407.067 650148 15.3675
-263.724 826.956 407.14 650148 15.3038
-263.235 828.744 407.214 650148 15.3038
-262.746 830.531 407.288 650148 15.3038
-262.256 832.319 407.362 650148 15.6447
-261.757 834.103 407.436 650148 15.9143
-261.249 835.885 407.509 650148 15.9143
-260.74 837.668 407.583 650148 15.9125
-260.234 839.444 407.656 650148 15.9125
-259.728 841.22 407.73 650148 15.9125
-259.221 842.997 407.803 650148 15.9125
-258.715 844.773 407.877 650148 15.9125
-258.208 846.55 407.95 650148 15.9273
-257.701 848.326 408.024 650148 16.5487
-257.18 850.081 408.096 650148 16.5487
-256.659 851.835 408.169 650148 16.5487
-256.137 853.59 408.241 650148 16.5487
-255.616 855.345 408.314 650148 16.5487
-255.094 857.1 408.386 650148 16.5487
-254.573 858.855 408.458 650148 16.5521
-254.053 860.602 408.531 650148 16.5521
-253.534 862.35 408.603 650148 16.8089
-253.007 864.095 408.675 650148 17.2141
-252.467 865.837 408.746 650148 17.2141
-251.928 867.579 408.818 650148 17.2141
-251.388 869.32 408.89 650148 17.2106
-250.847 871.065 408.961 650148 17.2106
-250.307 872.811 409.033 650148 17.2106
-249.766 874.556 409.105 650148 17.2106
-249.226 876.301 409.177 650148 17.2106
-248.685 878.046 409.249 650148 17.7145
-248.129 879.787 409.32 650148 17.898
-247.568 881.525 409.391 650148 17.898
-247.006 883.264 409.462 650148 17.898
-246.445 885.002 409.533 650148 17.898
-245.883 886.741 409.604 650148 17.898
-245.322 888.48 409.675 650148 17.898
-244.76 890.218 409.746 650148 17.8997
-244.199 891.956 409.817 650148 17.9548
-243.636 893.694 409.888 650148 18.6121
-243.053 895.425 409.958 650148 18.6121
-242.47 897.156 410.028 650148 18.6121
-241.887 898.888 410.098 650148 18.6121
-241.304 900.619 410.168 650148 18.6103
-240.721 902.351 410.238 650148 18.6103
-240.137 904.082 410.309 650148 18.6103
-239.554 905.814 410.379 650148 18.6103
-238.971 907.546 410.449 650148 19.0068
-238.373 909.281 410.526 660148 19.259
-237.771 911.006 410.605 660148 19.259
-237.168 912.73 410.683 660148 19.259
-236.566 914.454 410.761 660148 19.259
-235.963 916.179 410.84 660148 19.259
-235.361 917.903 410.918 660148 19.259
-234.759 919.627 410.997 660148 19.259
-234.156 921.351 411.075 660148 19.259
-233.554 923.076 411.154 660148 19.259
-232.951 924.8 411.232 660148 19.259
-232.349 926.525 411.311 660148 19.259
-231.746 928.249 411.389 660148 19.259
-231.144 929.974 411.468 660148 19.9098
-230.521 931.692 411.54 660148 20.1412
-229.891 933.41 411.611 660148 20.1412
-229.261 935.128 411.682 660148 20.1412
-228.631 936.846 411.753 660148 20.1412
-228.001 938.564 411.824 660148 20.1412
-227.371 940.282 411.895 660148 20.1412
-226.74 942.001 411.966 660148 20.1272
-226.112 943.715 412.037 660148 20.1272
-225.484 945.429 412.108 660148 20.1272
-224.856 947.143 412.179 660148 20.1272
-224.227 948.858 412.25 660148 20.1272
-223.599 950.572 412.321 660148 20.1272
-222.971 952.286 412.391 660148 20.586
-222.332 953.987 412.457 660148 20.8864
-221.684 955.684 412.519 660148 20.8864
-221.037 957.381 412.582 660148 20.8864
-220.389 959.079 412.645 660148 20.8864
-219.741 960.776 412.707 660148 20.8864
-219.094 962.474 412.77 660148 21.1283
-218.44 964.166 412.833 660148 21.1283
-217.786 965.858 412.895 660148 21.1283
-217.132 967.551 412.958 660148 21.1283
-216.478 969.243 413.02 660148 21.1283
-215.824 970.936 413.083 660148 21.1283
-215.17 972.628 413.145 660148 21.4198
-214.516 974.293 413.207 660148 21.8291
-213.851 975.953 413.265 660148 22.3165
-213.172 977.608 413.319 660148 22.3165
-212.493 979.263 413.373 660148 22.3165
-211.814 980.918 413.427 660148 22.3165
-211.134 982.573 413.48 660148 22.5339
-210.465 984.185 413.533 660148 22.5339
-209.796 985.798 413.585 660148 22.5339
-209.127 987.41 413.638 660148 22.534
-208.458 989.023 413.69 660148 22.534
-207.789 990.635 413.743 660148 22.534
-207.12 992.248 413.795 660148 22.2677
-206.469 993.838 413.847 660148 22.2677
-205.818 995.427 413.898 660148 22.2677
-205.167 997.017 413.95 660148 22.9941
-204.496 998.599 413.995 660148 23.1771
-203.82 1000.18 414.039 660148 23.1771
-203.143 1001.76 414.083 660148 23.0641
-202.47 1003.34 414.127 660148 23.0641
-201.797 1004.92 414.171 660148 23.0641
-201.124 1006.5 414.214 660148 23.0641
-200.451 1008.08 414.258 660148 23.0641
-199.778 1009.66 414.302 660148 23.0641
-199.104 1011.24 414.346 660148 22.698
-198.429 1012.86 414.39 660148 22.698
-197.754 1014.47 414.435 660148 22.698
-197.079 1016.09 414.48 660148 22.698
-196.404 1017.7 414.524 660148 22.698
-195.729 1019.31 414.569 660148 23.5666
-195.03 1020.92 414.606 660148 23.7112
-194.318 1022.54 414.643 660148 23.7112
-193.607 1024.16 414.679 660148 23.7112
-192.896 1025.78 414.716 660148 23.7112
-192.185 1027.39 414.753 660148 23.7112
-191.474 1029.01 414.79 660148 23.7112
-190.762 1030.63 414.827 660148 23.7111
-190.053 1032.25 414.863 660148 23.7111
-189.343 1033.86 414.9 660148 23.7111
-188.634 1035.48 414.937 660148 23.7111
-187.924 1037.09 414.973 660148 23.7111
-187.215 1038.71 415.01 660148 23.7111
-186.506 1040.33 415.047 660148 24.0344
-185.787 1041.94 415.081 660148 24.6425
-185.051 1043.54 415.109 660148 24.6425
-184.315 1045.15 415.137 660148 24.6425
-183.579 1046.75 415.165 660148 24.6425
-182.843 1048.35 415.194 660148 24.6425
-182.108 1049.96 415.222 660148 24.6461
-181.372 1051.56 415.25 660148 24.6461
-180.636 1053.16 415.278 660148 24.6461
-179.9 1054.77 415.306 660148 24.6461
-179.164 1056.37 415.335 660148 24.6461
-178.429 1057.98 415.363 660148 24.6461
-177.693 1059.58 415.391 660148 24.6443
-176.957 1061.18 415.419 660148 24.6443
-176.221 1062.79 415.448 660148 25.3323
-175.466 1064.38 415.47 660148 25.5884
-174.704 1065.97 415.489 660148 25.5884
-173.942 1067.57 415.509 660148 25.5884
-173.18 1069.16 415.528 660148 25.5884
-172.418 1070.75 415.548 660148 25.5884
-171.656 1072.34 415.567 660148 25.5885
-170.893 1073.93 415.587 660148 25.5885
-170.131 1075.52 415.606 660148 25.5885
-169.369 1077.11 415.626 660148 25.5885
-168.607 1078.71 415.645 660148 25.5885
-167.845 1080.3 415.665 660148 25.5885
-167.083 1081.89 415.684 660148 25.5885
-166.321 1083.48 415.704 660148 25.6687
-165.556 1085.07 415.723 660148 26.5429
-164.768 1086.65 415.733 660148 26.5429
-163.979 1088.23 415.744 660148 26.5411
-163.19 1089.81 415.755 660148 26.5411
-162.402 1091.39 415.765 660148 26.5411
-161.613 1092.96 415.776 660148 26.5411
-160.825 1094.54 415.787 660148 26.5411
-160.036 1096.12 415.797 660148 26.5411
-159.248 1097.7 415.808 660148 26.5429
-158.459 1099.28 415.819 660148 26.5429
-157.671 1100.86 415.829 660148 26.5429
-156.882 1102.44 415.84 660148 26.5429
-156.093 1104.02 415.851 660148 26.5429
-155.305 1105.59 415.861 660148 26.9389
-154.505 1107.17 415.868 660148 27.507
-153.69 1108.73 415.87 660148 27.507
-152.875 1110.3 415.871 660148 27.507
-152.059 1111.87 415.873 660148 27.507
-151.244 1113.43 415.874 660148 27.507
-150.428 1115 415.876 660148 27.507
-149.613 1116.56 415.878 660148 27.5069
-148.799 1118.13 415.879 660148 27.5069
-147.985 1119.69 415.881 660148 27.5069
-147.171 1121.25 415.882 660148 27.5069
-146.357 1122.82 415.884 660148 27.5069
-145.543 1124.38 415.885 660148 27.5069
-144.729 1125.94 415.887 660148 27.5071
-143.912 1127.51 415.889 660148 28.4845
-143.067 1129.07 415.884 670148 28.3802
-142.227 1130.62 415.879 670148 28.3802
-141.386 1132.18 415.874 670148 28.3802
-140.546 1133.73 415.869 670148 28.3802
-139.706 1135.29 415.864 670148 28.3599
-138.873 1136.83 415.859 670148 28.3599
-138.04 1138.38 415.854 670148 28.3599
-137.207 1139.92 415.849 670148 28.3599
-136.374 1141.46 415.844 670148 28.3599
-135.541 1143.01 415.84 670148 28.3599
-134.708 1144.55 415.835 670148 28.3518
-133.884 1146.08 415.83 670148 28.3518
-133.06 1147.6 415.825 670148 28.3518
-132.235 1149.13 415.82 670148 28.6546
-131.403 1150.65 415.812 670148 29.3745
-130.552 1152.17 415.795 670148 29.3745
-129.701 1153.68 415.778 670148 29.675
-128.805 1155.25 415.76 670148 29.675
-127.91 1156.82 415.742 670148 29.675
-127.014 1158.39 415.724 670148 29.675
-126.118 1159.97 415.706 670148 29.675
-125.223 1161.54 415.688 670148 29.675
-124.327 1163.11 415.671 670148 29.7931
-123.401 1164.73 415.652 670148 29.7931
-122.475 1166.34 415.634 670148 29.7932
-121.549 1167.96 415.615 670148 29.7932
-120.623 1169.58 415.597 670148 29.7932
-119.697 1171.2 415.579 670148 29.7932
-118.771 1172.81 415.56 670148 30.5395
-117.797 1174.46 415.534 670148 30.9637
-116.811 1176.11 415.503 670148 30.9637
-115.825 1177.75 415.472 670148 30.9637
-114.839 1179.39 415.441 670148 30.9637
-113.853 1181.04 415.41 670148 30.9637
-112.867 1182.68 415.379 670148 30.9429
-111.84 1184.39 415.346 670148 30.943
-110.814 1186.1 415.314 670148 30.943
-109.788 1187.82 415.281 670148 30.943
-108.762 1189.53 415.249 670148 30.943
-107.736 1191.24 415.216 670148 30.943
-106.71 1192.95 415.184 670148 30.9222
-105.681 1194.67 415.151 670148 30.9222
-104.652 1196.39 415.119 670148 31.8835
-103.594 1198.09 415.076 670148 31.9533
-102.534 1199.79 415.032 670148 31.9534
-101.474 1201.49 414.988 670148 31.9534
-100.414 1203.19 414.944 670148 31.9548
-99.3577 1204.88 414.9 670148 31.9548
-98.3012 1206.57 414.856 670148 31.9548
-97.2447 1208.27 414.812 670148 31.9548
-96.1883 1209.96 414.768 670148 31.9548
-95.1318 1211.65 414.725 670148 31.9548
-94.0754 1213.35 414.681 670148 31.9548
-93.019 1215.04 414.637 670148 31.9548
-91.9627 1216.73 414.593 670148 31.9549
-90.9063 1218.43 414.549 670148 32.4693
-89.8349 1220.11 414.5 670148 32.9891
-88.7482 1221.79 414.446 670148 32.9891
-87.6615 1223.46 414.393 670148 32.9877
-86.5714 1225.14 414.339 670148 32.9877
-85.4814 1226.82 414.285 670148 32.9878
-84.3914 1228.5 414.231 670148 32.9878
-83.3014 1230.18 414.177 670148 32.9878
-82.2114 1231.86 414.123 670148 32.9878
-81.1214 1233.54 414.068 670148 33.0212
-80.0341 1235.21 414.015 670148 33.0212
-78.9469 1236.88 413.961 670148 33.0212
-77.8596 1238.55 413.907 670148 33.0212
-76.7724 1240.23 413.853 670148 33.0736
-75.6837 1241.9 413.799 670148 34.0579
-74.5664 1243.55 413.736 670148 33.9907
-73.4723 1245.17 413.675 670148 33.9907
-72.3782 1246.8 413.614 670148 33.9908
-71.2841 1248.42 413.552 670148 33.9908
-70.19 1250.04 413.491 670148 33.9908
-69.0959 1251.66 413.43 670148 33.9908
-68.0019 1253.29 413.369 670148 33.8228
-66.94 1254.87 413.309 670148 33.8228
-65.8781 1256.46 413.249 670148 33.8228
-64.8163 1258.04 413.189 670148 33.8228
-63.7544 1259.63 413.13 670148 33.8228
-62.6926 1261.21 413.07 670148 33.8228
-61.6308 1262.8 413.01 670148 33.8306
-60.597 1264.34 412.951 670148 34.7394
-59.539 1265.86 412.886 670148 34.7394
-58.481 1267.39 412.821 670148 34.7394
-57.423 1268.92 412.756 670148 34.7394
-56.3651 1270.44 412.691 670148 34.7394
-55.3071 1271.97 412.626 670148 34.5559
-54.2834 1273.45 412.563 670148 34.5559
-53.2597 1274.94 412.5 670148 34.5559
-52.236 1276.43 412.437 670148 34.5559
-51.2123 1277.91 412.374 670148 34.5559
-50.1886 1279.4 412.311 670148 34.5559
-49.1648 1280.89 412.248 670148 34.4684
-48.1746 1282.33 412.187 670148 34.4684
-47.1843 1283.77 412.125 670148 34.4684
-46.194 1285.21 412.064 670148 34.6973
-45.1981 1286.65 412.002 670148 35.5078
-44.1819 1288.08 411.936 670148 35.5078
-43.1658 1289.5 411.869 670148 35.5958
-42.166 1290.9 411.804 670148 35.5958
-41.1662 1292.29 411.739 670148 35.5958
-40.1664 1293.69 411.674 670148 35.5958
-39.1666 1295.09 411.609 670148 35.5958
-38.1668 1296.48 411.544 670148 35.5958
-37.167 1297.88 411.479 670148 35.6588
-36.1552 1299.29 411.413 670148 35.6588
-35.1434 1300.7 411.347 670148 35.6588
-34.1316 1302.11 411.281 670148 35.6588
-33.1198 1303.52 411.215 670148 35.6588
-32.1081 1304.93 411.15 670148 35.6588
-31.0963 1306.34 411.084 670148 35.6588
-30.0657 1307.78 411.017 670148 36.319
-29.0188 1309.2 410.947 670148 36.6986
-27.9624 1310.62 410.876 670148 36.6986
-26.906 1312.04 410.805 670148 36.6986
-25.8497 1313.45 410.734 670148 36.6986
-24.7933 1314.87 410.663 670148 36.6986
-23.731 1316.3 410.592 670148 36.6986
-22.6687 1317.72 410.521 670148 36.6986
-21.6064 1319.15 410.449 670148 36.6986
-20.544 1320.57 410.378 670148 36.6986
-19.4817 1322 410.306 670148 36.6986
-18.4194 1323.42 410.235 670148 0
