-297.784 -1933.32 378.109 0 25.0133
-297.221 -1932.12 378.157 0 25.0133
-296.658 -1930.91 378.204 0 25.0133
-296.095 -1929.7 378.252 0 25.0133
-295.532 -1928.5 378.299 0 25.0133
-294.968 -1927.29 378.347 0 25.0133
-294.405 -1926.08 378.394 0 25.0109
-293.842 -1924.88 378.441 0 25.0109
-293.279 -1923.67 378.489 0 25.0109
-292.716 -1922.46 378.536 0 24.4522
-292.165 -1921.25 378.586 0 24.143
-291.62 -1920.04 378.637 0 24.143
-291.076 -1918.82 378.688 0 24.1453
-290.531 -1917.6 378.74 0 24.1453
-289.986 -1916.39 378.791 0 24.1453
-289.441 -1915.17 378.842 0 24.1453
-288.896 -1913.96 378.893 0 24.1453
-288.351 -1912.74 378.944 0 24.1453
-287.806 -1911.53 378.995 0 24.1456
-287.262 -1910.31 379.047 0 24.1456
-286.718 -1909.1 379.098 0 24.1456
-286.173 -1907.88 379.149 0 24.1456
-285.629 -1906.67 379.2 0 24.1456
-285.085 -1905.46 379.251 0 24.1456
-284.541 -1904.24 379.302 0 24.1461
-283.998 -1903.03 379.353 0 24.1461
-283.455 -1901.82 379.404 0 23.4971
-282.926 -1900.6 379.458 0 23.282
-282.401 -1899.38 379.512 0 23.282
-281.877 -1898.16 379.567 0 23.282
-281.352 -1896.95 379.621 0 23.2791
-280.826 -1895.72 379.676 0 23.2791
-280.301 -1894.5 379.73 0 23.2791
-279.775 -1893.28 379.785 0 23.2791
-279.249 -1892.06 379.84 0 23.2791
-278.723 -1890.84 379.894 0 23.2791
-278.198 -1889.61 379.949 0 23.2437
-277.667 -1888.38 380.004 0 23.2437
-277.136 -1887.14 380.06 0 23.2437
-276.605 -1885.91 380.115 0 23.2437
-276.074 -1884.67 380.17 0 23.2437
-275.543 -1883.43 380.225 0 23.2437
-275.012 -1882.2 380.281 0 23.2796
-274.469 -1880.94 380.337 0 22.4853
-273.944 -1879.67 380.397 0 22.4197
-273.42 -1878.4 380.457 0 22.4197
-272.896 -1877.13 380.517 0 22.4197
-272.371 -1875.86 380.577 0 22.4197
-271.847 -1874.58 380.637 0 22.4569
-271.313 -1873.29 380.698 0 22.4569
-270.778 -1872 380.759 0 22.4569
-270.244 -1870.7 380.82 0 22.4569
-269.709 -1869.41 380.881 0 22.4569
-269.175 -1868.12 380.942 0 22.4569
-268.64 -1866.83 381.003 0 22.421
-268.102 -1865.52 381.065 0 22.421
-267.563 -1864.22 381.126 0 22.421
-267.025 -1862.91 381.188 0 22.421
-266.487 -1861.61 381.249 0 22.421
-265.948 -1860.3 381.311 0 21.763
-265.425 -1858.99 381.375 0 21.5647
-264.904 -1857.67 381.441 0 21.5647
-264.383 -1856.35 381.506 0 21.5647
-263.862 -1855.03 381.571 0 21.5647
-263.34 -1853.72 381.637 0 21.5647
-262.819 -1852.4 381.702 0 21.5647
-262.298 -1851.08 381.767 0 21.5274
-261.773 -1849.75 381.833 0 21.5274
-261.249 -1848.42 381.899 0 21.5274
-260.724 -1847.09 381.965 0 21.5274
-260.2 -1845.76 382.031 0 21.5274
-259.675 -1844.43 382.097 0 21.5274
-259.15 -1843.1 382.162 0 21.5682
-258.615 -1841.75 382.23 0 21.5682
-258.08 -1840.39 382.297 0 21.5682
-257.545 -1839.04 382.364 0 20.7445
-257.03 -1837.68 382.434 0 20.7177
-256.515 -1836.32 382.504 0 20.7177
-256 -1834.95 382.575 0 20.748
-255.474 -1833.57 382.647 0 20.748
-254.948 -1832.18 382.718 0 20.748
-254.422 -1830.79 382.79 0 20.748
-253.897 -1829.4 382.862 0 20.748
-253.371 -1828.01 382.934 0 20.748
-252.845 -1826.63 383.006 390149 20.7159
-252.315 -1825.22 383.078 390149 20.7159
-251.785 -1823.82 383.151 390149 20.7159
-251.254 -1822.42 383.223 390149 20.7159
-250.724 -1821.02 383.296 390149 20.7159
-250.194 -1819.62 383.368 390149 20.7159
-249.663 -1818.21 383.441 390149 20.0407
-249.149 -1816.8 383.521 400149 20.0674
-248.633 -1815.39 383.599 400149 20.0674
-248.118 -1813.98 383.677 400149 20.0674
-247.603 -1812.57 383.755 400149 20.0674
-247.087 -1811.16 383.833 400149 20.0674
-246.572 -1809.75 383.911 400149 20.0678
-246.058 -1808.34 383.989 400149 20.0678
-245.543 -1806.93 384.067 400149 20.0678
-245.029 -1805.52 384.145 400149 20.0678
-244.514 -1804.12 384.222 400149 19.4965
-244.014 -1802.7 384.3 400149 19.4616
-243.515 -1801.29 384.377 0 19.4619
-243.016 -1799.88 384.455 0 19.4619
-242.517 -1798.47 384.532 0 19.4619
-242.018 -1797.05 384.61 0 19.4619
-241.519 -1795.64 384.687 0 19.4619
-241.02 -1794.23 384.765 0 19.4619
-240.521 -1792.82 384.842 0 19.464
-240.023 -1791.41 384.92 0 19.464
-239.524 -1790 384.997 0 19.2764
-239.03 -1788.58 385.074 0 18.8591
-238.546 -1787.17 385.151 0 18.8591
-238.062 -1785.75 385.228 0 18.8591
-237.578 -1784.33 385.305 400149 18.8559
-237.092 -1782.91 385.383 400149 18.8559
-236.605 -1781.49 385.46 400149 18.8559
-236.119 -1780.06 385.537 400149 18.8559
-235.633 -1778.64 385.615 400149 18.8559
-235.146 -1777.21 385.692 400149 18.8559
-234.66 -1775.79 385.769 0 18.8569
-234.176 -1774.37 385.846 0 18.4324
-233.702 -1772.95 385.923 0 18.2532
-233.233 -1771.53 385.999 0 18.2532
-232.764 -1770.11 386.076 0 18.2532
-232.295 -1768.68 386.152 0 18.2532
-231.826 -1767.26 386.229 0 18.2593
-231.366 -1765.87 386.304 0 18.2593
-230.905 -1764.47 386.379 0 18.2593
-230.445 -1763.08 386.454 0 18.2592
-229.985 -1761.68 386.529 0 18.2592
-229.524 -1760.28 386.604 0 18.2592
-229.064 -1758.89 386.679 0 17.8356
-228.621 -1757.51 386.752 0 17.8061
-228.18 -1756.14 386.825 0 17.8061
-227.738 -1754.76 386.898 0 17.8061
-227.296 -1753.39 386.971 0 17.8061
-226.855 -1752.01 387.044 0 17.8061
-226.413 -1750.64 387.117 0 17.7651
-225.976 -1749.28 387.189 0 17.7651
-225.54 -1747.91 387.262 0 17.7651
-225.104 -1746.55 387.334 0 17.7651
-224.667 -1745.19 387.406 0 17.7651
-224.231 -1743.83 387.479 0 17.2446
-223.807 -1742.46 387.55 0 17.194
-223.382 -1741.09 387.622 0 17.194
-222.957 -1739.72 387.694 0 17.194
-222.532 -1738.34 387.766 0 17.194
-222.108 -1736.97 387.838 0 17.194
-221.683 -1735.6 387.91 0 17.194
-221.258 -1734.23 387.982 0 17.1951
-220.832 -1732.85 388.054 0 17.1951
-220.406 -1731.47 388.126 0 17.1951
-219.98 -1730.09 388.198 0 17.1951
-219.554 -1728.72 388.27 0 16.7293
-219.139 -1727.34 388.342 0 16.5961
-218.727 -1725.96 388.413 0 16.5951
-218.317 -1724.58 388.484 0 16.5951
-217.906 -1723.2 388.555 0 16.5951
-217.496 -1721.83 388.626 0 16.5951
-217.086 -1720.45 388.697 0 16.5951
-216.676 -1719.07 388.768 0 16.5951
-216.266 -1717.7 388.839 0 16.5938
-215.854 -1716.31 388.91 0 16.5938
-215.442 -1714.93 388.982 0 16.5938
-215.03 -1713.55 389.053 0 16.1842
-214.629 -1712.17 389.124 0 15.9966
-214.231 -1710.78 389.194 0 15.9966
-213.834 -1709.4 389.264 0 15.9642
-213.433 -1707.99 389.335 0 15.9642
-213.032 -1706.59 389.407 0 15.9642
-212.63 -1705.19 389.478 0 15.9642
-212.229 -1703.79 389.549 0 15.9642
-211.828 -1702.38 389.62 0 15.9642
-211.427 -1700.98 389.691 0 16.0303
-211.018 -1699.56 389.763 0 16.0303
-210.608 -1698.13 389.836 0 15.5887
-210.21 -1696.71 389.907 0 15.435
-209.816 -1695.28 389.978 0 15.435
-209.422 -1693.85 390.049 0 15.435
-209.027 -1692.42 390.121 400149 15.4052
-208.629 -1690.98 390.193 400149 15.4052
-208.231 -1689.53 390.265 400149 15.4052
-207.833 -1688.09 390.336 400149 15.4052
-207.435 -1686.64 390.408 400149 15.4052
-207.037 -1685.2 390.48 400149 15.4052
-206.639 -1683.75 390.552 400149 15.3795
-206.241 -1682.3 390.625 400149 14.807
-205.857 -1680.85 390.695 400149 14.807
-205.473 -1679.4 390.766 400149 14.807
-205.089 -1677.95 390.837 400149 14.807
-204.705 -1676.5 390.908 400149 14.8069
-204.321 -1675.04 390.979 0 14.8084
-203.939 -1673.6 391.05 0 14.8084
-203.557 -1672.15 391.12 0 14.8084
-203.174 -1670.71 391.191 0 14.8084
-202.792 -1669.26 391.262 0 14.8084
-202.41 -1667.81 391.332 400149 14.0736
-202.044 -1666.35 391.413 0 13.7883
-201.688 -1664.9 391.496 0 13.7552
-201.333 -1663.45 391.579 0 13.7334
-200.979 -1662 391.66 0 13.7166
-200.625 -1660.55 391.74 0 13.6867
-200.271 -1659.1 391.82 0 13.6823
-199.918 -1657.65 391.899 410149 13.6133
-199.563 -1656.19 391.979 410149 13.6133
-199.208 -1654.72 392.058 410149 13.5866
-198.854 -1653.26 392.136 410149 13.5833
-198.5 -1651.79 392.214 410149 13.5688
-198.146 -1650.32 392.293 410149 13.5615
-197.793 -1648.86 392.371 410149 13.5554
-197.432 -1647.36 392.45 410149 13.5481
-197.072 -1645.87 392.53 410149 13.5467
-196.712 -1644.37 392.61 410149 13.5429
-196.351 -1642.88 392.691 410149 13.5432
-195.991 -1641.38 392.771 410149 13.5461
-195.631 -1639.89 392.853 410149 13.641
-195.261 -1638.36 392.936 410149 13.6518
-194.89 -1636.83 393.021 410149 13.6524
-194.52 -1635.31 393.107 410149 13.6384
-194.149 -1633.78 393.173 420149 13.6108
-193.779 -1632.26 393.242 420149 13.3794
-193.416 -1630.73 393.313 420149 13.2758
-193.051 -1629.18 393.385 420149 13.0697
-192.691 -1627.63 393.458 420149 13.044
-192.332 -1626.08 393.532 420149 12.8662
-191.978 -1624.53 393.607 420149 12.8421
-191.625 -1622.98 393.682 420149 12.692
-191.276 -1621.43 393.757 420149 12.4463
-190.934 -1619.88 393.832 420149 12.3231
-190.595 -1618.33 393.908 420149 12.3047
-190.257 -1616.78 393.984 420149 12.2078
-189.921 -1615.23 394.059 420149 12.1931
-189.586 -1613.68 394.135 420149 12.1218
-189.253 -1612.13 394.21 420149 12.0721
-188.923 -1610.58 394.284 420149 12.0256
-188.594 -1609.04 394.358 420149 12.0208
-188.266 -1607.5 394.431 420149 11.9985
-187.938 -1605.96 394.503 420149 11.6438
-187.617 -1604.4 394.576 430149 11.2785
-187.309 -1602.85 394.652 430149 11.3492
-186.999 -1601.31 394.725 430149 11.3767
-186.689 -1599.77 394.795 430149 11.3886
-186.378 -1598.22 394.864 430149 11.4011
-186.067 -1596.68 394.931 430149 11.3987
-185.755 -1595.14 394.997 430149 11.3963
-185.444 -1593.59 395.063 430149 11.4176
-185.132 -1592.05 395.129 430149 11.4001
-184.819 -1590.5 395.197 430149 11.369
-184.508 -1588.95 395.265 430149 11.3369
-184.197 -1587.4 395.336 430149 11.2911
-183.888 -1585.85 395.409 430149 11.2444
-183.58 -1584.3 395.484 430149 11.0791
-183.277 -1582.75 395.564 430149 11.0179
-182.975 -1581.2 395.647 430149 10.9428
-182.675 -1579.65 395.735 430149 10.867
-182.377 -1578.1 395.828 430149 10.7775
-182.082 -1576.55 395.927 430149 10.6868
-181.79 -1575 396.032 430149 10.179
-181.512 -1573.45 396.103 440149 10.0696
-181.239 -1571.91 396.17 440149 10.0696
-180.965 -1570.37 396.236 440149 10.0696
-180.691 -1568.83 396.303 440149 9.88229
-180.423 -1567.29 396.371 440149 9.87147
-180.155 -1565.75 396.439 440149 9.87476
-179.891 -1564.24 396.505 440149 9.86511
-179.629 -1562.73 396.572 440149 9.67734
-179.371 -1561.21 396.64 440149 9.67734
-179.113 -1559.7 396.707 440149 9.67734
-178.855 -1558.19 396.775 440149 9.65497
-178.597 -1556.67 396.843 440149 9.4448
-178.349 -1555.18 396.909 440149 9.4448
-178.101 -1553.69 396.976 440149 9.4448
-177.853 -1552.2 397.043 440149 9.42103
-177.606 -1550.71 397.109 440149 9.24887
-177.363 -1549.22 397.175 440149 9.24887
-177.12 -1547.73 397.241 440149 9.24883
-176.877 -1546.23 397.306 440149 9.22408
-176.635 -1544.74 397.372 440149 9.05364
-176.397 -1543.25 397.436 440149 9.05364
-176.159 -1541.76 397.5 440149 9.05364
-175.921 -1540.26 397.564 440149 9.02801
-175.684 -1538.77 397.628 440149 8.89096
-175.447 -1537.25 397.69 440149 8.89096
-175.209 -1535.74 397.753 440149 8.89096
-174.972 -1534.22 397.815 440149 8.85322
-174.736 -1532.71 397.877 440149 8.69728
-174.504 -1531.19 397.936 440149 8.69728
-174.272 -1529.67 397.995 440149 8.69459
-174.035 -1528.12 398.056 440149 8.63682
-173.799 -1526.57 398.115 440149 8.50167
-173.567 -1525.01 398.171 440149 8.50167
-173.334 -1523.46 398.227 440149 8.50167
-173.102 -1521.91 398.283 440149 8.41442
-172.872 -1520.35 398.337 440149 8.35222
-172.64 -1518.77 398.388 440149 8.35222
-172.407 -1517.18 398.44 440149 8.35222
-172.174 -1515.6 398.492 440149 7.60424
-171.962 -1514.01 398.555 450149 7.56448
-171.751 -1512.42 398.617 450149 7.56448
-171.54 -1510.83 398.679 450149 7.52319
-171.33 -1509.24 398.742 450149 7.52319
-171.119 -1507.64 398.804 450149 7.52319
-170.909 -1506.05 398.867 450149 7.52319
-170.699 -1504.46 398.929 450149 7.52319
-170.488 -1502.87 398.992 450149 7.52319
-170.278 -1501.27 399.054 450149 7.52577
-170.07 -1499.7 399.116 450149 7.52577
-169.861 -1498.12 399.178 450149 7.52576
-169.653 -1496.54 399.24 450149 7.52576
-169.444 -1494.96 399.302 450149 7.13131
-169.247 -1493.38 399.362 450149 6.75286
-169.06 -1491.8 399.42 450149 6.77246
-168.872 -1490.23 399.478 450149 6.77246
-168.685 -1488.65 399.537 450149 6.77246
-168.498 -1487.08 399.595 450149 6.77246
-168.311 -1485.5 399.653 450149 6.77246
-168.124 -1483.93 399.711 450149 6.77246
-167.937 -1482.35 399.769 450149 6.80782
-167.746 -1480.76 399.828 450149 6.80782
-167.556 -1479.16 399.887 450149 6.80782
-167.365 -1477.56 399.946 450149 6.80781
-167.175 -1475.97 400.005 450149 6.80781
-166.984 -1474.37 400.064 450149 6.80641
-166.794 -1472.77 400.122 450149 6.08943
-166.619 -1471.14 400.179 450149 6.08935
-166.444 -1469.5 400.236 450149 6.08935
-166.27 -1467.86 400.292 450149 6.08935
-166.095 -1466.22 400.349 450149 6.08935
-165.92 -1464.59 400.406 450149 6.08935
-165.746 -1462.95 400.462 450149 6.05927
-165.569 -1461.29 400.52 450149 6.05927
-165.393 -1459.63 400.577 450149 6.05926
-165.217 -1457.97 400.635 450149 6.05926
-165.04 -1456.31 400.692 450149 6.05926
-164.864 -1454.64 400.749 450149 6.05926
-164.688 -1452.98 400.807 450149 6.05623
-164.511 -1451.32 400.864 450149 5.26591
-164.358 -1449.66 400.918 450149 5.26557
-164.205 -1447.99 400.972 450149 5.26557
-164.051 -1446.33 401.026 450149 5.26557
-163.898 -1444.67 401.079 450149 5.26557
-163.745 -1443 401.133 450149 5.26738
-163.591 -1441.34 401.187 450149 5.26738
-163.438 -1439.68 401.24 450149 5.26738
-163.285 -1438.02 401.294 450149 5.26738
-163.132 -1436.36 401.348 450149 5.26738
-162.979 -1434.7 401.401 450149 5.26738
-162.826 -1433.03 401.455 450149 5.26539
-162.673 -1431.38 401.508 450149 5.20977
-162.521 -1429.72 401.562 450149 4.4646
-162.392 -1428.06 401.612 450149 4.4646
-162.262 -1426.39 401.661 450149 4.4646
-162.132 -1424.73 401.711 450149 4.4646
-162.003 -1423.07 401.761 450149 4.46654
-161.873 -1421.41 401.811 450149 4.46654
-161.743 -1419.75 401.861 450149 4.46654
-161.613 -1418.09 401.911 450149 4.46654
-161.483 -1416.43 401.961 450149 4.46654
-161.354 -1414.76 402.011 450149 4.46654
-161.224 -1413.1 402.061 450149 4.4646
-161.094 -1411.44 402.11 450149 4.4646
-160.965 -1409.78 402.16 450149 4.37654
-160.837 -1408.12 402.21 450149 3.6552
-160.731 -1406.46 402.256 450149 3.6552
-160.625 -1404.79 402.302 450149 3.6552
-160.519 -1403.13 402.348 450149 3.6572
-160.412 -1401.47 402.395 450149 3.6572
-160.306 -1399.8 402.441 450149 3.6572
-160.199 -1398.14 402.487 450149 3.6572
-160.093 -1396.47 402.534 450149 3.6572
-159.987 -1394.8 402.58 450149 3.6572
-159.88 -1393.14 402.626 450149 3.6573
-159.773 -1391.47 402.672 450149 3.6573
-159.667 -1389.8 402.719 450149 3.6573
-159.56 -1388.14 402.765 450149 3.53001
-159.457 -1386.47 402.811 450149 2.83966
-159.375 -1384.8 402.854 450149 2.83966
-159.292 -1383.13 402.896 450149 2.83761
-159.209 -1381.46 402.939 450149 2.83761
-159.127 -1379.8 402.981 450149 2.83761
-159.044 -1378.13 403.024 450149 2.83761
-158.961 -1376.47 403.067 450149 2.83761
-158.879 -1374.8 403.109 450149 2.83761
-158.796 -1373.13 403.152 450149 2.86971
-158.714 -1371.49 403.194 450149 2.86971
-158.631 -1369.84 403.236 450149 2.86971
-158.549 -1368.2 403.278 450149 2.86971
-158.466 -1366.55 403.32 450149 2.76626
-158.387 -1364.91 403.362 450149 2.0442
-158.328 -1363.26 403.4 450149 1.98093
-158.272 -1361.64 403.438 450149 1.98093
-158.216 -1360.02 403.476 450149 1.98093
-158.16 -1358.4 403.514 450149 1.98093
-158.104 -1356.78 403.552 450149 1.98093
-158.048 -1355.16 403.59 450149 1.98093
-157.992 -1353.54 403.628 450149 1.98068
-157.936 -1351.92 403.666 450149 1.98068
-157.88 -1350.3 403.703 450149 1.98068
-157.824 -1348.69 403.741 450149 1.98068
-157.768 -1347.07 403.779 450149 1.98068
-157.712 -1345.45 403.817 450149 1.98068
-157.656 -1343.84 403.855 450149 1.33261
-157.618 -1342.2 403.89 450149 1.13948
-157.586 -1340.55 403.925 450149 1.13947
-157.553 -1338.91 403.96 450149 1.13947
-157.52 -1337.27 403.995 450149 1.13947
-157.488 -1335.63 404.03 450149 1.13947
-157.455 -1333.98 404.065 450149 1.25164
-157.418 -1332.31 404.1 450149 1.25164
-157.382 -1330.64 404.136 450149 1.25164
-157.345 -1328.96 404.171 450149 1.25164
-157.309 -1327.29 404.207 450149 1.25164
-157.272 -1325.61 404.243 450149 1.25164
-157.235 -1323.94 404.278 450149 1.25353
-157.199 -1322.27 404.314 450149 0.666521
-157.179 -1320.59 404.347 450149 0.413567
-157.167 -1318.91 404.379 450149 0.413567
-157.155 -1317.24 404.411 450149 0.413567
-157.143 -1315.56 404.443 450149 0.413567
-157.131 -1313.89 404.475 450149 0.342061
-157.121 -1312.25 404.506 450149 0.342061
-157.111 -1310.61 404.538 450149 0.342061
-157.102 -1308.97 404.569 450149 0.342061
-157.092 -1307.32 404.6 450149 0.34206
-157.082 -1305.68 404.632 450149 0.34206
-157.072 -1304.04 404.663 450149 0.261338
-157.065 -1302.44 404.694 450149 0.261337
-157.058 -1300.84 404.724 450149 -0.496017
-157.071 -1299.23 404.75 460149 -0.614687
-157.089 -1297.63 404.775 460149 -0.614688
-157.106 -1296.02 404.801 460149 -0.614689
-157.123 -1294.42 404.826 460149 -0.569512
-157.139 -1292.83 404.852 460149 -0.569512
-157.155 -1291.23 404.877 460149 -0.569512
-157.171 -1289.63 404.902 460149 -0.569513
-157.186 -1288.04 404.928 460149 -0.569513
-157.202 -1286.44 404.953 460149 -0.569513
-157.218 -1284.85 404.978 460149 -0.534718
-157.233 -1283.23 405.004 460149 -0.534718
-157.248 -1281.61 405.03 460149 -0.534719
-157.264 -1279.99 405.056 460149 -0.534719
-157.279 -1278.37 405.081 460149 -0.542221
-157.294 -1276.75 405.107 460149 -1.42341
-157.334 -1275.13 405.13 460149 -1.39337
-157.374 -1273.48 405.154 460149 -1.39337
-157.415 -1271.83 405.178 460149 -1.39337
-157.455 -1270.18 405.202 460149 -1.39337
-157.495 -1268.52 405.226 460149 -1.39337
-157.535 -1266.87 405.25 460149 -1.39337
-157.575 -1265.22 405.273 460149 -1.42549
-157.617 -1263.55 405.297 460149 -1.42549
-157.658 -1261.89 405.322 460149 -1.42549
-157.7 -1260.22 405.346 460149 -1.42549
-157.741 -1258.55 405.37 460149 -1.42549
-157.783 -1256.88 405.394 460149 -1.42549
-157.824 -1255.21 405.418 460149 -1.42349
-157.866 -1253.54 405.442 460149 -1.71025
-157.916 -1251.87 405.466 460149 -2.32685
-157.984 -1250.2 405.488 460149 -2.32685
-158.051 -1248.53 405.51 460149 -2.32685
-158.119 -1246.86 405.532 460149 -2.32685
-158.187 -1245.19 405.555 460149 -2.32887
-158.255 -1243.52 405.577 460149 -2.32887
-158.323 -1241.86 405.599 460149 -2.32887
-158.391 -1240.19 405.621 460149 -2.32887
-158.458 -1238.52 405.644 460149 -2.32887
-158.526 -1236.85 405.666 460149 -2.32887
-158.594 -1235.19 405.688 460149 -2.32702
-158.662 -1233.52 405.71 460149 -2.32702
-158.729 -1231.86 405.732 460149 -2.32702
-158.797 -1230.19 405.755 460149 -2.32702
-158.865 -1228.53 405.777 460149 -2.97824
-158.951 -1226.86 405.798 460149 -3.24457
-159.046 -1225.2 405.819 460149 -3.24649
-159.14 -1223.53 405.84 460149 -3.24649
-159.234 -1221.87 405.861 460149 -3.24649
-159.329 -1220.21 405.882 460149 -3.24649
-159.423 -1218.54 405.903 460149 -3.24649
-159.517 -1216.88 405.924 460149 -3.24649
-159.612 -1215.21 405.945 460149 -3.2446
-159.706 -1213.55 405.966 460149 -3.2446
-159.8 -1211.89 405.987 460149 -3.2446
-159.895 -1210.22 406.008 460149 -3.2446
-159.989 -1208.56 406.029 460149 -3.2446
-160.083 -1206.9 406.05 460149 -3.2446
-160.178 -1205.23 406.071 460149 -3.3062
-160.274 -1203.57 406.091 460149 -4.17194
-160.395 -1201.9 406.112 460149 -4.17194
-160.516 -1200.24 406.132 460149 -4.17194
-160.638 -1198.58 406.152 460149 -4.17194
-160.759 -1196.92 406.173 460149 -4.17194
-160.88 -1195.25 406.193 460149 -4.18323
-161.002 -1193.59 406.213 460149 -4.18323
-161.124 -1191.92 406.234 460149 -4.18323
-161.246 -1190.25 406.254 460149 -4.18323
-161.368 -1188.58 406.274 460149 -4.18323
-161.49 -1186.92 406.295 460149 -4.18323
-161.612 -1185.25 406.315 460149 -4.2037
-161.735 -1183.57 406.336 460149 -4.2037
-161.858 -1181.9 406.356 460149 -4.2037
-161.982 -1180.22 406.376 460149 -4.64577
-162.118 -1178.55 406.397 460149 -5.14799
-162.269 -1176.87 406.417 460149 -5.14799
-162.419 -1175.2 406.438 460149 -5.16071
-162.571 -1173.52 406.458 460149 -5.16071
-162.723 -1171.83 406.479 460149 -5.16071
-162.875 -1170.15 406.499 460149 -5.16071
-163.027 -1168.47 406.52 460149 -5.16071
-163.179 -1166.78 406.54 460149 -5.16071
-163.331 -1165.1 406.561 460149 -5.19966
-163.485 -1163.41 406.581 460149 -5.19967
-163.639 -1161.72 406.602 460149 -5.19967
-163.793 -1160.03 406.622 460149 -5.19967
-163.947 -1158.34 406.643 460149 -5.19967
-164.1 -1156.65 406.664 460149 -5.21054
-164.254 -1154.96 406.684 460149 -6.20661
-164.438 -1153.27 406.705 460149 -6.20661
-164.622 -1151.58 406.726 460149 -6.20661
-164.806 -1149.89 406.748 460149 -6.20662
-164.99 -1148.2 406.769 460149 -6.20662
-165.174 -1146.5 406.79 460149 -6.20662
-165.358 -1144.81 406.811 460149 -6.21875
-165.541 -1143.13 406.832 460149 -6.21876
-165.725 -1141.45 406.853 460149 -6.21876
-165.908 -1139.76 406.874 460149 -6.21876
-166.092 -1138.08 406.895 460149 -6.21876
-166.275 -1136.4 406.916 460149 -6.21876
-166.459 -1134.71 406.937 460149 -6.10543
-166.636 -1133.06 406.958 460149 -6.10543
-166.813 -1131.4 406.979 460149 -6.62869
-167.006 -1129.74 407 460149 -7.07399
-167.211 -1128.09 407.022 460149 -7.07399
-167.416 -1126.43 407.044 460149 -7.07399
-167.622 -1124.78 407.066 460149 -7.11805
-167.822 -1123.17 407.087 460149 -7.11805
-168.023 -1121.57 407.108 460149 -7.11805
-168.223 -1119.96 407.129 460149 -7.11805
-168.423 -1118.36 407.15 460149 -7.11805
-168.624 -1116.75 407.172 460149 -7.11805
-168.824 -1115.15 407.193 460149 -7.17795
-169.021 -1113.58 407.213 460149 -7.17795
-169.218 -1112.02 407.234 460149 -7.17795
-169.415 -1110.45 407.255 460149 -7.17795
-169.612 -1108.89 407.275 460149 -7.17795
-169.809 -1107.32 407.296 460149 -7.51116
-170.016 -1105.76 407.317 460149 -8.27416
-170.235 -1104.25 407.339 460149 -8.27417
-170.455 -1102.74 407.36 460149 -8.27417
-170.675 -1101.22 407.382 460149 -8.27417
-170.895 -1099.71 407.403 460149 -8.27418
-171.115 -1098.2 407.425 460149 -8.27418
-171.335 -1096.69 407.446 0 -8.17045
-171.547 -1095.21 407.467 0 -8.17045
-171.759 -1093.73 407.488 0 -8.17045
-171.972 -1092.25 407.509 0 -8.17045
-172.184 -1090.78 407.53 0 -8.17046
-172.396 -1089.3 407.551 0 -8.17046
-172.608 -1087.82 407.572 0 -8.16774
-172.821 -1086.34 407.594 0 -8.16774
-173.034 -1084.85 407.615 0 -8.16774
-173.247 -1083.37 407.636 0 -8.21434
-173.461 -1081.89 407.657 0 -9.15776
-173.699 -1080.41 407.68 0 -9.15776
-173.937 -1078.93 407.703 460149 -9.15908
-174.179 -1077.43 407.727 460149 -9.15908
-174.421 -1075.93 407.75 460149 -9.15908
-174.663 -1074.43 407.774 460149 -9.15908
-174.905 -1072.93 407.797 460149 -9.15908
-175.147 -1071.43 407.82 460149 -9.15908
-175.389 -1069.93 407.844 460149 -9.11928
-175.629 -1068.43 407.867 460149 -9.11928
-175.87 -1066.93 407.891 460149 -9.11928
-176.111 -1065.43 407.914 460149 -9.11928
-176.352 -1063.93 407.938 460149 -9.11929
-176.593 -1062.43 407.961 460149 -9.11929
-176.833 -1060.93 407.985 0 -9.06701
-177.068 -1059.46 408.008 0 -9.06701
-177.303 -1057.99 408.03 0 -5.50512
-177.445 -1056.51 408.046 0 -7.46399
-177.639 -1055.04 408.089 0 -9.80927
-177.893 -1053.56 408.108 0 -10.2046
-178.157 -1052.1 408.124 0 -10.4669
-178.42 -1050.67 408.141 0 -10.4669
-178.684 -1049.25 408.157 0 -10.4669
-178.947 -1047.82 408.173 0 -10.4669
-179.21 -1046.4 408.19 0 -10.4669
-179.473 -1044.97 408.206 0 -10.4669
-179.736 -1043.55 408.222 0 -10.0509
-179.988 -1042.13 408.239 0 -10.299
-180.245 -1040.72 408.255 0 -10.299
-180.502 -1039.3 408.271 0 -10.299
-180.759 -1037.88 408.288 0 -10.299
-181.017 -1036.47 408.304 0 -10.299
-181.274 -1035.05 408.32 0 -10.034
-181.53 -1033.6 408.337 0 -10.034
-181.787 -1032.15 408.354 0 -10.034
-182.043 -1030.71 408.371 0 -10.0777
-182.3 -1029.26 408.387 0 -10.2509
-182.562 -1027.81 408.404 0 -10.2509
-182.824 -1026.36 408.421 480149 -10.0154
-183.086 -1024.88 408.439 480149 -10.0154
-183.348 -1023.39 408.456 480149 -10.0154
-183.611 -1021.91 408.473 480149 -10.0154
-183.873 -1020.42 408.491 480149 -10.0154
-184.135 -1018.94 408.508 480149 -10.0154
-184.397 -1017.46 408.525 480149 -10.3277
-184.67 -1015.96 408.543 480149 -10.3904
-184.944 -1014.46 408.561 480149 -10.3904
-185.218 -1012.97 408.578 480149 -10.3904
-185.492 -1011.47 408.596 480149 -10.3904
-185.767 -1009.98 408.614 480149 -10.3904
-186.041 -1008.48 408.632 480149 -10.7926
-186.324 -1007 408.649 480149 -10.7926
-186.607 -1005.51 408.667 480149 -10.8243
-186.89 -1004.03 408.685 480149 -10.9392
-187.177 -1002.55 408.702 480149 -10.9392
-187.464 -1001.06 408.72 480149 -10.9392
-187.751 -999.578 408.738 0 -11.0438
-188.037 -998.109 408.756 0 -11.0438
-188.324 -996.639 408.774 0 -11.0438
-188.611 -995.169 408.792 0 -11.0438
-188.898 -993.7 408.809 0 -11.0438
-189.185 -992.23 408.827 0 -11.1211
-189.473 -990.761 408.845 0 -10.9298
-189.757 -989.291 408.863 0 -10.9298
-190.041 -987.822 408.881 0 -10.9298
-190.325 -986.352 408.899 0 -10.9298
-190.609 -984.882 408.918 0 -10.9298
-190.893 -983.412 408.936 0 -10.9298
-191.176 -981.943 408.954 0 -10.9788
-191.462 -980.471 408.972 0 -10.9898
-191.748 -978.998 408.99 0 -11.0551
-192.035 -977.527 409.009 0 -11.0551
-192.323 -976.055 409.027 0 -11.0551
-192.611 -974.583 409.046 0 -11.0551
-192.898 -973.111 409.064 480149 -11.0551
-193.186 -971.639 409.083 480149 -11.0551
-193.473 -970.167 409.101 480149 -11.0551
-193.761 -968.694 409.12 480149 -11.0551
-194.049 -967.222 409.139 480149 -11.0801
-194.337 -965.75 409.157 480149 -11.0962
-194.626 -964.277 409.176 480149 -11.0984
-194.915 -962.803 409.195 480149 -11.0984
-195.204 -961.328 409.214 480149 -11.0984
-195.494 -959.854 409.234 480149 -11.0984
-195.783 -958.379 409.253 480149 -11.0984
-196.072 -956.905 409.272 480149 -11.0984
-196.361 -955.431 409.291 480149 -11.0946
-196.65 -953.957 409.31 480149 -11.1001
-196.939 -952.483 409.329 480149 -11.1001
-197.229 -951.009 409.349 480149 -11.1001
-197.518 -949.535 409.368 480149 -11.1001
-197.807 -948.061 409.388 480149 -11.1001
-198.096 -946.588 409.407 0 -11.1042
-198.383 -945.125 409.427 0 -11.1042
-198.67 -943.662 409.446 0 -11.1042
-198.957 -942.2 409.466 0 -11.0885
-199.244 -940.737 409.485 0 -11.075
-199.53 -939.274 409.505 0 -11.075
-199.817 -937.811 409.525 0 -10.9272
-200.095 -936.37 409.545 0 -10.9272
-200.373 -934.929 409.564 0 -10.9272
-200.651 -933.488 409.584 0 -10.9272
-200.929 -932.047 409.604 0 -10.9272
-201.208 -930.606 409.623 0 -10.9272
-201.486 -929.166 409.643 0 -10.9161
-201.757 -927.76 409.669 0 -10.9177
-202.028 -926.355 409.694 0 -10.9177
-202.299 -924.949 409.718 0 -10.9177
-202.57 -923.544 409.743 0 -10.9177
-202.841 -922.138 409.768 0 -10.9177
-203.112 -920.733 409.793 0 -11.0192
-203.378 -919.368 409.817 0 -11.0192
-203.644 -918.003 409.841 0 -11.0192
-203.91 -916.638 409.865 0 -11.0192
-204.175 -915.273 409.889 0 -11.0192
-204.441 -913.909 409.913 0 -11.0192
-204.707 -912.544 409.937 0 -11.073
-204.966 -911.218 409.963 0 -11.0777
-205.226 -909.892 409.991 0 -11.0777
-205.486 -908.565 410.018 0 -11.0777
-205.745 -907.239 410.045 0 -11.0777
-206.005 -905.913 410.073 0 -11.0777
-206.265 -904.587 410.1 0 -10.982
-206.517 -903.285 410.127 0 -10.982
-206.77 -901.983 410.154 0 -10.982
-207.022 -900.682 410.181 0 -10.982
-207.275 -899.38 410.207 0 -10.982
-207.528 -898.078 410.234 0 -10.982
-207.78 -896.776 410.261 0 -10.982
-208.033 -895.474 410.288 0 -10.9879
-208.286 -894.172 410.317 0 -10.9949
-208.539 -892.869 410.348 0 -10.9949
-208.792 -891.567 410.379 0 -10.9949
-209.045 -890.265 410.409 0 -10.9949
-209.298 -888.963 410.44 0 -11.0314
-209.555 -887.642 410.472 0 -11.0314
-209.813 -886.322 410.503 0 -11.0314
-210.07 -885.002 410.534 0 -11.0314
-210.327 -883.682 410.566 0 -11.0314
-210.585 -882.362 410.597 0 -11.0314
-210.842 -881.042 410.628 0 -10.9975
-211.104 -879.695 410.66 0 -10.9975
-211.366 -878.348 410.692 0 -11.001
-211.627 -877.001 410.725 0 -11.0087
-211.89 -875.654 410.762 0 -11.0087
-212.152 -874.307 410.798 0 -11.0087
-212.414 -872.96 410.834 0 -11.008
-212.681 -871.584 410.871 0 -11.008
-212.949 -870.208 410.909 0 -11.008
-213.217 -868.832 410.946 0 -11.008
-213.484 -867.456 410.983 0 -11.008
-213.752 -866.08 411.02 0 -11.008
-214.02 -864.704 411.057 0 -11.0029
-214.293 -863.3 411.095 0 -11.0029
-214.566 -861.895 411.133 0 -11.0029
-214.839 -860.491 411.17 0 -11.0096
-215.112 -859.086 411.212 0 -11.0124
-215.385 -857.682 411.254 0 -11.0124
-215.659 -856.278 411.297 0 -11.0141
-215.938 -854.845 411.34 0 -11.0141
-216.216 -853.411 411.383 0 -11.0141
-216.495 -851.978 411.427 0 -11.0141
-216.774 -850.545 411.47 0 -11.0141
-217.053 -849.112 411.514 0 -11.0141
-217.332 -847.679 411.557 0 -10.9811
-217.615 -846.222 411.601 0 -10.9811
-217.898 -844.764 411.645 0 -10.9811
-218.181 -843.307 411.689 0 -10.9858
-218.464 -841.849 411.737 0 -10.989
-218.746 -840.392 411.786 0 -10.989
-219.029 -838.935 411.835 0 -11.0091
-219.316 -837.464 411.885 0 -11.0091
-219.602 -835.993 411.934 0 -11.0091
-219.888 -834.522 411.984 0 -11.0091
-220.174 -833.051 412.034 0 -11.0091
-220.46 -831.58 412.083 0 -11.0091
-220.746 -830.109 412.133 490149 -11.0223
-221.034 -828.632 412.183 490149 -11.0223
-221.322 -827.154 412.233 490149 -11.0223
-221.61 -825.676 412.282 490149 -11.0272
-221.898 -824.199 412.337 490149 -11.0284
-222.186 -822.721 412.392 490149 -11.0284
-222.474 -821.244 412.447 490149 -11.113
-222.765 -819.76 412.502 490149 -11.113
-223.056 -818.277 412.558 490149 -11.113
-223.348 -816.794 412.613 490149 -11.113
-223.639 -815.311 412.668 490149 -11.113
-223.931 -813.827 412.724 490149 -11.113
-224.222 -812.344 412.779 490149 -11.186
-224.518 -810.848 412.835 490149 -11.186
-224.814 -809.351 412.891 490149 -11.1865
-225.11 -807.854 412.947 490149 -11.1905
-225.406 -806.358 413.009 490149 -11.1905
-225.702 -804.862 413.07 490149 -11.1905
-225.998 -803.365 413.132 490149 -11.2297
-226.296 -801.862 413.193 490149 -11.2297
-226.595 -800.36 413.255 490149 -11.2297
-226.893 -798.857 413.317 490149 -11.2297
-227.191 -797.354 413.378 490149 -11.2297
-227.49 -795.851 413.44 490149 -11.2297
-227.788 -794.349 413.502 490149 -11.1897
-228.079 -792.876 413.562 490149 -11.1897
-228.371 -791.404 413.623 490149 -11.1911
-228.662 -789.931 413.686 490149 -11.1925
-228.953 -788.459 413.752 490149 -11.1925
-229.245 -786.987 413.818 490149 -11.1925
-229.536 -785.514 413.884 0 -11.2065
-229.817 -784.097 413.948 0 -11.2065
-230.098 -782.68 414.011 0 -11.2065
-230.378 -781.262 414.075 0 -11.2065
-230.659 -779.845 414.139 0 -11.2065
-230.94 -778.428 414.202 0 -11.2065
-231.221 -777.01 414.266 0 -11.1891
-231.492 -775.641 414.327 0 -11.1891
-231.762 -774.272 414.389 0 -11.1895
-232.033 -772.903 414.452 0 -11.1903
-232.304 -771.534 414.519 0 -11.1903
-232.575 -770.165 414.585 0 -11.1903
-232.846 -768.797 414.652 0 -11.2143
-233.107 -767.476 414.717 0 -11.2143
-233.369 -766.156 414.781 0 -11.2143
-233.631 -764.836 414.845 0 -11.2143
-233.892 -763.516 414.91 0 -11.2143
-234.154 -762.196 414.974 0 -11.2143
-234.416 -760.876 415.039 0 -11.0557
-234.664 -759.609 415.1 0 -11.0557
-234.911 -758.341 415.162 0 -11.0557
-235.159 -757.074 415.224 0 -11.1219
-235.408 -755.805 415.284 0 -11.1738
-235.659 -754.538 415.345 0 -11.1738
-235.909 -753.271 415.406 0 -10.9257
-236.148 -752.03 415.466 0 -10.9257
-236.388 -750.789 415.525 0 -10.9257
-236.628 -749.548 415.585 0 -10.9257
-236.867 -748.307 415.644 0 -10.9257
-237.107 -747.066 415.704 0 -10.9257
-237.346 -745.824 415.764 0 -10.9677
-237.586 -744.587 415.823 0 -10.9677
-237.826 -743.35 415.883 0 -10.9677
-238.066 -742.112 415.942 0 -10.9677
-238.305 -740.875 416.001 0 -10.9677
-238.545 -739.638 416.061 0 -10.9677
-238.785 -738.4 416.12 0 -10.9708
-239.025 -737.16 416.18 0 -10.909
-239.264 -735.92 416.241 0 -10.8734
-239.503 -734.68 416.303 0 -10.8734
-239.741 -733.44 416.366 0 -10.8734
-239.979 -732.2 416.428 0 -10.8734
-240.217 -730.959 416.49 0 -10.8715
-240.456 -729.716 416.553 0 -10.8715
-240.695 -728.474 416.615 0 -10.8715
-240.933 -727.231 416.678 0 -10.8715
-241.172 -725.988 416.74 0 -10.8714
-241.411 -724.745 416.802 0 -10.8714
-241.649 -723.502 416.865 0 -10.8719
-241.889 -722.257 416.927 0 -10.8719
-242.128 -721.012 416.99 0 -10.8719
-242.367 -719.767 417.052 0 -10.8719
-242.606 -718.522 417.115 0 -10.8719
-242.845 -717.277 417.177 0 -10.7643
-243.082 -716.031 417.241 0 -10.7024
-243.318 -714.785 417.306 0 -10.7024
-243.553 -713.538 417.37 0 -10.7024
-243.789 -712.291 417.434 0 -10.7024
-244.024 -711.045 417.499 0 -10.7024
-244.26 -709.798 417.563 0 -10.7024
-244.496 -708.551 417.627 0 -10.7156
-244.73 -707.313 417.691 0 -10.7156
-244.964 -706.075 417.755 0 -10.7156
-245.199 -704.837 417.819 0 -10.7156
-245.433 -703.599 417.883 0 -10.7156
-245.667 -702.361 417.947 0 -10.7156
-245.901 -701.123 418.011 0 -10.7906
-246.133 -699.907 418.073 0 -10.7906
-246.365 -698.69 418.136 0 -10.7906
-246.597 -697.474 418.199 0 -10.647
-246.826 -696.257 418.262 0 -10.5786
-247.053 -695.04 418.326 0 -10.5786
-247.28 -693.823 418.389 0 -10.6766
-247.504 -692.636 418.451 0 -10.6766
-247.728 -691.449 418.513 0 -10.6766
-247.952 -690.262 418.575 0 -10.6766
-248.175 -689.075 418.637 0 -10.6766
-248.399 -687.887 418.699 0 -10.6766
-248.623 -686.7 418.761 0 -10.758
-248.844 -685.535 418.822 0 -10.758
-249.066 -684.37 418.883 0 -10.758
-249.287 -683.204 418.944 0 -10.758
-249.509 -682.039 419.005 0 -10.758
-249.73 -680.874 419.065 0 -10.758
-249.951 -679.708 419.126 0 -10.7741
-250.172 -678.552 419.187 0 -10.7741
-250.392 -677.396 419.247 0 -10.5348
-250.607 -676.238 419.307 0 -10.5049
-250.821 -675.081 419.368 0 -10.5049
-251.036 -673.923 419.428 0 -10.5049
-251.251 -672.766 419.488 0 -10.486
-251.465 -671.607 419.548 0 -10.486
-251.68 -670.448 419.609 0 -10.486
-251.894 -669.289 419.669 0 -10.486
-252.109 -668.13 419.729 0 -10.486
-252.323 -666.972 419.789 0 -10.486
-252.538 -665.813 419.85 0 -10.486
-252.753 -664.651 419.91 0 -10.486
-252.968 -663.49 419.971 0 -10.486
-253.183 -662.328 420.031 0 -10.486
-253.397 -661.167 420.091 0 -10.486
-253.612 -660.006 420.152 0 -10.486
-253.827 -658.844 420.212 0 -10.4887
-254.043 -657.682 420.273 0 -10.2301
-254.252 -656.519 420.332 0 -10.1622
-254.461 -655.356 420.392 0 -10.1622
-254.67 -654.192 420.451 0 -10.1622
-254.878 -653.029 420.51 0 -10.1622
-255.087 -651.865 420.57 0 -10.1595
-255.295 -650.701 420.629 0 -10.1595
-255.504 -649.537 420.688 0 -10.1595
-255.713 -648.372 420.748 0 -10.1595
-255.921 -647.208 420.807 0 -10.1595
-256.13 -646.044 420.867 0 -10.1595
-256.338 -644.879 420.926 0 -10.1541
-256.547 -643.715 420.985 0 -10.1541
-256.756 -642.55 421.045 0 -10.1541
-256.964 -641.385 421.104 0 -10.1541
-257.173 -640.221 421.164 0 -10.1541
-257.381 -639.056 421.223 0 -10.1541
-257.59 -637.891 421.282 0 -9.8766
-257.792 -636.729 421.34 0 -9.77841
-257.993 -635.566 421.397 0 -9.77841
-258.193 -634.403 421.455 0 -9.77841
-258.394 -633.24 421.512 0 -9.77841
-258.594 -632.077 421.569 0 -9.77841
-258.795 -630.914 421.626 0 -9.81636
-258.994 -629.761 421.683 0 -9.81636
-259.194 -628.607 421.74 0 -9.81636
-259.393 -627.453 421.797 0 -9.81636
-259.593 -626.299 421.853 0 -9.81636
-259.793 -625.145 421.91 0 -9.81636
-259.992 -623.991 421.967 0 -9.87428
-260.191 -622.849 422.023 0 -9.87428
-260.39 -621.707 422.079 0 -9.87428
-260.589 -620.565 422.135 0 -9.87428
-260.787 -619.424 422.192 0 -9.87428
-260.986 -618.282 422.248 0 -9.64748
-261.18 -617.139 422.303 0 -9.47276
-261.37 -616.004 422.355 0 -9.47276
-261.559 -614.87 422.408 0 -9.47276
-261.748 -613.735 422.461 0 -9.47276
-261.938 -612.601 422.514 0 -9.47276
-262.127 -611.466 422.567 0 -9.47276
-262.316 -610.332 422.62 0 -9.48422
-262.505 -609.201 422.673 0 -9.48422
-262.694 -608.069 422.725 0 -9.48422
-262.883 -606.938 422.778 0 -9.48422
-263.072 -605.807 422.831 0 -9.48422
-263.261 -604.676 422.884 0 -9.48421
-263.45 -603.544 422.936 0 -9.47582
-263.639 -602.413 422.989 0 -9.47582
-263.828 -601.281 423.042 0 -9.47582
-264.017 -600.149 423.095 0 -9.47582
-264.206 -599.017 423.148 0 -9.47582
-264.395 -597.885 423.2 0 -8.99842
-264.574 -596.751 423.25 0 -8.97781
-264.754 -595.617 423.299 0 -8.97781
-264.933 -594.483 423.348 0 -8.97781
-265.112 -593.348 423.397 0 -8.97781
-265.291 -592.214 423.446 0 -8.97781
-265.47 -591.08 423.495 0 -8.97781
-265.65 -589.945 423.544 0 -8.97497
-265.829 -588.81 423.593 0 -8.97497
-266.008 -587.675 423.642 0 -8.97497
-266.187 -586.54 423.691 0 -8.97497
-266.367 -585.406 423.74 0 -8.97497
-266.546 -584.271 423.789 0 -8.97497
-266.725 -583.136 423.838 0 -8.97763
-266.905 -582 423.888 0 -8.97763
-267.084 -580.864 423.937 0 -8.97763
-267.263 -579.728 423.986 0 -8.97763
-267.443 -578.592 424.035 0 -8.75207
-267.618 -577.455 424.082 0 -8.42285
-267.786 -576.317 424.127 0 -8.43946
-267.955 -575.179 424.171 0 -8.43946
-268.124 -574.041 424.216 0 -8.43946
-268.293 -572.904 424.26 0 -8.43946
-268.462 -571.766 424.305 0 -8.43946
-268.631 -570.628 424.349 0 -8.43946
-268.799 -569.49 424.394 0 -8.42044
-268.967 -568.356 424.438 0 -8.42044
-269.135 -567.221 424.482 0 -8.42044
-269.303 -566.087 424.527 0 -8.42044
-269.471 -564.952 424.571 0 -8.42044
-269.639 -563.817 424.615 0 -8.42044
-269.807 -562.683 424.66 0 -8.3263
-269.972 -561.557 424.704 0 -8.3263
-270.137 -560.431 424.748 0 -8.3263
-270.301 -559.305 424.792 0 -8.3263
-270.466 -558.179 424.836 0 -8.86379
-270.643 -557.047 424.879 0 -8.63848
-270.814 -555.922 424.922 0 -8.55399
-270.981 -554.808 424.965 0 -8.55399
-271.149 -553.694 425.008 0 -8.55399
-271.316 -552.58 425.051 0 -8.55399
-271.484 -551.467 425.094 0 -8.55399
-271.651 -550.353 425.137 0 -8.55399
-271.819 -549.239 425.18 0 -8.18805
-271.978 -548.133 425.221 0 -8.09305
-272.135 -547.026 425.261 0 -8.09305
-272.293 -545.919 425.302 0 -8.09305
-272.45 -544.812 425.342 0 -8.09305
-272.608 -543.705 425.382 0 -8.09305
-272.765 -542.598 425.422 0 -8.07254
-272.922 -541.495 425.462 0 -8.07254
-273.078 -540.392 425.502 0 -8.03836
-273.234 -539.288 425.542 0 -7.75537
-273.384 -538.184 425.58 0 -7.75537
-273.535 -537.08 425.617 0 -7.75537
-273.685 -535.975 425.655 0 -7.77536
-273.836 -534.871 425.692 0 -7.77536
-273.987 -533.767 425.73 0 -7.77536
-274.137 -532.663 425.767 0 -7.77536
-274.288 -531.558 425.805 0 -7.77536
-274.439 -530.454 425.842 0 -7.64959
-274.587 -529.35 425.878 0 -7.50211
-274.733 -528.243 425.913 0 -7.50211
-274.879 -527.137 425.948 0 -7.50211
-275.024 -526.031 425.983 0 -7.50211
-275.17 -524.924 426.017 0 -7.50211
-275.316 -523.818 426.052 0 -7.5021
-275.461 -522.712 426.087 0 -7.5021
-275.607 -521.605 426.122 0 -7.5021
-275.753 -520.499 426.156 0 -7.31344
-275.895 -519.392 426.189 0 -7.27243
-276.036 -518.285 426.221 0 -7.27243
-276.177 -517.178 426.252 0 -7.27243
-276.319 -516.071 426.284 0 -7.27243
-276.46 -514.964 426.316 0 -7.27243
-276.601 -513.857 426.348 0 -7.27243
-276.742 -512.75 426.38 0 -7.27243
-276.884 -511.643 426.411 0 -7.23846
-277.024 -510.536 426.443 0 -7.08655
-277.162 -509.429 426.471 0 -7.07514
-277.299 -508.321 426.5 0 -7.07514
-277.437 -507.214 426.529 0 -7.07514
-277.574 -506.106 426.557 0 -7.07514
-277.712 -504.999 426.586 0 -7.07514
-277.849 -503.891 426.615 0 -7.07514
-277.987 -502.784 426.643 0 -7.0894
-278.125 -501.676 426.672 0 -7.01223
-278.261 -500.568 426.699 0 -6.94731
-278.396 -499.46 426.724 0 -6.94731
-278.531 -498.353 426.75 0 -6.94731
-278.666 -497.245 426.775 0 -6.9473
-278.801 -496.137 426.8 0 -6.98723
-278.937 -495.029 426.826 0 -6.98723
-279.072 -493.921 426.851 0 -6.98723
-279.208 -492.813 426.876 0 -6.98723
-279.344 -491.706 426.902 0 -6.89855
-279.478 -490.598 426.924 0 -6.88894
-279.612 -489.489 426.946 0 -6.94311
-279.747 -488.382 426.968 0 -6.94311
-279.882 -487.274 426.99 0 -6.94311
-280.016 -486.167 427.011 0 -6.94311
-280.151 -485.059 427.033 0 -6.94311
-280.286 -483.951 427.055 0 -6.94311
-280.421 -482.844 427.077 0 -6.97754
-280.557 -481.736 427.098 0 -6.93711
-280.691 -480.628 427.116 0 -6.93711
-280.826 -479.52 427.134 0 -6.93711
-280.961 -478.412 427.152 0 -6.93711
-281.096 -477.304 427.171 0 -6.93711
-281.231 -476.196 427.189 0 -6.94282
-281.366 -475.087 427.207 0 -6.94282
-281.501 -473.979 427.225 0 -6.94282
-281.636 -472.871 427.243 0 -6.93624
-281.77 -471.762 427.259 0 -6.93212
-281.905 -470.654 427.274 0 -6.93212
-282.04 -469.545 427.288 0 -6.92072
-282.175 -468.437 427.302 0 -6.92072
-282.309 -467.329 427.317 0 -6.92072
-282.444 -466.221 427.331 0 -6.92072
-282.578 -465.113 427.345 0 -6.92072
-282.713 -464.005 427.36 0 -6.92072
-282.847 -462.897 427.374 0 -5.82079
-282.959 -461.799 427.423 0 -6.16542
-283.079 -460.69 427.46 0 -6.19201
-283.199 -459.582 427.491 0 -6.2113
-283.32 -458.474 427.517 0 -6.2113
-283.44 -457.365 427.543 0 -6.2265
-283.561 -456.256 427.563 0 -6.23279
-283.682 -455.146 427.58 0 -6.23279
-283.804 -454.035 427.598 0 -6.23028
-283.925 -452.924 427.61 0 -6.22981
-284.046 -451.814 427.621 0 -6.22981
-284.168 -450.703 427.631 0 -6.20297
-284.288 -449.592 427.638 0 -6.20245
-284.409 -448.478 427.645 0 -6.19606
-284.53 -447.363 427.652 0 -6.15061
-284.65 -446.248 427.656 0 -6.15061
-284.771 -445.134 427.661 0 -6.12991
-284.89 -444.019 427.666 0 -6.07434
-285.009 -442.904 427.671 0 -6.09705
-285.128 -441.789 427.676 0 -6.05459
-285.246 -440.674 427.683 0 -5.99636
-285.364 -439.558 427.691 0 -5.99636
-285.481 -438.443 427.698 0 -5.92456
-285.597 -437.327 427.709 0 -5.87124
-285.711 -436.211 427.722 0 -5.85989
-285.826 -435.094 427.735 0 -5.75093
-285.938 -433.976 427.753 0 -5.71034
-286.05 -432.858 427.773 0 -5.71034
-286.162 -431.741 427.793 0 -5.85908
-286.277 -430.621 427.778 0 -5.79935
-286.39 -429.504 427.773 0 -5.72197
-286.503 -428.375 427.772 0 -5.72623
-286.617 -427.247 427.774 0 -5.72623
-286.73 -426.118 427.777 0 -5.7194
-286.843 -424.989 427.783 0 -5.7159
-286.956 -423.861 427.791 0 -5.7159
-287.069 -422.732 427.799 0 -5.65093
-287.182 -421.59 427.81 0 -5.64637
-287.295 -420.448 427.822 0 -5.64376
-287.408 -419.306 427.834 0 -5.59892
-287.52 -418.164 427.848 0 -5.59892
-287.631 -417.022 427.862 0 -5.58119
-287.743 -415.88 427.876 0 -5.57705
-287.854 -414.741 427.891 0 -5.57705
-287.966 -413.602 427.905 0 -5.53684
-288.076 -412.463 427.919 0 -5.49249
-288.185 -411.324 427.932 0 -5.49249
-288.295 -410.185 427.945 0 -5.4221
-288.403 -409.046 427.955 0 -5.48442
-288.509 -407.945 427.965 0 -5.48442
-288.615 -406.843 427.975 0 -5.38483
-288.718 -405.741 427.98 0 -5.36275
-288.822 -404.64 427.985 0 -5.36275
-288.925 -403.538 427.99 0 -5.23207
-289.026 -402.436 427.989 0 -5.37868
-289.126 -401.376 427.988 0 -5.37868
-289.226 -400.317 427.986 0 -5.59568
-289.33 -399.254 427.989 0 -5.50941
-289.432 -398.194 427.99 0 -5.47197
-289.534 -397.135 427.99 0 -5.32174
-289.632 -396.075 427.991 0 -5.5176
-289.73 -395.063 427.991 0 -5.5176
-289.828 -394.051 427.991 0 -5.39335
-289.923 -393.039 427.99 0 -5.37477
-290.019 -392.027 427.99 0 -5.37477
-290.114 -391.015 427.989 0 -5.32755
-290.208 -390.003 427.988 0 -5.15438
-290.297 -389.015 427.987 0 -5.15438
-290.386 -388.028 427.986 0 -5.15328
-290.475 -387.04 427.984 0 -5.10134
-290.564 -386.052 427.982 0 -5.10121
-290.652 -385.065 427.98 0 -5.10121
-290.74 -384.077 427.978 0 -5.0435
-290.826 -383.096 427.975 0 -5.03964
-290.913 -382.116 427.972 0 -5.03964
-290.999 -381.135 427.969 0 -5.04081
-291.086 -380.154 427.965 0 -5.07613
-291.173 -379.173 427.961 0 -5.07613
-291.26 -378.193 427.957 0 -5.09166
-291.348 -377.209 427.952 0 -5.13474
-291.436 -376.225 427.947 0 -5.17298
-291.525 -375.242 427.941 0 -5.17298
-291.614 -374.258 427.936 0 -5.17694
-291.703 -373.275 427.93 0 -5.29913
-291.795 -372.291 427.923 0 -5.29215
-291.886 -371.305 427.916 0 -5.29215
-291.977 -370.319 427.909 0 -5.38406
-292.07 -369.333 427.901 0 -5.46314
-292.164 -368.348 427.892 0 -5.46314
-292.259 -367.362 427.883 0 -5.3513
-292.351 -366.376 427.879 0 -5.34079
-292.443 -365.39 427.877 0 -4.97796
-292.529 -364.404 427.872 0 -4.86223
-292.613 -363.418 427.867 0 -4.61942
-292.693 -362.431 427.859 0 -4.49701
-292.77 -361.444 427.85 0 -4.39971
-292.846 -360.457 427.84 0 -4.28861
-292.92 -359.47 427.829 0 -4.26743
-292.994 -358.483 427.819 0 -4.24206
-293.067 -357.496 427.808 0 -4.27442
-293.141 -356.509 427.797 0 -4.30401
-293.215 -355.522 427.786 0 -4.43416
-293.292 -354.536 427.777 0 -4.49257
-293.369 -353.549 427.768 0 -4.70633
-293.451 -352.562 427.762 0 -4.8608
-293.534 -351.575 427.756 0 -5.05008
-293.622 -350.589 427.752 0 -4.32128
-293.696 -349.608 427.737 0 -4.53718
-293.774 -348.621 427.725 0 -4.54361
-293.852 -347.634 427.713 0 -4.5436
-293.931 -346.647 427.701 0 -4.5436
-294.009 -345.66 427.689 0 -4.5436
-294.088 -344.673 427.677 0 -4.5436
-294.166 -343.686 427.665 0 -4.5436
-294.245 -342.699 427.653 0 -4.53724
-294.323 -341.713 427.641 0 -4.53724
-294.401 -340.726 427.629 0 -4.53724
-294.48 -339.739 427.617 0 -4.53724
-294.558 -338.753 427.604 0 -4.53724
-294.636 -337.766 427.592 0 -4.53724
-294.714 -336.78 427.58 0 -4.54038
-294.793 -335.793 427.568 0 -4.33852
-294.868 -334.805 427.554 0 -4.18545
-294.94 -333.818 427.539 0 -4.18545
-295.012 -332.831 427.524 0 -4.18545
-295.084 -331.843 427.509 0 -4.18545
-295.157 -330.856 427.493 0 -4.18538
-295.229 -329.868 427.478 0 -4.18538
-295.301 -328.881 427.463 0 -4.18538
-295.374 -327.893 427.448 0 -4.18538
-295.446 -326.905 427.433 0 -4.18538
-295.518 -325.918 427.417 0 -4.18538
-295.59 -324.93 427.402 0 -4.18572
-295.663 -323.944 427.387 0 -4.18572
-295.735 -322.958 427.372 0 -4.18571
-295.807 -321.972 427.356 0 -4.18571
-295.879 -320.986 427.341 0 -4.18571
-295.951 -320 427.326 0 -3.89553
-296.018 -319.013 427.308 0 -3.84561
-296.084 -318.031 427.29 0 -3.84561
-296.15 -317.049 427.271 0 -3.84561
-296.216 -316.067 427.253 0 -3.84561
-296.282 -315.085 427.235 0 -3.84561
-296.348 -314.103 427.216 0 -3.84561
-296.414 -313.121 427.198 0 -3.8548
-296.481 -312.136 427.18 0 -3.8548
-296.547 -311.152 427.161 0 -3.8548
-296.613 -310.167 427.143 0 -3.8548
-296.68 -309.183 427.124 0 -3.8548
-296.746 -308.199 427.106 0 -3.8548
-296.812 -307.214 427.088 0 -3.93624
-296.881 -306.211 427.069 0 -3.93624
-296.95 -305.208 427.05 0 -3.89567
-297.019 -304.204 427.031 0 -3.6092
-297.082 -303.201 427.009 0 -3.6092
-297.145 -302.197 426.987 0 -3.6092
-297.209 -301.194 426.965 0 -3.49375
-297.273 -300.146 426.942 0 -3.49374
-297.337 -299.098 426.919 0 -3.49374
-297.401 -298.051 426.896 0 -3.49374
-297.465 -297.003 426.873 0 -3.49374
-297.529 -295.955 426.85 0 -3.49374
-297.592 -294.908 426.827 0 -3.33234
-297.656 -293.82 426.803 0 -3.33234
-297.719 -292.732 426.779 0 -3.33234
-297.782 -291.645 426.755 0 -3.33234
-297.846 -290.557 426.731 0 -3.33234
-297.909 -289.469 426.707 0 -3.21355
-297.97 -288.381 426.682 0 -2.92024
-298.028 -287.25 426.653 0 -2.92024
-298.086 -286.118 426.624 0 -2.92024
-298.143 -284.986 426.596 0 -2.92024
-298.201 -283.855 426.567 0 -2.92024
-298.259 -282.723 426.538 0 -2.92024
-298.317 -281.592 426.51 0 -2.99894
-298.377 -280.441 426.481 0 -2.99894
-298.437 -279.29 426.452 0 -2.99894
-298.497 -278.139 426.422 0 -2.99894
-298.558 -276.988 426.393 0 -2.99894
-298.618 -275.837 426.364 0 -2.99894
-298.678 -274.686 426.335 0 -3.01273
-298.739 -273.533 426.306 0 -2.78731
-298.795 -272.379 426.274 0 -2.71358
-298.85 -271.225 426.24 0 -2.71358
-298.905 -270.072 426.207 0 -2.71358
-298.959 -268.918 426.174 0 -2.71358
-299.014 -267.764 426.141 0 -2.71639
-299.068 -266.615 426.108 0 -2.71639
-299.123 -265.466 426.075 0 -2.71639
-299.177 -264.317 426.042 0 -2.71639
-299.232 -263.168 426.009 0 -2.71639
-299.287 -262.019 425.976 0 -2.71639
-299.341 -260.87 425.943 0 -2.71641
-299.395 -259.723 425.91 0 -2.71641
-299.45 -258.575 425.877 0 -2.64992
-299.503 -257.428 425.843 0 -2.43121
-299.552 -256.28 425.806 0 -2.43121
-299.6 -255.133 425.769 0 -2.43121
-299.649 -253.985 425.733 0 -2.4229
-299.698 -252.837 425.696 0 -2.4229
-299.746 -251.689 425.659 0 -2.4229
-299.795 -250.541 425.622 0 -2.4229
-299.844 -249.393 425.585 0 -2.4229
-299.892 -248.244 425.548 0 -2.4229
-299.941 -247.096 425.511 0 -2.4229
-299.989 -245.948 425.474 0 -2.4229
-300.038 -244.801 425.437 0 -2.4229
-300.086 -243.653 425.4 0 -2.4229
-300.135 -242.505 425.363 0 -2.23914
-300.18 -241.357 425.324 0 -2.15165
-300.223 -240.209 425.283 0 -2.14888
-300.266 -239.061 425.242 0 -2.14888
-300.309 -237.913 425.201 0 -2.14888
-300.352 -236.765 425.16 0 -2.14888
-300.395 -235.617 425.119 0 -2.14888
-300.438 -234.469 425.078 0 -2.14888
-300.481 -233.321 425.037 0 -2.15165
-300.525 -232.173 424.996 0 -2.15165
-300.568 -231.025 424.955 0 -2.15165
-300.611 -229.878 424.915 0 -2.15165
-300.654 -228.73 424.874 0 -2.15165
-300.697 -227.582 424.833 0 -2.12192
-300.74 -226.434 424.791 0 -1.89158
-300.778 -225.285 424.746 0 -1.89158
-300.815 -224.137 424.701 0 -1.89158
-300.853 -222.989 424.656 0 -1.89158
-300.891 -221.84 424.611 0 -1.89158
-300.929 -220.692 424.566 0 -1.89158
-300.967 -219.544 424.521 0 -1.89435
-301.005 -218.396 424.476 0 -1.89435
-301.043 -217.248 424.431 0 -1.89435
-301.081 -216.1 424.386 0 -1.89435
-301.119 -214.952 424.341 0 -1.89435
-301.157 -213.804 424.296 0 -1.89435
-301.195 -212.656 424.251 0 -1.89712
-301.233 -211.508 424.206 0 -1.76336
-301.268 -210.36 424.159 0 -1.65375
-301.301 -209.212 424.11 0 -1.65375
-301.335 -208.064 424.061 0 -1.65375
-301.368 -206.916 424.012 0 -1.65375
-301.401 -205.768 423.963 0 -1.65652
-301.434 -204.62 423.914 0 -1.65652
-301.467 -203.471 423.865 0 -1.65652
-301.501 -202.322 423.816 0 -1.65652
-301.534 -201.174 423.766 0 -1.65652
-301.567 -200.025 423.717 0 -1.65652
-301.6 -198.877 423.668 0 -1.65098
-301.633 -197.729 423.619 0 -1.65098
-301.666 -196.581 423.57 0 -1.65098
-301.699 -195.433 423.521 0 -2.33212
-301.746 -194.281 423.468 0 -2.05468
-301.788 -193.134 423.416 0 -2.05468
-301.829 -191.986 423.363 0 -2.01301
-301.869 -190.841 423.31 0 -2.01301
-301.909 -189.697 423.258 0 -2.01301
-301.949 -188.552 423.205 0 -2.01301
-301.99 -187.407 423.153 0 -2.01301
-302.03 -186.262 423.1 0 -2.01301
-302.07 -185.118 423.048 0 -2.07971
-302.112 -183.973 422.995 0 -2.07971
-302.153 -182.829 422.943 0 -2.07971
-302.195 -181.685 422.89 0 -2.07971
-302.236 -180.54 422.838 0 -2.07971
-302.278 -179.396 422.785 0 -2.03771
-302.319 -178.252 422.732 0 -1.5961
-302.351 -177.1 422.678 0 -1.5961
-302.383 -175.948 422.623 0 -1.5961
-302.415 -174.796 422.569 0 -1.5961
-302.447 -173.644 422.515 0 -1.5961
-302.479 -172.492 422.461 0 -1.5961
-302.511 -171.34 422.407 0 -1.20595
-302.536 -170.172 422.352 0 -1.20595
-302.56 -169.005 422.297 0 -1.20595
-302.585 -167.837 422.242 0 -1.20595
-302.61 -166.67 422.188 0 -1.20595
-302.634 -165.502 422.133 0 -1.20595
-302.659 -164.335 422.078 0 -0.955925
-302.678 -163.16 422.023 0 -0.955925
-302.698 -161.985 421.967 0 -0.90666
-302.716 -160.811 421.911 0 -0.903324
-302.735 -159.636 421.855 0 -0.903323
-302.753 -158.461 421.799 0 -0.903323
-302.772 -157.286 421.743 0 -1.2464
-302.797 -156.123 421.687 0 -1.2464
-302.823 -154.959 421.632 0 -1.2464
-302.848 -153.796 421.576 0 -1.2464
-302.873 -152.633 421.521 0 -1.2464
-302.899 -151.469 421.465 0 -1.2464
-302.924 -150.306 421.409 0 -1.70161
-302.958 -149.15 421.354 0 -1.70161
-302.993 -147.995 421.299 0 -1.70161
-303.027 -146.84 421.244 0 -1.70161
-303.061 -145.685 421.188 0 -1.69104
-303.095 -144.53 421.133 0 -1.66279
-303.129 -143.375 421.077 0 -2.03791
-303.171 -142.202 421.021 0 -2.03791
-303.212 -141.03 420.964 0 -2.03791
-303.254 -139.857 420.907 0 -2.03791
-303.296 -138.685 420.85 0 -2.03791
-303.337 -137.512 420.794 0 -2.03791
-303.379 -136.34 420.737 0 -1.91738
-303.42 -135.115 420.678 0 -1.91738
-303.461 -133.89 420.619 0 -1.91738
-303.502 -132.665 420.56 0 -1.91738
-303.543 -131.44 420.5 0 -1.91738
-303.584 -130.215 420.441 0 -1.91738
-303.625 -128.991 420.382 0 -1.80465
-303.665 -127.727 420.321 0 -1.78071
-303.704 -126.464 420.259 0 -1.78071
-303.744 -125.201 420.198 0 -1.78071
-303.783 -123.938 420.137 0 -1.78071
-303.822 -122.675 420.075 0 -1.78071
-303.861 -121.411 420.014 0 -1.73312
-303.901 -120.098 419.95 0 -1.73312
-303.941 -118.784 419.887 0 -1.73312
-303.981 -117.471 419.823 0 -1.73312
-304.02 -116.158 419.759 0 -1.73312
-304.06 -114.844 419.695 0 -1.73312
-304.1 -113.531 419.631 0 -1.83533
-304.143 -112.197 419.567 0 -1.83533
-304.185 -110.864 419.502 0 -1.82524
-304.228 -109.53 419.437 0 -1.82403
-304.27 -108.197 419.373 0 -1.82403
-304.313 -106.864 419.308 0 -1.82403
-304.355 -105.53 419.243 0 -1.82411
-304.398 -104.194 419.178 0 -1.82411
-304.44 -102.857 419.114 0 -1.82411
-304.483 -101.52 419.049 0 -1.82411
-304.525 -100.183 418.984 0 -1.82411
-304.568 -98.8468 418.919 0 -1.82411
-304.611 -97.5101 418.854 0 -1.82162
-304.653 -96.1777 418.79 0 -1.82162
-304.695 -94.8453 418.725 0 -1.82189
-304.738 -93.5129 418.661 0 -1.82408
-304.78 -92.1805 418.596 0 -1.82408
-304.823 -90.8481 418.532 0 -1.82408
-304.865 -89.5157 418.468 0 -1.82403
-304.907 -88.1853 418.404 0 -1.82403
-304.95 -86.8549 418.34 0 -1.82403
-304.992 -85.5245 418.276 0 -1.82403
-305.034 -84.1941 418.212 0 -1.82403
-305.077 -82.8637 418.148 0 -1.82403
-305.119 -81.5333 418.084 0 -1.82883
-305.162 -80.2022 418.02 0 -1.82883
-305.204 -78.8712 417.956 0 -1.82883
-305.247 -77.5401 417.892 0 -1.83354
-305.289 -76.209 417.828 0 -1.84506
-305.332 -74.8779 417.765 0 -1.84506
-305.375 -73.5468 417.701 0 -1.84028
-305.418 -72.2157 417.638 0 -1.84028
-305.461 -70.8846 417.575 0 -1.84028
-305.503 -69.5535 417.512 0 -1.84028
-305.546 -68.2224 417.449 0 -1.84028
-305.589 -66.8913 417.385 0 -1.84028
-305.632 -65.5602 417.322 0 -1.84267
-305.674 -64.2288 417.259 0 -1.84267
-305.717 -62.8974 417.196 0 -1.84267
-305.76 -61.5659 417.133 0 -1.84267
-305.803 -60.2345 417.069 0 -1.85683
-305.846 -58.9031 417.007 0 -1.87266
-305.89 -57.5716 416.945 0 -1.87265
-305.933 -56.2405 416.883 0 -1.87265
-305.977 -54.9093 416.821 0 -1.87265
-306.02 -53.5782 416.759 0 -1.87265
-306.064 -52.2471 416.697 0 -1.87265
-306.107 -50.9159 416.635 0 -1.87265
-306.151 -49.5848 416.573 0 -1.87264
-306.194 -48.254 416.511 0 -1.87264
-306.238 -46.9232 416.449 0 -1.87264
-306.281 -45.5924 416.387 0 -1.87264
-306.325 -44.2616 416.325 0 -1.87264
-306.368 -42.9308 416.263 0 -1.90116
-306.413 -41.6 416.203 0 -1.91401
-306.457 -40.2688 416.142 0 -1.91401
-306.502 -38.9376 416.082 0 -1.91401
-306.546 -37.6064 416.022 0 -1.91401
-306.59 -36.2752 415.961 0 -1.91401
-306.635 -34.9441 415.901 0 -1.91401
-306.679 -33.6129 415.841 0 -1.91402
-306.724 -32.2811 415.78 0 -1.91402
-306.768 -30.9492 415.72 0 -1.91402
-306.813 -29.6174 415.66 0 -1.91402
-306.858 -28.2855 415.599 0 -1.91402
-306.902 -26.9537 415.539 0 -1.91402
-306.947 -25.6218 415.479 0 -1.84246
-306.989 -24.2932 415.419 0 -1.86447
-307.033 -22.9636 415.359 0 -1.86447
-307.076 -21.634 415.3 0 -1.86447
-307.119 -20.3044 415.24 0 -1.86447
-307.162 -18.9748 415.181 0 -1.86447
-307.206 -17.6452 415.121 0 -1.85959
-307.249 -16.3192 415.062 0 -1.85959
-307.292 -14.9933 415.002 0 -1.85959
-307.335 -13.6673 414.943 0 -1.85959
-307.378 -12.3414 414.883 0 -1.85959
-307.421 -11.0154 414.824 0 -1.85522
-307.464 -9.68948 414.765 0 -1.90753
-307.508 -8.36051 414.707 0 -1.90753
-307.552 -7.03153 414.649 0 -1.90753
-307.597 -5.70256 414.591 0 -1.90753
-307.641 -4.37358 414.533 0 -1.90753
-307.685 -3.04461 414.475 0 -1.90753
-307.729 -1.71563 414.418 0 -1.70635
-307.77 -0.367526 414.359 0 -1.70635
-307.81 0.980578 414.3 0 -1.70635
-307.85 2.32868 414.241 0 -1.70635
-307.89 3.67679 414.183 0 -1.70635
-307.93 5.02489 414.124 0 -1.70274
-307.97 6.37302 414.065 0 -1.3694
-308.004 7.77306 414.006 0 -1.3694
-308.037 9.17311 413.947 0 -1.3694
-308.071 10.5732 413.888 0 -1.3694
-308.104 11.9732 413.828 0 -1.3694
-308.138 13.3733 413.769 0 -1.3694
-308.171 14.7733 413.71 0 -1.29342
-308.204 16.211 413.649 0 -1.29342
-308.236 17.6488 413.588 0 -1.29342
-308.269 19.0865 413.527 0 -1.29342
-308.301 20.5243 413.466 0 -1.29342
-308.333 21.962 413.405 0 -1.2851
-308.366 23.3998 413.346 0 -1.0854
-308.394 24.8851 413.285 0 -1.0854
-308.422 26.3703 413.224 0 -1.0854
-308.45 27.8556 413.162 0 -1.0854
-308.478 29.3409 413.101 0 -1.0854
-308.506 30.8262 413.04 0 -1.0854
-308.535 32.3115 412.979 580149 -1.37718
-308.571 33.8115 412.917 580149 -1.37718
-308.607 35.3115 412.855 580149 -1.37718
-308.643 36.8115 412.794 580149 -1.37708
-308.679 38.3115 412.732 580149 -1.37638
-308.715 39.8116 412.672 580149 -1.37638
-308.751 41.3116 412.612 0 -1.74108
-308.796 42.8087 412.552 0 -1.74108
-308.842 44.3058 412.492 0 -1.74108
-308.887 45.8029 412.432 0 -1.74108
-308.933 47.3 412.372 0 -1.74108
-308.978 48.7971 412.312 0 -1.74108
-309.024 50.2942 412.252 0 -1.87083
-309.073 51.7858 412.193 0 -1.87083
-309.121 53.2775 412.133 0 -1.87406
-309.17 54.7692 412.074 0 -1.87852
-309.219 56.2609 412.016 0 -1.87852
-309.268 57.7526 411.958 0 -1.87852
-309.317 59.2443 411.9 580149 -1.8147
-309.364 60.7437 411.842 580149 -1.8147
-309.412 62.2431 411.783 580149 -1.8147
-309.459 63.7425 411.725 580149 -1.8147
-309.507 65.242 411.667 580149 -1.8147
-309.554 66.7414 411.608 580149 -1.8147
-309.602 68.2408 411.55 580149 -1.81493
-309.65 69.7512 411.491 580149 -1.82681
-309.698 71.2617 411.434 580149 -1.83113
-309.746 72.7721 411.377 580149 -1.83113
-309.795 74.2826 411.32 580149 -1.83113
-309.843 75.7931 411.263 580149 -1.83113
-309.891 77.3035 411.205 580149 -1.85012
-309.94 78.8176 411.148 580149 -1.85012
-309.989 80.3317 411.091 580149 -1.85012
-310.038 81.8458 411.034 580149 -1.85012
-310.087 83.3599 410.977 580149 -1.85012
-310.136 84.874 410.919 580149 -1.85375
-310.185 86.3881 410.862 580149 -1.90641
-310.235 87.8966 410.807 580149 -1.90641
-310.285 89.4051 410.752 580149 -1.90641
-310.335 90.9135 410.696 580149 -1.90641
-310.386 92.422 410.641 580149 -1.90641
-310.436 93.9304 410.586 580149 -1.90641
-310.486 95.4389 410.53 0 -1.90659
-310.536 96.9337 410.475 0 -1.90659
-310.585 98.4285 410.421 0 -1.90659
-310.635 99.9233 410.366 0 -1.90659
-310.685 101.418 410.311 0 -1.92294
-310.735 102.913 410.257 0 -1.9398
-310.786 104.408 410.204 0 -1.93769
-310.836 105.901 410.15 0 -1.93769
-310.887 107.395 410.097 0 -1.93769
-310.937 108.888 410.044 0 -1.93769
-310.988 110.382 409.991 0 -1.93769
-311.038 111.875 409.937 0 -1.93769
-311.089 113.369 409.884 580149 -2.02766
-311.143 114.885 409.83 580149 -2.02766
-311.196 116.401 409.776 580149 -2.02766
-311.25 117.917 409.722 580149 -2.06191
-311.305 119.433 409.669 580149 -2.06939
-311.359 120.949 409.617 580149 -2.06939
-311.414 122.465 409.565 580149 -2.02755
-311.469 124.027 409.511 580149 -2.02755
-311.525 125.589 409.457 580149 -2.02755
-311.58 127.151 409.403 580149 -2.02755
-311.635 128.713 409.349 580149 -2.02755
-311.691 130.276 409.294 580149 -2.02755
-311.746 131.838 409.24 580149 -1.93456
-311.8 133.438 409.185 580149 -1.79474
-311.85 135.035 409.131 590149 -1.77711
-311.9 136.636 409.077 590149 -1.77711
-311.949 138.237 409.023 590149 -1.77711
-311.999 139.838 408.969 590149 -1.77711
-312.049 141.439 408.916 590149 -1.74503
-312.099 143.085 408.86 590149 -1.74503
-312.149 144.732 408.805 590149 -1.74503
-312.199 146.379 408.75 590149 -1.74503
-312.249 148.025 408.695 590149 -1.74503
-312.3 149.672 408.639 590149 -1.74503
-312.35 151.318 408.584 590149 -1.82401
-312.403 152.986 408.528 590149 -1.82401
-312.456 154.653 408.472 590149 -1.82401
-312.509 156.32 408.416 590149 -1.84721
-312.563 157.987 408.361 590149 -1.85715
-312.617 159.654 408.306 590149 -1.85715
-312.671 161.321 408.251 590149 -1.85711
-312.725 162.992 408.196 590149 -1.85711
-312.779 164.662 408.141 590149 -1.85711
-312.833 166.333 408.086 590149 -1.85711
-312.888 168.003 408.032 590149 -1.85711
-312.942 169.674 407.977 590149 -1.85711
-312.996 171.344 407.922 590149 -1.85716
-313.05 173.011 407.867 590149 -1.85716
-313.104 174.677 407.812 590149 -1.85716
-313.158 176.343 407.757 590149 -1.85716
-313.212 178.009 407.703 590149 -1.85716
-313.266 179.675 407.648 590149 -1.87718
-313.321 181.341 407.594 590149 -1.88119
-313.375 183.006 407.54 590149 -1.88119
-313.43 184.67 407.486 590149 -1.88119
-313.485 186.334 407.432 590149 -1.88119
-313.539 187.998 407.378 590149 -1.88119
-313.594 189.662 407.325 590149 -1.88119
-313.649 191.327 407.271 590149 -1.87926
-313.703 192.992 407.217 590149 -1.87926
-313.758 194.658 407.163 590149 -1.87926
-313.813 196.323 407.109 590149 -1.87926
-313.867 197.989 407.055 590149 -1.87926
-313.922 199.654 407.002 590149 -1.87926
-313.976 201.32 406.948 590149 -1.88311
-314.031 202.983 406.894 590149 -1.89709
-314.086 204.647 406.841 590149 -1.89799
-314.141 206.31 406.788 590149 -1.89799
-314.197 207.974 406.735 590149 -1.89799
-314.252 209.637 406.681 590149 -1.89799
-314.307 211.301 406.628 590149 -1.8942
-314.362 212.961 406.575 590149 -1.8942
-314.417 214.621 406.522 590149 -1.8942
-314.471 216.28 406.469 590149 -1.8942
-314.526 217.94 406.416 590149 -1.8942
-314.581 219.6 406.363 590149 -1.8942
-314.636 221.26 406.31 590149 -1.89606
-314.691 222.924 406.257 590149 -1.89606
-314.746 224.589 406.204 590149 -1.8962
-314.801 226.254 406.151 590149 -1.90181
-314.857 227.918 406.098 590149 -1.90181
-314.912 229.583 406.046 590149 -1.90181
-314.967 231.247 405.993 590149 -1.93185
-315.024 232.93 405.94 590149 -1.93185
-315.081 234.613 405.886 590149 -1.93185
-315.138 236.296 405.833 590149 -1.93185
-315.194 237.978 405.78 590149 -1.93185
-315.251 239.661 405.727 590149 -1.93185
-315.308 241.344 405.673 590149 -1.87152
-315.364 243.052 405.619 590149 -1.87152
-315.419 244.76 405.565 590149 -1.87152
-315.475 246.469 405.511 590149 -1.87152
-315.531 248.177 405.457 590149 -1.87046
-315.587 249.885 405.403 590149 -1.86814
-315.643 251.593 405.349 590149 -1.89786
-315.699 253.309 405.295 590149 -1.89786
-315.756 255.025 405.241 590149 -1.89786
-315.813 256.741 405.187 590149 -1.89786
-315.87 258.456 405.133 590149 -1.89786
-315.927 260.172 405.079 590149 -1.89786
-315.984 261.888 405.025 590149 -1.89798
-316.04 263.593 404.971 590149 -1.89798
-316.097 265.298 404.917 590149 -1.89798
-316.153 267.003 404.864 590149 -1.89798
-316.21 268.707 404.81 590149 -1.89798
-316.266 270.412 404.756 590149 -1.89798
-316.323 272.117 404.703 590149 -1.91803
-316.38 273.819 404.649 590149 -1.9154
-316.437 275.521 404.595 590149 -1.9154
-316.494 277.224 404.542 590149 -1.9154
-316.55 278.926 404.488 590149 -1.9154
-316.607 280.628 404.434 590149 -1.9154
-316.664 282.33 404.381 590149 -1.92767
-316.722 284.055 404.326 590149 -1.92767
-316.78 285.78 404.272 590149 -1.92767
-316.838 287.504 404.218 590149 -1.92767
-316.897 289.229 404.163 590149 -1.92767
-316.955 290.954 404.109 590149 -1.92767
-317.013 292.679 404.055 590149 -1.81575
-317.068 294.424 404 590149 -1.80875
-317.123 296.168 403.945 590149 -1.79411
-317.178 297.913 403.889 590149 -1.79411
-317.232 299.658 403.834 590149 -1.79411
-317.287 301.403 403.779 590149 -1.79411
-317.342 303.148 403.724 590149 -1.83969
-317.398 304.893 403.668 590149 -1.83969
-317.454 306.638 403.613 590149 -1.83969
-317.51 308.384 403.558 590149 -1.83969
-317.566 310.129 403.503 590149 -1.83969
-317.622 311.874 403.447 590149 -1.83969
-317.678 313.619 403.392 590149 -1.9977
-317.742 315.454 403.334 590149 -1.9977
-317.806 317.29 403.276 590149 -1.99114
-317.87 319.125 403.218 590149 -1.96693
-317.933 320.96 403.159 590149 -1.96693
-317.996 322.795 403.101 590149 -1.96693
-318.059 324.631 403.042 590149 -1.78316
-318.119 326.566 402.98 590149 -1.78316
-318.179 328.501 402.918 590149 -1.78316
-318.24 330.437 402.857 590149 -1.78316
-318.3 332.372 402.795 590149 -1.78316
-318.36 334.307 402.733 590149 -1.78316
-318.42 336.243 402.671 590149 -1.71157
-318.482 338.316 402.605 590149 -1.71157
-318.544 340.389 402.539 590149 -1.70004
-318.606 342.463 402.473 590149 -1.67167
-318.666 344.536 402.405 590149 -1.67167
-318.727 346.609 402.338 590149 -1.67167
-318.787 348.683 402.271 590149 -1.64591
-318.851 350.91 402.199 590149 -1.64591
-318.915 353.137 402.127 590149 -1.64591
-318.979 355.364 402.055 590149 -1.64591
-319.043 357.591 401.983 590149 -1.64591
-319.107 359.818 401.911 590149 -1.64591
-319.171 362.046 401.839 590149 -1.62896
-319.238 364.385 401.764 590149 -1.73627
-319.309 366.731 401.687 600149 -1.73501
-319.38 369.069 401.609 600149 -1.73501
-319.451 371.406 401.532 600149 -1.735
-319.521 373.744 401.455 600149 -1.735
-319.592 376.081 401.377 600149 -1.55422
-319.659 378.537 401.296 600149 -1.55421
-319.726 380.994 401.215 600149 -1.50714
-319.79 383.45 401.134 600149 -0.949333
-319.831 385.907 401.061 600149 -0.949327
-319.872 388.365 400.988 600149 -0.949321
-319.912 390.822 400.915 600149 -1.13703
-319.958 393.139 400.847 600149 -1.13703
-320.004 395.457 400.778 600149 -1.13703
-320.05 397.774 400.709 600149 -1.13703
-320.096 400.091 400.641 600149 -1.02695
-320.138 402.409 400.573 600149 -0.507547
-320.158 404.727 400.513 600149 -0.538542
-320.179 406.914 400.456 600149 -0.538541
-320.199 409.101 400.399 600149 -0.538541
-320.22 411.289 400.342 600149 -0.53854
-320.241 413.476 400.285 600149 -0.53854
-320.261 415.663 400.228 600149 -0.538539
-320.282 417.85 400.171 600149 -0.570272
-320.302 419.861 400.119 600149 -0.205683
-320.309 421.873 400.071 600149 0.0836182
-320.306 423.884 400.026 600149 0.0836184
-320.303 425.896 399.981 600149 0.0836187
-320.3 427.908 399.936 600149 0.0836189
-320.297 429.919 399.892 600149 0.0506857
-320.296 431.769 399.85 600149 0.0506858
-320.294 433.619 399.809 600149 0.0506859
-320.292 435.469 399.768 600149 0.050686
-320.291 437.319 399.727 600149 0.050686
-320.289 439.168 399.686 600149 0.606121
-320.269 441.018 399.65 600149 0.57588
-320.252 442.756 399.618 600149 0.575881
-320.235 444.494 399.586 600149 0.575881
-320.217 446.232 399.554 600149 0.575882
-320.2 447.97 399.522 600149 0.575882
-320.182 449.708 399.49 600149 0.575883
-320.165 451.446 399.458 600149 0.561383
-320.149 453.059 399.429 600149 0.561384
-320.133 454.671 399.399 600149 0.561384
-320.117 456.283 399.369 600149 0.561385
-320.101 457.895 399.339 600149 1.10438
-320.07 459.507 399.315 600149 1.26343
-320.035 461.119 399.292 600149 1.3897
-319.994 462.79 399.267 600149 1.3897
-319.954 464.461 399.243 600149 1.3897
-319.913 466.132 399.219 600149 1.3897
-319.873 467.802 399.195 600149 1.3897
-319.832 469.473 399.171 600149 1.3897
-319.792 471.144 399.147 600149 1.39519
-319.75 472.865 399.122 600149 1.39519
-319.708 474.586 399.098 600149 1.39519
-319.666 476.306 399.073 600149 1.81857
-319.611 478.027 399.052 600149 2.12087
-319.548 479.747 399.034 600149 2.12087
-319.484 481.467 399.017 600149 2.2391
-319.415 483.239 398.999 600149 2.2391
-319.345 485.012 398.98 600149 2.2391
-319.276 486.784 398.962 600149 2.23911
-319.207 488.556 398.944 600149 2.23911
-319.137 490.328 398.926 600149 2.23911
-319.068 492.101 398.907 600149 2.12052
-319.001 493.908 398.889 600149 2.12052
-318.934 495.715 398.87 600149 2.83803
-318.845 497.521 398.859 600149 2.8695
-318.754 499.327 398.848 600149 2.8695
-318.664 501.133 398.837 600149 2.8695
-318.573 502.939 398.827 600149 2.86596
-318.482 504.754 398.816 600149 2.86596
-318.391 506.569 398.805 600149 2.86596
-318.301 508.384 398.794 600149 2.86596
-318.21 510.199 398.783 600149 2.86596
-318.119 512.014 398.772 600149 2.86596
-318.028 513.829 398.761 600149 3.30745
-317.922 515.662 398.755 600149 3.61702
-317.806 517.495 398.752 600149 3.61702
-317.69 519.327 398.749 600149 3.61702
-317.575 521.16 398.746 600149 3.61702
-317.459 522.993 398.743 600149 3.61702
-317.343 524.825 398.74 600149 3.78079
-317.221 526.669 398.737 600149 3.78079
-317.099 528.512 398.734 600149 3.78079
-316.977 530.356 398.731 600149 3.78079
-316.856 532.199 398.728 600149 4.08237
-316.724 534.042 398.728 600149 4.57515
-316.577 535.884 398.734 600149 4.33698
-316.443 537.649 398.739 600149 4.33698
-316.309 539.413 398.744 600149 4.33698
-316.175 541.178 398.749 600149 4.33698
-316.041 542.942 398.754 600149 4.33698
-315.907 544.707 398.759 600149 4.33698
-315.774 546.472 398.764 600149 4.28554
-315.644 548.201 398.769 600149 4.28554
-315.514 549.93 398.774 600149 4.28554
-315.385 551.659 398.779 600149 4.69291
-315.243 553.39 398.785 610149 4.77628
-315.098 555.118 398.792 610149 4.77629
-314.954 556.846 398.8 610149 4.51728
-314.824 558.495 398.806 610149 4.51729
-314.694 560.144 398.813 610149 4.5173
-314.563 561.793 398.82 610149 4.73169
-314.427 563.441 398.83 610149 4.95461
-314.284 565.089 398.842 610149 4.95462
-314.141 566.737 398.854 610149 5.2071
-313.989 568.41 398.867 610149 5.2071
-313.836 570.083 398.88 610149 5.2071
-313.684 571.756 398.892 610149 5.20711
-313.531 573.429 398.905 610149 5.50542
-313.37 575.101 398.921 610149 5.64556
-313.205 576.772 398.939 610149 5.64934
-313.033 578.509 398.957 610149 5.64934
-312.861 580.246 398.976 610149 5.64934
-312.689 581.982 398.994 610149 5.64934
-312.518 583.719 399.013 610149 5.6925
-312.345 585.455 399.032 610149 6.08887
-312.16 587.19 399.055 610149 6.17097
-311.967 588.975 399.08 610149 6.17097
-311.774 590.76 399.104 610149 6.17097
-311.581 592.545 399.128 610149 6.17097
-311.388 594.33 399.152 610149 6.17097
-311.195 596.115 399.177 610149 6.49236
-310.992 597.898 399.205 610149 0
