-342.709 -2022.61 375.233 0 28.7904
-342.05 -2021.41 375.263 0 28.4485
-341.395 -2020.21 375.295 0 28.4485
-340.74 -2019 375.327 0 28.4485
-340.086 -2017.79 375.359 0 28.4485
-339.431 -2016.58 375.391 0 28.4485
-338.776 -2015.37 375.423 0 28.6081
-338.113 -2014.16 375.455 0 28.6081
-337.449 -2012.94 375.487 0 28.6081
-336.785 -2011.72 375.52 0 28.608
-336.122 -2010.51 375.552 0 28.608
-335.458 -2009.29 375.584 0 28.608
-334.795 -2008.07 375.616 0 28.5209
-334.133 -2006.85 375.649 0 28.5209
-333.472 -2005.64 375.681 0 28.5209
-332.81 -2004.42 375.713 0 28.5209
-332.149 -2003.2 375.745 0 28.0195
-331.498 -2001.98 375.78 0 27.6417
-330.855 -2000.75 375.817 0 27.5403
-330.226 -1999.55 375.853 0 27.5403
-329.597 -1998.34 375.889 0 27.5403
-328.968 -1997.13 375.925 0 27.5403
-328.339 -1995.93 375.961 0 27.5403
-327.71 -1994.72 375.997 0 27.5403
-327.081 -1993.51 376.034 0 27.6338
-326.464 -1992.34 376.069 0 27.6337
-325.847 -1991.16 376.104 0 27.6337
-325.23 -1989.98 376.139 0 27.6337
-324.613 -1988.8 376.175 0 27.6337
-323.996 -1987.62 376.21 0 27.6337
-323.379 -1986.44 376.245 0 27.6343
-322.764 -1985.27 376.28 0 27.6343
-322.149 -1984.09 376.316 0 27.6343
-321.533 -1982.92 376.351 0 26.8389
-320.934 -1981.74 376.39 0 26.7573
-320.337 -1980.55 376.429 0 26.7573
-319.74 -1979.37 376.469 0 26.759
-319.141 -1978.18 376.508 0 26.759
-318.542 -1976.99 376.548 0 26.759
-317.942 -1975.8 376.587 0 26.759
-317.343 -1974.61 376.626 0 26.759
-316.744 -1973.42 376.666 0 26.759
-316.145 -1972.24 376.705 0 26.7564
-315.545 -1971.05 376.745 0 26.7564
-314.945 -1969.86 376.785 0 26.7564
-314.345 -1968.67 376.824 0 26.7564
-313.745 -1967.48 376.864 0 26.7564
-313.145 -1966.29 376.903 0 26.7564
-312.545 -1965.1 376.943 0 26.7588
-311.945 -1963.91 376.982 0 26.7123
-311.346 -1962.72 377.022 0 25.8845
-310.765 -1961.52 377.065 0 25.8845
-310.183 -1960.32 377.109 0 25.8845
-309.602 -1959.12 377.153 0 25.8845
-309.02 -1957.92 377.196 0 25.8845
-308.439 -1956.72 377.24 0 25.8845
-307.857 -1955.53 377.283 0 25.8845
-307.275 -1954.33 377.327 0 25.8845
-306.694 -1953.13 377.37 0 25.8845
-306.112 -1951.93 377.414 0 25.8845
-305.531 -1950.73 377.457 0 25.8821
-304.949 -1949.53 377.501 0 25.8821
-304.368 -1948.33 377.545 0 25.8821
-303.786 -1947.14 377.588 0 25.8821
-303.204 -1945.94 377.632 0 25.8821
-302.623 -1944.74 377.675 0 25.8821
-302.041 -1943.54 377.719 0 25.7056
-301.463 -1942.34 377.763 0 25.0132
-300.9 -1941.13 377.811 0 25.0132
-300.337 -1939.92 377.858 0 25.0132
-299.773 -1938.72 377.905 0 25.0132
-299.21 -1937.51 377.953 0 25.0132
-298.647 -1936.3 378 0 25.0108
-298.083 -1935.09 378.048 0 25.0108
-297.52 -1933.89 378.095 0 25.0108
-296.957 -1932.68 378.143 0 25.0108
-296.394 -1931.47 378.19 0 25.0108
-295.83 -1930.27 378.237 0 25.0108
-295.267 -1929.06 378.285 0 25.0132
-294.704 -1927.85 378.332 0 25.0132
-294.14 -1926.64 378.38 0 25.0132
-293.577 -1925.44 378.427 0 25.0132
-293.014 -1924.23 378.475 0 25.0132
-292.45 -1923.02 378.522 0 24.714
-291.893 -1921.81 378.571 0 24.1455
-291.349 -1920.6 378.622 0 24.1455
-290.804 -1919.38 378.673 0 24.1455
-290.26 -1918.17 378.724 0 24.1455
-289.715 -1916.95 378.775 0 24.1455
-289.171 -1915.74 378.826 0 24.1455
-288.626 -1914.52 378.877 0 24.1437
-288.084 -1913.31 378.928 0 24.1437
-287.541 -1912.1 378.979 0 24.1437
-286.998 -1910.89 379.03 0 24.1437
-286.455 -1909.68 379.081 0 24.1437
-285.912 -1908.47 379.132 0 24.1437
-285.369 -1907.26 379.183 0 24.1313
-284.826 -1906.04 379.234 0 24.1313
-284.282 -1904.83 379.285 0 24.1313
-283.738 -1903.62 379.336 0 24.1313
-283.194 -1902.4 379.387 0 23.7609
-282.658 -1901.18 379.44 0 23.2672
-282.133 -1899.96 379.495 0 23.2692
-281.6 -1898.72 379.55 0 23.2692
-281.067 -1897.48 379.605 0 23.2692
-280.534 -1896.25 379.661 0 23.2692
-280.001 -1895.01 379.716 0 23.2692
-279.469 -1893.77 379.772 0 23.2692
-278.936 -1892.53 379.827 0 23.2995
-278.39 -1891.26 379.884 0 23.2995
-277.844 -1889.99 379.94 0 23.2995
-277.299 -1888.73 379.997 0 23.2995
-276.753 -1887.46 380.054 0 23.2995
-276.207 -1886.19 380.11 0 23.2995
-275.661 -1884.92 380.167 0 23.2656
-275.105 -1883.63 380.225 0 23.2656
-274.549 -1882.34 380.283 0 23.2656
-273.992 -1881.04 380.341 0 22.4179
-273.455 -1879.74 380.402 0 22.4057
-272.918 -1878.44 380.463 0 22.4057
-272.381 -1877.14 380.525 0 22.2651
-271.843 -1875.82 380.587 0 22.2651
-271.304 -1874.5 380.649 0 22.2651
-270.765 -1873.19 380.711 0 22.2651
-270.226 -1871.87 380.773 0 22.2651
-269.687 -1870.56 380.835 0 22.2651
-269.148 -1869.24 380.897 0 21.9875
-268.616 -1867.92 380.959 0 21.9875
-268.083 -1866.6 381.021 0 21.9875
-267.551 -1865.28 381.083 0 21.9875
-267.018 -1863.96 381.145 0 21.9875
-266.486 -1862.65 381.207 0 21.9875
-265.954 -1861.33 381.269 0 21.8453
-265.426 -1860.01 381.332 0 21.0731
-264.916 -1858.69 381.397 0 21.0731
-264.406 -1857.36 381.462 0 21.0731
-263.896 -1856.04 381.528 0 21.0731
-263.386 -1854.72 381.593 0 21.0731
-262.877 -1853.4 381.658 0 21.1153
-262.367 -1852.07 381.723 0 21.1153
-261.857 -1850.75 381.789 0 21.1153
-261.347 -1849.43 381.854 0 21.1153
-260.837 -1848.11 381.919 0 21.1153
-260.327 -1846.79 381.984 0 21.1153
-259.817 -1845.47 382.049 0 21.1175
-259.307 -1844.15 382.115 0 21.1175
-258.797 -1842.83 382.18 0 21.1175
-258.287 -1841.51 382.245 0 21.1175
-257.777 -1840.19 382.31 0 20.9918
-257.27 -1838.87 382.376 0 20.267
-256.78 -1837.54 382.444 0 20.2651
-256.289 -1836.21 382.513 0 20.2651
-255.798 -1834.88 382.582 0 20.2651
-255.308 -1833.55 382.65 0 20.2651
-254.817 -1832.22 382.719 0 20.2651
-254.326 -1830.9 382.787 0 20.2651
-253.835 -1829.57 382.856 0 20.263
-253.344 -1828.24 382.924 0 20.263
-252.853 -1826.91 382.993 0 20.263
-252.362 -1825.58 383.062 0 20.263
-251.871 -1824.25 383.13 0 20.263
-251.38 -1822.91 383.199 0 20.263
-250.889 -1821.58 383.267 0 20.2555
-250.399 -1820.26 383.336 0 20.2555
-249.91 -1818.93 383.404 0 19.9283
-249.428 -1817.6 383.477 0 19.6095
-248.953 -1816.27 383.55 0 19.6095
-248.479 -1814.94 383.624 0 19.6095
-248.004 -1813.61 383.697 0 19.5989
-247.533 -1812.28 383.77 0 19.5989
-247.062 -1810.96 383.843 0 19.5989
-246.59 -1809.64 383.916 0 19.5989
-246.119 -1808.31 383.989 0 19.5989
-245.647 -1806.99 384.062 0 19.5989
-245.176 -1805.66 384.135 0 19.6757
-244.703 -1804.34 384.208 0 19.2261
-244.241 -1803.02 384.281 0 19.0695
-243.783 -1801.69 384.353 0 19.0695
-243.324 -1800.36 384.426 0 19.0695
-242.866 -1799.04 384.498 0 19.0695
-242.407 -1797.71 384.571 0 19.2286
-241.94 -1796.37 384.644 0 19.2286
-241.472 -1795.03 384.718 0 19.2286
-241.005 -1793.69 384.791 0 19.2286
-240.537 -1792.35 384.865 0 19.2286
-240.07 -1791.01 384.938 0 19.2286
-239.602 -1789.67 385.012 0 19.0896
-239.125 -1788.29 385.087 0 18.7793
-238.655 -1786.91 385.162 0 18.7793
-238.185 -1785.53 385.237 0 18.7793
-237.715 -1784.14 385.312 0 18.7793
-237.245 -1782.76 385.387 0 18.7793
-236.775 -1781.38 385.462 0 18.8763
-236.295 -1779.98 385.538 0 18.8763
-235.816 -1778.57 385.615 0 18.8763
-235.337 -1777.17 385.691 0 18.8763
-234.857 -1775.77 385.767 0 18.8763
-234.378 -1774.37 385.843 0 18.4784
-233.908 -1772.96 385.919 0 18.2736
-233.446 -1771.56 385.994 0 18.2736
-232.983 -1770.16 386.07 0 18.2736
-232.521 -1768.76 386.145 0 18.2736
-232.058 -1767.36 386.22 0 18.2736
-231.596 -1765.96 386.295 0 18.2736
-231.133 -1764.56 386.371 0 18.2727
-230.674 -1763.17 386.446 0 18.2727
-230.214 -1761.77 386.52 0 18.2727
-229.754 -1760.38 386.595 0 18.2727
-229.294 -1758.99 386.67 0 17.7672
-228.846 -1757.59 386.744 0 17.6704
-228.401 -1756.19 386.819 0 17.8019
-227.952 -1754.79 386.893 0 17.8019
-227.502 -1753.39 386.967 0 17.8019
-227.052 -1751.99 387.042 0 17.8019
-226.603 -1750.59 387.116 0 17.8019
-226.153 -1749.19 387.191 0 17.8019
-225.704 -1747.79 387.265 0 17.7969
-225.248 -1746.37 387.34 0 17.7969
-224.792 -1744.95 387.416 0 17.7732
-224.337 -1743.53 387.491 0 17.1962
-223.896 -1742.11 387.566 0 17.1962
-223.455 -1740.68 387.64 0 17.1962
-223.014 -1739.26 387.715 400149 17.1915
-222.57 -1737.82 387.79 400149 17.1915
-222.126 -1736.39 387.866 400149 17.1915
-221.681 -1734.95 387.941 400149 17.1915
-221.237 -1733.52 388.016 400149 17.1915
-220.793 -1732.08 388.091 400149 17.1915
-220.349 -1730.65 388.166 0 17.1948
-219.906 -1729.22 388.241 0 16.9555
-219.47 -1727.78 388.316 0 16.5958
-219.042 -1726.35 388.39 0 16.5958
-218.614 -1724.91 388.464 0 16.5958
-218.187 -1723.48 388.538 0 16.5958
-217.759 -1722.04 388.612 0 16.5958
-217.331 -1720.61 388.686 0 16.5958
-216.904 -1719.17 388.76 0 16.5958
-216.476 -1717.74 388.834 0 16.5958
-216.048 -1716.3 388.908 0 16.5958
-215.621 -1714.87 388.982 0 16.5958
-215.193 -1713.43 389.056 0 16.1495
-214.776 -1711.99 389.13 0 15.9965
-214.364 -1710.56 389.203 0 15.9965
-213.951 -1709.12 389.276 0 15.9965
-213.538 -1707.68 389.349 0 15.9965
-213.126 -1706.24 389.422 0 15.9965
-212.713 -1704.8 389.495 0 15.9965
-212.3 -1703.36 389.568 0 15.9965
-211.888 -1701.92 389.641 0 15.9964
-211.475 -1700.48 389.714 0 15.9964
-211.062 -1699.04 389.787 0 15.9484
-210.651 -1697.6 389.86 0 15.4012
-210.253 -1696.16 389.932 0 15.4033
-209.855 -1694.71 390.004 0 15.4033
-209.457 -1693.27 390.076 0 15.4033
-209.06 -1691.82 390.148 0 15.4033
-208.662 -1690.38 390.22 0 15.4033
-208.264 -1688.94 390.292 0 15.4033
-207.866 -1687.49 390.364 0 15.4032
-207.468 -1686.05 390.436 0 15.4032
-207.07 -1684.6 390.508 0 15.4032
-206.673 -1683.16 390.58 0 15.16
-206.281 -1681.71 390.651 0 14.81
-205.898 -1680.26 390.722 0 14.81
-205.515 -1678.82 390.793 0 14.8082
-205.132 -1677.37 390.863 0 14.8081
-204.75 -1675.92 390.934 0 14.8081
-204.367 -1674.48 391.005 0 14.8081
-203.985 -1673.03 391.075 0 14.8081
-203.602 -1671.58 391.146 0 14.8081
-203.219 -1670.13 391.217 0 14.811
-202.838 -1668.69 391.287 0 14.811
-202.456 -1667.25 391.358 400149 13.7099
-202.1 -1665.79 391.443 0 13.7906
-201.745 -1664.34 391.526 0 13.7377
-201.39 -1662.89 391.608 0 13.7357
-201.036 -1661.44 391.689 0 13.6998
-200.682 -1659.99 391.769 0 13.6866
-200.329 -1658.54 391.849 0 13.6685
-199.976 -1657.09 391.928 0 13.6482
-199.623 -1655.63 392.006 0 13.6414
-199.271 -1654.18 392.084 0 13.6182
-198.919 -1652.73 392.162 410149 13.5572
-198.565 -1651.26 392.24 410149 13.5355
-198.211 -1649.79 392.319 410149 13.5354
-197.857 -1648.32 392.397 410149 13.5249
-197.504 -1646.85 392.475 410149 13.5219
-197.15 -1645.38 392.554 410149 13.519
-196.797 -1643.91 392.633 410149 13.5328
-196.435 -1642.41 392.714 410149 13.534
-196.073 -1640.9 392.795 410149 13.5359
-195.71 -1639.4 392.877 410149 13.5384
-195.348 -1637.89 392.96 410149 13.5473
-194.986 -1636.39 393.044 410149 13.5411
-194.623 -1634.89 393.121 420149 13.6533
-194.248 -1633.34 393.191 420149 13.5526
-193.876 -1631.8 393.261 420149 13.3909
-193.508 -1630.25 393.333 420149 13.2991
-193.142 -1628.7 393.405 420149 13.1579
-192.78 -1627.16 393.479 420149 13.0755
-192.421 -1625.61 393.553 420149 12.8876
-192.062 -1624.04 393.629 420149 12.8114
-191.705 -1622.47 393.705 420149 12.7134
-191.35 -1620.9 393.781 420149 12.6446
-190.998 -1619.33 393.858 420149 12.5687
-190.647 -1617.75 393.934 420149 12.5093
-190.299 -1616.18 394.011 420149 12.1648
-189.959 -1614.61 394.088 420149 12.1171
-189.622 -1613.04 394.164 420149 12.0788
-189.285 -1611.46 394.24 420149 12.0452
-188.949 -1609.89 394.316 420149 12.0223
-188.614 -1608.31 394.391 420149 12.005
-188.279 -1606.74 394.465 420149 11.9437
-187.946 -1605.16 394.538 420149 11.2385
-187.63 -1603.57 394.614 430149 11.2248
-187.317 -1602 394.692 430149 11.2773
-187.002 -1600.42 394.764 430149 11.2789
-186.688 -1598.84 394.835 430149 11.3017
-186.372 -1597.26 394.904 430149 11.3562
-186.054 -1595.68 394.972 430149 11.352
-185.735 -1594.09 395.04 430149 11.3464
-185.417 -1592.51 395.108 430149 11.3179
-185.1 -1590.92 395.177 430149 11.3044
-184.783 -1589.33 395.246 430149 11.2547
-184.467 -1587.75 395.318 430149 11.2989
-184.149 -1586.16 395.392 430149 11.2309
-183.834 -1584.57 395.469 430149 11.1924
-183.52 -1582.98 395.549 430149 11.1092
-183.208 -1581.39 395.635 430149 11.0539
-182.897 -1579.8 395.724 430149 10.9583
-182.59 -1578.21 395.819 430149 10.8049
-182.29 -1576.64 395.918 430149 10.6982
-181.993 -1575.07 396.025 430149 10.4098
-181.703 -1573.5 396.1 440149 10.2738
-181.418 -1571.92 396.168 440149 10.2738
-181.133 -1570.35 396.236 440149 10.2738
-180.847 -1568.77 396.304 440149 9.87851
-180.579 -1567.23 396.372 440149 9.87158
-180.31 -1565.69 396.44 440149 9.87158
-180.042 -1564.14 396.508 440149 9.84995
-179.774 -1562.6 396.576 440149 9.67417
-179.511 -1561.06 396.646 440149 9.67417
-179.247 -1559.51 396.715 440149 9.64632
-178.987 -1557.98 396.783 440149 9.59915
-178.728 -1556.45 396.851 440149 9.44964
-178.473 -1554.92 396.92 440149 9.44964
-178.218 -1553.39 396.988 440149 9.44964
-177.963 -1551.86 397.057 440149 9.38052
-177.71 -1550.32 397.125 440149 9.28172
-177.457 -1548.78 397.193 440149 9.28172
-177.204 -1547.23 397.261 440149 9.28171
-176.951 -1545.68 397.33 440149 9.18451
-176.701 -1544.13 397.397 440149 9.08653
-176.454 -1542.59 397.463 440149 9.08653
-176.206 -1541.04 397.53 440149 9.08327
-175.957 -1539.48 397.597 440149 8.95617
-175.712 -1537.92 397.662 440149 8.88884
-175.468 -1536.37 397.726 440149 8.88884
-175.225 -1534.81 397.79 440149 8.88884
-174.981 -1533.25 397.854 440149 8.7295
-174.742 -1531.7 397.915 440149 8.70051
-174.505 -1530.14 397.976 440149 8.70051
-174.268 -1528.59 398.036 440149 8.7005
-174.03 -1527.04 398.097 440149 8.51201
-173.798 -1525.49 398.153 440149 8.50758
-173.566 -1523.94 398.209 440149 8.50758
-173.334 -1522.39 398.265 440149 8.4832
-173.104 -1520.85 398.32 440149 8.31455
-172.878 -1519.3 398.37 440149 8.31455
-172.653 -1517.76 398.421 440149 8.31455
-172.427 -1516.22 398.471 440149 7.89443
-172.212 -1514.67 398.528 450149 7.5268
-172.008 -1513.12 398.588 450149 7.49731
-171.803 -1511.57 398.649 450149 7.49731
-171.599 -1510.01 398.71 450149 7.49731
-171.394 -1508.46 398.772 450149 7.49731
-171.189 -1506.9 398.833 450149 7.49731
-170.984 -1505.34 398.894 450149 7.49731
-170.78 -1503.79 398.955 450149 7.55325
-170.571 -1502.22 399.016 450149 7.55325
-170.363 -1500.65 399.078 450149 7.55325
-170.155 -1499.08 399.14 450149 7.55325
-169.947 -1497.5 399.201 450149 7.55325
-169.738 -1495.93 399.263 450149 7.55325
-169.53 -1494.36 399.325 450149 6.84297
-169.341 -1492.79 399.383 450149 6.74843
-169.154 -1491.21 399.441 450149 6.74843
-168.968 -1489.64 399.5 450149 6.74843
-168.781 -1488.06 399.558 450149 6.74843
-168.595 -1486.48 399.616 450149 6.74843
-168.408 -1484.91 399.674 450149 6.84087
-168.219 -1483.33 399.732 450149 6.84087
-168.029 -1481.75 399.791 450149 6.84087
-167.84 -1480.17 399.849 450149 6.84087
-167.65 -1478.59 399.907 450149 6.84087
-167.461 -1477.01 399.966 450149 6.84087
-167.271 -1475.43 400.024 450149 6.80813
-167.08 -1473.82 400.083 450149 6.54633
-166.896 -1472.22 400.141 450149 6.02562
-166.726 -1470.62 400.196 450149 6.02562
-166.557 -1469.01 400.252 450149 6.02562
-166.388 -1467.41 400.307 450149 6.02562
-166.218 -1465.8 400.363 450149 6.08936
-166.044 -1464.16 400.42 450149 6.08936
-165.869 -1462.53 400.476 450149 6.08936
-165.694 -1460.89 400.533 450149 6.08936
-165.519 -1459.25 400.59 450149 6.08936
-165.345 -1457.61 400.646 450149 6.08936
-165.17 -1455.97 400.703 450149 6.05733
-164.994 -1454.31 400.76 450149 6.05733
-164.817 -1452.65 400.818 450149 5.90771
-164.646 -1450.99 400.874 450149 5.26552
-164.492 -1449.33 400.928 450149 5.26552
-164.339 -1447.67 400.982 450149 5.26551
-164.186 -1446.01 401.036 450149 5.26746
-164.033 -1444.34 401.089 450149 5.26746
-163.879 -1442.68 401.143 450149 5.26746
-163.726 -1441.02 401.197 450149 5.26746
-163.573 -1439.35 401.25 450149 5.26746
-163.419 -1437.69 401.304 450149 5.26746
-163.266 -1436.03 401.358 450149 5.26742
-163.113 -1434.36 401.412 450149 5.26742
-162.959 -1432.7 401.465 450149 5.26742
-162.806 -1431.04 401.519 450149 5.05442
-162.659 -1429.38 401.572 450149 4.46664
-162.529 -1427.71 401.622 450149 4.46664
-162.399 -1426.05 401.672 450149 4.46478
-162.269 -1424.38 401.722 450149 4.46478
-162.139 -1422.71 401.772 450149 4.46478
-162.009 -1421.05 401.822 450149 4.46478
-161.879 -1419.38 401.872 450149 4.46478
-161.749 -1417.72 401.922 450149 4.46478
-161.618 -1416.05 401.972 450149 4.46463
-161.489 -1414.39 402.022 450149 4.46463
-161.359 -1412.73 402.071 450149 4.46463
-161.229 -1411.07 402.121 450149 4.46463
-161.099 -1409.4 402.171 450149 4.19855
-160.977 -1407.74 402.22 450149 3.65523
-160.871 -1406.08 402.266 450149 3.6893
-160.765 -1404.43 402.312 450149 3.6893
-160.659 -1402.79 402.358 450149 3.6893
-160.553 -1401.14 402.403 450149 3.6893
-160.447 -1399.5 402.449 450149 3.6893
-160.341 -1397.85 402.495 450149 3.6893
-160.235 -1396.21 402.541 450149 3.62418
-160.132 -1394.59 402.586 450149 3.62418
-160.03 -1392.97 402.631 450149 3.62418
-159.927 -1391.35 402.676 450149 3.62418
-159.824 -1389.73 402.721 450149 3.62418
-159.722 -1388.11 402.766 450149 3.50803
-159.622 -1386.49 402.81 450149 2.83762
-159.542 -1384.87 402.851 450149 2.83762
-159.462 -1383.26 402.893 450149 2.83762
-159.382 -1381.65 402.934 450149 2.83762
-159.302 -1380.03 402.975 450149 2.83762
-159.222 -1378.42 403.017 450149 2.83762
-159.142 -1376.8 403.058 450149 2.84
-159.062 -1375.18 403.099 450149 2.84
-158.981 -1373.55 403.141 450149 2.84
-158.901 -1371.93 403.182 450149 2.84
-158.82 -1370.3 403.224 450149 2.84
-158.739 -1368.68 403.266 450149 2.84
-158.659 -1367.05 403.307 450149 2.86749
-158.577 -1365.42 403.349 450149 2.20266
-158.514 -1363.79 403.388 450149 2.04199
-158.456 -1362.16 403.426 450149 2.04199
-158.398 -1360.53 403.464 450149 2.04199
-158.34 -1358.9 403.502 450149 2.04199
-158.282 -1357.26 403.54 450149 2.10684
-158.222 -1355.66 403.578 450149 2.10684
-158.163 -1354.05 403.616 450149 2.10684
-158.104 -1352.45 403.653 450149 2.10684
-158.045 -1350.84 403.691 450149 2.10684
-157.986 -1349.23 403.728 450149 2.10684
-157.927 -1347.63 403.766 450149 1.96895
-157.873 -1346.07 403.802 450149 1.96895
-157.82 -1344.51 403.839 450149 1.7031
-157.774 -1342.96 403.874 450149 1.13601
-157.743 -1341.4 403.907 450149 1.13601
-157.712 -1339.84 403.94 450149 1.13601
-157.681 -1338.28 403.973 450149 1.09344
-157.652 -1336.77 404.006 450149 1.09344
-157.623 -1335.25 404.038 450149 1.09344
-157.594 -1333.73 404.07 450149 1.09344
-157.565 -1332.21 404.102 450149 1.09344
-157.536 -1330.7 404.135 450149 1.09344
-157.507 -1329.18 404.167 450149 1.14574
-157.477 -1327.66 404.199 450149 1.14574
-157.447 -1326.15 404.231 450149 1.14574
-157.416 -1324.63 404.263 450149 1.14574
-157.386 -1323.12 404.296 450149 1.05908
-157.358 -1321.6 404.327 450149 0.305783
-157.35 -1320.09 404.356 450149 0.373371
-157.34 -1318.55 404.386 450149 0.373371
-157.33 -1317.01 404.415 450149 0.373371
-157.32 -1315.47 404.445 450149 0.373371
-157.31 -1313.93 404.474 450149 0.373371
-157.3 -1312.39 404.503 450149 0.373371
-157.29 -1310.86 404.533 450149 0.338845
-157.281 -1309.3 404.562 450149 0.338845
-157.271 -1307.75 404.592 450149 0.338845
-157.262 -1306.19 404.622 450149 0.338845
-157.253 -1304.64 404.652 450149 0.338845
-157.244 -1303.08 404.681 450149 0.338845
-157.235 -1301.53 404.711 450149 0.0155569
-157.234 -1299.98 404.738 460149 -0.5005
-157.248 -1298.44 404.762 460149 -0.5005
-157.261 -1296.9 404.787 460149 -0.5005
-157.275 -1295.35 404.812 460149 -0.5005
-157.288 -1293.81 404.836 460149 -0.5005
-157.302 -1292.26 404.861 460149 -0.570105
-157.317 -1290.75 404.885 460149 -0.570106
-157.332 -1289.23 404.909 460149 -0.570106
-157.347 -1287.71 404.933 460149 -0.570106
-157.362 -1286.19 404.957 460149 -0.570107
-157.377 -1284.67 404.981 460149 -0.570107
-157.392 -1283.15 405.005 460149 -0.535185
-157.406 -1281.65 405.029 460149 -0.535185
-157.42 -1280.15 405.053 460149 -0.535185
-157.434 -1278.65 405.077 460149 -0.535185
-157.448 -1277.15 405.101 460149 -1.19248
-157.48 -1275.66 405.123 460149 -1.42387
-157.517 -1274.16 405.145 0 -1.42403
-157.554 -1272.66 405.166 0 -1.42403
-157.591 -1271.16 405.188 0 -1.42403
-157.628 -1269.67 405.209 0 -1.42403
-157.665 -1268.17 405.231 0 -1.42403
-157.703 -1266.68 405.252 0 -1.42403
-157.74 -1265.18 405.274 0 -1.42609
-157.777 -1263.69 405.296 0 -1.42609
-157.814 -1262.19 405.317 0 -1.42609
-157.852 -1260.69 405.339 0 -1.42609
-157.889 -1259.19 405.36 0 -1.42609
-157.926 -1257.7 405.382 0 -1.42609
-157.963 -1256.2 405.404 0 -1.42402
-158.001 -1254.7 405.425 0 -1.42402
-158.038 -1253.21 405.447 0 -1.84319
-158.086 -1251.71 405.468 0 -2.32738
-158.147 -1250.22 405.488 0 -2.32738
-158.208 -1248.72 405.508 0 -2.32738
-158.268 -1247.23 405.528 0 -2.32726
-158.329 -1245.73 405.548 0 -2.32726
-158.39 -1244.23 405.568 0 -2.32726
-158.451 -1242.73 405.587 0 -2.32726
-158.512 -1241.23 405.607 0 -2.32726
-158.573 -1239.74 405.627 0 -2.32726
-158.634 -1238.24 405.647 460149 -2.36455
-158.696 -1236.73 405.668 460149 -2.36455
-158.758 -1235.21 405.688 460149 -2.36455
-158.821 -1233.7 405.708 460149 -2.36455
-158.883 -1232.19 405.728 460149 -2.36456
-158.946 -1230.68 405.748 460149 -2.36456
-159.008 -1229.16 405.768 460149 -2.58061
-159.078 -1227.63 405.789 460149 -3.24531
-159.165 -1226.09 405.808 460149 -3.24531
-159.252 -1224.55 405.827 460149 -3.24531
-159.339 -1223.01 405.847 460149 -3.24531
-159.426 -1221.48 405.866 460149 -3.24531
-159.513 -1219.94 405.885 460149 -3.25015
-159.603 -1218.37 405.905 460149 -3.25016
-159.692 -1216.8 405.925 460149 -3.25016
-159.781 -1215.23 405.945 460149 -3.25016
-159.87 -1213.66 405.965 460149 -3.25016
-159.959 -1212.09 405.984 460149 -3.25016
-160.048 -1210.52 406.004 460149 -3.20729
-160.138 -1208.93 406.024 460149 -3.20729
-160.227 -1207.33 406.044 460149 -3.20729
-160.316 -1205.74 406.064 460149 -3.20729
-160.406 -1204.14 406.084 460149 -3.87832
-160.514 -1202.55 406.104 460149 -4.1385
-160.629 -1200.95 406.124 460149 -4.17587
-160.746 -1199.35 406.143 460149 -4.17587
-160.864 -1197.74 406.163 460149 -4.17587
-160.981 -1196.14 406.182 460149 -4.17587
-161.098 -1194.53 406.202 460149 -4.17587
-161.216 -1192.92 406.222 460149 -4.17587
-161.333 -1191.32 406.241 460149 -4.17967
-161.45 -1189.71 406.261 460149 -4.17967
-161.568 -1188.1 406.281 460149 -4.17967
-161.686 -1186.49 406.3 460149 -4.17967
-161.804 -1184.87 406.32 460149 -4.17967
-161.921 -1183.26 406.339 460149 -4.17967
-162.039 -1181.65 406.359 460149 -4.2322
-162.159 -1180.03 406.379 460149 -4.77349
-162.294 -1178.42 406.399 460149 -5.17649
-162.44 -1176.8 406.418 460149 -5.17649
-162.587 -1175.18 406.438 460149 -5.17649
-162.734 -1173.56 406.458 460149 -5.17649
-162.88 -1171.95 406.477 460149 -5.2074
-163.03 -1170.3 406.498 460149 -5.2074
-163.18 -1168.66 406.518 460149 -5.2074
-163.33 -1167.01 406.538 460149 -5.2074
-163.479 -1165.37 406.558 460149 -5.2074
-163.629 -1163.72 406.578 460149 -5.20741
-163.779 -1162.08 406.598 460149 -5.13831
-163.93 -1160.4 406.618 460149 -5.13831
-164.081 -1158.72 406.639 460149 -5.13831
-164.232 -1157.05 406.659 460149 -5.13831
-164.383 -1155.37 406.679 460149 -5.88322
-164.556 -1153.69 406.7 460149 -6.09507
-164.735 -1152.01 406.721 460149 -6.18138
-164.919 -1150.31 406.742 460149 -6.18138
-165.103 -1148.61 406.764 460149 -6.18138
-165.287 -1146.91 406.785 460149 -6.18138
-165.471 -1145.21 406.806 460149 -6.18138
-165.655 -1143.51 406.828 460149 -6.18138
-165.84 -1141.81 406.849 460149 -6.25384
-166.028 -1140.1 406.87 460149 -6.25384
-166.215 -1138.38 406.892 460149 -6.25384
-166.403 -1136.67 406.913 460149 -6.25384
-166.591 -1134.95 406.935 460149 -6.25385
-166.779 -1133.24 406.956 460149 -6.25385
-166.967 -1131.52 406.978 460149 -6.70551
-167.169 -1129.81 407 460149 -7.19608
-167.385 -1128.09 407.022 460149 -7.19608
-167.602 -1126.38 407.045 460149 -7.19608
-167.819 -1124.66 407.067 460149 -7.19608
-168.035 -1122.95 407.09 460149 -7.19608
-168.252 -1121.23 407.113 460149 -7.11036
-168.464 -1119.53 407.135 460149 -7.11036
-168.677 -1117.82 407.158 460149 -7.11036
-168.889 -1116.12 407.18 460149 -7.11036
-169.102 -1114.41 407.203 460149 -7.11037
-169.315 -1112.71 407.225 460149 -7.11037
-169.527 -1111.01 407.248 460149 -7.0585
-169.733 -1109.35 407.27 460149 -7.0585
-169.938 -1107.69 407.291 460149 -7.22835
-170.149 -1106.03 407.314 460149 -8.03816
-170.383 -1104.37 407.337 460149 -8.03816
-170.616 -1102.71 407.361 460149 -8.03816
-170.85 -1101.06 407.384 460149 -8.14543
-171.081 -1099.44 407.407 460149 -8.14543
-171.312 -1097.83 407.43 460149 -8.14543
-171.544 -1096.22 407.453 460149 -8.14543
-171.775 -1094.6 407.476 460149 -8.14543
-172.006 -1092.99 407.499 460149 -8.14543
-172.237 -1091.37 407.522 460149 -8.14651
-172.461 -1089.8 407.545 460149 -8.14652
-172.686 -1088.23 407.567 460149 -8.14652
-172.911 -1086.66 407.589 460149 -8.14652
-173.135 -1085.09 407.612 460149 -8.14652
-173.36 -1083.52 407.634 460149 -8.16132
-173.585 -1081.95 407.656 460149 -8.97027
-173.827 -1080.43 407.68 460149 -8.97027
-174.068 -1078.9 407.704 460149 -8.97027
-174.309 -1077.37 407.728 460149 -8.97027
-174.551 -1075.84 407.752 460149 -8.97027
-174.792 -1074.31 407.776 460149 -8.97027
-175.033 -1072.78 407.8 460149 -8.88106
-175.27 -1071.27 407.823 460149 -8.88106
-175.506 -1069.75 407.847 460149 -8.88106
-175.743 -1068.24 407.87 460149 -8.88106
-175.979 -1066.73 407.894 460149 -8.88106
-176.216 -1065.21 407.918 460149 -8.88106
-176.452 -1063.7 407.941 460149 -8.97686
-176.689 -1062.2 407.965 460149 -8.97686
-176.925 -1060.7 407.988 460149 -8.97686
-177.162 -1059.21 408.012 460149 -8.97686
-177.399 -1057.71 408.035 460149 -5.0953
-177.533 -1056.2 408.055 470149 -7.53044
-177.732 -1054.7 408.097 470149 -10.3869
-178.004 -1053.21 408.112 480149 -10.2542
-178.272 -1051.73 408.129 480149 -10.2542
-178.54 -1050.25 408.146 480149 -10.2542
-178.807 -1048.77 408.163 480149 -10.2542
-179.075 -1047.29 408.18 480149 -10.2542
-179.343 -1045.81 408.197 0 -10.1721
-179.607 -1044.34 408.213 0 -10.1721
-179.872 -1042.86 408.23 0 -10.303
-180.14 -1041.39 408.247 0 -10.4242
-180.41 -1039.92 408.264 0 -10.4242
-180.681 -1038.45 408.281 0 -10.4242
-180.952 -1036.97 408.298 0 -10.2732
-181.219 -1035.5 408.315 0 -10.2732
-181.486 -1034.03 408.332 0 -10.2732
-181.753 -1032.56 408.349 0 -10.2732
-182.02 -1031.08 408.366 0 -10.2732
-182.287 -1029.61 408.383 0 -10.4821
-182.559 -1028.14 408.401 0 -10.5412
-182.833 -1026.67 408.418 0 -10.5412
-183.108 -1025.19 408.435 0 -10.5412
-183.382 -1023.72 408.452 0 -10.5412
-183.657 -1022.24 408.47 0 -10.5412
-183.931 -1020.77 408.487 0 -10.5412
-184.205 -1019.29 408.504 480149 -10.5369
-184.48 -1017.82 408.521 480149 -10.6139
-184.756 -1016.34 408.539 480149 -10.7187
-185.035 -1014.87 408.556 480149 -10.7187
-185.314 -1013.39 408.574 480149 -10.7187
-185.593 -1011.92 408.591 480149 -10.7187
-185.872 -1010.45 408.609 0 -10.7229
-186.151 -1008.97 408.626 0 -10.7229
-186.43 -1007.5 408.644 0 -10.7229
-186.709 -1006.03 408.661 0 -10.7229
-186.988 -1004.55 408.679 0 -10.853
-187.271 -1003.08 408.696 0 -10.8695
-187.554 -1001.61 408.714 0 -10.8674
-187.836 -1000.13 408.732 0 -10.8674
-188.119 -998.66 408.75 0 -10.8674
-188.402 -997.187 408.768 0 -10.8674
-188.685 -995.714 408.785 0 -10.8674
-188.967 -994.241 408.803 0 -10.8674
-189.25 -992.768 408.821 0 -10.9064
-189.534 -991.296 408.839 0 -10.9788
-189.82 -989.823 408.857 0 -10.9788
-190.105 -988.351 408.875 0 -10.9788
-190.391 -986.879 408.893 0 -10.9788
-190.676 -985.407 408.912 0 -10.9788
-190.962 -983.935 408.93 0 -10.9788
-191.248 -982.463 408.948 0 -10.9788
-191.533 -980.99 408.966 0 -10.9788
-191.819 -979.518 408.984 0 -11.0408
-192.106 -978.046 409.003 0 -11.0551
-192.394 -976.574 409.021 0 -11.0551
-192.681 -975.102 409.04 0 -11.0551
-192.969 -973.63 409.058 0 -11.0551
-193.257 -972.157 409.077 0 -11.0551
-193.544 -970.685 409.095 0 -11.0551
-193.832 -969.213 409.114 0 -11.0551
-194.119 -967.741 409.132 0 -11.0665
-194.407 -966.269 409.151 480149 -11.0962
-194.696 -964.795 409.17 480149 -11.0962
-194.985 -963.321 409.189 480149 -11.0962
-195.275 -961.847 409.208 480149 -11.0962
-195.564 -960.373 409.227 480149 -11.0962
-195.853 -958.899 409.246 480149 -11.0962
-196.142 -957.425 409.265 0 -11.0962
-196.43 -955.955 409.284 0 -11.0962
-196.718 -954.485 409.303 0 -11.1007
-197.007 -953.015 409.323 0 -11.1022
-197.295 -951.545 409.342 0 -11.1022
-197.584 -950.075 409.362 0 -11.1022
-197.872 -948.606 409.381 0 -11.1041
-198.159 -947.145 409.4 0 -11.1041
-198.445 -945.684 409.42 0 -11.1041
-198.732 -944.224 409.439 0 -11.1041
-199.019 -942.763 409.459 0 -11.0991
-199.305 -941.302 409.478 0 -11.075
-199.591 -939.841 409.498 0 -11.0278
-199.875 -938.383 409.518 0 -11.0278
-200.16 -936.925 409.538 0 -11.0278
-200.444 -935.467 409.558 0 -11.0278
-200.728 -934.009 409.577 0 -11.0278
-201.012 -932.551 409.597 0 -11.0278
-201.296 -931.093 409.617 0 -11.0173
-201.581 -929.631 409.637 0 -10.9807
-201.864 -928.17 409.662 0 -10.9675
-202.148 -926.708 409.688 0 -10.9675
-202.431 -925.247 409.714 0 -10.9675
-202.714 -923.785 409.74 0 -10.9675
-202.997 -922.324 409.765 0 -10.9659
-203.282 -920.853 409.791 0 -10.9659
-203.567 -919.383 409.817 0 -10.9659
-203.852 -917.913 409.843 0 -10.9659
-204.137 -916.442 409.869 0 -10.9659
-204.422 -914.972 409.895 0 -10.9659
-204.707 -913.501 409.921 490149 -10.9694
-204.992 -912.027 409.947 490149 -10.9827
-205.279 -910.553 409.978 490149 -10.9827
-205.565 -909.079 410.008 490149 -10.9827
-205.851 -907.605 410.039 490149 -10.9827
-206.137 -906.131 410.069 490149 -10.9827
-206.423 -904.656 410.099 0 -10.9826
-206.709 -903.184 410.13 0 -10.9826
-206.994 -901.712 410.16 0 -10.9826
-207.28 -900.24 410.19 0 -10.9826
-207.566 -898.768 410.221 0 -10.9826
-207.851 -897.295 410.251 0 -10.9826
-208.137 -895.823 410.281 0 -10.9844
-208.423 -894.351 410.313 0 -10.9934
-208.709 -892.879 410.348 0 -10.9934
-208.995 -891.407 410.383 0 -10.9934
-209.281 -889.935 410.418 0 -10.9934
-209.567 -888.463 410.453 0 -10.9934
-209.853 -886.991 410.488 0 -10.9955
-210.139 -885.519 410.523 0 -10.9955
-210.425 -884.047 410.558 0 -10.9955
-210.711 -882.575 410.593 0 -10.9955
-210.997 -881.103 410.628 0 -10.9955
-211.283 -879.631 410.662 0 -10.9955
-211.569 -878.159 410.697 0 -11.0013
-211.855 -876.687 410.735 0 -11.0067
-212.141 -875.216 410.774 0 -11.0067
-212.427 -873.744 410.814 0 -11.0067
-212.713 -872.273 410.854 0 -11.0067
-213 -870.801 410.893 0 -11.0067
-213.286 -869.33 410.933 0 -11.0045
-213.572 -867.858 410.973 0 -11.0045
-213.858 -866.386 411.012 0 -11.0045
-214.144 -864.915 411.052 0 -11.0045
-214.431 -863.443 411.092 0 -11.0045
-214.717 -861.972 411.131 0 -11.0045
-215.003 -860.5 411.171 490149 -11.0137
-215.289 -859.028 411.214 490149 -11.0162
-215.576 -857.556 411.259 490149 -11.0162
-215.862 -856.084 411.303 490149 -11.0162
-216.149 -854.612 411.348 490149 -11.0162
-216.436 -853.14 411.393 490149 -11.0162
-216.722 -851.668 411.437 490149 -11.0164
-217.009 -850.194 411.482 490149 -11.0164
-217.296 -848.719 411.527 490149 -11.0164
-217.583 -847.244 411.571 490149 -11.0164
-217.87 -845.77 411.616 490149 -11.0164
-218.158 -844.295 411.661 490149 -11.0164
-218.445 -842.821 411.705 490149 -11.0091
-218.732 -841.345 411.755 490149 -11.0094
-219.019 -839.87 411.805 490149 -11.0094
-219.306 -838.394 411.854 490149 -11.0094
-219.593 -836.919 411.904 490149 -11.0094
-219.88 -835.443 411.954 490149 -11.0094
-220.167 -833.968 412.004 0 -11.0217
-220.453 -832.501 412.053 0 -11.0217
-220.738 -831.034 412.103 0 -11.0217
-221.024 -829.567 412.152 0 -11.0217
-221.31 -828.1 412.202 0 -11.0217
-221.595 -826.633 412.251 0 -11.0227
-221.881 -825.166 412.302 0 -11.0893
-222.164 -823.722 412.356 0 -11.0893
-222.447 -822.279 412.409 0 -11.0893
-222.73 -820.835 412.463 0 -11.0893
-223.013 -819.391 412.517 0 -11.0893
-223.296 -817.947 412.571 0 -11.0893
-223.579 -816.503 412.625 0 -11.1861
-223.859 -815.089 412.678 0 -11.1861
-224.139 -813.675 412.731 0 -11.1861
-224.418 -812.26 412.783 0 -11.1861
-224.698 -810.846 412.836 0 -11.1861
-224.978 -809.432 412.889 0 -11.1862
-225.257 -808.018 412.942 0 -11.2413
-225.534 -806.627 412.999 0 -11.2413
-225.81 -805.236 413.056 0 -11.2413
-226.086 -803.846 413.113 0 -11.2413
-226.363 -802.455 413.17 0 -11.2413
-226.639 -801.065 413.228 0 -11.2413
-226.916 -799.674 413.285 0 -11.2265
-227.189 -798.295 413.341 0 -11.2265
-227.463 -796.916 413.398 0 -11.2265
-227.737 -795.537 413.454 0 -11.2265
-228.01 -794.158 413.511 0 -11.2265
-228.284 -792.779 413.568 0 -11.2265
-228.558 -791.4 413.624 0 -11.2166
-228.831 -790.02 413.684 0 -11.218
-229.105 -788.64 413.746 0 -11.218
-229.379 -787.26 413.807 0 -11.218
-229.653 -785.88 413.869 0 -11.218
-229.926 -784.5 413.931 0 -11.218
-230.2 -783.12 413.993 0 -11.2212
-230.477 -781.723 414.056 0 -11.2212
-230.754 -780.325 414.119 0 -11.2212
-231.032 -778.928 414.181 0 -11.2212
-231.309 -777.53 414.244 0 -11.2212
-231.586 -776.133 414.307 0 -11.2212
-231.863 -774.736 414.369 0 -11.191
-232.144 -773.315 414.433 0 -11.1921
-232.425 -771.895 414.503 0 -11.1921
-232.707 -770.474 414.572 0 -11.1921
-232.988 -769.054 414.641 0 -11.1921
-233.269 -767.633 414.711 0 -11.1921
-233.55 -766.213 414.78 0 -11.1239
-233.831 -764.783 414.85 0 -11.1239
-234.112 -763.354 414.919 0 -11.1239
-234.393 -761.924 414.989 0 -11.1239
-234.674 -760.495 415.059 0 -11.1239
-234.955 -759.065 415.129 0 -11.1239
-235.236 -757.635 415.198 0 -11.011
-235.511 -756.225 415.267 0 -11.1563
-235.789 -754.815 415.333 0 -11.1291
-236.066 -753.405 415.401 0 -11.1291
-236.343 -751.996 415.469 0 -11.1291
-236.621 -750.586 415.537 0 -11.1291
-236.898 -749.177 415.605 0 -11.2423
-237.169 -747.812 415.67 0 -11.2423
-237.44 -746.447 415.736 0 -11.2423
-237.712 -745.082 415.801 0 -11.2423
-237.983 -743.717 415.867 0 -11.2423
-238.254 -742.352 415.933 0 -11.2423
-238.526 -740.987 415.998 0 -11.3156
-238.791 -739.663 416.062 0 -11.3156
-239.056 -738.339 416.126 0 -11.3156
-239.321 -737.015 416.189 0 -11.2371
-239.584 -735.69 416.255 0 -11.2182
-239.846 -734.366 416.322 0 -11.2182
-240.109 -733.041 416.389 0 -11.1237
-240.366 -731.737 416.454 0 -11.1237
-240.622 -730.433 416.52 0 -11.1237
-240.878 -729.129 416.585 0 -11.1237
-241.135 -727.824 416.651 0 -11.1237
-241.391 -726.52 416.716 0 -11.1237
-241.648 -725.216 416.782 0 -11.1213
-241.904 -723.913 416.847 0 -11.1213
-242.16 -722.611 416.913 0 -11.1213
-242.416 -721.309 416.978 0 -11.1213
-242.672 -720.006 417.044 0 -11.1213
-242.928 -718.704 417.109 0 -11.1213
-243.184 -717.402 417.175 0 -11.0205
-243.439 -716.092 417.242 0 -10.9691
-243.693 -714.781 417.309 0 -10.9691
-243.947 -713.471 417.377 0 -10.9691
-244.201 -712.16 417.445 0 -10.9691
-244.455 -710.85 417.512 0 -10.9691
-244.709 -709.539 417.58 0 -10.9715
-244.963 -708.231 417.648 0 -10.9715
-245.216 -706.922 417.715 0 -10.9715
-245.47 -705.614 417.783 0 -10.9715
-245.724 -704.306 417.85 0 -10.9715
-245.977 -702.997 417.918 0 -10.9715
-246.231 -701.689 417.986 0 -10.9279
-246.481 -700.395 418.052 0 -10.9279
-246.731 -699.101 418.119 0 -10.9279
-246.98 -697.807 418.186 0 -10.821
-247.228 -696.512 418.253 0 -10.7159
-247.473 -695.218 418.321 0 -10.7159
-247.718 -693.923 418.388 0 -10.7567
-247.959 -692.653 418.455 0 -10.7567
-248.2 -691.383 418.521 0 -10.7567
-248.442 -690.113 418.587 0 -10.7567
-248.683 -688.844 418.654 0 -10.7567
-248.924 -687.574 418.72 0 -10.7567
-249.165 -686.304 418.786 0 -10.7513
-249.401 -685.064 418.851 0 -10.7513
-249.636 -683.823 418.916 0 -10.7513
-249.872 -682.583 418.981 0 -10.7513
-250.107 -681.343 419.045 0 -10.7513
-250.343 -680.102 419.11 0 -10.7513
-250.578 -678.862 419.175 0 -10.7611
-250.809 -677.65 419.238 0 -10.5581
-251.035 -676.437 419.301 0 -10.4919
-251.26 -675.223 419.365 0 -10.4919
-251.484 -674.01 419.428 0 -10.4919
-251.709 -672.797 419.491 0 -10.4919
-251.934 -671.583 419.554 0 -10.489
-252.153 -670.4 419.615 0 -10.489
-252.372 -669.216 419.677 0 -10.489
-252.591 -668.032 419.739 0 -10.489
-252.81 -666.848 419.8 0 -10.489
-253.03 -665.664 419.862 0 -10.489
-253.249 -664.48 419.923 0 -10.5319
-253.464 -663.322 419.984 0 -10.5319
-253.679 -662.163 420.044 0 -10.5319
-253.895 -661.005 420.104 0 -10.5319
-254.11 -659.846 420.164 0 -10.5319
-254.326 -658.688 420.225 0 -10.5292
-254.541 -657.529 420.285 0 -10.1664
-254.746 -656.383 420.343 0 -10.162
-254.952 -655.237 420.402 0 -10.162
-255.157 -654.091 420.46 0 -10.162
-255.363 -652.945 420.519 0 -10.162
-255.568 -651.799 420.577 0 -10.162
-255.774 -650.652 420.636 0 -10.1592
-255.978 -649.51 420.694 0 -10.1592
-256.183 -648.367 420.752 0 -10.1592
-256.388 -647.225 420.81 0 -10.1592
-256.593 -646.082 420.869 0 -10.1592
-256.797 -644.94 420.927 0 -10.1592
-257.002 -643.797 420.985 0 -10.162
-257.207 -642.652 421.044 0 -10.162
-257.413 -641.507 421.102 0 -10.162
-257.618 -640.362 421.16 0 -10.162
-257.823 -639.216 421.219 0 -10.162
-258.028 -638.071 421.277 0 -9.91124
-258.229 -636.925 421.334 0 -9.77551
-258.427 -635.776 421.391 0 -9.77551
-258.625 -634.627 421.447 0 -9.77551
-258.823 -633.478 421.504 0 -9.77551
-259.02 -632.33 421.56 0 -9.77551
-259.218 -631.181 421.617 0 -9.77551
-259.416 -630.032 421.673 0 -9.77823
-259.614 -628.883 421.73 0 -9.77823
-259.812 -627.735 421.786 0 -9.77823
-260.01 -626.587 421.843 0 -9.77823
-260.208 -625.439 421.899 0 -9.77823
-260.406 -624.29 421.956 0 -9.77823
-260.604 -623.142 422.012 0 -9.77823
-260.802 -621.994 422.069 0 -9.77823
-260.999 -620.846 422.125 0 -9.77823
-261.197 -619.698 422.182 0 -9.77823
-261.395 -618.549 422.238 0 -9.6244
-261.59 -617.4 422.294 0 -9.33734
-261.779 -616.251 422.347 0 -9.33734
-261.968 -615.101 422.401 0 -9.33734
-262.157 -613.951 422.455 0 -9.33734
-262.346 -612.801 422.508 0 -9.33734
-262.535 -611.651 422.562 0 -9.33734
-262.724 -610.501 422.615 0 -9.33734
-262.914 -609.351 422.669 0 -9.33734
-263.103 -608.201 422.723 0 -9.33734
-263.292 -607.052 422.776 0 -9.33734
-263.481 -605.902 422.83 0 -9.33734
-263.67 -604.752 422.883 0 -9.33734
-263.859 -603.602 422.937 0 -9.33734
-264.048 -602.452 422.99 0 -9.33461
-264.237 -601.302 423.044 0 -9.33461
-264.426 -600.152 423.098 0 -9.33461
-264.615 -599.003 423.151 0 -9.3135
-264.804 -597.853 423.205 0 -8.83669
-264.983 -596.701 423.254 0 -8.83669
-265.162 -595.549 423.304 0 -8.83942
-265.341 -594.398 423.354 0 -8.83942
-265.52 -593.246 423.404 0 -8.83942
-265.699 -592.094 423.454 0 -8.83942
-265.878 -590.943 423.503 0 -8.83942
-266.057 -589.791 423.553 0 -8.83942
-266.236 -588.639 423.603 0 -8.83669
-266.415 -587.488 423.653 0 -8.83669
-266.594 -586.336 423.702 0 -8.83669
-266.773 -585.185 423.752 0 -8.83669
-266.952 -584.033 423.802 0 -8.83669
-267.131 -582.881 423.852 0 -8.83669
-267.31 -581.73 423.902 0 -8.83942
-267.489 -580.579 423.951 0 -8.83942
-267.668 -579.428 424.001 0 -8.83942
-267.847 -578.277 424.051 0 -8.43263
-268.018 -577.124 424.097 0 -8.28466
-268.186 -575.971 424.142 0 -8.28466
-268.354 -574.819 424.187 0 -8.28196
-268.522 -573.664 424.232 0 -8.28196
-268.69 -572.509 424.277 0 -8.28196
-268.858 -571.354 424.323 0 -8.28196
-269.026 -570.199 424.368 0 -8.28196
-269.194 -569.044 424.413 0 -8.28196
-269.363 -567.89 424.458 0 -8.28474
-269.531 -566.731 424.503 0 -8.28474
-269.7 -565.571 424.549 0 -8.28474
-269.869 -564.412 424.594 0 -8.28474
-270.038 -563.253 424.639 0 -8.28474
-270.206 -562.094 424.684 0 -8.28474
-270.375 -560.935 424.73 0 -8.28469
-270.543 -559.78 424.775 0 -8.28469
-270.712 -558.625 424.82 0 -8.70987
-270.889 -557.467 424.865 0 -8.59688
-271.064 -556.313 424.909 0 -8.59688
-271.238 -555.158 424.954 0 -8.59688
-271.413 -554.004 424.998 0 -8.47986
-271.581 -552.872 425.042 0 -8.47986
-271.75 -551.739 425.086 0 -8.47986
-271.919 -550.607 425.129 0 -8.47986
-272.088 -549.474 425.173 0 -8.27254
-272.253 -548.341 425.215 0 -8.11899
-272.414 -547.207 425.256 0 -8.24388
-272.573 -546.114 425.296 0 -8.24388
-272.731 -545.02 425.336 0 -8.24388
-272.89 -543.926 425.376 0 -8.24388
-273.048 -542.832 425.415 0 -8.24388
-273.207 -541.739 425.455 0 -8.24388
-273.365 -540.645 425.495 0 -8.34734
-273.521 -539.581 425.533 0 -8.0684
-273.672 -538.517 425.57 0 -8.03014
-273.822 -537.452 425.606 0 -8.03014
-273.973 -536.387 425.642 0 -8.03014
-274.123 -535.323 425.678 0 -8.03014
-274.273 -534.258 425.715 0 -7.95909
-274.422 -533.193 425.751 0 -7.95909
-274.571 -532.128 425.787 0 -7.95909
-274.72 -531.063 425.823 0 -7.95909
-274.869 -529.998 425.859 0 -7.709
-275.013 -528.933 425.893 0 -7.68564
-275.157 -527.867 425.927 0 -7.60643
-275.301 -526.787 425.96 0 -7.60643
-275.445 -525.706 425.994 0 -7.60643
-275.589 -524.626 426.028 0 -7.60643
-275.734 -523.545 426.062 0 -7.60643
-275.878 -522.465 426.096 0 -7.60643
-276.022 -521.384 426.13 0 -7.52031
-276.165 -520.304 426.164 0 -7.30083
-276.303 -519.223 426.195 0 -7.30083
-276.442 -518.141 426.226 0 -7.30083
-276.581 -517.06 426.257 0 -7.30083
-276.719 -515.979 426.288 0 -7.30083
-276.858 -514.897 426.319 0 -7.40829
-276.994 -513.846 426.35 0 -7.40829
-277.131 -512.795 426.38 0 -7.40829
-277.268 -511.744 426.41 0 -7.39118
-277.404 -510.692 426.44 0 -7.2224
-277.537 -509.641 426.467 0 -7.2224
-277.671 -508.589 426.494 0 -7.35882
-277.801 -507.577 426.521 0 -7.35882
-277.932 -506.565 426.547 0 -7.35882
-278.063 -505.553 426.573 0 -7.35882
-278.193 -504.54 426.599 0 -7.35882
-278.324 -503.528 426.625 0 -7.35882
-278.455 -502.516 426.652 0 -7.22746
-278.58 -501.527 426.677 0 -7.12877
-278.704 -500.537 426.701 0 -7.08536
-278.827 -499.547 426.724 0 -7.08536
-278.95 -498.557 426.746 0 -7.08536
-279.073 -497.567 426.769 0 -7.08536
-279.196 -496.577 426.792 0 -7.08531
-279.319 -495.59 426.814 0 -7.08531
-279.442 -494.603 426.837 0 -7.08531
-279.564 -493.617 426.859 0 -7.08531
-279.687 -492.63 426.882 0 -7.08397
-279.81 -491.643 426.904 0 -6.98737
-279.931 -490.656 426.924 0 -6.99026
-280.052 -489.666 426.943 0 -6.99026
-280.173 -488.675 426.963 0 -6.99026
-280.295 -487.685 426.983 0 -6.99026
-280.416 -486.694 427.002 0 -6.99026
-280.538 -485.703 427.022 0 -6.99026
-280.659 -484.713 427.041 0 -6.9871
-280.781 -483.72 427.061 0 -6.9871
-280.903 -482.727 427.08 0 -6.96822
-281.024 -481.734 427.099 0 -6.93261
-281.145 -480.741 427.115 0 -6.93261
-281.266 -479.748 427.131 0 -6.93261
-281.386 -478.755 427.148 0 -6.9326
-281.507 -477.762 427.164 0 -6.9326
-281.628 -476.77 427.18 0 -6.9326
-281.748 -475.777 427.197 0 -6.9326
-281.869 -474.785 427.213 0 -6.9326
-281.99 -473.793 427.229 0 -6.9326
-282.11 -472.8 427.246 0 -6.92514
-282.231 -471.808 427.259 0 -6.92191
-282.351 -470.815 427.272 0 -6.92191
-282.472 -469.823 427.285 0 -6.92191
-282.592 -468.83 427.298 0 -6.92191
-282.713 -467.838 427.311 0 -6.92191
-282.833 -466.845 427.324 0 -6.92509
-282.954 -465.853 427.336 0 -6.92509
-283.074 -464.86 427.349 0 -6.92509
-283.195 -463.868 427.362 0 -6.4896
-283.307 -462.879 427.388 0 -6.16695
-283.415 -461.886 427.421 0 -6.16695
-283.522 -460.892 427.455 0 -6.18109
-283.63 -459.899 427.484 0 -6.20964
-283.738 -458.907 427.508 0 -6.20964
-283.846 -457.914 427.531 0 -6.21333
-283.954 -456.921 427.553 0 -6.2311
-284.062 -455.928 427.569 0 -6.2311
-284.171 -454.935 427.584 0 -6.23113
-284.279 -453.941 427.6 0 -6.22824
-284.388 -452.946 427.61 0 -6.22815
-284.496 -451.951 427.62 0 -6.22815
-284.605 -450.956 427.629 0 -6.20697
-284.713 -449.961 427.636 0 -6.20074
-284.821 -448.966 427.642 0 -6.20398
-284.93 -447.966 427.648 0 -6.17371
-285.038 -446.966 427.653 0 -6.15215
-285.146 -445.967 427.658 0 -6.15215
-285.254 -444.967 427.662 0 -6.12132
-285.361 -443.967 427.667 0 -6.07588
-285.467 -442.967 427.671 0 -6.0759
-285.574 -441.966 427.676 0 -6.05297
-285.68 -440.965 427.681 0 -5.9752
-285.785 -439.963 427.688 0 -5.9752
-285.89 -438.962 427.695 0 -5.96844
-285.994 -437.961 427.702 0 -5.85008
-286.097 -436.959 427.714 0 -5.87538
-286.2 -435.959 427.725 0 -5.87538
-286.303 -434.959 427.737 0 -5.74404
-286.403 -433.958 427.754 0 -5.72584
-286.504 -432.958 427.772 0 -5.72584
-286.604 -431.958 427.79 0 -5.86651
-286.707 -430.957 427.78 0 -5.81491
-286.808 -429.961 427.775 0 -5.81492
-286.91 -428.965 427.771 0 -5.82313
-287.011 -427.969 427.773 0 -5.82314
-287.113 -426.974 427.775 0 -5.82314
-287.214 -425.978 427.777 0 -5.81483
-287.316 -424.982 427.783 0 -5.81283
-287.417 -423.989 427.79 0 -5.81283
-287.518 -422.995 427.797 0 -5.79544
-287.619 -422.001 427.806 0 -5.78394
-287.719 -421.008 427.817 0 -5.78394
-287.82 -420.014 427.827 0 -5.76499
-287.92 -419.02 427.838 0 -5.73647
-288.02 -418.025 427.85 0 -5.73647
-288.12 -417.031 427.863 0 -5.72325
-288.22 -416.036 427.875 0 -5.67046
-288.319 -415.041 427.887 0 -5.67046
-288.418 -414.046 427.9 0 -5.67006
-288.516 -413.051 427.912 0 -5.58611
-288.614 -412.056 427.924 0 -5.5859
-288.711 -411.062 427.935 0 -5.5859
-288.808 -410.067 427.946 0 -5.503
-288.904 -409.072 427.956 0 -5.48278
-289 -408.077 427.964 0 -5.48278
-289.095 -407.082 427.973 0 -5.40899
-289.189 -406.087 427.979 0 -5.3611
-289.283 -405.091 427.983 0 -5.3611
-289.376 -404.096 427.988 0 -5.30354
-289.469 -403.1 427.99 0 -5.22089
-289.56 -402.105 427.989 0 -5.22089
-289.651 -401.109 427.987 0 -5.34658
-289.744 -400.112 427.989 0 -5.35166
-289.837 -399.116 427.989 0 -5.35166
-289.93 -398.12 427.99 0 -5.30156
-290.023 -397.125 427.99 0 -5.16399
-290.113 -396.129 427.991 0 -5.16399
-290.203 -395.133 427.991 0 -5.16399
-290.293 -394.137 427.991 0 -5.04636
-290.381 -393.141 427.99 0 -5.02115
-290.468 -392.145 427.99 0 -5.02115
-290.556 -391.149 427.989 0 -4.98409
-290.643 -390.153 427.988 0 -4.92314
-290.729 -389.156 427.987 0 -4.92314
-290.814 -388.16 427.986 0 -4.92314
-290.9 -387.164 427.984 0 -4.87364
-290.985 -386.167 427.982 0 -4.86997
-291.07 -385.171 427.98 0 -4.86997
-291.155 -384.175 427.978 0 -4.86595
-291.24 -383.178 427.975 0 -4.86162
-291.324 -382.182 427.972 0 -4.86162
-291.409 -381.186 427.969 0 -4.86276
-291.494 -380.189 427.965 0 -4.89811
-291.579 -379.193 427.961 0 -4.89811
-291.665 -378.197 427.956 0 -4.89811
-291.75 -377.2 427.952 0 -4.94517
-291.836 -376.204 427.947 0 -4.97943
-291.923 -375.208 427.941 0 -4.97943
-292.01 -374.212 427.935 0 -4.9951
-292.097 -373.216 427.929 0 -5.10558
-292.186 -372.22 427.922 0 -5.10558
-292.275 -371.224 427.915 0 -5.10877
-292.364 -370.228 427.908 0 -5.22299
-292.455 -369.232 427.9 0 -5.27975
-292.547 -368.236 427.891 0 -5.27975
-292.639 -367.241 427.882 0 -5.14814
-292.729 -366.245 427.879 0 -5.12808
-292.818 -365.249 427.877 0 -4.74329
-292.901 -364.253 427.871 0 -4.6134
-292.981 -363.256 427.865 0 -4.4296
-293.058 -362.259 427.857 0 -4.2626
-293.133 -361.262 427.848 0 -4.19704
-293.206 -360.265 427.838 0 -4.08408
-293.277 -359.268 427.827 0 -4.07003
-293.348 -358.27 427.816 0 -4.05216
-293.419 -357.273 427.805 0 -4.10015
-293.49 -356.276 427.794 0 -4.1305
-293.562 -355.279 427.784 0 -4.26995
-293.637 -354.282 427.775 0 -4.3779
-293.713 -353.285 427.766 0 -4.51972
-293.792 -352.288 427.759 0 -4.77949
-293.875 -351.291 427.755 0 -4.48606
-293.953 -350.298 427.745 0 -4.35057
-294.029 -349.301 427.733 0 -4.35057
-294.105 -348.304 427.721 0 -4.35057
-294.181 -347.307 427.709 0 -4.35057
-294.256 -346.31 427.697 0 -4.35057
-294.332 -345.313 427.684 0 -4.35057
-294.408 -344.316 427.672 0 -4.35057
-294.484 -343.319 427.66 0 -4.35057
-294.56 -342.322 427.648 0 -4.35057
-294.636 -341.325 427.636 0 -4.35057
-294.712 -340.328 427.623 0 -4.35057
-294.787 -339.332 427.611 0 -4.35057
-294.863 -338.335 427.599 0 -4.35057
-294.939 -337.338 427.587 0 -4.35057
-295.015 -336.341 427.575 0 -4.33556
-295.09 -335.344 427.562 0 -3.9988
-295.16 -334.346 427.547 0 -3.9988
-295.23 -333.349 427.532 0 -3.9988
-295.3 -332.351 427.516 0 -3.9988
-295.369 -331.353 427.501 0 -3.9988
-295.439 -330.356 427.485 0 -3.9988
-295.509 -329.358 427.47 0 -3.99562
-295.579 -328.361 427.455 0 -3.99562
-295.648 -327.363 427.439 0 -3.99562
-295.718 -326.366 427.424 0 -3.99562
-295.788 -325.369 427.409 0 -3.99562
-295.857 -324.371 427.393 0 -3.99562
-295.927 -323.374 427.378 0 -3.99562
-295.997 -322.377 427.362 0 -3.99562
-296.066 -321.379 427.347 0 -3.99562
-296.136 -320.382 427.332 0 -3.83084
-296.203 -319.385 427.315 0 -3.65461
-296.266 -318.387 427.296 0 -3.65461
-296.33 -317.389 427.277 0 -3.65461
-296.394 -316.392 427.259 0 -3.65461
-296.458 -315.394 427.24 0 -3.65461
-296.521 -314.396 427.222 0 -3.65461
-296.585 -313.398 427.203 0 -3.65461
-296.649 -312.401 427.184 0 -3.65461
-296.712 -311.403 427.166 0 -3.65463
-296.776 -310.407 427.147 0 -3.65463
-296.84 -309.41 427.128 0 -3.65463
-296.903 -308.414 427.11 0 -3.65463
-296.967 -307.418 427.091 0 -3.65463
-297.031 -306.421 427.073 0 -3.65463
-297.094 -305.425 427.054 0 -3.62912
-297.157 -304.429 427.035 0 -3.33184
-297.216 -303.432 427.014 0 -3.30206
-297.273 -302.435 426.992 0 -3.30206
-297.331 -301.439 426.97 0 -3.30206
-297.388 -300.442 426.948 0 -3.30206
-297.446 -299.446 426.926 0 -3.3307
-297.504 -298.445 426.904 0 -3.3307
-297.562 -297.445 426.882 0 -3.3307
-297.62 -296.445 426.86 0 -3.3307
-297.678 -295.444 426.838 0 -3.3307
-297.737 -294.444 426.816 0 -3.3307
-297.795 -293.444 426.794 0 -3.46309
-297.856 -292.437 426.772 0 -3.46309
-297.917 -291.43 426.75 0 -3.46309
-297.978 -290.423 426.728 0 -3.46309
-298.039 -289.415 426.706 0 -3.34092
-298.097 -288.408 426.682 0 -3.14999
-298.153 -287.401 426.657 0 -3.26101
-298.211 -286.384 426.631 0 -3.261
-298.269 -285.366 426.605 0 -3.261
-298.327 -284.349 426.579 0 -3.261
-298.385 -283.332 426.554 0 -3.261
-298.443 -282.315 426.528 0 -3.261
-298.501 -281.297 426.502 0 -3.3986
-298.561 -280.273 426.476 0 -3.3986
-298.622 -279.248 426.45 0 -3.39859
-298.683 -278.223 426.424 0 -3.39859
-298.744 -277.198 426.398 0 -3.39859
-298.805 -276.174 426.372 0 -3.39859
-298.866 -275.149 426.346 0 -3.41921
-298.927 -274.121 426.32 0 -3.37095
-298.988 -273.094 426.294 0 -3.12011
-299.044 -272.066 426.264 0 -3.1201
-299.1 -271.039 426.235 0 -3.1201
-299.156 -270.011 426.205 0 -3.1201
-299.212 -268.983 426.176 0 -3.1045
-299.267 -267.955 426.146 0 -3.1045
-299.323 -266.927 426.117 0 -3.1045
-299.379 -265.899 426.087 0 -3.1045
-299.435 -264.871 426.058 0 -3.10449
-299.49 -263.843 426.028 0 -3.10449
-299.546 -262.815 425.999 0 -3.11363
-299.602 -261.787 425.969 0 -3.11363
-299.658 -260.759 425.939 0 -3.11363
-299.714 -259.73 425.91 0 -3.11363
-299.77 -258.702 425.88 0 -3.10349
-299.826 -257.674 425.851 0 -2.82849
-299.877 -256.645 425.818 0 -2.84422
-299.928 -255.617 425.785 0 -2.84421
-299.979 -254.59 425.752 0 -2.84421
-300.03 -253.562 425.718 0 -2.84421
-300.081 -252.534 425.685 0 -2.84421
-300.132 -251.506 425.652 0 -2.8442
-300.183 -250.478 425.619 0 -2.81766
-300.233 -249.454 425.586 0 -2.81766
-300.284 -248.429 425.553 0 -2.81766
-300.334 -247.405 425.52 0 -2.81766
-300.385 -246.38 425.487 0 -2.81765
-300.435 -245.356 425.454 0 -2.81765
-300.485 -244.331 425.422 0 -2.67356
-300.533 -243.313 425.389 0 -2.67355
-300.581 -242.296 425.356 0 -2.44064
-300.624 -241.278 425.32 0 -2.40234
-300.667 -240.26 425.284 0 -2.40234
-300.709 -239.242 425.248 0 -2.40234
-300.752 -238.225 425.211 0 -2.28492
-300.792 -237.216 425.176 0 -2.28492
-300.832 -236.208 425.14 0 -2.28492
-300.873 -235.2 425.104 0 -2.28492
-300.913 -234.192 425.068 0 -2.28492
-300.953 -233.184 425.032 0 -2.28492
-300.993 -232.175 424.996 0 -2.14929
-301.031 -231.174 424.96 0 -2.14929
-301.068 -230.173 424.924 0 -2.14929
-301.106 -229.172 424.889 0 -2.14929
-301.144 -228.171 424.853 0 -2.14929
-301.181 -227.17 424.817 0 -2.04303
-301.217 -226.169 424.78 0 -1.86648
-301.249 -225.172 424.741 0 -1.86648
-301.282 -224.175 424.702 0 -1.86648
-301.314 -223.177 424.663 0 -1.86648
-301.347 -222.18 424.624 0 -1.86648
-301.379 -221.183 424.585 0 -1.86648
-301.412 -220.185 424.546 0 -1.88881
-301.445 -219.188 424.507 0 -1.88881
-301.478 -218.19 424.468 0 -1.88881
-301.511 -217.192 424.429 0 -1.88881
-301.544 -216.194 424.39 0 -1.88881
-301.576 -215.197 424.35 0 -1.88881
-301.609 -214.199 424.311 0 -1.89199
-301.642 -213.201 424.272 0 -1.89199
-301.675 -212.202 424.233 0 -1.89199
-301.708 -211.204 424.194 0 -1.69706
-301.738 -210.206 424.152 0 -1.64862
-301.767 -209.207 424.109 0 -1.64862
-301.795 -208.209 424.067 0 -1.64544
-301.824 -207.21 424.024 0 -1.64544
-301.853 -206.21 423.981 0 -1.64544
-301.881 -205.211 423.938 0 -1.64544
-301.91 -204.212 423.896 0 -1.64544
-301.939 -203.212 423.853 0 -1.64544
-301.968 -202.213 423.81 0 -1.64544
-301.996 -201.216 423.768 0 -1.64544
-302.025 -200.218 423.725 0 -1.64544
-302.053 -199.221 423.682 0 -1.64544
-302.082 -198.224 423.64 0 -1.64544
-302.111 -197.226 423.597 0 -1.64544
-302.139 -196.229 423.554 0 -2.05657
-302.175 -195.237 423.511 0 -2.05234
-302.211 -194.244 423.466 0 -2.05234
-302.246 -193.252 423.42 0 -2.05234
-302.282 -192.259 423.375 0 -2.05234
-302.317 -191.266 423.329 0 -2.05234
-302.353 -190.274 423.284 0 -2.04914
-302.389 -189.278 423.238 0 -2.04914
-302.424 -188.282 423.192 0 -2.04914
-302.46 -187.286 423.146 0 -2.04914
-302.495 -186.29 423.101 0 -2.04914
-302.531 -185.294 423.055 0 -2.04914
-302.567 -184.298 423.009 0 -2.17743
-302.605 -183.282 422.963 0 -2.17743
-302.644 -182.265 422.916 0 -2.17743
-302.683 -181.249 422.869 0 -2.17743
-302.721 -180.232 422.823 0 -2.17743
-302.76 -179.216 422.776 0 -2.12562
-302.798 -178.199 422.728 0 -2.05169
-302.836 -177.137 422.679 0 -2.05169
-302.874 -176.075 422.629 0 -2.05169
-302.912 -175.013 422.579 0 -2.05169
-302.95 -173.951 422.529 0 -2.05169
-302.988 -172.888 422.479 0 -2.05169
-303.026 -171.826 422.429 0 -1.92217
-303.063 -170.725 422.377 0 -1.92217
-303.1 -169.623 422.325 0 -1.92217
-303.137 -168.521 422.274 0 -1.92217
-303.174 -167.419 422.222 0 -1.92217
-303.211 -166.317 422.17 0 -1.92217
-303.248 -165.216 422.118 0 -1.86896
-303.285 -164.07 422.064 0 -1.86896
-303.323 -162.924 422.011 0 -1.86185
-303.36 -161.778 421.957 0 -1.81638
-303.396 -160.632 421.902 0 -1.81638
-303.433 -159.487 421.847 0 -1.81638
-303.469 -158.341 421.792 0 -1.93022
-303.508 -157.18 421.737 0 -1.93022
-303.547 -156.019 421.681 0 -1.93022
-303.586 -154.858 421.626 0 -1.93022
-303.625 -153.697 421.57 0 -1.93022
-303.665 -152.536 421.515 0 -1.93022
-303.704 -151.375 421.459 0 -1.922
-303.743 -150.214 421.404 0 -1.922
-303.782 -149.054 421.348 0 -1.922
-303.821 -147.893 421.293 0 -1.922
-303.859 -146.732 421.237 0 -1.922
-303.898 -145.572 421.182 0 -1.90658
-303.937 -144.411 421.126 0 -1.85833
-303.974 -143.257 421.07 0 -1.85833
-304.012 -142.102 421.014 0 -1.85833
-304.049 -140.948 420.959 0 -1.85833
-304.087 -139.794 420.903 0 -1.85833
-304.124 -138.639 420.847 0 -1.85833
-304.162 -137.485 420.791 0 -1.86125
-304.199 -136.324 420.735 0 -1.86125
-304.237 -135.164 420.679 0 -1.86125
-304.275 -134.003 420.623 0 -1.86125
-304.313 -132.842 420.567 0 -1.86125
-304.35 -131.682 420.511 0 -1.86125
-304.388 -130.521 420.455 0 -1.96933
-304.429 -129.337 420.397 0 -1.96933
-304.469 -128.153 420.34 0 -1.95152
-304.51 -126.969 420.283 0 -1.94427
-304.55 -125.785 420.225 0 -1.94427
-304.59 -124.602 420.168 0 -1.94427
-304.63 -123.418 420.11 0 -1.89224
-304.671 -122.189 420.051 0 -1.89224
-304.712 -120.961 419.991 0 -1.89224
-304.752 -119.732 419.931 0 -1.89224
-304.793 -118.504 419.872 0 -1.89224
-304.833 -117.275 419.812 0 -1.89224
-304.874 -116.047 419.752 0 -1.77847
-304.913 -114.779 419.691 0 -1.77847
-304.953 -113.512 419.629 0 -1.77847
-304.992 -112.245 419.568 0 -1.77847
-305.031 -110.978 419.506 0 -1.76921
-305.07 -109.711 419.445 0 -1.76718
-305.11 -108.443 419.383 0 -1.72179
-305.149 -107.13 419.32 0 -1.72179
-305.188 -105.817 419.256 0 -1.72179
-305.228 -104.504 419.192 0 -1.72179
-305.267 -103.191 419.129 0 -1.72179
-305.307 -101.877 419.065 0 -1.72179
-305.346 -100.564 419.001 0 -1.82403
-305.389 -99.2309 418.937 0 -1.82403
-305.431 -97.8975 418.872 0 -1.82403
-305.474 -96.5641 418.807 0 -1.82403
-305.516 -95.2307 418.743 0 -1.82403
-305.559 -93.8973 418.678 0 -1.8261
-305.601 -92.5639 418.614 0 -1.82896
-305.644 -91.2269 418.549 0 -1.82896
-305.687 -89.8898 418.485 0 -1.82896
-305.729 -88.5527 418.421 0 -1.82896
-305.772 -87.2156 418.356 0 -1.82896
-305.815 -85.8786 418.292 0 -1.82896
-305.857 -84.5415 418.227 0 -1.82405
-305.9 -83.2104 418.163 0 -1.82405
-305.942 -81.8793 418.099 0 -1.82405
-305.985 -80.5483 418.035 0 -1.82405
-306.027 -79.2172 417.971 0 -1.82405
-306.069 -77.8861 417.907 0 -1.82488
-306.112 -76.555 417.843 0 -1.84012
-306.154 -75.2302 417.78 0 -1.84012
-306.197 -73.9054 417.717 0 -1.84012
-306.239 -72.5806 417.654 0 -1.84012
-306.282 -71.2558 417.591 0 -1.84012
-306.325 -69.931 417.528 0 -1.84012
-306.367 -68.6063 417.466 0 -1.84261
-306.41 -67.2775 417.402 0 -1.84261
-306.453 -65.9487 417.339 0 -1.84261
-306.495 -64.6199 417.276 0 -1.84261
-306.538 -63.2911 417.213 0 -1.84261
-306.581 -61.9624 417.15 0 -1.84261
-306.624 -60.6336 417.087 0 -1.94586
-306.669 -59.2842 417.023 0 -1.96973
-306.716 -57.9349 416.96 0 -1.96973
-306.762 -56.5855 416.898 0 -1.96973
-306.809 -55.2361 416.835 0 -1.96973
-306.855 -53.8868 416.772 0 -1.96973
-306.901 -52.5374 416.709 0 -1.92425
-306.948 -51.1424 416.644 0 -1.92425
-306.995 -49.7474 416.579 0 -1.92425
-307.042 -48.3524 416.514 0 -1.92425
-307.089 -46.9574 416.449 0 -1.92425
-307.136 -45.5624 416.385 0 -1.92425
-307.183 -44.1674 416.32 0 -1.8194
-307.228 -42.7337 416.253 0 -1.85589
-307.275 -41.3 416.188 0 -1.86314
-307.321 -39.8662 416.123 0 -1.86314
-307.368 -38.4325 416.058 0 -1.86314
-307.415 -36.9988 415.993 0 -1.86314
-307.461 -35.565 415.928 0 -1.82918
-307.508 -34.0857 415.861 0 -1.82918
-307.556 -32.6063 415.794 0 -1.82918
-307.603 -31.127 415.727 0 -1.82918
-307.65 -29.6476 415.66 0 -1.82918
-307.697 -28.1682 415.593 0 -1.82918
-307.745 -26.6889 415.526 570149 -1.8795
-307.794 -25.1889 415.458 580149 -1.86137
-307.843 -23.6889 415.39 580149 -1.86137
-307.891 -22.1889 415.323 580149 -1.86137
-307.94 -20.6889 415.256 580149 -1.86137
-307.989 -19.189 415.189 580149 -1.86137
-308.038 -17.689 415.122 580149 -1.86146
-308.087 -16.185 415.054 580149 -1.86146
-308.135 -14.681 414.987 580149 -1.86146
-308.184 -13.177 414.92 580149 -1.86146
-308.233 -11.673 414.852 580149 -1.86146
-308.282 -10.169 414.785 580149 -1.83917
-308.33 -8.66492 414.719 0 -1.83497
-308.378 -7.16715 414.654 0 -1.83497
-308.426 -5.66938 414.589 0 -1.83497
-308.474 -4.17161 414.523 0 -1.83497
-308.522 -2.67384 414.458 0 -1.83497
-308.57 -1.17606 414.393 0 -1.83497
-308.618 0.321707 414.328 0 -1.83484
-308.666 1.81349 414.263 0 -1.83484
-308.714 3.30527 414.198 0 -1.83484
-308.762 4.79705 414.133 0 -1.83226
-308.809 6.28884 414.068 0 -1.817
-308.857 7.78071 414.005 0 -1.817
-308.904 9.27259 413.942 0 -1.81708
-308.951 10.7681 413.878 0 -1.81708
-308.999 12.2637 413.815 0 -1.81708
-309.046 13.7592 413.751 0 -1.81708
-309.094 15.2547 413.688 0 -1.81708
-309.141 16.7503 413.625 0 -1.81708
-309.189 18.2458 413.561 580149 -1.90356
-309.239 19.7615 413.497 580149 -1.90356
-309.289 21.2773 413.433 580149 -1.89919
-309.34 22.7931 413.37 580149 -1.89423
-309.39 24.309 413.307 580149 -1.89423
-309.44 25.8248 413.245 580149 -1.89423
-309.49 27.3406 413.182 580149 -1.85596
-309.541 28.9024 413.118 580149 -1.85596
-309.591 30.4643 413.054 580149 -1.85596
-309.642 32.0261 412.989 580149 -1.85596
-309.693 33.5879 412.925 580149 -1.85596
-309.743 35.1497 412.861 580149 -1.85596
-309.794 36.7115 412.796 580149 -1.76003
-309.843 38.312 412.731 580149 -1.75933
-309.892 39.9126 412.667 580149 -1.75933
-309.941 41.5132 412.602 580149 -1.75933
-309.99 43.1138 412.538 580149 -1.75933
-310.04 44.7144 412.474 580149 -1.75933
-310.089 46.315 412.41 580149 -1.73048
-310.138 47.9592 412.344 580149 -1.73048
-310.188 49.6035 412.279 580149 -1.73048
-310.238 51.2477 412.213 580149 -1.73048
-310.287 52.8919 412.147 580149 -1.73249
-310.337 54.5362 412.082 580149 -1.73817
-310.387 56.1805 412.018 580149 -1.81412
-310.44 57.8493 411.953 580149 -1.81412
-310.493 59.5182 411.888 580149 -1.81412
-310.546 61.187 411.823 580149 -1.81412
-310.599 62.8559 411.758 580149 -1.81412
-310.651 64.5248 411.693 580149 -1.81412
-310.704 66.1936 411.628 580149 -1.81433
-310.757 67.8735 411.563 580149 -1.81433
-310.811 69.5533 411.498 580149 -1.8251
-310.864 71.2332 411.433 580149 -1.83053
-310.918 72.9131 411.37 580149 -1.83053
-310.972 74.593 411.306 580149 -1.83053
-311.025 76.2729 411.243 580149 -1.84946
-311.079 77.9524 411.18 580149 -1.84946
-311.134 79.632 411.116 580149 -1.84946
-311.188 81.3115 411.053 580149 -1.84946
-311.242 82.9911 410.989 580149 -1.84946
-311.296 84.6706 410.926 580149 -1.85274
-311.351 86.3502 410.862 580149 -1.90455
-311.406 88.0224 410.801 580149 -1.90455
-311.462 89.6947 410.74 580149 -1.90455
-311.518 91.3669 410.678 580149 -1.90455
-311.573 93.0391 410.617 580149 -1.90455
-311.629 94.7114 410.556 580149 -1.90455
-311.684 96.3836 410.494 580149 -1.90658
-311.74 98.0452 410.433 580149 -1.90658
-311.795 99.7068 410.372 580149 -1.90658
-311.85 101.368 410.311 580149 -1.9244
-311.906 103.03 410.251 580149 -1.9398
-311.962 104.692 410.192 580149 -1.9398
-312.019 106.353 410.133 580149 -1.93979
-312.075 108.015 410.074 580149 -1.93979
-312.131 109.677 410.014 580149 -1.93979
-312.188 111.339 409.955 580149 -1.93979
-312.244 113.001 409.896 580149 -1.93979
-312.3 114.663 409.837 580149 -1.93979
-312.356 116.325 409.778 580149 -1.96994
-312.414 118.003 409.718 580149 -2.00802
-312.473 119.681 409.66 580149 -2.01166
-312.532 121.36 409.601 580149 -2.01166
-312.591 123.038 409.543 580149 -2.01166
-312.65 124.716 409.485 580149 -2.01166
-312.709 126.394 409.427 580149 -1.98105
-312.768 128.098 409.368 580149 -1.98105
-312.827 129.802 409.31 580149 -1.98105
-312.886 131.505 409.251 580149 -1.98105
-312.945 133.209 409.192 580149 -1.85793
-313 134.912 409.134 590149 -1.8236
-313.054 136.616 409.076 590149 -1.82879
-313.109 138.349 409.018 590149 -1.82879
-313.165 140.083 408.96 590149 -1.82879
-313.22 141.816 408.902 590149 -1.82879
-313.275 143.55 408.844 590149 -1.82879
-313.331 145.283 408.785 590149 -1.82879
-313.386 147.017 408.727 590149 -1.82118
-313.442 148.779 408.668 590149 -1.82118
-313.498 150.541 408.609 590149 -1.82118
-313.554 152.304 408.55 590149 -1.82118
-313.61 154.066 408.491 590149 -1.82117
-313.666 155.829 408.431 590149 -1.83638
-313.723 157.591 408.373 590149 -1.85582
-313.781 159.383 408.314 590149 -1.85582
-313.839 161.176 408.255 590149 -1.85582
-313.897 162.968 408.196 590149 -1.85582
-313.955 164.761 408.137 590149 -1.85582
-314.013 166.553 408.078 590149 -1.85582
-314.071 168.345 408.019 590149 -1.82757
-314.129 170.163 407.959 590149 -1.82757
-314.187 171.981 407.9 590149 -1.82757
-314.245 173.799 407.84 590149 -1.82757
-314.303 175.617 407.78 590149 -1.82757
-314.361 177.435 407.72 590149 -1.82757
-314.419 179.254 407.66 590149 -1.87251
-314.479 181.086 407.601 590149 -1.88118
-314.539 182.918 407.542 590149 -1.88118
-314.6 184.75 407.482 590149 -1.88118
-314.66 186.582 407.423 590149 -1.88118
-314.72 188.414 407.364 590149 -1.88118
-314.78 190.246 407.305 590149 -1.88113
-314.84 192.082 407.245 590149 -1.88113
-314.901 193.918 407.186 590149 -1.88113
-314.961 195.754 407.126 590149 -1.88113
-315.021 197.59 407.067 590149 -1.88113
-315.082 199.426 407.008 590149 -1.88113
-315.142 201.262 406.948 590149 -1.87983
-315.202 203.095 406.889 590149 -1.89431
-315.263 204.928 406.831 590149 -1.89431
-315.323 206.761 406.772 590149 -1.89431
-315.384 208.594 406.714 590149 -1.89431
-315.445 210.427 406.655 590149 -1.89431
-315.505 212.26 406.597 590149 -1.89607
-315.566 214.09 406.538 590149 -1.89607
-315.626 215.921 406.48 590149 -1.89607
-315.687 217.752 406.421 590149 -1.89607
-315.748 219.582 406.363 590149 -1.89607
-315.808 221.413 406.304 590149 -1.89607
-315.869 223.244 406.246 590149 -1.89606
-315.929 225.075 406.187 590149 -1.89835
-315.99 226.906 406.129 590149 -1.90181
-316.051 228.737 406.071 590149 -1.90181
-316.112 230.568 406.013 590149 -1.90181
-316.172 232.399 405.955 590149 -1.90181
-316.233 234.23 405.897 590149 -1.90181
-316.294 236.061 405.839 590149 -1.90181
-316.355 237.893 405.781 590149 -1.90181
-316.416 239.724 405.723 590149 -1.90181
-316.477 241.555 405.665 590149 -1.90181
-316.537 243.387 405.608 590149 -1.90181
-316.598 245.218 405.55 590149 -1.9018
-316.659 247.05 405.492 590149 -1.9018
-316.72 248.881 405.434 590149 -1.89921
-316.781 250.713 405.376 590149 -1.89842
-316.841 252.545 405.318 590149 -1.89842
-316.902 254.376 405.26 590149 -1.89842
-316.963 256.208 405.203 590149 -1.89842
-317.023 258.04 405.145 590149 -1.89842
-317.084 259.871 405.087 590149 -1.89842
-317.145 261.702 405.03 590149 -1.89842
-317.205 263.534 404.972 590149 -1.89842
-317.266 265.365 404.914 590149 -1.89842
-317.327 267.196 404.856 590149 -1.89842
-317.388 269.028 404.799 590149 -1.89842
-317.448 270.86 404.741 590149 -1.89668
-317.509 272.691 404.683 590149 -1.88591
-317.569 274.523 404.626 590149 -1.88591
-317.63 276.355 404.568 590149 -1.88591
-317.69 278.187 404.51 590149 -1.88593
-317.75 280.017 404.452 590149 -1.88593
-317.81 281.847 404.395 590149 -1.88593
-317.871 283.677 404.337 590149 -1.88593
-317.931 285.507 404.279 590149 -1.88593
-317.991 287.337 404.222 590149 -1.88593
-318.051 289.167 404.164 590149 -1.88594
-318.112 290.995 404.106 590149 -1.88594
-318.172 292.824 404.049 590149 -1.88594
-318.232 294.652 403.991 590149 -1.87513
-318.292 296.48 403.933 590149 -1.8643
-318.351 298.309 403.876 590149 -1.8643
-318.411 300.137 403.818 590149 -1.86258
-318.47 301.964 403.76 590149 -1.86258
-318.53 303.791 403.702 590149 -1.86258
-318.589 305.618 403.644 590149 -1.86258
-318.649 307.444 403.586 590149 -1.86258
-318.708 309.271 403.529 590149 -1.86258
-318.767 311.098 403.471 590149 -1.93536
-318.829 312.932 403.413 590149 -1.93536
-318.891 314.766 403.355 590149 -1.93536
-318.953 316.6 403.297 590149 -1.93536
-319.015 318.434 403.239 590149 -1.909
-319.076 320.268 403.18 590149 -1.90459
-319.137 322.102 403.122 590149 -1.83304
-319.197 323.978 403.062 590149 -1.83304
-319.257 325.854 403.002 590149 -1.83304
-319.318 327.73 402.942 590149 -1.83304
-319.378 329.606 402.882 590149 -1.83304
-319.438 331.482 402.822 590149 -1.83304
-319.498 333.358 402.762 590149 -1.67991
-319.554 335.274 402.701 590149 -1.67991
-319.61 337.191 402.64 590149 -1.67991
-319.666 339.107 402.579 590149 -1.67991
-319.722 341.024 402.518 590149 -1.65673
-319.778 342.94 402.456 590149 -1.64001
-319.833 344.857 402.394 590149 -1.59968
-319.888 346.823 402.33 590149 -1.59968
-319.943 348.788 402.267 590149 -1.59968
-319.997 350.754 402.203 590149 -1.59968
-320.052 352.72 402.14 590149 -1.59968
-320.107 354.686 402.076 590149 -1.59968
-320.162 356.652 402.013 590149 -1.56862
-320.217 358.646 401.948 590149 -1.56862
-320.271 360.639 401.884 590149 -1.56862
-320.326 362.633 401.819 590149 -1.56862
-320.381 364.627 401.755 590149 -1.69004
-320.439 366.621 401.689 600149 -1.67477
-320.498 368.615 401.623 600149 -1.65193
-320.555 370.604 401.557 600149 -1.65193
-320.612 372.593 401.492 600149 -1.65192
-320.67 374.583 401.426 600149 -1.65192
-320.727 376.572 401.36 600149 -1.65192
-320.785 378.561 401.294 600149 -1.65192
-320.842 380.55 401.228 600149 -1.64427
-320.898 382.515 401.163 600149 -1.25861
-320.941 384.481 401.102 600149 -1.03938
-320.977 386.447 401.044 600149 -1.03937
-321.013 388.413 400.986 600149 -1.03937
-321.048 390.379 400.928 600149 -1.03937
-321.084 392.345 400.869 600149 -1.14868
-321.123 394.274 400.812 600149 -1.14868
-321.162 396.202 400.755 600149 -1.14868
-321.2 398.131 400.698 600149 -1.14868
-321.239 400.06 400.641 600149 -1.14697
-321.277 401.989 400.584 600149 -0.519503
-321.295 403.918 400.534 600149 -0.600855
-321.315 405.812 400.484 600149 -0.600855
-321.335 407.706 400.435 600149 -0.600855
-321.355 409.6 400.386 600149 -0.600854
-321.374 411.494 400.337 600149 -0.600854
-321.394 413.388 400.287 600149 -0.600854
-321.414 415.282 400.238 600149 -0.641159
-321.435 417.165 400.189 600149 -0.641159
-321.456 419.048 400.14 600149 -0.576282
-321.475 420.932 400.092 600149 0.0127385
-321.475 422.815 400.05 600149 0.0127385
-321.474 424.699 400.008 600149 0.0127385
-321.474 426.582 399.966 600149 0.00263288
-321.474 428.478 399.924 600149 0.00263288
-321.474 430.375 399.882 600149 0.00263286
-321.474 432.271 399.839 600149 0.00263286
-321.474 434.167 399.797 600149 0.00263291
-321.474 436.063 399.755 600149 0.00263288
-321.473 437.96 399.713 600149 0.143343
-321.469 439.874 399.671 600149 0.692411
-321.446 441.789 399.636 600149 0.692411
-321.422 443.704 399.601 600149 0.692411
-321.399 445.619 399.566 600149 0.692411
-321.376 447.534 399.53 600149 0.692411
-321.353 449.449 399.495 600149 0
