-381.902 -2098.23 373.694 0 30.2666
-381.31 -2097.22 373.71 0 30.2666
-380.718 -2096.2 373.726 0 30.2666
-380.126 -2095.19 373.743 0 30.2666
-379.534 -2094.18 373.759 0 30.2666
-378.942 -2093.16 373.775 0 30.2666
-378.35 -2092.15 373.791 0 30.2745
-377.762 -2091.14 373.808 0 30.2745
-377.173 -2090.13 373.824 0 30.2745
-376.585 -2089.12 373.84 0 30.2745
-375.996 -2088.11 373.856 0 30.2745
-375.408 -2087.11 373.872 0 30.2745
-374.819 -2086.1 373.888 0 30.28
-374.232 -2085.09 373.905 0 30.28
-373.644 -2084.08 373.921 0 30.28
-373.056 -2083.08 373.937 0 30.28
-372.468 -2082.07 373.953 0 30.28
-371.88 -2081.06 373.969 0 30.28
-371.293 -2080.06 373.985 0 30.2772
-370.705 -2079.05 374.002 0 30.2772
-370.117 -2078.04 374.018 0 30.2772
-369.529 -2077.04 374.034 0 30.2114
-368.942 -2076.03 374.051 0 30.038
-368.359 -2075.02 374.072 0 30.038
-367.775 -2074.01 374.093 0 30.038
-367.191 -2073 374.114 0 30.038
-366.607 -2071.99 374.135 0 30.038
-366.023 -2070.98 374.156 0 30.038
-365.438 -2069.97 374.176 0 30.038
-364.854 -2068.96 374.197 0 30.038
-364.27 -2067.95 374.218 0 30.038
-363.687 -2066.94 374.239 0 30.038
-363.104 -2065.93 374.26 0 30.038
-362.52 -2064.92 374.28 0 30.038
-361.937 -2063.91 374.301 0 30.038
-361.354 -2062.91 374.322 0 30.038
-360.77 -2061.9 374.343 0 30.0352
-360.189 -2060.89 374.364 0 30.0352
-359.608 -2059.89 374.384 0 30.0352
-359.027 -2058.88 374.405 0 30.0352
-358.446 -2057.88 374.426 0 30.0352
-357.865 -2056.87 374.447 0 30.0352
-357.284 -2055.87 374.467 0 30.038
-356.701 -2054.86 374.488 0 30.038
-356.119 -2053.85 374.509 0 30.038
-355.536 -2052.84 374.53 0 30.038
-354.954 -2051.84 374.55 0 30.038
-354.371 -2050.83 374.571 0 29.9475
-353.79 -2049.82 374.593 0 29.6362
-353.205 -2048.79 374.619 0 29.6362
-352.62 -2047.76 374.645 0 29.6362
-352.034 -2046.73 374.671 0 29.6362
-351.449 -2045.71 374.697 0 29.6362
-350.863 -2044.68 374.723 0 29.6362
-350.278 -2043.65 374.749 0 29.6881
-349.665 -2042.57 374.776 0 29.6881
-349.052 -2041.5 374.804 0 29.6881
-348.439 -2040.42 374.831 0 29.6881
-347.826 -2039.35 374.858 0 29.6881
-347.213 -2038.27 374.885 0 29.6881
-346.6 -2037.2 374.912 0 29.7955
-345.972 -2036.1 374.94 0 29.7955
-345.345 -2035 374.968 0 29.7955
-344.717 -2033.91 374.996 0 29.7955
-344.09 -2032.81 375.023 0 29.7955
-343.463 -2031.72 375.051 0 29.7955
-342.835 -2030.62 375.079 0 29.8443
-342.215 -2029.54 375.106 0 29.8443
-341.594 -2028.46 375.133 0 29.8443
-340.973 -2027.38 375.161 0 29.8443
-340.353 -2026.29 375.188 0 29.8443
-339.732 -2025.21 375.216 0 29.8443
-339.111 -2024.13 375.243 0 28.2461
-338.496 -2022.98 375.27 0 28.363
-337.903 -2021.89 375.299 0 28.363
-337.309 -2020.79 375.328 0 28.363
-336.716 -2019.69 375.357 0 28.363
-336.123 -2018.59 375.386 0 28.363
-335.53 -2017.49 375.415 0 28.5246
-334.922 -2016.37 375.445 0 28.5246
-334.314 -2015.25 375.475 0 28.5246
-333.707 -2014.14 375.504 0 28.5246
-333.099 -2013.02 375.534 0 28.5246
-332.491 -2011.9 375.563 0 28.5246
-331.883 -2010.78 375.593 0 28.5139
-331.252 -2009.62 375.623 0 28.5139
-330.62 -2008.46 375.654 0 28.5139
-329.988 -2007.29 375.685 0 28.5139
-329.356 -2006.13 375.716 0 28.5139
-328.724 -2004.97 375.746 0 28.0019
-328.102 -2003.8 375.78 0 27.633
-327.476 -2002.6 375.815 0 27.633
-326.849 -2001.4 375.851 0 27.633
-326.223 -2000.21 375.887 0 27.633
-325.596 -1999.01 375.923 0 27.633
-324.97 -1997.81 375.958 0 27.633
-324.343 -1996.62 375.994 0 27.62
-323.721 -1995.43 376.03 0 27.62
-323.099 -1994.24 376.065 0 27.62
-322.476 -1993.05 376.101 0 27.62
-321.854 -1991.86 376.136 0 27.62
-321.232 -1990.67 376.172 0 27.62
-320.609 -1989.48 376.207 0 27.6904
-319.989 -1988.3 376.243 0 27.6904
-319.369 -1987.12 376.278 0 27.6904
-318.749 -1985.94 376.313 0 27.6904
-318.129 -1984.76 376.348 0 26.9546
-317.525 -1983.57 376.387 0 26.8134
-316.923 -1982.38 376.427 0 26.9195
-316.336 -1981.22 376.465 0 26.9195
-315.75 -1980.07 376.503 0 26.9195
-315.164 -1978.91 376.542 0 26.9195
-314.577 -1977.76 376.58 0 26.9195
-313.991 -1976.6 376.618 0 26.9195
-313.404 -1975.45 376.657 0 26.7194
-312.844 -1974.33 376.694 0 26.7194
-312.284 -1973.22 376.73 0 26.7194
-311.724 -1972.11 376.767 0 26.7194
-311.164 -1970.99 376.804 0 26.7194
-310.603 -1969.88 376.841 0 26.7194
-310.043 -1968.77 376.878 0 26.6567
-309.504 -1967.7 376.913 0 26.6567
-308.966 -1966.62 376.949 0 26.6567
-308.427 -1965.55 376.985 0 26.6461
-307.888 -1964.47 377.02 0 25.7824
-307.366 -1963.39 377.059 0 25.7824
-306.843 -1962.31 377.098 0 25.585
-306.346 -1961.27 377.136 0 25.585
-305.849 -1960.24 377.173 0 25.585
-305.353 -1959.2 377.211 0 25.585
-304.856 -1958.16 377.249 0 25.585
-304.359 -1957.12 377.286 0 25.585
-303.862 -1956.09 377.324 0 25.5621
-303.38 -1955.08 377.36 0 25.5621
-302.898 -1954.07 377.396 0 25.5621
-302.417 -1953.06 377.433 0 25.5621
-301.935 -1952.06 377.469 0 25.5621
-301.453 -1951.05 377.506 0 25.5621
-300.971 -1950.04 377.542 0 25.5989
-300.491 -1949.04 377.578 0 25.5989
-300.01 -1948.04 377.615 0 25.5989
-299.53 -1947.03 377.651 0 25.5989
-299.049 -1946.03 377.687 0 25.5989
-298.569 -1945.03 377.723 0 25.4506
-298.091 -1944.02 377.76 0 24.7251
-297.623 -1943.01 377.8 0 24.7251
-297.156 -1941.99 377.84 0 24.7251
-296.688 -1940.98 377.879 0 24.7251
-296.221 -1939.96 377.919 0 24.7251
-295.753 -1938.95 377.959 0 24.7251
-295.286 -1937.93 377.998 0 24.7281
-294.817 -1936.91 378.038 0 24.7281
-294.349 -1935.9 378.078 0 24.7281
-293.88 -1934.88 378.118 0 24.7281
-293.412 -1933.86 378.157 0 24.7281
-292.944 -1932.85 378.197 0 24.7281
-292.475 -1931.83 378.237 0 24.7278
-292.009 -1930.82 378.277 0 24.7278
-291.542 -1929.8 378.316 0 24.7278
-291.076 -1928.79 378.356 0 24.7278
-290.61 -1927.78 378.395 0 24.7278
-290.143 -1926.76 378.435 0 24.7278
-289.677 -1925.75 378.475 0 24.7277
-289.211 -1924.74 378.514 0 24.7194
-288.745 -1923.73 378.554 0 23.8598
-288.295 -1922.71 378.596 0 23.8598
-287.845 -1921.69 378.639 0 23.8598
-287.394 -1920.67 378.682 0 23.8598
-286.944 -1919.66 378.724 0 23.793
-286.489 -1918.63 378.767 0 23.793
-286.035 -1917.59 378.811 0 23.793
-285.58 -1916.56 378.854 0 23.793
-285.126 -1915.53 378.897 0 23.793
-284.671 -1914.5 378.94 0 23.793
-284.216 -1913.47 378.983 0 23.8177
-283.743 -1912.4 379.028 0 23.8177
-283.269 -1911.32 379.073 0 23.8177
-282.795 -1910.25 379.118 0 23.8177
-282.321 -1909.18 379.163 0 23.8177
-281.848 -1908.1 379.208 0 23.8177
-281.374 -1907.03 379.253 0 23.979
-280.879 -1905.92 379.299 0 23.979
-280.383 -1904.8 379.346 0 23.979
-279.887 -1903.69 379.393 0 23.555
-279.4 -1902.57 379.441 0 23.1149
-278.921 -1901.45 379.491 0 23.1149
-278.443 -1900.33 379.541 0 23.1842
-277.946 -1899.17 379.593 0 23.1842
-277.449 -1898.01 379.645 0 23.1842
-276.952 -1896.85 379.696 0 23.1842
-276.455 -1895.69 379.748 0 23.1842
-275.958 -1894.53 379.8 0 23.1842
-275.461 -1893.37 379.851 0 23.3468
-274.94 -1892.16 379.905 0 23.3468
-274.419 -1890.95 379.959 0 23.3468
-273.897 -1889.74 380.013 0 23.3468
-273.376 -1888.54 380.067 0 23.3468
-272.855 -1887.33 380.121 0 23.3468
-272.334 -1886.12 380.175 0 23.2966
-271.804 -1884.89 380.23 0 23.2966
-271.274 -1883.66 380.285 0 23.2966
-270.744 -1882.43 380.339 0 22.4678
-270.232 -1881.19 380.398 0 22.4367
-269.72 -1879.95 380.456 0 22.4367
-269.209 -1878.71 380.514 0 22.4175
-268.697 -1877.47 380.573 0 22.4175
-268.186 -1876.23 380.631 0 22.4175
-267.674 -1874.99 380.689 0 22.4175
-267.163 -1873.75 380.748 0 22.4175
-266.651 -1872.51 380.806 0 22.4175
-266.139 -1871.27 380.865 0 22.4208
-265.63 -1870.04 380.923 0 22.4208
-265.121 -1868.8 380.981 0 22.4208
-264.611 -1867.57 381.039 0 22.4208
-264.102 -1866.33 381.097 0 22.4208
-263.592 -1865.1 381.155 0 22.4208
-263.083 -1863.86 381.213 0 22.4209
-262.573 -1862.63 381.272 0 22.3571
-262.066 -1861.4 381.33 0 21.5655
-261.575 -1860.15 381.391 0 21.5655
-261.085 -1858.91 381.453 0 21.5655
-260.594 -1857.67 381.514 0 21.5655
-260.104 -1856.43 381.575 0 21.5631
-259.613 -1855.19 381.637 0 21.5631
-259.122 -1853.95 381.698 0 21.5631
-258.632 -1852.71 381.759 0 21.5631
-258.141 -1851.46 381.821 0 21.5631
-257.65 -1850.22 381.882 0 21.5631
-257.16 -1848.98 381.943 0 21.5655
-256.669 -1847.74 382.005 0 21.5655
-256.178 -1846.5 382.066 0 21.5655
-255.687 -1845.26 382.127 0 21.5655
-255.197 -1844.01 382.189 0 21.5655
-254.706 -1842.77 382.25 0 21.5655
-254.215 -1841.53 382.311 0 21.4702
-253.727 -1840.29 382.373 0 20.715
-253.254 -1839.04 382.437 0 20.715
-252.782 -1837.79 382.502 0 20.715
-252.31 -1836.54 382.566 0 20.715
-251.838 -1835.29 382.631 0 20.715
-251.366 -1834.05 382.695 0 20.7125
-250.894 -1832.8 382.76 0 20.7125
-250.421 -1831.55 382.824 0 20.7125
-249.949 -1830.3 382.888 0 20.7125
-249.477 -1829.05 382.953 0 20.7125
-249.004 -1827.8 383.017 0 20.7125
-248.532 -1826.55 383.082 0 20.7152
-248.061 -1825.31 383.146 0 20.7152
-247.589 -1824.06 383.21 0 20.7152
-247.117 -1822.81 383.275 0 20.7152
-246.646 -1821.56 383.339 0 20.7152
-246.174 -1820.32 383.404 0 20.4159
-245.71 -1819.07 383.472 0 20.0694
-245.253 -1817.82 383.541 0 20.0694
-244.796 -1816.57 383.61 0 20.0694
-244.338 -1815.32 383.679 0 20.0694
-243.881 -1814.06 383.748 0 20.0694
-243.424 -1812.81 383.817 0 20.0694
-242.967 -1811.56 383.886 0 20.0993
-242.507 -1810.3 383.955 0 20.0993
-242.046 -1809.05 384.025 0 20.0993
-241.586 -1807.79 384.094 0 20.0992
-241.126 -1806.53 384.163 0 20.0485
-240.667 -1805.27 384.233 0 19.4931
-240.22 -1804.01 384.302 0 19.3306
-239.772 -1802.73 384.372 0 19.3306
-239.324 -1801.45 384.441 0 19.3306
-238.875 -1800.18 384.511 0 19.3306
-238.427 -1798.9 384.581 0 19.3306
-237.979 -1797.62 384.651 0 19.3306
-237.53 -1796.34 384.721 0 19.2392
-237.078 -1795.05 384.792 0 19.2392
-236.626 -1793.75 384.862 0 19.2392
-236.173 -1792.46 384.933 0 19.2392
-235.721 -1791.16 385.004 0 19.0299
-235.274 -1789.86 385.075 0 18.6343
-234.835 -1788.56 385.145 0 18.4373
-234.396 -1787.24 385.216 0 18.4373
-233.957 -1785.93 385.287 0 18.4373
-233.518 -1784.61 385.359 0 18.4373
-233.079 -1783.29 385.43 0 18.4373
-232.64 -1781.98 385.501 0 18.4373
-232.201 -1780.66 385.572 0 18.2936
-231.773 -1779.36 385.642 0 18.2936
-231.344 -1778.07 385.712 0 18.2936
-230.916 -1776.77 385.782 0 18.2935
-230.488 -1775.48 385.852 0 17.8374
-230.07 -1774.18 385.922 0 17.6899
-229.655 -1772.88 385.991 0 17.6804
-229.257 -1771.63 386.058 0 17.6804
-228.858 -1770.38 386.125 0 17.6804
-228.46 -1769.13 386.191 0 17.6804
-228.061 -1767.88 386.258 0 17.6804
-227.663 -1766.63 386.325 0 17.6804
-227.265 -1765.38 386.392 0 17.798
-226.873 -1764.16 386.457 0 17.798
-226.482 -1762.94 386.522 0 17.798
-226.091 -1761.72 386.587 0 17.798
-225.7 -1760.5 386.652 0 17.4703
-225.315 -1759.28 386.717 0 17.1957
-224.937 -1758.06 386.782 0 17.3107
-224.555 -1756.83 386.847 0 17.3107
-224.172 -1755.61 386.912 0 17.3107
-223.79 -1754.38 386.976 0 17.3107
-223.407 -1753.15 387.041 0 17.3107
-223.025 -1751.93 387.106 0 17.3107
-222.642 -1750.7 387.171 0 17.3168
-222.249 -1749.44 387.238 0 17.3168
-221.856 -1748.18 387.304 0 17.3168
-221.463 -1746.91 387.371 0 17.3168
-221.069 -1745.65 387.438 0 17.1722
-220.679 -1744.39 387.504 0 16.7161
-220.299 -1743.13 387.57 0 16.7159
-219.913 -1741.84 387.637 0 16.7159
-219.526 -1740.55 387.704 0 16.7159
-219.14 -1739.27 387.771 0 16.7159
-218.754 -1737.98 387.838 0 16.7159
-218.367 -1736.69 387.905 0 16.7159
-217.981 -1735.41 387.973 0 16.7177
-217.596 -1734.12 388.039 0 16.7177
-217.211 -1732.84 388.106 0 16.7177
-216.826 -1731.56 388.173 0 16.7177
-216.441 -1730.28 388.24 0 16.5361
-216.061 -1729 388.306 0 16.1187
-215.689 -1727.71 388.372 0 16.1186
-215.318 -1726.43 388.438 0 16.1186
-214.947 -1725.14 388.504 0 16.1186
-214.576 -1723.86 388.57 0 16.1186
-214.205 -1722.58 388.636 0 16.1186
-213.834 -1721.29 388.702 0 16.1186
-213.463 -1720.01 388.768 0 16.1162
-213.092 -1718.72 388.834 0 16.1162
-212.721 -1717.44 388.9 0 16.1162
-212.35 -1716.16 388.966 0 16.1162
-211.979 -1714.87 389.032 0 15.9142
-211.612 -1713.59 389.097 0 15.519
-211.255 -1712.3 389.162 0 15.519
-210.897 -1711.01 389.227 0 15.519
-210.54 -1709.72 389.293 0 15.519
-210.182 -1708.44 389.358 0 15.519
-209.825 -1707.15 389.423 0 15.519
-209.467 -1705.86 389.488 0 15.519
-209.11 -1704.58 389.553 0 15.5215
-208.752 -1703.29 389.618 0 15.5215
-208.394 -1702 389.683 0 15.5215
-208.036 -1700.71 389.748 0 15.5215
-207.678 -1699.42 389.813 0 15.303
-207.325 -1698.13 389.878 0 14.9263
-206.98 -1696.84 389.942 0 14.9242
-206.635 -1695.54 390.006 0 14.9242
-206.289 -1694.24 390.071 0 14.9242
-205.944 -1692.95 390.135 0 14.9242
-205.599 -1691.65 390.199 0 14.9242
-205.254 -1690.36 390.263 0 14.9242
-204.908 -1689.06 390.328 0 14.9165
-204.564 -1687.77 390.392 0 14.9165
-204.221 -1686.48 390.456 0 14.9165
-203.877 -1685.19 390.52 0 14.9165
-203.533 -1683.9 390.584 0 14.6787
-203.195 -1682.61 390.647 0 14.3233
-202.864 -1681.31 390.71 0 14.3722
-202.537 -1680.04 390.772 0 14.3722
-202.21 -1678.76 390.834 0 14.3722
-201.883 -1677.48 390.897 0 14.3722
-201.555 -1676.21 390.959 0 14.3722
-201.228 -1674.93 391.021 0 14.3722
-200.901 -1673.65 391.083 0 14.3631
-200.58 -1672.4 391.144 0 14.3631
-200.259 -1671.14 391.205 0 14.3631
-199.938 -1669.89 391.266 0 14.3631
-199.617 -1668.64 391.327 0 13.7667
-199.298 -1667.34 391.395 0 13.3422
-199 -1666.08 391.467 0 13.4856
-198.701 -1664.83 391.539 0 13.438
-198.403 -1663.58 391.609 0 13.438
-198.104 -1662.34 391.678 0 13.4137
-197.806 -1661.09 391.748 0 13.3913
-197.509 -1659.84 391.816 0 13.3913
-197.212 -1658.59 391.884 0 13.4723
-196.907 -1657.32 391.953 0 13.4688
-196.602 -1656.04 392.022 0 13.4585
-196.298 -1654.77 392.09 0 13.4388
-195.994 -1653.5 392.158 0 13.4388
-195.69 -1652.23 392.226 0 13.4218
-195.387 -1650.96 392.293 0 13.5245
-195.07 -1649.64 392.363 0 13.5208
-194.754 -1648.33 392.433 0 13.511
-194.438 -1647.01 392.504 0 13.511
-194.123 -1645.7 392.574 0 13.5069
-193.807 -1644.38 392.644 0 13.5059
-193.491 -1643.07 392.715 0 13.5882
-193.164 -1641.72 392.788 0 13.5903
-192.837 -1640.36 392.862 0 13.5903
-192.51 -1639.01 392.936 0 13.601
-192.183 -1637.66 393.012 0 13.6017
-191.855 -1636.3 393.087 0 13.5905
-191.529 -1634.96 393.15 0 13.3907
-191.203 -1633.59 393.211 0 13.2263
-190.881 -1632.21 393.273 0 13.1283
-190.561 -1630.84 393.337 0 13.0416
-190.243 -1629.47 393.401 0 12.8953
-189.929 -1628.1 393.466 0 12.8709
-189.615 -1626.72 393.53 0 12.4447
-189.313 -1625.36 393.596 0 12.4447
-189.012 -1623.99 393.662 0 12.2959
-188.714 -1622.63 393.728 0 12.2706
-188.417 -1621.26 393.794 0 12.185
-188.121 -1619.89 393.86 0 12.1258
-187.827 -1618.52 393.927 0 12.0284
-187.537 -1617.16 393.993 0 11.9507
-187.248 -1615.8 394.06 0 11.9457
-186.96 -1614.43 394.126 0 11.8648
-186.673 -1613.07 394.192 0 11.8648
-186.387 -1611.71 394.257 0 11.82
-186.101 -1610.34 394.322 0 11.8818
-185.813 -1608.97 394.388 0 11.8672
-185.525 -1607.6 394.452 0 11.8546
-185.237 -1606.23 394.516 0 11.4013
-184.95 -1604.81 394.581 0 11.1345
-184.68 -1603.43 394.649 0 11.155
-184.41 -1602.06 394.714 0 11.438
-184.132 -1600.69 394.777 0 11.4413
-183.853 -1599.31 394.839 0 11.4624
-183.575 -1597.94 394.899 0 11.4624
-183.296 -1596.56 394.959 0 11.458
-183.017 -1595.19 395.017 0 11.4575
-182.739 -1593.81 395.076 0 11.5314
-182.463 -1592.46 395.134 0 11.5191
-182.188 -1591.11 395.193 0 11.4971
-181.914 -1589.77 395.252 0 11.4559
-181.64 -1588.42 395.313 0 11.4507
-181.367 -1587.07 395.375 0 11.3634
-181.096 -1585.72 395.441 0 11.2174
-180.837 -1584.41 395.504 0 11.1304
-180.581 -1583.11 395.572 0 11.0957
-180.325 -1581.8 395.642 0 11.0454
-180.07 -1580.5 395.715 0 10.9448
-179.818 -1579.2 395.793 0 10.9448
-179.566 -1577.89 395.871 0 10.6519
-179.329 -1576.63 395.956 0 10.6425
-179.091 -1575.37 396.041 0 10.3086
-178.858 -1574.09 396.097 0 10.2181
-178.63 -1572.82 396.152 0 10.2181
-178.402 -1571.55 396.206 0 10.2181
-178.173 -1570.29 396.261 0 10.2362
-177.951 -1569.06 396.314 0 10.0658
-177.733 -1567.83 396.368 0 10.0658
-177.514 -1566.6 396.422 0 10.0658
-177.296 -1565.37 396.477 0 10.0658
-177.078 -1564.14 396.531 0 10.0065
-176.86 -1562.9 396.585 0 9.90478
-176.647 -1561.68 396.64 0 9.90478
-176.434 -1560.46 396.694 0 9.90478
-176.221 -1559.24 396.749 0 9.90478
-176.008 -1558.02 396.803 0 9.82198
-175.797 -1556.8 396.858 0 9.7081
-175.588 -1555.58 396.912 0 9.71054
-175.379 -1554.36 396.967 0 9.71054
-175.169 -1553.14 397.022 0 9.71054
-174.96 -1551.91 397.076 0 9.60381
-174.753 -1550.69 397.13 0 9.5146
-174.548 -1549.47 397.184 0 9.5146
-174.343 -1548.24 397.238 0 9.51437
-174.137 -1547.01 397.292 0 9.51437
-173.931 -1545.79 397.346 0 9.38223
-173.729 -1544.56 397.399 0 9.31918
-173.527 -1543.33 397.452 0 9.31918
-173.326 -1542.1 397.505 0 9.31918
-173.124 -1540.88 397.557 0 9.31911
-172.923 -1539.65 397.61 0 9.16022
-172.724 -1538.42 397.661 0 9.12466
-172.527 -1537.19 397.712 0 9.12466
-172.329 -1535.96 397.762 0 9.12466
-172.132 -1534.73 397.813 0 9.12466
-171.934 -1533.5 397.864 0 8.94137
-171.741 -1532.27 397.911 0 8.93368
-171.548 -1531.04 397.959 0 8.93368
-171.355 -1529.82 398.007 0 8.93368
-171.162 -1528.59 398.055 0 8.91543
-170.969 -1527.36 398.102 0 8.74073
-170.78 -1526.13 398.146 0 8.74087
-170.592 -1524.9 398.191 0 8.74087
-170.403 -1523.68 398.235 0 8.74087
-170.215 -1522.45 398.279 0 8.69802
-170.027 -1521.22 398.322 0 8.54869
-169.842 -1520 398.362 0 8.54869
-169.658 -1518.77 398.403 0 8.57655
-169.472 -1517.54 398.443 0 8.57655
-169.286 -1516.31 398.483 0 8.01714
-169.11 -1515.05 398.53 0 7.78881
-168.941 -1513.82 398.578 0 7.78881
-168.772 -1512.58 398.627 0 7.78881
-168.603 -1511.35 398.675 0 7.65361
-168.435 -1510.1 398.724 0 7.65361
-168.267 -1508.85 398.773 0 7.65361
-168.099 -1507.6 398.822 0 7.65361
-167.931 -1506.34 398.871 0 7.65361
-167.763 -1505.09 398.92 0 7.65361
-167.594 -1503.84 398.969 0 7.57878
-167.427 -1502.58 399.019 0 7.57878
-167.259 -1501.32 399.068 0 7.57878
-167.091 -1500.06 399.117 0 7.57878
-166.923 -1498.79 399.167 0 7.57878
-166.755 -1497.53 399.216 0 7.57878
-166.587 -1496.27 399.266 0 7.49734
-166.42 -1495 399.315 0 6.98398
-166.264 -1493.73 399.363 0 6.72445
-166.114 -1492.46 399.41 0 6.72445
-165.964 -1491.18 399.457 0 6.72445
-165.814 -1489.91 399.504 0 6.72445
-165.664 -1488.64 399.551 0 6.70114
-165.51 -1487.32 399.599 0 6.70114
-165.355 -1486.01 399.647 0 6.70114
-165.201 -1484.7 399.696 0 6.70113
-165.047 -1483.38 399.744 0 6.70113
-164.892 -1482.07 399.793 0 6.70113
-164.738 -1480.76 399.841 0 6.84261
-164.575 -1479.4 399.891 0 6.84261
-164.412 -1478.04 399.941 0 6.84261
-164.25 -1476.69 399.991 0 6.84261
-164.087 -1475.33 400.041 0 6.84261
-163.924 -1473.97 400.091 0 6.5556
-163.768 -1472.62 400.14 0 6.14313
-163.617 -1471.21 400.188 0 6.14313
-163.466 -1469.81 400.237 0 6.14313
-163.315 -1468.4 400.285 0 6.14313
-163.163 -1467 400.334 0 6.14313
-163.012 -1465.6 400.382 0 6.14313
-162.861 -1464.19 400.43 0 6.05691
-162.708 -1462.75 400.48 0 6.05691
-162.555 -1461.31 400.53 0 6.05691
-162.402 -1459.86 400.58 0 6.05691
-162.249 -1458.42 400.63 0 6.05691
-162.096 -1456.98 400.679 0 6.05691
-161.943 -1455.54 400.729 0 6.06135
-161.789 -1454.09 400.779 0 6.06135
-161.636 -1452.65 400.829 0 5.83124
-161.489 -1451.2 400.878 0 5.26953
-161.355 -1449.76 400.924 0 5.26953
-161.222 -1448.31 400.971 0 5.26953
-161.088 -1446.86 401.018 0 5.22879
-160.955 -1445.41 401.065 0 5.22879
-160.821 -1443.95 401.112 0 5.22879
-160.688 -1442.49 401.159 0 5.22879
-160.554 -1441.03 401.206 0 5.22879
-160.421 -1439.57 401.253 0 5.22879
-160.287 -1438.11 401.3 0 5.30296
-160.15 -1436.63 401.348 0 5.30296
-160.012 -1435.15 401.395 0 5.30296
-159.875 -1433.67 401.443 0 5.30296
-159.738 -1432.19 401.491 0 5.30296
-159.6 -1430.71 401.538 0 4.8382
-159.475 -1429.23 401.584 450148 4.46643
-159.358 -1427.73 401.629 450148 4.46643
-159.241 -1426.23 401.674 450148 4.46643
-159.124 -1424.74 401.719 450148 4.46643
-159.007 -1423.24 401.764 450148 4.46643
-158.89 -1421.74 401.809 450148 4.46643
-158.773 -1420.24 401.853 450148 4.4624
-158.656 -1418.74 401.898 450148 4.4624
-158.538 -1417.23 401.944 450148 4.4624
-158.421 -1415.73 401.989 450148 4.4624
-158.304 -1414.23 402.034 450148 4.4624
-158.186 -1412.73 402.079 450148 4.4624
-158.069 -1411.22 402.124 450148 4.46862
-157.952 -1409.72 402.169 450148 4.31033
-157.839 -1408.22 402.213 450148 3.65922
-157.743 -1406.72 402.255 450148 3.65922
-157.647 -1405.22 402.296 450148 3.65922
-157.551 -1403.72 402.338 450148 3.65922
-157.455 -1402.21 402.38 450148 3.6549
-157.359 -1400.72 402.421 450148 3.6549
-157.263 -1399.22 402.463 450148 3.6549
-157.167 -1397.72 402.504 450148 3.6549
-157.072 -1396.22 402.546 450148 3.6549
-156.976 -1394.72 402.587 450148 3.6549
-156.88 -1393.22 402.629 450148 3.65704
-156.784 -1391.72 402.671 450148 3.65704
-156.688 -1390.22 402.712 450148 3.65704
-156.592 -1388.72 402.754 450148 3.65704
-156.497 -1387.22 402.795 450148 3.01295
-156.417 -1385.72 402.834 450148 2.83939
-156.343 -1384.22 402.873 450148 2.83728
-156.269 -1382.71 402.911 450148 2.83728
-156.194 -1381.21 402.949 450148 2.83728
-156.12 -1379.71 402.988 450148 2.83728
-156.045 -1378.21 403.026 450148 2.83728
-155.971 -1376.71 403.064 450148 2.83728
-155.897 -1375.21 403.103 450148 2.83939
-155.822 -1373.71 403.141 450148 2.83939
-155.748 -1372.21 403.179 450148 2.83939
-155.673 -1370.7 403.218 450148 2.83939
-155.599 -1369.2 403.256 450148 2.83939
-155.524 -1367.7 403.294 450148 2.83939
-155.45 -1366.2 403.333 450148 2.53799
-155.383 -1364.7 403.37 450148 2.01177
-155.331 -1363.2 403.405 450148 2.01177
-155.278 -1361.69 403.44 450148 2.01177
-155.225 -1360.19 403.475 450148 2.01177
-155.172 -1358.69 403.51 450148 2.01177
-155.119 -1357.19 403.545 450148 2.01389
-155.067 -1355.68 403.58 450148 2.01389
-155.014 -1354.18 403.615 450148 2.01389
-154.961 -1352.68 403.65 450148 2.01389
-154.908 -1351.18 403.685 450148 2.01389
-154.855 -1349.68 403.72 450148 2.01389
-154.802 -1348.17 403.756 450148 2.01388
-154.75 -1346.67 403.791 450148 2.01388
-154.697 -1345.17 403.826 450148 2.01388
-154.644 -1343.67 403.861 450148 1.24914
-154.611 -1342.17 403.893 450148 1.18093
-154.58 -1340.66 403.925 450148 1.18093
-154.549 -1339.16 403.957 450148 1.18095
-154.518 -1337.66 403.988 450148 1.18095
-154.487 -1336.15 404.02 450148 1.18095
-154.456 -1334.65 404.052 450148 1.18095
-154.425 -1333.15 404.084 450148 1.18094
-154.394 -1331.64 404.116 450148 1.18094
-154.363 -1330.14 404.148 450148 1.17883
-154.332 -1328.64 404.18 450148 1.17883
-154.302 -1327.14 404.211 450148 1.17883
-154.271 -1325.63 404.243 450148 1.17883
-154.24 -1324.13 404.275 450148 1.17883
-154.209 -1322.63 404.307 450148 0.799286
-154.188 -1321.12 404.337 450148 0.340986
-154.179 -1319.62 404.366 450148 0.340986
-154.17 -1318.12 404.395 450148 0.340986
-154.161 -1316.61 404.423 450148 0.340986
-154.152 -1315.11 404.452 450148 0.340986
-154.143 -1313.61 404.481 450148 0.340985
-154.134 -1312.1 404.509 450148 0.338868
-154.125 -1310.6 404.538 450148 0.338868
-154.116 -1309.1 404.567 450148 0.338868
-154.107 -1307.59 404.595 450148 0.338868
-154.099 -1306.09 404.624 450148 0.338867
-154.09 -1304.59 404.653 450148 0.338867
-154.081 -1303.08 404.681 450148 0.340985
-154.072 -1301.58 404.71 450148 0.340984
-154.063 -1300.08 404.739 450148 -0.84863
-154.085 -1298.57 404.76 460148 -0.535047
-154.099 -1297.07 404.784 460148 -0.535047
-154.113 -1295.56 404.808 460148 -0.535047
-154.127 -1294.06 404.832 460148 -0.537164
-154.141 -1292.56 404.856 460148 -0.537165
-154.156 -1291.05 404.879 460148 -0.537165
-154.17 -1289.55 404.903 460148 -0.537165
-154.184 -1288.05 404.927 460148 -0.537165
-154.198 -1286.54 404.951 460148 -0.537165
-154.212 -1285.04 404.975 460148 -0.532931
-154.226 -1283.54 404.999 460148 -0.532931
-154.24 -1282.03 405.023 460148 -0.532931
-154.254 -1280.53 405.046 460148 -0.532931
-154.268 -1279.03 405.07 460148 -0.532931
-154.282 -1277.52 405.094 460148 -0.942902
-154.307 -1276.02 405.117 460148 -1.42797
-154.344 -1274.52 405.139 460148 -1.42797
-154.382 -1273.01 405.16 460148 -1.42797
-154.419 -1271.51 405.182 460148 -1.42797
-154.456 -1270.01 405.203 460148 -1.42797
-154.494 -1268.5 405.225 460148 -1.42797
-154.531 -1267 405.247 460148 -1.42162
-154.569 -1265.5 405.268 460148 -1.42162
-154.606 -1264 405.29 460148 -1.42162
-154.643 -1262.49 405.312 460148 -1.42162
-154.681 -1260.99 405.333 460148 -1.42162
-154.718 -1259.49 405.355 460148 -1.42162
-154.755 -1257.98 405.377 460148 -1.42374
-154.793 -1256.48 405.398 460148 -1.42374
-154.83 -1254.98 405.42 460148 -1.42374
-154.867 -1253.47 405.442 460148 -1.62464
-154.91 -1251.97 405.463 460148 -2.3271
-154.971 -1250.47 405.483 460148 -2.3271
-155.032 -1248.97 405.503 460148 -2.32922
-155.093 -1247.47 405.523 460148 -2.32922
-155.154 -1245.96 405.543 460148 -2.32922
-155.215 -1244.46 405.563 460148 -2.32922
-155.276 -1242.96 405.583 460148 -2.32922
-155.337 -1241.46 405.603 460148 -2.32922
-155.399 -1239.95 405.623 460148 -2.3271
-155.46 -1238.45 405.643 460148 -2.3271
-155.521 -1236.95 405.663 460148 -2.3271
-155.582 -1235.45 405.683 460148 -2.3271
-155.643 -1233.94 405.703 460148 -2.3271
-155.704 -1232.44 405.723 460148 -2.3271
-155.765 -1230.94 405.743 460148 -2.32922
-155.826 -1229.44 405.763 460148 -2.32922
-155.887 -1227.94 405.783 460148 -3.2245
-155.972 -1226.43 405.802 460148 -3.24677
-156.057 -1224.93 405.821 460148 -3.24677
-156.142 -1223.43 405.839 460148 -3.24677
-156.227 -1221.93 405.858 460148 -3.24469
-156.312 -1220.43 405.877 460148 -3.24469
-156.397 -1218.93 405.896 460148 -3.24469
-156.482 -1217.43 405.915 460148 -3.24469
-156.567 -1215.93 405.934 460148 -3.24469
-156.652 -1214.43 405.953 460148 -3.24469
-156.737 -1212.93 405.971 460148 -3.24684
-156.822 -1211.43 405.99 460148 -3.24684
-156.907 -1209.93 406.009 460148 -3.24684
-156.993 -1208.43 406.028 460148 -3.24684
-157.078 -1206.93 406.047 460148 -3.24684
-157.163 -1205.43 406.066 460148 -3.24684
-157.248 -1203.93 406.085 460148 -3.89826
-157.35 -1202.43 406.103 460148 -4.17162
-157.459 -1200.93 406.121 460148 -4.17162
-157.569 -1199.43 406.14 460148 -4.17162
-157.678 -1197.94 406.158 460148 -4.17162
-157.788 -1196.44 406.176 460148 -4.17162
-157.897 -1194.94 406.194 460148 -4.17978
-158.007 -1193.43 406.213 460148 -4.17978
-158.117 -1191.92 406.231 460148 -4.17978
-158.227 -1190.41 406.249 460148 -4.17978
-158.337 -1188.91 406.268 460148 -4.17978
-158.448 -1187.4 406.286 460148 -4.17978
-158.558 -1185.89 406.304 460148 -4.22082
-158.67 -1184.37 406.323 460148 -4.22082
-158.783 -1182.85 406.342 460148 -4.22082
-158.895 -1181.32 406.36 460148 -4.22082
-159.007 -1179.8 406.379 460148 -4.72384
-159.133 -1178.28 406.397 460148 -5.16511
-159.27 -1176.76 406.416 460148 -5.14953
-159.409 -1175.22 406.434 460148 -5.14953
-159.548 -1173.68 406.453 460148 -5.14953
-159.686 -1172.15 406.472 460148 -5.14953
-159.825 -1170.61 406.49 460148 -5.14953
-159.963 -1169.07 406.509 460148 -5.14953
-160.102 -1167.53 406.528 460148 -5.20427
-160.243 -1165.99 406.547 460148 -5.20427
-160.384 -1164.44 406.565 460148 -5.20427
-160.525 -1162.89 406.584 460148 -5.20427
-160.666 -1161.34 406.603 460148 -5.20427
-160.807 -1159.8 406.622 460148 -5.20427
-160.948 -1158.25 406.641 460148 -5.25523
-161.09 -1156.7 406.66 460148 -5.25524
-161.233 -1155.15 406.678 460148 -5.92782
-161.393 -1153.6 406.698 460148 -6.21198
-161.562 -1152.06 406.717 460148 -6.21198
-161.73 -1150.51 406.736 460148 -6.21199
-161.898 -1148.96 406.755 460148 -6.22649
-162.067 -1147.42 406.775 460148 -6.22649
-162.235 -1145.87 406.794 460148 -6.22649
-162.404 -1144.33 406.813 460148 -6.22649
-162.573 -1142.78 406.833 460148 -6.22649
-162.741 -1141.24 406.852 460148 -6.22649
-162.91 -1139.69 406.871 460148 -6.20377
-163.078 -1138.14 406.89 460148 -6.20377
-163.246 -1136.6 406.91 460148 -6.20377
-163.414 -1135.05 406.929 460148 -6.20378
-163.582 -1133.5 406.948 460148 -6.20378
-163.751 -1131.96 406.968 460148 -6.20378
-163.919 -1130.41 406.987 460148 -7.06077
-164.11 -1128.87 407.007 460148 -7.13148
-164.303 -1127.32 407.028 460148 -7.13148
-164.496 -1125.78 407.048 460148 -7.13148
-164.689 -1124.24 407.068 460148 -7.13149
-164.882 -1122.69 407.089 460148 -7.13149
-165.075 -1121.15 407.109 460148 -7.12437
-165.267 -1119.62 407.129 460148 -7.12437
-165.458 -1118.09 407.149 460148 -7.12437
-165.65 -1116.55 407.169 460148 -7.12437
-165.841 -1115.02 407.189 460148 -7.12437
-166.033 -1113.49 407.21 460148 -7.12437
-166.224 -1111.96 407.23 460148 -7.16802
-166.414 -1110.45 407.25 460148 -7.16803
-166.604 -1108.94 407.27 460148 -7.16803
-166.794 -1107.43 407.289 460148 -7.16803
-166.984 -1105.92 407.309 460148 -8.1395
-167.2 -1104.41 407.331 460148 -8.14768
-167.415 -1102.9 407.352 460148 -8.16661
-167.629 -1101.41 407.373 460148 -8.16661
-167.843 -1099.92 407.395 460148 -8.16661
-168.057 -1098.43 407.416 460148 -8.16661
-168.271 -1096.94 407.437 460148 -8.16661
-168.485 -1095.45 407.458 460148 -8.16661
-168.699 -1093.96 407.479 0 -8.17171
-168.912 -1092.47 407.5 0 -8.17171
-169.126 -1090.99 407.521 0 -8.17171
-169.339 -1089.5 407.542 0 -8.17171
-169.552 -1088.02 407.564 0 -8.17172
-169.765 -1086.53 407.585 0 -8.17172
-169.978 -1085.05 407.606 460148 -8.16517
-170.192 -1083.56 407.627 460148 -8.16518
-170.405 -1082.08 407.648 460148 -8.7826
-170.634 -1080.59 407.67 460148 -9.15519
-170.873 -1079.11 407.693 460148 -9.1552
-171.112 -1077.63 407.717 460148 -9.1552
-171.35 -1076.15 407.74 460148 -9.15926
-171.59 -1074.66 407.763 460148 -9.15926
-171.829 -1073.18 407.786 460148 -9.15926
-172.068 -1071.7 407.809 460148 -9.15926
-172.307 -1070.21 407.832 460148 -9.15926
-172.546 -1068.73 407.855 460148 -9.15927
-172.785 -1067.25 407.878 0 -9.15755
-173.024 -1065.77 407.902 0 -9.15755
-173.263 -1064.29 407.925 0 -9.15755
-173.501 -1062.81 407.948 0 -9.15756
-173.74 -1061.33 407.971 0 -9.15756
-173.978 -1059.85 407.994 0 -9.15756
-174.217 -1058.37 408.017 0 -6.71851
-174.383 -1056.96 408.025 470148 -7.4232
-174.577 -1055.47 408.066 470148 -8.00324
-174.786 -1053.98 408.104 470148 -10.8261
-175.085 -1052.42 408.115 0 -10.408
-175.356 -1050.94 408.132 0 -10.408
-175.626 -1049.47 408.149 480148 -10.0511
-175.889 -1047.99 408.166 480148 -10.0511
-176.151 -1046.51 408.182 480148 -10.0511
-176.414 -1045.03 408.199 480148 -10.0511
-176.676 -1043.55 408.216 480148 -10.0511
-176.939 -1042.07 408.233 480148 -10.2267
-177.206 -1040.59 408.25 480148 -10.0025
-177.468 -1039.1 408.267 480148 -10.0025
-177.731 -1037.61 408.285 480148 -10.0025
-177.994 -1036.12 408.302 480148 -10.0025
-178.257 -1034.63 408.319 480148 -10.0025
-178.519 -1033.14 408.336 480148 -10.0025
-178.782 -1031.65 408.353 480148 -9.8315
-179.041 -1030.16 408.371 480148 -9.87982
-179.301 -1028.66 408.388 480148 -10.0484
-179.566 -1027.17 408.405 480148 -10.0484
-179.831 -1025.67 408.423 480148 -10.0484
-180.096 -1024.18 408.44 480148 -10.0484
-180.36 -1022.68 408.458 480148 -10.28
-180.63 -1021.2 408.475 480148 -10.28
-180.899 -1019.71 408.492 480148 -10.28
-181.169 -1018.23 408.51 480148 -10.28
-181.439 -1016.74 408.527 480148 -10.4175
-181.712 -1015.25 408.545 480148 -10.4618
-181.986 -1013.77 408.562 0 -10.7845
-182.266 -1012.3 408.58 0 -10.7845
-182.546 -1010.83 408.597 0 -10.7845
-182.826 -1009.36 408.615 0 -10.7845
-183.106 -1007.89 408.632 0 -10.7845
-183.387 -1006.42 408.649 0 -10.7845
-183.667 -1004.95 408.667 0 -10.9224
-183.947 -1003.49 408.684 0 -11.0393
-184.23 -1002.04 408.702 0 -11.0393
-184.513 -1000.59 408.719 0 -11.0393
-184.796 -999.142 408.737 0 -11.0393
-185.079 -997.691 408.754 0 -11.0393
-185.362 -996.241 408.772 0 -10.9168
-185.639 -994.804 408.789 0 -10.9168
-185.916 -993.368 408.807 0 -10.9168
-186.193 -991.931 408.824 0 -10.9724
-186.471 -990.495 408.841 0 -11.0283
-186.751 -989.059 408.859 0 -11.0283
-187.031 -987.623 408.877 0 -11.0087
-187.311 -986.183 408.895 0 -11.0087
-187.592 -984.742 408.912 0 -11.0087
-187.872 -983.301 408.93 0 -11.0087
-188.152 -981.86 408.948 0 -11.0087
-188.433 -980.419 408.966 0 -11.0087
-188.713 -978.978 408.983 0 -10.9821
-188.998 -977.509 409.002 0 -10.9997
-189.284 -976.04 409.02 0 -10.9997
-189.569 -974.571 409.039 0 -10.9997
-189.855 -973.102 409.057 0 -10.9997
-190.14 -971.632 409.076 0 -10.9997
-190.426 -970.163 409.094 480148 -10.838
-190.715 -968.655 409.113 480148 -10.838
-191.003 -967.147 409.132 480148 -10.8496
-191.292 -965.639 409.151 480148 -10.8791
-191.582 -964.131 409.171 480148 -10.8791
-191.872 -962.623 409.19 480148 -10.8791
-192.162 -961.115 409.21 480148 -10.867
-192.454 -959.592 409.229 480148 -10.867
-192.746 -958.069 409.249 480148 -10.867
-193.039 -956.547 409.269 480148 -10.8671
-193.331 -955.024 409.288 480148 -10.8671
-193.623 -953.501 409.308 480148 -10.873
-193.916 -951.978 409.328 480148 -10.894
-194.207 -950.466 409.348 480148 -10.894
-194.498 -948.954 409.368 480148 -10.894
-194.789 -947.443 409.388 480148 -10.894
-195.08 -945.931 409.408 480148 -10.894
-195.371 -944.419 409.428 480148 -10.894
-195.662 -942.907 409.448 480148 -10.8737
-195.95 -941.405 409.468 480148 -10.8539
-196.238 -939.903 409.488 480148 -10.8446
-196.526 -938.4 409.509 480148 -10.8446
-196.814 -936.898 409.529 480148 -10.8446
-197.102 -935.396 409.55 480148 -10.8446
-197.39 -933.893 409.57 480148 -10.8077
-197.677 -932.388 409.591 480148 -10.8077
-197.964 -930.882 409.611 480148 -10.8077
-198.252 -929.376 409.632 480148 -10.783
-198.538 -927.872 409.656 490148 -10.7579
-198.824 -926.367 409.683 490148 -10.7579
-199.11 -924.862 409.709 490148 -10.761
-199.399 -923.34 409.736 490148 -10.761
-199.689 -921.819 409.763 490148 -10.761
-199.978 -920.297 409.79 490148 -10.761
-200.267 -918.776 409.817 490148 -10.761
-200.556 -917.254 409.843 490148 -10.761
-200.845 -915.733 409.87 490148 -10.7439
-201.135 -914.204 409.897 490148 -10.7439
-201.426 -912.675 409.924 490148 -10.7473
-201.716 -911.146 409.952 490148 -10.7584
-202.006 -909.617 409.984 490148 -10.7584
-202.297 -908.089 410.015 490148 -10.7584
-202.587 -906.56 410.047 490148 -10.7749
-202.876 -905.042 410.078 490148 -10.7749
-203.165 -903.523 410.109 490148 -10.7749
-203.454 -902.005 410.14 490148 -10.7749
-203.743 -900.486 410.172 490148 -10.7749
-204.032 -898.968 410.203 490148 -10.7749
-204.321 -897.449 410.234 490148 -10.8756
-204.609 -895.95 410.265 490148 -10.8756
-204.897 -894.451 410.296 490148 -10.8857
-205.185 -892.953 410.331 490148 -10.8884
-205.473 -891.454 410.366 490148 -10.8884
-205.762 -889.955 410.402 490148 -10.8884
-206.05 -888.456 410.437 490148 -11.0232
-206.337 -886.982 410.472 490148 -11.0232
-206.624 -885.508 410.507 490148 -11.0232
-206.911 -884.035 410.542 490148 -11.0232
-207.199 -882.561 410.577 490148 -11.0232
-207.486 -881.087 410.612 490148 -11.0232
-207.773 -879.613 410.647 0 -11.132
-208.059 -878.158 410.682 0 -11.1327
-208.345 -876.703 410.717 0 -11.1432
-208.632 -875.248 410.756 0 -11.1432
-208.919 -873.793 410.795 0 -11.1432
-209.205 -872.338 410.834 0 -11.1432
-209.492 -870.883 410.873 0 -11.1607
-209.777 -869.435 410.912 0 -11.1607
-210.063 -867.988 410.952 0 -11.1607
-210.349 -866.54 410.991 0 -11.1607
-210.634 -865.092 411.03 0 -11.1607
-210.92 -863.644 411.069 0 -11.1607
-211.206 -862.196 411.108 0 -11.1392
-211.491 -860.748 411.147 0 -11.1401
-211.776 -859.3 411.186 0 -11.1487
-212.061 -857.852 411.23 0 -11.1487
-212.347 -856.404 411.274 0 -11.1487
-212.632 -854.956 411.318 0 -11.1487
-212.917 -853.509 411.362 0 -11.1509
-213.202 -852.062 411.406 0 -11.1509
-213.487 -850.616 411.449 0 -11.1509
-213.772 -849.17 411.493 0 -11.1509
-214.058 -847.724 411.537 0 -11.1509
-214.343 -846.278 411.581 0 -11.1509
-214.628 -844.831 411.625 0 -11.1638
-214.913 -843.385 411.669 0 -11.1648
-215.199 -841.939 411.713 0 -11.1717
-215.484 -840.492 411.762 0 -11.1717
-215.77 -839.046 411.811 0 -11.1717
-216.055 -837.6 411.859 0 -11.1717
-216.341 -836.154 411.908 0 -11.1647
-216.629 -834.696 411.957 0 -11.1647
-216.916 -833.238 412.007 0 -11.1647
-217.204 -831.78 412.056 0 -11.1647
-217.492 -830.323 412.105 0 -11.1647
-217.78 -828.865 412.154 0 -11.1647
-218.067 -827.407 412.204 490148 -11.1005
-218.359 -825.921 412.254 490148 -11.1019
-218.651 -824.435 412.305 490148 -11.1067
-218.942 -822.949 412.361 490148 -11.1067
-219.234 -821.463 412.416 490148 -11.1067
-219.526 -819.977 412.472 490148 -11.1067
-219.817 -818.491 412.527 490148 -10.9674
-220.113 -816.966 412.584 490148 -10.9674
-220.408 -815.442 412.641 490148 -10.9674
-220.704 -813.917 412.698 490148 -10.9674
-220.999 -812.393 412.755 490148 -10.9674
-221.295 -810.868 412.812 490148 -10.9674
-221.59 -809.343 412.868 490148 -10.9116
-221.889 -807.79 412.926 490148 -10.915
-222.189 -806.238 412.989 490148 -10.9161
-222.488 -804.685 413.052 490148 -10.9161
-222.788 -803.132 413.116 490148 -10.9161
-223.087 -801.579 413.18 490148 -10.9161
-223.387 -800.026 413.243 490148 -10.8855
-223.688 -798.462 413.307 490148 -10.8855
-223.988 -796.898 413.372 490148 -10.8855
-224.289 -795.333 413.436 490148 -10.8855
-224.59 -793.769 413.5 490148 -10.8855
-224.891 -792.204 413.564 490148 -10.8855
-225.192 -790.64 413.628 490148 -10.8934
-225.493 -789.075 413.696 490148 -10.8944
-225.794 -787.51 413.766 490148 -10.8944
-226.095 -785.946 413.836 490148 -10.8944
-226.397 -784.381 413.907 490148 -10.8944
-226.698 -782.816 413.977 490148 -10.8944
-226.999 -781.251 414.047 490148 -10.9022
-227.3 -779.688 414.117 490148 -10.9022
-227.601 -778.125 414.187 490148 -10.9022
-227.902 -776.561 414.257 490148 -10.9022
-228.203 -774.998 414.327 490148 -10.9022
-228.504 -773.434 414.397 490148 -10.9028
-228.806 -771.871 414.47 490148 -10.9234
-229.107 -770.308 414.547 490148 -10.9234
-229.409 -768.745 414.623 490148 -10.9234
-229.711 -767.182 414.699 490148 -10.9234
-230.012 -765.619 414.775 490148 -10.9234
-230.314 -764.056 414.851 490148 -10.9234
-230.615 -762.493 414.928 490148 -10.9413
-230.918 -760.931 415.004 490148 -10.9413
-231.22 -759.368 415.08 490148 -10.9413
-231.522 -757.805 415.156 490148 -10.9413
-231.824 -756.243 415.232 490148 -11.0308
-232.13 -754.672 415.306 500148 -11.0592
-232.435 -753.112 415.381 500148 -11.0529
-232.739 -751.554 415.456 500148 -11.0529
-233.043 -749.997 415.531 500148 -11.0529
-233.348 -748.44 415.606 500148 -11.0529
-233.652 -746.882 415.681 500148 -11.0529
-233.956 -745.325 415.756 500148 -11.0529
-234.26 -743.768 415.831 500148 -11.0528
-234.564 -742.211 415.905 500148 -11.0528
-234.868 -740.654 415.98 500148 -11.0528
-235.172 -739.098 416.055 500148 -11.0528
-235.477 -737.541 416.13 500148 -11.049
-235.78 -735.984 416.205 500148 -10.9554
-236.082 -734.427 416.283 500148 -10.9577
-236.384 -732.868 416.361 500148 -10.9577
-236.686 -731.309 416.44 500148 -10.9577
-236.987 -729.75 416.518 500148 -10.9577
-237.289 -728.191 416.596 500148 -10.9577
-237.591 -726.633 416.675 500148 -10.9577
-237.893 -725.074 416.753 500148 -10.9457
-238.194 -723.514 416.831 500148 -10.9457
-238.496 -721.955 416.91 500148 -10.9457
-238.798 -720.396 416.988 500148 -10.9457
-239.099 -718.836 417.066 500148 -10.9457
-239.401 -717.277 417.145 500148 -10.893
-239.701 -715.717 417.224 500148 -10.8006
-239.998 -714.161 417.304 500148 -10.8006
-240.295 -712.605 417.385 500148 -10.8006
-240.592 -711.048 417.465 500148 -10.8006
-240.888 -709.492 417.545 500148 -10.8006
-241.185 -707.936 417.626 500148 -10.8006
-241.482 -706.379 417.706 500148 -10.8519
-241.778 -704.834 417.786 500148 -10.8519
-242.075 -703.289 417.866 500148 -10.8519
-242.371 -701.744 417.946 500148 -10.8519
-242.667 -700.199 418.025 500148 -10.8519
-242.963 -698.654 418.105 500148 -10.8519
-243.259 -697.109 418.185 500148 -10.7954
-243.551 -695.578 418.265 500148 -10.7041
-243.841 -694.046 418.345 500148 -10.7041
-244.131 -692.514 418.425 500148 -10.7041
-244.42 -690.982 418.505 500148 -10.7041
-244.71 -689.45 418.585 500148 -10.7041
-244.999 -687.918 418.665 500148 -10.7571
-245.288 -686.397 418.744 500148 -10.7571
-245.577 -684.876 418.824 500148 -10.7571
-245.866 -683.355 418.903 500148 -10.7571
-246.155 -681.834 418.983 500148 -10.7571
-246.444 -680.313 419.062 500148 -10.7571
-246.733 -678.792 419.142 500148 -10.7694
-247.022 -677.275 419.221 500148 -10.6109
-247.306 -675.758 419.3 500148 -10.5001
-247.587 -674.239 419.379 500148 -10.5001
-247.869 -672.721 419.458 500148 -10.5001
-248.15 -671.203 419.538 500148 -10.5001
-248.431 -669.684 419.617 500148 -10.4857
-248.713 -668.165 419.696 500148 -10.4857
-248.994 -666.646 419.775 500148 -10.4857
-249.275 -665.127 419.854 500148 -10.4857
-249.556 -663.608 419.933 500148 -10.4857
-249.837 -662.089 420.012 500148 -10.4857
-250.118 -660.57 420.091 500148 -10.4878
-250.4 -659.05 420.17 500148 -10.4878
-250.681 -657.53 420.249 500148 -10.309
-250.958 -656.008 420.328 500148 -10.1612
-251.231 -654.486 420.405 500148 -10.1612
-251.503 -652.964 420.483 500148 -10.1612
-251.776 -651.442 420.561 500148 -10.1592
-252.049 -649.92 420.639 500148 -10.1592
-252.322 -648.398 420.716 500148 -10.1592
-252.594 -646.876 420.794 500148 -10.1592
-252.867 -645.354 420.872 500148 -10.1592
-253.14 -643.833 420.949 500148 -10.1592
-253.413 -642.311 421.027 500148 -10.1633
-253.685 -640.789 421.105 500148 -10.1633
-253.958 -639.267 421.183 500148 -10.1633
-254.231 -637.745 421.26 500148 -9.96333
-254.499 -636.222 421.337 500148 -9.77955
-254.761 -634.698 421.412 500148 -9.77955
-255.024 -633.174 421.487 500148 -9.77749
-255.287 -631.65 421.562 500148 -9.77749
-255.549 -630.126 421.637 500148 -9.77749
-255.812 -628.602 421.712 500148 -9.77749
-256.074 -627.078 421.787 500148 -9.77749
-256.337 -625.554 421.862 500148 -9.77749
-256.6 -624.031 421.937 500148 -9.77749
-256.862 -622.507 422.012 500148 -9.77749
-257.125 -620.983 422.087 500148 -9.77749
-257.387 -619.459 422.162 500148 -9.77749
-257.65 -617.935 422.237 500148 -9.5579
-257.907 -616.41 422.311 500148 -9.3366
-258.158 -614.884 422.382 500148 -9.33454
-258.409 -613.358 422.453 500148 -9.33454
-258.659 -611.832 422.524 500148 -9.33454
-258.91 -610.306 422.596 500148 -9.33454
-259.161 -608.78 422.667 500148 -9.33454
-259.412 -607.254 422.738 500148 -9.33454
-259.663 -605.728 422.809 500148 -9.33865
-259.914 -604.202 422.88 500148 -9.33865
-260.165 -602.675 422.952 500148 -9.33865
-260.416 -601.149 423.023 500148 -9.33865
-260.667 -599.623 423.094 500148 -9.33865
-260.918 -598.097 423.165 500148 -9.10076
-261.162 -596.57 423.234 500148 -8.83662
-261.4 -595.042 423.3 500148 -8.83662
-261.637 -593.513 423.367 500148 -8.83662
-261.875 -591.985 423.433 500148 -8.83662
-262.113 -590.457 423.499 500148 -8.83662
-262.35 -588.928 423.565 500148 -8.83662
-262.588 -587.4 423.631 500148 -8.83869
-262.826 -585.871 423.697 500148 -8.83869
-263.063 -584.342 423.764 500148 -8.83869
-263.301 -582.814 423.83 500148 -8.83869
-263.539 -581.285 423.896 500148 -8.83869
-263.776 -579.756 423.962 500148 -8.83869
-264.014 -578.227 424.028 500148 -8.58108
-264.245 -576.698 424.092 500148 -8.28187
-264.468 -575.167 424.152 500148 -8.28187
-264.691 -573.636 424.212 500148 -8.28187
-264.914 -572.105 424.271 500148 -8.28187
-265.136 -570.574 424.331 500148 -8.28187
-265.359 -569.044 424.391 500148 -8.28599
-265.582 -567.513 424.451 500148 -8.28599
-265.805 -565.982 424.511 500148 -8.28599
-266.028 -564.452 424.571 500148 -8.28599
-266.251 -562.921 424.631 500148 -8.28599
-266.474 -561.391 424.691 500148 -8.28599
-266.697 -559.86 424.751 500148 -8.28187
-266.919 -558.329 424.811 500148 -8.62441
-267.16 -556.744 424.87 510148 -8.59404
-267.391 -555.215 424.929 510148 -8.59404
-267.622 -553.685 424.989 510148 -8.59404
-267.853 -552.156 425.048 510148 -8.59404
-268.084 -550.627 425.107 510148 -8.59611
-268.316 -549.096 425.166 510148 -8.39046
-268.542 -547.565 425.223 510148 -8.23524
-268.763 -546.032 425.279 510148 -8.23524
-268.985 -544.5 425.335 510148 -8.23524
-269.207 -542.968 425.391 510148 -8.23524
-269.429 -541.436 425.447 510148 -8.2373
-269.651 -539.903 425.502 510148 -8.1235
-269.869 -538.37 425.557 510148 -7.92011
-270.083 -536.837 425.609 510148 -7.92011
-270.296 -535.303 425.661 510148 -7.92011
-270.509 -533.769 425.713 510148 -7.92011
-270.723 -532.235 425.766 510148 -7.91596
-270.936 -530.705 425.818 510148 -7.877
-271.147 -529.174 425.869 510148 -7.64251
-271.353 -527.643 425.917 510148 -7.64251
-271.558 -526.112 425.966 510148 -7.64251
-271.764 -524.58 426.014 510148 -7.64251
-271.969 -523.049 426.062 510148 -7.64449
-272.174 -521.526 426.11 510148 -7.64449
-272.378 -520.003 426.158 510148 -7.4373
-272.577 -518.48 426.202 510148 -7.41481
-272.775 -516.956 426.246 510148 -7.41481
-272.974 -515.432 426.29 510148 -7.41481
-273.172 -513.909 426.334 510148 -7.41469
-273.369 -512.397 426.377 510148 -7.41469
-273.565 -510.885 426.421 510148 -7.2999
-273.759 -509.373 426.462 510148 -7.2288
-273.951 -507.86 426.501 510148 -7.2288
-274.143 -506.348 426.54 510148 -7.2288
-274.335 -504.835 426.579 510148 -7.22871
-274.525 -503.331 426.618 510148 -7.22871
-274.716 -501.827 426.657 510148 -7.18829
-274.906 -500.323 426.695 510148 -7.08661
-275.093 -498.818 426.729 510148 -7.08661
-275.28 -497.314 426.764 510148 -7.08661
-275.467 -495.809 426.798 510148 -7.08658
-275.654 -494.308 426.833 510148 -7.08658
-275.84 -492.807 426.867 510148 -7.08658
-276.027 -491.306 426.901 510148 -6.99607
-276.211 -489.805 426.932 510148 -6.98828
-276.395 -488.304 426.961 510148 -6.98828
-276.579 -486.802 426.991 510148 -6.98828
-276.763 -485.301 427.02 510148 -6.98828
-276.947 -483.799 427.05 510148 -6.98828
-277.131 -482.297 427.08 510148 -6.95846
-277.315 -480.796 427.107 510148 -6.93379
-277.497 -479.294 427.131 510148 -6.93379
-277.68 -477.792 427.156 510148 -6.9338
-277.863 -476.288 427.181 510148 -6.9338
-278.046 -474.785 427.205 510148 -6.9338
-278.228 -473.282 427.23 510148 -6.93193
-278.411 -471.779 427.254 510148 -6.92311
-278.594 -470.275 427.273 510148 -6.92311
-278.776 -468.772 427.293 510148 -6.9231
-278.959 -467.27 427.312 510148 -6.9231
-279.141 -465.768 427.332 510148 -6.9231
-279.323 -464.267 427.351 510148 -6.9231
-279.506 -462.765 427.371 0 -6.03381
-279.658 -461.319 427.427 520148 -6.16644
-279.821 -459.815 427.477 520148 -6.21299
-279.985 -458.307 427.512 520148 -6.21299
-280.149 -456.798 427.548 520148 -6.23275
-280.314 -455.29 427.572 520148 -6.23445
-280.479 -453.781 427.596 520148 -6.23203
-280.644 -452.272 427.612 520148 -6.23147
-280.808 -450.763 427.627 520148 -6.22262
-280.974 -449.247 427.638 520148 -6.21456
-281.139 -447.732 427.647 520148 -6.18293
-281.303 -446.216 427.655 520148 -6.16272
-281.467 -444.7 427.661 520148 -6.12336
-281.629 -443.183 427.668 520148 -6.08646
-281.791 -441.667 427.675 520148 -6.03131
-281.951 -440.153 427.684 520148 -5.97322
-282.11 -438.638 427.695 520148 -5.93192
-282.267 -437.123 427.707 520148 -5.8481
-282.422 -435.608 427.725 520148 -5.8124
-282.576 -434.092 427.745 520148 -5.69855
-282.728 -432.577 427.772 520148 -5.72103
-282.879 -431.061 427.782 530148 -5.74536
-283.031 -429.556 427.775 530148 -5.74826
-283.182 -428.052 427.772 530148 -5.75359
-283.334 -426.547 427.775 530148 -5.75115
-283.486 -425.042 427.78 530148 -5.74326
-283.637 -423.537 427.791 0 -5.71605
-283.786 -422.047 427.802 0 -5.69041
-283.934 -420.557 427.817 0 -5.69041
-284.083 -419.068 427.833 0 -5.64399
-284.23 -417.577 427.851 0 -5.64296
-284.377 -416.087 427.869 0 -5.58719
-284.523 -414.597 427.888 0 -5.59797
-284.669 -413.113 427.907 0 -5.53814
-284.813 -411.629 427.924 0 -5.5134
-284.956 -410.144 427.941 0 -5.45481
-285.098 -408.66 427.956 0 -5.41028
-285.238 -407.175 427.969 0 -5.35795
-285.377 -405.69 427.979 0 -5.3505
-285.517 -404.202 427.986 0 -5.30883
-285.655 -402.714 427.99 0 -5.21029
-285.791 -401.225 427.988 530148 -5.29726
-285.931 -399.714 427.989 0 -5.34104
-286.07 -398.224 427.99 0 -5.30237
-286.209 -396.733 427.99 0 -5.17672
-286.344 -395.24 427.991 0 -5.17672
-286.479 -393.747 427.991 0 -5.04581
-286.611 -392.253 427.99 0 -5.03388
-286.743 -390.76 427.989 0 -4.97272
-286.873 -389.266 427.988 0 -4.93588
-287.002 -387.772 427.986 540148 -4.90564
-287.13 -386.277 427.983 540148 -4.86996
-287.257 -384.783 427.98 540148 -4.8697
-287.385 -383.288 427.976 540148 -4.86162
-287.512 -381.793 427.972 540148 -4.86162
-287.639 -380.298 427.967 540148 -4.8883
-287.767 -378.803 427.961 0 -4.89812
-287.895 -377.309 427.954 0 -4.93282
-288.024 -375.814 427.946 0 -4.97944
-288.154 -374.32 427.938 0 -4.99443
-288.285 -372.827 427.929 0 -5.1056
-288.418 -371.333 427.918 0 -5.1056
-288.551 -369.839 427.907 0 -5.2437
-288.689 -368.346 427.895 0 -5.27659
-288.826 -366.852 427.882 0 -5.14443
-288.961 -365.36 427.878 0 -4.84582
-289.087 -363.867 427.871 0 -4.53525
-289.206 -362.374 427.86 0 -4.30414
-289.318 -360.881 427.847 0 -4.15051
-289.427 -359.387 427.831 0 -4.0724
-289.533 -357.893 427.815 0 -4.06789
-289.639 -356.399 427.798 0 -4.13508
-289.747 -354.905 427.783 0 -4.27333
-289.859 -353.411 427.769 0 -4.51863
-289.977 -351.918 427.759 0 -4.82311
-290.103 -350.425 427.753 0 -4.2482
-290.211 -348.971 427.733 0 -4.35271
-290.325 -347.477 427.714 0 -4.35271
-290.438 -345.984 427.696 0 -4.35271
-290.552 -344.491 427.678 0 -4.35271
-290.666 -342.997 427.66 0 -4.34845
-290.779 -341.503 427.641 0 -4.34845
-290.893 -340.008 427.623 0 -4.34845
-291.006 -338.514 427.605 0 -4.34845
-291.12 -337.019 427.586 0 -4.34845
-291.234 -335.525 427.568 0 -4.09247
-291.341 -334.03 427.546 0 -3.99566
-291.445 -332.538 427.523 0 -3.99566
-291.549 -331.046 427.5 0 -3.99566
-291.653 -329.555 427.477 0 -3.99566
-291.757 -328.063 427.454 0 -3.99566
-291.862 -326.571 427.431 0 -3.99566
-291.966 -325.079 427.408 0 -3.99571
-292.07 -323.593 427.385 0 -3.99571
-292.173 -322.107 427.362 0 -3.99571
-292.277 -320.621 427.339 0 -3.88628
-292.378 -319.135 427.315 0 -3.65469
-292.473 -317.648 427.287 0 -3.65469
-292.568 -316.162 427.259 0 -3.6695
-292.664 -314.667 427.231 0 -3.6695
-292.76 -313.172 427.203 0 -3.6695
-292.856 -311.677 427.175 0 -3.6695
-292.952 -310.182 427.147 0 -3.6695
-293.048 -308.687 427.119 0 -3.6695
-293.143 -307.192 427.091 560148 -3.77786
-293.245 -305.651 427.063 560148 -3.77766
-293.347 -304.109 427.034 560148 -3.45166
-293.44 -302.567 427 560148 -3.45081
-293.533 -301.025 426.966 560148 -3.45081
-293.626 -299.483 426.932 560148 -3.4508
-293.719 -297.941 426.898 560148 -3.32678
-293.811 -296.349 426.863 560148 -3.32678
-293.904 -294.757 426.828 560148 -3.32678
-293.997 -293.164 426.793 560148 -3.32678
-294.089 -291.572 426.758 560148 -3.32678
-294.182 -289.98 426.723 560148 -3.28672
-294.273 -288.387 426.687 560148 -3.01331
-294.36 -286.744 426.645 560148 -3.01331
-294.446 -285.101 426.604 560148 -3.01331
-294.533 -283.458 426.562 560148 -3.01331
-294.619 -281.814 426.52 560148 -3.01331
-294.706 -280.171 426.479 560148 -3.01331
-294.792 -278.528 426.437 560148 -2.89854
-294.878 -276.833 426.394 560148 -2.89854
-294.964 -275.138 426.351 560148 -2.89854
-295.05 -273.443 426.308 560148 -2.66611
-295.129 -271.748 426.261 560148 -2.59938
-295.206 -270.053 426.212 560148 -2.59938
-295.282 -268.358 426.163 560148 -2.7062
-295.365 -266.615 426.113 560148 -2.7062
-295.447 -264.873 426.063 560148 -2.7062
-295.53 -263.13 426.013 560148 -2.7062
-295.612 -261.387 425.963 560148 -2.7062
-295.694 -259.645 425.913 560148 -2.7062
-295.777 -257.902 425.863 560148 -2.48374
-295.852 -256.16 425.808 560148 -2.42283
-295.926 -254.418 425.752 560148 -2.42283
-296 -252.675 425.696 560148 -2.42283
-296.073 -250.933 425.639 560148 -2.42283
-296.147 -249.19 425.583 560148 -2.42283
-296.221 -247.448 425.527 560148 -2.40439
-296.293 -245.731 425.472 560148 -2.40439
-296.365 -244.015 425.417 560148 -2.40439
-296.437 -242.298 425.361 560148 -2.18229
-296.503 -240.582 425.301 560148 -2.13314
-296.566 -238.865 425.24 560148 -2.13314
-296.63 -237.148 425.179 560148 -2.16873
-296.694 -235.461 425.119 560148 -2.16873
-296.758 -233.774 425.058 560148 -2.16873
-296.822 -232.086 424.998 560148 -2.16873
-296.886 -230.399 424.938 560148 -2.16873
-296.95 -228.712 424.878 560148 -2.16873
-297.014 -227.024 424.817 560148 -1.98718
-297.072 -225.356 424.754 560148 -1.89644
-297.127 -223.688 424.689 560148 -1.89644
-297.182 -222.02 424.623 560148 -1.89644
-297.237 -220.352 424.558 560148 -1.89644
-297.293 -218.684 424.492 560148 -1.89644
-297.348 -217.016 424.427 560148 -1.89072
-297.403 -215.357 424.362 560148 -1.89072
-297.457 -213.698 424.297 560148 -1.89072
-297.512 -212.039 424.232 560148 -1.81786
-297.565 -210.38 424.165 560148 -1.64735
-297.612 -208.722 424.094 560148 -1.64735
-297.66 -207.063 424.023 560148 -1.64543
-297.708 -205.402 423.952 560148 -1.64543
-297.756 -203.742 423.881 560148 -1.64543
-297.803 -202.081 423.81 560148 -1.64543
-297.851 -200.421 423.739 560148 -1.64543
-297.899 -198.761 423.668 560148 -1.64543
-297.946 -197.1 423.596 560148 -1.64734
-297.994 -195.434 423.525 560148 -2.20942
-298.06 -193.726 423.449 570148 -2.05104
-298.12 -192.058 423.372 570148 -2.05104
-298.18 -190.39 423.296 570148 -2.05104
-298.239 -188.722 423.219 570148 -2.05104
-298.299 -187.054 423.143 570148 -2.04914
-298.359 -185.389 423.066 570148 -2.04914
-298.418 -183.725 422.99 570148 -2.04914
-298.478 -182.061 422.913 570148 -2.04914
-298.537 -180.396 422.837 570148 -2.04458
-298.597 -178.732 422.76 570148 -1.9828
-298.654 -177.067 422.682 570148 -1.95385
-298.711 -175.419 422.605 570148 -1.95385
-298.767 -173.771 422.527 570148 -1.95385
-298.823 -172.123 422.45 570148 -1.95385
-298.879 -170.475 422.372 570148 -1.95385
-298.936 -168.827 422.295 570148 -1.95385
-298.992 -167.179 422.217 570148 -2.01622
-299.049 -165.561 422.141 570148 -2.01622
-299.106 -163.943 422.065 570148 -2.01622
-299.163 -162.325 421.989 570148 -1.98099
-299.219 -160.706 421.912 570148 -1.96365
-299.274 -159.088 421.835 570148 -1.96365
-299.33 -157.47 421.757 570148 -1.93022
-299.383 -155.873 421.681 570148 -1.93022
-299.437 -154.276 421.605 570148 -1.93022
-299.491 -152.679 421.528 570148 -1.93022
-299.545 -151.082 421.452 570148 -1.93022
-299.599 -149.485 421.375 570148 -1.93022
-299.652 -147.887 421.299 570148 -1.93616
-299.707 -146.281 421.222 570148 -1.93474
-299.761 -144.675 421.145 570148 -1.89735
-299.814 -143.068 421.068 570148 -1.89735
-299.868 -141.462 420.99 570148 -1.89735
-299.921 -139.855 420.912 570148 -1.89735
-299.974 -138.249 420.835 570148 -1.82914
-300.026 -136.614 420.756 570148 -1.82914
-300.078 -134.978 420.677 570148 -1.82914
-300.131 -133.343 420.598 570148 -1.82914
-300.183 -131.708 420.519 570148 -1.82914
-300.235 -130.073 420.44 570148 -1.82914
-300.287 -128.438 420.36 570148 -1.84532
-300.341 -126.775 420.28 570148 -1.83381
-300.394 -125.113 420.199 570148 -1.83381
-300.447 -123.451 420.118 570148 -1.83381
-300.5 -121.788 420.038 570148 -1.83381
-300.554 -120.126 419.957 570148 -1.83381
-300.607 -118.463 419.876 570148 -1.83397
-300.66 -116.793 419.795 570148 -1.83397
-300.714 -115.123 419.714 570148 -1.83397
-300.767 -113.452 419.633 570148 -1.83397
-300.821 -111.782 419.552 570148 -1.83057
-300.874 -110.112 419.471 570148 -1.82267
-300.927 -108.441 419.39 570148 -1.82257
-300.98 -106.776 419.309 570148 -1.82257
-301.033 -105.11 419.228 570148 -1.82257
-301.086 -103.445 419.147 570148 -1.82257
-301.139 -101.779 419.067 570148 -1.82257
-301.192 -100.114 418.986 570148 -1.82257
-301.245 -98.4486 418.905 570148 -1.82444
-301.298 -96.7856 418.824 570148 -1.82444
-301.351 -95.1225 418.744 570148 -1.82458
-301.404 -93.4594 418.663 570148 -1.82691
-301.457 -91.7963 418.583 570148 -1.82691
-301.51 -90.1332 418.503 570148 -1.82691
-301.563 -88.4701 418.423 570148 -1.82501
-301.616 -86.8063 418.343 570148 -1.82501
-301.669 -85.1425 418.263 570148 -1.82501
-301.722 -83.4788 418.183 570148 -1.82501
-301.776 -81.815 418.103 570148 -1.82501
-301.829 -80.1512 418.023 570148 -1.82501
-301.882 -78.4874 417.943 570148 -1.82501
-301.935 -76.8237 417.862 570148 -1.83795
-301.988 -75.1599 417.783 570148 -1.84123
-302.041 -73.496 417.704 570148 -1.84123
-302.095 -71.8322 417.625 570148 -1.84123
-302.148 -70.1684 417.546 570148 -1.84123
-302.202 -68.5046 417.467 570148 -1.84314
-302.255 -66.8408 417.388 570148 -1.84314
-302.309 -65.177 417.309 570148 -1.84314
-302.363 -63.5132 417.23 570148 -1.84314
-302.416 -61.8494 417.151 570148 -1.84314
-302.47 -60.1856 417.072 570148 -1.85937
-302.524 -58.5217 416.994 570148 -1.87313
-302.578 -56.8579 416.917 570148 -1.87313
-302.632 -55.194 416.839 570148 -1.87313
-302.687 -53.5302 416.762 570148 -1.87313
-302.741 -51.8663 416.684 570148 -1.87313
-302.796 -50.2025 416.607 570148 -1.87313
-302.85 -48.5386 416.53 570148 -1.87122
-302.904 -46.8748 416.452 570148 -1.87122
-302.959 -45.2109 416.375 570148 -1.87122
-303.013 -43.5471 416.297 570148 -1.88363
-303.068 -41.8832 416.22 570148 -1.91496
-303.124 -40.2193 416.145 570148 -1.91496
-303.179 -38.5554 416.07 570148 -1.91496
-303.235 -36.8915 415.994 570148 -1.91496
-303.29 -35.2276 415.919 570148 -1.91496
-303.346 -33.5637 415.844 570148 -1.91496
-303.402 -31.8998 415.768 570148 -1.91496
-303.457 -30.2358 415.693 570148 -1.91496
-303.513 -28.5719 415.617 570148 -1.91496
-303.569 -26.908 415.542 570148 -1.88871
-303.623 -25.2488 415.467 580148 -1.86069
-303.677 -23.5847 415.392 580148 -1.86069
-303.731 -21.9205 415.317 580148 -1.86069
-303.785 -20.2564 415.243 580148 -1.86069
-303.84 -18.5923 415.168 580148 -1.8626
-303.894 -16.9281 415.094 580148 -1.8626
-303.948 -15.264 415.019 580148 -1.8626
-304.002 -13.5999 414.945 580148 -1.8626
-304.056 -11.9357 414.87 580148 -1.8626
-304.11 -10.2716 414.796 580148 -1.84371
-304.164 -8.6074 414.723 580148 -1.83434
-304.217 -6.94315 414.65 580148 -1.83434
-304.27 -5.2789 414.578 580148 -1.83434
-304.324 -3.61465 414.505 580148 -1.83434
-304.377 -1.9504 414.433 580148 -1.83434
-304.43 -0.286155 414.36 580148 -1.83434
-304.483 1.37809 414.287 580148 -1.83625
-304.537 3.04234 414.215 580148 -1.83625
-304.59 4.70659 414.142 580148 -1.8345
-304.644 6.37084 414.07 580148 -1.81841
-304.696 8.03519 414 580148 -1.81841
-304.749 9.69954 413.929 580148 -1.81841
-304.802 11.3639 413.859 580148 -1.81649
-304.855 13.0282 413.788 580148 -1.81649
-304.908 14.6926 413.718 580148 -1.81649
-304.96 16.3569 413.647 580148 -1.81649
-305.013 18.0213 413.577 580148 -1.81649
-305.066 19.6856 413.506 580148 -1.81649
-305.119 21.35 413.436 580148 -1.81203
-305.171 23.0144 413.366 580148 -1.80716
-305.224 24.6788 413.297 580148 -1.80716
-305.276 26.3433 413.229 580148 -1.80716
-305.329 28.0077 413.16 580148 -1.80716
-305.381 29.6722 413.092 580148 -1.80716
-305.434 31.3366 413.023 580148 -1.80908
-305.487 33.001 412.955 580148 -1.80908
-305.539 34.6655 412.886 580148 -1.80908
-305.592 36.3299 412.818 580148 -1.80908
-305.644 37.9944 412.749 580148 -1.80837
-305.697 39.6589 412.682 580148 -1.80826
-305.749 41.3234 412.615 580148 -1.80634
-305.802 42.9879 412.549 580148 -1.80634
-305.854 44.6524 412.482 580148 -1.80634
-305.907 46.317 412.416 580148 -1.80634
-305.959 47.9815 412.349 580148 -1.80634
-306.012 49.646 412.282 580148 -1.80634
-306.064 51.3105 412.216 580148 -1.80628
-306.117 52.9717 412.149 580148 -1.8081
-306.169 54.6329 412.083 580148 -1.81397
-306.222 56.2942 412.018 580148 -1.81397
-306.274 57.9554 411.954 580148 -1.81397
-306.327 59.6167 411.889 580148 -1.81397
-306.38 61.278 411.825 580148 -1.816
-306.432 62.9455 411.76 580148 -1.816
-306.485 64.6131 411.695 580148 -1.816
-306.538 66.2807 411.63 580148 -1.816
-306.591 67.9483 411.565 580148 -1.816
-306.644 69.6159 411.5 580148 -1.82603
-306.697 71.2835 411.437 580148 -1.83056
-306.751 72.9648 411.373 580148 -1.83056
-306.805 74.6461 411.31 580148 -1.83056
-306.858 76.3274 411.246 580148 -1.83056
-306.912 78.0086 411.183 580148 -1.83056
-306.966 79.6899 411.119 580148 -1.83056
-307.02 81.3712 411.055 580148 -1.87405
-307.075 83.0571 410.992 580148 -1.87405
-307.13 84.743 410.928 580148 -1.87647
-307.185 86.429 410.865 580148 -1.89875
-307.241 88.1149 410.803 580148 -1.89875
-307.297 89.8009 410.741 580148 -1.89875
-307.353 91.4868 410.679 580148 -1.90636
-307.409 93.1678 410.617 580148 -1.90636
-307.465 94.8487 410.556 580148 -1.90636
-307.521 96.5297 410.494 580148 -1.90636
-307.577 98.2106 410.432 580148 -1.90636
-307.633 99.8916 410.371 580148 -1.90636
-307.688 101.573 410.309 580148 -1.92379
-307.744 103.241 410.249 580148 -1.93782
-307.801 104.909 410.189 580148 -1.93782
-307.857 106.577 410.13 580148 -1.93782
-307.914 108.245 410.07 580148 -1.93782
-307.97 109.913 410.011 580148 -1.93782
-308.027 111.581 409.952 580148 -1.94171
-308.083 113.242 409.892 580148 -1.94171
-308.139 114.903 409.833 580148 -1.94171
-308.196 116.565 409.774 580148 -1.94171
-308.252 118.226 409.715 580148 -1.98182
-308.309 119.887 409.657 580148 -1.98344
-308.367 121.549 409.6 580148 -1.97958
-308.425 123.213 409.542 580148 -1.97958
-308.482 124.878 409.485 580148 -1.97958
-308.54 126.543 409.427 580148 -1.97958
-308.597 128.207 409.37 580148 -1.97958
-308.655 129.872 409.312 580148 -1.97958
-308.712 131.537 409.254 580148 -1.98149
-308.77 133.201 409.197 580148 -1.87343
-308.824 134.851 409.14 590148 -1.82404
-308.877 136.516 409.084 590148 -1.82404
-308.93 138.181 409.028 590148 -1.82404
-308.983 139.846 408.972 590148 -1.82404
-309.036 141.511 408.916 590148 -1.82404
-309.089 143.176 408.861 590148 -1.82404
-309.142 144.84 408.805 590148 -1.82404
-309.195 146.505 408.749 590148 -1.82404
-309.248 148.17 408.693 590148 -1.82404
-309.301 149.835 408.637 590148 -1.82404
-309.354 151.5 408.581 590148 -1.82404
-309.407 153.164 408.525 590148 -1.82404
-309.46 154.829 408.469 590148 -1.82404
-309.513 156.494 408.413 590148 -1.84879
-309.567 158.159 408.358 590148 -1.85718
-309.621 159.824 408.304 590148 -1.85718
-309.675 161.489 408.249 590148 -1.85909
-309.729 163.153 408.194 590148 -1.85909
-309.783 164.818 408.139 590148 -1.85909
-309.837 166.483 408.085 590148 -1.85909
-309.891 168.148 408.03 590148 -1.85909
-309.945 169.813 407.975 590148 -1.85909
-309.999 171.478 407.92 590148 -1.85526
-310.053 173.142 407.866 590148 -1.85526
-310.107 174.807 407.811 590148 -1.85526
-310.161 176.472 407.756 590148 -1.85526
-310.215 178.137 407.702 590148 -1.85526
-310.269 179.802 407.647 590148 -1.8757
-310.323 181.467 407.593 590148 -1.88118
-310.378 183.131 407.539 590148 -1.88118
-310.432 184.796 407.485 590148 -1.88118
-310.487 186.461 407.431 590148 -1.88118
-310.542 188.126 407.377 590148 -1.88118
-310.597 189.791 407.324 590148 -1.88118
-310.651 191.456 407.27 590148 -1.88118
-310.706 193.12 407.216 590148 -1.88118
-310.761 194.785 407.162 590148 -1.88118
-310.815 196.45 407.108 590148 -1.88118
-310.87 198.115 407.054 590148 -1.88118
-310.925 199.78 407.001 590148 -1.88118
-310.979 201.445 406.947 590148 -1.88118
-311.034 203.109 406.893 590148 -1.89541
-311.089 204.774 406.84 590148 -1.89606
-311.144 206.439 406.787 590148 -1.89606
-311.199 208.104 406.734 590148 -1.89606
-311.254 209.769 406.68 590148 -1.89606
-311.31 211.434 406.627 590148 -1.89606
-311.365 213.098 406.574 590148 -1.89606
-311.42 214.763 406.521 590148 -1.89606
-311.475 216.428 406.468 590148 -1.89606
-311.53 218.093 406.415 590148 -1.89606
-311.585 219.758 406.361 590148 -1.89606
-311.64 221.423 406.308 590148 -1.89606
-311.695 223.088 406.255 590148 -1.89606
-311.75 224.752 406.202 590148 -1.89642
-311.806 226.417 406.149 590148 -1.90181
-311.861 228.082 406.096 590148 -1.90181
-311.916 229.747 406.044 590148 -1.90181
-311.971 231.412 405.991 590148 -1.8999
-312.027 233.077 405.938 590148 -1.8999
-312.082 234.741 405.885 590148 -1.8999
-312.137 236.406 405.833 590148 -1.8999
-312.192 238.071 405.78 590148 -1.8999
-312.248 239.736 405.727 590148 -1.8999
-312.303 241.401 405.675 590148 -1.90181
-312.358 243.066 405.622 590148 -1.90181
-312.413 244.731 405.569 590148 -1.90181
-312.469 246.395 405.517 590148 -1.90181
-312.524 248.06 405.464 590148 -1.90124
-312.579 249.725 405.411 590148 -1.89843
-312.634 251.39 405.359 590148 -1.89843
-312.69 253.055 405.306 590148 -1.89843
-312.745 254.72 405.254 590148 -1.89843
-312.8 256.385 405.201 590148 -1.89843
-312.855 258.049 405.149 590148 -1.89843
-312.91 259.714 405.096 590148 -1.89843
-312.965 261.379 405.044 590148 -1.89843
-313.021 263.044 404.992 590148 -1.89843
-313.076 264.709 404.939 590148 -1.89843
-313.131 266.374 404.887 590148 -1.89843
-313.186 268.039 404.834 590148 -1.89843
-313.241 269.704 404.782 590148 -1.89843
-313.297 271.368 404.729 590148 -1.89497
-313.352 273.033 404.677 590148 -1.88591
-313.406 274.698 404.624 590148 -1.88591
-313.461 276.363 404.572 590148 -1.88591
-313.516 278.028 404.519 590148 -1.88591
-313.571 279.693 404.467 590148 -1.88591
-313.626 281.358 404.414 590148 -1.88401
-313.68 283.022 404.362 590148 -1.88401
-313.735 284.687 404.31 590148 -1.88401
-313.79 286.351 404.257 590148 -1.88401
-313.845 288.016 404.205 590148 -1.88401
-313.899 289.68 404.152 590148 -1.88401
-313.954 291.345 404.1 590148 -1.88782
-314.009 293.01 404.047 590148 -1.88782
-314.064 294.675 403.995 590148 -1.87954
-314.119 296.34 403.942 590148 -1.86618
-314.173 298.004 403.889 590148 -1.86618
-314.227 299.669 403.837 590148 -1.86618
-314.281 301.334 403.784 590148 -1.80705
-314.334 303.004 403.731 590148 -1.80705
-314.387 304.673 403.678 590148 -1.80705
-314.439 306.343 403.626 590148 -1.80705
-314.492 308.013 403.573 590148 -1.80705
-314.545 309.682 403.52 590148 -1.80705
-314.597 311.352 403.467 590148 -1.96589
-314.654 313.012 403.414 590148 -1.96589
-314.711 314.672 403.362 590148 -1.96589
-314.768 316.332 403.309 590148 -1.96589
-314.825 317.992 403.257 590148 -1.95064
-314.882 319.652 403.204 590148 -1.93511
-314.938 321.313 403.151 590148 -2.14046
-315 322.961 403.098 590148 -2.14046
-315.061 324.61 403.046 590148 -2.14046
-315.123 326.259 402.993 590148 -2.14046
-315.184 327.907 402.94 590148 -2.14046
-315.246 329.556 402.888 590148 -2.14046
-315.308 331.205 402.835 590148 -2.10484
-315.369 332.869 402.782 590148 -2.10484
-315.43 334.534 402.729 590148 -2.10484
-315.491 336.199 402.676 590148 -2.10484
-315.552 337.863 402.623 590148 -2.10484
-315.614 339.528 402.569 590148 -2.10484
-315.675 341.193 402.516 590148 -2.0293
-315.735 342.897 402.461 590148 -2.01149
-315.795 344.602 402.406 590148 -2.01149
-315.855 346.307 402.351 590148 -2.01149
-315.915 348.011 402.296 590148 -2.01149
-315.975 349.716 402.241 590148 -2.01149
-316.035 351.421 402.186 590148 -1.79626
-316.09 353.174 402.129 590148 -1.79626
-316.145 354.928 402.072 590148 -1.79626
-316.199 356.681 402.016 590148 -1.79626
-316.254 358.435 401.959 590148 -1.79626
-316.309 360.188 401.902 590148 -1.79626
-316.364 361.941 401.845 590148 -1.67778
-316.417 363.718 401.788 590148 -1.74298
-316.471 365.522 401.73 600148 -1.78369
-316.527 367.294 401.672 600148 -1.78369
-316.582 369.065 401.613 600148 -1.78369
-316.637 370.837 401.554 600148 -1.78369
-316.692 372.609 401.495 600148 -1.8302
-316.749 374.375 401.437 600148 -1.8302
-316.805 376.141 401.378 600148 -1.8302
-316.861 377.906 401.32 600148 -1.8302
-316.918 379.672 401.261 600148 -1.8302
-316.974 381.438 401.202 600148 -1.8302
-317.031 383.204 401.144 600148 -1.2593
-317.069 384.956 401.091 600148 -1.21397
-317.106 386.707 401.039 600148 -1.21397
-317.143 388.459 400.987 600148 -1.21397
-317.181 390.211 400.935 600148 -1.21397
-317.218 391.963 400.883 600148 -1.21397
-317.255 393.715 400.831 600148 -1.22594
-317.292 395.44 400.78 600148 -1.22594
-317.329 397.166 400.729 600148 -1.22594
-317.366 398.892 400.678 600148 -1.22594
-317.402 400.617 400.626 600148 -1.11886
-317.436 402.343 400.576 600148 -0.596446
-317.454 404.069 400.531 600148 -0.659383
-317.474 405.763 400.487 600148 -0.659383
-317.493 407.458 400.443 600148 -0.659383
-317.513 409.152 400.399 600148 -0.659383
-317.532 410.847 400.355 600148 -0.659383
-317.552 412.541 400.31 600148 -0.659383
-317.571 414.236 400.266 600148 -0.659579
-317.59 415.905 400.223 600148 -0.659579
-317.61 417.575 400.179 600148 -0.659579
-317.629 419.244 400.136 600148 -0.601802
-317.646 420.914 400.093 600148 -0.0056766
-317.647 422.584 400.055 600148 -0.00567657
-317.647 424.253 400.018 600148 0.0134194
-317.646 425.913 399.981 600148 0.0134193
-317.646 427.572 399.944 600148 0.0134194
-317.646 429.231 399.907 600148 0.0134193
-317.645 430.89 399.87 600148 0.0134194
-317.645 432.549 399.833 600148 0.0134193
-317.644 434.208 399.796 600148 0.0134228
-317.644 435.867 399.759 600148 0.0134228
-317.644 437.525 399.722 600148 0.0134228
-317.643 439.183 399.685 600148 0.567117
-317.627 440.841 399.653 600148 0.691516
-317.607 442.499 399.623 600148 0.691516
-317.587 444.158 399.592 600148 0.691505
-317.567 445.819 399.561 600148 0.691505
-317.547 447.481 399.531 600148 0.691505
-317.527 449.142 399.5 600148 0.691505
-317.507 450.804 399.469 600148 0.691505
-317.486 452.465 399.439 600148 0.691505
-317.466 454.127 399.408 600148 0.691504
-317.446 455.788 399.377 600148 0.691504
-317.426 457.45 399.347 600148 1.07171
-317.395 459.112 399.32 600148 1.39354
-317.355 460.774 399.296 600148 1.39354
-317.314 462.435 399.272 600148 1.39354
-317.274 464.097 399.248 600148 1.39354
-317.234 465.758 399.224 600148 1.39354
-317.193 467.42 399.2 600148 1.39354
-317.153 469.081 399.176 600148 1.39354
-317.112 470.743 399.152 600148 1.39354
-317.072 472.405 399.128 600148 1.39354
-317.031 474.066 399.104 600148 1.39354
-316.991 475.728 399.08 600148 1.58922
-316.945 477.389 399.058 600148 2.11922
-316.883 479.05 399.041 600148 2.11922
-316.822 480.711 399.024 600148 2.11922
-316.761 482.372 399.006 600148 2.11922
-316.699 484.033 398.989 600148 2.12113
-316.638 485.694 398.972 600148 2.12113
-316.576 487.355 398.955 600148 2.12113
-316.515 489.016 398.938 600148 2.12113
-316.453 490.677 398.921 600148 2.12113
-316.391 492.338 398.904 600148 2.12113
-316.33 493.999 398.887 600148 2.11922
-316.268 495.66 398.87 600148 2.8616
-316.186 497.32 398.86 600148 2.8682
-316.102 498.98 398.85 600148 2.8682
-316.019 500.641 398.84 600148 2.8682
-315.936 502.301 398.83 600148 2.8682
-315.853 503.961 398.82 600148 2.86824
-315.77 505.612 398.81 600148 2.86824
-315.687 507.263 398.8 600148 2.86824
-315.605 508.913 398.79 600148 2.86824
-315.522 510.564 398.78 600148 2.86824
-315.439 512.215 398.77 600148 2.86824
-315.357 513.866 398.76 600148 3.38685
-315.258 515.534 398.755 600148 3.64007
-315.152 517.202 398.752 600148 3.64007
-315.046 518.87 398.749 600148 3.64007
-314.94 520.538 398.747 600148 3.64007
-314.833 522.205 398.744 600148 3.64007
-314.727 523.873 398.741 0 0
