-639.938 -2561.25 384.595 0 23.6915
-639.403 -2560.03 384.529 0 23.6915
-638.868 -2558.82 384.462 0 23.6915
-638.333 -2557.6 384.395 0 23.6915
-637.798 -2556.38 384.329 0 23.6915
-637.263 -2555.16 384.262 0 23.6915
-636.728 -2553.94 384.195 0 23.6892
-636.193 -2552.72 384.128 0 23.6892
-635.658 -2551.5 384.062 0 23.6892
-635.122 -2550.28 383.995 0 23.6892
-634.587 -2549.06 383.928 0 23.6892
-634.052 -2547.84 383.862 0 23.6892
-633.517 -2546.62 383.795 0 24.4223
-632.966 -2545.41 383.731 0 24.5515
-632.412 -2544.19 383.667 0 24.5515
-631.859 -2542.98 383.604 0 24.5515
-631.305 -2541.77 383.541 0 24.5515
-630.752 -2540.56 383.477 0 24.5515
-630.198 -2539.35 383.414 0 24.5539
-629.645 -2538.14 383.35 0 24.5539
-629.091 -2536.92 383.287 0 24.5539
-628.538 -2535.71 383.223 0 24.5539
-627.984 -2534.5 383.16 0 24.5539
-627.431 -2533.29 383.096 0 24.5539
-626.877 -2532.08 383.033 0 24.5515
-626.324 -2530.87 382.969 0 24.5515
-625.771 -2529.66 382.906 0 24.5515
-625.218 -2528.44 382.843 0 24.5515
-624.664 -2527.23 382.779 0 24.5515
-624.111 -2526.02 382.716 0 24.5515
-623.558 -2524.81 382.652 0 24.554
-623.004 -2523.6 382.589 0 24.554
-622.45 -2522.39 382.525 0 24.554
-621.896 -2521.17 382.462 0 24.554
-621.342 -2519.96 382.398 0 24.554
-620.788 -2518.75 382.335 0 24.554
-620.234 -2517.54 382.271 0 24.5517
-619.679 -2516.32 382.208 0 24.5517
-619.123 -2515.1 382.144 0 24.5517
-618.567 -2513.89 382.08 0 24.5517
-618.011 -2512.67 382.016 0 25.2645
-617.441 -2511.46 381.956 0 25.4132
-616.867 -2510.25 381.896 0 25.413
-616.294 -2509.05 381.837 0 25.413
-615.722 -2507.84 381.777 0 25.413
-615.15 -2506.64 381.718 0 25.413
-614.578 -2505.44 381.658 0 25.413
-614.006 -2504.23 381.599 0 25.413
-613.434 -2503.03 381.539 0 25.4462
-612.869 -2501.84 381.48 0 25.4462
-612.304 -2500.65 381.422 0 25.4462
-611.739 -2499.46 381.363 0 25.4462
-611.174 -2498.28 381.304 0 25.4462
-610.609 -2497.09 381.246 0 25.4462
-610.044 -2495.9 381.187 0 25.3841
-609.491 -2494.74 381.129 0 25.3841
-608.939 -2493.57 381.072 0 25.3841
-608.387 -2492.41 381.014 0 25.3841
-607.835 -2491.25 380.957 0 25.3841
-607.282 -2490.08 380.899 0 25.3841
-606.73 -2488.92 380.842 0 25.4134
-606.181 -2487.76 380.785 0 25.4134
-605.631 -2486.61 380.728 0 25.4134
-605.082 -2485.45 380.67 0 25.4134
-604.532 -2484.29 380.613 0 25.4134
-603.983 -2483.14 380.556 0 25.4134
-603.433 -2481.98 380.499 0 25.3837
-602.883 -2480.82 380.442 0 25.3837
-602.333 -2479.66 380.384 0 25.5281
-601.781 -2478.5 380.328 0 26.2438
-601.213 -2477.35 380.275 0 26.2438
-600.646 -2476.2 380.222 0 26.2438
-600.078 -2475.05 380.17 0 26.3034
-599.508 -2473.9 380.117 0 26.3034
-598.938 -2472.75 380.064 0 26.3034
-598.368 -2471.59 380.011 0 26.3034
-597.798 -2470.44 379.958 0 26.3034
-597.228 -2469.29 379.905 0 26.3034
-596.658 -2468.13 379.852 0 26.4214
-596.081 -2466.97 379.799 0 26.4214
-595.504 -2465.81 379.746 0 26.4214
-594.928 -2464.65 379.693 0 26.4214
-594.351 -2463.49 379.639 0 26.4214
-593.774 -2462.33 379.586 0 26.4214
-593.197 -2461.17 379.533 0 26.4424
-592.614 -2460 379.479 0 26.4424
-592.032 -2458.82 379.425 0 26.4424
-591.449 -2457.65 379.371 0 26.4424
-590.866 -2456.48 379.318 0 26.4424
-590.283 -2455.31 379.264 0 26.4424
-589.7 -2454.14 379.21 0 26.4382
-589.109 -2452.95 379.155 0 26.4382
-588.518 -2451.76 379.101 0 26.4382
-587.926 -2450.57 379.046 0 26.4382
-587.335 -2449.38 378.992 0 26.4382
-586.743 -2448.19 378.937 0 26.4382
-586.152 -2447 378.882 0 26.4398
-585.556 -2445.8 378.828 0 26.8545
-584.952 -2444.61 378.775 0 27.2981
-584.338 -2443.42 378.726 0 27.2981
-583.725 -2442.23 378.676 0 27.2981
-583.111 -2441.04 378.627 0 27.2981
-582.498 -2439.85 378.577 0 27.2986
-581.887 -2438.67 378.528 0 27.2986
-581.276 -2437.49 378.479 0 27.2986
-580.665 -2436.3 378.429 0 27.2986
-580.054 -2435.12 378.38 0 27.2986
-579.443 -2433.93 378.331 0 27.2986
-578.832 -2432.75 378.281 0 27.2962
-578.221 -2431.57 378.232 0 27.2962
-577.609 -2430.38 378.183 0 27.2962
-576.998 -2429.2 378.133 0 27.2962
-576.387 -2428.01 378.084 0 27.2962
-575.776 -2426.83 378.035 0 27.2962
-575.165 -2425.64 377.986 0 27.2986
-574.554 -2424.46 377.936 0 27.2986
-573.943 -2423.28 377.887 0 27.2986
-573.332 -2422.09 377.838 0 27.2986
-572.721 -2420.91 377.788 0 27.2986
-572.11 -2419.72 377.739 0 27.2986
-571.499 -2418.54 377.69 0 27.2986
-570.888 -2417.36 377.64 0 27.2986
-570.276 -2416.17 377.591 0 27.2986
-569.665 -2414.99 377.542 0 27.2986
-569.054 -2413.8 377.492 0 27.2986
-568.443 -2412.62 377.443 0 27.6333
-567.825 -2411.44 377.396 0 28.1524
-567.196 -2410.26 377.353 0 28.1524
-566.567 -2409.09 377.31 0 28.1524
-565.938 -2407.91 377.267 0 28.1524
-565.309 -2406.74 377.224 0 28.1524
-564.68 -2405.56 377.181 0 28.1524
-564.052 -2404.39 377.137 0 28.1548
-563.423 -2403.21 377.094 0 28.1548
-562.794 -2402.04 377.051 0 28.1548
-562.166 -2400.86 377.008 0 28.1548
-561.537 -2399.69 376.965 0 28.1548
-560.909 -2398.52 376.922 0 28.1548
-560.28 -2397.34 376.879 0 28.1546
-559.65 -2396.16 376.835 0 28.1546
-559.021 -2394.99 376.792 0 28.1546
-558.391 -2393.81 376.749 0 28.1546
-557.761 -2392.63 376.706 0 28.1546
-557.132 -2391.46 376.663 0 28.1546
-556.502 -2390.28 376.619 0 28.1521
-555.871 -2389.1 376.576 0 28.1521
-555.24 -2387.92 376.533 0 28.1521
-554.61 -2386.75 376.49 0 28.1521
-553.979 -2385.57 376.446 0 28.1521
-553.348 -2384.39 376.403 0 28.1521
-552.718 -2383.21 376.36 0 28.141
-552.092 -2382.04 376.317 0 28.141
-551.467 -2380.87 376.274 0 28.141
-550.841 -2379.7 376.231 0 28.3584
-550.211 -2378.53 376.19 0 28.9947
-549.568 -2377.37 376.154 0 28.9947
-548.925 -2376.21 376.118 0 29.0589
-548.288 -2375.07 376.082 0 29.0589
-547.651 -2373.92 376.046 0 29.0589
-547.014 -2372.77 376.011 0 29.0589
-546.376 -2371.63 375.975 0 29.0589
-545.739 -2370.48 375.939 0 29.0589
-545.102 -2369.33 375.904 0 28.9471
-544.465 -2368.18 375.868 0 28.9471
-543.828 -2367.03 375.832 0 28.9471
-543.191 -2365.88 375.796 0 28.9471
-542.553 -2364.73 375.76 0 28.9471
-541.916 -2363.57 375.725 0 28.9471
-541.279 -2362.42 375.689 0 28.7414
-540.617 -2361.21 375.651 0 28.7414
-539.954 -2360.01 375.614 0 28.7414
-539.291 -2358.8 375.576 0 28.7414
-538.629 -2357.59 375.539 0 28.7414
-537.966 -2356.38 375.501 0 28.7414
-537.304 -2355.17 375.464 0 28.7321
-536.622 -2353.93 375.425 0 28.7321
-535.941 -2352.69 375.387 0 28.7321
-535.26 -2351.44 375.348 0 28.7321
-534.578 -2350.2 375.31 0 28.7321
-533.897 -2348.96 375.271 0 28.7321
-533.216 -2347.72 375.233 0 28.7068
-532.512 -2346.43 375.193 0 29.2275
-531.797 -2345.15 375.158 0 29.5577
-531.075 -2343.88 375.127 0 29.5577
-530.352 -2342.61 375.095 0 29.5577
-529.63 -2341.33 375.064 0 29.5577
-528.907 -2340.06 375.032 370149 29.4329
-528.165 -2338.74 375 370149 29.4329
-527.422 -2337.42 374.967 370149 29.4329
-526.679 -2336.11 374.935 370149 29.4329
-525.936 -2334.79 374.902 370149 29.4329
-525.193 -2333.47 374.87 370149 29.4329
-524.45 -2332.16 374.837 370149 29.479
-523.695 -2330.82 374.804 370149 29.479
-522.939 -2329.49 374.771 370149 29.479
-522.184 -2328.15 374.738 370149 29.479
-521.429 -2326.81 374.705 370149 29.479
-520.674 -2325.48 374.672 370149 29.479
-519.919 -2324.14 374.639 370149 29.4796
-519.156 -2322.79 374.606 370149 29.4796
-518.393 -2321.44 374.573 370149 29.4796
-517.63 -2320.09 374.539 370149 29.4796
-516.867 -2318.74 374.506 370149 29.4796
-516.104 -2317.39 374.473 370149 29.4796
-515.341 -2316.04 374.439 370149 29.4829
-514.575 -2314.69 374.406 370149 29.4829
-513.808 -2313.33 374.372 370149 30.23
-513.024 -2311.99 374.348 370149 30.3306
-512.237 -2310.64 374.324 370149 30.3306
-511.45 -2309.3 374.3 370149 30.3306
-510.664 -2307.95 374.276 370149 30.3287
-509.877 -2306.61 374.252 370149 30.3287
-509.09 -2305.26 374.229 370149 30.3287
-508.303 -2303.92 374.205 370149 30.3287
-507.516 -2302.57 374.181 370149 30.3287
-506.729 -2301.23 374.157 370149 30.3287
-505.942 -2299.88 374.133 370149 30.3196
-505.158 -2298.54 374.11 370149 30.3196
-504.374 -2297.2 374.086 370149 30.3196
-503.59 -2295.86 374.062 370149 30.3196
-502.806 -2294.52 374.039 370149 30.3196
-502.021 -2293.18 374.015 370149 30.3196
-501.237 -2291.84 373.991 370149 30.4643
-500.468 -2290.53 373.968 370149 30.4643
-499.698 -2289.22 373.945 370149 30.4643
-498.928 -2287.91 373.922 370149 30.4643
-498.158 -2286.6 373.899 370149 30.4643
-497.389 -2285.29 373.875 370149 30.4643
-496.619 -2283.99 373.852 0 30.486
-495.874 -2282.72 373.83 0 30.486
-495.13 -2281.46 373.807 0 29.67
-494.407 -2280.19 373.789 0 30.3166
-493.666 -2278.92 373.773 0 30.3166
-492.926 -2277.65 373.756 0 30.3166
-492.185 -2276.39 373.74 0 30.329
-491.466 -2275.16 373.724 0 30.329
-490.747 -2273.93 373.708 0 30.329
-490.028 -2272.7 373.692 0 30.329
-489.31 -2271.47 373.675 0 30.329
-488.591 -2270.24 373.659 0 30.329
-487.872 -2269.01 373.643 0 30.3952
-487.177 -2267.83 373.628 0 30.3952
-486.482 -2266.64 373.613 0 30.3952
-485.787 -2265.46 373.597 0 30.3952
-485.092 -2264.27 373.582 0 30.3952
-484.396 -2263.09 373.566 0 30.3952
-483.701 -2261.9 373.551 0 30.6112
-483.021 -2260.75 373.536 0 30.6112
-482.34 -2259.6 373.521 0 30.6112
-481.659 -2258.45 373.506 0 30.6112
-480.978 -2257.3 373.491 0 30.6223
-480.297 -2256.15 373.476 0 30.7602
-479.614 -2255 373.465 0 30.8429
-478.933 -2253.86 373.455 0 30.8429
-478.252 -2252.72 373.444 0 30.8429
-477.571 -2251.58 373.433 0 30.8429
-476.89 -2250.44 373.423 0 30.8429
-476.209 -2249.3 373.412 0 30.8429
-475.528 -2248.16 373.402 0 30.8209
-474.846 -2247.02 373.391 0 30.8209
-474.164 -2245.88 373.381 0 30.8209
-473.483 -2244.73 373.37 0 30.8209
-472.801 -2243.59 373.359 0 30.8209
-472.119 -2242.45 373.349 0 30.8209
-471.437 -2241.3 373.338 0 30.8181
-470.748 -2240.15 373.327 0 30.8181
-470.059 -2238.99 373.317 0 30.8181
-469.369 -2237.84 373.306 0 30.8181
-468.68 -2236.68 373.295 0 30.8181
-467.99 -2235.53 373.284 0 30.8181
-467.301 -2234.37 373.274 0 30.8227
-466.624 -2233.24 373.263 0 30.8227
-465.947 -2232.1 373.253 0 30.8227
-465.271 -2230.97 373.242 0 30.861
-464.593 -2229.83 373.233 0 30.9163
-463.914 -2228.7 373.227 0 30.9163
-463.236 -2227.57 373.221 0 30.927
-462.584 -2226.48 373.216 0 30.927
-461.933 -2225.39 373.21 0 30.927
-461.282 -2224.31 373.204 0 30.927
-460.63 -2223.22 373.198 0 30.927
-459.979 -2222.13 373.192 0 30.927
-459.328 -2221.04 373.186 0 31.2762
-458.68 -2219.98 373.181 0 31.2762
-458.033 -2218.91 373.175 0 31.2762
-457.386 -2217.85 373.169 0 31.2762
-456.739 -2216.78 373.164 0 31.2762
-456.092 -2215.72 373.158 0 31.2762
-455.445 -2214.65 373.152 0 31.3196
-454.787 -2213.57 373.146 0 31.3196
-454.129 -2212.49 373.141 0 31.3196
-453.471 -2211.41 373.135 0 31.3196
-452.813 -2210.33 373.129 0 31.3196
-452.155 -2209.25 373.123 0 31.3196
-451.497 -2208.16 373.117 0 31.2934
-450.812 -2207.04 373.111 0 31.2934
-450.127 -2205.91 373.105 0 31.2934
-449.442 -2204.78 373.099 0 31.3201
-448.757 -2203.66 373.096 0 31.3315
-448.071 -2202.53 373.095 0 31.3315
-447.386 -2201.41 373.093 0 31.3199
-446.688 -2200.26 373.092 0 31.3199
-445.989 -2199.11 373.09 0 31.3199
-445.291 -2197.96 373.089 0 31.3199
-444.593 -2196.82 373.087 0 31.3199
-443.895 -2195.67 373.086 0 31.3199
-443.197 -2194.52 373.084 0 31.3279
-442.504 -2193.38 373.083 0 31.3279
-441.812 -2192.25 373.082 0 31.3279
-441.12 -2191.11 373.08 0 31.3279
-440.428 -2189.97 373.079 0 31.3279
-439.736 -2188.84 373.077 0 31.3279
-439.044 -2187.7 373.076 0 31.3242
-438.353 -2186.56 373.074 0 31.3242
-437.662 -2185.43 373.073 0 31.3242
-436.971 -2184.29 373.071 0 31.3242
-436.28 -2183.16 373.07 0 31.3242
-435.59 -2182.02 373.068 0 31.3242
-434.899 -2180.89 373.067 0 31.3299
-434.209 -2179.75 373.065 0 31.3296
-433.519 -2178.62 373.064 0 31.3125
-432.829 -2177.49 373.067 0 31.3125
-432.14 -2176.35 373.071 0 31.3125
-431.45 -2175.22 373.074 0 31.3125
-430.76 -2174.09 373.077 0 31.346
-430.068 -2172.95 373.08 0 31.346
-429.375 -2171.81 373.084 0 31.346
-428.682 -2170.67 373.087 0 31.346
-427.989 -2169.54 373.09 0 31.346
-427.296 -2168.4 373.094 0 31.346
-426.603 -2167.26 373.097 0 31.1608
-425.906 -2166.11 373.1 0 31.1608
-425.208 -2164.95 373.104 0 31.1608
-424.51 -2163.8 373.107 0 31.1608
-423.812 -2162.65 373.11 0 31.1608
-423.115 -2161.49 373.114 0 31.1608
-422.417 -2160.34 373.117 0 31.0305
-421.706 -2159.16 373.121 0 31.0305
-420.996 -2157.98 373.124 0 31.0305
-420.286 -2156.79 373.127 0 31.0305
-419.575 -2155.61 373.131 0 31.0305
-418.865 -2154.43 373.134 0 31.0305
-418.154 -2153.25 373.138 0 30.8636
-417.429 -2152.04 373.144 0 30.8363
-416.704 -2150.82 373.153 0 30.8363
-415.98 -2149.61 373.162 0 30.8363
-415.255 -2148.4 373.171 0 30.8363
-414.531 -2147.18 373.179 0 30.8363
-413.806 -2145.97 373.188 0 30.7749
-413.07 -2144.73 373.197 0 30.7749
-412.334 -2143.5 373.206 0 30.7749
-411.598 -2142.26 373.215 0 30.7749
-410.861 -2141.03 373.224 0 30.7749
-410.125 -2139.79 373.232 0 30.7749
-409.389 -2138.55 373.241 0 30.4985
-408.658 -2137.31 373.25 0 30.4985
-407.927 -2136.07 373.259 0 30.4985
-407.196 -2134.83 373.268 0 30.4985
-406.465 -2133.59 373.277 0 30.4985
-405.734 -2132.35 373.286 0 30.4985
-405.002 -2131.11 373.295 0 30.198
-404.286 -2129.87 373.303 0 30.198
-403.569 -2128.64 373.312 0 30.198
-402.852 -2127.41 373.321 0 30.1335
-402.136 -2126.18 373.333 0 30.0696
-401.422 -2124.94 373.347 0 30.0696
-400.708 -2123.71 373.361 0 29.9476
-400.002 -2122.48 373.375 0 29.9476
-399.295 -2121.26 373.389 0 29.9476
-398.588 -2120.03 373.403 0 29.9476
-397.882 -2118.8 373.417 0 29.9476
-397.175 -2117.58 373.432 0 29.9476
-396.468 -2116.35 373.446 0 30.0759
-395.755 -2115.12 373.46 0 30.0759
-395.042 -2113.89 373.474 0 30.0759
-394.328 -2112.66 373.488 0 30.0759
-393.615 -2111.42 373.502 0 30.0759
-392.902 -2110.19 373.517 0 30.0759
-392.188 -2108.96 373.531 0 30.4473
-391.463 -2107.73 373.545 0 30.4473
-390.738 -2106.49 373.559 0 30.4473
-390.013 -2105.26 373.574 0 30.4473
-389.288 -2104.03 373.588 0 30.4473
-388.563 -2102.79 373.602 0 30.4473
-387.838 -2101.56 373.616 0 30.5025
-387.119 -2100.34 373.632 0 30.3688
-386.404 -2099.12 373.652 0 30.3688
-385.688 -2097.9 373.671 0 30.3688
-384.972 -2096.68 373.691 0 30.3688
-384.257 -2095.45 373.71 0 30.3688
-383.541 -2094.23 373.73 0 30.2368
-382.846 -2093.04 373.749 0 30.2368
-382.151 -2091.85 373.768 0 30.2368
-381.456 -2090.66 373.788 0 30.2368
-380.762 -2089.46 373.807 0 30.2368
-380.067 -2088.27 373.826 0 30.2368
-379.372 -2087.08 373.845 0 30.2281
-378.695 -2085.92 373.864 0 30.2281
-378.017 -2084.76 373.882 0 30.2281
-377.34 -2083.59 373.901 0 30.2281
-376.662 -2082.43 373.92 0 30.2281
-375.985 -2081.27 373.938 0 30.2281
-375.308 -2080.11 373.957 0 30.2775
-374.637 -2078.96 373.975 0 30.2775
-373.967 -2077.81 373.994 0 30.2775
-373.297 -2076.66 374.012 0 30.2775
-372.626 -2075.51 374.031 0 30.2335
-371.957 -2074.36 374.05 0 30.0383
-371.291 -2073.21 374.074 0 30.0383
-370.626 -2072.06 374.097 0 30.0383
-369.961 -2070.91 374.121 0 30.0383
-369.296 -2069.76 374.145 0 30.0383
-368.631 -2068.61 374.169 0 30.0383
-367.966 -2067.46 374.192 0 30.0383
-367.301 -2066.31 374.216 0 30.036
-366.634 -2065.16 374.24 0 30.036
-365.967 -2064 374.264 0 30.036
-365.3 -2062.85 374.288 0 30.036
-364.633 -2061.7 374.311 0 30.036
-363.966 -2060.54 374.335 0 30.036
-363.299 -2059.39 374.359 0 30.0384
-362.631 -2058.24 374.383 0 30.0384
-361.964 -2057.08 374.407 0 30.0384
-361.297 -2055.93 374.43 0 30.0384
-360.629 -2054.77 374.454 0 30.0384
-359.962 -2053.62 374.478 0 30.0384
-359.294 -2052.46 374.502 0 30.0384
-358.627 -2051.31 374.526 0 30.0384
-357.959 -2050.16 374.55 0 30.0384
-357.292 -2049 374.573 0 29.8939
-356.628 -2047.85 374.6 0 29.7437
-355.966 -2046.69 374.629 0 29.7437
-355.305 -2045.53 374.658 0 29.7438
-354.643 -2044.37 374.688 0 29.7438
-353.98 -2043.21 374.717 0 29.7438
-353.318 -2042.05 374.746 0 29.7438
-352.656 -2040.9 374.776 0 29.7438
-351.994 -2039.74 374.805 0 29.7438
-351.331 -2038.58 374.834 0 29.7414
-350.668 -2037.42 374.864 0 29.7414
-350.004 -2036.25 374.893 0 29.7414
-349.34 -2035.09 374.923 0 29.7414
-348.677 -2033.93 374.952 0 29.7414
-348.013 -2032.77 374.981 0 29.7414
-347.35 -2031.61 375.011 0 29.7435
-346.696 -2030.47 375.04 0 29.7435
-346.043 -2029.32 375.069 0 29.7435
-345.39 -2028.18 375.097 0 29.7435
-344.737 -2027.04 375.126 0 29.7435
-344.084 -2025.89 375.155 0 29.7435
-343.43 -2024.75 375.184 0 29.733
-342.793 -2023.63 375.213 0 29.733
-342.155 -2022.52 375.241 0 28.2392
-341.546 -2021.38 375.269 0 28.2773
-340.937 -2020.25 375.299 0 28.2773
-340.327 -2019.12 375.329 0 28.2773
-339.718 -2017.98 375.359 0 28.5236
-339.107 -2016.86 375.389 0 28.5236
-338.497 -2015.74 375.418 0 28.5236
-337.886 -2014.61 375.448 0 28.5236
-337.276 -2013.49 375.478 0 28.5236
-336.665 -2012.37 375.508 0 28.5236
-336.054 -2011.24 375.537 0 28.5181
-335.435 -2010.1 375.568 0 28.5181
-334.816 -2008.96 375.598 0 28.5181
-334.197 -2007.83 375.628 0 28.5181
-333.578 -2006.69 375.658 0 28.5181
-332.959 -2005.55 375.688 0 28.5181
-332.34 -2004.41 375.719 0 28.5156
-331.706 -2003.24 375.749 0 27.9153
-331.084 -2002.07 375.783 0 27.6365
-330.468 -2000.89 375.819 0 27.6365
-329.852 -1999.71 375.854 0 27.6365
-329.236 -1998.54 375.889 0 27.6365
-328.62 -1997.36 375.924 0 27.6347
-327.999 -1996.17 375.96 0 27.6347
-327.378 -1994.99 375.995 0 27.6347
-326.756 -1993.8 376.031 0 27.6347
-326.135 -1992.61 376.066 0 27.6347
-325.514 -1991.43 376.102 0 27.6347
-324.893 -1990.24 376.137 0 27.6332
-324.274 -1989.06 376.173 0 27.6332
-323.656 -1987.88 376.208 0 27.6332
-323.037 -1986.7 376.243 0 27.6332
-322.418 -1985.52 376.279 0 27.6332
-321.8 -1984.33 376.314 0 27.6332
-321.181 -1983.15 376.35 0 26.8722
-320.58 -1981.97 376.389 0 26.759
-319.98 -1980.78 376.428 0 26.759
-319.381 -1979.59 376.467 0 26.759
-318.782 -1978.4 376.507 0 26.759
-318.183 -1977.21 376.546 0 26.759
-317.583 -1976.02 376.586 0 26.7454
-316.987 -1974.84 376.625 0 26.7454
-316.39 -1973.65 376.665 0 26.7454
-315.793 -1972.47 376.704 0 26.7454
-315.196 -1971.29 376.743 0 26.7454
-314.599 -1970.1 376.783 0 26.7454
-314.002 -1968.92 376.822 0 26.7997
-313.402 -1967.73 376.861 0 26.7997
-312.802 -1966.54 376.901 0 26.7997
-312.202 -1965.35 376.94 0 26.7997
-311.602 -1964.16 376.98 0 26.7997
-311.002 -1962.98 377.019 0 25.9324
-310.42 -1961.78 377.063 0 25.7845
-309.829 -1960.56 377.107 0 25.7845
-309.238 -1959.33 377.152 0 25.7845
-308.647 -1958.11 377.196 0 25.7845
-308.057 -1956.89 377.24 0 25.7845
-307.466 -1955.66 377.285 0 25.7845
-306.875 -1954.44 377.329 0 25.7084
-306.264 -1953.17 377.375 0 25.7084
-305.653 -1951.9 377.421 0 25.7084
-305.042 -1950.64 377.467 0 25.7084
-304.431 -1949.37 377.513 0 25.7084
-303.821 -1948.1 377.559 0 25.7084
-303.21 -1946.83 377.605 0 25.6724
-302.582 -1945.52 377.653 0 25.6724
-301.955 -1944.22 377.7 0 25.6724
-301.328 -1942.91 377.747 0 24.9142
-300.718 -1941.6 377.798 0 24.8011
-300.11 -1940.29 377.85 0 24.8011
-299.503 -1938.97 377.901 0 24.7184
-298.877 -1937.61 377.955 0 24.7184
-298.251 -1936.25 378.008 0 24.7184
-297.626 -1934.89 378.061 0 24.7184
-297 -1933.53 378.114 0 24.7184
-296.374 -1932.17 378.168 0 24.7184
-295.749 -1930.82 378.221 390149 24.5327
-295.114 -1929.43 378.275 390149 24.5327
-294.48 -1928.04 378.33 390149 24.5327
-293.846 -1926.65 378.384 390149 24.5327
-293.211 -1925.26 378.438 390149 24.5327
-292.577 -1923.87 378.493 390149 24.5327
-291.943 -1922.48 378.547 390149 23.7676
-291.324 -1921.07 378.606 390149 23.6724
-290.707 -1919.67 378.665 390149 23.6724
-290.091 -1918.26 378.724 390149 23.6724
-289.474 -1916.85 378.783 390149 23.6724
-288.858 -1915.45 378.841 390149 23.6724
-288.241 -1914.04 378.9 390149 23.6719
-287.626 -1912.64 378.959 390149 23.6719
-287.011 -1911.23 379.018 390149 23.6719
-286.395 -1909.83 379.077 390149 23.6719
-285.78 -1908.43 379.136 390149 23.6719
-285.164 -1907.02 379.195 390149 23.6719
-284.549 -1905.62 379.253 390149 23.6735
-283.935 -1904.22 379.312 390149 23.6735
-283.321 -1902.82 379.371 390149 23.4818
-282.711 -1901.41 379.431 390149 22.8094
-282.118 -1900 379.493 390149 22.8094
-281.525 -1898.59 379.556 390149 22.8094
-280.932 -1897.18 379.619 390149 22.8078
-280.338 -1895.77 379.682 390149 22.8078
-279.744 -1894.36 379.745 390149 22.8078
-279.15 -1892.95 379.808 390149 22.8078
-278.557 -1891.53 379.871 390149 22.8078
-277.963 -1890.12 379.934 390149 22.8077
-277.369 -1888.71 379.997 390149 22.8083
-276.774 -1887.29 380.06 390149 22.8083
-276.178 -1885.88 380.123 390149 22.8083
-275.583 -1884.46 380.186 390149 22.8083
-274.988 -1883.05 380.249 390149 22.8083
-274.393 -1881.63 380.312 390149 22.3511
-273.809 -1880.21 380.377 390149 21.9347
-273.238 -1878.79 380.444 390149 21.9347
-272.667 -1877.38 380.51 390149 21.9347
-272.096 -1875.96 380.577 390149 21.9347
-271.525 -1874.54 380.644 390149 21.9346
-270.954 -1873.12 380.71 390149 21.9346
-270.384 -1871.71 380.777 390149 22.0175
-269.818 -1870.31 380.843 390149 22.0175
-269.253 -1868.91 380.909 390149 22.0175
-268.687 -1867.51 380.975 390149 22.0175
-268.121 -1866.11 381.04 390149 22.0175
-267.556 -1864.71 381.106 390149 22.0175
-266.99 -1863.32 381.172 0 22.003
-266.436 -1861.94 381.237 0 22.003
-265.881 -1860.57 381.301 0 21.4653
-265.339 -1859.19 381.368 0 21.1476
-264.805 -1857.81 381.436 0 21.1476
-264.271 -1856.43 381.505 0 21.1476
-263.736 -1855.05 381.573 0 21.2276
-263.207 -1853.69 381.64 0 21.2276
-262.678 -1852.32 381.708 0 21.2276
-262.148 -1850.96 381.775 0 21.2276
-261.619 -1849.6 381.842 0 21.2276
-261.09 -1848.23 381.91 0 21.2276
-260.56 -1846.87 381.977 0 21.4929
-260.023 -1845.51 382.044 0 21.4929
-259.486 -1844.14 382.112 0 21.4929
-258.949 -1842.78 382.18 0 21.4929
-258.412 -1841.42 382.247 0 21.4929
-257.874 -1840.05 382.315 0 21.2866
-257.342 -1838.69 382.383 0 20.7311
-256.818 -1837.3 382.455 0 20.7311
-256.293 -1835.91 382.526 0 20.7311
-255.768 -1834.53 382.598 0 20.7311
-255.243 -1833.14 382.67 0 20.7311
-254.718 -1831.75 382.742 0 20.7311
-254.194 -1830.37 382.813 0 20.731
-253.663 -1828.97 382.886 0 20.731
-253.133 -1827.57 382.958 0 20.731
-252.603 -1826.16 383.031 0 20.731
-252.073 -1824.76 383.103 0 20.731
-251.543 -1823.36 383.176 0 20.731
-251.013 -1821.96 383.248 390149 20.7133
-250.481 -1820.56 383.321 390149 20.7133
-249.95 -1819.15 383.394 390149 20.4621
-249.425 -1817.74 383.47 400149 20.0673
-248.909 -1816.33 383.548 400149 20.0673
-248.394 -1814.92 383.626 400149 20.0673
-247.878 -1813.51 383.704 400149 20.0678
-247.364 -1812.1 383.782 400149 20.0678
-246.85 -1810.7 383.86 400149 20.0678
-246.336 -1809.29 383.938 400149 20.0678
-245.821 -1807.88 384.015 400149 20.0678
-245.307 -1806.47 384.093 400149 20.0678
-244.793 -1805.06 384.171 0 19.8962
-244.283 -1803.66 384.249 0 19.4619
-243.784 -1802.24 384.326 0 19.4619
-243.286 -1800.83 384.404 0 19.4619
-242.787 -1799.42 384.481 0 19.4619
-242.288 -1798.01 384.559 0 19.4619
-241.789 -1796.6 384.636 0 19.4618
-241.29 -1795.19 384.713 0 19.4618
-240.791 -1793.77 384.791 0 19.4618
-240.292 -1792.36 384.868 0 19.4618
-239.793 -1790.95 384.946 0 19.4618
-239.294 -1789.54 385.023 0 19.0681
-238.804 -1788.12 385.1 400149 18.8582
-238.318 -1786.7 385.178 400149 18.8582
-237.832 -1785.28 385.255 400149 18.8582
-237.347 -1783.85 385.332 400149 18.8582
-236.861 -1782.43 385.41 400149 18.8582
-236.375 -1781.01 385.487 400149 18.8582
-235.889 -1779.58 385.564 0 18.8575
-235.406 -1778.17 385.641 0 18.8575
-234.924 -1776.76 385.718 0 18.8575
-234.441 -1775.35 385.794 0 18.8412
-233.959 -1773.93 385.871 0 18.2538
-233.491 -1772.52 385.947 0 18.2538
-233.024 -1771.1 386.024 0 18.2594
-232.564 -1769.7 386.099 0 18.2594
-232.104 -1768.31 386.173 0 18.2594
-231.644 -1766.91 386.248 0 18.2594
-231.184 -1765.52 386.323 0 18.2594
-230.724 -1764.13 386.398 0 18.2594
-230.263 -1762.73 386.473 0 18.3072
-229.806 -1761.35 386.547 0 18.3072
-229.349 -1759.97 386.622 0 18.1951
-228.894 -1758.58 386.696 0 17.7049
-228.452 -1757.2 386.769 0 17.7049
-228.009 -1755.81 386.843 0 17.7049
-227.566 -1754.42 386.917 0 17.8003
-227.118 -1753.03 386.991 0 17.8003
-226.669 -1751.63 387.065 0 17.8003
-226.22 -1750.23 387.139 0 17.8003
-225.771 -1748.83 387.214 0 17.8003
-225.322 -1747.44 387.288 0 17.8003
-224.874 -1746.04 387.362 400149 17.7641
-224.414 -1744.6 387.438 400149 17.5572
-223.96 -1743.17 387.514 400149 17.1634
-223.516 -1741.73 387.59 400149 17.1634
-223.072 -1740.29 387.665 400149 17.1634
-222.627 -1738.85 387.74 400149 17.1634
-222.183 -1737.42 387.816 400149 17.1931
-221.728 -1735.94 387.893 400149 17.1931
-221.272 -1734.47 387.97 400149 17.1931
-220.816 -1733 388.047 400149 17.1931
-220.361 -1731.52 388.124 400149 17.1931
-219.905 -1730.05 388.201 400149 17.1931
-219.449 -1728.58 388.278 400149 16.6514
-219 -1727.08 388.356 400149 16.5906
-218.553 -1725.58 388.433 400149 16.5906
-218.106 -1724.08 388.511 400149 16.5906
-217.659 -1722.57 388.588 400149 16.5906
-217.211 -1721.07 388.666 400149 16.5906
-216.764 -1719.57 388.743 400149 16.6004
-216.308 -1718.04 388.822 400149 16.6004
-215.852 -1716.51 388.901 400149 16.6004
-215.397 -1714.99 388.98 400149 16.6004
-214.941 -1713.46 389.059 400149 16.1294
-214.498 -1711.92 389.137 400149 16.0032
-214.058 -1710.39 389.215 400149 15.9966
-213.61 -1708.83 389.294 400149 15.9966
-213.162 -1707.27 389.373 400149 15.9966
-212.714 -1705.7 389.452 400149 15.9966
-212.266 -1704.14 389.532 400149 15.9966
-211.818 -1702.58 389.611 400149 15.9966
-211.37 -1701.01 389.69 400149 16.026
-210.914 -1699.43 389.771 400149 16.026
-210.458 -1697.84 389.851 400149 15.4532
-210.019 -1696.25 389.931 400149 15.4307
-209.579 -1694.66 390.01 400149 15.4307
-209.14 -1693.07 390.089 400149 15.4307
-208.701 -1691.48 390.168 400149 15.4043
-208.258 -1689.87 390.249 400149 15.4043
-207.816 -1688.26 390.329 400149 15.4043
-207.373 -1686.66 390.409 400149 15.4043
-206.93 -1685.05 390.489 400149 15.4043
-206.487 -1683.44 390.569 400149 15.2067
-206.05 -1681.84 390.648 400149 14.8627
-205.621 -1680.22 390.727 400149 14.8627
-205.191 -1678.6 390.806 400149 14.8627
-204.762 -1676.98 390.885 400149 14.8627
-204.333 -1675.36 390.964 400149 14.8627
-203.903 -1673.74 391.043 400149 14.8626
-203.474 -1672.13 391.123 400149 14.7577
-203.049 -1670.51 391.201 400149 14.7577
-202.625 -1668.9 391.28 400149 14.7577
-202.2 -1667.29 391.358 400149 13.6546
-201.805 -1665.66 391.454 410149 13.7271
-201.41 -1664.05 391.546 410149 13.6823
-201.016 -1662.43 391.637 410149 13.4423
-200.634 -1660.83 391.726 410149 13.4031
-200.253 -1659.23 391.814 410149 13.3985
-199.872 -1657.63 391.901 410149 13.3648
-199.492 -1656.03 391.987 410149 13.3623
-199.112 -1654.43 392.073 410149 13.3347
-198.733 -1652.83 392.159 410149 13.2251
-198.36 -1651.25 392.244 410149 13.2041
-197.988 -1649.66 392.328 410149 13.2041
-197.616 -1648.07 392.412 410149 13.1909
-197.244 -1646.49 392.497 410149 13.1906
-196.872 -1644.9 392.581 410149 13.1859
-196.5 -1643.32 392.667 410149 13.2811
-196.126 -1641.73 392.752 410149 13.2839
-195.751 -1640.14 392.838 410149 13.2843
-195.376 -1638.55 392.925 410149 13.2936
-195.001 -1636.96 393.013 410149 13.2957
-194.626 -1635.38 393.102 410149 13.2824
-194.251 -1633.79 393.172 420149 13.262
-193.871 -1632.18 393.245 420149 13.0377
-193.497 -1630.56 393.319 420149 12.9828
-193.125 -1628.95 393.395 420149 12.8047
-192.758 -1627.34 393.471 420149 12.7382
-192.393 -1625.72 393.548 420149 12.6011
-192.032 -1624.1 393.626 420149 12.5105
-191.667 -1622.46 393.705 420149 12.4108
-191.306 -1620.82 393.785 420149 12.3314
-190.947 -1619.18 393.865 420149 12.266
-190.59 -1617.53 393.945 420149 12.1886
-190.235 -1615.89 394.025 420149 12.1507
-189.881 -1614.25 394.106 420149 11.9355
-189.53 -1612.59 394.186 420149 11.918
-189.18 -1610.93 394.266 420149 11.865
-188.831 -1609.27 394.345 420149 11.8593
-188.482 -1607.61 394.424 420149 11.8343
-188.135 -1605.95 394.501 420149 11.4688
-187.795 -1604.27 394.58 430149 11.1613
-187.466 -1602.6 394.662 430149 11.1963
-187.135 -1600.94 394.74 430149 11.215
-186.804 -1599.27 394.816 430149 11.2345
-186.472 -1597.6 394.889 430149 11.2394
-186.141 -1595.93 394.961 430149 11.2348
-185.809 -1594.26 395.033 430149 11.3266
-185.475 -1592.59 395.104 430149 11.296
-185.142 -1590.92 395.176 430149 11.2805
-184.81 -1589.26 395.249 430149 11.2327
-184.479 -1587.59 395.325 430149 11.1968
-184.149 -1585.92 395.403 430149 11.1402
-183.821 -1584.26 395.484 430149 11.0386
-183.498 -1582.6 395.569 430149 10.9811
-183.177 -1580.95 395.658 430149 10.8822
-182.858 -1579.29 395.754 430149 10.8302
-182.542 -1577.64 395.853 430149 10.6895
-182.229 -1575.98 395.963 430149 10.65
-181.918 -1574.32 396.075 430149 10.0102
-181.626 -1572.67 396.135 440149 10.0697
-181.334 -1571.03 396.206 440149 10.0697
-181.041 -1569.38 396.277 440149 9.95274
-180.752 -1567.73 396.349 440149 9.87155
-180.466 -1566.08 396.422 440149 9.87155
-180.179 -1564.44 396.495 440149 9.85154
-179.894 -1562.8 396.567 440149 9.65899
-179.615 -1561.16 396.64 440149 9.65413
-179.336 -1559.52 396.714 440149 9.65413
-179.057 -1557.88 396.787 440149 9.58621
-178.78 -1556.24 396.86 440149 9.45746
-178.507 -1554.6 396.934 440149 9.47656
-178.233 -1552.96 397.007 440149 9.47656
-177.96 -1551.32 397.08 440149 9.33651
-177.69 -1549.68 397.153 440149 9.28063
-177.422 -1548.04 397.225 440149 9.28063
-177.153 -1546.39 397.298 440149 9.26423
-176.886 -1544.75 397.37 440149 9.0876
-176.623 -1543.11 397.44 440149 9.0876
-176.36 -1541.46 397.511 440149 9.08759
-176.097 -1539.82 397.582 440149 8.99836
-175.836 -1538.17 397.651 440149 8.89316
-175.579 -1536.53 397.719 440149 8.89316
-175.321 -1534.88 397.787 440149 8.89319
-175.064 -1533.24 397.854 440149 8.73161
-174.811 -1531.59 397.919 440149 8.69951
-174.559 -1529.94 397.983 440149 8.69951
-174.307 -1528.3 398.047 440149 8.65895
-174.056 -1526.65 398.11 440149 8.50659
-173.809 -1525 398.17 440149 8.50656
-173.563 -1523.35 398.229 440149 8.50656
-173.316 -1521.71 398.289 440149 8.39399
-173.073 -1520.06 398.345 440149 8.3144
-172.832 -1518.41 398.399 440149 8.3144
-172.591 -1516.76 398.453 440149 8.3144
-172.35 -1515.11 398.507 440149 7.34818
-172.136 -1513.45 398.575 450149 7.52507
-171.918 -1511.8 398.64 450149 7.52506
-171.699 -1510.14 398.705 450149 7.52506
-171.48 -1508.49 398.77 450149 7.52506
-171.262 -1506.83 398.835 450149 7.52506
-171.043 -1505.18 398.9 450149 7.52638
-170.825 -1503.53 398.964 450149 7.52638
-170.608 -1501.88 399.029 450149 7.52638
-170.39 -1500.23 399.094 450149 7.52638
-170.172 -1498.58 399.159 450149 7.52638
-169.954 -1496.93 399.223 450149 7.52638
-169.736 -1495.29 399.288 450149 7.28304
-169.528 -1493.65 399.351 450149 6.75017
-169.334 -1492.02 399.411 450149 6.75017
-169.14 -1490.38 399.472 450149 6.75017
-168.947 -1488.74 399.532 450149 6.75017
-168.753 -1487.11 399.592 450149 6.75017
-168.559 -1485.47 399.653 450149 6.83301
-168.364 -1483.84 399.713 450149 6.83301
-168.169 -1482.21 399.773 450149 6.83301
-167.973 -1480.58 399.833 450149 6.83301
-167.778 -1478.95 399.893 450149 6.83301
-167.583 -1477.32 399.954 450149 6.83301
-167.387 -1475.69 400.014 450149 6.84098
-167.191 -1474.05 400.074 450149 6.68285
-166.999 -1472.42 400.134 450149 6.05847
-166.825 -1470.78 400.191 450149 6.05847
-166.651 -1469.14 400.247 450149 6.05847
-166.477 -1467.5 400.304 450149 6.05847
-166.303 -1465.86 400.361 450149 6.059
-166.128 -1464.21 400.418 450149 6.059
-165.952 -1462.56 400.475 450149 6.059
-165.777 -1460.9 400.532 450149 6.059
-165.601 -1459.25 400.589 450149 6.05899
-165.426 -1457.6 400.647 450149 6.05899
-165.25 -1455.94 400.704 450149 6.05735
-165.074 -1454.28 400.761 450149 6.05735
-164.898 -1452.62 400.819 450149 5.89553
-164.727 -1450.96 400.875 450149 5.26554
-164.573 -1449.3 400.929 450149 5.26554
-164.42 -1447.63 400.983 450149 5.26554
-164.267 -1445.97 401.036 450149 5.2673
-164.114 -1444.31 401.09 450149 5.2673
-163.961 -1442.65 401.144 450149 5.2673
-163.808 -1440.99 401.197 450149 5.2673
-163.655 -1439.33 401.251 450149 5.2673
-163.502 -1437.68 401.304 450149 5.2673
-163.349 -1436.02 401.358 450149 5.26731
-163.196 -1434.36 401.411 450149 5.26731
-163.043 -1432.7 401.465 450149 5.26731
-162.89 -1431.04 401.519 450149 5.0588
-162.743 -1429.38 401.571 450149 4.46653
-162.613 -1427.72 401.621 450149 4.46653
-162.484 -1426.06 401.671 450149 4.46462
-162.354 -1424.39 401.721 450149 4.46462
-162.224 -1422.73 401.771 450149 4.46462
-162.094 -1421.07 401.821 450149 4.46462
-161.965 -1419.41 401.871 450149 4.46462
-161.835 -1417.75 401.921 450149 4.46462
-161.705 -1416.09 401.97 450149 4.46462
-161.575 -1414.43 402.02 450149 4.46462
-161.446 -1412.76 402.07 450149 4.46462
-161.316 -1411.1 402.12 450149 4.46462
-161.186 -1409.44 402.17 450149 4.21976
-161.064 -1407.78 402.219 450149 3.65522
-160.957 -1406.12 402.265 450149 3.65713
-160.851 -1404.45 402.311 450149 3.65713
-160.745 -1402.79 402.357 450149 3.65713
-160.639 -1401.13 402.404 450149 3.65713
-160.532 -1399.46 402.45 450149 3.65713
-160.426 -1397.8 402.496 450149 3.65713
-160.32 -1396.14 402.542 450149 3.65522
-160.213 -1394.47 402.589 450149 3.65522
-160.107 -1392.81 402.635 450149 3.65522
-160.001 -1391.15 402.681 450149 3.65522
-159.895 -1389.48 402.727 450149 3.65522
-159.788 -1387.82 402.773 450149 3.38222
-159.69 -1386.16 402.818 450149 2.83948
-159.607 -1384.49 402.861 450149 2.83948
-159.525 -1382.83 402.904 450149 2.83948
-159.442 -1381.16 402.946 450149 2.83948
-159.36 -1379.5 402.989 450149 2.83948
-159.277 -1377.83 403.031 450149 2.83948
-159.195 -1376.17 403.074 450149 2.83757
-159.112 -1374.5 403.117 450149 2.83757
-159.03 -1372.84 403.159 450149 2.83757
-158.947 -1371.18 403.202 450149 2.83757
-158.865 -1369.51 403.244 450149 2.83757
-158.782 -1367.85 403.287 450149 2.83757
-158.7 -1366.18 403.329 450149 2.54918
-158.626 -1364.52 403.371 450149 2.01398
-158.567 -1362.85 403.41 450149 2.01398
-158.508 -1361.19 403.449 450149 2.01398
-158.45 -1359.52 403.488 450149 2.01398
-158.391 -1357.85 403.527 450149 2.01398
-158.333 -1356.19 403.566 450149 2.01206
-158.274 -1354.52 403.605 450149 2.01206
-158.216 -1352.86 403.644 450149 2.01206
-158.157 -1351.19 403.682 450149 2.01206
-158.099 -1349.53 403.721 450149 2.01206
-158.04 -1347.86 403.76 450149 2.01206
-157.982 -1346.2 403.799 450149 2.01398
-157.923 -1344.53 403.838 450149 1.72097
-157.873 -1342.86 403.876 450149 1.18103
-157.839 -1341.2 403.911 450149 1.18103
-157.804 -1339.53 403.947 450149 1.18103
-157.77 -1337.87 403.982 450149 1.18103
-157.736 -1336.2 404.018 450149 1.17912
-157.701 -1334.53 404.053 450149 1.17912
-157.667 -1332.87 404.088 450149 1.17912
-157.633 -1331.2 404.124 450149 1.17912
-157.598 -1329.53 404.159 450149 1.17912
-157.564 -1327.87 404.195 450149 1.17912
-157.53 -1326.2 404.23 450149 1.17912
-157.495 -1324.53 404.265 450149 1.17912
-157.461 -1322.87 404.301 450149 0.898911
-157.435 -1321.2 404.335 450149 0.339164
-157.425 -1319.53 404.367 450149 0.339164
-157.415 -1317.87 404.399 450149 0.339164
-157.405 -1316.2 404.431 450149 0.341073
-157.395 -1314.53 404.462 450149 0.341073
-157.386 -1312.87 404.494 450149 0.341073
-157.376 -1311.2 404.526 450149 0.341073
-157.366 -1309.53 404.558 450149 0.341073
-157.356 -1307.87 404.59 450149 0.341073
-157.346 -1306.2 404.622 450149 0.339163
-157.336 -1304.53 404.654 450149 0.339163
-157.326 -1302.87 404.685 450149 0.339162
-157.316 -1301.2 404.717 450149 -0.232209
-157.323 -1299.53 404.745 460149 -0.536871
-157.339 -1297.87 404.772 460149 -0.536871
-157.354 -1296.2 404.798 460149 -0.534962
-157.37 -1294.53 404.825 460149 -0.534962
-157.385 -1292.86 404.851 460149 -0.534962
-157.401 -1291.2 404.878 460149 -0.534962
-157.417 -1289.53 404.904 460149 -0.534962
-157.432 -1287.86 404.931 460149 -0.534962
-157.448 -1286.2 404.957 460149 -0.534963
-157.463 -1284.53 404.983 460149 -0.534963
-157.479 -1282.86 405.01 460149 -0.534963
-157.494 -1281.2 405.036 460149 -0.534963
-157.51 -1279.53 405.063 460149 -0.534963
-157.525 -1277.86 405.089 460149 -0.83824
-157.55 -1276.2 405.115 460149 -1.42557
-157.591 -1274.53 405.139 460149 -1.42557
-157.633 -1272.86 405.163 460149 -1.42557
-157.674 -1271.2 405.187 460149 -1.42557
-157.716 -1269.53 405.211 460149 -1.42557
-157.757 -1267.87 405.235 460149 -1.42557
-157.799 -1266.2 405.259 460149 -1.42365
-157.84 -1264.53 405.283 460149 -1.42365
-157.881 -1262.87 405.307 460149 -1.42365
-157.923 -1261.2 405.332 460149 -1.42365
-157.964 -1259.53 405.356 460149 -1.42365
-158.006 -1257.87 405.38 460149 -1.42365
-158.047 -1256.2 405.404 460149 -1.42556
-158.089 -1254.54 405.428 460149 -1.42556
-158.13 -1252.87 405.452 460149 -2.07925
-158.191 -1251.2 405.475 460149 -2.32892
-158.258 -1249.54 405.497 460149 -2.32892
-158.326 -1247.87 405.519 460149 -2.32892
-158.394 -1246.21 405.541 460149 -2.32893
-158.461 -1244.54 405.563 460149 -2.32893
-158.529 -1242.88 405.586 460149 -2.32893
-158.597 -1241.21 405.608 460149 -2.32893
-158.665 -1239.54 405.63 460149 -2.32893
-158.732 -1237.88 405.652 460149 -2.32893
-158.8 -1236.21 405.674 460149 -2.32702
-158.868 -1234.55 405.697 460149 -2.32702
-158.936 -1232.88 405.719 460149 -2.32702
-159.003 -1231.22 405.741 460149 -2.32702
-159.071 -1229.55 405.763 460149 -2.41938
-159.141 -1227.89 405.785 460149 -3.24457
-159.236 -1226.22 405.806 460149 -3.24647
-159.33 -1224.56 405.827 460149 -3.24647
-159.424 -1222.89 405.848 460149 -3.24647
-159.519 -1221.23 405.869 460149 -3.24647
-159.613 -1219.56 405.89 460149 -3.24647
-159.708 -1217.9 405.911 460149 -3.24647
-159.802 -1216.23 405.932 460149 -3.24462
-159.896 -1214.57 405.953 460149 -3.24462
-159.991 -1212.91 405.974 460149 -3.24462
-160.085 -1211.25 405.995 460149 -3.24462
-160.179 -1209.58 406.016 460149 -3.24462
-160.273 -1207.92 406.037 460149 -3.24462
-160.368 -1206.26 406.058 460149 -3.24659
-160.462 -1204.6 406.079 460149 -3.67586
-160.569 -1202.94 406.099 460149 -4.1778
-160.69 -1201.28 406.12 460149 -4.1778
-160.811 -1199.62 406.14 460149 -4.1778
-160.932 -1197.96 406.16 460149 -4.1778
-161.053 -1196.3 406.18 460149 -4.17384
-161.175 -1194.63 406.201 460149 -4.17384
-161.296 -1192.97 406.221 460149 -4.17384
-161.418 -1191.31 406.241 460149 -4.17384
-161.539 -1189.64 406.262 460149 -4.17384
-161.66 -1187.98 406.282 460149 -4.17384
-161.782 -1186.32 406.302 460149 -4.25441
-161.907 -1184.64 406.323 460149 -4.25441
-162.032 -1182.95 406.343 460149 -4.25441
-162.157 -1181.27 406.364 460149 -4.25441
-162.282 -1179.59 406.384 460149 -5.06278
-162.431 -1177.91 406.405 460149 -5.1987
-162.584 -1176.23 406.425 460149 -5.17944
-162.739 -1174.52 406.446 460149 -5.17944
-162.894 -1172.81 406.467 460149 -5.17944
-163.049 -1171.1 406.488 460149 -5.17944
-163.204 -1169.39 406.509 460149 -5.17944
-163.359 -1167.68 406.53 460149 -5.17944
-163.514 -1165.97 406.55 460149 -5.15694
-163.672 -1164.22 406.572 460149 -5.15694
-163.83 -1162.47 406.593 460149 -5.15694
-163.988 -1160.72 406.614 460149 -5.15694
-164.146 -1158.97 406.636 460149 -5.15694
-164.304 -1157.22 406.657 460149 -5.15694
-164.461 -1155.47 406.678 460149 -5.90602
-164.645 -1153.7 406.7 460149 -6.1583
-164.837 -1151.92 406.723 460149 -6.15831
-165.029 -1150.14 406.745 460149 -6.15831
-165.221 -1148.36 406.767 460149 -6.15831
-165.412 -1146.59 406.789 460149 -6.15831
-165.604 -1144.81 406.811 460149 -6.24493
-165.801 -1143.01 406.834 460149 -6.24493
-165.997 -1141.22 406.856 460149 -6.24494
-166.194 -1139.42 406.879 460149 -6.24494
-166.39 -1137.63 406.901 460149 -6.24494
-166.587 -1135.83 406.924 460149 -6.24494
-166.783 -1134.04 406.946 460149 -6.2162
-166.979 -1132.23 406.969 460149 -6.33967
-167.179 -1130.43 406.991 460149 -7.18475
-167.406 -1128.64 407.015 460149 -7.18475
-167.632 -1126.84 407.039 460149 -7.18475
-167.859 -1125.04 407.063 460149 -7.18476
-168.085 -1123.25 407.086 460149 -7.09087
-168.307 -1121.47 407.11 460149 -7.09087
-168.528 -1119.69 407.133 460149 -7.09087
-168.75 -1117.91 407.157 460149 -7.09087
-168.971 -1116.12 407.18 460149 -7.09087
-169.193 -1114.34 407.204 460149 -7.09087
-169.414 -1112.56 407.227 460149 -7.08157
-169.628 -1110.84 407.25 460149 -7.08157
-169.842 -1109.12 407.273 460149 -7.08157
-170.056 -1107.4 407.295 460149 -7.45034
-170.281 -1105.68 407.319 460149 -8.06123
-170.524 -1103.96 407.343 460149 -8.06123
-170.768 -1102.24 407.368 460149 -8.14325
-171.006 -1100.57 407.391 460149 -8.14325
-171.245 -1098.9 407.415 460149 -8.14325
-171.484 -1097.23 407.439 460149 -8.14325
-171.723 -1095.56 407.463 460149 -8.14325
-171.962 -1093.89 407.486 460149 -8.14325
-172.201 -1092.22 407.51 460149 -8.15317
-172.432 -1090.61 407.533 460149 -8.15318
-172.664 -1088.99 407.556 460149 -8.15318
-172.895 -1087.38 407.579 460149 -8.15318
-173.126 -1085.77 407.602 460149 -8.15318
-173.358 -1084.15 407.625 460149 -8.15318
-173.589 -1082.54 407.648 460149 -8.86489
-173.832 -1080.97 407.672 460149 -9.20973
-174.085 -1079.42 407.696 460149 -9.20973
-174.338 -1077.86 407.721 460149 -9.20973
-174.591 -1076.3 407.745 460149 -9.20973
-174.844 -1074.74 407.769 460149 -9.20974
-175.097 -1073.18 407.794 460149 -9.24198
-175.341 -1071.67 407.817 460149 -9.24198
-175.586 -1070.17 407.841 460149 -9.24199
-175.831 -1068.66 407.864 460149 -9.24199
-176.076 -1067.16 407.888 460149 -9.24199
-176.321 -1065.66 407.911 460149 -9.242
-176.565 -1064.15 407.935 0 -9.15844
-176.803 -1062.68 407.958 0 -9.15845
-177.041 -1061.2 407.981 0 -9.15845
-177.278 -1059.73 408.004 0 -9.15845
-177.516 -1058.26 408.027 0 -5.901
-177.669 -1056.77 408.04 0 -7.46349
-177.863 -1055.29 408.083 0 -9.6843
-178.114 -1053.82 408.105 0 -10.4301
-178.384 -1052.35 408.122 0 -10.4301
-178.655 -1050.88 408.139 0 -10.4301
-178.925 -1049.41 408.156 0 -10.4301
-179.196 -1047.94 408.173 0 -10.4301
-179.466 -1046.48 408.189 480149 -10.0301
-179.729 -1044.99 408.206 480149 -10.0301
-179.992 -1043.5 408.223 480149 -10.0606
-180.256 -1042.02 408.24 480149 -10.2822
-180.525 -1040.53 408.258 480149 -10.2822
-180.794 -1039.05 408.275 480149 -10.2822
-181.064 -1037.56 408.292 480149 -9.93811
-181.325 -1036.07 408.309 480149 -9.93811
-181.587 -1034.58 408.326 480149 -9.93811
-181.848 -1033.08 408.344 480149 -9.93811
-182.11 -1031.59 408.361 480149 -9.93811
-182.372 -1030.1 408.378 480149 -10.081
-182.637 -1028.6 408.395 0 -10.1419
-182.901 -1027.13 408.413 0 -10.1419
-183.165 -1025.65 408.43 0 -10.1419
-183.429 -1024.18 408.447 0 -10.1419
-183.693 -1022.7 408.464 0 -10.1419
-183.957 -1021.23 408.482 0 -10.1419
-184.221 -1019.75 408.499 0 -10.3147
-184.481 -1018.32 408.516 0 -10.3259
-184.741 -1016.9 408.532 0 -10.4964
-185.005 -1015.47 408.549 0 -10.4964
-185.27 -1014.04 408.566 0 -10.4964
-185.534 -1012.61 408.583 0 -10.4964
-185.799 -1011.19 408.6 0 -10.672
-186.06 -1009.8 408.617 0 -10.672
-186.322 -1008.41 408.633 0 -10.672
-186.584 -1007.02 408.65 0 -10.672
-186.845 -1005.63 408.666 0 -10.6883
-187.107 -1004.24 408.683 0 -10.8186
-187.373 -1002.86 408.699 0 -11.0254
-187.635 -1001.51 408.716 0 -11.0254
-187.897 -1000.17 408.732 0 -11.0254
-188.159 -998.82 408.748 0 -11.0254
-188.421 -997.474 408.764 0 -11.0254
-188.683 -996.129 408.781 0 -11.0254
-188.945 -994.784 408.797 0 -10.8836
-189.199 -993.463 408.813 0 -10.8836
-189.453 -992.143 408.829 0 -10.9684
-189.709 -990.822 408.845 0 -10.995
-189.965 -989.502 408.861 0 -10.995
-190.222 -988.182 408.878 0 -10.995
-190.478 -986.862 408.894 0 -10.9807
-190.732 -985.553 408.91 0 -10.9807
-190.986 -984.244 408.926 0 -10.9807
-191.24 -982.935 408.942 0 -10.9807
-191.494 -981.626 408.958 0 -10.9807
-191.748 -980.318 408.974 0 -10.9952
-192.002 -979.009 408.991 0 -11.0545
-192.257 -977.704 409.007 0 -11.0545
-192.512 -976.399 409.024 0 -11.0545
-192.767 -975.093 409.04 0 -11.0545
-193.022 -973.788 409.056 0 -11.0545
-193.277 -972.483 409.073 0 -11.0545
-193.532 -971.178 409.089 0 -11.0569
-193.788 -969.871 409.106 0 -11.0569
-194.043 -968.565 409.122 0 -11.0569
-194.298 -967.258 409.139 0 -11.0803
-194.554 -965.952 409.155 0 -11.098
-194.81 -964.646 409.172 0 -11.098
-195.067 -963.339 409.189 0 -11.0957
-195.324 -962.029 409.206 0 -11.0957
-195.581 -960.718 409.223 0 -11.0957
-195.838 -959.408 409.24 0 -11.0957
-196.095 -958.097 409.257 0 -11.0957
-196.352 -956.786 409.274 0 -11.0957
-196.609 -955.476 409.291 0 -11.0956
-196.865 -954.17 409.308 0 -11.1014
-197.121 -952.863 409.325 0 -11.1016
-197.378 -951.557 409.342 0 -11.1016
-197.634 -950.251 409.36 0 -11.1016
-197.89 -948.944 409.377 0 -11.1016
-198.147 -947.638 409.394 0 -11.1015
-198.401 -946.341 409.411 0 -11.1015
-198.656 -945.043 409.429 0 -11.1015
-198.91 -943.746 409.446 0 -11.1015
-199.165 -942.448 409.463 0 -11.092
-199.419 -941.151 409.48 0 -11.0723
-199.673 -939.853 409.498 0 -11.0312
-199.926 -938.558 409.516 0 -11.0312
-200.178 -937.264 409.533 0 -11.0312
-200.43 -935.969 409.551 0 -11.0312
-200.683 -934.674 409.569 0 -11.0312
-200.935 -933.379 409.586 0 -11.0312
-201.188 -932.084 409.604 0 -11.0169
-201.44 -930.786 409.622 0 -11.0169
-201.693 -929.489 409.639 0 -10.9759
-201.945 -928.191 409.662 0 -10.9672
-202.196 -926.893 409.685 0 -10.9672
-202.448 -925.595 409.708 0 -10.9672
-202.699 -924.297 409.731 0 -10.9677
-202.953 -922.99 409.754 0 -10.9677
-203.206 -921.683 409.777 0 -10.9677
-203.459 -920.377 409.8 0 -10.9677
-203.712 -919.07 409.823 0 -10.9677
-203.966 -917.763 409.846 0 -10.9677
-204.219 -916.456 409.869 0 -10.968
-204.473 -915.145 409.892 0 -10.968
-204.727 -913.835 409.915 0 -10.968
-204.981 -912.524 409.939 0 -10.9785
-205.235 -911.213 409.964 0 -10.9825
-205.49 -909.903 409.991 0 -10.9825
-205.744 -908.592 410.019 0 -10.98
-205.998 -907.284 410.045 0 -10.98
-206.252 -905.975 410.072 0 -10.98
-206.506 -904.666 410.099 0 -10.98
-206.759 -903.358 410.126 0 -10.98
-207.013 -902.049 410.153 0 -10.98
-207.267 -900.741 410.18 0 -10.9824
-207.521 -899.432 410.207 0 -10.9824
-207.775 -898.123 410.234 0 -10.9824
-208.029 -896.815 410.261 0 -10.9824
-208.283 -895.506 410.288 0 -10.9884
-208.537 -894.198 410.317 0 -10.9952
-208.791 -892.889 410.348 0 -10.9952
-209.046 -891.581 410.379 0 -10.9952
-209.3 -890.272 410.41 0 -10.9952
-209.554 -888.964 410.441 0 -10.9952
-209.808 -887.655 410.472 0 -10.9952
-210.062 -886.347 410.504 0 -10.9952
-210.317 -885.038 410.535 0 -10.9952
-210.571 -883.73 410.566 0 -10.9952
-210.825 -882.422 410.597 0 -10.9952
-211.079 -881.114 410.628 0 -10.9952
-211.333 -879.806 410.659 0 -10.9952
-211.588 -878.498 410.69 0 -10.9976
-211.842 -877.189 410.722 0 -11.0064
-212.096 -875.881 410.757 0 -11.0064
-212.351 -874.573 410.792 0 -11.0064
-212.605 -873.265 410.827 0 -11.0064
-212.86 -871.956 410.863 0 -11.0064
-213.114 -870.648 410.898 0 -11.0064
-213.369 -869.34 410.933 0 -11.004
-213.623 -868.031 410.968 0 -11.004
-213.877 -866.723 411.004 0 -11.004
-214.132 -865.415 411.039 0 -11.004
-214.386 -864.106 411.074 0 -11.004
-214.641 -862.798 411.11 0 -11.004
-214.895 -861.49 411.145 0 -11.0064
-215.149 -860.181 411.18 0 -11.0155
-215.404 -858.873 411.219 0 -11.0159
-215.659 -857.565 411.259 0 -11.0159
-215.913 -856.257 411.299 0 -11.0159
-216.168 -854.949 411.338 0 -11.0159
-216.423 -853.641 411.378 0 -11.0159
-216.677 -852.332 411.418 0 -11.0159
-216.932 -851.024 411.457 0 -11.0159
-217.187 -849.716 411.497 0 -11.0159
-217.441 -848.408 411.536 0 -11.0159
-217.696 -847.1 411.576 0 -11.0159
-217.951 -845.792 411.616 0 -11.0159
-218.205 -844.483 411.655 0 -11.0159
-218.46 -843.175 411.695 0 -11.0214
-218.715 -841.867 411.738 0 -11.0238
-218.97 -840.559 411.782 0 -11.0238
-219.224 -839.251 411.826 0 -11.0238
-219.479 -837.943 411.87 0 -11.0095
-219.734 -836.635 411.914 0 -11.0095
-219.988 -835.327 411.958 0 -11.0095
-220.243 -834.018 412.003 0 -11.0095
-220.497 -832.71 412.047 0 -11.0095
-220.752 -831.401 412.091 0 -11.0095
-221.006 -830.093 412.135 0 -11.0214
-221.261 -828.785 412.179 0 -11.0214
-221.516 -827.478 412.223 0 -11.0214
-221.77 -826.17 412.267 0 -11.024
-222.025 -824.863 412.314 0 -11.0276
-222.28 -823.555 412.362 0 -11.0276
-222.535 -822.248 412.411 0 -11.0992
-222.791 -820.941 412.46 0 -11.0992
-223.048 -819.634 412.509 0 -11.0992
-223.304 -818.327 412.558 0 -11.0992
-223.56 -817.02 412.606 0 -11.0992
-223.817 -815.713 412.655 0 -11.0992
-224.073 -814.407 412.704 0 -11.1949
-224.331 -813.101 412.753 0 -11.1949
-224.59 -811.796 412.801 0 -11.1949
-224.848 -810.49 412.85 0 -11.1949
-225.106 -809.185 412.899 0 -11.1956
-225.365 -807.88 412.948 0 -11.1994
-225.623 -806.574 413.002 0 -11.2545
-225.883 -805.27 413.056 0 -11.2545
-226.143 -803.965 413.109 0 -11.2545
-226.402 -802.66 413.163 0 -11.2545
-226.662 -801.356 413.216 0 -11.2545
-226.921 -800.051 413.27 0 -11.2545
-227.181 -798.746 413.323 0 -11.2354
-227.44 -797.442 413.377 0 -11.2354
-227.699 -796.138 413.43 0 -11.2354
-227.958 -794.833 413.484 0 -11.2354
-228.217 -793.529 413.538 0 -11.2354
-228.477 -792.224 413.591 0 -11.2354
-228.736 -790.92 413.645 0 -11.2259
-228.994 -789.616 413.702 0 -11.2263
-229.253 -788.312 413.761 0 -11.2263
-229.512 -787.008 413.819 0 -11.2263
-229.771 -785.704 413.878 0 -11.2263
-230.03 -784.4 413.936 0 -11.2263
-230.289 -783.097 413.995 0 -11.2309
-230.548 -781.791 414.054 0 -11.2309
-230.807 -780.485 414.112 0 -11.2309
-231.066 -779.18 414.171 0 -11.2309
-231.325 -777.874 414.229 0 -11.2309
-231.585 -776.569 414.288 0 -11.2309
-231.844 -775.263 414.346 0 -11.2046
-232.103 -773.957 414.405 0 -11.2053
-232.361 -772.652 414.467 0 -11.2058
-232.62 -771.346 414.53 0 -11.2058
-232.879 -770.04 414.594 0 -11.2058
-233.137 -768.734 414.658 0 -11.2058
-233.396 -767.429 414.721 0 -11.1581
-233.653 -766.125 414.785 0 -11.1581
-233.91 -764.821 414.849 0 -11.1581
-234.167 -763.518 414.912 0 -11.1581
-234.425 -762.214 414.976 0 -11.1581
-234.682 -760.91 415.039 0 -11.1581
-234.939 -759.607 415.103 0 -11.1006
-235.196 -758.299 415.167 0 -11.1006
-235.452 -756.99 415.231 0 -11.1806
-235.711 -755.682 415.293 0 -11.2187
-235.97 -754.375 415.356 0 -11.2187
-236.229 -753.067 415.418 0 -11.2187
-236.489 -751.759 415.481 0 -11.2496
-236.752 -750.435 415.545 0 -11.2496
-237.016 -749.111 415.609 0 -11.2496
-237.279 -747.787 415.672 0 -11.2496
-237.542 -746.463 415.736 0 -11.2496
-237.806 -745.139 415.8 0 -11.2496
-238.069 -743.814 415.863 0 -11.1845
-238.336 -742.466 415.928 0 -11.1845
-238.603 -741.117 415.993 0 -11.1845
-238.869 -739.768 416.058 0 -11.1845
-239.136 -738.419 416.123 0 -11.1845
-239.403 -737.07 416.188 0 -11.1083
-239.668 -735.721 416.255 0 -11.122
-239.935 -734.359 416.323 0 -11.122
-240.203 -732.998 416.392 0 -11.122
-240.471 -731.636 416.46 0 -11.122
-240.738 -730.275 416.528 0 -11.122
-241.006 -728.913 416.597 0 -11.122
-241.273 -727.552 416.665 0 -11.0848
-241.538 -726.202 416.733 0 -11.0848
-241.802 -724.853 416.801 0 -11.0848
-242.067 -723.503 416.869 0 -11.0848
-242.331 -722.154 416.937 0 -11.0848
-242.596 -720.804 417.004 0 -11.0848
-242.86 -719.454 417.072 0 -11.164
-243.121 -718.131 417.139 0 -11.1436
-243.382 -716.807 417.206 0 -11.0094
-243.64 -715.483 417.274 0 -11.0094
-243.897 -714.158 417.342 0 -11.0094
-244.155 -712.834 417.411 0 -11.0094
-244.413 -711.51 417.479 0 -10.9691
-244.666 -710.203 417.547 0 -10.9691
-244.919 -708.896 417.614 0 -10.9691
-245.172 -707.589 417.682 0 -10.9691
-245.426 -706.282 417.749 0 -10.9691
-245.679 -704.975 417.817 0 -10.9691
-245.932 -703.668 417.884 0 -10.9666
-246.185 -702.366 417.951 0 -10.9666
-246.437 -701.063 418.019 0 -10.9666
-246.69 -699.76 418.086 0 -10.9666
-246.942 -698.458 418.153 0 -10.9623
-247.194 -697.155 418.22 0 -10.7546
-247.442 -695.852 418.289 0 -10.7571
-247.69 -694.545 418.357 0 -10.7571
-247.938 -693.239 418.425 0 -10.7571
-248.186 -691.932 418.493 0 -10.7571
-248.435 -690.626 418.561 0 -10.7571
-248.683 -689.319 418.63 0 -10.7571
-248.931 -688.013 418.698 0 -10.7571
-249.18 -686.704 418.766 0 -10.7571
-249.428 -685.396 418.835 0 -10.7571
-249.677 -684.087 418.903 0 -10.7571
-249.926 -682.778 418.971 0 -10.7571
-250.174 -681.469 419.04 0 -10.7571
-250.423 -680.161 419.108 0 -10.7571
-250.671 -678.853 419.176 0 -10.7571
-250.92 -677.546 419.245 0 -10.5244
-251.163 -676.237 419.313 0 -10.4878
-251.405 -674.929 419.381 0 -10.4878
-251.647 -673.62 419.449 0 -10.4878
-251.89 -672.312 419.517 0 -10.4879
-252.132 -671.001 419.585 0 -10.4879
-252.375 -669.69 419.653 0 -10.4879
-252.618 -668.379 419.721 0 -10.4879
-252.86 -667.068 419.79 0 -10.4879
-253.103 -665.757 419.858 0 -10.4879
-253.346 -664.446 419.926 0 -10.4879
-253.589 -663.133 419.994 0 -10.4879
-253.832 -661.819 420.063 0 -10.4879
-254.075 -660.506 420.131 0 -10.4879
-254.318 -659.192 420.199 0 -10.4879
-254.561 -657.879 420.267 0 -10.246
-254.799 -656.564 420.335 0 -10.1613
-255.034 -655.253 420.402 0 -10.1613
-255.269 -653.942 420.469 0 -10.1613
-255.504 -652.63 420.536 0 -10.1613
-255.739 -651.319 420.602 0 -10.1613
-255.974 -650.008 420.669 0 -10.1613
-256.209 -648.696 420.736 0 -10.1201
-256.441 -647.399 420.802 0 -10.1201
-256.672 -646.102 420.868 0 -10.1201
-256.904 -644.804 420.935 0 -10.1201
-257.135 -643.507 421.001 0 -10.1201
-257.367 -642.209 421.067 0 -10.1201
-257.599 -640.912 421.133 0 -10.1609
-257.827 -639.64 421.198 0 -10.1609
-258.055 -638.367 421.263 0 -9.98206
-258.279 -637.094 421.327 0 -9.77712
-258.498 -635.82 421.389 0 -9.77712
-258.718 -634.546 421.452 0 -9.77712
-258.937 -633.272 421.515 0 -9.77426
-259.152 -632.027 421.576 0 -9.77426
-259.366 -630.782 421.637 0 -9.77426
-259.581 -629.537 421.698 0 -9.77426
-259.795 -628.292 421.76 0 -9.77426
-260.01 -627.047 421.821 0 -9.77426
-260.224 -625.802 421.882 0 -9.78157
-260.434 -624.587 421.942 0 -9.78157
-260.643 -623.372 422.002 0 -9.78157
-260.852 -622.158 422.062 0 -9.78157
-261.062 -620.943 422.121 0 -9.78157
-261.271 -619.728 422.181 0 -9.78157
-261.481 -618.513 422.241 0 -9.59817
-261.681 -617.33 422.298 0 -9.33773
-261.875 -616.146 422.353 0 -9.33773
-262.07 -614.963 422.408 0 -9.33773
-262.265 -613.779 422.463 0 -9.33773
-262.459 -612.595 422.518 0 -9.33773
-262.654 -611.411 422.574 0 -9.37801
-262.846 -610.249 422.628 0 -9.37801
-263.038 -609.086 422.682 0 -9.37801
-263.23 -607.924 422.736 0 -9.37801
-263.422 -606.761 422.79 0 -9.37801
-263.614 -605.599 422.844 0 -9.37801
-263.806 -604.436 422.899 0 -9.38061
-263.999 -603.269 422.953 0 -9.38061
-264.191 -602.103 423.007 0 -9.38061
-264.384 -600.936 423.062 0 -9.38061
-264.577 -599.77 423.116 0 -9.38061
-264.77 -598.603 423.171 0 -9.17637
-264.958 -597.436 423.223 0 -8.79758
-265.142 -596.246 423.275 0 -8.79758
-265.327 -595.056 423.326 0 -8.79758
-265.511 -593.865 423.378 0 -8.79758
-265.695 -592.675 423.429 0 -8.79758
-265.879 -591.485 423.48 0 -8.79758
-266.063 -590.294 423.532 0 -8.83743
-266.251 -589.089 423.584 0 -8.83743
-266.438 -587.883 423.636 0 -8.83743
-266.626 -586.678 423.688 0 -8.83743
-266.813 -585.472 423.74 0 -8.83743
-267.001 -584.266 423.793 0 -8.83743
-267.188 -583.061 423.845 0 -8.79518
-267.373 -581.865 423.896 0 -8.79518
-267.558 -580.67 423.948 0 -8.79518
-267.743 -579.475 424 0 -8.79518
-267.928 -578.28 424.051 0 -8.3788
-268.104 -577.083 424.099 0 -8.24043
-268.277 -575.886 424.146 0 -8.3279
-268.449 -574.715 424.192 0 -8.3279
-268.62 -573.543 424.238 0 -8.3279
-268.792 -572.372 424.283 0 -8.3279
-268.963 -571.201 424.329 0 -8.3279
-269.135 -570.03 424.375 0 -8.3279
-269.306 -568.859 424.421 0 -8.28466
-269.474 -567.706 424.466 0 -8.28466
-269.642 -566.553 424.511 0 -8.28466
-269.81 -565.4 424.556 0 -8.28466
-269.978 -564.247 424.601 0 -8.28466
-270.145 -563.094 424.646 0 -8.28466
-270.313 -561.941 424.691 0 -8.28187
-270.481 -560.792 424.736 0 -8.28188
-270.648 -559.644 424.781 0 -8.28188
-270.815 -558.495 424.825 0 -8.74639
-270.992 -557.344 424.87 0 -8.59406
-271.166 -556.196 424.914 0 -8.59406
-271.339 -555.048 424.958 0 -8.59684
-271.513 -553.897 425.003 0 -8.59684
-271.687 -552.746 425.047 0 -8.59684
-271.861 -551.594 425.092 0 -8.59684
-272.035 -550.443 425.136 0 -8.59684
-272.209 -549.292 425.18 0 -8.32555
-272.378 -548.14 425.223 0 -8.23326
-272.545 -546.986 425.265 0 -8.23326
-272.712 -545.831 425.307 0 -8.23326
-272.879 -544.677 425.349 0 -8.23326
-273.046 -543.523 425.391 0 -8.23326
-273.213 -542.369 425.433 0 -8.23326
-273.38 -541.215 425.475 0 -8.23599
-273.547 -540.061 425.517 0 -8.08238
-273.711 -538.907 425.557 0 -7.9188
-273.871 -537.752 425.596 0 -7.9188
-274.032 -536.597 425.636 0 -7.9188
-274.193 -535.443 425.675 0 -7.9188
-274.353 -534.288 425.714 0 -7.9188
-274.514 -533.133 425.753 0 -7.9188
-274.675 -531.978 425.792 0 -7.9188
-274.835 -530.823 425.832 0 -7.85971
-274.995 -529.668 425.87 0 -7.64535
-275.15 -528.513 425.907 0 -7.64535
-275.305 -527.357 425.943 0 -7.64535
-275.46 -526.202 425.979 0 -7.64535
-275.615 -525.046 426.016 0 -7.64535
-275.77 -523.89 426.052 0 -7.64535
-275.925 -522.735 426.088 0 -7.64535
-276.08 -521.579 426.124 0 -7.64535
-276.236 -520.424 426.161 0 -7.42495
-276.386 -519.267 426.194 0 -7.41293
-276.537 -518.111 426.227 0 -7.41293
-276.687 -516.955 426.261 0 -7.41293
-276.838 -515.798 426.294 0 -7.41293
-276.988 -514.642 426.327 0 -7.41293
-277.139 -513.486 426.36 0 -7.41294
-277.289 -512.329 426.394 0 -7.41294
-277.44 -511.172 426.427 0 -7.28661
-277.587 -510.015 426.458 0 -7.22704
-277.734 -508.858 426.488 0 -7.22704
-277.881 -507.701 426.518 0 -7.22704
-278.028 -506.543 426.548 0 -7.22977
-278.174 -505.387 426.578 0 -7.22977
-278.321 -504.23 426.608 0 -7.22977
-278.468 -503.073 426.638 0 -7.22977
-278.615 -501.916 426.667 0 -7.17134
-278.76 -500.759 426.696 0 -7.08767
-278.904 -499.601 426.723 0 -7.08494
-279.048 -498.444 426.749 0 -7.08494
-279.192 -497.287 426.775 0 -7.08494
-279.336 -496.129 426.802 0 -7.08494
-279.48 -494.972 426.828 0 -7.08494
-279.623 -493.815 426.855 0 -7.08494
-279.767 -492.657 426.881 0 -7.07381
-279.911 -491.5 426.907 0 -6.98937
-280.053 -490.342 426.93 0 -6.98937
-280.195 -489.185 426.953 0 -6.98937
-280.337 -488.027 426.976 0 -6.98937
-280.479 -486.869 426.999 0 -6.98937
-280.621 -485.712 427.022 0 -6.98937
-280.762 -484.554 427.045 0 -6.98937
-280.904 -483.396 427.067 0 -6.98937
-281.046 -482.239 427.09 0 -6.94196
-281.187 -481.081 427.11 0 -6.93487
-281.328 -479.923 427.129 0 -6.93487
-281.469 -478.765 427.148 0 -6.93487
-281.61 -477.607 427.167 0 -6.93487
-281.751 -476.449 427.186 0 -6.93487
-281.891 -475.292 427.205 0 -6.93487
-282.032 -474.134 427.224 0 -6.93487
-282.173 -472.976 427.243 0 -6.92848
-282.314 -471.818 427.259 0 -6.92145
-282.454 -470.66 427.274 0 -6.92145
-282.595 -469.502 427.289 0 -6.92145
-282.736 -468.344 427.304 0 -6.92145
-282.876 -467.186 427.319 0 -6.92145
-283.017 -466.028 427.334 0 -6.92145
-283.157 -464.87 427.349 0 -6.92417
-283.298 -463.713 427.364 0 -6.33468
-283.426 -462.559 427.399 0 -6.16603
-283.551 -461.401 427.438 0 -6.16765
-283.676 -460.242 427.476 0 -6.21192
-283.802 -459.084 427.504 0 -6.21192
-283.928 -457.926 427.531 0 -6.21542
-284.055 -456.765 427.556 0 -6.23067
-284.181 -455.605 427.574 0 -6.23067
-284.308 -454.444 427.592 0 -6.22904
-284.435 -453.284 427.607 0 -6.2277
-284.561 -452.123 427.618 0 -6.2277
-284.688 -450.962 427.63 0 -6.20832
-284.815 -449.797 427.637 0 -6.20306
-284.941 -448.632 427.644 0 -6.19898
-285.068 -447.467 427.651 0 -6.15123
-285.194 -446.302 427.656 0 -6.15123
-285.319 -445.137 427.661 0 -6.12451
-285.444 -443.972 427.667 0 -6.07498
-285.568 -442.805 427.672 0 -6.07498
-285.693 -441.638 427.677 0 -6.01195
-285.815 -440.471 427.685 0 -5.97428
-285.938 -439.304 427.693 0 -5.97428
-286.06 -438.137 427.701 0 -5.86131
-286.18 -436.969 427.714 0 -5.8763
-286.3 -435.803 427.727 0 -5.84963
-286.419 -434.637 427.742 0 -5.72675
-286.536 -433.471 427.763 0 -5.72675
-286.653 -432.305 427.784 0 -5.83424
-286.772 -431.138 427.78 0 -5.81576
-286.891 -429.972 427.775 0 -5.81425
-287.009 -428.811 427.771 0 -5.82132
-287.128 -427.649 427.774 0 -5.82132
-287.246 -426.488 427.776 0 -5.81719
-287.364 -425.326 427.781 0 -5.81099
-287.483 -424.165 427.789 0 -5.81099
-287.601 -423.003 427.797 0 -5.79743
-287.719 -421.844 427.808 0 -5.78758
-287.836 -420.684 427.82 0 -5.78758
-287.954 -419.525 427.832 0 -5.74418
-288.07 -418.365 427.846 0 -5.74013
-288.187 -417.205 427.86 0 -5.72888
-288.303 -416.046 427.875 0 -5.67137
-288.418 -414.885 427.889 0 -5.67137
-288.534 -413.724 427.904 0 -5.63508
-288.648 -412.563 427.918 0 -5.58681
-288.762 -411.402 427.931 0 -5.58681
-288.875 -410.242 427.945 0 -5.5158
-288.987 -409.08 427.956 0 -5.48096
-289.099 -407.919 427.966 0 -5.48096
-289.21 -406.758 427.976 0 -5.36555
-289.319 -405.597 427.981 0 -5.35928
-289.428 -404.435 427.986 0 -5.32996
-289.537 -403.274 427.99 0 -5.21907
-289.643 -402.112 427.989 0 -5.2218
-289.749 -400.95 427.987 0 -5.3669
-289.858 -399.788 427.989 0 -5.35257
-289.967 -398.626 427.99 0 -5.35257
-290.076 -397.465 427.99 0 -5.17562
-290.181 -396.303 427.991 0 -5.1649
-290.286 -395.141 427.991 0 -5.16217
-290.391 -393.979 427.991 0 -5.0206
-290.493 -392.817 427.99 0 -5.01933
-290.595 -391.655 427.989 0 -5.01562
-290.697 -390.493 427.989 0 -4.92132
-290.797 -389.33 427.987 0 -4.92132
-290.897 -388.168 427.986 0 -4.92236
-290.998 -387.006 427.984 0 -4.87361
-291.097 -385.843 427.981 0 -4.87361
-291.196 -384.681 427.979 0 -4.87255
-291.295 -383.518 427.976 0 -4.86526
-291.394 -382.356 427.972 0 -4.86526
-291.493 -381.194 427.969 0 -4.86597
-291.592 -380.031 427.965 0 -4.89629
-291.691 -378.869 427.959 0 -4.89629
-291.791 -377.706 427.954 0 -4.91334
-291.891 -376.544 427.949 0 -4.97761
-291.992 -375.382 427.942 0 -4.97761
-292.093 -374.22 427.935 0 -5.01171
-292.195 -373.058 427.928 0 -5.1065
-292.299 -371.896 427.92 0 -5.1065
-292.403 -370.735 427.911 0 -5.15532
-292.507 -369.573 427.902 0 -5.27748
-292.615 -368.412 427.892 0 -5.27748
-292.722 -367.251 427.882 0 -5.14422
-292.827 -366.089 427.878 0 -5.01123
-292.929 -364.927 427.875 0 -4.74147
-293.025 -363.764 427.869 0 -4.45172
-293.115 -362.601 427.86 0 -4.31668
-293.203 -361.438 427.849 0 -4.19745
-293.289 -360.275 427.838 0 -4.08772
-293.372 -359.111 427.825 0 -4.06664
-293.455 -357.947 427.812 0 -4.07023
-293.537 -356.783 427.799 0 -4.11775
-293.621 -355.619 427.787 0 -4.24283
-293.708 -354.456 427.776 0 -4.36585
-293.796 -353.292 427.766 0 -4.5179
-293.888 -352.129 427.758 0 -4.83859
-293.987 -350.967 427.753 0 -4.31824
-294.074 -349.806 427.739 0 -4.34875
-294.163 -348.643 427.725 0 -4.34875
-294.251 -347.48 427.711 0 -4.34875
-294.34 -346.316 427.697 0 -4.35148
-294.428 -345.154 427.682 0 -4.35148
-294.517 -343.991 427.668 0 -4.35148
-294.605 -342.828 427.654 0 -4.35148
-294.694 -341.665 427.64 0 -4.35148
-294.782 -340.503 427.626 0 -4.35148
-294.871 -339.34 427.611 0 -4.34875
-294.959 -338.177 427.597 0 -4.34875
-295.047 -337.014 427.583 0 -4.34875
-295.136 -335.85 427.569 0 -4.1337
-295.22 -334.687 427.552 0 -3.9938
-295.301 -333.523 427.534 0 -3.9938
-295.382 -332.36 427.516 0 -3.99925
-295.464 -331.196 427.498 0 -3.99925
-295.545 -330.031 427.48 0 -3.99925
-295.627 -328.867 427.462 0 -3.99925
-295.708 -327.703 427.444 0 -3.99925
-295.789 -326.539 427.427 0 -3.99925
-295.871 -325.374 427.409 0 -3.99655
-295.952 -324.213 427.391 0 -3.99655
-296.033 -323.051 427.373 0 -3.99655
-296.114 -321.889 427.355 0 -3.99655
-296.196 -320.727 427.337 0 -3.90638
-296.275 -319.565 427.318 0 -3.65554
-296.349 -318.402 427.296 0 -3.65284
-296.423 -317.243 427.275 0 -3.65284
-296.497 -316.085 427.253 0 -3.65284
-296.571 -314.926 427.231 0 -3.65284
-296.645 -313.767 427.21 0 -3.65284
-296.719 -312.608 427.188 0 -3.65284
-296.793 -311.449 427.166 0 -3.64461
-296.867 -310.286 427.145 0 -3.64461
-296.941 -309.123 427.123 0 -3.64461
-297.015 -307.96 427.101 0 -3.64461
-297.089 -306.797 427.079 0 -3.64461
-297.163 -305.634 427.058 0 -3.64461
-297.238 -304.471 427.036 0 -3.47912
-297.309 -303.288 427.01 0 -3.44383
-297.381 -302.106 426.985 0 -3.44383
-297.452 -300.924 426.959 0 -3.44383
-297.523 -299.742 426.933 0 -3.44383
-297.594 -298.56 426.907 0 -3.44383
-297.665 -297.378 426.881 0 -3.44263
-297.738 -296.16 426.854 0 -3.44263
-297.812 -294.942 426.827 0 -3.44263
-297.885 -293.724 426.8 0 -3.44263
-297.958 -292.506 426.773 0 -3.44263
-298.031 -291.288 426.747 0 -3.44263
-298.105 -290.069 426.72 0 -3.38968
-298.18 -288.807 426.692 0 -3.07802
-298.247 -287.545 426.66 0 -3.07724
-298.315 -286.283 426.628 0 -3.07724
-298.383 -285.02 426.596 0 -3.07724
-298.451 -283.758 426.564 0 -3.07724
-298.519 -282.496 426.532 0 -3.08005
-298.589 -281.198 426.5 0 -3.08005
-298.659 -279.899 426.467 0 -3.08005
-298.728 -278.601 426.434 0 -3.08005
-298.798 -277.303 426.401 0 -3.08005
-298.868 -276.004 426.368 0 -3.08005
-298.938 -274.706 426.335 0 -3.19716
-299.012 -273.389 426.302 0 -2.92696
-299.079 -272.072 426.264 0 -2.89802
-299.146 -270.755 426.227 0 -2.89802
-299.212 -269.437 426.189 0 -2.89802
-299.279 -268.12 426.151 0 -2.89802
-299.346 -266.803 426.113 0 -2.89267
-299.412 -265.482 426.075 0 -2.89267
-299.479 -264.161 426.037 0 -2.89267
-299.546 -262.839 425.999 0 -2.89267
-299.613 -261.518 425.961 0 -2.89267
-299.679 -260.197 425.923 0 -2.89266
-299.746 -258.876 425.885 0 -2.86546
-299.812 -257.559 425.847 0 -2.61285
-299.872 -256.242 425.805 0 -2.61285
-299.932 -254.924 425.762 0 -2.61285
-299.992 -253.606 425.72 0 -2.61284
-300.053 -252.289 425.678 0 -2.61284
-300.113 -250.971 425.635 0 -2.60092
-300.173 -249.655 425.593 0 -2.60092
-300.232 -248.338 425.551 0 -2.60091
-300.292 -247.022 425.508 0 -2.60091
-300.352 -245.705 425.466 0 -2.60091
-300.412 -244.389 425.423 0 -2.60091
-300.472 -243.072 425.381 0 -2.46075
-300.528 -241.751 425.337 0 -2.27128
-300.581 -240.429 425.29 0 -2.27128
-300.633 -239.108 425.243 0 -2.27128
-300.686 -237.786 425.196 0 -2.27127
-300.738 -236.465 425.149 0 -2.27127
-300.79 -235.144 425.102 0 -2.20125
-300.841 -233.817 425.054 0 -2.20125
-300.892 -232.49 425.007 0 -2.20125
-300.943 -231.163 424.96 0 -2.20125
-300.994 -229.837 424.913 0 -2.20125
-301.045 -228.51 424.865 0 -2.20125
-301.096 -227.183 424.818 0 -2.00541
-301.143 -225.852 424.768 0 -1.88881
-301.187 -224.521 424.716 0 -1.88881
-301.231 -223.19 424.664 0 -1.88881
-301.275 -221.859 424.612 0 -1.88881
-301.319 -220.529 424.559 0 -1.88881
-301.362 -219.198 424.507 0 -1.87926
-301.406 -217.865 424.455 0 -1.87926
-301.45 -216.533 424.403 0 -1.87926
-301.494 -215.201 424.351 0 -1.87926
-301.537 -213.869 424.299 0 -1.87926
-301.581 -212.537 424.246 0 -1.87926
-301.625 -211.204 424.194 0 -1.68465
-301.664 -209.872 424.138 0 -1.64782
-301.702 -208.54 424.081 0 -1.64782
-301.741 -207.208 424.024 0 -1.64782
-301.779 -205.876 423.967 0 -1.64782
-301.817 -204.543 423.91 0 -1.64782
-301.856 -203.211 423.853 0 -1.64544
-301.894 -201.88 423.796 0 -1.64544
-301.932 -200.549 423.739 0 -1.64544
-301.97 -199.218 423.682 0 -1.64544
-302.008 -197.887 423.625 0 -1.64544
-302.047 -196.555 423.568 0 -1.95253
-302.092 -195.224 423.511 0 -2.05153
-302.14 -193.893 423.45 0 -2.05153
-302.187 -192.562 423.389 0 -2.05153
-302.235 -191.231 423.328 0 -2.05153
-302.283 -189.9 423.267 0 -2.05153
-302.33 -188.569 423.205 0 -2.05153
-302.378 -187.238 423.144 0 -2.05153
-302.426 -185.907 423.083 0 -2.05153
-302.474 -184.576 423.022 0 -2.05153
-302.521 -183.245 422.961 0 -2.05153
-302.569 -181.914 422.9 0 -2.05153
-302.617 -180.583 422.839 0 -2.05153
-302.664 -179.252 422.778 0 -1.99586
-302.711 -177.921 422.716 0 -1.9828
-302.757 -176.59 422.653 0 -1.9828
-302.803 -175.259 422.59 0 -1.9828
-302.849 -173.928 422.528 0 -1.9828
-302.895 -172.597 422.465 0 -1.9828
-302.941 -171.266 422.403 0 -1.98519
-302.987 -169.933 422.34 0 -1.98519
-303.033 -168.599 422.277 0 -1.98519
-303.08 -167.266 422.215 0 -1.98519
-303.126 -165.933 422.152 0 -1.98519
-303.172 -164.6 422.089 0 -1.98519
-303.218 -163.267 422.027 0 -1.9828
-303.264 -161.939 421.964 0 -1.93058
-303.309 -160.611 421.901 0 -1.93022
-303.354 -159.282 421.837 0 -1.93022
-303.399 -157.954 421.774 0 -1.93022
-303.443 -156.626 421.71 0 -1.93022
-303.488 -155.297 421.647 0 0
