6.92297e-310 6.92297e-310 0 0 0
48.2417 0 0 0 0
48.2417 0 0 0 0
48.2417 0 0 0 0
48.2417 0 0 0 0
48.2417 0 0 0 0
48.5416 0 0 0 0
48.5416 0 0 0 0
48.5416 0 0 0 0
48.5416 0 0 0 0
48.5416 0 0 0 0
48.5416 0 0 0 0
48.9713 0 0 0 0
48.9713 0 0 0 0
48.9713 0 0 0 0
48.9713 0 0 0 0
48.9713 0 0 0 0
48.9713 0 0 0 0
49.3927 0 0 0 0
49.3927 0 0 0 0
49.3927 0 0 0 0
49.3927 0 0 0 0
49.3927 0 0 0 0
49.3927 0 0 0 0
49.3901 0 0 0 0
49.3901 0 0 0 0
49.3901 0 0 0 0
49.3901 0 0 0 0
49.3901 0 0 0 0
49.3901 0 0 0 0
48.8117 0 0 0 0
48.8117 0 0 0 0
48.8117 0 0 0 0
48.8117 0 0 0 0
48.8117 0 0 0 0
48.8117 0 0 0 0
48.1151 0 0 0 0
48.1151 0 0 0 0
48.1151 0 0 0 0
48.1151 0 0 0 0
48.1151 0 0 0 0
48.1151 0 0 0 0
47.8053 0 0 0 0
47.8053 0 0 0 0
47.8053 0 0 0 0
47.8053 0 0 0 0
47.8053 0 0 0 0
47.8053 0 0 0 0
48.083 0 0 0 0
48.083 0 0 0 0
48.083 0 0 0 0
48.083 0 0 0 0
48.083 0 0 0 0
48.083 0 0 0 0
48.7612 0 0 0 0
48.7612 0 0 0 0
48.7612 0 0 0 0
48.7612 0 0 0 0
48.7612 0 0 0 0
48.7612 0 0 0 0
49.4902 0 0 0 0
49.4902 0 0 0 0
49.4902 0 0 0 0
49.4902 0 0 0 0
49.4902 0 0 0 0
49.4902 0 0 0 0
49.98 0 0 0 0
49.98 0 0 0 0
49.98 0 0 0 0
49.98 0 0 0 0
49.98 0 0 0 0
49.98 0 0 0 0
50.1102 0 0 0 0
50.1102 0 0 0 0
50.1102 0 0 0 0
50.1102 0 0 0 0
50.1102 0 0 0 0
50.1102 0 0 0 0
50.05 0 0 0 0
50.05 0 0 0 0
50.05 0 0 0 0
50.05 0 0 0 0
50.05 0 0 0 0
50.05 0 0 0 0
50.0101 0 0 0 0
50.0101 0 0 0 0
50.0101 0 0 0 0
50.0101 0 0 0 0
50.0101 0 0 0 0
50.0101 0 0 0 0
49.9901 0 0 0 0
49.9901 0 0 0 0
49.9901 0 0 0 0
49.9901 0 0 0 0
49.9901 0 0 0 0
49.9901 0 0 0 0
50.01 0 0 0 0
50.01 0 0 0 0
50.01 0 0 0 0
50.01 0 0 0 0
50.01 0 0 0 0
50.01 0 0 0 0
50 0 0 0 0
50 0 0 0 0
50 0 0 0 0
50 0 0 0 0
50 0 0 0 0
50 0 0 0 0
49.9801 0 0 0 0
49.9801 0 0 0 0
49.9801 0 0 0 0
49.9801 0 0 0 0
49.9801 0 0 0 0
49.9801 0 0 0 0
50.0401 0 0 0 0
50.0401 0 0 0 0
50.0401 0 0 0 0
50.0401 0 0 0 0
50.0401 0 0 0 0
50.0401 0 0 0 0
50.14 0 0 0 0
50.14 0 0 0 0
50.14 0 0 0 0
50.14 0 0 0 0
50.14 0 0 0 0
50.14 0 0 0 0
50.0201 0 0 0 0
50.0201 0 0 0 0
50.0201 0 0 0 0
50.0201 0 0 0 0
50.0201 0 0 0 0
50.0201 0 0 0 0
49.4606 0 0 0 0
49.4606 0 0 0 0
49.4606 0 0 0 0
49.4606 0 0 0 0
49.4606 0 0 0 0
49.4606 0 0 0 0
48.7001 0 0 0 0
48.7001 0 0 0 0
48.7001 0 0 0 0
48.7001 0 0 0 0
48.7001 0 0 0 0
48.7001 0 0 0 0
48.3101 0 0 0 0
48.3101 0 0 0 0
48.3101 0 0 0 0
48.3101 0 0 0 0
48.3101 0 0 0 0
48.3101 0 0 0 0
48.7001 0 0 0 0
48.7001 0 0 0 0
48.7001 0 0 0 0
48.7001 0 0 0 0
48.7001 0 0 0 0
48.7001 0 0 0 0
49.4505 0 0 0 0
49.4505 0 0 0 0
49.4505 0 0 0 0
49.4505 0 0 0 0
49.4505 0 0 0 0
49.4505 0 0 0 0
50.0601 0 0 0 0
50.0601 0 0 0 0
50.0601 0 0 0 0
50.0601 0 0 0 0
50.0601 0 0 0 0
50.0601 0 0 0 0
50.28 0 0 0 0
50.28 0 0 0 0
50.28 0 0 0 0
50.28 0 0 0 0
50.28 0 0 0 0
50.28 0 0 0 0
50.0401 0 0 0 0
50.0401 0 0 0 0
50.0401 0 0 0 0
50.0401 0 0 0 0
50.0401 0 0 0 0
50.0401 0 0 0 0
49.4906 0 0 0 0
49.4906 0 0 0 0
49.4906 0 0 0 0
49.4906 0 0 0 0
49.4906 0 0 0 0
49.4906 0 0 0 0
48.8201 0 0 0 0
48.8201 0 0 0 0
48.8201 0 0 0 0
48.8201 0 0 0 0
48.8201 0 0 0 0
48.8201 0 0 0 0
48.3601 0 0 0 0
48.3601 0 0 0 0
48.3601 0 0 0 0
48.3601 0 0 0 0
48.3601 0 0 0 0
48.3601 0 0 0 0
48.3401 0 0 0 0
48.3401 0 0 0 0
48.3401 0 0 0 0
48.3401 0 0 0 0
48.3401 0 0 0 0
48.3401 0 0 0 0
48.2901 0 0 0 0
48.2901 0 0 0 0
48.2901 0 0 0 0
48.2901 0 0 0 0
48.2901 0 0 0 0
48.2901 0 0 0 0
47.8507 0 0 0 0
47.8507 0 0 0 0
47.8507 0 0 0 0
47.8507 0 0 0 0
47.8507 0 0 0 0
47.8507 0 0 0 0
47.1401 0 0 0 0
47.1401 0 0 0 0
47.1401 0 0 0 0
47.1401 0 0 0 0
47.1401 0 0 0 0
47.1401 0 0 0 0
46.5301 0 0 0 0
46.5301 0 0 0 0
46.5301 0 0 0 0
46.5301 0 0 0 0
46.5301 0 0 0 0
46.5301 0 0 0 0
46.6301 0 0 0 0
46.6301 0 0 0 0
46.6301 0 0 0 0
46.6301 0 0 0 0
46.6301 0 0 0 0
46.6301 0 0 0 0
47.1601 0 0 0 0
47.1601 0 0 0 0
47.1601 0 0 0 0
47.1601 0 0 0 0
47.1601 0 0 0 0
47.1601 0 0 0 0
47.4001 0 0 0 0
47.4001 0 0 0 0
47.4001 0 0 0 0
47.4001 0 0 0 0
47.4001 0 0 0 0
47.4001 0 0 0 0
47.1101 0 0 0 0
47.1101 0 0 0 0
47.1101 0 0 0 0
47.1101 0 0 0 0
47.1101 0 0 0 0
47.1101 0 0 0 0
46.7001 0 0 0 0
46.7001 0 0 0 0
46.7001 0 0 0 0
46.7001 0 0 0 0
46.7001 0 0 0 0
46.7001 0 0 0 0
46.8501 0 0 0 0
46.8501 0 0 0 0
46.8501 0 0 0 0
46.8501 0 0 0 0
46.8501 0 0 0 0
46.8501 0 0 0 0
47.37 0 0 0 0
47.37 0 0 0 0
47.37 0 0 0 0
47.37 0 0 0 0
47.37 0 0 0 0
47.37 0 0 0 0
47.71 0 0 0 0
47.71 0 0 0 0
47.71 0 0 0 0
47.71 0 0 0 0
47.71 0 0 0 0
47.71 0 0 0 0
47.6401 0 0 0 0
47.6401 0 0 0 0
47.6401 0 0 0 0
47.6401 0 0 0 0
47.6401 0 0 0 0
47.6401 0 0 0 0
47.55 0 0 0 0
47.55 0 0 0 0
47.55 0 0 0 0
47.55 0 0 0 0
47.55 0 0 0 0
47.55 0 0 0 0
47.6001 0 0 0 0
47.6001 0 0 0 0
47.6001 0 0 0 0
47.6001 0 0 0 0
47.6001 0 0 0 0
47.6001 0 0 0 0
47.43 0 0 0 0
47.43 0 0 0 0
47.43 0 0 0 0
47.43 0 0 0 0
47.43 0 0 0 0
47.43 0 0 0 0
47.1 0 0 0 0
47.1 0 0 0 0
47.1 0 0 0 0
47.1 0 0 0 0
47.1 0 0 0 0
47.1 0 0 0 0
46.74 0 0 0 0
46.74 0 0 0 0
46.74 0 0 0 0
46.74 0 0 0 0
46.74 0 0 0 0
46.74 0 0 0 0
46.5001 0 0 0 0
46.5001 0 0 0 0
46.5001 0 0 0 0
46.5001 0 0 0 0
46.5001 0 0 0 0
46.5001 0 0 0 0
46.49 0 0 0 0
46.49 0 0 0 0
46.49 0 0 0 0
46.49 0 0 0 0
46.49 0 0 0 0
46.49 0 0 0 0
46.6801 0 0 0 0
46.6801 0 0 0 0
46.6801 0 0 0 0
46.6801 0 0 0 0
46.6801 0 0 0 0
46.6801 0 0 0 0
47.1404 0 0 0 0
47.1404 0 0 0 0
47.1404 0 0 0 0
47.1404 0 0 0 0
47.1404 0 0 0 0
47.1404 0 0 0 0
47.7201 0 0 0 0
47.7201 0 0 0 0
47.7201 0 0 0 0
47.7201 0 0 0 0
47.7201 0 0 0 0
47.7201 0 0 0 0
48.2101 0 0 0 0
48.2101 0 0 0 0
48.2101 0 0 0 0
48.2101 0 0 0 0
48.2101 0 0 0 0
48.2101 0 0 0 0
48.771 0 0 0 0
48.771 0 0 0 0
48.771 0 0 0 0
48.771 0 0 0 0
48.771 0 0 0 0
48.771 0 0 0 0
49.7317 0 0 0 0
49.7317 0 0 0 0
49.7317 0 0 0 0
49.7317 0 0 0 0
49.7317 0 0 0 0
49.7317 0 0 0 0
51.0107 0 0 0 0
51.0107 0 0 0 0
51.0107 0 0 0 0
51.0107 0 0 0 0
51.0107 0 0 0 0
51.0107 0 0 0 0
52.1405 0 0 0 0
52.1405 0 0 0 0
52.1405 0 0 0 0
52.1405 0 0 0 0
52.1405 0 0 0 0
52.1405 0 0 0 0
52.5801 0 0 0 0
52.5801 0 0 0 0
52.5801 0 0 0 0
52.5801 0 0 0 0
52.5801 0 0 0 0
52.5801 0 0 0 0
52.3 0 0 0 0
52.3 0 0 0 0
52.3 0 0 0 0
52.3 0 0 0 0
52.3 0 0 0 0
52.3 0 0 0 0
51.59 0 0 0 0
51.59 0 0 0 0
51.59 0 0 0 0
51.59 0 0 0 0
51.59 0 0 0 0
51.59 0 0 0 0
50.7701 0 0 0 0
50.7701 0 0 0 0
50.7701 0 0 0 0
50.7701 0 0 0 0
50.7701 0 0 0 0
50.7701 0 0 0 0
50.18 0 0 0 0
50.18 0 0 0 0
50.18 0 0 0 0
50.18 0 0 0 0
50.18 0 0 0 0
50.18 0 0 0 0
49.92 0 0 0 0
49.92 0 0 0 0
49.92 0 0 0 0
49.92 0 0 0 0
49.92 0 0 0 0
49.92 0 0 0 0
49.91 0 0 0 0
49.91 0 0 0 0
49.91 0 0 0 0
49.91 0 0 0 0
49.91 0 0 0 0
49.91 0 0 0 0
49.99 0 0 0 0
49.99 0 0 0 0
49.99 0 0 0 0
49.99 0 0 0 0
49.99 0 0 0 0
49.99 0 0 0 0
50.01 0 0 0 0
50.01 0 0 0 0
50.01 0 0 0 0
50.01 0 0 0 0
50.01 0 0 0 0
50.01 0 0 0 0
50.06 0 0 0 0
50.06 0 0 0 0
50.06 0 0 0 0
50.06 0 0 0 0
50.06 0 0 0 0
50.06 0 0 0 0
49.94 0 0 0 0
49.94 0 0 0 0
49.94 0 0 0 0
49.94 0 0 0 0
49.94 0 0 0 0
49.94 0 0 0 0
49.7 0 0 0 0
49.7 0 0 0 0
49.7 0 0 0 0
49.7 0 0 0 0
49.7 0 0 0 0
49.7 0 0 0 0
49.6102 0 0 0 0
49.6102 0 0 0 0
49.6102 0 0 0 0
49.6102 0 0 0 0
49.6102 0 0 0 0
49.6102 0 0 0 0
49.7003 0 0 0 0
49.7003 0 0 0 0
49.7003 0 0 0 0
49.7003 0 0 0 0
49.7003 0 0 0 0
49.7003 0 0 0 0
49.9403 0 0 0 0
49.9403 0 0 0 0
49.9403 0 0 0 0
49.9403 0 0 0 0
49.9403 0 0 0 0
49.9403 0 0 0 0
50.0603 0 0 0 0
50.0603 0 0 0 0
50.0603 0 0 0 0
50.0603 0 0 0 0
50.0603 0 0 0 0
50.0603 0 0 0 0
-644.334 -2569.37 385.056 0 23.6902
-643.866 -2568.3 384.997 0 23.6902
-643.398 -2567.23 384.939 0 23.6902
-642.929 -2566.17 384.881 0 23.6902
-642.461 -2565.1 384.822 0 23.6902
-641.993 -2564.03 384.764 0 23.6902
-641.524 -2562.96 384.706 0 23.6902
-641.056 -2561.9 384.647 0 23.6902
-640.587 -2560.83 384.589 0 23.6902
-640.119 -2559.76 384.53 0 23.6902
-639.65 -2558.69 384.472 0 23.6902
-639.182 -2557.62 384.414 0 23.6902
-638.713 -2556.56 384.355 0 23.6902
-638.245 -2555.49 384.297 0 23.6902
-637.777 -2554.42 384.239 0 23.6902
-637.309 -2553.35 384.18 0 23.6902
-636.84 -2552.29 384.122 0 23.6902
-636.372 -2551.22 384.064 0 23.6902
-635.904 -2550.15 384.005 0 23.6902
-635.435 -2549.09 383.947 0 23.6902
-634.967 -2548.02 383.889 0 23.6902
-634.499 -2546.95 383.83 0 23.8828
-634.027 -2545.88 383.772 0 24.5526
-633.542 -2544.82 383.717 0 24.5526
-633.058 -2543.76 383.661 0 24.5526
-632.573 -2542.7 383.606 0 24.5526
-632.089 -2541.64 383.55 0 24.5526
-631.604 -2540.58 383.495 0 24.5526
-631.12 -2539.52 383.439 0 24.5526
-630.635 -2538.46 383.384 0 24.5526
-630.151 -2537.4 383.328 0 24.5526
-629.666 -2536.34 383.273 0 24.5526
-629.182 -2535.28 383.217 0 24.5526
-628.698 -2534.22 383.162 0 24.5526
-628.213 -2533.16 383.106 0 24.5526
-627.729 -2532.1 383.051 0 24.5526
-627.244 -2531.04 382.995 0 24.5526
-626.76 -2529.98 382.94 0 24.5526
-626.275 -2528.92 382.884 0 24.5526
-625.791 -2527.86 382.828 0 24.5526
-625.306 -2526.8 382.773 0 24.5526
-624.822 -2525.74 382.717 0 24.5526
-624.337 -2524.68 382.662 0 24.5526
-623.853 -2523.61 382.606 0 24.5526
-623.368 -2522.55 382.551 0 24.5526
-622.884 -2521.49 382.495 0 24.5526
-622.399 -2520.43 382.44 0 24.5526
-621.915 -2519.37 382.384 0 24.5526
-621.43 -2518.31 382.329 0 24.5526
-620.946 -2517.25 382.273 0 24.5526
-620.462 -2516.19 382.218 0 24.5526
-619.977 -2515.13 382.162 0 24.5526
-619.493 -2514.07 382.107 0 24.5526
-619.008 -2513.01 382.051 0 24.7047
-618.521 -2511.95 381.996 0 25.414
-618.02 -2510.9 381.944 0 25.414
-617.52 -2509.84 381.892 0 25.414
-617.02 -2508.79 381.84 0 25.414
-616.519 -2507.74 381.788 0 25.414
-616.019 -2506.68 381.736 0 25.414
-615.518 -2505.63 381.684 0 25.414
-615.018 -2504.58 381.632 0 25.414
-614.518 -2503.53 381.58 0 25.414
-614.018 -2502.47 381.528 0 25.414
-613.518 -2501.42 381.476 0 25.414
-613.018 -2500.37 381.424 0 25.414
-612.517 -2499.32 381.372 0 25.414
-612.016 -2498.26 381.32 0 25.414
-611.515 -2497.21 381.268 0 25.414
-611.014 -2496.15 381.216 0 25.414
-610.513 -2495.1 381.163 0 25.414
-610.012 -2494.04 381.111 0 25.414
-609.511 -2492.99 381.059 0 25.4169
-609.008 -2491.93 381.007 0 25.4169
-608.506 -2490.87 380.955 0 25.4169
-608.003 -2489.81 380.902 0 25.4169
-607.5 -2488.76 380.85 0 25.4169
-606.997 -2487.7 380.798 0 25.4169
-606.494 -2486.64 380.745 0 25.4116
-605.99 -2485.58 380.693 0 25.4116
-605.486 -2484.52 380.641 0 25.4116
-604.982 -2483.46 380.588 0 25.4116
-604.478 -2482.4 380.536 0 25.4116
-603.974 -2481.33 380.483 0 25.4116
-603.47 -2480.27 380.431 0 25.5194
-602.983 -2479.25 380.381 0 25.6323
-602.493 -2478.23 380.331 0 26.3795
-601.991 -2477.22 380.284 0 26.3795
-601.488 -2476.21 380.238 0 26.3795
-600.986 -2475.19 380.191 0 26.3795
-600.483 -2474.18 380.145 0 26.3173
-600.002 -2473.21 380.1 0 26.3173
-599.522 -2472.24 380.056 0 26.3173
-599.041 -2471.26 380.011 0 26.3173
-598.561 -2470.29 379.967 0 26.3173
-598.08 -2469.32 379.922 0 26.3173
-597.599 -2468.35 379.877 0 26.3569
-597.138 -2467.42 379.835 0 26.3569
-596.677 -2466.49 379.792 0 26.3569
-596.215 -2465.56 379.749 0 26.3569
-595.754 -2464.62 379.707 0 26.3569
-595.292 -2463.69 379.664 0 26.3569
-594.831 -2462.76 379.621 0 26.32
-594.391 -2461.87 379.581 0 26.32
-593.952 -2460.98 379.54 0 26.32
-593.512 -2460.1 379.499 0 26.32
-593.073 -2459.21 379.458 0 26.32
-592.633 -2458.32 379.418 0 26.32
-592.194 -2457.43 379.377 0 26.4387
-591.752 -2456.54 379.336 0 26.4387
-591.311 -2455.65 379.295 0 26.4387
-590.869 -2454.77 379.255 0 26.4387
-590.428 -2453.88 379.214 0 26.4387
-589.986 -2452.99 379.173 0 26.4387
-589.545 -2452.1 379.132 0 26.4412
-589.1 -2451.21 379.091 0 26.4412
-588.656 -2450.32 379.05 0 26.4412
-588.211 -2449.42 379.009 0 26.4412
-587.767 -2448.53 378.968 0 26.4412
-587.322 -2447.63 378.927 0 26.4412
-586.877 -2446.74 378.886 0 26.438
-586.433 -2445.85 378.845 0 26.438
-585.989 -2444.95 378.804 0 27.187
-585.532 -2444.06 378.767 0 27.2963
-585.074 -2443.18 378.73 0 27.2963
-584.617 -2442.29 378.693 0 27.2963
-584.159 -2441.4 378.656 0 27.2992
-583.7 -2440.51 378.619 0 27.2992
-583.241 -2439.62 378.582 0 27.2992
-582.782 -2438.73 378.545 0 27.2992
-582.323 -2437.85 378.508 0 27.2992
-581.864 -2436.96 378.471 0 27.2992
-581.406 -2436.07 378.434 0 27.2961
-580.947 -2435.18 378.397 0 27.2961
-580.489 -2434.29 378.36 0 27.2961
-580.03 -2433.4 378.323 0 27.2961
-579.572 -2432.51 378.286 0 27.2961
-579.113 -2431.63 378.249 0 27.2961
-578.655 -2430.74 378.212 0 27.2994
-578.196 -2429.85 378.175 0 27.2994
-577.738 -2428.96 378.138 0 27.2994
-577.279 -2428.07 378.101 0 27.2994
-576.821 -2427.18 378.064 0 27.2994
-576.363 -2426.3 378.027 0 27.2994
-575.904 -2425.41 377.99 0 27.2961
-575.446 -2424.52 377.953 0 27.2961
-574.987 -2423.63 377.916 0 27.2961
-574.529 -2422.74 377.879 0 27.2961
-574.07 -2421.85 377.842 0 27.2961
-573.612 -2420.97 377.805 0 27.2961
-573.153 -2420.08 377.768 0 27.2993
-572.695 -2419.19 377.731 0 27.2993
-572.236 -2418.3 377.694 0 27.2993
-571.778 -2417.41 377.657 0 27.2993
-571.319 -2416.52 377.62 0 27.2993
-570.861 -2415.64 377.583 0 27.2993
-570.402 -2414.75 377.546 0 27.2961
-569.944 -2413.86 377.509 0 27.2961
-569.485 -2412.97 377.472 0 27.2961
-569.027 -2412.08 377.435 0 27.6342
-568.563 -2411.2 377.4 0 28.1524
-568.091 -2410.31 377.368 0 28.1524
-567.619 -2409.43 377.336 0 28.1555
-567.147 -2408.55 377.303 0 28.1555
-566.676 -2407.67 377.271 0 28.1555
-566.204 -2406.79 377.239 0 28.1555
-565.732 -2405.91 377.206 0 28.1555
-565.26 -2405.02 377.174 0 28.1555
-564.788 -2404.14 377.141 0 28.1524
-564.316 -2403.26 377.109 0 28.1524
-563.845 -2402.38 377.077 0 28.1524
-563.373 -2401.5 377.044 0 28.1524
-562.901 -2400.62 377.012 0 28.1524
-562.429 -2399.73 376.98 0 28.1524
-561.958 -2398.85 376.947 0 28.1556
-561.486 -2397.97 376.915 0 28.1556
-561.014 -2397.09 376.883 0 28.1556
-560.542 -2396.21 376.85 0 28.1556
-560.071 -2395.33 376.818 0 28.1556
-559.599 -2394.45 376.786 0 28.1556
-559.127 -2393.56 376.753 0 28.1524
-558.656 -2392.68 376.721 0 28.1524
-558.184 -2391.8 376.689 0 28.1524
-557.712 -2390.92 376.656 0 28.1524
-557.24 -2390.04 376.624 0 28.1524
-556.769 -2389.16 376.591 0 28.1524
-556.297 -2388.28 376.559 0 28.1524
-555.825 -2387.39 376.527 0 28.1524
-555.353 -2386.51 376.494 0 28.1524
-554.881 -2385.63 376.462 0 28.1524
-554.41 -2384.75 376.43 0 28.1524
-553.938 -2383.87 376.397 0 28.1524
-553.466 -2382.99 376.365 0 28.1555
-552.994 -2382.1 376.333 0 28.1555
-552.523 -2381.22 376.3 0 28.1555
-552.051 -2380.34 376.268 0 28.1555
-551.579 -2379.46 376.236 0 28.1555
-551.107 -2378.58 376.203 0 28.9006
-550.624 -2377.7 376.175 0 29.0093
-550.139 -2376.83 376.148 0 29.0093
-549.654 -2375.95 376.121 0 29.0093
-549.169 -2375.08 376.094 0 29.0093
-548.684 -2374.2 376.067 0 29.0093
-548.2 -2373.33 376.039 0 29.0093
-547.715 -2372.46 376.012 0 29.0061
-547.23 -2371.58 375.985 0 29.0061
-546.745 -2370.71 375.958 0 29.0061
-546.26 -2369.83 375.931 0 29.0061
-545.775 -2368.96 375.903 0 29.0061
-545.29 -2368.08 375.876 0 29.0061
-544.805 -2367.21 375.849 0 29.0092
-544.32 -2366.33 375.822 0 29.0092
-543.835 -2365.46 375.795 0 29.0092
-543.349 -2364.58 375.767 0 29.0092
-542.864 -2363.71 375.74 0 29.0092
-542.379 -2362.83 375.713 0 29.0092
-541.893 -2361.96 375.686 0 29.0094
-541.409 -2361.08 375.659 0 29.0094
-540.924 -2360.21 375.632 0 29.0094
-540.44 -2359.34 375.604 0 29.0094
-539.956 -2358.46 375.577 0 29.0094
-539.471 -2357.59 375.55 0 29.0094
-538.987 -2356.72 375.523 0 28.9844
-538.505 -2355.85 375.496 0 28.9844
-538.023 -2354.98 375.469 0 28.9844
-537.542 -2354.11 375.442 0 28.9844
-537.06 -2353.24 375.415 0 28.9844
-536.578 -2352.37 375.388 0 28.9844
-536.096 -2351.5 375.361 0 29.0413
-535.612 -2350.63 375.334 0 29.0413
-535.127 -2349.75 375.306 0 29.0413
-534.642 -2348.88 375.279 0 29.0413
-534.157 -2348.01 375.252 0 29.0413
-533.672 -2347.13 375.225 0 29.0413
-533.188 -2346.26 375.198 0 29.1931
-532.695 -2345.38 375.172 0 29.8243
-532.193 -2344.5 375.15 0 29.8243
-531.69 -2343.62 375.128 0 29.8243
-531.188 -2342.75 375.107 0 29.8243
-530.685 -2341.87 375.085 0 29.8243
-530.183 -2341 375.063 0 29.7885
-529.668 -2340.1 375.041 0 29.7885
-529.152 -2339.2 375.019 0 29.7885
-528.637 -2338.3 374.996 0 29.7885
-528.122 -2337.4 374.974 0 29.7885
-527.607 -2336.5 374.952 0 29.7885
-527.091 -2335.6 374.93 0 29.9679
-526.548 -2334.65 374.906 0 29.9679
-526.005 -2333.71 374.883 0 29.9679
-525.462 -2332.77 374.859 0 29.9679
-524.919 -2331.83 374.836 0 29.9679
-524.376 -2330.89 374.813 0 29.9679
-523.833 -2329.94 374.789 0 29.9888
-523.271 -2328.97 374.765 0 29.9888
-522.709 -2328 374.741 0 29.9888
-522.147 -2327.02 374.717 0 29.9888
-521.585 -2326.05 374.693 0 29.9888
-521.024 -2325.08 374.669 0 29.9888
-520.462 -2324.1 374.644 0 29.7777
-519.88 -2323.08 374.619 0 29.7777
-519.297 -2322.07 374.594 0 29.7777
-518.715 -2321.05 374.569 0 29.7777
-518.133 -2320.03 374.544 0 29.7777
-517.551 -2319.02 374.518 0 29.7777
-516.969 -2318 374.493 0 29.7881
-516.38 -2316.97 374.468 0 29.7881
-515.791 -2315.94 374.442 0 29.7881
-515.203 -2314.91 374.417 0 29.7881
-514.614 -2313.88 374.391 0 29.873
-514.023 -2312.86 374.367 0 30.6358
-513.419 -2311.84 374.349 0 30.6388
-512.819 -2310.82 374.331 0 30.6388
-512.219 -2309.81 374.313 0 30.6388
-511.619 -2308.8 374.295 0 30.6388
-511.02 -2307.78 374.277 0 30.6388
-510.42 -2306.77 374.259 0 30.6388
-509.82 -2305.76 374.241 0 30.6362
-509.221 -2304.75 374.223 0 30.6362
-508.622 -2303.74 374.205 0 30.6362
-508.023 -2302.73 374.187 0 30.6362
-507.425 -2301.71 374.169 0 30.6362
-506.826 -2300.7 374.151 0 30.6362
-506.227 -2299.69 374.133 0 30.6389
-505.628 -2298.68 374.115 0 30.6389
-505.029 -2297.67 374.097 0 30.6389
-504.43 -2296.66 374.079 0 30.6389
-503.831 -2295.65 374.061 0 30.6389
-503.231 -2294.64 374.043 0 30.6389
-502.632 -2293.62 374.026 0 30.6389
-502.033 -2292.61 374.008 0 30.6389
-501.434 -2291.6 373.99 0 30.6389
-500.836 -2290.59 373.972 0 30.6389
-500.237 -2289.58 373.954 0 30.6389
-499.638 -2288.57 373.936 0 30.6389
-499.039 -2287.56 373.918 0 30.6389
-498.44 -2286.54 373.9 0 30.6389
-497.84 -2285.53 373.882 0 30.6389
-497.241 -2284.52 373.864 0 30.6389
-496.642 -2283.51 373.846 0 30.6389
-496.043 -2282.5 373.828 0 30.6389
-495.444 -2281.49 373.81 0 29.6871
-494.867 -2280.48 373.794 0 30.4695
-494.271 -2279.46 373.781 0 30.4695
-493.676 -2278.45 373.768 0 30.4695
-493.08 -2277.44 373.755 0 30.4695
-492.484 -2276.42 373.742 0 30.4695
-491.888 -2275.41 373.728 0 30.4695
-491.292 -2274.4 373.715 0 30.4695
-490.696 -2273.39 373.702 0 30.4695
-490.1 -2272.37 373.689 0 30.4695
-489.504 -2271.36 373.676 0 30.4695
-488.908 -2270.35 373.662 0 30.4695
-488.312 -2269.33 373.649 0 30.4668
-487.716 -2268.32 373.636 0 30.4668
-487.121 -2267.31 373.623 0 30.4668
-486.525 -2266.3 373.609 0 30.4668
-485.929 -2265.28 373.596 0 30.4668
-485.333 -2264.27 373.583 0 30.4668
-484.737 -2263.26 373.57 0 30.4695
-484.141 -2262.24 373.557 0 30.4695
-483.545 -2261.23 373.543 0 30.4695
-482.949 -2260.22 373.53 0 30.4695
-482.354 -2259.21 373.517 0 30.4695
-481.758 -2258.19 373.504 0 30.4695
-481.162 -2257.18 373.49 0 30.4695
-480.566 -2256.17 373.477 0 30.6123
-479.968 -2255.16 373.468 0 30.6185
-479.369 -2254.14 373.458 0 30.6185
-478.771 -2253.13 373.449 0 30.6185
-478.172 -2252.12 373.44 0 30.6185
-477.574 -2251.11 373.43 0 30.6185
-476.976 -2250.1 373.421 0 30.6185
-476.378 -2249.09 373.412 0 30.6185
-475.78 -2248.08 373.402 0 30.6185
-475.182 -2247.07 373.393 0 30.6185
-474.584 -2246.06 373.383 0 30.6185
-473.986 -2245.05 373.374 0 30.6184
-473.386 -2244.03 373.365 0 30.6184
-472.786 -2243.02 373.355 0 30.6184
-472.185 -2242.01 373.346 0 30.6184
-471.585 -2240.99 373.337 0 30.6184
-470.985 -2239.98 373.327 0 30.6184
-470.385 -2238.96 373.318 0 30.6177
-469.776 -2237.94 373.308 0 30.6177
-469.168 -2236.91 373.299 0 30.6177
-468.559 -2235.88 373.289 0 30.6177
-467.95 -2234.85 373.28 0 30.6177
-467.342 -2233.82 373.27 0 30.6177
-466.733 -2232.79 373.261 0 30.6629
-466.158 -2231.82 373.252 0 30.6629
-465.583 -2230.85 373.243 0 30.6867
-465.007 -2229.88 373.235 0 30.7564
-464.431 -2228.91 373.229 0 30.7564
-463.854 -2227.95 373.224 0 30.7564
-463.277 -2226.98 373.219 0 30.8081
-462.726 -2226.05 373.214 0 30.8081
-462.175 -2225.13 373.209 0 30.8081
-461.623 -2224.2 373.204 0 30.8081
-461.072 -2223.28 373.199 0 30.8081
-460.52 -2222.35 373.194 0 30.8081
-459.969 -2221.43 373.189 0 31.0125
-459.438 -2220.55 373.185 0 31.0125
-458.908 -2219.66 373.18 0 31.0125
-458.377 -2218.78 373.175 0 31.0125
-457.846 -2217.9 373.171 0 31.0125
-457.316 -2217.01 373.166 0 31.0125
-456.785 -2216.13 373.161 0 31.0016
-456.295 -2215.32 373.157 0 31.0016
-455.806 -2214.5 373.152 0 31.0016
-455.316 -2213.69 373.148 0 31.0016
-454.827 -2212.87 373.144 0 31.0016
-454.337 -2212.06 373.139 0 31.0016
-453.848 -2211.24 373.135 0 31.0431
-453.347 -2210.41 373.13 0 31.0431
-452.845 -2209.58 373.126 0 31.0431
-452.344 -2208.75 373.122 0 31.0431
-451.843 -2207.91 373.117 0 31.0431
-451.342 -2207.08 373.113 0 31.0431
-450.84 -2206.25 373.108 0 31.1418
-450.318 -2205.38 373.104 0 31.1418
-449.795 -2204.52 373.099 0 31.167
-449.271 -2203.65 373.097 0 31.1799
-448.748 -2202.79 373.095 0 31.1799
-448.225 -2201.92 373.094 0 31.1799
-447.701 -2201.06 373.093 0 31.373
-447.156 -2200.16 373.092 0 31.373
-446.61 -2199.27 373.091 0 31.373
-446.065 -2198.37 373.09 0 31.373
-445.52 -2197.48 373.089 0 31.373
-444.974 -2196.58 373.087 0 31.373
-444.429 -2195.69 373.086 0 31.428
-443.86 -2194.76 373.085 0 31.428
-443.292 -2193.83 373.084 0 31.428
-442.723 -2192.9 373.083 0 31.428
-442.154 -2191.97 373.081 0 31.428
-441.585 -2191.04 373.08 0 31.428
-441.016 -2190.11 373.079 0 31.3308
-440.44 -2189.16 373.078 0 31.3308
-439.865 -2188.21 373.077 0 31.3308
-439.289 -2187.27 373.075 0 31.3308
-438.713 -2186.32 373.074 0 31.3308
-438.137 -2185.38 373.073 0 31.3308
-437.561 -2184.43 373.072 0 31.3244
-436.982 -2183.48 373.07 0 31.3244
-436.403 -2182.53 373.069 0 31.3244
-435.824 -2181.58 373.068 0 31.3244
-435.245 -2180.62 373.067 0 31.3244
-434.666 -2179.67 373.066 0 31.3244
-434.087 -2178.72 373.064 0 31.272
-433.503 -2177.76 373.066 0 31.2666
-432.918 -2176.8 373.069 0 31.2666
-432.334 -2175.83 373.071 0 31.2666
-431.75 -2174.87 373.074 0 31.2666
-431.166 -2173.91 373.077 0 31.2666
-430.582 -2172.95 373.08 0 31.3485
-429.986 -2171.97 373.083 0 31.3485
-429.391 -2170.99 373.086 0 31.3485
-428.795 -2170.02 373.088 0 31.3485
-428.199 -2169.04 373.091 0 31.3485
-427.604 -2168.06 373.094 0 31.3485
-427.008 -2167.08 373.097 0 31.3453
-426.402 -2166.09 373.1 0 31.3453
-425.796 -2165.09 373.103 0 31.3453
-425.19 -2164.1 373.106 0 31.3453
-424.584 -2163.1 373.108 0 31.3453
-423.979 -2162.11 373.111 0 31.3453
-423.373 -2161.11 373.114 0 31.2125
-422.761 -2160.1 373.117 0 31.2125
-422.149 -2159.09 373.12 0 31.2125
-421.537 -2158.08 373.123 0 31.2125
-420.926 -2157.08 373.126 0 31.2125
-420.314 -2156.07 373.129 0 31.2125
-419.702 -2155.06 373.132 0 31.0826
-419.084 -2154.03 373.135 0 31.0826
-418.465 -2153 373.138 0 31.0386
-417.848 -2151.98 373.143 0 31.0098
-417.231 -2150.95 373.151 0 31.0098
-416.614 -2149.93 373.158 0 31.0098
-415.997 -2148.9 373.166 0 30.9052
-415.369 -2147.85 373.173 0 30.9052
-414.74 -2146.8 373.181 0 30.9052
-414.112 -2145.75 373.188 0 30.9052
-413.484 -2144.7 373.196 0 30.9052
-412.856 -2143.65 373.203 0 30.9052
-412.228 -2142.6 373.211 0 30.8573
-411.591 -2141.54 373.219 0 30.8573
-410.954 -2140.47 373.226 0 30.8573
-410.317 -2139.4 373.234 0 30.8573
-409.68 -2138.34 373.242 0 30.8573
-409.043 -2137.27 373.249 0 30.8573
-408.406 -2136.21 373.257 0 30.5983
-407.774 -2135.14 373.265 0 30.5983
-407.142 -2134.07 373.272 0 30.5983
-406.51 -2133 373.28 0 30.5983
-405.878 -2131.93 373.288 0 30.5983
-405.246 -2130.86 373.295 0 30.5983
-404.613 -2129.79 373.303 0 30.2228
-403.995 -2128.73 373.31 0 30.2228
-403.376 -2127.67 373.318 0 30.2195
-402.757 -2126.61 373.326 0 30.0945
-402.14 -2125.54 373.338 0 30.0945
-401.524 -2124.48 373.35 0 30.0945
-400.907 -2123.41 373.363 0 29.943
-400.298 -2122.36 373.375 0 29.943
-399.689 -2121.3 373.387 0 29.943
-399.08 -2120.24 373.399 0 29.943
-398.471 -2119.18 373.411 0 29.943
-397.861 -2118.13 373.423 0 29.943
-397.252 -2117.07 373.436 0 30.0947
-396.635 -2116 373.448 0 30.0947
-396.018 -2114.94 373.46 0 30.0947
-395.402 -2113.88 373.472 0 30.0947
-394.785 -2112.81 373.485 0 30.0947
-394.168 -2111.75 373.497 0 30.0947
-393.551 -2110.68 373.509 0 30.4905
-392.919 -2109.61 373.522 0 30.4905
-392.286 -2108.53 373.534 0 30.4905
-391.654 -2107.46 373.546 0 30.4905
-391.022 -2106.39 373.559 0 30.4905
-390.389 -2105.31 373.571 0 30.4905
-389.757 -2104.24 373.584 0 30.664
-389.121 -2103.17 373.596 0 30.664
-388.485 -2102.09 373.609 0 30.664
-387.848 -2101.02 373.621 0 30.5642
-387.214 -2099.95 373.636 0 30.4802
-386.581 -2098.87 373.653 0 30.4802
-385.948 -2097.8 373.671 0 30.3743
-385.328 -2096.74 373.688 0 30.3743
-384.708 -2095.68 373.705 0 30.3743
-384.088 -2094.62 373.722 0 30.3743
-383.467 -2093.56 373.739 0 30.3743
-382.847 -2092.5 373.756 0 30.3743
-382.227 -2091.45 373.773 0 30.2911
-381.624 -2090.41 373.789 0 30.2911
-381.022 -2089.38 373.806 0 30.2911
-380.419 -2088.35 373.822 0 30.2911
-379.816 -2087.32 373.839 0 30.2911
-379.214 -2086.29 373.856 0 30.2911
-378.611 -2085.26 373.872 0 30.2773
-378.02 -2084.24 373.888 0 30.2773
-377.43 -2083.23 373.905 0 30.2773
-376.839 -2082.22 373.921 0 30.2773
-376.248 -2081.21 373.937 0 30.2773
-375.658 -2080.2 373.953 0 30.2773
-375.067 -2079.19 373.97 0 30.269
-374.481 -2078.18 373.986 0 30.269
-373.895 -2077.18 374.002 0 30.269
-373.309 -2076.17 374.018 0 30.269
-372.723 -2075.17 374.034 0 30.2019
-372.138 -2074.16 374.051 0 30.0297
-371.557 -2073.16 374.072 0 30.038
-370.974 -2072.15 374.093 0 30.038
-370.392 -2071.14 374.114 0 30.038
-369.809 -2070.14 374.135 0 30.038
-369.226 -2069.13 374.155 0 30.038
-368.644 -2068.12 374.176 0 30.038
-368.061 -2067.11 374.197 0 30.038
-367.478 -2066.11 374.218 0 30.038
-366.895 -2065.1 374.239 0 30.038
-366.312 -2064.09 374.259 0 30.038
-365.729 -2063.08 374.28 0 30.038
-365.146 -2062.07 374.301 0 30.038
-364.563 -2061.06 374.322 0 30.0352
-363.981 -2060.06 374.343 0 30.0352
-363.4 -2059.05 374.363 0 30.0352
-362.818 -2058.05 374.384 0 30.0352
-362.236 -2057.04 374.405 0 30.0352
-361.655 -2056.03 374.426 0 30.0352
-361.073 -2055.03 374.446 0 30.038
-360.489 -2054.02 374.467 0 30.038
-359.906 -2053.01 374.488 0 30.038
-359.322 -2052 374.509 0 30.038
-358.738 -2050.99 374.53 0 30.038
-358.154 -2049.98 374.551 0 30.038
-357.571 -2048.97 374.571 0 29.9003
-356.981 -2047.94 374.594 0 29.7033
-356.395 -2046.92 374.62 0 29.7033
-355.809 -2045.89 374.646 0 29.7033
-355.223 -2044.86 374.672 0 29.7033
-354.637 -2043.84 374.698 0 29.7033
-354.051 -2042.81 374.724 0 29.781
-353.45 -2041.76 374.751 0 29.781
-352.849 -2040.71 374.777 0 29.781
-352.248 -2039.66 374.804 0 29.781
-351.647 -2038.61 374.83 0 29.781
-351.046 -2037.56 374.857 0 29.781
-350.445 -2036.51 374.884 0 29.7418
-349.839 -2035.45 374.91 0 29.7418
-349.233 -2034.39 374.937 0 29.7418
-348.627 -2033.33 374.964 0 29.7418
-348.021 -2032.26 374.991 0 29.7418
-347.415 -2031.2 375.018 0 29.7418
-346.809 -2030.14 375.045 0 29.744
-346.214 -2029.1 375.071 0 29.744
-345.619 -2028.06 375.097 0 29.744
-345.024 -2027.02 375.124 0 29.744
-344.429 -2025.98 375.15 0 29.744
-343.834 -2024.94 375.176 0 29.744
-343.239 -2023.9 375.203 0 29.7435
-342.657 -2022.88 375.228 0 28.9429
-342.091 -2021.85 375.253 0 28.2878
-341.536 -2020.82 375.281 0 28.2878
-340.981 -2019.79 375.308 0 28.2878
-340.425 -2018.76 375.335 0 28.2878
-339.87 -2017.73 375.362 0 28.522
-339.312 -2016.7 375.39 0 28.522
-338.754 -2015.67 375.417 0 28.522
-338.196 -2014.65 375.444 0 28.522
-337.638 -2013.62 375.471 0 28.522
-337.08 -2012.59 375.498 0 28.522
-336.522 -2011.57 375.526 0 28.517
-335.951 -2010.52 375.554 0 28.517
-335.38 -2009.46 375.581 0 28.517
-334.808 -2008.41 375.609 0 28.517
-334.237 -2007.36 375.637 0 28.517
-333.666 -2006.31 375.665 0 28.517
-333.095 -2005.26 375.693 0 28.4172
-332.504 -2004.17 375.722 0 28.4172
-331.913 -2003.07 375.751 0 27.801
-331.334 -2001.98 375.782 0 27.538
-330.76 -2000.88 375.815 0 27.538
-330.186 -1999.77 375.848 0 27.538
-329.612 -1998.67 375.881 0 27.6291
-329.018 -1997.54 375.915 0 27.6291
-328.424 -1996.4 375.949 0 27.6291
-327.83 -1995.27 375.983 0 27.6291
-327.236 -1994.14 376.017 0 27.6291
-326.642 -1993 376.051 0 27.6291
-326.048 -1991.87 376.085 0 27.7308
-325.437 -1990.7 376.12 0 27.7308
-324.826 -1989.54 376.155 0 27.7308
-324.215 -1988.38 376.19 0 27.7308
-323.604 -1987.22 376.224 0 27.7308
-322.992 -1986.05 376.259 0 27.7308
-322.381 -1984.89 376.294 0 27.6378
-321.762 -1983.71 376.329 0 27.3722
-321.149 -1982.52 376.366 0 26.7609
-320.548 -1981.33 376.406 0 26.7609
-319.947 -1980.14 376.445 0 26.7609
-319.346 -1978.95 376.485 0 26.7609
-318.745 -1977.76 376.524 0 26.7555
-318.143 -1976.56 376.564 0 26.7555
-317.54 -1975.37 376.604 0 26.7555
-316.938 -1974.17 376.644 0 26.7555
-316.335 -1972.98 376.683 0 26.7555
-315.733 -1971.78 376.723 0 26.7555
-315.13 -1970.59 376.763 0 26.7586
-314.53 -1969.4 376.802 0 26.7586
-313.929 -1968.2 376.842 0 26.7586
-313.329 -1967.01 376.881 0 26.7586
-312.728 -1965.82 376.921 0 26.7586
-312.128 -1964.63 376.961 0 26.7586
-311.527 -1963.44 377 0 26.3172
-310.937 -1962.25 377.042 0 25.8846
-310.356 -1961.05 377.085 0 25.8846
-309.774 -1959.85 377.129 0 25.8846
-309.193 -1958.65 377.172 0 25.8846
-308.612 -1957.45 377.216 0 25.8846
-308.03 -1956.26 377.259 0 25.8821
-307.449 -1955.06 377.303 0 25.8821
-306.867 -1953.86 377.346 0 25.8821
-306.285 -1952.66 377.39 0 25.8821
-305.704 -1951.46 377.433 0 25.8821
-305.122 -1950.26 377.477 0 25.8821
-304.541 -1949.06 377.521 0 25.8845
-303.959 -1947.87 377.564 0 25.8845
-303.377 -1946.67 377.608 0 25.8845
-302.796 -1945.47 377.651 0 25.8845
-302.214 -1944.27 377.695 0 25.8845
-301.632 -1943.07 377.738 0 25.3144
-301.063 -1941.87 377.784 0 25.0108
-300.499 -1940.66 377.832 0 25.0108
-299.936 -1939.45 377.879 0 25.0108
-299.373 -1938.24 377.927 0 25.0108
-298.81 -1937.04 377.974 0 25.0108
-298.246 -1935.83 378.022 0 25.0108
-297.683 -1934.62 378.069 0 25.0132
-297.12 -1933.42 378.116 0 25.0132
-296.557 -1932.21 378.164 0 25.0132
-295.993 -1931 378.211 0 25.0132
-295.43 -1929.79 378.259 0 25.0132
-294.867 -1928.59 378.306 0 25.0132
-294.303 -1927.38 378.354 0 25.0108
-293.74 -1926.17 378.401 0 25.0108
-293.177 -1924.96 378.448 0 25.0108
-292.613 -1923.76 378.496 0 25.0108
-292.05 -1922.55 378.543 0 24.3243
-291.501 -1921.34 378.594 0 24.1429
-290.956 -1920.12 378.645 0 24.1453
-290.411 -1918.9 378.696 0 24.1453
-289.867 -1917.69 378.747 0 24.1453
-289.322 -1916.47 378.798 0 24.1453
-288.777 -1915.26 378.849 0 24.1453
-288.232 -1914.04 378.901 0 24.1453
-287.687 -1912.83 378.952 0 24.1429
-287.142 -1911.61 379.003 0 24.1429
-286.597 -1910.39 379.054 0 24.1429
-286.052 -1909.18 379.105 0 24.1429
-285.507 -1907.96 379.156 0 24.1429
-284.962 -1906.75 379.207 0 24.1429
-284.417 -1905.53 379.259 0 24.1453
-283.872 -1904.32 379.31 0 24.1453
-283.327 -1903.1 379.361 0 24.1453
-282.782 -1901.88 379.412 0 23.3594
-282.254 -1900.66 379.466 0 23.2812
-281.727 -1899.44 379.521 0 23.2812
-281.201 -1898.21 379.576 0 23.2836
-280.674 -1896.99 379.631 0 23.2836
-280.147 -1895.77 379.685 0 23.2836
-279.621 -1894.54 379.74 0 23.2836
-279.094 -1893.32 379.795 0 23.2836
-278.568 -1892.09 379.849 0 23.2836
-278.041 -1890.87 379.904 0 23.2788
-277.515 -1889.65 379.959 0 23.2788
-276.988 -1888.42 380.013 0 23.2788
-276.462 -1887.2 380.068 0 23.2788
-275.935 -1885.98 380.123 0 23.2788
-275.409 -1884.75 380.178 0 23.2788
-274.882 -1883.53 380.232 0 23.2788
-274.356 -1882.3 380.287 0 23.2745
-273.829 -1881.08 380.342 0 22.4189
-273.321 -1879.85 380.4 0 22.4189
-272.813 -1878.62 380.458 0 22.4189
-272.305 -1877.39 380.516 0 22.4189
-271.797 -1876.16 380.574 0 22.4213
-271.289 -1874.92 380.632 0 22.4213
-270.781 -1873.69 380.69 0 22.4213
-270.273 -1872.46 380.748 0 22.4213
-269.765 -1871.23 380.807 0 22.4213
-269.257 -1870 380.865 0 22.4213
-268.749 -1868.77 380.923 0 22.4213
-268.241 -1867.54 380.981 0 22.4213
-267.733 -1866.3 381.039 0 22.4213
-267.225 -1865.07 381.097 0 22.4213
-266.717 -1863.84 381.155 0 22.4213
-266.209 -1862.61 381.213 0 22.4213
-265.7 -1861.38 381.271 0 22.3564
-265.194 -1860.15 381.33 0 21.5636
-264.704 -1858.91 381.391 0 21.5636
-264.215 -1857.67 381.452 0 21.5636
-263.725 -1856.43 381.514 0 21.5636
-263.236 -1855.19 381.575 0 21.5636
-262.746 -1853.95 381.636 0 21.5636
-262.257 -1852.71 381.698 0 21.5636
-261.767 -1851.48 381.759 0 21.5636
-261.277 -1850.24 381.821 0 21.5636
-260.788 -1849 381.882 0 21.5636
-260.298 -1847.76 381.943 0 21.5636
-259.809 -1846.52 382.005 0 21.5659
-259.319 -1845.28 382.066 0 21.5659
-258.83 -1844.04 382.127 0 21.5659
-258.34 -1842.8 382.189 0 21.5659
-257.85 -1841.57 382.25 0 21.5659
-257.361 -1840.33 382.311 0 21.4716
-256.873 -1839.09 382.373 0 20.7154
-256.402 -1837.84 382.437 0 20.7154
-255.931 -1836.6 382.502 0 20.7154
-255.46 -1835.35 382.566 0 20.7154
-254.989 -1834.1 382.631 0 20.7154
-254.518 -1832.86 382.695 0 20.7154
-254.046 -1831.61 382.759 0 20.7131
-253.575 -1830.37 382.824 0 20.713
-253.104 -1829.12 382.888 0 20.713
-252.633 -1827.88 382.953 0 20.713
-252.162 -1826.63 383.017 0 20.713
-251.691 -1825.38 383.082 0 20.713
-251.22 -1824.14 383.146 0 20.7153
-250.748 -1822.89 383.21 0 20.7153
-250.277 -1821.64 383.275 0 20.7153
-249.806 -1820.4 383.339 0 20.7153
-249.334 -1819.15 383.404 0 20.4121
-248.87 -1817.9 383.472 0 20.0694
-248.413 -1816.65 383.541 0 20.0697
-247.956 -1815.4 383.61 0 20.0697
-247.499 -1814.15 383.679 0 20.0697
-247.043 -1812.9 383.748 0 20.0697
-246.586 -1811.65 383.818 0 20.0697
-246.13 -1810.4 383.887 0 20.0697
-245.673 -1809.15 383.956 0 20.0701
-245.218 -1807.91 384.025 0 20.0701
-244.762 -1806.66 384.094 0 20.0701
-244.307 -1805.41 384.163 0 20.0299
-243.852 -1804.17 384.231 0 19.464
-243.41 -1802.92 384.3 0 19.464
-242.967 -1801.66 384.369 0 19.4611
-242.524 -1800.41 384.437 0 19.4611
-242.081 -1799.15 384.506 0 19.4611
-241.637 -1797.9 384.575 0 19.4611
-241.194 -1796.64 384.644 0 19.4611
-240.751 -1795.39 384.713 0 19.4611
-240.307 -1794.14 384.781 0 19.4258
-239.86 -1792.87 384.851 0 19.4258
-239.412 -1791.6 384.921 0 19.4258
-238.965 -1790.33 384.99 0 19.3453
-238.519 -1789.06 385.06 0 18.8208
-238.085 -1787.79 385.129 0 18.8208
-237.651 -1786.51 385.198 0 18.8563
-237.207 -1785.21 385.269 0 18.8563
-236.762 -1783.91 385.339 0 18.8563
-236.317 -1782.61 385.41 0 18.8563
-235.872 -1781.3 385.481 0 18.8563
-235.427 -1780 385.552 0 18.8563
-234.982 -1778.7 385.622 0 18.8514
-234.532 -1777.38 385.694 0 18.8514
-234.081 -1776.06 385.766 0 18.8514
-233.63 -1774.74 385.837 0 18.516
-233.187 -1773.42 385.909 0 18.2477
-232.75 -1772.09 385.98 0 18.2477
-232.314 -1770.77 386.051 0 18.2654
-231.875 -1769.44 386.122 0 18.2654
-231.437 -1768.11 386.194 0 18.2654
-230.999 -1766.78 386.265 0 18.2654
-230.56 -1765.45 386.336 0 18.2654
-230.122 -1764.13 386.408 0 18.2654
-229.684 -1762.8 386.479 0 18.3095
-229.238 -1761.45 386.551 0 18.3095
-228.793 -1760.1 386.624 0 18.1937
-228.35 -1758.76 386.696 0 17.7072
-227.918 -1757.41 386.768 0 17.7072
-227.487 -1756.05 386.839 0 17.7072
-227.056 -1754.7 386.911 0 17.8321
-226.61 -1753.32 386.985 0 17.8321
-226.165 -1751.94 387.058 0 17.8321
-225.72 -1750.55 387.132 0 17.8321
-225.274 -1749.17 387.205 0 17.8321
-224.829 -1747.78 387.279 0 17.8321
-224.384 -1746.4 387.352 0 17.8592
-223.924 -1744.97 387.428 0 17.7374
-223.468 -1743.55 387.503 0 17.2585
-223.024 -1742.11 387.578 0 17.2585
-222.579 -1740.68 387.653 0 17.2585
-222.135 -1739.25 387.728 0 17.2585
-221.691 -1737.82 387.803 400149 17.117
-221.244 -1736.37 387.879 400149 17.117
-220.798 -1734.93 387.955 400149 17.117
-220.352 -1733.48 388.031 400149 17.117
-219.905 -1732.03 388.107 400149 17.117
-219.459 -1730.58 388.182 400149 17.117
-219.013 -1729.13 388.258 400149 16.4429
-218.586 -1727.68 388.333 400149 16.2197
-218.166 -1726.24 388.407 400149 16.2197
-217.745 -1724.79 388.482 400149 16.2197
-217.325 -1723.35 388.556 400149 16.2197
-216.904 -1721.9 388.631 400149 16.2197
-216.483 -1720.46 388.705 0 15.9092
-216.073 -1719.02 388.779 0 15.9092
-215.662 -1717.57 388.853 0 15.9092
-215.252 -1716.13 388.927 0 15.9092
-214.842 -1714.69 389.001 0 15.9092
-214.431 -1713.25 389.075 0 15.3131
-214.036 -1711.81 389.148 0 14.9452
-213.65 -1710.37 389.221 0 14.9452
-213.265 -1708.92 389.294 0 14.9452
-212.879 -1707.48 389.367 0 14.9452
-212.493 -1706.03 389.44 0 14.9452
-212.108 -1704.59 389.513 0 14.9451
-211.722 -1703.14 389.586 400149 14.9597
-211.336 -1701.7 389.659 400149 14.9597
-210.949 -1700.25 389.732 400149 14.9597
-210.562 -1698.8 389.805 400149 14.7674
-210.18 -1697.35 389.878 400149 14.3645
-209.808 -1695.9 389.95 400149 14.3645
-209.436 -1694.45 390.022 400149 14.6398
-209.056 -1692.99 390.094 400149 14.6398
-208.676 -1691.54 390.166 400149 14.6398
-208.296 -1690.08 390.238 400149 14.6398
-207.916 -1688.63 390.31 400149 14.6398
-207.536 -1687.17 390.383 400149 14.6398
-207.156 -1685.72 390.455 400149 14.6991
-206.774 -1684.26 390.527 400149 14.6991
-206.393 -1682.81 390.599 400149 14.2933
-206.022 -1681.35 390.671 400149 14.1059
-205.655 -1679.89 390.742 400149 14.1059
-205.289 -1678.44 390.813 400149 14.1059
-204.922 -1676.98 390.884 0 14.0684
-204.558 -1675.52 390.954 0 14.0684
-204.194 -1674.07 391.025 0 14.0684
-203.83 -1672.62 391.096 0 14.0684
-203.466 -1671.17 391.167 0 14.0684
-203.102 -1669.71 391.237 0 14.0684
-202.738 -1668.26 391.308 400149 13.8142
-202.379 -1666.8 391.384 0 13.1767
-202.038 -1665.35 391.468 0 13.1623
-201.698 -1663.89 391.551 0 13.1218
-201.359 -1662.44 391.632 0 13.1209
-201.02 -1660.98 391.713 0 13.0751
-200.681 -1659.52 391.793 0 13.2946
-200.337 -1658.07 391.873 0 13.2647
-199.994 -1656.61 391.952 0 13.2562
-199.65 -1655.15 392.03 0 13.24
-199.308 -1653.7 392.108 0 13.2262
-198.965 -1652.24 392.186 0 13.2196
-198.623 -1650.78 392.264 410149 13.5449
-198.27 -1649.32 392.342 410149 13.544
-197.917 -1647.85 392.42 410149 13.5315
-197.565 -1646.39 392.498 410149 13.5315
-197.212 -1644.92 392.576 410149 13.5271
-196.86 -1643.46 392.655 410149 13.5263
-196.508 -1642 392.734 410149 13.5673
-196.151 -1640.52 392.814 410149 13.5685
-195.795 -1639.04 392.895 410149 13.5733
-195.438 -1637.56 392.976 410149 13.5799
-195.081 -1636.08 393.059 410149 13.5718
-194.724 -1634.61 393.132 420149 13.5694
-194.367 -1633.13 393.199 420149 13.3954
-194.012 -1631.64 393.267 420149 13.2589
-193.66 -1630.14 393.336 420149 13.1616
-193.311 -1628.65 393.406 420149 13.0259
-192.966 -1627.16 393.477 420149 12.9535
-192.622 -1625.66 393.548 420149 12.8223
-192.282 -1624.17 393.62 420149 12.6315
-191.946 -1622.67 393.693 420149 12.5088
-191.614 -1621.17 393.766 420149 12.4743
-191.282 -1619.67 393.839 420149 12.3641
-190.954 -1618.18 393.912 420149 12.3431
-190.625 -1616.68 393.985 420149 12.2487
-190.3 -1615.18 394.058 420149 11.964
-189.983 -1613.68 394.131 420149 11.8885
-189.668 -1612.18 394.203 420149 11.8852
-189.353 -1610.69 394.275 420149 11.832
-189.04 -1609.19 394.346 420149 11.832
-188.726 -1607.7 394.418 420149 11.805
-188.413 -1606.2 394.487 420149 11.748
-188.103 -1604.71 394.557 420149 10.8492
-187.815 -1603.2 394.63 430149 11.0375
-187.523 -1601.71 394.703 430149 11.0815
-187.231 -1600.21 394.771 430149 11.0843
-186.938 -1598.72 394.838 430149 11.1059
-186.645 -1597.23 394.903 430149 11.1747
-186.349 -1595.73 394.968 430149 11.1701
-186.054 -1594.24 395.031 430149 11.1701
-185.759 -1592.74 395.095 430149 11.1369
-185.465 -1591.25 395.16 430149 11.1361
-185.171 -1589.75 395.225 430149 11.0787
-184.878 -1588.26 395.292 430149 11.2149
-184.582 -1586.76 395.36 430149 11.1376
-184.288 -1585.27 395.432 430149 11.1224
-183.994 -1583.78 395.505 430149 11.0293
-183.702 -1582.28 395.584 430149 11.0007
-183.412 -1580.79 395.664 430149 10.8962
-183.124 -1579.29 395.751 430149 10.8352
-182.839 -1577.8 395.84 430149 10.7252
-182.558 -1576.32 395.937 430149 10.6551
-182.278 -1574.83 396.037 430149 10.3212
-182.006 -1573.34 396.105 440149 10.2307
-181.737 -1571.84 396.169 440149 10.2307
-181.467 -1570.35 396.233 440149 10.07
-181.204 -1568.87 396.297 440149 9.89995
-180.946 -1567.39 396.362 440149 9.87185
-180.688 -1565.91 396.428 440149 9.87185
-180.43 -1564.42 396.493 440149 9.87185
-180.172 -1562.94 396.559 440149 9.7049
-179.918 -1561.46 396.625 0 9.65458
-179.667 -1559.98 396.691 0 9.65458
-179.416 -1558.51 396.757 0 9.65458
-179.165 -1557.03 396.823 0 9.49379
-178.918 -1555.56 396.889 0 9.4579
-178.672 -1554.08 396.955 0 9.4579
-178.426 -1552.6 397.021 0 9.477
-178.18 -1551.13 397.087 0 9.32321
-177.937 -1549.65 397.152 0 9.28107
-177.696 -1548.17 397.217 0 9.28107
-177.455 -1546.69 397.282 0 9.28107
-177.213 -1545.22 397.348 0 9.13435
-176.976 -1543.74 397.412 440149 9.08609
-176.739 -1542.26 397.475 440149 9.08608
-176.502 -1540.78 397.539 440149 9.08608
-176.266 -1539.3 397.602 440149 8.94553
-176.033 -1537.82 397.664 440149 8.89165
-175.801 -1536.34 397.725 440149 8.89165
-175.569 -1534.86 397.786 440149 8.8938
-175.337 -1533.38 397.847 440149 8.75911
-175.109 -1531.89 397.906 440149 8.70013
-174.882 -1530.41 397.963 440149 8.70013
-174.656 -1528.93 398.021 440149 8.70012
-174.429 -1527.45 398.079 440149 8.57111
-174.205 -1525.97 398.134 440149 8.50511
-173.983 -1524.48 398.187 440149 8.50511
-173.762 -1523 398.241 440149 8.50511
-173.54 -1521.52 398.294 440149 8.38158
-173.321 -1520.03 398.345 440149 8.31295
-173.104 -1518.55 398.393 440149 8.31295
-172.887 -1517.06 398.442 440149 8.31524
-172.67 -1515.58 398.49 440149 7.59604
-172.472 -1514.09 398.549 450149 7.52749
-172.275 -1512.6 398.607 450149 7.52749
-172.078 -1511.11 398.666 450149 7.52749
-171.882 -1509.62 398.724 450149 7.52748
-171.685 -1508.13 398.782 0 7.52437
-171.49 -1506.66 398.84 0 7.52437
-171.294 -1505.18 398.898 0 7.52437
-171.099 -1503.7 398.956 0 7.52437
-170.904 -1502.22 399.015 0 7.52437
-170.708 -1500.74 399.073 0 7.52437
-170.513 -1499.26 399.131 0 7.52541
-170.319 -1497.8 399.188 0 7.5254
-170.125 -1496.33 399.246 0 7.5254
-169.932 -1494.86 399.303 0 7.13835
-169.748 -1493.39 399.359 0 6.7525
-169.574 -1491.92 399.414 0 6.7525
-169.4 -1490.45 399.468 0 6.74709
-169.224 -1488.97 399.522 0 6.74709
-169.049 -1487.49 399.577 0 6.74709
-168.874 -1486.01 399.632 0 6.74709
-168.699 -1484.53 399.686 0 6.74709
-168.524 -1483.05 399.741 0 6.74709
-168.349 -1481.57 399.796 450149 6.84027
-168.167 -1480.06 399.851 450149 6.84027
-167.986 -1478.55 399.907 450149 6.84027
-167.805 -1477.03 399.963 450149 6.84027
-167.623 -1475.52 400.019 450149 6.84027
-167.442 -1474.01 400.075 450149 6.72518
-167.263 -1472.5 400.13 450149 6.09188
-167.097 -1470.94 400.184 450149 6.09188
-166.931 -1469.39 400.238 450149 6.09188
-166.766 -1467.83 400.291 450149 6.09188
-166.6 -1466.28 400.345 450149 6.09188
-166.434 -1464.72 400.399 450149 6.09188
-166.268 -1463.17 400.453 450149 6.05599
-166.101 -1461.59 400.507 450149 6.05599
-165.934 -1460.02 400.562 450149 6.05599
-165.767 -1458.45 400.616 450149 6.05599
-165.6 -1456.87 400.671 450149 6.05599
-165.433 -1455.3 400.725 450149 6.05599
-165.266 -1453.73 400.779 450149 6.06016
-165.099 -1452.15 400.834 450149 5.7069
-164.941 -1450.57 400.887 450149 5.26834
-164.795 -1448.99 400.938 450149 5.26834
-164.649 -1447.41 400.989 450149 5.26834
-164.504 -1445.83 401.04 450149 5.26834
-164.358 -1444.25 401.091 450149 5.23294
-164.212 -1442.66 401.143 450149 5.23294
-164.067 -1441.07 401.194 450149 5.23294
-163.921 -1439.47 401.245 450149 5.23293
-163.775 -1437.88 401.297 450149 5.23293
-163.629 -1436.29 401.348 450149 5.23293
-163.483 -1434.7 401.4 450149 5.26576
-163.334 -1433.08 401.452 450149 5.26576
-163.185 -1431.47 401.504 450149 5.26576
-163.036 -1429.85 401.556 450149 4.49462
-162.909 -1428.23 401.605 450149 4.46498
-162.783 -1426.61 401.654 450149 4.46498
-162.656 -1424.99 401.702 450149 4.49684
-162.527 -1423.34 401.752 450149 4.49684
-162.397 -1421.7 401.801 450149 4.49684
-162.268 -1420.05 401.851 450149 4.49684
-162.138 -1418.4 401.9 450149 4.49684
-162.009 -1416.76 401.95 450149 4.49684
-161.879 -1415.11 401.999 450149 4.46465
-161.749 -1413.45 402.049 450149 4.46465
-161.62 -1411.79 402.099 450149 4.46464
-161.49 -1410.12 402.149 450149 4.46464
-161.36 -1408.46 402.199 450149 3.75178
-161.251 -1406.8 402.246 450149 3.65525
-161.145 -1405.13 402.292 450149 3.65728
-161.038 -1403.47 402.338 450149 3.65728
-160.931 -1401.8 402.384 450149 3.65728
-160.825 -1400.13 402.431 450149 3.65728
-160.718 -1398.46 402.477 450149 3.65728
-160.612 -1396.8 402.524 450149 3.65728
-160.505 -1395.13 402.57 450149 3.65714
-160.399 -1393.47 402.616 450149 3.65714
-160.292 -1391.8 402.662 450149 3.65714
-160.186 -1390.14 402.709 450149 3.65714
-160.08 -1388.47 402.755 450149 3.65714
-159.973 -1386.81 402.801 450149 2.89504
-159.889 -1385.15 402.844 450149 2.83951
-159.807 -1383.48 402.887 450149 2.83951
-159.724 -1381.82 402.929 450149 2.83951
-159.641 -1380.15 402.972 450149 2.83951
-159.559 -1378.49 403.014 450149 2.83951
-159.476 -1376.82 403.057 450149 2.83951
-159.394 -1375.15 403.1 450149 2.83773
-159.311 -1373.49 403.142 450149 2.83773
-159.228 -1371.82 403.185 450149 2.83773
-159.145 -1370.15 403.228 450149 2.83773
-159.063 -1368.48 403.27 450149 2.83773
-158.98 -1366.81 403.313 450149 2.83773
-158.897 -1365.14 403.356 450149 2.0363
-158.838 -1363.47 403.395 450149 2.01208
-158.779 -1361.81 403.434 450149 2.01208
-158.721 -1360.14 403.473 450149 2.01208
-158.662 -1358.48 403.512 450149 2.01208
-158.604 -1356.81 403.551 450149 2.01208
-158.545 -1355.14 403.59 450149 2.04429
-158.486 -1353.49 403.628 450149 2.04429
-158.427 -1351.84 403.667 450149 2.04429
-158.368 -1350.19 403.706 450149 2.04429
-158.309 -1348.54 403.744 450149 2.04429
-158.251 -1346.89 403.783 450149 2.04429
-158.192 -1345.23 403.822 450149 2.01451
-158.134 -1343.61 403.86 450149 1.2653
-158.098 -1341.98 403.895 450149 1.18156
-158.065 -1340.35 403.929 450149 1.18156
-158.031 -1338.73 403.964 450149 1.18156
-157.998 -1337.1 403.998 450149 1.18156
-157.964 -1335.47 404.033 450149 1.18443
-157.931 -1333.87 404.067 450149 1.18443
-157.898 -1332.28 404.101 450149 1.18443
-157.865 -1330.68 404.135 450149 1.18443
-157.832 -1329.08 404.169 450149 1.18443
-157.799 -1327.49 404.203 450149 1.18443
-157.766 -1325.89 404.237 450149 1.17514
-157.734 -1324.33 404.27 450149 1.17514
-157.702 -1322.76 404.303 450149 0.876263
-157.678 -1321.2 404.335 450149 0.335184
-157.669 -1319.63 404.365 450149 0.335184
-157.66 -1318.07 404.395 450149 0.335184
-157.651 -1316.5 404.425 450149 0.305045
-157.642 -1314.96 404.454 450149 0.305044
-157.634 -1313.43 404.484 450149 0.305044
-157.626 -1311.89 404.513 450149 0.305044
-157.618 -1310.35 404.542 450149 0.305043
-157.61 -1308.81 404.572 450149 0.305043
-157.601 -1307.28 404.601 450149 0.342016
-157.592 -1305.75 404.63 450149 0.342016
-157.583 -1304.22 404.66 450149 0.342016
-157.574 -1302.69 404.689 450149 0.342016
-157.565 -1301.16 404.718 450149 -0.226223
-157.571 -1299.63 404.744 460149 -0.534018
-157.585 -1298.1 404.768 460149 -0.535629
-157.6 -1296.56 404.792 460149 -0.53563
-157.614 -1295.01 404.817 460149 -0.53563
-157.628 -1293.47 404.841 460149 -0.53563
-157.643 -1291.93 404.866 460149 -0.53563
-157.657 -1290.39 404.89 460149 -0.53563
-157.672 -1288.85 404.915 460149 -0.537282
-157.686 -1287.29 404.94 460149 -0.537282
-157.701 -1285.74 404.964 460149 -0.537282
-157.715 -1284.19 404.989 460149 -0.537283
-157.73 -1282.64 405.014 460149 -0.537283
-157.744 -1281.08 405.038 460149 -0.537283
-157.759 -1279.53 405.063 460149 -0.502585
-157.773 -1277.99 405.087 460149 -0.68834
-157.791 -1276.45 405.112 460149 -1.39127
-157.829 -1274.9 405.134 460149 -1.39127
-157.866 -1273.36 405.156 460149 -1.39127
-157.903 -1271.82 405.178 460149 -1.39127
-157.941 -1270.28 405.201 460149 -1.45881
-157.98 -1268.76 405.223 460149 -1.45881
-158.018 -1267.24 405.244 460149 -1.45882
-158.057 -1265.72 405.266 460149 -1.45882
-158.095 -1264.21 405.288 460149 -1.45882
-158.134 -1262.69 405.31 460149 -1.45882
-158.173 -1261.17 405.332 0 -1.42389
-158.21 -1259.67 405.354 0 -1.42389
-158.247 -1258.17 405.375 0 -1.42389
-158.285 -1256.67 405.397 0 -1.42389
-158.322 -1255.18 405.419 0 -1.42389
-158.359 -1253.68 405.44 0 -1.5682
-158.4 -1252.18 405.462 0 -2.32742
-158.461 -1250.68 405.482 0 -2.32742
-158.522 -1249.19 405.502 0 -2.32742
-158.582 -1247.69 405.521 0 -2.32742
-158.643 -1246.2 405.541 0 -2.32742
-158.704 -1244.71 405.561 0 -2.32742
-158.764 -1243.21 405.581 0 -2.32943
-158.825 -1241.72 405.601 0 -2.32943
-158.886 -1240.22 405.621 0 -2.32943
-158.947 -1238.72 405.641 0 -2.32943
-159.008 -1237.22 405.661 0 -2.32943
-159.069 -1235.73 405.681 0 -2.32943
-159.13 -1234.23 405.701 460149 -2.32721
-159.191 -1232.73 405.721 460149 -2.32721
-159.252 -1231.23 405.741 460149 -2.32721
-159.313 -1229.73 405.761 460149 -2.32721
-159.374 -1228.23 405.781 460149 -3.14239
-159.456 -1226.73 405.8 460149 -3.24476
-159.541 -1225.24 405.819 460149 -3.24479
-159.626 -1223.74 405.838 460149 -3.24479
-159.711 -1222.24 405.857 460149 -3.24479
-159.796 -1220.74 405.876 460149 -3.24479
-159.88 -1219.25 405.894 460149 -3.24479
-159.965 -1217.75 405.913 460149 -3.24479
-160.05 -1216.25 405.932 0 -3.24694
-160.135 -1214.75 405.951 0 -3.24694
-160.22 -1213.26 405.97 0 -3.24694
-160.305 -1211.76 405.989 0 -3.24694
-160.39 -1210.26 406.008 0 -3.24694
-160.475 -1208.77 406.026 0 -3.24694
-160.56 -1207.27 406.045 0 -3.24488
-160.645 -1205.77 406.064 0 -3.24488
-160.729 -1204.28 406.083 0 -3.82561
-160.829 -1202.79 406.101 0 -4.17609
-160.938 -1201.29 406.12 0 -4.17609
-161.047 -1199.8 406.138 0 -4.17609
-161.156 -1198.3 406.156 460149 -4.17388
-161.266 -1196.81 406.174 460149 -4.17388
-161.375 -1195.31 406.193 460149 -4.17388
-161.484 -1193.82 406.211 460149 -4.17388
-161.593 -1192.32 406.229 460149 -4.17388
-161.702 -1190.82 406.247 460149 -4.17388
-161.811 -1189.33 406.266 460149 -4.24057
-161.923 -1187.82 406.284 460149 -4.24058
-162.035 -1186.31 406.303 460149 -4.24058
-162.147 -1184.8 406.321 460149 -4.24058
-162.259 -1183.29 406.34 460149 -4.24058
-162.371 -1181.78 406.358 460149 -4.24058
-162.483 -1180.27 406.376 460149 -4.63737
-162.608 -1178.73 406.395 460149 -5.18666
-162.748 -1177.19 406.414 460149 -5.18666
-162.887 -1175.65 406.433 460149 -5.18666
-163.027 -1174.12 406.451 460149 -5.18666
-163.166 -1172.58 406.47 460149 -5.18666
-163.306 -1171.04 406.489 460149 -5.12736
-163.447 -1169.47 406.508 460149 -5.12736
-163.588 -1167.89 406.527 460149 -5.12736
-163.729 -1166.32 406.546 460149 -5.12736
-163.871 -1164.75 406.566 460149 -5.12736
-164.012 -1163.17 406.585 460149 -5.12736
-164.153 -1161.6 406.604 460149 -5.15003
-164.297 -1160 406.623 460149 -5.15003
-164.441 -1158.4 406.643 460149 -5.15003
-164.586 -1156.8 406.662 460149 -5.15003
-164.73 -1155.2 406.682 460149 -6.00364
-164.898 -1153.6 406.702 460149 -6.10679
-165.069 -1152 406.722 460149 -6.226
-165.244 -1150.39 406.742 460149 -6.226
-165.42 -1148.79 406.762 460149 -6.226
-165.596 -1147.18 406.782 460149 -6.226
-165.771 -1145.57 406.802 460149 -6.22601
-165.947 -1143.96 406.822 460149 -6.22601
-166.122 -1142.35 406.843 460149 -6.24356
-166.299 -1140.74 406.863 460149 -6.24357
-166.475 -1139.13 406.883 460149 -6.24357
-166.651 -1137.52 406.903 460149 -6.24357
-166.827 -1135.9 406.923 460149 -6.24357
-167.003 -1134.29 406.943 460149 -6.24357
-167.18 -1132.68 406.964 460149 -6.22083
-167.354 -1131.08 406.984 460149 -6.95496
-167.55 -1129.48 407.004 460149 -7.18938
-167.752 -1127.88 407.026 460149 -7.18939
-167.954 -1126.28 407.047 460149 -7.18939
-168.156 -1124.68 407.068 460149 -7.18939
-168.357 -1123.08 407.089 460149 -7.18981
-168.559 -1121.48 407.11 460149 -7.18981
-168.76 -1119.88 407.131 460149 -7.18981
-168.962 -1118.28 407.152 460149 -7.18982
-169.163 -1116.69 407.173 460149 -7.18982
-169.365 -1115.09 407.194 460149 -7.18982
-169.566 -1113.49 407.215 460149 -7.02957
-169.764 -1111.89 407.237 460149 -7.02957
-169.962 -1110.29 407.258 460149 -7.02957
-170.159 -1108.69 407.279 460149 -7.02957
-170.357 -1107.08 407.3 460149 -7.56553
-170.569 -1105.48 407.322 460149 -8.00924
-170.794 -1103.89 407.345 460149 -7.85723
-171.014 -1102.29 407.367 460149 -7.85723
-171.235 -1100.69 407.39 460149 -7.85723
-171.455 -1099.1 407.413 460149 -7.85723
-171.675 -1097.5 407.436 460149 -7.85723
-171.896 -1095.9 407.458 460149 -7.85723
-172.116 -1094.31 407.481 460149 -7.86689
-172.332 -1092.75 407.503 460149 -7.86689
-172.547 -1091.18 407.525 460149 -7.86689
-172.763 -1089.62 407.548 460149 -7.86689
-172.979 -1088.06 407.57 460149 -7.86689
-173.194 -1086.5 407.592 460149 -7.86689
-173.41 -1084.94 407.614 460149 -7.97004
-173.621 -1083.43 407.636 460149 -8.027
-173.833 -1081.93 407.657 460149 -8.96006
-174.07 -1080.43 407.681 460149 -8.96006
-174.307 -1078.92 407.704 460149 -8.96006
-174.544 -1077.42 407.728 460149 -8.96006
-174.781 -1075.92 407.751 0 -8.98406
-175.01 -1074.47 407.774 0 -8.98406
-175.239 -1073.02 407.796 0 -8.98406
-175.468 -1071.57 407.819 0 -8.98406
-175.698 -1070.12 407.842 0 -8.98406
-175.927 -1068.67 407.864 0 -8.98406
-176.156 -1067.22 407.887 0 -9.13337
-176.381 -1065.82 407.909 0 -9.13337
-176.606 -1064.42 407.931 0 -9.13337
-176.831 -1063.02 407.953 0 -9.13337
-177.056 -1061.62 407.975 0 -9.13337
-177.281 -1060.23 407.996 0 -9.13337
-177.505 -1058.83 408.018 0 -6.41162
-177.658 -1057.47 408.023 0 -7.13993
-177.827 -1056.12 408.059 0 -7.56988
-178.006 -1054.78 408.096 0 -10.2423
-178.247 -1053.44 408.11 0 -10.1449
-178.487 -1052.1 408.125 0 -10.1449
-178.726 -1050.76 408.14 0 -10.0719
-178.959 -1049.45 408.155 0 -10.0719
-179.192 -1048.14 408.17 0 -10.0719
-179.425 -1046.83 408.185 0 -10.0719
-179.657 -1045.52 408.2 0 -10.0719
-179.89 -1044.21 408.215 0 -10.0719
-180.123 -1042.9 408.23 0 -10.1872
-180.358 -1041.59 408.245 0 -10.3215
-180.596 -1040.28 408.261 0 -10.3215
-180.834 -1038.98 408.276 0 -10.3215
-181.072 -1037.67 408.291 0 -10.3215
-181.31 -1036.37 408.306 0 -10.3215
-181.547 -1035.06 408.321 0 -10.3216
-181.786 -1033.75 408.336 0 -10.3216
-182.024 -1032.44 408.351 0 -10.3216
-182.263 -1031.13 408.366 0 -10.3216
-182.502 -1029.82 408.381 0 -10.5024
-182.744 -1028.51 408.397 0 -10.5385
-182.988 -1027.2 408.412 0 -10.5409
-183.232 -1025.89 408.427 0 -10.5409
-183.476 -1024.58 408.443 0 -10.5409
-183.72 -1023.27 408.458 0 -10.5409
-183.964 -1021.96 408.473 0 -10.5409
-184.208 -1020.65 408.489 0 -10.5409
-184.452 -1019.33 408.504 0 -10.5385
-184.696 -1018.02 408.519 0 -10.5801
-184.94 -1016.71 408.535 0 -10.7203
-185.188 -1015.4 408.55 0 -10.7203
-185.436 -1014.09 408.566 0 -10.7203
-185.684 -1012.78 408.581 0 -10.7203
-185.932 -1011.47 408.597 0 -10.7227
-186.18 -1010.16 408.613 0 -10.7227
-186.428 -1008.85 408.628 0 -10.7227
-186.676 -1007.54 408.644 0 -10.7227
-186.924 -1006.23 408.659 0 -10.7227
-187.172 -1004.92 408.675 0 -10.8142
-187.423 -1003.62 408.691 0 -10.8668
-187.674 -1002.31 408.706 0 -10.8668
-187.925 -1001 408.722 0 -10.8668
-188.177 -999.687 408.738 0 -10.8668
-188.428 -998.378 408.754 0 -10.8668
-188.679 -997.069 408.77 0 -10.8668
-188.931 -995.759 408.785 0 -10.8668
-189.182 -994.45 408.801 0 -10.8668
-189.433 -993.141 408.817 0 -10.8692
-189.685 -991.832 408.833 0 -10.9783
-189.939 -990.523 408.849 0 -10.9783
-190.193 -989.214 408.865 0 -10.9783
-190.446 -987.905 408.881 0 -10.9807
-190.7 -986.597 408.897 0 -10.9807
-190.954 -985.288 408.914 0 -10.9807
-191.208 -983.979 408.93 0 -10.9807
-191.462 -982.67 408.946 0 -10.9807
-191.716 -981.361 408.962 0 -10.9807
-191.97 -980.053 408.978 0 -11.0101
-192.225 -978.744 408.994 0 -11.0545
-192.48 -977.436 409.011 0 -11.0545
-192.736 -976.127 409.027 0 -11.0545
-192.992 -974.819 409.044 0 -11.0545
-193.247 -973.51 409.06 0 -11.0545
-193.503 -972.202 409.077 0 -11.0569
-193.758 -970.893 409.093 0 -11.0569
-194.014 -969.585 409.11 0 -11.0569
-194.27 -968.277 409.126 0 -11.0569
-194.525 -966.968 409.143 0 -11.0904
-194.782 -965.66 409.16 0 -11.0981
-195.039 -964.352 409.177 0 -11.0957
-195.296 -963.041 409.193 0 -11.0957
-195.553 -961.731 409.21 0 -11.0957
-195.81 -960.42 409.227 0 -11.0957
-196.067 -959.11 409.244 0 -11.0957
-196.324 -957.799 409.261 0 -11.0957
-196.581 -956.488 409.278 0 -11.0956
-196.837 -955.182 409.295 0 -11.097
-197.093 -953.876 409.312 0 -11.1016
-197.349 -952.57 409.329 0 -11.1016
-197.606 -951.263 409.347 0 -11.1016
-197.862 -949.957 409.364 0 -11.1016
-198.118 -948.651 409.381 0 -11.1039
-198.373 -947.353 409.398 0 -11.1039
-198.628 -946.055 409.416 0 -11.1039
-198.882 -944.758 409.433 0 -11.1039
-199.137 -943.46 409.45 0 -11.1039
-199.392 -942.162 409.467 0 -11.0872
-199.646 -940.864 409.485 480149 0
