-870.555 -4353.02 331.502 150149 1.19132
-870.521 -4351.43 331.564 150149 1.19132
-870.488 -4349.83 331.627 150149 1.19132
-870.455 -4348.24 331.69 150149 1.19132
-870.422 -4346.64 331.753 150149 1.19132
-870.389 -4345.04 331.815 150149 1.19132
-870.356 -4343.45 331.878 150149 1.12387
-870.324 -4341.82 331.943 150149 1.1315
-870.291 -4340.19 332.008 150149 1.1315
-870.259 -4338.56 332.073 150149 1.1315
-870.227 -4336.94 332.138 150149 1.1315
-870.195 -4335.31 332.204 150149 1.1315
-870.163 -4333.68 332.269 150149 1.12498
-870.13 -4332.02 332.335 150149 1.12548
-870.098 -4330.36 332.402 150149 1.13941
-870.065 -4328.7 332.47 150149 1.13941
-870.032 -4327.04 332.538 150149 1.13941
-869.999 -4325.39 332.606 150149 1.13941
-869.966 -4323.73 332.674 150149 1.18048
-869.931 -4322.05 332.743 150149 1.18048
-869.897 -4320.37 332.812 150149 1.18048
-869.862 -4318.69 332.881 150149 1.19385
-869.827 -4317.02 332.951 150149 1.19686
-869.792 -4315.34 333.022 150149 1.19686
-869.757 -4313.66 333.093 150149 1.3449
-869.718 -4311.98 333.164 150149 1.3449
-869.678 -4310.3 333.235 150149 1.3449
-869.639 -4308.62 333.306 150149 1.3449
-869.599 -4306.95 333.377 150149 1.35675
-869.56 -4305.27 333.45 150149 1.36323
-869.52 -4303.59 333.523 150149 1.46767
-869.477 -4301.93 333.596 150149 1.46767
-869.434 -4300.27 333.668 150149 1.46767
-869.392 -4298.6 333.741 150149 1.46767
-869.349 -4296.94 333.814 150149 1.46767
-869.307 -4295.28 333.886 150149 0.968877
-869.279 -4293.62 333.994 160149 0.690214
-869.259 -4291.99 334 160149 0.786904
-869.237 -4290.35 334.094 160149 1.30164
-869.2 -4288.73 334.149 170149 1.27355
-869.163 -4287.1 334.218 170149 1.27355
-869.127 -4285.47 334.286 170149 1.27355
-869.091 -4283.84 334.355 170149 1.27049
-869.055 -4282.24 334.422 170149 1.27049
-869.02 -4280.64 334.489 170149 1.27049
-868.984 -4279.04 334.556 170149 1.27049
-868.949 -4277.44 334.624 170149 1.27049
-868.914 -4275.84 334.691 170149 1.35196
-868.876 -4274.24 334.76 170149 1.34389
-868.839 -4272.66 334.829 170149 1.34389
-868.801 -4271.07 334.897 170149 1.34389
-868.764 -4269.49 334.966 170149 1.34389
-868.727 -4267.9 335.035 170149 1.34389
-868.69 -4266.32 335.103 170149 1.34389
-868.653 -4264.74 335.172 170149 1.29578
-868.617 -4263.14 335.241 170149 1.29578
-868.581 -4261.55 335.31 170149 1.33626
-868.544 -4259.96 335.38 170149 1.36356
-868.506 -4258.37 335.451 170149 1.36356
-868.468 -4256.78 335.522 170149 1.36356
-868.43 -4255.19 335.593 170149 1.38158
-868.391 -4253.58 335.665 170149 1.38158
-868.352 -4251.97 335.737 170149 1.38158
-868.314 -4250.36 335.809 170149 1.38158
-868.275 -4248.75 335.88 170149 1.38158
-868.236 -4247.14 335.952 170149 1.39859
-868.197 -4245.53 336.025 170149 1.4281
-868.156 -4243.91 336.098 170149 1.4281
-868.116 -4242.29 336.172 170149 1.4281
-868.076 -4240.67 336.246 170149 1.4281
-868.035 -4239.06 336.32 170149 1.4281
-867.995 -4237.44 336.394 170149 1.4281
-867.955 -4235.82 336.468 170149 1.46814
-867.914 -4234.23 336.541 170149 1.46814
-867.873 -4232.64 336.613 170149 1.47238
-867.832 -4231.06 336.686 170149 1.49336
-867.791 -4229.47 336.76 170149 1.49336
-867.75 -4227.88 336.834 170149 1.49336
-867.708 -4226.29 336.908 170149 1.55317
-867.667 -4224.77 336.979 170149 1.55317
-867.625 -4223.24 337.051 170149 1.55317
-867.584 -4221.71 337.122 170149 1.55317
-867.542 -4220.18 337.193 170149 1.55317
-867.501 -4218.65 337.264 170149 1.55317
-867.46 -4217.13 337.336 0 1.45547
-867.422 -4215.65 337.405 0 1.45707
-867.385 -4214.18 337.475 0 1.45707
-867.347 -4212.7 337.545 0 1.45707
-867.31 -4211.23 337.615 0 1.45707
-867.272 -4209.75 337.685 0 1.45707
-867.235 -4208.28 337.755 0 1.44581
-867.199 -4206.86 337.823 0 1.44581
-867.163 -4205.43 337.89 0 1.44581
-867.127 -4204.01 337.958 0 1.44581
-867.091 -4202.59 338.025 0 1.43885
-867.055 -4201.16 338.093 0 1.42847
-867.02 -4199.74 338.162 0 1.23502
-866.991 -4198.39 338.227 0 1.23502
-866.961 -4197.03 338.292 0 1.23502
-866.932 -4195.68 338.358 0 1.23502
-866.903 -4194.32 338.423 0 1.23502
-866.874 -4192.97 338.488 0 1.23502
-866.845 -4191.62 338.553 0 1.4027
-866.811 -4190.24 338.62 0 1.4027
-866.777 -4188.86 338.686 0 1.4027
-866.743 -4187.47 338.753 0 1.37914
-866.71 -4186.09 338.82 0 1.36407
-866.677 -4184.71 338.887 0 1.36407
-866.644 -4183.33 338.954 0 1.48768
-866.607 -4181.9 339.024 0 1.48768
-866.57 -4180.47 339.094 0 1.48768
-866.533 -4179.04 339.164 0 1.48768
-866.495 -4177.6 339.234 0 1.48768
-866.458 -4176.17 339.303 0 1.48768
-866.421 -4174.74 339.373 0 1.52978
-866.381 -4173.26 339.445 0 1.51498
-866.342 -4171.77 339.518 0 1.46988
-866.304 -4170.29 339.591 0 1.46988
-866.266 -4168.8 339.664 0 1.46988
-866.228 -4167.32 339.737 0 1.46988
-866.19 -4165.84 339.81 170149 1.37508
-866.154 -4164.33 339.884 170149 1.37508
-866.118 -4162.83 339.958 170149 1.37508
-866.081 -4161.32 340.032 170149 1.37508
-866.045 -4159.82 340.106 170149 1.37508
-866.009 -4158.31 340.18 170149 1.34647
-865.974 -4156.81 340.254 170149 1.29605
-865.94 -4155.31 340.328 170149 1.29605
-865.906 -4153.81 340.403 170149 1.29605
-865.872 -4152.3 340.477 170149 1.29605
-865.838 -4150.8 340.551 170149 1.29605
-865.804 -4149.3 340.626 170149 1.29605
-865.77 -4147.8 340.7 0 1.29405
-865.736 -4146.3 340.774 0 1.29405
-865.702 -4144.8 340.848 0 1.29405
-865.669 -4143.31 340.922 0 1.2736
-865.635 -4141.81 341.01 0 1.25047
-865.603 -4140.31 341.102 0 1.2657
-865.57 -4138.82 341.189 180149 1.28206
-865.536 -4137.32 341.27 180149 1.28454
-865.502 -4135.82 341.35 180149 1.3121
-865.468 -4134.32 341.424 180149 1.3121
-865.434 -4132.83 341.497 180149 1.33092
-865.399 -4131.33 341.567 180149 1.33844
-865.364 -4129.83 341.636 180149 1.34842
-865.329 -4128.33 341.704 180149 1.36322
-865.293 -4126.83 341.771 180149 1.36322
-865.257 -4125.33 341.838 180149 1.38177
-865.221 -4123.83 341.905 180149 1.38217
-865.185 -4122.34 341.973 180149 1.3915
-865.149 -4120.84 342.042 180149 1.39743
-865.112 -4119.34 342.114 180149 1.40024
-865.076 -4117.84 342.186 180149 1.40899
-865.039 -4116.34 342.264 180149 1.40899
-865.002 -4114.84 342.341 180149 1.41587
-864.965 -4113.35 342.427 180149 1.41686
-864.928 -4111.85 342.513 180149 1.41897
-864.891 -4110.35 342.606 180149 1.42104
-864.854 -4108.86 342.704 180149 1.41641
-864.817 -4107.36 342.78 190149 1.41174
-864.78 -4105.86 342.834 190149 1.42356
-864.742 -4104.36 342.89 190149 1.45109
-864.704 -4102.86 342.951 0 1.45518
-864.666 -4101.36 343.013 0 1.48184
-864.628 -4099.87 343.08 0 1.48184
-864.589 -4098.37 343.147 0 1.50319
-864.55 -4096.87 343.218 0 1.50398
-864.51 -4095.37 343.29 0 1.51474
-864.471 -4093.88 343.365 190149 1.51747
-864.431 -4092.38 343.44 190149 1.52056
-864.391 -4090.88 343.517 190149 1.52239
-864.351 -4089.38 343.595 190149 1.5207
-864.311 -4087.88 343.674 190149 1.51872
-864.272 -4086.38 343.753 190149 1.51511
-864.232 -4084.88 343.833 190149 1.50637
-864.193 -4083.38 343.913 190149 1.50365
-864.153 -4081.88 343.993 190149 1.48548
-864.114 -4080.37 344.072 190149 1.48548
-864.075 -4078.87 344.152 190149 1.45697
-864.037 -4077.37 344.229 190149 1.45598
-863.999 -4075.87 344.307 190149 1.37906
-863.963 -4074.37 344.379 200149 1.38393
-863.927 -4072.87 344.451 200149 1.33661
-863.892 -4071.37 344.525 200149 1.31927
-863.857 -4069.87 344.599 200149 1.30465
-863.823 -4068.37 344.673 200149 1.27479
-863.79 -4066.88 344.749 0 1.30958
-863.756 -4065.4 344.824 0 1.28743
-863.722 -4063.91 344.899 0 1.2853
-863.689 -4062.43 344.975 0 1.28333
-863.656 -4060.95 345.052 0 1.2812
-863.623 -4059.47 345.129 0 1.28199
-863.59 -4057.99 345.206 0 1.22627
-863.559 -4056.54 345.282 0 1.22627
-863.528 -4055.09 345.359 0 1.24718
-863.496 -4053.63 345.436 0 1.26255
-863.464 -4052.18 345.512 0 1.26839
-863.432 -4050.72 345.589 0 1.31902
-863.398 -4049.27 345.666 0 1.35431
-863.364 -4047.83 345.742 0 1.40173
-863.329 -4046.38 345.818 0 1.43097
-863.293 -4044.94 345.894 0 1.443
-863.257 -4043.5 345.97 0 1.52783
-863.218 -4042.06 346.046 0 1.52783
-863.18 -4040.62 346.122 0 1.48329
-863.142 -4039.17 346.18 0 1.49798
-863.104 -4037.72 346.239 0 1.48546
-863.067 -4036.27 346.304 0 1.48053
-863.029 -4034.82 346.37 0 1.46625
-862.992 -4033.37 346.44 0 1.45666
-862.955 -4031.92 346.512 0 1.47222
-862.917 -4030.44 346.587 0 1.45572
-862.879 -4028.96 346.664 0 1.44297
-862.842 -4027.48 346.741 0 1.4176
-862.806 -4026 346.819 0 1.40868
-862.769 -4024.52 346.896 0 1.37268
-862.734 -4023.04 346.973 210149 1.37859
-862.697 -4021.53 347.05 210149 1.33917
-862.662 -4020.01 347.125 210149 1.32303
-862.627 -4018.5 347.198 210149 1.28979
-862.593 -4016.99 347.269 210149 1.26026
-862.56 -4015.48 347.335 210149 1.23539
-862.527 -4013.96 347.399 210149 1.3645
-862.49 -4012.42 347.482 220149 1.34881
-862.454 -4010.88 347.563 220149 1.34881
-862.418 -4009.35 347.644 220149 1.34881
-862.382 -4007.81 347.725 220149 1.34881
-862.345 -4006.27 347.806 220149 1.34881
-862.309 -4004.73 347.887 220149 1.31754
-862.273 -4003.18 347.969 220149 1.31754
-862.238 -4001.62 348.051 220149 1.31754
-862.202 -4000.07 348.132 220149 1.31754
-862.166 -3998.52 348.214 220149 1.32543
-862.131 -3996.97 348.294 220149 1.3323
-862.094 -3995.42 348.373 220149 1.33211
-862.058 -3993.86 348.453 220149 1.33211
-862.022 -3992.3 348.532 220149 1.33211
-861.986 -3990.74 348.611 220149 1.33211
-861.949 -3989.17 348.691 220149 1.33211
-861.913 -3987.61 348.77 220149 1.33211
-861.877 -3986.05 348.85 220149 1.32991
-861.84 -3984.48 348.929 220149 1.32991
-861.804 -3982.91 349.009 220149 1.33147
-861.767 -3981.34 349.089 220149 1.3459
-861.73 -3979.77 349.166 220149 1.3459
-861.694 -3978.21 349.244 220149 1.3459
-861.657 -3976.64 349.322 220149 1.33985
-861.62 -3975.07 349.399 220149 1.33985
-861.583 -3973.5 349.477 220149 1.33985
-861.547 -3971.93 349.555 220149 1.33985
-861.51 -3970.37 349.632 220149 1.33985
-861.473 -3968.8 349.71 220149 1.33985
-861.437 -3967.23 349.787 220149 1.33194
-861.401 -3965.69 349.864 220149 1.34369
-861.365 -3964.14 349.939 220149 1.34915
-861.328 -3962.59 350.015 220149 1.34915
-861.292 -3961.05 350.09 220149 1.34915
-861.255 -3959.5 350.165 220149 1.34915
-861.219 -3957.95 350.24 220149 1.28022
-861.185 -3956.44 350.314 220149 1.28022
-861.151 -3954.92 350.387 220149 1.28022
-861.117 -3953.4 350.461 220149 1.28022
-861.083 -3951.89 350.535 220149 1.28022
-861.049 -3950.37 350.608 220149 1.2807
-861.015 -3948.85 350.682 0 1.33198
-860.981 -3947.36 350.754 0 1.33198
-860.946 -3945.86 350.826 0 1.33198
-860.911 -3944.37 350.898 0 1.33198
-860.876 -3942.87 350.97 0 1.33198
-860.842 -3941.37 351.042 0 1.33198
-860.807 -3939.88 351.113 0 1.33195
-860.772 -3938.38 351.185 0 1.33195
-860.737 -3936.89 351.257 0 1.33195
-860.703 -3935.4 351.329 0 1.33195
-860.668 -3933.9 351.401 0 1.33434
-860.633 -3932.41 351.472 0 1.3516
-860.598 -3930.92 351.544 0 1.35164
-860.563 -3929.42 351.616 0 1.35164
-860.527 -3927.92 351.688 0 1.35164
-860.492 -3926.43 351.76 0 1.35164
-860.457 -3924.93 351.831 0 1.35164
-860.421 -3923.44 351.903 0 1.35164
-860.386 -3921.94 351.975 220149 1.35167
-860.351 -3920.44 352.047 220149 1.35167
-860.315 -3918.94 352.119 220149 1.35167
-860.28 -3917.44 352.191 220149 1.35649
-860.244 -3915.94 352.263 220149 1.37254
-860.209 -3914.45 352.335 220149 1.37254
-860.173 -3912.95 352.408 220149 1.37253
-860.137 -3911.45 352.48 220149 1.37253
-860.101 -3909.95 352.553 220149 1.37253
-860.065 -3908.45 352.625 220149 1.37253
-860.029 -3906.96 352.698 220149 1.37253
-859.993 -3905.46 352.77 220149 1.37253
-859.957 -3903.96 352.843 220149 1.37253
-859.921 -3902.46 352.915 220149 1.37253
-859.885 -3900.96 352.988 220149 1.38025
-859.849 -3899.47 353.06 220149 1.39463
-859.813 -3897.97 353.134 220149 1.39463
-859.776 -3896.47 353.208 220149 1.39463
-859.74 -3894.97 353.281 220149 1.39463
-859.704 -3893.47 353.355 220149 1.39463
-859.667 -3891.98 353.429 220149 1.39463
-859.631 -3890.48 353.502 220149 1.39463
-859.594 -3888.98 353.576 220149 1.39463
-859.558 -3887.48 353.649 220149 1.39463
-859.521 -3885.99 353.723 220149 1.39464
-859.485 -3884.49 353.797 220149 1.40552
-859.448 -3882.99 353.871 220149 1.41795
-859.411 -3881.49 353.947 220149 1.41795
-859.374 -3879.99 354.022 220149 1.41795
-859.337 -3878.49 354.098 220149 1.41795
-859.3 -3876.99 354.173 0 1.41792
-859.263 -3875.5 354.248 0 1.41792
-859.226 -3874 354.324 0 1.41792
-859.188 -3872.51 354.399 0 1.41792
-859.151 -3871.01 354.475 0 1.41792
-859.114 -3869.51 354.55 0 1.41792
-859.077 -3868.02 354.625 0 1.43204
-859.04 -3866.52 354.702 0 1.44242
-859.002 -3865.03 354.78 0 1.44242
-858.965 -3863.54 354.857 0 1.44242
-858.927 -3862.05 354.935 0 1.44242
-858.89 -3860.55 355.013 0 1.44242
-858.852 -3859.06 355.09 0 1.44248
-858.814 -3857.56 355.168 0 1.44248
-858.777 -3856.07 355.246 0 1.44248
-858.739 -3854.57 355.324 0 1.44248
-858.701 -3853.07 355.402 0 1.44248
-858.664 -3851.57 355.48 220149 1.23646
-858.631 -3850.07 355.557 230149 1.20837
-858.599 -3848.56 355.636 230149 1.20837
-858.567 -3847.04 355.715 230149 1.20837
-858.535 -3845.53 355.793 230149 1.20837
-858.503 -3844.01 355.872 230149 1.20837
-858.471 -3842.5 355.951 230149 1.20837
-858.439 -3840.98 356.03 230149 1.31407
-858.404 -3839.44 356.11 230149 1.32338
-858.368 -3837.9 356.189 230149 1.32338
-858.333 -3836.36 356.268 230149 1.32338
-858.297 -3834.82 356.347 230149 1.32338
-858.262 -3833.28 356.426 230149 1.32338
-858.226 -3831.73 356.505 230149 1.29049
-858.191 -3830.18 356.585 230149 1.31929
-858.155 -3828.63 356.664 230149 1.32906
-858.119 -3827.07 356.743 230149 1.32906
-858.083 -3825.52 356.822 230149 1.32906
-858.047 -3823.96 356.9 230149 1.32906
-858.011 -3822.41 356.979 230149 1.36195
-857.974 -3820.87 357.057 230149 1.36195
-857.938 -3819.33 357.135 230149 1.38277
-857.901 -3817.79 357.212 230149 1.39102
-857.863 -3816.25 357.289 230149 1.39102
-857.826 -3814.71 357.366 230149 1.39102
-857.788 -3813.16 357.443 230149 1.32409
-857.753 -3811.65 357.518 230149 1.32409
-857.718 -3810.13 357.594 230149 1.32409
-857.683 -3808.62 357.669 230149 1.33564
-857.648 -3807.1 357.744 230149 1.34367
-857.612 -3805.58 357.818 230149 1.34367
-857.577 -3804.07 357.892 0 1.37702
-857.541 -3802.57 357.966 0 1.37702
-857.505 -3801.07 358.039 0 1.37702
-857.469 -3799.58 358.112 0 1.37702
-857.433 -3798.08 358.186 0 1.3805
-857.397 -3796.58 358.259 0 1.38711
-857.36 -3795.09 358.331 0 1.38919
-857.324 -3793.59 358.402 0 1.38919
-857.288 -3792.1 358.474 0 1.38919
-857.252 -3790.61 358.546 0 1.38919
-857.216 -3789.11 358.618 0 1.38919
-857.179 -3787.62 358.69 0 1.38923
-857.143 -3786.12 358.761 0 1.38769
-857.107 -3784.63 358.832 0 1.38769
-857.071 -3783.13 358.902 0 1.38769
-857.034 -3781.64 358.973 0 1.38769
-856.998 -3780.14 359.043 0 1.38769
-856.962 -3778.64 359.114 0 1.38769
-856.926 -3777.15 359.184 0 1.32393
-856.891 -3775.65 359.255 0 1.31709
-856.857 -3774.15 359.324 0 1.31503
-856.822 -3772.66 359.393 0 1.31503
-856.788 -3771.16 359.462 0 1.31503
-856.754 -3769.66 359.531 0 1.31503
-856.719 -3768.17 359.6 0 1.4617
-856.681 -3766.67 359.669 0 1.4617
-856.643 -3765.17 359.738 0 1.45269
-856.605 -3763.67 359.806 0 1.4433
-856.567 -3762.18 359.873 0 1.4433
-856.529 -3760.68 359.941 0 1.4433
-856.492 -3759.18 360.008 230149 1.62103
-856.449 -3757.68 360.075 230149 1.62103
-856.407 -3756.18 360.143 230149 1.62103
-856.364 -3754.68 360.211 230149 1.61481
-856.322 -3753.18 360.278 230149 1.59313
-856.28 -3751.67 360.344 230149 1.59313
-856.238 -3750.17 360.409 230149 1.82391
-856.19 -3748.67 360.475 230149 1.82391
-856.143 -3747.17 360.541 230149 1.82391
-856.095 -3745.66 360.607 230149 1.82391
-856.047 -3744.16 360.673 230149 1.82391
-855.999 -3742.66 360.739 230149 1.68912
-855.955 -3741.16 360.819 0 1.8415
-855.907 -3739.68 360.894 0 1.88151
-855.858 -3738.2 360.965 0 1.88482
-855.81 -3736.71 361.036 0 1.90682
-855.76 -3735.23 361.105 0 1.92643
-855.711 -3733.75 361.173 0 1.93178
-855.661 -3732.27 361.24 0 1.85679
-855.614 -3730.82 361.303 0 1.85679
-855.567 -3729.37 361.367 0 1.88309
-855.519 -3727.93 361.429 0 1.89498
-855.471 -3726.48 361.491 0 1.90375
-855.423 -3725.03 361.553 0 1.93145
-855.374 -3723.58 361.614 0 1.557
-855.335 -3722.15 361.675 0 1.58409
-855.296 -3720.71 361.736 0 1.59174
-855.256 -3719.28 361.798 0 1.60187
-855.216 -3717.84 361.859 0 1.62476
-855.175 -3716.41 361.922 0 1.62476
-855.134 -3714.97 361.985 0 1.52911
-855.095 -3713.51 362.051 0 1.53421
-855.056 -3712.04 362.117 0 1.5465
-855.016 -3710.58 362.185 0 1.56375
-854.976 -3709.11 362.255 0 1.56375
-854.936 -3707.65 362.325 0 1.85417
-854.889 -3706.19 362.388 250149 1.77895
-854.842 -3704.68 362.455 250149 1.63799
-854.799 -3703.17 362.522 250149 1.60904
-854.757 -3701.67 362.588 250149 1.47947
-854.718 -3700.16 362.654 250149 1.46324
-854.679 -3698.65 362.72 250149 1.34847
-854.644 -3697.14 362.785 250149 1.36436
-854.607 -3695.58 362.852 250149 1.27062
-854.572 -3694.03 362.919 250149 1.26308
-854.538 -3692.47 362.985 250149 1.19464
-854.505 -3690.92 363.05 250149 1.18954
-854.473 -3689.36 363.115 250149 1.14617
-854.442 -3687.81 363.179 250149 1.25212
-854.408 -3686.23 363.243 250149 1.23372
-854.374 -3684.66 363.306 250149 1.23472
-854.34 -3683.08 363.369 250149 1.24027
-854.306 -3681.51 363.43 250149 1.24657
-854.271 -3679.93 363.491 250149 1.27433
-854.236 -3678.36 363.55 250149 1.66797
-854.191 -3676.79 363.616 260149 1.90796
-854.138 -3675.22 363.684 260149 1.89245
-854.086 -3673.65 363.753 260149 1.81235
-854.037 -3672.07 363.82 260149 1.81235
-853.987 -3670.5 363.887 260149 1.74915
-853.939 -3668.92 363.952 260149 1.81701
-853.889 -3667.36 364.017 260149 1.79153
-853.84 -3665.8 364.081 260149 1.75019
-853.793 -3664.24 364.145 260149 1.75019
-853.745 -3662.68 364.208 260149 1.69887
-853.699 -3661.12 364.27 260149 1.69777
-853.652 -3659.56 364.331 260149 1.64946
-853.608 -3658.01 364.392 260149 1.63319
-853.564 -3656.47 364.452 260149 1.62981
-853.52 -3654.92 364.512 260149 1.60956
-853.477 -3653.38 364.57 260149 1.60956
-853.433 -3651.84 364.629 260149 1.60297
-853.39 -3650.29 364.688 260149 1.47403
-853.351 -3648.77 364.745 260149 1.47537
-853.312 -3647.26 364.802 260149 1.47921
-853.273 -3645.74 364.858 260149 1.47921
-853.233 -3644.22 364.914 260149 1.49469
-853.194 -3642.7 364.97 260149 1.49878
-853.154 -3641.18 365.026 260149 1.38914
-853.118 -3639.68 365.086 270149 1.4375
-853.08 -3638.18 365.148 270149 1.4375
-853.042 -3636.67 365.21 270149 1.43975
-853.004 -3635.17 365.272 270149 1.44351
-852.967 -3633.67 365.332 270149 1.44351
-852.929 -3632.17 365.392 0 1.37596
-852.893 -3630.67 365.452 0 1.37995
-852.857 -3629.18 365.511 0 1.37995
-852.821 -3627.68 365.569 0 1.37995
-852.785 -3626.19 365.627 0 1.38218
-852.749 -3624.69 365.684 0 1.38274
-852.713 -3623.2 365.741 0 1.42105
-852.675 -3621.7 365.798 0 1.42164
-852.638 -3620.21 365.854 0 1.42222
-852.601 -3618.71 365.91 0 1.42222
-852.564 -3617.21 365.966 0 1.42212
-852.527 -3615.72 366.022 0 1.42178
-852.49 -3614.22 366.076 0 1.4239
-852.453 -3612.72 366.132 0 1.4239
-852.415 -3611.22 366.187 0 1.42199
-852.378 -3609.73 366.241 0 1.42185
-852.341 -3608.23 366.295 0 1.42185
-852.304 -3606.73 366.35 0 1.41948
-852.267 -3605.23 366.404 270149 1.41818
-852.23 -3603.73 366.458 270149 1.41818
-852.192 -3602.23 366.513 270149 1.41627
-852.155 -3600.74 366.567 270149 1.4129
-852.118 -3599.24 366.621 270149 1.4129
-852.081 -3597.74 366.675 270149 1.41237
-852.044 -3596.24 366.73 0 1.40389
-852.008 -3594.74 366.784 0 1.40389
-851.971 -3593.24 366.839 0 1.40389
-851.934 -3591.74 366.894 0 1.40705
-851.897 -3590.24 366.945 280149 1.40572
-851.861 -3588.75 366.997 280149 1.40572
-851.824 -3587.25 367.05 280149 1.40784
-851.787 -3585.75 367.102 280149 1.40784
-851.75 -3584.25 367.154 280149 1.40784
-851.713 -3582.75 367.206 280149 1.40784
-851.676 -3581.25 367.258 280149 1.40784
-851.64 -3579.75 367.31 280149 1.40784
-851.603 -3578.25 367.362 280149 1.40784
-851.566 -3576.75 367.414 280149 1.40784
-851.529 -3575.25 367.466 280149 1.31365
-851.495 -3573.75 367.518 280149 1.30977
-851.46 -3572.25 367.57 280149 1.30977
-851.426 -3570.75 367.621 280149 1.30977
-851.392 -3569.25 367.673 280149 1.30977
-851.357 -3567.75 367.725 280149 1.30977
-851.323 -3566.25 367.776 280149 1.30977
-851.289 -3564.75 367.828 280149 1.30977
-851.255 -3563.25 367.879 280149 1.30977
-851.22 -3561.75 367.931 280149 1.30977
-851.186 -3560.25 367.983 0 1.30978
-851.152 -3558.75 368.034 0 1.28978
-851.118 -3557.25 368.086 0 1.28469
-851.084 -3555.76 368.137 0 1.28469
-851.051 -3554.26 368.188 0 1.28469
-851.017 -3552.76 368.24 0 1.28469
-850.984 -3551.26 368.291 0 1.28258
-850.95 -3549.77 368.342 0 1.28258
-850.917 -3548.27 368.393 0 1.28258
-850.883 -3546.78 368.444 0 1.28258
-850.85 -3545.28 368.496 0 1.28258
-850.816 -3543.79 368.547 0 1.28258
-850.783 -3542.29 368.598 0 1.31399
-850.749 -3540.8 368.649 0 1.33261
-850.714 -3539.31 368.7 0 1.33261
-850.679 -3537.81 368.751 0 1.33261
-850.644 -3536.32 368.802 0 1.33261
-850.61 -3534.83 368.853 0 1.33261
-850.575 -3533.34 368.904 280149 1.29906
-850.54 -3531.81 368.956 280149 1.29906
-850.506 -3530.29 369.008 280149 1.29906
-850.471 -3528.76 369.06 280149 1.29906
-850.437 -3527.24 369.112 280149 1.29906
-850.402 -3525.72 369.164 280149 1.36138
-850.366 -3524.19 369.216 280149 1.48542
-850.325 -3522.61 369.269 280149 1.48542
-850.284 -3521.04 369.323 280149 1.48542
-850.243 -3519.46 369.377 280149 1.48542
-850.202 -3517.88 369.431 280149 1.48542
-850.161 -3516.31 369.484 280149 1.48542
-850.121 -3514.73 369.538 280149 1.35331
-850.083 -3513.14 369.592 280149 1.35331
-850.045 -3511.54 369.647 280149 1.35331
-850.008 -3509.95 369.701 280149 1.35331
-849.97 -3508.35 369.756 280149 1.53464
-849.927 -3506.76 369.81 280149 1.54715
-849.884 -3505.16 369.864 280149 1.49526
-849.843 -3503.59 369.918 280149 1.49526
-849.802 -3502.01 369.972 280149 1.49526
-849.761 -3500.44 370.026 280149 1.49526
-849.72 -3498.87 370.079 280149 1.49526
-849.679 -3497.3 370.133 280149 1.49526
-849.638 -3495.72 370.187 280149 1.46329
-849.598 -3494.18 370.239 280149 1.46329
-849.559 -3492.64 370.292 280149 1.53605
-849.518 -3491.1 370.345 280149 1.73008
-849.471 -3489.56 370.397 280149 1.73008
-849.425 -3488.02 370.45 280149 1.73008
-849.378 -3486.48 370.503 280149 1.6614
-849.333 -3484.93 370.556 280149 1.66141
-849.288 -3483.38 370.609 280149 1.66141
-849.243 -3481.83 370.663 280149 1.66141
-849.198 -3480.28 370.716 280149 1.66141
-849.153 -3478.73 370.769 280149 1.66141
-849.108 -3477.18 370.822 280149 1.80454
-849.058 -3475.57 370.877 280149 1.9799
-849.002 -3473.97 370.932 280149 2.14424
-848.942 -3472.37 370.988 280149 2.14424
-848.882 -3470.76 371.043 280149 2.14424
-848.822 -3469.16 371.098 280149 2.14424
-848.762 -3467.56 371.154 280149 2.17794
-848.7 -3465.91 371.211 280149 2.17794
-848.637 -3464.26 371.268 280149 2.17794
-848.574 -3462.61 371.325 280149 2.17794
-848.511 -3460.96 371.382 280149 2.17794
-848.449 -3459.32 371.438 280149 2.28213
-848.383 -3457.67 371.496 280149 2.51156
-848.31 -3456 371.554 280149 2.51156
-848.236 -3454.32 371.612 280149 2.51156
-848.163 -3452.65 371.67 280149 2.51156
-848.09 -3450.98 371.729 280149 2.51156
-848.016 -3449.31 371.787 280149 2.51157
-847.943 -3447.64 371.845 280149 2.51338
-847.87 -3445.97 371.904 280149 2.51338
-847.796 -3444.29 371.962 280149 2.51338
-847.723 -3442.62 372.02 280149 2.63505
-847.646 -3440.95 372.078 280149 2.99861
-847.559 -3439.28 372.137 280149 2.99861
-847.471 -3437.61 372.196 280149 3.02752
-847.384 -3435.96 372.254 280149 3.02752
-847.297 -3434.32 372.313 280149 3.02752
-847.21 -3432.67 372.371 280149 3.02752
-847.123 -3431.02 372.429 280149 3.02752
-847.035 -3429.37 372.487 280149 3.02752
-846.948 -3427.72 372.545 280149 2.96467
-846.864 -3426.1 372.602 280149 3.01898
-846.779 -3424.48 372.659 290149 3.28063
-846.686 -3422.86 372.717 290149 3.28064
-846.593 -3421.24 372.775 290149 3.28064
-846.5 -3419.62 372.832 290149 3.28064
-846.407 -3418 372.89 290149 3.31485
-846.314 -3416.39 372.947 290149 3.31485
-846.221 -3414.78 373.004 290149 3.31485
-846.128 -3413.17 373.061 290149 3.31485
-846.034 -3411.56 373.118 290149 3.31485
-845.941 -3409.95 373.175 290149 3.49774
-845.843 -3408.35 373.232 290149 3.64957
-845.739 -3406.72 373.29 290149 3.64957
-845.636 -3405.1 373.347 290149 3.64957
-845.533 -3403.48 373.404 290149 3.64957
-845.429 -3401.86 373.461 290149 3.64957
-845.326 -3400.24 373.519 290149 3.64957
-845.223 -3398.62 373.576 290149 3.71077
-845.115 -3396.97 373.634 290149 3.71077
-845.008 -3395.31 373.693 290149 3.71077
-844.901 -3393.66 373.751 290149 3.95977
-844.786 -3392 373.81 290149 4.08201
-844.668 -3390.35 373.869 290149 4.08201
-844.55 -3388.7 373.927 290149 4.04963
-844.433 -3387.04 373.986 290149 4.04963
-844.316 -3385.38 374.045 290149 4.04963
-844.198 -3383.73 374.104 290149 4.04964
-844.081 -3382.07 374.163 290149 4.04964
-843.964 -3380.41 374.222 290149 4.04964
-843.847 -3378.76 374.281 290149 4.04896
-843.731 -3377.13 374.339 290149 4.41382
-843.606 -3375.5 374.398 290149 4.42451
-843.48 -3373.88 374.457 290149 4.42451
-843.354 -3372.25 374.515 290149 4.42451
-843.228 -3370.62 374.574 290149 4.42451
-843.102 -3369 374.633 290149 4.58258
-842.973 -3367.38 374.692 290149 4.58258
-842.844 -3365.77 374.75 290149 4.58258
-842.715 -3364.16 374.808 290149 4.58258
-842.586 -3362.55 374.867 290149 4.61179
-842.456 -3360.94 374.925 290149 4.96241
-842.316 -3359.33 374.985 290149 5.00148
-842.174 -3357.71 375.046 290149 5.00148
-842.032 -3356.09 375.106 290149 5.00148
-841.89 -3354.46 375.167 290149 5.00148
-841.748 -3352.84 375.227 290149 5.00148
-841.606 -3351.22 375.288 290149 5.00148
-841.464 -3349.6 375.348 290149 4.99867
-841.32 -3347.95 375.41 290149 4.99867
-841.175 -3346.29 375.472 290149 5.09311
-841.028 -3344.64 375.534 290149 5.38275
-840.872 -3342.99 375.598 290149 5.38275
-840.717 -3341.34 375.662 290149 5.38275
-840.561 -3339.69 375.726 290149 5.38626
-840.404 -3338.03 375.791 290149 5.38626
-840.248 -3336.36 375.855 290149 5.38626
-840.091 -3334.7 375.92 290149 5.38626
-839.934 -3333.04 375.984 290149 5.38626
-839.777 -3331.37 376.049 290149 5.38626
-839.621 -3329.71 376.113 290149 5.61383
-839.458 -3328.05 376.18 290149 5.77085
-839.29 -3326.4 376.247 290149 5.77085
-839.123 -3324.74 376.315 290149 5.77085
-838.955 -3323.08 376.382 290149 5.77085
-838.788 -3321.43 376.45 290149 5.77085
-838.62 -3319.77 376.517 290149 5.69291
-838.453 -3318.09 376.586 290149 5.69291
-838.286 -3316.41 376.654 290149 5.69291
-838.119 -3314.74 376.722 290149 5.69291
-837.952 -3313.06 376.791 290149 6.08059
-837.773 -3311.38 376.863 290149 6.08533
-837.594 -3309.71 376.935 290149 6.12484
-837.41 -3307.99 377.009 290149 6.12484
-837.225 -3306.26 377.084 290149 6.12484
-837.04 -3304.54 377.158 290149 6.12484
-836.856 -3302.82 377.232 290149 6.12484
-836.671 -3301.1 377.306 290149 6.12484
-836.486 -3299.38 377.38 290149 6.20385
-836.295 -3297.62 377.456 290149 6.47003
-836.096 -3295.86 377.535 290149 6.6004
-835.892 -3294.11 377.616 290149 6.6004
-835.689 -3292.35 377.697 290149 6.6004
-835.485 -3290.59 377.778 290149 6.6004
-835.282 -3288.83 377.858 290149 6.63538
-835.073 -3287.03 377.941 290149 6.63538
-834.863 -3285.23 378.023 290149 6.63539
-834.654 -3283.43 378.106 290149 6.63539
-834.445 -3281.64 378.189 290149 6.90686
-834.227 -3279.84 378.275 290149 7.03601
-834.005 -3278.04 378.363 290149 6.96156
-833.783 -3276.22 378.453 290149 6.96156
-833.56 -3274.4 378.542 290149 6.96156
-833.338 -3272.58 378.632 290149 6.96156
-833.115 -3270.75 378.721 290149 6.96156
-832.893 -3268.93 378.811 290149 6.96156
-832.671 -3267.11 378.901 290149 6.9319
-832.446 -3265.27 378.991 290149 7.11762
-832.216 -3263.42 379.071 300149 7.13588
-831.985 -3261.58 379.154 300149 7.13588
-831.755 -3259.74 379.238 300149 7.13588
-831.524 -3257.89 379.321 300149 7.13588
-831.293 -3256.05 379.404 300149 7.19341
-831.058 -3254.19 379.488 300149 7.19341
-830.823 -3252.33 379.572 300149 7.19341
-830.588 -3250.47 379.656 300149 7.19341
-830.353 -3248.6 379.74 300149 7.4491
-830.11 -3246.74 379.826 300149 7.60696
-829.862 -3244.88 379.914 300149 7.58112
-829.612 -3243.01 380.001 300149 7.58112
-829.363 -3241.13 380.089 300149 7.58112
-829.113 -3239.26 380.177 300149 7.58112
-828.863 -3237.38 380.265 300149 7.58112
-828.614 -3235.51 380.353 300149 7.58112
-828.364 -3233.63 380.441 300149 7.60638
-828.114 -3231.76 380.529 300149 7.65521
-827.862 -3229.88 380.617 300149 8.02107
-827.598 -3228.01 380.708 300149 8.02107
-827.334 -3226.14 380.799 300149 8.02107
-827.07 -3224.27 380.889 300149 8.02107
-826.806 -3222.39 380.98 300149 7.91974
-826.549 -3220.54 381.069 300149 7.91974
-826.291 -3218.69 381.159 300149 7.91974
-826.034 -3216.84 381.248 300149 7.91974
-825.776 -3214.99 381.338 300149 7.91974
-825.519 -3213.14 381.427 300149 8.15376
-825.254 -3211.29 381.518 300149 8.34723
-824.986 -3209.46 381.609 300149 8.34723
-824.718 -3207.63 381.699 300149 8.34723
-824.449 -3205.8 381.79 300149 8.34723
-824.181 -3203.98 381.881 300149 8.34723
-823.913 -3202.15 381.971 300149 8.34723
-823.645 -3200.32 382.062 300149 8.34534
-823.379 -3198.51 382.152 300149 8.34534
-823.114 -3196.7 382.241 300149 8.34534
-822.848 -3194.89 382.331 300149 8.68796
-822.571 -3193.08 382.422 300149 8.76217
-822.292 -3191.27 382.514 300149 8.76217
-822.014 -3189.46 382.605 300149 8.76215
-821.735 -3187.65 382.697 300149 8.76215
-821.456 -3185.84 382.788 300149 8.76215
-821.178 -3184.04 382.879 300149 8.76215
-820.899 -3182.23 382.971 300149 8.76215
-820.621 -3180.42 383.062 300149 8.76215
-820.342 -3178.61 383.153 300149 8.80494
-820.061 -3176.8 383.245 300149 9.21818
-819.767 -3174.99 383.338 300149 9.21818
-819.472 -3173.17 383.431 300149 9.21818
-819.178 -3171.36 383.524 300149 9.21818
-818.884 -3169.55 383.617 300149 9.21818
-818.59 -3167.73 383.71 300149 9.14372
-818.297 -3165.92 383.803 300149 9.14372
-818.005 -3164.1 383.896 300149 9.14372
-817.713 -3162.29 383.989 300149 9.14372
-817.421 -3160.47 384.082 300149 9.24278
-817.126 -3158.66 384.175 300149 9.5625
-816.82 -3156.85 384.268 300149 9.4076
-816.521 -3155.04 384.362 300149 9.4076
-816.222 -3153.23 384.455 300149 9.4076
-815.922 -3151.43 384.548 300149 9.4076
-815.623 -3149.62 384.642 300149 9.4076
-815.323 -3147.81 384.735 300149 9.40761
-815.024 -3146.01 384.828 300149 9.40217
-814.728 -3144.22 384.921 300149 9.40217
-814.431 -3142.42 385.013 300149 9.57296
-814.129 -3140.64 385.106 300149 9.82186
-813.82 -3138.85 385.198 300149 9.82186
-813.51 -3137.06 385.291 300149 9.82186
-813.201 -3135.27 385.384 300149 9.85291
-812.894 -3133.5 385.475 300149 9.85291
-812.587 -3131.74 385.567 300149 9.85291
-812.28 -3129.97 385.658 300149 9.85291
-811.974 -3128.21 385.75 300149 9.85292
-811.667 -3126.44 385.841 300149 9.85292
-811.36 -3124.67 385.932 300149 10.1137
-811.049 -3122.93 386.023 300149 10.3595
-810.729 -3121.18 386.113 300149 10.3595
-810.41 -3119.44 386.204 300149 10.3595
-810.091 -3117.69 386.294 300149 10.3595
-809.772 -3115.94 386.384 300149 10.3595
-809.453 -3114.2 386.474 300149 10.4996
-809.131 -3112.46 386.564 300149 10.4996
-808.809 -3110.72 386.654 300149 10.4996
-808.487 -3108.99 386.744 300149 10.4996
-808.165 -3107.25 386.834 300149 10.6091
-807.84 -3105.52 386.924 300149 10.921
-807.506 -3103.78 387.013 300149 10.8813
-807.173 -3102.05 387.102 300149 10.8813
-806.84 -3100.32 387.191 300149 10.8813
-806.507 -3098.59 387.28 300149 10.8813
-806.174 -3096.86 387.369 300149 10.8813
-805.842 -3095.12 387.457 300149 10.8813
-805.509 -3093.39 387.546 300149 10.8506
-805.177 -3091.66 387.635 300149 10.8506
-804.845 -3089.93 387.724 300149 10.9299
-804.511 -3088.2 387.812 310149 11.2063
-804.168 -3086.47 387.896 310149 11.2419
-803.824 -3084.74 387.98 310149 11.2586
-803.479 -3083.01 388.064 310149 11.3614
-803.132 -3081.28 388.149 310149 11.3894
-802.783 -3079.55 388.233 310149 11.4156
-802.434 -3077.82 388.318 310149 11.4674
-802.083 -3076.08 388.403 310149 11.4898
-801.731 -3074.35 388.489 310149 11.5387
-801.378 -3072.62 388.574 310149 11.7109
-801.018 -3070.89 388.661 310149 11.7387
-800.658 -3069.16 388.747 310149 11.8095
-800.296 -3067.42 388.834 310149 11.838
-799.932 -3065.69 388.922 310149 11.8911
-799.568 -3063.96 389.01 310149 11.9486
-799.201 -3062.23 389.099 310149 11.8807
-798.838 -3060.5 389.185 320149 11.6206
-798.483 -3058.77 389.271 320149 11.7049
-798.125 -3057.05 389.355 320149 11.7514
-797.766 -3055.32 389.439 320149 11.8636
-797.404 -3053.6 389.522 320149 11.9248
-797.04 -3051.87 389.604 320149 11.9464
-796.679 -3050.17 389.684 320149 12.0587
-796.315 -3048.47 389.763 320149 12.108
-795.95 -3046.76 389.842 320149 12.2144
-795.582 -3045.06 389.92 320149 12.2964
-795.211 -3043.36 389.997 320149 12.3546
-794.838 -3041.66 390.073 320149 12.4304
-794.465 -3039.97 390.149 320149 12.4835
-794.091 -3038.28 390.224 320149 12.5859
-793.713 -3036.58 390.298 320149 12.6882
-793.333 -3034.89 390.372 320149 12.631
-792.953 -3033.2 390.443 330149 12.4557
-792.579 -3031.51 390.512 330149 12.46
-792.204 -3029.81 390.582 330149 12.4986
-791.828 -3028.11 390.654 330149 12.502
-791.451 -3026.41 390.726 330149 12.5629
-791.073 -3024.72 390.799 330149 12.5629
-790.694 -3023.02 390.872 330149 12.6385
-790.314 -3021.32 390.944 330149 12.672
-789.927 -3019.6 391.018 330149 12.7529
-789.539 -3017.88 391.09 330149 12.7708
-789.149 -3016.17 391.162 330149 12.8545
-788.757 -3014.45 391.231 330149 12.8869
-788.364 -3012.73 391.3 330149 12.97
-787.969 -3011.01 391.366 330149 13.0212
-787.57 -3009.29 391.43 330149 13.1019
-787.168 -3007.56 391.491 330149 13.1718
-786.764 -3005.84 391.55 330149 13.2477
-786.358 -3004.11 391.605 330149 13.3395
-785.949 -3002.39 391.656 330149 13.4079
-785.538 -3000.66 391.703 330149 13.5231
-785.125 -2998.94 391.745 330149 13.4255
-784.714 -2997.22 391.806 340149 13.3928
-784.305 -2995.5 391.881 340149 13.5214
-783.892 -2993.79 391.952 340149 13.6034
-783.477 -2992.07 392.021 340149 13.7195
-783.058 -2990.36 392.086 340149 13.7789
-782.638 -2988.64 392.149 340149 13.8789
-782.214 -2986.93 392.208 340149 13.9193
-781.789 -2985.21 392.267 340149 13.9996
-781.362 -2983.5 392.322 340149 14.0247
-780.934 -2981.79 392.377 340149 14.0816
-780.504 -2980.07 392.429 340149 14.0986
-780.074 -2978.36 392.481 340149 14.1288
-779.643 -2976.65 392.531 340149 14.1338
-779.212 -2974.94 392.581 340149 14.1339
-778.78 -2973.22 392.629 340149 14.1339
-778.349 -2971.51 392.678 340149 14.1007
-777.919 -2969.8 392.727 340149 14.0953
-777.488 -2968.08 392.776 340149 14.0254
-777.06 -2966.37 392.825 340149 13.9787
-776.632 -2964.65 392.874 350149 13.8504
-776.208 -2962.93 392.922 350149 13.8504
-775.785 -2961.21 392.971 350149 13.8504
-775.361 -2959.5 393.02 350149 13.944
-774.935 -2957.78 393.067 350149 14.0972
-774.504 -2956.06 393.111 350149 14.0972
-774.073 -2954.35 393.154 350149 14.0972
-773.642 -2952.63 393.198 350149 14.1922
-773.208 -2950.91 393.241 350149 14.3292
-772.771 -2949.2 393.281 350149 14.3242
-772.334 -2947.49 393.32 350149 14.3242
-771.897 -2945.78 393.36 350149 14.4236
-771.458 -2944.07 393.398 350149 14.5467
-771.015 -2942.36 393.435 350149 14.5467
-770.571 -2940.66 393.471 350149 14.5467
-770.128 -2938.95 393.507 350149 14.6328
-769.685 -2937.25 393.542 350149 14.7444
-769.239 -2935.56 393.575 350149 14.7444
-768.794 -2933.86 393.608 350149 14.7444
-768.348 -2932.17 393.641 350149 14.8423
-767.899 -2930.47 393.672 350149 14.948
-767.447 -2928.78 393.703 350149 14.9252
-767 -2927.11 393.733 350149 14.9252
-766.553 -2925.43 393.763 350149 15.0146
-766.103 -2923.75 393.793 350149 15.1194
-765.651 -2922.08 393.821 350149 15.1194
-765.198 -2920.4 393.849 350149 15.1194
-764.745 -2918.73 393.878 350149 15.1794
-764.294 -2917.06 393.905 350149 15.2863
-763.84 -2915.4 393.932 350149 15.2863
-763.386 -2913.74 393.959 350149 15.2863
-762.932 -2912.08 393.985 350149 15.3487
-762.476 -2910.42 394.012 350149 15.4615
-762.016 -2908.76 394.038 350149 15.4577
-761.556 -2907.09 394.064 350149 15.4577
-761.096 -2905.43 394.09 350149 15.5066
-760.635 -2903.77 394.115 350149 15.6235
-760.17 -2902.1 394.141 350149 15.6235
-759.705 -2900.44 394.167 350149 15.6235
-759.241 -2898.78 394.192 350149 15.8247
-758.774 -2897.13 394.212 360149 16.0426
-758.301 -2895.49 394.225 360149 16.0426
-757.828 -2893.84 394.239 360149 16.0426
-757.355 -2892.2 394.253 360149 16.0426
-756.882 -2890.55 394.267 360149 16.0426
-756.409 -2888.91 394.281 360149 16.0439
-755.945 -2887.3 394.295 360149 16.0439
-755.481 -2885.68 394.308 360149 16.0439
-755.017 -2884.07 394.322 360149 16.0439
-754.552 -2882.45 394.335 360149 16.0439
-754.088 -2880.84 394.349 360149 16.0439
-753.624 -2879.22 394.363 360149 16.0503
-753.164 -2877.62 394.376 360149 16.0503
-752.703 -2876.02 394.39 360149 16.0503
-752.243 -2874.42 394.403 360149 16.0503
-751.783 -2872.82 394.417 360149 16.0503
-751.322 -2871.22 394.43 360149 16.0503
-750.862 -2869.62 394.444 360149 16.7351
-750.38 -2868.02 394.448 360149 16.9009
-749.893 -2866.42 394.449 360149 16.9009
-749.407 -2864.82 394.451 360149 16.9009
-748.92 -2863.22 394.452 360149 16.9009
-748.434 -2861.62 394.454 360149 16.9009
-747.947 -2860.01 394.455 360149 16.9046
-747.45 -2858.38 394.457 360149 16.9046
-746.953 -2856.74 394.458 360149 16.9046
-746.455 -2855.11 394.46 360149 16.9046
-745.958 -2853.47 394.461 360149 16.9046
-745.461 -2851.83 394.463 360149 16.9046
-744.964 -2850.2 394.464 360149 16.8172
-744.459 -2848.53 394.466 360149 16.8172
-743.955 -2846.86 394.467 360149 16.8172
-743.45 -2845.19 394.469 360149 16.8172
-742.946 -2843.52 394.47 360149 16.8172
-742.441 -2841.85 394.472 360149 16.9709
-741.932 -2840.18 394.47 360149 17.4608
-741.402 -2838.5 394.459 360149 17.4608
-740.872 -2836.81 394.449 360149 17.4608
-740.342 -2835.13 394.438 360149 17.4608
-739.812 -2833.44 394.427 360149 17.4608
-739.281 -2831.76 394.416 360149 17.4608
-738.751 -2830.07 394.405 360149 17.4611
-738.21 -2828.35 394.394 360149 17.4611
-737.668 -2826.63 394.382 360149 17.4611
-737.127 -2824.91 394.371 360149 17.4611
-736.585 -2823.18 394.36 360149 17.4611
-736.044 -2821.46 394.349 360149 17.4611
-735.502 -2819.74 394.338 360149 17.4307
-734.952 -2817.99 394.326 360149 17.4307
-734.402 -2816.24 394.315 360149 17.4307
-733.852 -2814.49 394.304 360149 17.4307
-733.303 -2812.74 394.292 360149 17.8198
-732.741 -2810.99 394.274 360149 18.1082
-732.17 -2809.24 394.25 360149 18.0315
-731.597 -2807.48 394.226 360149 18.0315
-731.023 -2805.72 394.202 360149 18.0315
-730.45 -2803.96 394.177 360149 18.0315
-729.877 -2802.2 394.153 360149 18.0315
-729.303 -2800.44 394.129 360149 18.0315
-728.73 -2798.67 394.105 360149 18.0434
-728.155 -2796.91 394.081 360149 18.0434
-727.58 -2795.14 394.056 360149 18.0434
-727.005 -2793.38 394.032 360149 18.0434
-726.429 -2791.61 394.008 360149 18.0434
-725.854 -2789.85 393.984 360149 18.0434
-725.279 -2788.08 393.959 360149 18.0417
-724.705 -2786.32 393.935 360149 18.0417
-724.131 -2784.56 393.911 360149 18.3152
-723.549 -2782.8 393.882 360149 18.7254
-722.954 -2781.04 393.845 360149 18.7254
-722.359 -2779.29 393.809 360149 18.7254
-721.764 -2777.53 393.772 360149 18.7271
-721.169 -2775.78 393.736 360149 18.7271
-720.575 -2774.03 393.699 360149 18.7271
-719.98 -2772.27 393.663 360149 18.7271
-719.386 -2770.52 393.626 360149 18.7271
-718.791 -2768.76 393.59 360149 18.7271
-718.197 -2767.01 393.553 360149 18.7254
-717.602 -2765.26 393.516 360149 18.7254
-717.007 -2763.5 393.48 360149 18.7254
-716.412 -2761.74 393.443 360149 18.7254
-715.817 -2759.99 393.407 360149 18.7254
-715.222 -2758.23 393.37 360149 18.7254
-714.627 -2756.48 393.334 360149 18.8487
-714.028 -2754.73 393.294 360149 19.3874
-713.413 -2752.98 393.246 360149 19.3874
-712.798 -2751.23 393.197 360149 19.3874
-712.183 -2749.48 393.149 360149 19.3874
-711.568 -2747.73 393.1 360149 19.3874
-710.953 -2745.99 393.052 360149 19.4544
-710.336 -2744.24 393.003 360149 19.4544
-709.719 -2742.49 392.954 360149 19.4544
-709.102 -2740.75 392.906 360149 19.4544
-708.485 -2739 392.857 360149 19.4544
-707.867 -2737.25 392.809 360149 19.4544
-707.25 -2735.5 392.76 360149 19.5577
-706.636 -2733.77 392.712 360149 19.5577
-706.021 -2732.04 392.664 360149 19.5577
-705.407 -2730.32 392.616 360149 19.5577
-704.793 -2728.59 392.568 360149 19.5577
-704.178 -2726.86 392.52 360149 20.2396
-703.543 -2725.13 392.46 360149 20.2509
-702.919 -2723.44 392.401 360149 20.2509
-702.294 -2721.75 392.343 360149 20.251
-701.669 -2720.05 392.284 360149 20.251
-701.044 -2718.36 392.225 360149 20.251
-700.419 -2716.67 392.167 360149 20.251
-699.794 -2714.97 392.108 360149 20.2238
-699.174 -2713.29 392.05 360149 20.2238
-698.553 -2711.6 391.991 360149 20.2238
-697.933 -2709.92 391.933 360149 20.2238
-697.313 -2708.24 391.875 360149 20.2238
-696.692 -2706.55 391.816 360149 20.2238
-696.072 -2704.87 391.758 360149 20.0888
-695.452 -2703.17 391.699 360149 20.0888
-694.832 -2701.48 391.641 360149 20.0888
-694.213 -2699.79 391.582 360149 20.3191
-693.586 -2698.09 391.52 360149 20.7894
-692.946 -2696.41 391.45 360149 20.7894
-692.306 -2694.72 391.381 360149 20.7123
-691.659 -2693.01 391.31 360149 20.7123
-691.013 -2691.3 391.24 360149 20.7123
-690.366 -2689.59 391.169 360149 20.7123
-689.72 -2687.88 391.098 360149 20.7123
-689.073 -2686.17 391.028 360149 20.7123
-688.427 -2684.46 390.957 360149 20.7524
-687.775 -2682.74 390.886 360149 20.7524
-687.123 -2681.02 390.815 360149 20.7524
-686.472 -2679.3 390.744 360149 20.7524
-685.82 -2677.58 390.673 360149 20.7524
-685.168 -2675.86 390.602 360149 20.7524
-684.516 -2674.14 390.531 360149 20.7524
-683.866 -2672.43 390.46 360149 20.7524
-683.216 -2670.71 390.39 360149 21.3894
-682.548 -2669 390.309 360149 21.4582
-681.877 -2667.3 390.228 360149 21.4582
-681.206 -2665.59 390.146 360149 21.4582
-680.536 -2663.88 390.064 360149 21.4582
-679.865 -2662.18 389.983 360149 21.4582
-679.194 -2660.47 389.901 360149 21.4582
-678.522 -2658.76 389.82 360149 21.4582
-677.851 -2657.06 389.738 360149 21.4582
-677.18 -2655.35 389.656 360149 21.4582
-676.509 -2653.64 389.575 360149 21.4582
-675.837 -2651.93 389.493 360149 21.4582
-675.164 -2650.22 389.411 360149 21.4582
-674.492 -2648.51 389.329 360149 21.4582
-673.819 -2646.8 389.248 360149 21.4582
-673.146 -2645.09 389.166 360149 21.4582
-672.474 -2643.38 389.084 360149 21.8233
-671.791 -2641.67 388.997 360149 22.1691
-671.097 -2639.97 388.905 360149 22.1691
-670.404 -2638.26 388.812 360149 22.1691
-669.71 -2636.56 388.72 360149 22.1691
-669.017 -2634.86 388.628 360149 22.1691
-668.323 -2633.16 388.536 360149 22.1954
-667.639 -2631.48 388.445 360149 22.1954
-666.954 -2629.8 388.354 360149 22.1954
-666.27 -2628.13 388.263 360149 22.1954
-665.586 -2626.45 388.172 360149 22.1954
-664.901 -2624.77 388.081 360149 22.1954
-664.217 -2623.09 387.99 360149 22.1834
-663.546 -2621.45 387.901 360149 22.1834
-662.875 -2619.8 387.812 360149 22.1834
-662.204 -2618.16 387.723 360149 22.1834
-661.533 -2616.51 387.633 360149 22.1834
-660.862 -2614.87 387.544 360149 23.0359
-660.166 -2613.23 387.453 370149 22.816
-659.492 -2611.63 387.363 370149 22.816
-658.818 -2610.03 387.273 370149 22.816
-658.144 -2608.42 387.182 370149 22.816
-657.471 -2606.82 387.092 370149 22.816
-656.797 -2605.22 387.002 370149 22.816
-656.123 -2603.62 386.911 370149 22.8677
-655.411 -2601.93 386.816 370149 22.8677
-654.698 -2600.24 386.721 370149 22.8677
-653.986 -2598.55 386.625 370149 22.8677
-653.274 -2596.86 386.53 370149 22.8677
-652.561 -2595.17 386.435 370149 22.8677
-651.849 -2593.49 386.339 370149 22.0012
-651.162 -2591.79 386.244 370149 22.0012
-650.476 -2590.09 386.149 370149 22.0013
-649.789 -2588.39 386.053 370149 22.0013
-649.102 -2586.69 385.958 370149 22.0013
-648.415 -2584.99 385.863 370149 22.0013
-647.729 -2583.29 385.767 370149 22.0013
0 0 0 0 22.0013
0 0 0 0 22.0013
0 0 0 0 22.0013
0 0 0 0 22.0013
0 0 0 0 22.0013
0 0 0 0 22.0013
0 0 0 0 22.0013
0 0 0 0 22.0013
0 0 0 0 22.0013
0 0 0 0 22.0013
0 0 0 0 22.0013
0 0 0 0 22.0013
0 0 0 0 22.0013
0 0 0 0 22.0013
0 0 0 0 22.0013
0 0 0 0 22.0013
0 0 0 0 22.0013
0 0 0 0 22.0013
0 0 0 0 22.0013
0 0 0 0 22.0013
0 0 0 0 22.0013
0 0 0 0 22.0013
0 0 0 0 22.0013
0 0 0 0 22.0013
0 0 0 0 22.0013
0 0 0 0 22.0013
0 0 0 0 22.0013
0 0 0 0 22.0013
0 0 0 0 22.0013
0 0 0 0 22.0013
0 0 0 0 22.0013
0 0 0 0 22.0013
0 0 0 0 22.0013
0 0 0 0 22.0013
0 0 0 0 22.0013
0 0 0 0 22.0013
0 0 0 0 22.0013
0 0 0 0 22.0013
0 0 0 0 22.0013
0 0 0 0 22.0013
0 0 0 0 22.0013
0 0 0 0 22.0013
0 0 0 0 22.0013
0 0 0 0 22.0013
0 0 0 0 22.0013
0 0 0 0 22.0013
0 0 0 0 22.0013
0 0 0 0 22.0013
0 0 0 0 22.0013
0 0 0 0 22.0013
0 0 0 0 22.0013
0 0 0 0 22.0013
0 0 0 0 22.0013
0 0 0 0 22.0013
0 0 0 0 22.0013
0 0 0 0 22.0013
0 0 0 0 22.0013
0 0 0 0 22.0013
0 0 0 0 22.0013
0 0 0 0 22.0013
0 0 0 0 22.0013
0 0 0 0 22.0013
0 0 0 0 22.0013
0 0 0 0 22.0013
0 0 0 0 22.0013
0 0 0 0 22.0013
0 0 0 0 22.0013
0 0 0 0 22.0013
0 0 0 0 22.0013
0 0 0 0 22.0013
0 0 0 0 22.0013
0 0 0 0 22.0013
0 0 0 0 22.0013
0 0 0 0 22.0013
0 0 0 0 22.0013
0 0 0 0 22.0013
0 0 0 0 22.0013
0 0 0 0 22.0013
0 0 0 0 22.0013
0 0 0 0 22.0013
0 0 0 0 22.0013
0 0 0 0 22.0013
0 0 0 0 22.0013
0 0 0 0 22.0013
0 0 0 0 22.0013
0 0 0 0 22.0013
0 0 0 0 22.0013
0 0 0 0 22.0013
0 0 0 0 22.0013
0 0 0 0 22.0013
0 0 0 0 22.0013
0 0 0 0 22.0013
0 0 0 0 22.0013
0 0 0 0 22.0013
0 0 0 0 22.0013
0 0 0 0 22.0013
0 0 0 0 22.0013
0 0 0 0 22.0013
0 0 0 0 22.0013
0 0 0 0 22.0013
0 0 0 0 22.0013
0 0 0 0 22.0013
0 0 0 0 22.0013
0 0 0 0 22.0013
0 0 0 0 22.0013
0 0 0 0 22.0013
0 0 0 0 22.0013
0 0 0 0 22.0013
0 0 0 0 22.0013
0 0 0 0 22.0013
0 0 0 0 22.0013
0 0 0 0 22.0013
0 0 0 0 22.0013
0 0 0 0 22.0013
0 0 0 0 22.0013
0 0 0 0 22.0013
0 0 0 0 22.0013
0 0 0 0 22.0013
0 0 0 0 22.0013
0 0 0 0 22.0013
0 0 0 0 22.0013
0 0 0 0 22.0013
0 0 0 0 22.0013
0 0 0 0 22.0013
0 0 0 0 22.0013
0 0 0 0 22.0013
0 0 0 0 22.0013
0 0 0 0 22.0013
0 0 0 0 22.0013
0 0 0 0 22.0013
0 0 0 0 22.0013
0 0 0 0 22.0013
0 0 0 0 22.0013
0 0 0 0 22.0013
0 0 0 0 22.0013
0 0 0 0 22.0013
18.124 8277.89 0 0 22.0013
18.1188 8283.79 0 0 22.0013
18.1137 8289.68 0 0 22.0013
18.1085 8295.57 0 0 22.0013
18.1033 8301.47 0 0 22.0013
18.0982 8307.36 0 0 22.0013
18.093 8313.25 0 0 22.0013
18.088 8319.18 0 0 22.0013
18.083 8325.1 0 0 22.0013
18.078 8331.03 0 0 22.0013
18.073 8336.95 0 0 22.0013
18.068 8342.88 0 0 22.0013
18.063 8348.8 0 0 22.0013
18.058 8354.79 0 0 22.0013
18.053 8360.77 0 0 22.0013
18.048 8366.75 0 0 22.0013
18.043 8372.73 0 0 22.0013
18.038 8378.72 0 0 22.0013
18.033 8384.7 0 0 22.0013
18.0233 8390.71 0 0 22.0013
18.0137 8396.72 0 0 22.0013
18.004 8402.73 0 0 22.0013
17.9943 8408.74 0 0 22.0013
17.9847 8414.75 0 0 22.0013
17.975 8420.77 0 0 22.0013
17.9647 8426.77 0 0 22.0013
17.9543 8432.77 0 0 22.0013
17.944 8438.77 0 0 22.0013
17.9337 8444.77 0 0 22.0013
17.9233 8450.77 0 0 22.0013
17.913 8456.77 0 0 22.0013
17.9028 8462.73 0 0 22.0013
17.8927 8468.69 0 0 22.0013
17.8825 8474.65 0 0 22.0013
17.8723 8480.61 0 0 22.0013
17.8622 8486.57 0 0 22.0013
17.852 8492.53 0 0 22.0013
17.8417 8498.47 0 0 22.0013
17.8313 8504.41 0 0 22.0013
17.821 8510.35 0 0 22.0013
17.8107 8516.29 0 0 22.0013
17.8003 8522.23 0 0 22.0013
17.79 8528.17 0 0 22.0013
17.7797 8534.12 0 0 22.0013
17.7693 8540.07 0 0 22.0013
17.759 8546.02 0 0 22.0013
17.7487 8551.97 0 0 22.0013
17.7383 8557.92 0 0 22.0013
17.728 8563.87 0 0 22.0013
17.7178 8569.82 0 0 22.0013
17.7077 8575.77 0 0 22.0013
17.6975 8581.73 0 0 22.0013
17.6873 8587.68 0 0 22.0013
17.6772 8593.63 0 0 22.0013
17.667 8599.58 0 0 22.0013
17.655 8605.52 0 0 22.0013
17.643 8611.47 0 0 22.0013
17.631 8617.42 0 0 22.0013
17.619 8623.36 0 0 22.0013
17.607 8629.31 0 0 22.0013
17.595 8635.25 0 0 22.0013
17.5858 8641.21 0 0 22.0013
17.5767 8647.16 0 0 22.0013
17.5675 8653.11 0 0 22.0013
17.5583 8659.06 0 0 22.0013
17.5492 8665.01 0 0 22.0013
17.54 8670.96 0 0 22.0013
17.5377 8676.93 0 0 22.0013
17.5353 8682.9 0 0 22.0013
17.533 8688.87 0 0 22.0013
17.5307 8694.84 0 0 22.0013
17.5283 8700.82 0 0 22.0013
17.526 8706.79 0 0 22.0013
17.529 8712.75 0 0 22.0013
17.532 8718.71 0 0 22.0013
17.535 8724.68 0 0 22.0013
17.538 8730.64 0 0 22.0013
17.541 8736.61 0 0 22.0013
17.544 8742.57 0 0 22.0013
17.5548 8748.47 0 0 22.0013
17.5657 8754.36 0 0 22.0013
17.5765 8760.26 0 0 22.0013
17.5873 8766.16 0 0 22.0013
17.5982 8772.06 0 0 22.0013
17.609 8777.95 0 0 22.0013
17.6208 8783.71 0 0 22.0013
17.6327 8789.47 0 0 22.0013
17.6445 8795.23 0 0 22.0013
17.6563 8800.99 0 0 22.0013
17.6682 8806.75 0 0 22.0013
17.68 8812.51 0 0 22.0013
17.6888 8818.13 0 0 22.0013
17.6977 8823.74 0 0 22.0013
17.7065 8829.35 0 0 22.0013
17.7153 8834.97 0 0 22.0013
17.7242 8840.58 0 0 22.0013
17.733 8846.2 0 0 22.0013
17.7525 8851.75 0 0 22.0013
17.772 8857.3 0 0 22.0013
17.7915 8862.85 0 0 22.0013
17.811 8868.41 0 0 22.0013
17.8305 8873.96 0 0 22.0013
17.85 8879.51 0 0 22.0013
17.8655 8885.1 0 0 22.0013
17.881 8890.68 0 0 22.0013
17.8965 8896.26 0 0 22.0013
17.912 8901.84 0 0 22.0013
17.9275 8907.42 0 0 22.0013
17.943 8913.01 0 0 22.0013
17.9567 8918.66 0 0 22.0013
17.9703 8924.32 0 0 22.0013
17.984 8929.98 0 0 22.0013
17.9977 8935.63 0 0 22.0013
18.0113 8941.29 0 0 22.0013
18.025 8946.95 0 0 22.0013
18.021 8952.68 0 0 22.0013
18.017 8958.42 0 0 22.0013
18.013 8964.16 0 0 22.0013
18.009 8969.89 0 0 22.0013
18.005 8975.63 0 0 22.0013
18.001 8981.36 0 0 22.0013
17.9963 8987.18 0 0 22.0013
17.9917 8992.99 0 0 22.0013
17.987 8998.8 0 0 22.0013
17.9823 9004.61 0 0 22.0013
17.9777 9010.42 0 0 22.0013
17.973 9016.24 0 0 22.0013
17.9738 9022.14 0 0 22.0013
17.9747 9028.03 0 0 22.0013
17.9755 9033.93 0 0 22.0013
17.9763 9039.83 0 0 22.0013
17.9772 9045.73 0 0 22.0013
17.978 9051.63 0 0 22.0013
17.9768 9057.53 0 0 22.0013
17.9757 9063.42 0 0 22.0013
17.9745 9069.32 0 0 22.0013
17.9733 9075.21 0 0 22.0013
17.9722 9081.11 0 0 22.0013
17.971 9087.01 0 0 22.0013
17.9693 9092.81 0 0 22.0013
17.9677 9098.62 0 0 22.0013
17.966 9104.43 0 0 22.0013
17.9643 9110.24 0 0 22.0013
17.9627 9116.05 0 0 22.0013
17.961 9121.85 0 0 22.0013
17.9582 9127.6 0 0 22.0013
17.9553 9133.35 0 0 22.0013
17.9525 9139.1 0 0 22.0013
17.9497 9144.84 0 0 22.0013
17.9468 9150.59 0 0 22.0013
17.944 9156.34 0 0 22.0013
17.9338 9162.12 0 0 22.0013
17.9237 9167.89 0 0 22.0013
17.9135 9173.67 0 0 22.0013
17.9033 9179.45 0 0 22.0013
17.8932 9185.23 0 0 22.0013
17.883 9191.01 0 0 22.0013
17.8758 9196.91 0 0 22.0013
17.8687 9202.81 0 0 22.0013
17.8615 9208.71 0 0 22.0013
17.8543 9214.61 0 0 22.0013
17.8472 9220.52 0 0 22.0013
17.84 9226.42 0 0 22.0013
17.8298 9232.41 0 0 22.0013
17.8197 9238.39 0 0 22.0013
17.8095 9244.38 0 0 22.0013
17.7993 9250.37 0 0 22.0013
17.7892 9256.36 0 0 22.0013
17.779 9262.35 0 0 22.0013
17.7695 9268.33 0 0 22.0013
17.76 9274.31 0 0 22.0013
17.7505 9280.29 0 0 22.0013
17.741 9286.27 0 0 22.0013
17.7315 9292.25 0 0 22.0013
17.722 9298.23 0 0 22.0013
17.7198 9304.14 0 0 22.0013
17.7177 9310.06 0 0 22.0013
17.7155 9315.97 0 0 22.0013
17.7133 9321.88 0 0 22.0013
17.7112 9327.8 0 0 22.0013
17.709 9333.71 0 0 22.0013
17.7058 9339.5 0 0 22.0013
17.7027 9345.28 0 0 22.0013
17.6995 9351.07 0 0 22.0013
17.6963 9356.86 0 0 22.0013
17.6932 9362.65 0 0 22.0013
17.69 9368.44 0 0 22.0013
17.679 9374.1 0 0 22.0013
17.668 9379.76 0 0 22.0013
17.657 9385.42 0 0 22.0013
17.646 9391.08 0 0 22.0013
17.635 9396.74 0 0 22.0013
17.624 9402.4 0 0 22.0013
17.6213 9407.99 0 0 22.0013
17.6187 9413.58 0 0 22.0013
17.616 9419.17 0 0 22.0013
17.6133 9424.76 0 0 22.0013
17.6107 9430.35 0 0 22.0013
17.608 9435.94 0 0 22.0013
17.6065 9441.54 0 0 22.0013
17.605 9447.15 0 0 22.0013
17.6035 9452.76 0 0 22.0013
17.602 9458.37 0 0 22.0013
17.6005 9463.98 0 0 22.0013
17.599 9469.58 0 0 22.0013
17.5992 9475.28 0 0 22.0013
17.5993 9480.97 0 0 22.0013
17.5995 9486.66 0 0 22.0013
17.5997 9492.36 0 0 22.0013
17.5998 9498.05 0 0 22.0013
17.6 9503.74 0 0 22.0013
17.601 9509.53 0 0 22.0013
17.602 9515.32 0 0 22.0013
17.603 9521.11 0 0 22.0013
17.604 9526.91 0 0 22.0013
17.605 9532.7 0 0 22.0013
17.606 9538.49 0 0 22.0013
17.6067 9544.38 0 0 22.0013
17.6073 9550.26 0 0 22.0013
17.608 9556.15 0 0 22.0013
17.6087 9562.04 0 0 22.0013
17.6093 9567.92 0 0 22.0013
17.61 9573.81 0 0 22.0013
17.6133 9579.78 0 0 22.0013
17.6167 9585.76 0 0 22.0013
17.62 9591.73 0 0 22.0013
17.6233 9597.71 0 0 22.0013
17.6267 9603.68 0 0 22.0013
17.63 9609.65 0 0 22.0013
17.6307 9615.66 0 0 22.0013
17.6313 9621.66 0 0 22.0013
17.632 9627.67 0 0 22.0013
17.6327 9633.67 0 0 22.0013
17.6333 9639.67 0 0 22.0013
17.634 9645.68 0 0 22.0013
17.6373 9651.61 0 0 22.0013
17.6407 9657.54 0 0 22.0013
17.644 9663.47 0 0 22.0013
17.6473 9669.41 0 0 22.0013
17.6507 9675.34 0 0 22.0013
17.654 9681.27 0 0 22.0013
17.6518 9687.17 0 0 22.0013
17.6497 9693.07 0 0 22.0013
17.6475 9698.97 0 0 22.0013
17.6453 9704.87 0 0 22.0013
17.6432 9710.78 0 0 22.0013
17.641 9716.68 0 0 22.0013
17.6417 9722.65 0 0 22.0013
17.6423 9728.63 0 0 22.0013
17.643 9734.6 0 0 22.0013
17.6437 9740.58 0 0 22.0013
17.6443 9746.55 0 0 22.0013
17.645 9752.53 0 0 22.0013
17.6312 9758.58 0 0 22.0013
17.6173 9764.64 0 0 22.0013
17.6035 9770.7 0 0 22.0013
17.5897 9776.76 0 0 22.0013
17.5758 9782.82 0 0 22.0013
17.562 9788.87 0 0 22.0013
17.5493 9794.97 0 0 22.0013
17.5367 9801.06 0 0 22.0013
17.524 9807.15 0 0 22.0013
17.5113 9813.24 0 0 22.0013
17.4987 9819.33 0 0 22.0013
17.486 9825.42 0 0 22.0013
17.4705 9831.45 0 0 22.0013
17.455 9837.48 0 0 22.0013
17.4395 9843.5 0 0 22.0013
17.424 9849.53 0 0 22.0013
17.4085 9855.56 0 0 22.0013
17.393 9861.59 0 0 22.0013
17.3775 9867.57 0 0 22.0013
17.362 9873.56 0 0 22.0013
17.3465 9879.54 0 0 22.0013
17.331 9885.53 0 0 22.0013
17.3155 9891.51 0 0 22.0013
17.3 9897.5 0 0 22.0013
17.2845 9903.5 0 0 22.0013
17.269 9909.51 0 0 22.0013
17.2535 9915.51 0 0 22.0013
17.238 9921.51 0 0 22.0013
17.2225 9927.52 0 0 22.0013
17.207 9933.52 0 0 22.0013
17.1917 9939.52 0 0 22.0013
17.1763 9945.52 0 0 22.0013
17.161 9951.51 0 0 22.0013
17.1457 9957.51 0 0 22.0013
17.1303 9963.51 0 0 22.0013
17.115 9969.5 0 0 22.0013
17.0993 9975.5 0 0 22.0013
17.0837 9981.5 0 0 22.0013
17.068 9987.5 0 0 22.0013
17.0523 9993.5 0 0 22.0013
17.0367 9999.5 0 0 22.0013
17.021 10005.5 0 0 22.0013
17.0055 10011.5 0 0 22.0013
16.99 10017.5 0 0 22.0013
16.9745 10023.5 0 0 22.0013
16.959 10029.5 0 0 22.0013
16.9435 10035.5 0 0 22.0013
16.928 10041.5 0 0 22.0013
16.9125 10047.5 0 0 22.0013
16.897 10053.5 0 0 22.0013
16.8815 10059.5 0 0 22.0013
16.866 10065.5 0 0 22.0013
16.8505 10071.5 0 0 22.0013
16.835 10077.5 0 0 22.0013
16.8195 10083.5 0 0 22.0013
16.804 10089.6 0 0 22.0013
16.7885 10095.6 0 0 22.0013
16.773 10101.6 0 0 22.0013
16.7575 10107.7 0 0 22.0013
16.742 10113.7 0 0 22.0013
16.7267 10119.7 0 0 22.0013
16.7113 10125.6 0 0 22.0013
16.696 10131.6 0 0 22.0013
16.6807 10137.6 0 0 22.0013
16.6653 10143.5 0 0 22.0013
16.65 10149.5 0 0 22.0013
16.6343 10155.3 0 0 22.0013
16.6187 10161.1 0 0 22.0013
16.603 10167 0 0 22.0013
16.5873 10172.8 0 0 22.0013
16.5717 10178.6 0 0 22.0013
16.556 10184.4 0 0 22.0013
16.5543 10190.2 0 0 22.0013
16.5527 10196 0 0 22.0013
16.551 10201.7 0 0 22.0013
16.5493 10207.5 0 0 22.0013
16.5477 10213.3 0 0 22.0013
16.546 10219.1 0 0 22.0013
16.5508 10224.9 0 0 22.0013
16.5557 10230.7 0 0 22.0013
16.5605 10236.5 0 0 22.0013
16.5653 10242.4 0 0 22.0013
16.5702 10248.2 0 0 22.0013
16.575 10254 0 0 22.0013
16.5798 10260 0 0 22.0013
16.5847 10265.9 0 0 22.0013
16.5895 10271.9 0 0 22.0013
16.5943 10277.9 0 0 22.0013
16.5992 10283.8 0 0 22.0013
16.604 10289.8 0 0 22.0013
16.6087 10295.8 0 0 22.0013
16.6133 10301.9 0 0 22.0013
16.618 10307.9 0 0 22.0013
16.6227 10313.9 0 0 22.0013
16.6273 10320 0 0 22.0013
16.632 10326 0 0 22.0013
16.6367 10332 0 0 22.0013
16.6413 10338 0 0 22.0013
16.646 10344 0 0 22.0013
16.6507 10350 0 0 22.0013
16.6553 10356 0 0 22.0013
16.66 10362 0 0 22.0013
16.6648 10368 0 0 22.0013
16.6697 10374 0 0 22.0013
16.6745 10380 0 0 22.0013
16.6793 10386 0 0 22.0013
16.6842 10392 0 0 22.0013
16.689 10398 0 0 22.0013
16.6937 10404 0 0 22.0013
16.6983 10410 0 0 22.0013
16.703 10416 0 0 22.0013
16.7077 10422 0 0 22.0013
16.7123 10428 0 0 22.0013
16.717 10434 0 0 22.0013
16.7218 10440 0 0 22.0013
16.7267 10446 0 0 22.0013
16.7315 10452 0 0 22.0013
16.7363 10458 0 0 22.0013
16.7412 10464 0 0 22.0013
16.746 10470 0 0 22.0013
16.7508 10476 0 0 22.0013
16.7557 10482.1 0 0 22.0013
16.7605 10488.1 0 0 22.0013
16.7653 10494.1 0 0 22.0013
16.7702 10500.1 0 0 22.0013
16.775 10506.1 0 0 22.0013
16.7807 10512.1 0 0 22.0013
16.7863 10518.1 0 0 22.0013
16.792 10524 0 0 22.0013
16.7977 10530 0 0 22.0013
16.8033 10536 0 0 22.0013
16.809 10541.9 0 0 22.0013
16.8117 10547.9 0 0 22.0013
16.8143 10553.8 0 0 22.0013
16.817 10559.8 0 0 22.0013
16.8197 10565.8 0 0 22.0013
16.8223 10571.7 0 0 22.0013
16.825 10577.7 0 0 22.0013
16.823 10583.7 0 0 22.0013
16.821 10589.6 0 0 22.0013
16.819 10595.6 0 0 22.0013
16.817 10601.6 0 0 22.0013
16.815 10607.6 0 0 22.0013
16.813 10613.6 0 0 22.0013
16.8118 10619.8 0 0 22.0013
16.8107 10625.9 0 0 22.0013
16.8095 10632 0 0 22.0013
16.8083 10638.1 0 0 22.0013
16.8072 10644.2 0 0 22.0013
16.806 10650.3 0 0 22.0013
16.8103 10656.5 0 0 22.0013
16.8147 10662.8 0 0 22.0013
16.819 10669 0 0 22.0013
16.8233 10675.2 0 0 22.0013
16.8277 10681.5 0 0 22.0013
16.832 10687.7 0 0 22.0013
16.8478 10694.1 0 0 22.0013
16.8637 10700.4 0 0 22.0013
16.8795 10706.8 0 0 22.0013
16.8953 10713.1 0 0 22.0013
16.9112 10719.5 0 0 22.0013
16.927 10725.9 0 0 22.0013
16.9445 10732.3 0 0 22.0013
16.962 10738.7 0 0 22.0013
16.9795 10745.2 0 0 22.0013
16.997 10751.6 0 0 22.0013
17.0145 10758 0 0 22.0013
17.032 10764.5 0 0 22.0013
17.0465 10770.9 0 0 22.0013
17.061 10777.4 0 0 22.0013
17.0755 10783.9 0 0 22.0013
17.09 10790.4 0 0 22.0013
17.1045 10796.8 0 0 22.0013
17.119 10803.3 0 0 22.0013
17.1337 10809.8 0 0 22.0013
17.1483 10816.2 0 0 22.0013
17.163 10822.7 0 0 22.0013
17.1777 10829.1 0 0 22.0013
17.1923 10835.6 0 0 22.0013
17.207 10842.1 0 0 22.0013
17.2215 10848.5 0 0 22.0013
17.236 10855 0 0 22.0013
17.2505 10861.4 0 0 22.0013
17.265 10867.9 0 0 22.0013
17.2795 10874.3 0 0 22.0013
17.294 10880.8 0 0 22.0013
17.3085 10887.2 0 0 22.0013
17.323 10893.7 0 0 22.0013
17.3375 10900.1 0 0 22.0013
17.352 10906.6 0 0 22.0013
17.3665 10913 0 0 22.0013
17.381 10919.5 0 0 22.0013
17.3967 10925.9 0 0 22.0013
17.4123 10932.4 0 0 22.0013
17.428 10938.8 0 0 22.0013
17.4437 10945.3 0 0 22.0013
17.4593 10951.7 0 0 22.0013
17.475 10958.2 0 0 22.0013
17.4897 10964.6 0 0 22.0013
17.5043 10971.1 0 0 22.0013
17.519 10977.5 0 0 22.0013
17.5337 10984 0 0 22.0013
17.5483 10990.4 0 0 22.0013
17.563 10996.9 0 0 22.0013
17.5695 11003.3 0 0 22.0013
17.576 11009.7 0 0 22.0013
17.5825 11016.2 0 0 22.0013
17.589 11022.6 0 0 22.0013
17.5955 11029.1 0 0 22.0013
17.602 11035.5 0 0 22.0013
17.6083 11041.9 0 0 22.0013
17.6147 11048.4 0 0 22.0013
17.621 11054.8 0 0 22.0013
17.6273 11061.2 0 0 22.0013
17.6337 11067.7 0 0 22.0013
17.64 11074.1 0 0 22.0013
17.655 11080.6 0 0 22.0013
17.67 11087 0 0 22.0013
17.685 11093.5 0 0 22.0013
17.7 11099.9 0 0 22.0013
17.715 11106.4 0 0 22.0013
17.73 11112.8 0 0 22.0013
17.7488 11119.2 0 0 22.0013
17.7677 11125.6 0 0 22.0013
17.7865 11132 0 0 22.0013
17.8053 11138.4 0 0 22.0013
17.8242 11144.8 0 0 22.0013
17.843 11151.2 0 0 22.0013
17.858 11157.5 0 0 22.0013
17.873 11163.8 0 0 22.0013
17.888 11170.1 0 0 22.0013
17.903 11176.4 0 0 22.0013
17.918 11182.7 0 0 22.0013
17.933 11189 0 0 22.0013
17.9457 11195.3 0 0 22.0013
17.9583 11201.6 0 0 22.0013
17.971 11207.8 0 0 22.0013
17.9837 11214.1 0 0 22.0013
17.9963 11220.4 0 0 22.0013
18.009 11226.6 0 0 22.0013
18.0185 11232.9 0 0 22.0013
18.028 11239.2 0 0 22.0013
18.0375 11245.6 0 0 22.0013
18.047 11251.9 0 0 22.0013
18.0565 11258.2 0 0 22.0013
18.066 11264.5 0 0 22.0013
18.0787 11270.9 0 0 22.0013
18.0913 11277.3 0 0 22.0013
18.104 11283.7 0 0 22.0013
18.1167 11290.1 0 0 22.0013
18.1293 11296.5 0 0 22.0013
18.142 11302.9 0 0 22.0013
18.1555 11309.3 0 0 22.0013
18.169 11315.7 0 0 22.0013
18.1825 11322.2 0 0 22.0013
18.196 11328.6 0 0 22.0013
18.2095 11335.1 0 0 22.0013
18.223 11341.5 0 0 22.0013
18.2357 11348 0 0 22.0013
18.2483 11354.4 0 0 22.0013
18.261 11360.8 0 0 22.0013
18.2737 11367.3 0 0 22.0013
18.2863 11373.7 0 0 22.0013
18.299 11380.1 0 0 22.0013
18.3065 11386.6 0 0 22.0013
18.314 11393.1 0 0 22.0013
18.3215 11399.5 0 0 22.0013
18.329 11406 0 0 22.0013
18.3365 11412.5 0 0 22.0013
18.344 11418.9 0 0 22.0013
18.3483 11425.4 0 0 22.0013
18.3527 11431.9 0 0 22.0013
18.357 11438.5 0 0 22.0013
18.3613 11445 0 0 22.0013
18.3657 11451.5 0 0 22.0013
18.37 11458 0 0 22.0013
18.3692 11464.5 0 0 22.0013
18.3683 11471.1 0 0 22.0013
18.3675 11477.6 0 0 22.0013
18.3667 11484.2 0 0 22.0013
18.3658 11490.7 0 0 22.0013
18.365 11497.3 0 0 22.0013
18.3635 11503.8 0 0 22.0013
18.362 11510.4 0 0 22.0013
18.3605 11516.9 0 0 22.0013
18.359 11523.5 0 0 22.0013
18.3575 11530 0 0 22.0013
18.356 11536.6 0 0 22.0013
18.3552 11543.2 0 0 22.0013
18.3543 11549.7 0 0 22.0013
18.3535 11556.3 0 0 22.0013
18.3527 11562.8 0 0 22.0013
18.3518 11569.4 0 0 22.0013
18.351 11576 0 0 22.0013
18.3502 11582.5 0 0 22.0013
18.3493 11589.1 0 0 22.0013
18.3485 11595.7 0 0 22.0013
18.3477 11602.3 0 0 22.0013
18.3468 11608.9 0 0 22.0013
18.346 11615.5 0 0 22.0013
18.3453 11622 0 0 22.0013
18.3447 11628.5 0 0 22.0013
18.344 11635 0 0 22.0013
18.3433 11641.6 0 0 22.0013
18.3427 11648.1 0 0 22.0013
18.342 11654.6 0 0 22.0013
18.3412 11661 0 0 0
