6.92297e-310 6.92297e-310 0 0 0
0 0.07 0 0 0
0 0.07 0 0 0
0 0.07 0 0 0
0 0.07 0 0 0
0 0.07 0 0 0
0 0.1 0 0 0
0 0.1 0 0 0
0 0.1 0 0 0
0 0.1 0 0 0
0 0.1 0 0 0
0 0.1 0 0 0
0 0.48 0 0 0
0 0.48 0 0 0
0 0.48 0 0 0
0 0.48 0 0 0
0 0.48 0 0 0
0 0.48 0 0 0
0 -0.02 0 0 0
0 -0.02 0 0 0
0 -0.02 0 0 0
0 -0.02 0 0 0
0 -0.02 0 0 0
0 -0.02 0 0 0
0 -0.35 0 0 0
0 -0.35 0 0 0
0 -0.35 0 0 0
0 -0.35 0 0 0
0 -0.35 0 0 0
0 -0.35 0 0 0
0 -0.86 0 0 0
0 -0.86 0 0 0
0 -0.86 0 0 0
0 -0.86 0 0 0
0 -0.86 0 0 0
0 -0.86 0 0 0
0 -0.48 0 0 0
0 -0.48 0 0 0
0 -0.48 0 0 0
0 -0.48 0 0 0
0 -0.48 0 0 0
0 -0.48 0 0 0
0 -0.45 0 0 0
0 -0.45 0 0 0
0 -0.45 0 0 0
0 -0.45 0 0 0
0 -0.45 0 0 0
0 -0.45 0 0 0
0 -0.44 0 0 0
0 -0.44 0 0 0
0 -0.44 0 0 0
0 -0.44 0 0 0
0 -0.44 0 0 0
0 -0.44 0 0 0
0 -0.44 0 0 0
0 -0.44 0 0 0
0 -0.44 0 0 0
0 -0.44 0 0 0
0 -0.44 0 0 0
0 -0.44 0 0 0
0 -0.44 0 0 0
0 -0.44 0 0 0
0 -0.44 0 0 0
0 -0.44 0 0 0
0 -0.44 0 0 0
0 -0.44 0 0 0
0 -0.54 0 0 0
0 -0.54 0 0 0
0 -0.54 0 0 0
0 -0.54 0 0 0
0 -0.54 0 0 0
0 -0.54 0 0 0
0 -0.37 0 0 0
0 -0.37 0 0 0
0 -0.37 0 0 0
0 -0.37 0 0 0
0 -0.37 0 0 0
0 -0.37 0 0 0
0 0.03 0 0 0
0 0.03 0 0 0
0 0.03 0 0 0
0 0.03 0 0 0
0 0.03 0 0 0
0 0.03 0 0 0
0 0.29 0 0 0
0 0.29 0 0 0
0 0.29 0 0 0
0 0.29 0 0 0
0 0.29 0 0 0
0 0.29 0 0 0
0 0.38 0 0 0
0 0.38 0 0 0
0 0.38 0 0 0
0 0.38 0 0 0
0 0.38 0 0 0
0 0.38 0 0 0
0 0.03 0 0 0
0 0.03 0 0 0
0 0.03 0 0 0
0 0.03 0 0 0
0 0.03 0 0 0
0 0.03 0 0 0
0 -0.11 0 0 0
0 -0.11 0 0 0
0 -0.11 0 0 0
0 -0.11 0 0 0
0 -0.11 0 0 0
0 -0.11 0 0 0
0 -0.06 0 0 0
0 -0.06 0 0 0
0 -0.06 0 0 0
0 -0.06 0 0 0
0 -0.06 0 0 0
0 -0.06 0 0 0
0 -0.06 0 0 0
0 -0.06 0 0 0
0 -0.06 0 0 0
0 -0.06 0 0 0
0 -0.06 0 0 0
0 -0.06 0 0 0
0 -0.05 0 0 0
0 -0.05 0 0 0
0 -0.05 0 0 0
0 -0.05 0 0 0
0 -0.05 0 0 0
0 -0.05 0 0 0
0 -0.05 0 0 0
0 -0.05 0 0 0
0 -0.05 0 0 0
0 -0.05 0 0 0
0 -0.05 0 0 0
0 -0.05 0 0 0
0 -0.05 0 0 0
0 -0.05 0 0 0
0 -0.05 0 0 0
0 -0.05 0 0 0
0 -0.05 0 0 0
0 -0.05 0 0 0
0 -0.06 0 0 0
0 -0.06 0 0 0
0 -0.06 0 0 0
0 -0.06 0 0 0
0 -0.06 0 0 0
0 -0.06 0 0 0
0 -0.05 0 0 0
0 -0.05 0 0 0
0 -0.05 0 0 0
0 -0.05 0 0 0
0 -0.05 0 0 0
0 -0.05 0 0 0
0 -0.05 0 0 0
0 -0.05 0 0 0
0 -0.05 0 0 0
0 -0.05 0 0 0
0 -0.05 0 0 0
0 -0.05 0 0 0
0 -0.06 0 0 0
0 -0.06 0 0 0
0 -0.06 0 0 0
0 -0.06 0 0 0
0 -0.06 0 0 0
0 -0.06 0 0 0
0 -0.05 0 0 0
0 -0.05 0 0 0
0 -0.05 0 0 0
0 -0.05 0 0 0
0 -0.05 0 0 0
0 -0.05 0 0 0
0 -0.06 0 0 0
0 -0.06 0 0 0
0 -0.06 0 0 0
0 -0.06 0 0 0
0 -0.06 0 0 0
0 -0.06 0 0 0
0 -0.05 0 0 0
0 -0.05 0 0 0
0 -0.05 0 0 0
0 -0.05 0 0 0
0 -0.05 0 0 0
0 -0.05 0 0 0
0 -0.06 0 0 0
0 -0.06 0 0 0
0 -0.06 0 0 0
0 -0.06 0 0 0
0 -0.06 0 0 0
0 -0.06 0 0 0
0 -0.06 0 0 0
0 -0.06 0 0 0
0 -0.06 0 0 0
0 -0.06 0 0 0
0 -0.06 0 0 0
0 -0.06 0 0 0
0 -0.49 0 0 0
0 -0.49 0 0 0
0 -0.49 0 0 0
0 -0.49 0 0 0
0 -0.49 0 0 0
0 -0.49 0 0 0
0 -0.27 0 0 0
0 -0.27 0 0 0
0 -0.27 0 0 0
0 -0.27 0 0 0
0 -0.27 0 0 0
0 -0.27 0 0 0
0 0.17 0 0 0
0 0.17 0 0 0
0 0.17 0 0 0
0 0.17 0 0 0
0 0.17 0 0 0
0 0.17 0 0 0
0 0.39 0 0 0
0 0.39 0 0 0
0 0.39 0 0 0
0 0.39 0 0 0
0 0.39 0 0 0
0 0.39 0 0 0
0 -0.08 0 0 0
0 -0.08 0 0 0
0 -0.08 0 0 0
0 -0.08 0 0 0
0 -0.08 0 0 0
0 -0.08 0 0 0
0 -0.06 0 0 0
0 -0.06 0 0 0
0 -0.06 0 0 0
0 -0.06 0 0 0
0 -0.06 0 0 0
0 -0.06 0 0 0
0 -0.05 0 0 0
0 -0.05 0 0 0
0 -0.05 0 0 0
0 -0.05 0 0 0
0 -0.05 0 0 0
0 -0.05 0 0 0
0 0.46 0 0 0
0 0.46 0 0 0
0 0.46 0 0 0
0 0.46 0 0 0
0 0.46 0 0 0
0 0.46 0 0 0
0 0.19 0 0 0
0 0.19 0 0 0
0 0.19 0 0 0
0 0.19 0 0 0
0 0.19 0 0 0
0 0.19 0 0 0
0 -0.26 0 0 0
0 -0.26 0 0 0
0 -0.26 0 0 0
0 -0.26 0 0 0
0 -0.26 0 0 0
0 -0.26 0 0 0
0 -0.43 0 0 0
0 -0.43 0 0 0
0 -0.43 0 0 0
0 -0.43 0 0 0
0 -0.43 0 0 0
0 -0.43 0 0 0
0 -0.01 0 0 0
0 -0.01 0 0 0
0 -0.01 0 0 0
0 -0.01 0 0 0
0 -0.01 0 0 0
0 -0.01 0 0 0
0 0 0 0 0
0 0 0 0 0
0 0 0 0 0
0 0 0 0 0
0 0 0 0 0
0 0 0 0 0
0 -0.02 0 0 0
0 -0.02 0 0 0
0 -0.02 0 0 0
0 -0.02 0 0 0
0 -0.02 0 0 0
0 -0.02 0 0 0
0 0 0 0 0
0 0 0 0 0
0 0 0 0 0
0 0 0 0 0
0 0 0 0 0
0 0 0 0 0
0 0 0 0 0
0 0 0 0 0
0 0 0 0 0
0 0 0 0 0
0 0 0 0 0
0 0 0 0 0
0 0 0 0 0
0 0 0 0 0
0 0 0 0 0
0 0 0 0 0
0 0 0 0 0
0 0 0 0 0
0 -0.01 0 0 0
0 -0.01 0 0 0
0 -0.01 0 0 0
0 -0.01 0 0 0
0 -0.01 0 0 0
0 -0.01 0 0 0
0 0.02 0 0 0
0 0.02 0 0 0
0 0.02 0 0 0
0 0.02 0 0 0
0 0.02 0 0 0
0 0.02 0 0 0
0 0.13 0 0 0
0 0.13 0 0 0
0 0.13 0 0 0
0 0.13 0 0 0
0 0.13 0 0 0
0 0.13 0 0 0
0 0.13 0 0 0
0 0.13 0 0 0
0 0.13 0 0 0
0 0.13 0 0 0
0 0.13 0 0 0
0 0.13 0 0 0
0 0.14 0 0 0
0 0.14 0 0 0
0 0.14 0 0 0
0 0.14 0 0 0
0 0.14 0 0 0
0 0.14 0 0 0
0 0.13 0 0 0
0 0.13 0 0 0
0 0.13 0 0 0
0 0.13 0 0 0
0 0.13 0 0 0
0 0.13 0 0 0
0 0 0 0 0
16.653 1666.19 0 0 0
16.6548 1669.83 0 0 0
16.6567 1673.46 0 0 0
16.6585 1677.1 0 0 0
16.6603 1680.73 0 0 0
16.6622 1684.37 0 0 0
16.664 1688 0 0 0
16.6642 1691.56 0 0 0
16.6643 1695.13 0 0 0
16.6645 1698.69 0 0 0
16.6647 1702.25 0 0 0
16.6648 1705.81 0 0 0
16.665 1709.37 0 0 0
16.6635 1712.88 0 0 0
16.662 1716.39 0 0 0
16.6605 1719.89 0 0 0
16.659 1723.4 0 0 0
16.6575 1726.91 0 0 0
16.656 1730.42 0 0 0
16.6543 1733.91 0 0 0
16.6527 1737.4 0 0 0
16.651 1740.89 0 0 0
16.6493 1744.38 0 0 0
16.6477 1747.87 0 0 0
16.646 1751.36 0 0 0
16.6445 1754.86 0 0 0
16.643 1758.35 0 0 0
16.6415 1761.85 0 0 0
16.64 1765.34 0 0 0
16.6385 1768.83 0 0 0
16.637 1772.33 0 0 0
16.6358 1775.83 0 0 0
16.6347 1779.33 0 0 0
16.6335 1782.82 0 0 0
16.6323 1786.32 0 0 0
16.6312 1789.82 0 0 0
16.63 1793.32 0 0 0
16.6285 1796.82 0 0 0
16.627 1800.32 0 0 0
16.6255 1803.82 0 0 0
16.624 1807.33 0 0 0
16.6225 1810.83 0 0 0
16.621 1814.33 0 0 0
16.6197 1817.83 0 0 0
16.6183 1821.33 0 0 0
16.617 1824.83 0 0 0
16.6157 1828.33 0 0 0
16.6143 1831.83 0 0 0
16.613 1835.33 0 0 0
16.6117 1838.83 0 0 0
16.6103 1842.33 0 0 0
16.609 1845.83 0 0 0
16.6077 1849.33 0 0 0
16.6063 1852.83 0 0 0
16.605 1856.33 0 0 0
16.6037 1859.83 0 0 0
16.6023 1863.33 0 0 0
16.601 1866.83 0 0 0
16.5997 1870.33 0 0 0
16.5983 1873.83 0 0 0
16.597 1877.33 0 0 0
16.5957 1880.87 0 0 0
16.5943 1884.4 0 0 0
16.593 1887.94 0 0 0
16.5917 1891.48 0 0 0
16.5903 1895.02 0 0 0
16.589 1898.56 0 0 0
16.5877 1902.02 0 0 0
16.5863 1905.49 0 0 0
16.585 1908.95 0 0 0
16.5837 1912.42 0 0 0
16.5823 1915.89 0 0 0
16.581 1919.35 0 0 0
16.5795 1922.66 0 0 0
16.578 1925.96 0 0 0
16.5765 1929.27 0 0 0
16.575 1932.57 0 0 0
16.5735 1935.88 0 0 0
16.572 1939.18 0 0 0
16.5718 1942.42 0 0 0
16.5717 1945.65 0 0 0
16.5715 1948.88 0 0 0
16.5713 1952.12 0 0 0
16.5712 1955.35 0 0 0
16.571 1958.59 0 0 0
16.5835 1961.88 0 0 0
16.596 1965.17 0 0 0
16.6085 1968.46 0 0 0
16.621 1971.75 0 0 0
16.6335 1975.04 0 0 0
16.646 1978.33 0 0 0
16.6583 1981.78 0 0 0
16.6707 1985.23 0 0 0
16.683 1988.68 0 0 0
16.6953 1992.13 0 0 0
16.7077 1995.58 0 0 0
16.72 1999.03 0 0 0
16.7327 2002.56 0 0 0
16.7453 2006.09 0 0 0
16.758 2009.63 0 0 0
16.7707 2013.16 0 0 0
16.7833 2016.7 0 0 0
16.796 2020.23 0 0 0
16.8083 2023.73 0 0 0
16.8207 2027.23 0 0 0
16.833 2030.74 0 0 0
16.8453 2034.24 0 0 0
16.8577 2037.74 0 0 0
16.87 2041.24 0 0 0
16.8827 2044.74 0 0 0
16.8953 2048.24 0 0 0
16.908 2051.74 0 0 0
16.9207 2055.24 0 0 0
16.9333 2058.74 0 0 0
16.946 2062.24 0 0 0
16.9585 2065.73 0 0 0
16.971 2069.23 0 0 0
16.9835 2072.73 0 0 0
16.996 2076.23 0 0 0
17.0085 2079.73 0 0 0
17.021 2083.23 0 0 0
17.0333 2086.73 0 0 0
17.0457 2090.23 0 0 0
17.058 2093.73 0 0 0
17.0703 2097.23 0 0 0
17.0827 2100.72 0 0 0
17.095 2104.22 0 0 0
17.1075 2107.72 0 0 0
17.12 2111.22 0 0 0
17.1325 2114.72 0 0 0
17.145 2118.22 0 0 0
17.1575 2121.72 0 0 0
17.17 2125.22 0 0 0
17.1825 2128.72 0 0 0
17.195 2132.22 0 0 0
17.2075 2135.72 0 0 0
17.22 2139.21 0 0 0
17.2325 2142.71 0 0 0
17.245 2146.21 0 0 0
17.2575 2149.71 0 0 0
17.27 2153.21 0 0 0
17.2825 2156.71 0 0 0
17.295 2160.21 0 0 0
17.3075 2163.71 0 0 0
17.32 2167.21 0 0 0
17.3325 2170.7 0 0 0
17.345 2174.2 0 0 0
17.3575 2177.7 0 0 0
17.37 2181.2 0 0 0
17.3825 2184.7 0 0 0
17.395 2188.2 0 0 0
17.4075 2191.7 0 0 0
17.42 2195.2 0 0 0
17.4325 2198.7 0 0 0
17.445 2202.2 0 0 0
17.4575 2205.7 0 0 0
17.47 2209.2 0 0 0
17.4825 2212.7 0 0 0
17.495 2216.2 0 0 0
17.5075 2219.7 0 0 0
17.52 2223.2 0 0 0
17.5325 2226.7 0 0 0
17.545 2230.21 0 0 0
17.5565 2233.7 0 0 0
17.568 2237.2 0 0 0
17.5795 2240.69 0 0 0
17.591 2244.19 0 0 0
17.6025 2247.68 0 0 0
17.614 2251.18 0 0 0
17.6292 2254.67 0 0 0
17.6443 2258.16 0 0 0
17.6595 2261.65 0 0 0
17.6747 2265.14 0 0 0
17.6898 2268.63 0 0 0
17.705 2272.12 0 0 0
17.723 2275.61 0 0 0
17.741 2279.11 0 0 0
17.759 2282.61 0 0 0
17.777 2286.1 0 0 0
17.795 2289.6 0 0 0
17.813 2293.1 0 0 0
17.8195 2296.61 0 0 0
17.826 2300.13 0 0 0
17.8325 2303.64 0 0 0
17.839 2307.16 0 0 0
17.8455 2310.67 0 0 0
17.852 2314.19 0 0 0
17.8497 2317.73 0 0 0
17.8473 2321.28 0 0 0
17.845 2324.82 0 0 0
17.8427 2328.37 0 0 0
17.8403 2331.91 0 0 0
17.838 2335.46 0 0 0
17.8252 2339.03 0 0 0
17.8123 2342.6 0 0 0
17.7995 2346.18 0 0 0
17.7867 2349.75 0 0 0
17.7738 2353.32 0 0 0
17.761 2356.9 0 0 0
17.7407 2360.49 0 0 0
17.7203 2364.08 0 0 0
17.7 2367.67 0 0 0
17.6797 2371.26 0 0 0
17.6593 2374.85 0 0 0
17.639 2378.44 0 0 0
17.6215 2382.03 0 0 0
17.604 2385.63 0 0 0
17.5865 2389.23 0 0 0
17.569 2392.83 0 0 0
17.5515 2396.43 0 0 0
17.534 2400.03 0 0 0
17.5165 2403.63 0 0 0
17.499 2407.22 0 0 0
17.4815 2410.82 0 0 0
17.464 2414.41 0 0 0
17.4465 2418.01 0 0 0
17.429 2421.61 0 0 0
17.4115 2425.2 0 0 0
17.394 2428.79 0 0 0
17.3765 2432.38 0 0 0
17.359 2435.97 0 0 0
17.3415 2439.57 0 0 0
17.324 2443.16 0 0 0
17.3065 2446.76 0 0 0
17.289 2450.36 0 0 0
17.2715 2453.95 0 0 0
17.254 2457.55 0 0 0
17.2365 2461.15 0 0 0
17.219 2464.75 0 0 0
17.2015 2468.36 0 0 0
17.184 2471.97 0 0 0
17.1665 2475.58 0 0 0
17.149 2479.19 0 0 0
17.1315 2482.8 0 0 0
17.114 2486.41 0 0 0
17.096 2490 0 0 0
17.078 2493.59 0 0 0
17.06 2497.18 0 0 0
17.042 2500.77 0 0 0
17.024 2504.36 0 0 0
17.006 2507.95 0 0 0
16.9933 2511.48 0 0 0
16.9807 2515.01 0 0 0
16.968 2518.54 0 0 0
16.9553 2522.07 0 0 0
16.9427 2525.61 0 0 0
16.93 2529.14 0 0 0
16.9148 2532.59 0 0 0
16.8997 2536.03 0 0 0
16.8845 2539.48 0 0 0
16.8693 2542.93 0 0 0
16.8542 2546.38 0 0 0
16.839 2549.83 0 0 0
15.514 132.09 0 0 0
15.5105 136.09 0 0 0
15.507 140.09 0 0 0
15.5035 144.09 0 0 0
15.5 148.09 0 0 0
15.4965 152.09 0 0 0
15.493 156.09 0 0 0
15.4895 160.09 0 0 0
15.486 164.09 0 0 0
15.4825 168.09 0 0 0
15.479 172.09 0 0 0
15.4755 176.09 0 0 0
15.472 180.09 0 0 0
15.4687 184.092 0 0 0
15.4653 188.094 0 0 0
15.462 192.096 0 0 0
15.4587 196.098 0 0 0
15.4553 200.1 0 0 0
15.452 204.102 0 0 0
15.4485 208.116 0 0 0
15.445 212.13 0 0 0
15.4415 216.144 0 0 0
15.438 220.158 0 0 0
15.4345 224.172 0 0 0
15.431 228.186 0 0 0
15.4277 232.191 0 0 0
15.4243 236.196 0 0 0
15.421 240.201 0 0 0
15.4177 244.206 0 0 0
15.4143 248.211 0 0 0
15.411 252.216 0 0 0
15.4095 256.178 0 0 0
15.408 260.14 0 0 0
15.4065 264.102 0 0 0
15.405 268.064 0 0 0
15.4035 272.026 0 0 0
15.402 275.988 0 0 0
15.399 279.858 0 0 0
15.396 283.728 0 0 0
15.393 287.598 0 0 0
15.39 291.468 0 0 0
15.387 295.338 0 0 0
15.384 299.208 0 0 0
15.3785 302.985 0 0 0
15.373 306.762 0 0 0
15.3675 310.539 0 0 0
15.362 314.316 0 0 0
15.3565 318.093 0 0 0
15.351 321.87 0 0 0
15.3477 325.653 0 0 0
15.3443 329.436 0 0 0
15.341 333.219 0 0 0
15.3377 337.002 0 0 0
15.3343 340.785 0 0 0
15.331 344.568 0 0 0
15.3278 348.335 0 0 0
15.3247 352.102 0 0 0
15.3215 355.869 0 0 0
15.3183 359.636 0 0 0
15.3152 363.403 0 0 0
15.312 367.17 0 0 0
15.3087 370.849 0 0 0
15.3053 374.528 0 0 0
15.302 378.207 0 0 0
15.2987 381.886 0 0 0
15.2953 385.565 0 0 0
15.292 389.244 0 0 0
15.2942 392.838 0 0 0
15.2963 396.432 0 0 0
15.2985 400.026 0 0 0
15.3007 403.62 0 0 0
15.3028 407.214 0 0 0
15.305 410.808 0 0 0
15.3107 414.372 0 0 0
15.3163 417.936 0 0 0
15.322 421.5 0 0 0
15.3277 425.064 0 0 0
15.3333 428.628 0 0 0
15.339 432.192 0 0 0
15.3407 435.894 0 0 0
15.3423 439.596 0 0 0
15.344 443.298 0 0 0
15.3457 447 0 0 0
15.3473 450.702 0 0 0
15.349 454.404 0 0 0
15.3563 458.257 0 0 0
15.3637 462.11 0 0 0
15.371 465.963 0 0 0
15.3783 469.816 0 0 0
15.3857 473.669 0 0 0
15.393 477.522 0 0 0
15.4073 481.467 0 0 0
15.4217 485.412 0 0 0
15.436 489.357 0 0 0
15.4503 493.302 0 0 0
15.4647 497.247 0 0 0
15.479 501.192 0 0 0
15.4892 505.149 0 0 0
15.4993 509.106 0 0 0
15.5095 513.063 0 0 0
15.5197 517.02 0 0 0
15.5298 520.977 0 0 0
15.54 524.934 0 0 0
15.5458 528.818 0 0 0
15.5517 532.702 0 0 0
15.5575 536.586 0 0 0
15.5633 540.47 0 0 0
15.5692 544.354 0 0 0
15.575 548.238 0 0 0
15.5827 552.073 0 0 0
15.5903 555.908 0 0 0
15.598 559.743 0 0 0
15.6057 563.578 0 0 0
15.6133 567.413 0 0 0
15.621 571.248 0 0 0
15.6267 575.128 0 0 0
15.6323 579.008 0 0 0
15.638 582.888 0 0 0
15.6437 586.768 0 0 0
15.6493 590.648 0 0 0
15.655 594.528 0 0 0
15.6653 598.48 0 0 0
15.6757 602.432 0 0 0
15.686 606.384 0 0 0
15.6963 610.336 0 0 0
15.7067 614.288 0 0 0
15.717 618.24 0 0 0
15.727 622.205 0 0 0
15.737 626.17 0 0 0
15.747 630.135 0 0 0
15.757 634.1 0 0 0
15.767 638.065 0 0 0
15.777 642.03 0 0 0
15.785 645.914 0 0 0
15.793 649.798 0 0 0
15.801 653.682 0 0 0
15.809 657.566 0 0 0
15.817 661.45 0 0 0
15.825 665.334 0 0 0
15.8305 669.115 0 0 0
15.836 672.896 0 0 0
15.8415 676.677 0 0 0
15.847 680.458 0 0 0
15.8525 684.239 0 0 0
15.858 688.02 0 0 0
15.8655 691.777 0 0 0
15.873 695.534 0 0 0
15.8805 699.291 0 0 0
15.888 703.048 0 0 0
15.8955 706.805 0 0 0
15.903 710.562 0 0 0
15.9097 714.36 0 0 0
15.9163 718.158 0 0 0
15.923 721.956 0 0 0
15.9297 725.754 0 0 0
15.9363 729.552 0 0 0
15.943 733.35 0 0 0
15.9547 737.171 0 0 0
15.9663 740.992 0 0 0
15.978 744.813 0 0 0
15.9897 748.634 0 0 0
16.0013 752.455 0 0 0
16.013 756.276 0 0 0
16.0272 760.019 0 0 0
16.0413 763.762 0 0 0
16.0555 767.505 0 0 0
16.0697 771.248 0 0 0
16.0838 774.991 0 0 0
16.098 778.734 0 0 0
16.098 782.314 0 0 0
16.098 785.894 0 0 0
16.098 789.474 0 0 0
16.098 793.054 0 0 0
16.098 796.634 0 0 0
16.098 800.214 0 0 0
16.094 803.652 0 0 0
16.09 807.09 0 0 0
16.086 810.528 0 0 0
16.082 813.966 0 0 0
16.078 817.404 0 0 0
16.074 820.842 0 0 0
16.0527 824.122 0 0 0
16.0313 827.402 0 0 0
16.01 830.682 0 0 0
15.9887 833.962 0 0 0
15.9673 837.242 0 0 0
15.946 840.522 0 0 0
15.9227 843.696 0 0 0
15.8993 846.87 0 0 0
15.876 850.044 0 0 0
15.8527 853.218 0 0 0
15.8293 856.392 0 0 0
15.806 859.566 0 0 0
15.7915 862.791 0 0 0
15.777 866.016 0 0 0
15.7625 869.241 0 0 0
15.748 872.466 0 0 0
15.7335 875.691 0 0 0
15.719 878.916 0 0 0
15.7047 882.249 0 0 0
15.6903 885.582 0 0 0
15.676 888.915 0 0 0
15.6617 892.248 0 0 0
15.6473 895.581 0 0 0
15.633 898.914 0 0 0
15.6185 902.291 0 0 0
15.604 905.668 0 0 0
15.5895 909.045 0 0 0
15.575 912.422 0 0 0
15.5605 915.799 0 0 0
15.546 919.176 0 0 0
15.5313 922.529 0 0 0
15.5167 925.882 0 0 0
15.502 929.235 0 0 0
15.4873 932.588 0 0 0
15.4727 935.941 0 0 0
15.458 939.294 0 0 0
15.4437 942.647 0 0 0
15.4293 946 0 0 0
15.415 949.353 0 0 0
15.4007 952.706 0 0 0
15.3863 956.059 0 0 0
15.372 959.412 0 0 0
15.3575 962.766 0 0 0
15.343 966.12 0 0 0
15.3285 969.474 0 0 0
15.314 972.828 0 0 0
15.2995 976.182 0 0 0
15.285 979.536 0 0 0
15.2705 982.89 0 0 0
15.256 986.244 0 0 0
15.2415 989.598 0 0 0
15.227 992.952 0 0 0
15.2125 996.306 0 0 0
15.198 999.66 0 0 0
15.1837 1003.01 0 0 0
15.1693 1006.37 0 0 0
15.155 1009.72 0 0 0
15.1407 1013.07 0 0 0
15.1263 1016.42 0 0 0
15.112 1019.78 0 0 0
15.0973 1023.13 0 0 0
15.0827 1026.48 0 0 0
15.068 1029.84 0 0 0
15.0533 1033.19 0 0 0
15.0387 1036.54 0 0 0
15.024 1039.9 0 0 0
15.0097 1043.25 0 0 0
14.9953 1046.6 0 0 0
14.981 1049.96 0 0 0
14.9667 1053.31 0 0 0
14.9523 1056.67 0 0 0
14.938 1060.02 0 0 0
14.9235 1063.37 0 0 0
14.909 1066.73 0 0 0
14.8945 1070.08 0 0 0
14.88 1073.44 0 0 0
14.8655 1076.79 0 0 0
14.851 1080.14 0 0 0
14.8365 1083.5 0 0 0
14.822 1086.85 0 0 0
14.8075 1090.21 0 0 0
14.793 1093.56 0 0 0
14.7785 1096.91 0 0 0
14.764 1100.27 0 0 0
14.7495 1103.62 0 0 0
14.735 1106.97 0 0 0
14.7205 1110.33 0 0 0
14.706 1113.68 0 0 0
14.6915 1117.03 0 0 0
14.677 1120.39 0 0 0
14.6627 1123.73 0 0 0
14.6483 1127.07 0 0 0
14.634 1130.41 0 0 0
14.6197 1133.75 0 0 0
14.6053 1137.09 0 0 0
14.591 1140.43 0 0 0
14.5758 1143.76 0 0 0
14.5607 1147.09 0 0 0
14.5455 1150.42 0 0 0
14.5303 1153.75 0 0 0
14.5152 1157.09 0 0 0
14.5 1160.42 0 0 0
14.484 1163.79 0 0 0
14.468 1167.17 0 0 0
14.452 1170.54 0 0 0
14.436 1173.91 0 0 0
14.42 1177.29 0 0 0
14.404 1180.66 0 0 0
14.3942 1184.2 0 0 0
14.3843 1187.74 0 0 0
14.3745 1191.28 0 0 0
14.3647 1194.82 0 0 0
14.3548 1198.36 0 0 0
14.345 1201.9 0 0 0
14.3455 1205.49 0 0 0
14.346 1209.07 0 0 0
14.3465 1212.66 0 0 0
14.347 1216.24 0 0 0
14.3475 1219.83 0 0 0
14.348 1223.41 0 0 0
14.3557 1226.92 0 0 0
14.3633 1230.42 0 0 0
14.371 1233.93 0 0 0
14.3787 1237.43 0 0 0
14.3863 1240.94 0 0 0
14.394 1244.44 0 0 0
14.4302 1248.02 0 0 0
14.4663 1251.59 0 0 0
14.5025 1255.17 0 0 0
14.5387 1258.74 0 0 0
14.5748 1262.32 0 0 0
14.611 1265.89 0 0 0
14.6558 1269.63 0 0 0
14.7007 1273.37 0 0 0
14.7455 1277.11 0 0 0
14.7903 1280.85 0 0 0
14.8352 1284.59 0 0 0
14.88 1288.33 0 0 0
14.9235 1292.2 0 0 0
14.967 1296.07 0 0 0
15.0105 1299.94 0 0 0
15.054 1303.81 0 0 0
15.0975 1307.68 0 0 0
15.141 1311.55 0 0 0
15.1845 1315.6 0 0 0
15.228 1319.65 0 0 0
15.2715 1323.71 0 0 0
15.315 1327.76 0 0 0
15.3585 1331.82 0 0 0
15.402 1335.87 0 0 0
15.4457 1339.86 0 0 0
15.4893 1343.85 0 0 0
15.533 1347.84 0 0 0
15.5767 1351.83 0 0 0
15.6203 1355.82 0 0 0
15.664 1359.81 0 0 0
15.7073 1363.8 0 0 0
15.7507 1367.79 0 0 0
15.794 1371.79 0 0 0
15.8373 1375.78 0 0 0
15.8807 1379.77 0 0 0
15.924 1383.76 0 0 0
15.9677 1387.75 0 0 0
16.0113 1391.74 0 0 0
16.055 1395.73 0 0 0
16.0987 1399.72 0 0 0
16.1423 1403.71 0 0 0
16.186 1407.7 0 0 0
16.2295 1411.68 0 0 0
16.273 1415.67 0 0 0
16.3165 1419.65 0 0 0
16.36 1423.64 0 0 0
16.4035 1427.62 0 0 0
16.447 1431.61 0 0 0
16.4933 1435.6 0 0 0
16.5397 1439.6 0 0 0
16.586 1443.59 0 0 0
16.6323 1447.59 0 0 0
16.6787 1451.59 0 0 0
16.725 1455.58 0 0 0
16.762 1459.61 0 0 0
16.799 1463.63 0 0 0
16.836 1467.66 0 0 0
16.873 1471.68 0 0 0
16.91 1475.71 0 0 0
16.947 1479.73 0 0 0
16.972 1483.81 0 0 0
16.997 1487.88 0 0 0
17.022 1491.95 0 0 0
17.047 1496.02 0 0 0
17.072 1500.1 0 0 0
17.097 1504.17 0 0 0
17.1095 1508.3 0 0 0
17.122 1512.43 0 0 0
17.1345 1516.56 0 0 0
17.147 1520.69 0 0 0
17.1595 1524.82 0 0 0
17.172 1528.94 0 0 0
17.1768 1533.11 0 0 0
17.1817 1537.28 0 0 0
17.1865 1541.44 0 0 0
17.1913 1545.61 0 0 0
17.1962 1549.77 0 0 0
17.201 1553.94 0 0 0
17.1873 1558.1 0 0 0
17.1737 1562.26 0 0 0
17.16 1566.42 0 0 0
17.1463 1570.58 0 0 0
17.1327 1574.74 0 0 0
17.119 1578.9 0 0 0
17.0838 1583.02 0 0 0
17.0487 1587.14 0 0 0
17.0135 1591.26 0 0 0
16.9783 1595.38 0 0 0
16.9432 1599.5 0 0 0
16.908 1603.62 0 0 0
16.864 1607.72 0 0 0
16.82 1611.81 0 0 0
16.776 1615.91 0 0 0
16.732 1620 0 0 0
16.688 1624.1 0 0 0
16.644 1628.2 0 0 0
16.6087 1632.31 0 0 0
16.5733 1636.43 0 0 0
16.538 1640.55 0 0 0
16.5027 1644.67 0 0 0
16.4673 1648.79 0 0 0
16.432 1652.9 0 0 0
16.4222 1657.06 0 0 0
16.4123 1661.21 0 0 0
16.4025 1665.36 0 0 0
16.3927 1669.51 0 0 0
16.3828 1673.66 0 0 0
16.373 1677.82 0 0 0
16.3735 1681.95 0 0 0
16.374 1686.09 0 0 0
16.3745 1690.23 0 0 0
16.375 1694.37 0 0 0
16.3755 1698.51 0 0 0
16.376 1702.64 0 0 0
16.3713 1706.72 0 0 0
16.3667 1710.8 0 0 0
16.362 1714.88 0 0 0
16.3573 1718.96 0 0 0
16.3527 1723.03 0 0 0
16.348 1727.11 0 0 0
16.3465 1731.13 0 0 0
16.345 1735.14 0 0 0
16.3435 1739.16 0 0 0
16.342 1743.18 0 0 0
16.3405 1747.19 0 0 0
16.339 1751.21 0 0 0
16.3377 1755.2 0 0 0
16.3363 1759.19 0 0 0
16.335 1763.18 0 0 0
16.3337 1767.17 0 0 0
16.3323 1771.16 0 0 0
16.331 1775.15 0 0 0
16.3295 1779.14 0 0 0
16.328 1783.13 0 0 0
16.3265 1787.12 0 0 0
16.325 1791.12 0 0 0
16.3235 1795.11 0 0 0
16.322 1799.1 0 0 0
16.3203 1803.1 0 0 0
16.3187 1807.1 0 0 0
16.317 1811.1 0 0 0
16.3153 1815.1 0 0 0
16.3137 1819.1 0 0 0
16.312 1823.1 0 0 0
16.3103 1827.1 0 0 0
16.3087 1831.1 0 0 0
16.307 1835.1 0 0 0
16.3053 1839.1 0 0 0
16.3037 1843.1 0 0 0
16.302 1847.11 0 0 0
16.3005 1851.1 0 0 0
16.299 1855.1 0 0 0
16.2975 1859.1 0 0 0
16.296 1863.1 0 0 0
16.2945 1867.1 0 0 0
16.293 1871.1 0 0 0
16.2915 1875.14 0 0 0
16.29 1879.18 0 0 0
16.2885 1883.22 0 0 0
16.287 1887.26 0 0 0
16.2855 1891.3 0 0 0
16.284 1895.34 0 0 0
16.2823 1899.3 0 0 0
16.2807 1903.26 0 0 0
16.279 1907.22 0 0 0
16.2773 1911.18 0 0 0
16.2757 1915.14 0 0 0
16.274 1919.11 0 0 0
16.2725 1922.9 0 0 0
16.271 1926.7 0 0 0
16.2695 1930.49 0 0 0
16.268 1934.29 0 0 0
16.2665 1938.09 0 0 0
16.265 1941.88 0 0 0
16.2683 1945.62 0 0 0
16.2717 1949.35 0 0 0
16.275 1953.08 0 0 0
16.2783 1956.82 0 0 0
16.2817 1960.55 0 0 0
16.285 1964.29 0 0 0
16.2995 1968.08 0 0 0
16.314 1971.88 0 0 0
16.3285 1975.67 0 0 0
16.343 1979.47 0 0 0
16.3575 1983.27 0 0 0
16.372 1987.06 0 0 0
16.3862 1991.02 0 0 0
16.4003 1994.98 0 0 0
16.4145 1998.94 0 0 0
16.4287 2002.91 0 0 0
16.4428 2006.87 0 0 0
16.457 2010.83 0 0 0
16.4713 2014.87 0 0 0
16.4857 2018.9 0 0 0
16.5 2022.94 0 0 0
16.5143 2026.98 0 0 0
16.5287 2031.02 0 0 0
16.543 2035.06 0 0 0
16.5572 2039.05 0 0 0
16.5713 2043.05 0 0 0
16.5855 2047.05 0 0 0
16.5997 2051.05 0 0 0
16.6138 2055.05 0 0 0
16.628 2059.05 0 0 0
16.6423 2063.05 0 0 0
16.6567 2067.05 0 0 0
16.671 2071.05 0 0 0
16.6853 2075.05 0 0 0
16.6997 2079.05 0 0 0
16.714 2083.04 0 0 0
16.7283 2087.04 0 0 0
16.7427 2091.04 0 0 0
16.757 2095.04 0 0 0
16.7713 2099.04 0 0 0
16.7857 2103.04 0 0 0
16.8 2107.04 0 0 0
16.8142 2111.04 0 0 0
16.8283 2115.04 0 0 0
16.8425 2119.04 0 0 0
16.8567 2123.04 0 0 0
16.8708 2127.04 0 0 0
16.885 2131.04 0 0 0
16.8992 2135.04 0 0 0
16.9133 2139.04 0 0 0
16.9275 2143.04 0 0 0
16.9417 2147.04 0 0 0
16.9558 2151.04 0 0 0
16.97 2155.04 0 0 0
16.9833 2159.04 0 0 0
16.9967 2163.04 0 0 0
17.01 2167.04 0 0 0
17.0233 2171.04 0 0 0
17.0367 2175.04 0 0 0
17.05 2179.04 0 0 0
17.067 2183.03 0 0 0
17.084 2187.02 0 0 0
17.101 2191.02 0 0 0
17.118 2195.01 0 0 0
17.135 2199 0 0 0
17.152 2203 0 0 0
17.172 2206.98 0 0 0
17.192 2210.97 0 0 0
17.212 2214.95 0 0 0
17.232 2218.94 0 0 0
17.252 2222.92 0 0 0
17.272 2226.91 0 0 0
17.2828 2230.89 0 0 0
17.2937 2234.87 0 0 0
17.3045 2238.85 0 0 0
17.3153 2242.83 0 0 0
17.3262 2246.81 0 0 0
17.337 2250.79 0 0 0
17.3355 2254.77 0 0 0
17.334 2258.75 0 0 0
17.3325 2262.74 0 0 0
17.331 2266.72 0 0 0
17.3295 2270.71 0 0 0
17.328 2274.69 0 0 0
17.3143 2278.68 0 0 0
17.3007 2282.68 0 0 0
17.287 2286.67 0 0 0
17.2733 2290.66 0 0 0
17.2597 2294.65 0 0 0
17.246 2298.65 0 0 0
17.2272 2302.65 0 0 0
17.2083 2306.65 0 0 0
17.1895 2310.65 0 0 0
17.1707 2314.65 0 0 0
17.1518 2318.65 0 0 0
17.133 2322.65 0 0 0
17.117 2326.66 0 0 0
17.101 2330.66 0 0 0
17.085 2334.67 0 0 0
17.069 2338.67 0 0 0
17.053 2342.67 0 0 0
17.037 2346.68 0 0 0
17.021 2350.68 0 0 0
17.005 2354.69 0 0 0
16.989 2358.69 0 0 0
16.973 2362.69 0 0 0
16.957 2366.7 0 0 0
16.941 2370.7 0 0 0
16.9252 2374.7 0 0 0
16.9093 2378.71 0 0 0
16.8935 2382.71 0 0 0
16.8777 2386.71 0 0 0
16.8618 2390.72 0 0 0
16.846 2394.72 0 0 0
16.8298 2398.72 0 0 0
16.8137 2402.73 0 0 0
16.7975 2406.73 0 0 0
16.7813 2410.74 0 0 0
16.7652 2414.74 0 0 0
16.749 2418.75 0 0 0
16.733 2422.75 0 0 0
16.717 2426.75 0 0 0
16.701 2430.74 0 0 0
16.685 2434.74 0 0 0
16.669 2438.74 0 0 0
16.653 2442.74 0 0 0
16.6362 2446.72 0 0 0
16.6193 2450.71 0 0 0
16.6025 2454.7 0 0 0
16.5857 2458.68 0 0 0
16.5688 2462.67 0 0 0
16.552 2466.65 0 0 0
16.5348 2470.65 0 0 0
16.5177 2474.65 0 0 0
16.5005 2478.64 0 0 0
16.4833 2482.64 0 0 0
16.4662 2486.63 0 0 0
16.449 2490.63 0 0 0
16.4362 2494.7 0 0 0
16.4233 2498.76 0 0 0
16.4105 2502.83 0 0 0
16.3977 2506.9 0 0 0
16.3848 2510.97 0 0 0
16.372 2515.03 0 0 0
16.3713 2519.22 0 0 0
16.3707 2523.41 0 0 0
16.37 2527.6 0 0 0
16.3693 2531.79 0 0 0
16.3687 2535.98 0 0 0
16.368 2540.17 0 0 0
16.3777 2544.46 0 0 0
16.3873 2548.76 0 0 0
16.397 2553.05 0 0 0
16.4067 2557.35 0 0 0
16.4163 2561.65 0 0 0
16.426 2565.94 0 0 0
16.4423 2570.28 0 0 0
16.4587 2574.62 0 0 0
16.475 2578.96 0 0 0
16.4913 2583.31 0 0 0
16.5077 2587.65 0 0 0
16.524 2591.99 0 0 0
16.5403 2596.35 0 0 0
16.5567 2600.71 0 0 0
16.573 2605.07 0 0 0
16.5893 2609.43 0 0 0
16.6057 2613.79 0 0 0
16.622 2618.15 0 0 0
16.6377 2622.54 0 0 0
16.6533 2626.93 0 0 0
16.669 2631.31 0 0 0
16.6847 2635.7 0 0 0
16.7003 2640.09 0 0 0
16.716 2644.48 0 0 0
16.7318 2648.87 0 0 0
16.7477 2653.27 0 0 0
16.7635 2657.67 0 0 0
16.7793 2662.07 0 0 0
16.7952 2666.47 0 0 0
16.811 2670.86 0 0 0
16.8267 2675.24 0 0 0
16.8423 2679.61 0 0 0
16.858 2683.98 0 0 0
16.8737 2688.35 0 0 0
16.8893 2692.72 0 0 0
16.905 2697.1 0 0 0
16.9203 2701.44 0 0 0
16.9357 2705.78 0 0 0
16.951 2710.12 0 0 0
16.9663 2714.46 0 0 0
16.9817 2718.8 0 0 0
16.997 2723.14 0 0 0
17.0102 2727.54 0 0 0
17.0233 2731.93 0 0 0
17.0365 2736.33 0 0 0
17.0497 2740.72 0 0 0
17.0628 2745.12 0 0 0
17.076 2749.51 0 0 0
17.0943 2753.93 0 0 0
17.1127 2758.35 0 0 0
17.131 2762.77 0 0 0
17.1493 2767.19 0 0 0
17.1677 2771.61 0 0 0
17.186 2776.03 0 0 0
17.2022 2780.4 0 0 0
17.2183 2784.77 0 0 0
17.2345 2789.14 0 0 0
17.2507 2793.5 0 0 0
17.2668 2797.87 0 0 0
17.283 2802.24 0 0 0
17.307 2806.58 0 0 0
17.331 2810.92 0 0 0
17.355 2815.25 0 0 0
17.379 2819.59 0 0 0
17.403 2823.93 0 0 0
17.427 2828.27 0 0 0
17.4542 2832.64 0 0 0
17.4813 2837.01 0 0 0
17.5085 2841.38 0 0 0
17.5357 2845.74 0 0 0
17.5628 2850.11 0 0 0
17.59 2854.48 0 0 0
17.6172 2858.95 0 0 0
17.6443 2863.42 0 0 0
17.6715 2867.89 0 0 0
17.6987 2872.36 0 0 0
17.7258 2876.83 0 0 0
17.753 2881.3 0 0 0
17.7803 2885.82 0 0 0
17.8077 2890.35 0 0 0
17.835 2894.87 0 0 0
17.8623 2899.39 0 0 0
17.8897 2903.92 0 0 0
17.917 2908.44 0 0 0
17.9443 2912.94 0 0 0
17.9717 2917.43 0 0 0
17.999 2921.93 0 0 0
18.0263 2926.43 0 0 0
18.0537 2930.93 0 0 0
18.081 2935.42 0 0 0
18.1082 2939.92 0 0 0
18.1353 2944.42 0 0 0
18.1625 2948.91 0 0 0
18.1897 2953.41 0 0 0
18.2168 2957.91 0 0 0
18.244 2962.4 0 0 0
18.2713 2966.9 0 0 0
18.2987 2971.4 0 0 0
18.326 2975.89 0 0 0
18.3533 2980.39 0 0 0
18.3807 2984.89 0 0 0
18.408 2989.39 0 0 0
18.4353 2993.88 0 0 0
18.4627 2998.38 0 0 0
18.49 3002.88 0 0 0
18.5173 3007.38 0 0 0
18.5447 3011.88 0 0 0
18.572 3016.37 0 0 0
18.5992 3020.87 0 0 0
18.6263 3025.37 0 0 0
18.6535 3029.87 0 0 0
18.6807 3034.37 0 0 0
18.7078 3038.86 0 0 0
18.735 3043.36 0 0 0
18.7622 3047.86 0 0 0
18.7893 3052.35 0 0 0
18.8165 3056.85 0 0 0
18.8437 3061.34 0 0 0
18.8708 3065.84 0 0 0
18.898 3070.33 0 0 0
18.9253 3074.82 0 0 0
18.9527 3079.31 0 0 0
18.98 3083.79 0 0 0
19.0073 3088.28 0 0 0
19.0347 3092.77 0 0 0
19.062 3097.25 0 0 0
19.0898 3101.74 0 0 0
19.1177 3106.23 0 0 0
19.1455 3110.72 0 0 0
19.1733 3115.21 0 0 0
19.2012 3119.7 0 0 0
19.229 3124.19 0 0 0
19.2542 3128.72 0 0 0
19.2793 3133.24 0 0 0
19.3045 3137.77 0 0 0
19.3297 3142.29 0 0 0
19.3548 3146.81 0 0 0
19.38 3151.34 0 0 0
19.4017 3155.93 0 0 0
19.4233 3160.53 0 0 0
19.445 3165.12 0 0 0
19.4667 3169.71 0 0 0
19.4883 3174.31 0 0 0
19.51 3178.9 0 0 0
19.5357 3183.57 0 0 0
19.5613 3188.23 0 0 0
19.587 3192.9 0 0 0
19.6127 3197.57 0 0 0
19.6383 3202.23 0 0 0
19.664 3206.9 0 0 0
19.68 3211.6 0 0 0
19.696 3216.3 0 0 0
19.712 3220.99 0 0 0
19.728 3225.69 0 0 0
19.744 3230.39 0 0 0
19.76 3235.09 0 0 0
19.7538 3239.78 0 0 0
19.7477 3244.47 0 0 0
19.7415 3249.16 0 0 0
19.7353 3253.86 0 0 0
19.7292 3258.55 0 0 0
19.723 3263.24 0 0 0
19.7123 3267.91 0 0 0
19.7017 3272.59 0 0 0
19.691 3277.26 0 0 0
19.6803 3281.93 0 0 0
19.6697 3286.61 0 0 0
19.659 3291.28 0 0 0
19.6535 3295.95 0 0 0
19.648 3300.61 0 0 0
19.6425 3305.28 0 0 0
19.637 3309.94 0 0 0
19.6315 3314.61 0 0 0
19.626 3319.27 0 0 0
19.6302 3323.91 0 0 0
19.6343 3328.55 0 0 0
19.6385 3333.19 0 0 0
19.6427 3337.83 0 0 0
19.6468 3342.47 0 0 0
19.651 3347.11 0 0 0
19.6523 3351.7 0 0 0
19.6537 3356.28 0 0 0
19.655 3360.86 0 0 0
19.6563 3365.45 0 0 0
19.6577 3370.03 0 0 0
19.659 3374.62 0 0 0
19.6473 3379.14 0 0 0
19.6357 3383.66 0 0 0
19.624 3388.18 0 0 0
19.6123 3392.7 0 0 0
19.6007 3397.22 0 0 0
19.589 3401.74 0 0 0
19.5757 3406.23 0 0 0
19.5623 3410.72 0 0 0
19.549 3415.21 0 0 0
19.5357 3419.7 0 0 0
19.5223 3424.19 0 0 0
19.509 3428.68 0 0 0
19.4973 3433.17 0 0 0
19.4857 3437.66 0 0 0
19.474 3442.15 0 0 0
19.4623 3446.64 0 0 0
19.4507 3451.13 0 0 0
19.439 3455.62 0 0 0
19.4275 3460.12 0 0 0
19.416 3464.62 0 0 0
19.4045 3469.12 0 0 0
19.393 3473.62 0 0 0
19.3815 3478.12 0 0 0
19.37 3482.62 0 0 0
19.3583 3487.12 0 0 0
19.3467 3491.62 0 0 0
19.335 3496.12 0 0 0
19.3233 3500.62 0 0 0
19.3117 3505.12 0 0 0
19.3 3509.62 0 0 0
19.2885 3514.11 0 0 0
19.277 3518.61 0 0 0
19.2655 3523.11 0 0 0
19.254 3527.61 0 0 0
19.2425 3532.11 0 0 0
19.231 3536.61 0 0 0
19.2193 3541.11 0 0 0
19.2077 3545.61 0 0 0
19.196 3550.11 0 0 0
19.1843 3554.61 0 0 0
19.1727 3559.11 0 0 0
19.161 3563.61 0 0 0
19.1495 3568.13 0 0 0
19.138 3572.64 0 0 0
19.1265 3577.16 0 0 0
19.115 3581.67 0 0 0
19.1035 3586.19 0 0 0
19.092 3590.71 0 0 0
19.0802 3595.19 0 0 0
19.0683 3599.67 0 0 0
19.0565 3604.15 0 0 0
19.0447 3608.64 0 0 0
19.0328 3613.12 0 0 0
19.021 3617.6 0 0 0
19.0095 3622.02 0 0 0
18.998 3626.43 0 0 0
18.9865 3630.85 0 0 0
18.975 3635.26 0 0 0
18.9635 3639.67 0 0 0
18.952 3644.09 0 0 0
18.9462 3648.47 0 0 0
18.9403 3652.86 0 0 0
18.9345 3657.25 0 0 0
18.9287 3661.64 0 0 0
18.9228 3666.02 0 0 0
18.917 3670.41 0 0 0
18.9123 3674.82 0 0 0
18.9077 3679.24 0 0 0
18.903 3683.65 0 0 0
18.8983 3688.06 0 0 0
18.8937 3692.47 0 0 0
18.889 3696.89 0 0 0
18.8842 3701.37 0 0 0
18.8793 3705.86 0 0 0
18.8745 3710.34 0 0 0
18.8697 3714.82 0 0 0
18.8648 3719.31 0 0 0
18.86 3723.79 0 0 0
18.8553 3728.31 0 0 0
18.8507 3732.83 0 0 0
18.846 3737.34 0 0 0
18.8413 3741.86 0 0 0
18.8367 3746.38 0 0 0
18.832 3750.89 0 0 0
18.8272 3755.39 0 0 0
18.8223 3759.89 0 0 0
18.8175 3764.39 0 0 0
18.8127 3768.89 0 0 0
18.8078 3773.39 0 0 0
18.803 3777.89 0 0 0
18.7983 3782.39 0 0 0
18.7937 3786.89 0 0 0
18.789 3791.39 0 0 0
18.7843 3795.89 0 0 0
18.7797 3800.39 0 0 0
18.775 3804.89 0 0 0
18.7702 3809.39 0 0 0
18.7653 3813.89 0 0 0
18.7605 3818.39 0 0 0
18.7557 3822.89 0 0 0
18.7508 3827.39 0 0 0
18.746 3831.89 0 0 0
18.7413 3836.39 0 0 0
18.7367 3840.89 0 0 0
18.732 3845.39 0 0 0
18.7273 3849.89 0 0 0
18.7227 3854.39 0 0 0
18.718 3858.89 0 0 0
18.7132 3863.39 0 0 0
18.7083 3867.89 0 0 0
18.7035 3872.39 0 0 0
18.6987 3876.89 0 0 0
18.6938 3881.39 0 0 0
18.689 3885.89 0 0 0
18.6843 3890.39 0 0 0
18.6797 3894.89 0 0 0
18.675 3899.39 0 0 0
18.6703 3903.89 0 0 0
18.6657 3908.39 0 0 0
18.661 3912.89 0 0 0
18.6563 3917.39 0 0 0
18.6517 3921.89 0 0 0
18.647 3926.39 0 0 0
18.6423 3930.89 0 0 0
18.6377 3935.39 0 0 0
18.633 3939.89 0 0 0
18.6282 3944.39 0 0 0
18.6233 3948.89 0 0 0
18.6185 3953.39 0 0 0
18.6137 3957.89 0 0 0
18.6088 3962.39 0 0 0
18.604 3966.89 0 0 0
18.5995 3971.39 0 0 0
18.595 3975.89 0 0 0
18.5905 3980.39 0 0 0
18.586 3984.89 0 0 0
18.5815 3989.39 0 0 0
18.577 3993.89 0 0 0
18.5722 3998.39 0 0 0
18.5673 4002.89 0 0 0
18.5625 4007.39 0 0 0
18.5577 4011.89 0 0 0
18.5528 4016.39 0 0 0
18.548 4020.89 0 0 0
18.5433 4025.39 0 0 0
18.5387 4029.89 0 0 0
18.534 4034.39 0 0 0
18.5293 4038.89 0 0 0
18.5247 4043.39 0 0 0
18.52 4047.89 0 0 0
18.5152 4052.39 0 0 0
18.5103 4056.89 0 0 0
18.5055 4061.39 0 0 0
18.5007 4065.89 0 0 0
18.4958 4070.39 0 0 0
18.491 4074.89 0 0 0
18.4863 4079.39 0 0 0
18.4817 4083.89 0 0 0
18.477 4088.39 0 0 0
18.4723 4092.89 0 0 0
18.4677 4097.39 0 0 0
18.463 4101.89 0 0 0
18.4583 4106.39 0 0 0
18.4537 4110.89 0 0 0
18.449 4115.39 0 0 0
18.4443 4119.89 0 0 0
18.4397 4124.39 0 0 0
18.435 4128.89 0 0 0
18.4302 4133.39 0 0 0
18.4253 4137.89 0 0 0
18.4205 4142.38 0 0 0
18.4157 4146.88 0 0 0
18.4108 4151.38 0 0 0
18.406 4155.88 0 0 0
18.4013 4160.38 0 0 0
18.3967 4164.88 0 0 0
18.392 4169.38 0 0 0
18.3873 4173.88 0 0 0
18.3827 4178.38 0 0 0
18.378 4182.88 0 0 0
18.3733 4187.38 0 0 0
18.3687 4191.88 0 0 0
18.364 4196.38 0 0 0
18.3593 4200.88 0 0 0
18.3547 4205.38 0 0 0
18.35 4209.88 0 0 0
18.3452 4214.38 0 0 0
18.3403 4218.88 0 0 0
18.3355 4223.38 0 0 0
18.3307 4227.88 0 0 0
18.3258 4232.38 0 0 0
18.321 4236.88 0 0 0
18.3163 4241.38 0 0 0
18.3117 4245.88 0 0 0
18.307 4250.38 0 0 0
18.3023 4254.88 0 0 0
18.2977 4259.38 0 0 0
18.293 4263.88 0 0 0
18.2882 4268.38 0 0 0
18.2833 4272.88 0 0 0
18.2785 4277.38 0 0 0
18.2737 4281.88 0 0 0
18.2688 4286.38 0 0 0
18.264 4290.88 0 0 0
18.2593 4295.38 0 0 0
18.2547 4299.88 0 0 0
18.25 4304.38 0 0 0
18.2453 4308.88 0 0 0
18.2407 4313.38 0 0 0
18.236 4317.88 0 0 0
18.2312 4322.38 0 0 0
18.2263 4326.88 0 0 0
18.2215 4331.38 0 0 0
18.2167 4335.88 0 0 0
18.2118 4340.38 0 0 0
18.207 4344.88 0 0 0
18.2025 4349.38 0 0 0
18.198 4353.88 0 0 0
18.1935 4358.38 0 0 0
18.189 4362.88 0 0 0
18.1845 4367.38 0 0 0
18.18 4371.88 0 0 0
18.1752 4376.38 0 0 0
18.1703 4380.88 0 0 0
18.1655 4385.38 0 0 0
18.1607 4389.88 0 0 0
18.1558 4394.38 0 0 0
18.151 4398.88 0 0 0
18.1463 4403.38 0 0 0
18.1417 4407.88 0 0 0
18.137 4412.38 0 0 0
18.1323 4416.88 0 0 0
18.1277 4421.38 0 0 0
18.123 4425.88 0 0 0
18.1182 4430.38 0 0 0
18.1133 4434.88 0 0 0
18.1085 4439.38 0 0 0
18.1037 4443.88 0 0 0
18.0988 4448.39 0 0 0
18.094 4452.89 0 0 0
18.0893 4457.38 0 0 0
18.0847 4461.88 0 0 0
18.08 4466.37 0 0 0
18.0753 4470.87 0 0 0
18.0707 4475.36 0 0 0
18.066 4479.86 0 0 0
18.0613 4484.35 0 0 0
18.0567 4488.83 0 0 0
18.052 4493.32 0 0 0
18.0473 4497.81 0 0 0
18.0427 4502.3 0 0 0
18.038 4506.79 0 0 0
18.0337 4511.29 0 0 0
18.0293 4515.79 0 0 0
18.025 4520.29 0 0 0
18.0207 4524.8 0 0 0
18.0163 4529.3 0 0 0
18.012 4533.8 0 0 0
18.0017 4538.36 0 0 0
17.9913 4542.91 0 0 0
17.981 4547.46 0 0 0
17.9707 4552.02 0 0 0
17.9603 4556.57 0 0 0
17.95 4561.12 0 0 0
17.9395 4565.77 0 0 0
17.929 4570.42 0 0 0
17.9185 4575.07 0 0 0
17.908 4579.71 0 0 0
17.8975 4584.36 0 0 0
17.887 4589.01 0 0 0
17.8817 4593.77 0 0 0
17.8763 4598.52 0 0 0
17.871 4603.28 0 0 0
17.8657 4608.04 0 0 0
17.8603 4612.8 0 0 0
17.855 4617.55 0 0 0
17.8478 4622.39 0 0 0
17.8407 4627.23 0 0 0
17.8335 4632.07 0 0 0
17.8263 4636.9 0 0 0
17.8192 4641.74 0 0 0
17.812 4646.58 0 0 0
17.7943 4651.46 0 0 0
17.7767 4656.34 0 0 0
17.759 4661.22 0 0 0
17.7413 4666.1 0 0 0
17.7237 4670.97 0 0 0
17.706 4675.85 0 0 0
17.687 4680.74 0 0 0
17.668 4685.63 0 0 0
17.649 4690.51 0 0 0
17.63 4695.4 0 0 0
17.611 4700.29 0 0 0
17.592 4705.18 0 0 0
17.575 4710.05 0 0 0
17.558 4714.93 0 0 0
17.541 4719.81 0 0 0
17.524 4724.69 0 0 0
17.507 4729.57 0 0 0
17.49 4734.44 0 0 0
17.4778 4739.29 0 0 0
17.4657 4744.14 0 0 0
17.4535 4748.99 0 0 0
17.4413 4753.84 0 0 0
17.4292 4758.69 0 0 0
17.417 4763.54 0 0 0
17.4025 4768.33 0 0 0
17.388 4773.12 0 0 0
17.3735 4777.91 0 0 0
17.359 4782.7 0 0 0
17.3445 4787.49 0 0 0
17.33 4792.28 0 0 0
17.3228 4797 0 0 0
17.3157 4801.73 0 0 0
17.3085 4806.45 0 0 0
17.3013 4811.18 0 0 0
17.2942 4815.9 0 0 0
17.287 4820.63 0 0 0
17.3008 4825.3 0 0 0
17.3147 4829.97 0 0 0
17.3285 4834.64 0 0 0
17.3423 4839.32 0 0 0
17.3562 4843.99 0 0 0
17.37 4848.66 0 0 0
17.4095 4853.28 0 0 0
17.449 4857.9 0 0 0
17.4885 4862.52 0 0 0
17.528 4867.14 0 0 0
17.5675 4871.75 0 0 0
17.607 4876.37 0 0 0
17.6575 4880.96 0 0 0
17.708 4885.54 0 0 0
17.7585 4890.13 0 0 0
17.809 4894.71 0 0 0
17.8595 4899.3 0 0 0
17.91 4903.88 0 0 0
17.9922 4908.47 0 0 0
18.0743 4913.07 0 0 0
18.1565 4917.66 0 0 0
18.2387 4922.25 0 0 0
18.3208 4926.84 0 0 0
18.403 4931.43 0 0 0
18.5055 4936.07 0 0 0
18.608 4940.71 0 0 0
18.7105 4945.35 0 0 0
18.813 4949.99 0 0 0
18.9155 4954.63 0 0 0
19.018 4959.27 0 0 0
19.1257 4963.94 0 0 0
19.2333 4968.61 0 0 0
19.341 4973.27 0 0 0
19.4487 4977.94 0 0 0
19.5563 4982.61 0 0 0
19.664 4987.28 0 0 0
19.7598 4991.89 0 0 0
19.8557 4996.51 0 0 0
19.9515 5001.12 0 0 0
20.0473 5005.74 0 0 0
20.1432 5010.35 0 0 0
20.239 5014.97 0 0 0
20.3125 5019.49 0 0 0
20.386 5024.01 0 0 0
20.4595 5028.54 0 0 0
20.533 5033.06 0 0 0
20.6065 5037.58 0 0 0
20.68 5042.11 0 0 0
20.7545 5046.59 0 0 0
20.829 5051.07 0 0 0
20.9035 5055.56 0 0 0
20.978 5060.04 0 0 0
21.0525 5064.53 0 0 0
21.127 5069.01 0 0 0
21.2132 5073.53 0 0 0
21.2993 5078.05 0 0 0
21.3855 5082.58 0 0 0
21.4717 5087.1 0 0 0
21.5578 5091.62 0 0 0
21.644 5096.14 0 0 0
21.729 5100.76 0 0 0
21.814 5105.37 0 0 0
21.899 5109.98 0 0 0
21.984 5114.6 0 0 0
22.069 5119.21 0 0 0
22.154 5123.83 0 0 0
0 0 0 0 0
0 0 0 0 0
0 0 0 0 0
0 0 0 0 0
0 0 0 0 0
0 0 0 0 0
0 0 0 0 0
0 0 0 0 0
0 0 0 0 0
-644.741 -2572.32 385.199 0 0
