1076.62 4920.3 416.528 960149 -1.65544
1076.56 4922.4 416.49 960149 -1.65544
1076.5 4924.51 416.452 960149 -1.65544
1076.44 4926.61 416.414 960149 -1.7317
1076.38 4928.72 416.376 960149 -1.98353
1076.3 4930.83 416.335 960149 -1.98353
1076.23 4932.93 416.295 960149 -1.98138
1076.16 4935.02 416.254 960149 -1.98138
1076.09 4937.11 416.214 960149 -1.98138
1076.02 4939.2 416.174 960149 -1.98138
1075.94 4941.29 416.133 960149 -1.98138
1075.87 4943.38 416.093 960149 -1.98138
1075.8 4945.47 416.053 960149 -1.97858
1075.73 4947.52 416.013 960149 -1.97858
1075.66 4949.58 415.974 960149 -2.00729
1075.58 4951.64 415.934 960149 -2.30654
1075.5 4953.69 415.892 960149 -2.30654
1075.42 4955.75 415.85 960149 -2.30654
1075.34 4957.81 415.808 960149 -2.29194
1075.25 4959.85 415.766 960149 -2.29194
1075.17 4961.89 415.724 960149 -2.29194
1075.09 4963.93 415.682 960149 -2.29194
1075.01 4965.98 415.641 960149 -2.29194
1074.93 4968.02 415.599 960149 -2.29194
1074.85 4970.06 415.557 960149 -2.11734
1074.77 4972.11 415.515 960149 -2.11734
1074.69 4974.17 415.473 960149 -2.36249
1074.61 4976.22 415.43 960149 -2.44513
1074.52 4978.27 415.386 960149 -2.44513
1074.43 4980.32 415.342 960149 -2.44513
1074.35 4982.37 415.298 960149 -2.43948
1074.26 4984.47 415.253 960149 -2.43949
1074.17 4986.56 415.208 960149 -2.43949
1074.08 4988.65 415.163 960149 -2.43949
1073.99 4990.74 415.118 960149 -2.43949
1073.9 4992.83 415.073 960149 -2.43949
1073.81 4994.92 415.028 960149 -2.50194
1073.72 4997.04 414.983 960149 -2.69482
1073.62 4999.16 414.936 960149 -2.82957
1073.51 5001.28 414.889 960149 -2.82957
1073.41 5003.4 414.841 960149 -2.82957
1073.3 5005.52 414.794 960149 -2.82957
1073.2 5007.64 414.746 960149 -2.86996
1073.09 5009.78 414.698 960149 -2.86996
1072.99 5011.92 414.65 960149 -2.86996
1072.88 5014.05 414.603 960149 -2.86996
1072.77 5016.19 414.555 960149 -2.86996
1072.66 5018.33 414.507 960149 -2.86996
1072.56 5020.47 414.459 960149 -3.11857
1072.44 5022.63 414.409 960149 -3.22049
1072.32 5024.8 414.359 960149 -3.22049
1072.19 5026.97 414.309 960149 -3.22049
1072.07 5029.14 414.258 960149 -3.22049
1071.95 5031.31 414.208 960149 -3.22049
1071.83 5033.48 414.158 960149 -3.26571
1071.7 5035.67 414.107 960149 -3.26571
1071.58 5037.86 414.056 960149 -3.26571
1071.45 5040.06 414.005 960149 -3.26571
1071.33 5042.25 413.955 960149 -3.32448
1071.2 5044.44 413.904 970149 -3.5905
1071.06 5046.64 413.855 970149 -3.64146
1070.92 5048.84 413.805 970149 -3.64146
1070.78 5051.04 413.756 970149 -3.64146
1070.64 5053.25 413.706 970149 -3.64146
1070.5 5055.45 413.657 970149 -3.64146
1070.36 5057.65 413.607 970149 -3.64146
1070.22 5059.85 413.557 970149 -3.59927
1070.08 5062.05 413.508 970149 -3.59927
1069.95 5064.24 413.458 970149 -3.59927
1069.81 5066.44 413.409 970149 -3.59927
1069.67 5068.63 413.36 970149 -3.73798
1069.53 5070.83 413.31 970149 -3.98648
1069.37 5073.02 413.26 970149 -3.95628
1069.22 5075.19 413.211 970149 -3.95628
1069.07 5077.37 413.162 970149 -3.95628
1068.92 5079.54 413.112 970149 -3.95628
1068.77 5081.71 413.063 970149 -3.95628
1068.62 5083.88 413.014 970149 -3.95628
1068.47 5086.06 412.965 970149 -3.98071
1068.32 5088.22 412.916 970149 -3.98071
1068.17 5090.38 412.866 970149 -3.98071
1068.02 5092.55 412.817 970149 -3.98071
1067.87 5094.71 412.768 970149 -4.07689
1067.72 5096.87 412.719 970149 -4.36572
1067.55 5099.04 412.67 970149 -4.12197
1067.4 5101.19 412.621 970149 -4.12197
1067.24 5103.34 412.572 970149 -4.12197
1067.08 5105.5 412.523 970149 -4.12198
1066.93 5107.65 412.474 970149 -4.12198
1066.77 5109.8 412.425 970149 -4.12198
1066.62 5111.96 412.376 970149 -3.88315
1066.47 5114.1 412.328 970149 -3.88316
1066.33 5116.23 412.279 970149 -3.88316
1066.18 5118.37 412.231 970149 -3.88317
1066.04 5120.51 412.182 970149 -3.88672
1065.89 5122.65 412.133 970149 -4.26591
1065.73 5124.78 412.085 970149 -4.11084
1065.58 5126.92 412.037 970149 -4.11085
1065.43 5129.05 411.988 970149 -4.11086
1065.27 5131.18 411.94 970149 -4.11087
1065.12 5133.31 411.892 970149 -4.11088
1064.97 5135.44 411.843 970149 -4.11089
1064.81 5137.57 411.795 970148 -4.38369
1064.65 5139.7 411.747 970148 -4.38369
1064.49 5141.84 411.699 970148 -4.38369
1064.32 5143.97 411.65 970148 -4.3837
1064.16 5146.1 411.602 970148 -4.3837
1064 5148.23 411.554 970148 -4.64122
1063.82 5150.36 411.506 970148 -4.96269
1063.64 5152.51 411.457 970148 -4.96269
1063.45 5154.65 411.409 970148 -4.96269
1063.27 5156.8 411.361 970148 -4.9627
1063.08 5158.94 411.313 970148 -4.9627
1062.89 5161.09 411.264 970148 -4.9627
1062.71 5163.24 411.216 970148 -5.31108
1062.51 5165.39 411.167 970148 -5.31108
1062.31 5167.55 411.119 970148 -5.31108
1062.11 5169.7 411.07 970148 -5.31108
1061.91 5171.86 411.022 970148 -5.31108
1061.7 5174.02 410.973 970148 -5.48419
1061.5 5176.17 410.925 970148 -5.61283
1061.29 5178.32 410.877 970148 -5.61283
1061.07 5180.48 410.829 970148 -5.61283
1060.86 5182.63 410.782 970148 -5.61283
1060.65 5184.78 410.734 970148 -5.61283
1060.44 5186.94 410.686 970148 -5.61283
1060.23 5189.09 410.638 970148 -5.61136
1060.02 5191.25 410.59 970148 -5.61136
1059.8 5193.41 410.542 970148 -5.61136
1059.59 5195.56 410.494 970148 -5.61136
1059.38 5197.72 410.446 970148 -5.61136
1059.17 5199.88 410.398 970148 -5.71606
1058.95 5202.03 410.351 970148 -5.98869
1058.73 5204.19 410.303 970148 -5.98869
1058.5 5206.35 410.256 970148 -5.98869
1058.27 5208.51 410.209 970148 -5.98869
1058.05 5210.67 410.162 970148 -5.98869
1057.82 5212.82 410.115 970148 -5.98869
1057.59 5214.98 410.068 970148 -5.98722
1057.37 5217.14 410.021 970148 -5.98722
1057.14 5219.3 409.974 970148 -5.98722
1056.92 5221.45 409.927 970148 -5.98722
1056.69 5223.61 409.88 970148 -5.98722
1056.46 5225.77 409.833 970148 -6.03165
1056.23 5227.93 409.786 970148 -6.36806
1055.99 5230.08 409.74 970148 -6.36806
1055.75 5232.24 409.694 970148 -6.36806
1055.51 5234.39 409.648 970148 -6.36806
1055.27 5236.55 409.602 970148 -6.36806
1055.03 5238.71 409.556 970148 -6.36806
1054.79 5240.86 409.51 970148 -6.36806
1054.55 5243.02 409.464 970148 -6.36806
1054.31 5245.17 409.418 970148 -6.36806
1054.07 5247.32 409.372 970148 -6.36806
1053.83 5249.48 409.326 970148 -6.36806
1053.59 5251.63 409.28 970148 -6.36806
1053.35 5253.79 409.234 970148 -6.72015
1053.1 5255.94 409.19 970148 -6.73917
1052.84 5258.09 409.145 970148 -6.73917
1052.59 5260.24 409.101 970148 -6.73917
1052.33 5262.4 409.056 970148 -6.73917
1052.08 5264.55 409.012 970148 -6.73917
1051.82 5266.7 408.967 970148 -6.73917
0 0 0 0 -6.73917
0 0 0 0 -6.73917
0 0 0 0 -6.73917
0 0 0 0 -6.73917
0 0 0 0 -6.73917
0 0 0 0 -6.73917
0 0 0 0 -6.73917
0 0 0 0 -6.73917
0 0 0 0 -6.73917
0 0 0 0 -6.73917
0 0 0 0 -6.73917
0 0 0 0 -6.73917
0 0 0 0 -6.73917
0 0 0 0 -6.73917
0 0 0 0 -6.73917
0 0 0 0 -6.73917
0 0 0 0 -6.73917
0 0 0 0 -6.73917
0 0 0 0 -6.73917
0 0 0 0 -6.73917
0 0 0 0 -6.73917
0 0 0 0 -6.73917
0 0 0 0 -6.73917
0 0 0 0 -6.73917
0 0 0 0 -6.73917
0 0 0 0 -6.73917
0 0 0 0 -6.73917
0 0 0 0 -6.73917
0 0 0 0 -6.73917
0 0 0 0 -6.73917
0 0 0 0 -6.73917
0 0 0 0 -6.73917
0 0 0 0 -6.73917
0 0 0 0 -6.73917
0 0 0 0 -6.73917
0 0 0 0 -6.73917
0 0 0 0 -6.73917
0 0 0 0 -6.73917
0 0 0 0 -6.73917
0 0 0 0 -6.73917
0 0 0 0 -6.73917
0 0 0 0 -6.73917
0 0 0 0 -6.73917
0 0 0 0 -6.73917
0 0 0 0 -6.73917
0 0 0 0 -6.73917
0 0 0 0 -6.73917
0 0 0 0 -6.73917
0 0 0 0 -6.73917
0 0 0 0 -6.73917
0 0 0 0 -6.73917
0 0 0 0 -6.73917
0 0 0 0 -6.73917
0 0 0 0 -6.73917
0 0 0 0 -6.73917
0 0 0 0 -6.73917
0 0 0 0 -6.73917
0 0 0 0 -6.73917
0 0 0 0 -6.73917
0 0 0 0 -6.73917
0 0 0 0 -6.73917
0 0 0 0 -6.73917
0 0 0 0 -6.73917
0 0 0 0 -6.73917
0 0 0 0 -6.73917
0 0 0 0 -6.73917
0 0 0 0 -6.73917
0 0 0 0 -6.73917
0 0 0 0 -6.73917
0 0 0 0 -6.73917
0 0 0 0 -6.73917
0 0 0 0 -6.73917
0 0 0 0 -6.73917
0 0 0 0 -6.73917
0 0 0 0 -6.73917
0 0 0 0 -6.73917
0 0 0 0 -6.73917
0 0 0 0 -6.73917
0 0 0 0 -6.73917
0 0 0 0 -6.73917
0 0 0 0 -6.73917
0 0 0 0 -6.73917
0 0 0 0 -6.73917
0 0 0 0 -6.73917
0 0 0 0 -6.73917
0 0 0 0 -6.73917
0 0 0 0 -6.73917
0 0 0 0 -6.73917
0 0 0 0 -6.73917
0 0 0 0 -6.73917
0 0 0 0 -6.73917
0 0 0 0 -6.73917
0 0 0 0 -6.73917
0 0 0 0 -6.73917
0 0 0 0 -6.73917
0 0 0 0 -6.73917
0 0 0 0 -6.73917
0 0 0 0 -6.73917
0 0 0 0 -6.73917
0 0 0 0 -6.73917
0 0 0 0 -6.73917
0 0 0 0 -6.73917
0 0 0 0 -6.73917
0 0 0 0 -6.73917
0 0 0 0 -6.73917
0 0 0 0 -6.73917
0 0 0 0 -6.73917
0 0 0 0 -6.73917
0 0 0 0 -6.73917
0 0 0 0 -6.73917
0 0 0 0 -6.73917
0 0 0 0 -6.73917
0 0 0 0 -6.73917
0 0 0 0 -6.73917
0 0 0 0 -6.73917
0 0 0 0 -6.73917
0 0 0 0 -6.73917
0 0 0 0 -6.73917
0 0 0 0 -6.73917
0 0 0 0 -6.73917
0 0 0 0 -6.73917
0 0 0 0 -6.73917
0 0 0 0 -6.73917
0 0 0 0 -6.73917
0 0 0 0 -6.73917
0 0 0 0 -6.73917
0 0 0 0 -6.73917
0 0 0 0 -6.73917
0 0 0 0 -6.73917
0 0 0 0 -6.73917
0 0 0 0 -6.73917
0 0 0 0 -6.73917
0 0 0 0 -6.73917
0 0 0 0 -6.73917
0 0 0 0 -6.73917
0 0 0 0 -6.73917
0 0 0 0 -6.73917
0 0 0 0 -6.73917
0 0 0 0 -6.73917
0 0 0 0 -6.73917
0 0 0 0 -6.73917
0 0 0 0 -6.73917
0 0 0 0 -6.73917
0 0 0 0 -6.73917
0 0 0 0 -6.73917
0 0 0 0 -6.73917
0 0 0 0 -6.73917
0 0 0 0 -6.73917
0 0 0 0 -6.73917
0 0 0 0 -6.73917
0 0 0 0 -6.73917
0 0 0 0 -6.73917
0 0 0 0 -6.73917
0 0 0 0 -6.73917
0 0 0 0 -6.73917
0 0 0 0 -6.73917
0 0 0 0 -6.73917
0 0 0 0 -6.73917
0 0 0 0 -6.73917
0 0 0 0 -6.73917
0 0 0 0 -6.73917
0 0 0 0 -6.73917
0 0 0 0 -6.73917
0 0 0 0 -6.73917
0 0 0 0 -6.73917
0 0 0 0 -6.73917
0 0 0 0 -6.73917
0 0 0 0 -6.73917
0 0 0 0 -6.73917
0 0 0 0 -6.73917
0 0 0 0 -6.73917
0 0 0 0 -6.73917
0 0 0 0 -6.73917
0 0 0 0 -6.73917
0 0 0 0 -6.73917
0 0 0 0 -6.73917
0 0 0 0 -6.73917
0 0 0 0 -6.73917
0 0 0 0 -6.73917
0 0 0 0 -6.73917
0 0 0 0 -6.73917
0 0 0 0 -6.73917
0 0 0 0 -6.73917
0 0 0 0 -6.73917
0 0 0 0 -6.73917
0 0 0 0 -6.73917
0 0 0 0 -6.73917
0 0 0 0 -6.73917
0 0 0 0 -6.73917
0 0 0 0 -6.73917
0 0 0 0 -6.73917
0 0 0 0 -6.73917
0 0 0 0 -6.73917
0 0 0 0 -6.73917
0 0 0 0 -6.73917
0 0 0 0 -6.73917
0 0 0 0 -6.73917
0 0 0 0 -6.73917
0 0 0 0 -6.73917
0 0 0 0 -6.73917
0 0 0 0 -6.73917
0 0 0 0 -6.73917
0 0 0 0 -6.73917
0 0 0 0 -6.73917
0 0 0 0 -6.73917
0 0 0 0 -6.73917
0 0 0 0 -6.73917
0 0 0 0 -6.73917
0 0 0 0 -6.73917
0 0 0 0 -6.73917
0 0 0 0 -6.73917
0 0 0 0 -6.73917
0 0 0 0 -6.73917
0 0 0 0 -6.73917
0 0 0 0 -6.73917
0 0 0 0 -6.73917
0 0 0 0 -6.73917
0 0 0 0 -6.73917
0 0 0 0 -6.73917
0 0 0 0 -6.73917
0 0 0 0 -6.73917
0 0 0 0 -6.73917
0 0 0 0 -6.73917
0 0 0 0 -6.73917
0 0 0 0 -6.73917
0 0 0 0 -6.73917
0 0 0 0 -6.73917
0 0 0 0 -6.73917
0 0 0 0 -6.73917
0 0 0 0 -6.73917
0 0 0 0 -6.73917
0 0 0 0 -6.73917
0 0 0 0 -6.73917
0 0 0 0 -6.73917
0 0 0 0 -6.73917
0 0 0 0 -6.73917
0 0 0 0 -6.73917
0 0 0 0 -6.73917
0 0 0 0 -6.73917
0 0 0 0 -6.73917
0 0 0 0 -6.73917
0 0 0 0 -6.73917
0 0 0 0 -6.73917
0 0 0 0 -6.73917
0 0 0 0 -6.73917
0 0 0 0 -6.73917
0 0 0 0 -6.73917
0 0 0 0 -6.73917
0 0 0 0 -6.73917
0 0 0 0 -6.73917
0 0 0 0 -6.73917
0 0 0 0 -6.73917
0 0 0 0 -6.73917
0 0 0 0 -6.73917
0 0 0 0 -6.73917
0 0 0 0 -6.73917
0 0 0 0 -6.73917
0 0 0 0 -6.73917
0 0 0 0 -6.73917
0 0 0 0 -6.73917
0 0 0 0 -6.73917
0 0 0 0 -6.73917
0 0 0 0 -6.73917
0 0 0 0 -6.73917
0 0 0 0 -6.73917
0 0 0 0 -6.73917
0 0 0 0 -6.73917
0 0 0 0 -6.73917
0 0 0 0 -6.73917
0 0 0 0 -6.73917
0 0 0 0 -6.73917
0 0 0 0 -6.73917
0 0 0 0 -6.73917
0 0 0 0 -6.73917
0 0 0 0 -6.73917
0 0 0 0 -6.73917
0 0 0 0 -6.73917
0 0 0 0 -6.73917
0 0 0 0 -6.73917
0 0 0 0 -6.73917
0 0 0 0 -6.73917
0 0 0 0 -6.73917
0 0 0 0 -6.73917
0 0 0 0 -6.73917
0 0 0 0 -6.73917
0 0 0 0 -6.73917
0 0 0 0 -6.73917
0 0 0 0 -6.73917
0 0 0 0 -6.73917
0 0 0 0 -6.73917
0 0 0 0 -6.73917
0 0 0 0 -6.73917
0 0 0 0 -6.73917
0 0 0 0 -6.73917
0 0 0 0 -6.73917
0 0 0 0 -6.73917
0 0 0 0 -6.73917
0 0 0 0 -6.73917
0 0 0 0 -6.73917
0 0 0 0 -6.73917
0 0 0 0 -6.73917
0 0 0 0 -6.73917
0 0 0 0 -6.73917
0 0 0 0 -6.73917
0 0 0 0 -6.73917
0 0 0 0 -6.73917
0 0 0 0 -6.73917
0 0 0 0 -6.73917
0 0 0 0 -6.73917
0 0 0 0 -6.73917
0 0 0 0 -6.73917
0 0 0 0 -6.73917
0 0 0 0 -6.73917
0 0 0 0 -6.73917
0 0 0 0 -6.73917
0 0 0 0 -6.73917
0 0 0 0 -6.73917
0 0 0 0 -6.73917
0 0 0 0 -6.73917
0 0 0 0 -6.73917
0 0 0 0 -6.73917
0 0 0 0 -6.73917
0 0 0 0 -6.73917
0 0 0 0 -6.73917
0 0 0 0 -6.73917
0 0 0 0 -6.73917
0 0 0 0 -6.73917
0 0 0 0 -6.73917
0 0 0 0 -6.73917
0 0 0 0 -6.73917
0 0 0 0 -6.73917
0 0 0 0 -6.73917
0 0 0 0 -6.73917
0 0 0 0 -6.73917
0 0 0 0 -6.73917
0 0 0 0 -6.73917
0 0 0 0 -6.73917
0 0 0 0 -6.73917
0 0 0 0 -6.73917
0 0 0 0 -6.73917
0 0 0 0 -6.73917
0 0 0 0 -6.73917
0 0 0 0 -6.73917
0 0 0 0 -6.73917
0 0 0 0 -6.73917
0 0 0 0 -6.73917
0 0 0 0 -6.73917
0 0 0 0 -6.73917
0 0 0 0 -6.73917
0 0 0 0 -6.73917
0 0 0 0 -6.73917
0 0 0 0 -6.73917
0 0 0 0 -6.73917
0 0 0 0 -6.73917
0 0 0 0 -6.73917
0 0 0 0 -6.73917
0 0 0 0 -6.73917
0 0 0 0 -6.73917
0 0 0 0 -6.73917
0 0 0 0 -6.73917
0 0 0 0 -6.73917
0 0 0 0 -6.73917
0 0 0 0 -6.73917
0 0 0 0 -6.73917
0 0 0 0 -6.73917
0 0 0 0 -6.73917
0 0 0 0 -6.73917
0 0 0 0 -6.73917
0 0 0 0 -6.73917
0 0 0 0 -6.73917
0 0 0 0 -6.73917
0 0 0 0 -6.73917
0 0 0 0 -6.73917
0 0 0 0 -6.73917
0 0 0 0 -6.73917
0 0 0 0 -6.73917
0 0 0 0 -6.73917
0 0 0 0 -6.73917
0 0 0 0 -6.73917
0 0 0 0 -6.73917
0 0 0 0 -6.73917
0 0 0 0 -6.73917
0 0 0 0 -6.73917
0 0 0 0 -6.73917
0 0 0 0 -6.73917
0 0 0 0 -6.73917
0 0 0 0 -6.73917
0 0 0 0 -6.73917
0 0 0 0 -6.73917
0 0 0 0 -6.73917
0 0 0 0 -6.73917
0 0 0 0 -6.73917
0 0 0 0 -6.73917
0 0 0 0 -6.73917
0 0 0 0 -6.73917
0 0 0 0 -6.73917
0 0 0 0 -6.73917
0 0 0 0 -6.73917
0 0 0 0 -6.73917
0 0 0 0 -6.73917
0 0 0 0 -6.73917
0 0 0 0 -6.73917
0 0 0 0 -6.73917
0 0 0 0 -6.73917
0 0 0 0 -6.73917
0 0 0 0 -6.73917
0 0 0 0 -6.73917
0 0 0 0 -6.73917
0 0 0 0 -6.73917
0 0 0 0 -6.73917
0 0 0 0 -6.73917
0 0 0 0 -6.73917
0 0 0 0 -6.73917
0 0 0 0 -6.73917
0 0 0 0 -6.73917
0 0 0 0 -6.73917
0 0 0 0 -6.73917
0 0 0 0 -6.73917
0 0 0 0 -6.73917
0 0 0 0 -6.73917
0 0 0 0 -6.73917
0 0 0 0 -6.73917
0 0 0 0 -6.73917
0 0 0 0 -6.73917
0 0 0 0 -6.73917
0 0 0 0 -6.73917
0 0 0 0 -6.73917
0 0 0 0 -6.73917
0 0 0 0 -6.73917
0 0 0 0 -6.73917
0 0 0 0 -6.73917
0 0 0 0 -6.73917
0 0 0 0 -6.73917
0 0 0 0 -6.73917
0 0 0 0 -6.73917
0 0 0 0 -6.73917
0 0 0 0 -6.73917
0 0 0 0 -6.73917
0 0 0 0 -6.73917
0 0 0 0 -6.73917
0 0 0 0 -6.73917
0 0 0 0 -6.73917
0 0 0 0 -6.73917
0 0 0 0 -6.73917
0 0 0 0 -6.73917
0 0 0 0 -6.73917
0 0 0 0 -6.73917
0 0 0 0 -6.73917
0 0 0 0 -6.73917
0 0 0 0 -6.73917
0 0 0 0 -6.73917
0 0 0 0 -6.73917
0 0 0 0 -6.73917
0 0 0 0 -6.73917
0 0 0 0 -6.73917
0 0 0 0 -6.73917
0 0 0 0 -6.73917
0 0 0 0 -6.73917
0 0 0 0 -6.73917
0 0 0 0 -6.73917
0 0 0 0 -6.73917
0 0 0 0 -6.73917
0 0 0 0 -6.73917
0 0 0 0 -6.73917
0 0 0 0 -6.73917
0 0 0 0 -6.73917
0 0 0 0 -6.73917
0 0 0 0 -6.73917
0 0 0 0 -6.73917
0 0 0 0 -6.73917
0 0 0 0 -6.73917
0 0 0 0 -6.73917
0 0 0 0 -6.73917
0 0 0 0 -6.73917
0 0 0 0 -6.73917
0 0 0 0 -6.73917
0 0 0 0 -6.73917
0 0 0 0 -6.73917
0 0 0 0 -6.73917
0 0 0 0 -6.73917
0 0 0 0 -6.73917
0 0 0 0 -6.73917
0 0 0 0 -6.73917
0 0 0 0 -6.73917
0 0 0 0 -6.73917
0 0 0 0 -6.73917
0 0 0 0 -6.73917
0 0 0 0 -6.73917
0 0 0 0 -6.73917
0 0 0 0 -6.73917
0 0 0 0 -6.73917
0 0 0 0 -6.73917
0 0 0 0 -6.73917
0 0 0 0 -6.73917
0 0 0 0 -6.73917
0 0 0 0 -6.73917
0 0 0 0 -6.73917
0 0 0 0 -6.73917
0 0 0 0 -6.73917
0 0 0 0 -6.73917
0 0 0 0 -6.73917
0 0 0 0 -6.73917
0 0 0 0 -6.73917
0 0 0 0 -6.73917
0 0 0 0 -6.73917
0 0 0 0 -6.73917
0 0 0 0 -6.73917
0 0 0 0 -6.73917
0 0 0 0 -6.73917
0 0 0 0 -6.73917
0 0 0 0 -6.73917
0 0 0 0 -6.73917
0 0 0 0 -6.73917
0 0 0 0 -6.73917
0 0 0 0 -6.73917
0 0 0 0 -6.73917
0 0 0 0 -6.73917
0 0 0 0 -6.73917
0 0 0 0 -6.73917
0 0 0 0 -6.73917
0 0 0 0 -6.73917
0 0 0 0 -6.73917
0 0 0 0 -6.73917
0 0 0 0 -6.73917
0 0 0 0 -6.73917
0 0 0 0 -6.73917
0 0 0 0 -6.73917
0 0 0 0 -6.73917
0 0 0 0 -6.73917
0 0 0 0 -6.73917
0 0 0 0 -6.73917
0 0 0 0 -6.73917
0 0 0 0 -6.73917
0 0 0 0 -6.73917
0 0 0 0 -6.73917
0 0 0 0 -6.73917
0 0 0 0 -6.73917
0 0 0 0 -6.73917
0 0 0 0 -6.73917
0 0 0 0 -6.73917
0 0 0 0 -6.73917
0 0 0 0 -6.73917
0 0 0 0 -6.73917
0 0 0 0 -6.73917
0 0 0 0 -6.73917
0 0 0 0 -6.73917
0 0 0 0 -6.73917
0 0 0 0 -6.73917
0 0 0 0 -6.73917
0 0 0 0 -6.73917
0 0 0 0 -6.73917
0 0 0 0 -6.73917
0 0 0 0 -6.73917
0 0 0 0 -6.73917
0 0 0 0 -6.73917
0 0 0 0 -6.73917
0 0 0 0 -6.73917
0 0 0 0 -6.73917
0 0 0 0 -6.73917
0 0 0 0 -6.73917
0 0 0 0 -6.73917
0 0 0 0 -6.73917
0 0 0 0 -6.73917
0 0 0 0 -6.73917
0 0 0 0 -6.73917
0 0 0 0 -6.73917
0 0 0 0 -6.73917
0 0 0 0 -6.73917
0 0 0 0 -6.73917
0 0 0 0 -6.73917
0 0 0 0 -6.73917
0 0 0 0 -6.73917
0 0 0 0 -6.73917
0 0 0 0 -6.73917
0 0 0 0 -6.73917
0 0 0 0 -6.73917
0 0 0 0 -6.73917
0 0 0 0 -6.73917
0 0 0 0 -6.73917
0 0 0 0 -6.73917
0 0 0 0 -6.73917
0 0 0 0 -6.73917
0 0 0 0 -6.73917
0 0 0 0 -6.73917
0 0 0 0 -6.73917
0 0 0 0 -6.73917
0 0 0 0 -6.73917
0 0 0 0 -6.73917
0 0 0 0 -6.73917
0 0 0 0 -6.73917
0 0 0 0 -6.73917
0 0 0 0 -6.73917
0 0 0 0 -6.73917
0 0 0 0 -6.73917
0 0 0 0 -6.73917
0 0 0 0 -6.73917
0 0 0 0 -6.73917
0 0 0 0 -6.73917
0 0 0 0 -6.73917
0 0 0 0 -6.73917
0 0 0 0 -6.73917
0 0 0 0 -6.73917
0 0 0 0 -6.73917
0 0 0 0 -6.73917
0 0 0 0 -6.73917
0 0 0 0 -6.73917
0 0 0 0 -6.73917
0 0 0 0 -6.73917
0 0 0 0 -6.73917
0 0 0 0 -6.73917
0 0 0 0 -6.73917
0 0 0 0 -6.73917
0 0 0 0 -6.73917
0 0 0 0 -6.73917
0 0 0 0 -6.73917
0 0 0 0 -6.73917
0 0 0 0 -6.73917
0 0 0 0 -6.73917
0 0 0 0 -6.73917
0 0 0 0 -6.73917
0 0 0 0 -6.73917
0 0 0 0 -6.73917
0 0 0 0 -6.73917
0 0 0 0 -6.73917
0 0 0 0 -6.73917
0 0 0 0 -6.73917
0 0 0 0 -6.73917
0 0 0 0 -6.73917
0 0 0 0 -6.73917
0 0 0 0 -6.73917
0 0 0 0 -6.73917
0 0 0 0 -6.73917
0 0 0 0 -6.73917
0 0 0 0 -6.73917
0 0 0 0 -6.73917
0 0 0 0 -6.73917
0 0 0 0 -6.73917
0 0 0 0 -6.73917
0 0 0 0 -6.73917
0 0 0 0 -6.73917
0 0 0 0 -6.73917
0 0 0 0 -6.73917
0 0 0 0 -6.73917
0 0 0 0 -6.73917
0 0 0 0 -6.73917
0 0 0 0 -6.73917
0 0 0 0 -6.73917
0 0 0 0 -6.73917
0 0 0 0 -6.73917
0 0 0 0 -6.73917
0 0 0 0 -6.73917
0 0 0 0 -6.73917
0 0 0 0 -6.73917
0 0 0 0 -6.73917
0 0 0 0 -6.73917
0 0 0 0 -6.73917
0 0 0 0 -6.73917
0 0 0 0 -6.73917
0 0 0 0 -6.73917
0 0 0 0 -6.73917
0 0 0 0 -6.73917
0 0 0 0 -6.73917
0 0 0 0 -6.73917
0 0 0 0 -6.73917
0 0 0 0 -6.73917
0 0 0 0 -6.73917
0 0 0 0 -6.73917
0 0 0 0 -6.73917
0 0 0 0 -6.73917
0 0 0 0 -6.73917
0 0 0 0 -6.73917
0 0 0 0 -6.73917
0 0 0 0 -6.73917
0 0 0 0 -6.73917
0 0 0 0 -6.73917
0 0 0 0 -6.73917
0 0 0 0 -6.73917
0 0 0 0 -6.73917
0 0 0 0 -6.73917
0 0 0 0 -6.73917
0 0 0 0 -6.73917
0 0 0 0 -6.73917
0 0 0 0 -6.73917
0 0 0 0 -6.73917
0 0 0 0 -6.73917
0 0 0 0 -6.73917
0 0 0 0 -6.73917
0 0 0 0 -6.73917
0 0 0 0 -6.73917
0 0 0 0 -6.73917
0 0 0 0 -6.73917
0 0 0 0 -6.73917
0 0 0 0 -6.73917
0 0 0 0 -6.73917
0 0 0 0 -6.73917
0 0 0 0 -6.73917
0 0 0 0 -6.73917
0 0 0 0 -6.73917
0 0 0 0 -6.73917
0 0 0 0 -6.73917
0 0 0 0 -6.73917
0 0 0 0 -6.73917
0 0 0 0 -6.73917
0 0 0 0 -6.73917
0 0 0 0 -6.73917
0 0 0 0 -6.73917
0 0 0 0 -6.73917
0 0 0 0 -6.73917
0 0 0 0 -6.73917
0 0 0 0 -6.73917
0 0 0 0 -6.73917
0 0 0 0 -6.73917
0 0 0 0 -6.73917
0 0 0 0 -6.73917
0 0 0 0 -6.73917
0 0 0 0 -6.73917
0 0 0 0 -6.73917
0 0 0 0 -6.73917
0 0 0 0 -6.73917
0 0 0 0 -6.73917
0 0 0 0 -6.73917
0 0 0 0 -6.73917
0 0 0 0 -6.73917
0 0 0 0 -6.73917
0 0 0 0 -6.73917
0 0 0 0 -6.73917
0 0 0 0 -6.73917
0 0 0 0 -6.73917
0 0 0 0 -6.73917
0 0 0 0 -6.73917
0 0 0 0 -6.73917
0 0 0 0 -6.73917
0 0 0 0 -6.73917
0 0 0 0 -6.73917
0 0 0 0 -6.73917
0 0 0 0 -6.73917
0 0 0 0 -6.73917
0 0 0 0 -6.73917
0 0 0 0 -6.73917
0 0 0 0 -6.73917
0 0 0 0 -6.73917
0 0 0 0 -6.73917
0 0 0 0 -6.73917
0 0 0 0 -6.73917
0 0 0 0 -6.73917
0 0 0 0 -6.73917
0 0 0 0 -6.73917
0 0 0 0 -6.73917
0 0 0 0 -6.73917
0 0 0 0 -6.73917
0 0 0 0 -6.73917
0 0 0 0 -6.73917
0 0 0 0 -6.73917
0 0 0 0 -6.73917
0 0 0 0 -6.73917
0 0 0 0 -6.73917
0 0 0 0 -6.73917
0 0 0 0 -6.73917
0 0 0 0 -6.73917
0 0 0 0 -6.73917
0 0 0 0 -6.73917
0 0 0 0 -6.73917
0 0 0 0 -6.73917
0 0 0 0 -6.73917
0 0 0 0 -6.73917
0 0 0 0 -6.73917
0 0 0 0 -6.73917
0 0 0 0 -6.73917
0 0 0 0 -6.73917
0 0 0 0 -6.73917
0 0 0 0 -6.73917
0 0 0 0 -6.73917
0 0 0 0 -6.73917
0 0 0 0 -6.73917
0 0 0 0 -6.73917
0 0 0 0 -6.73917
0 0 0 0 -6.73917
0 0 0 0 -6.73917
0 0 0 0 -6.73917
0 0 0 0 -6.73917
0 0 0 0 -6.73917
0 0 0 0 -6.73917
0 0 0 0 -6.73917
0 0 0 0 -6.73917
0 0 0 0 -6.73917
0 0 0 0 -6.73917
0 0 0 0 -6.73917
0 0 0 0 -6.73917
0 0 0 0 -6.73917
0 0 0 0 -6.73917
0 0 0 0 -6.73917
0 0 0 0 -6.73917
0 0 0 0 -6.73917
0 0 0 0 -6.73917
0 0 0 0 -6.73917
0 0 0 0 -6.73917
0 0 0 0 -6.73917
0 0 0 0 -6.73917
0 0 0 0 -6.73917
0 0 0 0 -6.73917
0 0 0 0 -6.73917
0 0 0 0 -6.73917
0 0 0 0 -6.73917
0 0 0 0 -6.73917
0 0 0 0 -6.73917
0 0 0 0 -6.73917
0 0 0 0 -6.73917
0 0 0 0 -6.73917
0 0 0 0 -6.73917
0 0 0 0 -6.73917
0 0 0 0 -6.73917
0 0 0 0 -6.73917
0 0 0 0 -6.73917
0 0 0 0 -6.73917
0 0 0 0 -6.73917
0 0 0 0 -6.73917
0 0 0 0 -6.73917
0 0 0 0 -6.73917
0 0 0 0 -6.73917
0 0 0 0 -6.73917
0 0 0 0 -6.73917
0 0 0 0 -6.73917
0 0 0 0 -6.73917
0 0 0 0 -6.73917
0 0 0 0 -6.73917
0 0 0 0 -6.73917
0 0 0 0 -6.73917
0 0 0 0 -6.73917
0 0 0 0 -6.73917
0 0 0 0 -6.73917
0 0 0 0 -6.73917
0 0 0 0 -6.73917
0 0 0 0 -6.73917
0 0 0 0 -6.73917
0 0 0 0 -6.73917
0 0 0 0 -6.73917
0 0 0 0 -6.73917
0 0 0 0 -6.73917
0 0 0 0 -6.73917
0 0 0 0 -6.73917
0 0 0 0 -6.73917
0 0 0 0 -6.73917
0 0 0 0 -6.73917
0 0 0 0 -6.73917
0 0 0 0 -6.73917
0 0 0 0 -6.73917
0 0 0 0 -6.73917
0 0 0 0 -6.73917
0 0 0 0 -6.73917
0 0 0 0 -6.73917
0 0 0 0 -6.73917
0 0 0 0 -6.73917
0 0 0 0 -6.73917
0 0 0 0 -6.73917
0 0 0 0 -6.73917
0 0 0 0 -6.73917
0 0 0 0 -6.73917
0 0 0 0 -6.73917
0 0 0 0 -6.73917
0 0 0 0 -6.73917
0 0 0 0 -6.73917
0 0 0 0 -6.73917
0 0 0 0 -6.73917
0 0 0 0 -6.73917
0 0 0 0 -6.73917
0 0 0 0 -6.73917
0 0 0 0 -6.73917
0 0 0 0 -6.73917
0 0 0 0 -6.73917
0 0 0 0 -6.73917
0 0 0 0 -6.73917
0 0 0 0 -6.73917
0 0 0 0 -6.73917
0 0 0 0 -6.73917
0 0 0 0 -6.73917
0 0 0 0 -6.73917
0 0 0 0 -6.73917
0 0 0 0 -6.73917
0 0 0 0 -6.73917
0 0 0 0 -6.73917
0 0 0 0 -6.73917
0 0 0 0 -6.73917
0 0 0 0 -6.73917
0 0 0 0 -6.73917
0 0 0 0 -6.73917
0 0 0 0 -6.73917
0 0 0 0 -6.73917
0 0 0 0 -6.73917
0 0 0 0 -6.73917
0 0 0 0 -6.73917
0 0 0 0 -6.73917
0 0 0 0 -6.73917
0 0 0 0 -6.73917
0 0 0 0 -6.73917
0 0 0 0 -6.73917
0 0 0 0 -6.73917
0 0 0 0 -6.73917
0 0 0 0 -6.73917
0 0 0 0 -6.73917
0 0 0 0 -6.73917
0 0 0 0 -6.73917
0 0 0 0 -6.73917
0 0 0 0 -6.73917
0 0 0 0 -6.73917
0 0 0 0 -6.73917
0 0 0 0 -6.73917
0 0 0 0 -6.73917
0 0 0 0 -6.73917
0 0 0 0 -6.73917
0 0 0 0 -6.73917
0 0 0 0 -6.73917
0 0 0 0 -6.73917
0 0 0 0 -6.73917
0 0 0 0 -6.73917
0 0 0 0 -6.73917
0 0 0 0 -6.73917
0 0 0 0 -6.73917
0 0 0 0 -6.73917
0 0 0 0 -6.73917
0 0 0 0 -6.73917
0 0 0 0 -6.73917
0 0 0 0 -6.73917
0 0 0 0 -6.73917
0 0 0 0 -6.73917
0 0 0 0 -6.73917
0 0 0 0 -6.73917
0 0 0 0 -6.73917
0 0 0 0 -6.73917
0 0 0 0 -6.73917
0 0 0 0 -6.73917
0 0 0 0 -6.73917
0 0 0 0 -6.73917
0 0 0 0 -6.73917
0 0 0 0 -6.73917
0 0 0 0 -6.73917
0 0 0 0 -6.73917
0 0 0 0 -6.73917
0 0 0 0 -6.73917
0 0 0 0 -6.73917
0 0 0 0 -6.73917
0 0 0 0 -6.73917
5.737 36.228 0 0 -6.73917
5.734 39.727 0 0 -6.73917
5.731 43.226 0 0 -6.73917
5.728 46.725 0 0 -6.73917
5.725 50.224 0 0 -6.73917
5.722 53.723 0 0 -6.73917
5.719 57.222 0 0 -6.73917
5.716 60.723 0 0 -6.73917
5.713 64.224 0 0 -6.73917
5.71 67.725 0 0 -6.73917
5.707 71.226 0 0 -6.73917
5.704 74.727 0 0 -6.73917
5.701 78.228 0 0 -6.73917
5.698 81.727 0 0 -6.73917
5.695 85.226 0 0 -6.73917
5.692 88.725 0 0 -6.73917
5.689 92.224 0 0 -6.73917
5.686 95.723 0 0 -6.73917
5.683 99.222 0 0 -6.73917
5.68 102.723 0 0 -6.73917
5.677 106.224 0 0 -6.73917
5.674 109.725 0 0 -6.73917
5.671 113.226 0 0 -6.73917
5.668 116.727 0 0 -6.73917
5.665 120.228 0 0 -6.73917
5.662 123.727 0 0 -6.73917
5.659 127.226 0 0 -6.73917
5.656 130.725 0 0 -6.73917
5.653 134.224 0 0 -6.73917
5.65 137.723 0 0 -6.73917
5.647 141.222 0 0 -6.73917
5.644 144.723 0 0 -6.73917
5.641 148.224 0 0 -6.73917
5.638 151.725 0 0 -6.73917
5.635 155.226 0 0 -6.73917
5.632 158.727 0 0 -6.73917
5.629 162.228 0 0 -6.73917
5.626 165.727 0 0 -6.73917
5.623 169.226 0 0 -6.73917
5.62 172.725 0 0 -6.73917
5.617 176.224 0 0 -6.73917
5.614 179.723 0 0 -6.73917
5.611 183.222 0 0 -6.73917
5.608 186.723 0 0 -6.73917
5.605 190.224 0 0 -6.73917
5.602 193.725 0 0 -6.73917
5.599 197.226 0 0 -6.73917
5.596 200.727 0 0 -6.73917
5.593 204.228 0 0 -6.73917
5.59 207.727 0 0 -6.73917
5.587 211.226 0 0 -6.73917
5.584 214.725 0 0 -6.73917
5.581 218.224 0 0 -6.73917
5.578 221.723 0 0 -6.73917
5.575 225.222 0 0 -6.73917
5.572 228.722 0 0 -6.73917
5.569 232.222 0 0 -6.73917
5.566 235.722 0 0 -6.73917
5.563 239.222 0 0 -6.73917
5.56 242.722 0 0 -6.73917
5.557 246.222 0 0 -6.73917
5.554 249.722 0 0 -6.73917
5.551 253.222 0 0 -6.73917
5.548 256.722 0 0 -6.73917
5.545 260.222 0 0 -6.73917
5.542 263.722 0 0 -6.73917
5.539 267.222 0 0 -6.73917
5.536 270.725 0 0 -6.73917
5.533 274.228 0 0 -6.73917
5.53 277.731 0 0 -6.73917
5.527 281.234 0 0 -6.73917
5.524 284.737 0 0 -6.73917
5.521 288.24 0 0 -6.73917
5.517 291.747 0 0 -6.73917
5.513 295.254 0 0 -6.73917
5.509 298.761 0 0 -6.73917
5.505 302.268 0 0 -6.73917
5.501 305.775 0 0 -6.73917
5.497 309.282 0 0 -6.73917
5.49617 312.784 0 0 -6.73917
5.49533 316.286 0 0 -6.73917
5.4945 319.788 0 0 -6.73917
5.49367 323.29 0 0 -6.73917
5.49283 326.792 0 0 -6.73917
5.492 330.294 0 0 -6.73917
5.49467 333.785 0 0 -6.73917
5.49733 337.276 0 0 -6.73917
5.5 340.767 0 0 -6.73917
5.50267 344.258 0 0 -6.73917
5.50533 347.749 0 0 -6.73917
5.508 351.24 0 0 -6.73917
5.50617 354.643 0 0 -6.73917
5.50433 358.046 0 0 -6.73917
5.5025 361.449 0 0 -6.73917
5.50067 364.852 0 0 -6.73917
5.49883 368.255 0 0 -6.73917
5.497 371.658 0 0 -6.73917
5.48517 374.932 0 0 -6.73917
5.47333 378.206 0 0 -6.73917
5.4615 381.48 0 0 -6.73917
5.44967 384.754 0 0 -6.73917
5.43783 388.028 0 0 -6.73917
5.426 391.302 0 0 -6.73917
5.4065 394.512 0 0 -6.73917
5.387 397.722 0 0 -6.73917
5.3675 400.932 0 0 -6.73917
5.348 404.142 0 0 -6.73917
5.3285 407.352 0 0 -6.73917
5.309 410.562 0 0 -6.73917
5.29267 413.789 0 0 -6.73917
5.27633 417.016 0 0 -6.73917
5.26 420.243 0 0 -6.73917
5.24367 423.47 0 0 -6.73917
5.22733 426.697 0 0 -6.73917
5.211 429.924 0 0 -6.73917
5.19683 433.229 0 0 -6.73917
5.18267 436.534 0 0 -6.73917
5.1685 439.839 0 0 -6.73917
5.15433 443.144 0 0 -6.73917
5.14017 446.449 0 0 -6.73917
5.126 449.754 0 0 -6.73917
5.112 453.098 0 0 -6.73917
5.098 456.442 0 0 -6.73917
5.084 459.786 0 0 -6.73917
5.07 463.13 0 0 -6.73917
5.056 466.474 0 0 -6.73917
5.042 469.818 0 0 -6.73917
5.02783 473.144 0 0 -6.73917
5.01367 476.47 0 0 -6.73917
4.9995 479.796 0 0 -6.73917
4.98533 483.122 0 0 -6.73917
4.97117 486.448 0 0 -6.73917
4.957 489.774 0 0 -6.73917
4.943 493.1 0 0 -6.73917
4.929 496.426 0 0 -6.73917
4.915 499.752 0 0 -6.73917
4.901 503.078 0 0 -6.73917
4.887 506.404 0 0 -6.73917
4.873 509.73 0 0 -6.73917
4.85883 513.057 0 0 -6.73917
4.84467 516.384 0 0 -6.73917
4.8305 519.711 0 0 -6.73917
4.81633 523.038 0 0 -6.73917
4.80217 526.365 0 0 -6.73917
4.788 529.692 0 0 -6.73917
4.774 533.018 0 0 -6.73917
4.76 536.344 0 0 -6.73917
4.746 539.67 0 0 -6.73917
4.732 542.996 0 0 -6.73917
4.718 546.322 0 0 -6.73917
4.704 549.648 0 0 -6.73917
4.68983 552.974 0 0 -6.73917
4.67567 556.3 0 0 -6.73917
4.6615 559.626 0 0 -6.73917
4.64733 562.952 0 0 -6.73917
4.63317 566.278 0 0 -6.73917
4.619 569.604 0 0 -6.73917
4.60483 572.93 0 0 -6.73917
4.59067 576.256 0 0 -6.73917
4.5765 579.582 0 0 -6.73917
4.56233 582.908 0 0 -6.73917
4.54817 586.234 0 0 -6.73917
4.534 589.56 0 0 -6.73917
4.52 592.886 0 0 -6.73917
4.506 596.212 0 0 -6.73917
4.492 599.538 0 0 -6.73917
4.478 602.864 0 0 -6.73917
4.464 606.19 0 0 -6.73917
4.45 609.516 0 0 -6.73917
4.43583 612.843 0 0 -6.73917
4.42167 616.17 0 0 -6.73917
4.4075 619.497 0 0 -6.73917
4.39333 622.824 0 0 -6.73917
1.45722e-318 9.71452e-319 0 0 -6.73917
-747.896 17.5 0 0 -6.73917
-747.896 17.5 0 0 -6.73917
-747.896 17.5 0 0 -6.73917
-747.896 17.5 0 0 -6.73917
-747.896 17.5 0 0 -6.73917
-747.896 17.5 0 0 -6.73917
-754.682 17.5 0 0 -6.73917
-754.682 17.5 0 0 -6.73917
-754.682 17.5 0 0 -6.73917
-754.682 17.5 0 0 -6.73917
-754.682 17.5 0 0 -6.73917
-754.682 17.5 0 0 -6.73917
-761.255 17.5 0 0 -6.73917
-761.255 17.5 0 0 -6.73917
-761.255 17.5 0 0 -6.73917
-761.255 17.5 0 0 -6.73917
-761.255 17.5 0 0 -6.73917
-761.255 17.5 0 0 -6.73917
-767.593 17.5 0 0 -6.73917
-767.593 17.5 0 0 -6.73917
-767.593 17.5 0 0 -6.73917
-767.593 17.5 0 0 -6.73917
-767.593 17.5 0 0 -6.73917
-767.593 17.5 0 0 -6.73917
-737.118 17.5 0 0 -6.73917
-737.118 17.5 0 0 -6.73917
-737.118 17.5 0 0 -6.73917
-737.118 17.5 0 0 -6.73917
-737.118 17.5 0 0 -6.73917
-737.118 17.5 0 0 -6.73917
-744.085 17.5 0 0 -6.73917
-744.085 17.5 0 0 -6.73917
-744.085 17.5 0 0 -6.73917
-744.085 17.5 0 0 -6.73917
-744.085 17.5 0 0 -6.73917
-744.085 17.5 0 0 -6.73917
-750.858 17.5 0 0 -6.73917
-750.858 17.5 0 0 -6.73917
-750.858 17.5 0 0 -6.73917
-750.858 17.5 0 0 -6.73917
-750.858 17.5 0 0 -6.73917
-750.858 17.5 0 0 -6.73917
-757.419 17.5 0 0 -6.73917
-757.419 17.5 0 0 -6.73917
-757.419 17.5 0 0 -6.73917
-757.419 17.5 0 0 -6.73917
-757.419 17.5 0 0 -6.73917
-757.419 17.5 0 0 -6.73917
-763.745 17.5 0 0 -6.73917
-763.745 17.5 0 0 -6.73917
-763.745 17.5 0 0 -6.73917
-763.745 17.5 0 0 -6.73917
-763.745 17.5 0 0 -6.73917
-763.745 17.5 0 0 -6.73917
-729.321 17.5 0 0 -6.73917
-729.321 17.5 0 0 -6.73917
-729.321 17.5 0 0 -6.73917
-729.321 17.5 0 0 -6.73917
-729.321 17.5 0 0 -6.73917
-729.321 17.5 0 0 -6.73917
-731.7 17.5 0 0 -6.73917
-731.7 17.5 0 0 -6.73917
-731.7 17.5 0 0 -6.73917
-731.7 17.5 0 0 -6.73917
-731.7 17.5 0 0 -6.73917
-731.7 17.5 0 0 -6.73917
-734.079 17.5 0 0 -6.73917
-734.079 17.5 0 0 -6.73917
-734.079 17.5 0 0 -6.73917
-734.079 17.5 0 0 -6.73917
-734.079 17.5 0 0 -6.73917
-734.079 17.5 0 0 -6.73917
-736.444 17.5 0 0 -6.73917
-736.444 17.5 0 0 -6.73917
-736.444 17.5 0 0 -6.73917
-736.444 17.5 0 0 -6.73917
-736.444 17.5 0 0 -6.73917
-736.444 17.5 0 0 -6.73917
-738.783 17.5 0 0 -6.73917
-738.783 17.5 0 0 -6.73917
-738.783 17.5 0 0 -6.73917
-738.783 17.5 0 0 -6.73917
-738.783 17.5 0 0 -6.73917
-738.783 17.5 0 0 -6.73917
-725.532 17.5 0 0 -6.73917
-725.532 17.5 0 0 -6.73917
-725.532 17.5 0 0 -6.73917
-725.532 17.5 0 0 -6.73917
-725.532 17.5 0 0 -6.73917
-725.532 17.5 0 0 -6.73917
-727.907 17.5 0 0 -6.73917
-727.907 17.5 0 0 -6.73917
-727.907 17.5 0 0 -6.73917
-727.907 17.5 0 0 -6.73917
-727.907 17.5 0 0 -6.73917
-727.907 17.5 0 0 -6.73917
-730.283 17.5 0 0 -6.73917
-730.283 17.5 0 0 -6.73917
-730.283 17.5 0 0 -6.73917
-730.283 17.5 0 0 -6.73917
-730.283 17.5 0 0 -6.73917
-730.283 17.5 0 0 -6.73917
-732.644 17.5 0 0 -6.73917
-732.644 17.5 0 0 -6.73917
-732.644 17.5 0 0 -6.73917
-732.644 17.5 0 0 -6.73917
-732.644 17.5 0 0 -6.73917
-732.644 17.5 0 0 -6.73917
-734.98 17.5 0 0 -6.73917
-734.98 17.5 0 0 -6.73917
-734.98 17.5 0 0 -6.73917
-734.98 17.5 0 0 -6.73917
-734.98 17.5 0 0 -6.73917
-734.98 17.5 0 0 -6.73917
-712.711 17.5 0 0 -6.73917
-712.711 17.5 0 0 -6.73917
-712.711 17.5 0 0 -6.73917
-712.711 17.5 0 0 -6.73917
-712.711 17.5 0 0 -6.73917
-712.711 17.5 0 0 -6.73917
-716.092 17.5 0 0 -6.73917
-716.092 17.5 0 0 -6.73917
-716.092 17.5 0 0 -6.73917
-716.092 17.5 0 0 -6.73917
-716.092 17.5 0 0 -6.73917
-716.092 17.5 0 0 -6.73917
-719.463 17.5 0 0 -6.73917
-719.463 17.5 0 0 -6.73917
-719.463 17.5 0 0 -6.73917
-719.463 17.5 0 0 -6.73917
-719.463 17.5 0 0 -6.73917
-719.463 17.5 0 0 -6.73917
-722.819 17.5 0 0 -6.73917
-722.819 17.5 0 0 -6.73917
-722.819 17.5 0 0 -6.73917
-722.819 17.5 0 0 -6.73917
-722.819 17.5 0 0 -6.73917
-722.819 17.5 0 0 -6.73917
-726.156 17.5 0 0 -6.73917
-726.156 17.5 0 0 -6.73917
-726.156 17.5 0 0 -6.73917
-726.156 17.5 0 0 -6.73917
-726.156 17.5 0 0 -6.73917
-726.156 17.5 0 0 -6.73917
-708.947 17.5 0 0 -6.73917
-708.947 17.5 0 0 -6.73917
-708.947 17.5 0 0 -6.73917
-708.947 17.5 0 0 -6.73917
-708.947 17.5 0 0 -6.73917
-708.947 17.5 0 0 -6.73917
-712.325 17.5 0 0 -6.73917
-712.325 17.5 0 0 -6.73917
-712.325 17.5 0 0 -6.73917
-712.325 17.5 0 0 -6.73917
-712.325 17.5 0 0 -6.73917
-712.325 17.5 0 0 -6.73917
-715.693 17.5 0 0 -6.73917
-715.693 17.5 0 0 -6.73917
-715.693 17.5 0 0 -6.73917
-715.693 17.5 0 0 -6.73917
-715.693 17.5 0 0 -6.73917
-715.693 17.5 0 0 -6.73917
-719.047 17.5 0 0 -6.73917
-722.381 0 0 0 -6.73917
-722.381 0 0 0 -6.73917
-722.381 0 0 0 -6.73917
-722.381 0 0 0 -6.73917
-722.381 0 0 0 -6.73917
-722.381 0 0 0 -6.73917
-722.381 0 0 0 -6.73917
-722.381 0 0 0 -6.73917
-722.381 0 0 0 -6.73917
-722.381 0 0 0 -6.73917
-722.381 0 0 0 -6.73917
-700.22 0 0 0 -6.73917
-700.22 0 0 0 -6.73917
-700.22 0 0 0 -6.73917
-700.22 0 0 0 -6.73917
-700.22 0 0 0 -6.73917
-700.22 0 0 0 -6.73917
-702.81 0 0 0 -6.73917
-702.81 0 0 0 -6.73917
-702.81 0 0 0 -6.73917
-702.81 0 0 0 -6.73917
-702.81 0 0 0 -6.73917
-702.81 0 0 0 -6.73917
-705.356 0 0 0 -6.73917
-705.356 0 0 0 -6.73917
-705.356 0 0 0 -6.73917
-705.356 0 0 0 -6.73917
-705.356 0 0 0 -6.73917
-705.356 0 0 0 -6.73917
-707.872 0 0 0 -6.73917
-707.872 0 0 0 -6.73917
-707.872 0 0 0 -6.73917
-707.872 0 0 0 -6.73917
-707.872 0 0 0 -6.73917
-707.872 0 0 0 -6.73917
-710.371 0 0 0 -6.73917
-710.371 0 0 0 -6.73917
-710.371 0 0 0 -6.73917
-710.371 0 0 0 -6.73917
-710.371 0 0 0 -6.73917
-710.371 0 0 0 -6.73917
-696.492 0 0 0 -6.73917
-696.492 0 0 0 -6.73917
-696.492 0 0 0 -6.73917
-696.492 0 0 0 -6.73917
-696.492 0 0 0 -6.73917
-696.492 0 0 0 -6.73917
-699.077 0 0 0 -6.73917
-699.077 0 0 0 -6.73917
-699.077 0 0 0 -6.73917
-699.077 0 0 0 -6.73917
-699.077 0 0 0 -6.73917
-699.077 0 0 0 -6.73917
-701.618 0 0 0 -6.73917
-701.618 0 0 0 -6.73917
-701.618 0 0 0 -6.73917
-701.618 0 0 0 -6.73917
-701.618 0 0 0 -6.73917
-701.618 0 0 0 -6.73917
-704.129 0 0 0 -6.73917
-704.129 0 0 0 -6.73917
-704.129 0 0 0 -6.73917
-704.129 0 0 0 -6.73917
-704.129 0 0 0 -6.73917
-704.129 0 0 0 -6.73917
-706.623 0 0 0 -6.73917
-706.623 0 0 0 -6.73917
-706.623 0 0 0 -6.73917
-706.623 0 0 0 -6.73917
-706.623 0 0 0 -6.73917
-706.623 0 0 0 -6.73917
-675.618 0 0 0 -6.73917
-675.618 0 0 0 -6.73917
-675.618 0 0 0 -6.73917
-675.618 0 0 0 -6.73917
-675.618 0 0 0 -6.73917
-675.618 0 0 0 -6.73917
-680.671 0 0 0 -6.73917
-680.671 0 0 0 -6.73917
-680.671 0 0 0 -6.73917
-680.671 0 0 0 -6.73917
-680.671 0 0 0 -6.73917
-680.671 0 0 0 -6.73917
-685.702 0 0 0 -6.73917
-685.702 0 0 0 -6.73917
-685.702 0 0 0 -6.73917
-685.702 0 0 0 -6.73917
-685.702 0 0 0 -6.73917
-685.702 0 0 0 -6.73917
-690.688 0 0 0 -6.73917
-690.688 0 0 0 -6.73917
-690.688 0 0 0 -6.73917
-690.688 0 0 0 -6.73917
-690.688 0 0 0 -6.73917
-690.688 0 0 0 -6.73917
-695.602 0 0 0 -6.73917
-695.602 0 0 0 -6.73917
-695.602 0 0 0 -6.73917
-695.602 0 0 0 -6.73917
-695.602 0 0 0 -6.73917
-695.602 0 0 0 -6.73917
-671.913 0 0 0 -6.73917
-671.913 0 0 0 -6.73917
-671.913 0 0 0 -6.73917
-671.913 0 0 0 -6.73917
-671.913 0 0 0 -6.73917
-671.913 0 0 0 -6.73917
-676.958 0 0 0 -6.73917
-676.958 0 0 0 -6.73917
-676.958 0 0 0 -6.73917
-676.958 0 0 0 -6.73917
-676.958 0 0 0 -6.73917
-676.958 0 0 0 -6.73917
-681.982 0 0 0 -6.73917
-681.982 0 0 0 -6.73917
-681.982 0 0 0 -6.73917
-681.982 0 0 0 -6.73917
-681.982 0 0 0 -6.73917
-681.982 0 0 0 -6.73917
-686.961 0 0 0 -6.73917
-686.961 0 0 0 -6.73917
-686.961 0 0 0 -6.73917
-686.961 0 0 0 -6.73917
-686.961 0 0 0 -6.73917
-686.961 0 0 0 -6.73917
-691.868 0 0 0 -6.73917
-691.868 0 0 0 -6.73917
-691.868 0 0 0 -6.73917
-691.868 0 0 0 -6.73917
-691.868 0 0 0 -6.73917
-691.868 0 0 0 -6.73917
-507.912 0 0 0 -6.73917
-507.912 0 0 0 -6.73917
-507.912 0 0 0 -6.73917
-507.912 0 0 0 -6.73917
-507.912 0 0 0 -6.73917
-507.912 0 0 0 -6.73917
-545.516 0 0 0 -6.73917
-545.516 0 0 0 -6.73917
-545.516 0 0 0 -6.73917
-545.516 0 0 0 -6.73917
-545.516 0 0 0 -6.73917
-545.516 0 0 0 -6.73917
-581.2 0 0 0 -6.73917
-581.2 0 0 0 -6.73917
-581.2 0 0 0 -6.73917
-581.2 0 0 0 -6.73917
-581.2 0 0 0 -6.73917
-581.2 0 0 0 -6.73917
-614.908 0 0 0 -6.73917
-614.908 0 0 0 -6.73917
-614.908 0 0 0 -6.73917
-614.908 0 0 0 -6.73917
-614.908 0 0 0 -6.73917
-614.908 0 0 0 -6.73917
-646.593 0 0 0 -6.73917
-646.593 0 0 0 -6.73917
-646.593 0 0 0 -6.73917
-646.593 0 0 0 -6.73917
-646.593 0 0 0 -6.73917
-646.593 0 0 0 -6.73917
-504.48 0 0 0 -6.73917
-504.48 0 0 0 -6.73917
-504.48 0 0 0 -6.73917
-504.48 0 0 0 -6.73917
-504.48 0 0 0 -6.73917
-504.48 0 0 0 -6.73917
-542.025 0 0 0 -6.73917
-542.025 0 0 0 -6.73917
-542.025 0 0 0 -6.73917
-542.025 0 0 0 -6.73917
-542.025 0 0 0 -6.73917
-542.025 0 0 0 -6.73917
-577.652 0 0 0 -6.73917
-577.652 0 0 0 -6.73917
-577.652 0 0 0 -6.73917
-577.652 0 0 0 -6.73917
-577.652 0 0 0 -6.73917
-577.652 0 0 0 -6.73917
-611.307 0 0 0 -6.73917
-611.307 0 0 0 -6.73917
-611.307 0 0 0 -6.73917
-611.307 0 0 0 -6.73917
-611.307 0 0 0 -6.73917
-611.307 0 0 0 -6.73917
-642.942 0 0 0 -6.73917
-642.942 0 0 0 -6.73917
-642.942 0 0 0 -6.73917
-642.942 0 0 0 -6.73917
-642.942 0 0 0 -6.73917
-642.942 0 0 0 -6.73917
-456.453 0 0 0 -6.73917
-456.453 0 0 0 -6.73917
-456.453 0 0 0 -6.73917
-456.453 0 0 0 -6.73917
-456.453 0 0 0 -6.73917
-456.453 0 0 0 -6.73917
-466.857 0 0 0 -6.73917
-466.857 0 0 0 -6.73917
-466.857 0 0 0 -6.73917
-466.857 0 0 0 -6.73917
-466.857 0 0 0 -6.73917
-466.857 0 0 0 -6.73917
-477.204 0 0 0 -6.73917
-477.204 0 0 0 -6.73917
-477.204 0 0 0 -6.73917
-477.204 0 0 0 -6.73917
-477.204 0 0 0 -6.73917
-477.204 0 0 0 -6.73917
-487.521 0 0 0 -6.73917
-487.521 0 0 0 -6.73917
-487.521 0 0 0 -6.73917
-487.521 0 0 0 -6.73917
-487.521 0 0 0 -6.73917
-487.521 0 0 0 -6.73917
-497.836 0 0 0 -6.73917
-497.836 0 0 0 -6.73917
-497.836 0 0 0 -6.73917
-497.836 0 0 0 -6.73917
-497.836 0 0 0 -6.73917
-497.836 0 0 0 -6.73917
-453.023 0 0 0 -6.73917
-453.023 0 0 0 -6.73917
-453.023 0 0 0 -6.73917
-453.023 0 0 0 -6.73917
-453.023 0 0 0 -6.73917
-453.023 0 0 0 -6.73917
-463.425 0 0 0 -6.73917
-463.425 0 0 0 -6.73917
-463.425 0 0 0 -6.73917
-463.425 0 0 0 -6.73917
-463.425 0 0 0 -6.73917
-463.425 0 0 0 -6.73917
-473.77 0 0 0 -6.73917
-473.77 0 0 0 -6.73917
-473.77 0 0 0 -6.73917
-473.77 0 0 0 -6.73917
-473.77 0 0 0 -6.73917
-473.77 0 0 0 -6.73917
-484.086 0 0 0 -6.73917
-484.086 0 0 0 -6.73917
-484.086 0 0 0 -6.73917
-484.086 0 0 0 -6.73917
-484.086 0 0 0 -6.73917
-484.086 0 0 0 -6.73917
-494.399 0 0 0 -6.73917
-494.399 0 0 0 -6.73917
-494.399 0 0 0 -6.73917
-494.399 0 0 0 -6.73917
-494.399 0 0 0 -6.73917
-494.399 0 0 0 -6.73917
-404.622 0 0 0 -6.73917
-404.622 0 0 0 -6.73917
-404.622 0 0 0 -6.73917
-404.622 0 0 0 -6.73917
-404.622 0 0 0 -6.73917
-404.622 0 0 0 -6.73917
-415.074 0 0 0 -6.73917
-415.074 0 0 0 -6.73917
-415.074 0 0 0 -6.73917
-415.074 0 0 0 -6.73917
-415.074 0 0 0 -6.73917
-415.074 0 0 0 -6.73917
-425.518 0 0 0 -6.73917
-425.518 0 0 0 -6.73917
-425.518 0 0 0 -6.73917
-425.518 0 0 0 -6.73917
-425.518 0 0 0 -6.73917
-425.518 0 0 0 -6.73917
-435.947 0 0 0 -6.73917
-435.947 0 0 0 -6.73917
-435.947 0 0 0 -6.73917
-435.947 0 0 0 -6.73917
-435.947 0 0 0 -6.73917
-435.947 0 0 0 -6.73917
-446.356 0 0 0 -6.73917
-446.356 0 0 0 -6.73917
-446.356 0 0 0 -6.73917
-446.356 0 0 0 -6.73917
-446.356 0 0 0 -6.73917
-446.356 0 0 0 -6.73917
-401.181 0 0 0 -6.73917
-401.181 0 0 0 -6.73917
-401.181 0 0 0 -6.73917
-401.181 0 0 0 -6.73917
-401.181 0 0 0 -6.73917
-401.181 0 0 0 -6.73917
-411.631 0 0 0 -6.73917
-411.631 0 0 0 -6.73917
-411.631 0 0 0 -6.73917
-411.631 0 0 0 -6.73917
-411.631 0 0 0 -6.73917
-411.631 0 0 0 -6.73917
-422.073 0 0 0 -6.73917
-422.073 0 0 0 -6.73917
-422.073 0 0 0 -6.73917
-422.073 0 0 0 -6.73917
-422.073 0 0 0 -6.73917
-422.073 0 0 0 -6.73917
-432.5 0 0 0 -6.73917
-432.5 0 0 0 -6.73917
-432.5 0 0 0 -6.73917
-432.5 0 0 0 -6.73917
-432.5 0 0 0 -6.73917
-432.5 0 0 0 -6.73917
-442.907 0 0 0 -6.73917
-442.907 0 0 0 -6.73917
-442.907 0 0 0 -6.73917
-442.907 0 0 0 -6.73917
-442.907 0 0 0 -6.73917
-442.907 0 0 0 -6.73917
-354.393 0 0 0 -6.73917
-354.393 0 0 0 -6.73917
-354.393 0 0 0 -6.73917
-354.393 0 0 0 -6.73917
-354.393 0 0 0 -6.73917
-354.393 0 0 0 -6.73917
-364.211 0 0 0 -6.73917
-364.211 0 0 0 -6.73917
-364.211 0 0 0 -6.73917
-364.211 0 0 0 -6.73917
-364.211 0 0 0 -6.73917
-364.211 0 0 0 -6.73917
-374.239 0 0 0 -6.73917
-374.239 0 0 0 -6.73917
-374.239 0 0 0 -6.73917
-374.239 0 0 0 -6.73917
-374.239 0 0 0 -6.73917
-374.239 0 0 0 -6.73917
-384.408 0 0 0 -6.73917
-384.408 0 0 0 -6.73917
-384.408 0 0 0 -6.73917
-384.408 0 0 0 -6.73917
-384.408 0 0 0 -6.73917
-384.408 0 0 0 -6.73917
-394.651 0 0 0 -6.73917
-394.651 0 0 0 -6.73917
-394.651 0 0 0 -6.73917
-394.651 0 0 0 -6.73917
-394.651 0 0 0 -6.73917
-394.651 0 0 0 -6.73917
-350.885 0 0 0 -6.73917
-350.885 0 0 0 -6.73917
-350.885 0 0 0 -6.73917
-350.885 0 0 0 -6.73917
-350.885 0 0 0 -6.73917
-350.885 0 0 0 -6.73917
-360.715 0 0 0 -6.73917
-360.715 0 0 0 -6.73917
-360.715 0 0 0 -6.73917
-360.715 0 0 0 -6.73917
-360.715 0 0 0 -6.73917
-360.715 0 0 0 -6.73917
-370.755 0 0 0 0
