-875.067 -4516.59 325.191 0 2.43462
-875.003 -4515.1 325.248 0 2.43462
-874.94 -4513.6 325.305 0 2.43462
-874.876 -4512.11 325.361 0 2.43462
-874.813 -4510.62 325.418 0 2.43462
-874.75 -4509.12 325.475 0 2.43462
-874.686 -4507.63 325.532 0 2.43457
-874.622 -4506.13 325.589 0 2.43457
-874.559 -4504.64 325.646 0 2.05786
-874.505 -4503.14 325.704 0 2.047
-874.451 -4501.64 325.762 0 2.047
-874.398 -4500.14 325.82 0 2.047
-874.344 -4498.65 325.877 140149 2.04484
-874.291 -4497.14 325.936 140149 2.04484
-874.237 -4495.64 325.994 140149 2.04484
-874.183 -4494.14 326.052 140149 2.04484
-874.13 -4492.64 326.11 140149 2.04484
-874.076 -4491.14 326.168 140149 2.04484
-874.023 -4489.64 326.226 140149 1.74336
-873.977 -4488.13 326.284 140149 1.71679
-873.932 -4486.63 326.343 140149 1.71679
-873.887 -4485.13 326.402 140149 1.71679
-873.842 -4483.62 326.46 140149 1.71679
-873.797 -4482.12 326.519 140149 1.71679
-873.752 -4480.62 326.578 140149 1.71043
-873.707 -4479.11 326.636 140149 1.71043
-873.662 -4477.61 326.695 140149 1.71043
-873.617 -4476.11 326.753 140149 1.71043
-873.572 -4474.61 326.812 140149 1.51341
-873.532 -4473.11 326.871 140149 1.48418
-873.494 -4471.6 326.929 0 1.48626
-873.455 -4470.11 326.988 0 1.48626
-873.416 -4468.61 327.046 0 1.48626
-873.377 -4467.11 327.105 0 1.48626
-873.338 -4465.61 327.164 0 1.48626
-873.299 -4464.12 327.222 0 1.48626
-873.26 -4462.62 327.281 0 1.48624
-873.222 -4461.12 327.339 0 1.48624
-873.183 -4459.63 327.397 0 1.3704
-873.147 -4458.13 327.456 0 1.34055
-873.112 -4456.64 327.514 0 1.34055
-873.077 -4455.14 327.572 0 1.34055
-873.042 -4453.65 327.63 0 1.33843
-873.007 -4452.15 327.688 0 1.33843
-872.972 -4450.65 327.747 0 1.33843
-872.937 -4449.16 327.805 0 1.33843
-872.902 -4447.66 327.863 0 1.33843
-872.867 -4446.16 327.921 0 1.33843
-872.832 -4444.67 327.979 0 1.2965
-872.798 -4443.17 328.037 0 1.2775
-872.765 -4441.67 328.095 0 1.2775
-872.732 -4440.18 328.152 0 1.2775
-872.698 -4438.68 328.21 0 1.2775
-872.665 -4437.18 328.267 0 1.2775
-872.632 -4435.69 328.325 0 1.27325
-872.598 -4434.19 328.382 0 1.27325
-872.565 -4432.69 328.44 0 1.27325
-872.532 -4431.2 328.497 0 1.27325
-872.498 -4429.7 328.555 0 1.28282
-872.465 -4428.2 328.611 0 1.28854
-872.431 -4426.71 328.668 0 1.29066
-872.398 -4425.21 328.724 0 1.29066
-872.364 -4423.72 328.781 0 1.29066
-872.33 -4422.22 328.837 0 1.29066
-872.297 -4420.72 328.894 0 1.29066
-872.263 -4419.23 328.95 0 1.29066
-872.229 -4417.73 329.006 0 1.29068
-872.195 -4416.23 329.063 0 1.29068
-872.162 -4414.74 329.119 140149 1.32683
-872.127 -4413.24 329.178 150149 1.3427
-872.092 -4411.74 329.236 150149 1.3427
-872.057 -4410.24 329.294 150149 1.3427
-872.021 -4408.74 329.353 150149 1.34273
-871.986 -4407.23 329.411 150149 1.34273
-871.951 -4405.73 329.469 150149 1.34273
-871.916 -4404.23 329.528 150149 1.34273
-871.88 -4402.72 329.586 150149 1.34531
-871.845 -4401.22 329.644 150149 1.3455
-871.81 -4399.72 329.702 150149 1.34547
-871.775 -4398.22 329.76 150149 1.34547
-871.739 -4396.72 329.817 150149 1.34547
-871.704 -4395.22 329.875 150149 1.34547
-871.669 -4393.72 329.933 150149 1.34547
-871.634 -4392.22 329.99 150149 1.34547
-871.599 -4390.72 330.048 0 1.38397
-871.563 -4389.24 330.105 0 1.38441
-871.527 -4387.76 330.162 0 1.38441
-871.491 -4386.28 330.218 0 1.38441
-871.455 -4384.8 330.275 0 1.38441
-871.42 -4383.32 330.332 0 1.38441
-871.384 -4381.84 330.389 0 1.31696
-871.35 -4380.38 330.445 0 1.31696
-871.317 -4378.93 330.5 0 1.32188
-871.283 -4377.48 330.556 0 1.32362
-871.25 -4376.02 330.612 0 1.32362
-871.216 -4374.57 330.668 0 1.32362
-871.183 -4373.11 330.724 0 1.35412
-871.149 -4371.67 330.779 0 1.35412
-871.115 -4370.23 330.835 0 1.35412
-871.081 -4368.79 330.89 0 1.35412
-871.047 -4367.35 330.945 0 1.35773
-871.012 -4365.91 331.001 0 1.36272
-870.978 -4364.47 331.057 0 1.26523
-870.946 -4363.01 331.114 0 1.26523
-870.913 -4361.54 331.17 0 1.26523
-870.881 -4360.08 331.227 0 1.26523
-870.849 -4358.61 331.284 0 1.26523
-870.816 -4357.15 331.341 0 1.26523
-870.784 -4355.68 331.398 150149 1.27807
-870.75 -4354.16 331.457 150149 1.28637
-870.716 -4352.64 331.517 150149 1.28637
-870.682 -4351.11 331.577 150149 1.28637
-870.647 -4349.59 331.636 150149 1.28637
-870.613 -4348.07 331.696 150149 1.28637
-870.579 -4346.54 331.756 150149 1.29768
-870.543 -4344.97 331.818 150149 1.29768
-870.508 -4343.4 331.88 150149 1.30264
-870.472 -4341.83 331.942 150149 1.31018
-870.436 -4340.25 332.005 150149 1.31018
-870.4 -4338.68 332.068 150149 1.31018
-870.364 -4337.11 332.131 150149 1.31694
-870.327 -4335.49 332.196 150149 1.31694
-870.289 -4333.86 332.261 150149 1.31694
-870.252 -4332.24 332.326 150149 1.31694
-870.215 -4330.62 332.391 150149 1.3296
-870.177 -4328.99 332.458 150149 1.33138
-870.139 -4327.37 332.524 150149 1.33998
-870.1 -4325.69 332.594 150149 1.33998
-870.061 -4324.01 332.663 150149 1.33998
-870.021 -4322.33 332.732 150149 1.33998
-869.982 -4320.65 332.801 150149 1.33998
-869.943 -4318.96 332.87 150149 1.35071
-869.903 -4317.28 332.94 150149 1.23096
-869.866 -4315.57 333.012 150149 1.23096
-869.83 -4313.87 333.085 150149 1.23096
-869.793 -4312.16 333.157 150149 1.23096
-869.756 -4310.45 333.229 150149 1.23096
-869.72 -4308.74 333.301 150149 1.23096
-869.683 -4307.03 333.374 150149 1.32462
-869.644 -4305.34 333.447 150149 1.33199
-869.604 -4303.64 333.521 150149 1.33199
-869.565 -4301.95 333.595 150149 1.33199
-869.526 -4300.26 333.669 150149 1.33199
-869.486 -4298.57 333.743 150149 1.33199
-869.447 -4296.87 333.817 150149 1.28116
-869.41 -4295.22 333.889 150149 0.75544
-869.388 -4293.56 333.995 160149 0.473377
-869.374 -4291.91 334 160149 0.585077
-869.358 -4290.25 334.109 160149 1.10444
-869.326 -4288.6 334.155 170149 1.05744
-869.295 -4286.95 334.224 170149 1.09562
-869.264 -4285.32 334.292 170149 1.09562
-869.233 -4283.69 334.361 170149 1.09562
-869.202 -4282.07 334.429 170149 1.09562
-869.171 -4280.44 334.497 170149 1.09562
-869.14 -4278.81 334.566 170149 1.09562
-869.108 -4277.19 334.634 170149 1.22672
-869.074 -4275.56 334.703 170149 1.30795
-869.036 -4273.93 334.773 170149 1.30795
-868.999 -4272.3 334.844 170149 1.30795
-868.962 -4270.67 334.914 170149 1.30795
-868.925 -4269.05 334.985 170149 1.30795
-868.888 -4267.42 335.056 170149 1.33511
-868.849 -4265.77 335.127 170149 1.33511
-868.811 -4264.13 335.198 170149 1.33511
-868.773 -4262.48 335.27 170149 1.33811
-868.734 -4260.83 335.341 170149 1.40289
-868.694 -4259.19 335.415 170149 1.40289
-868.654 -4257.54 335.488 170149 1.38165
-868.613 -4255.88 335.562 170149 1.38165
-868.573 -4254.21 335.636 170149 1.38165
-868.533 -4252.55 335.711 170149 1.38165
-868.493 -4250.89 335.785 170149 1.38165
-868.453 -4249.22 335.859 170149 1.38165
-868.413 -4247.56 335.933 170149 1.3898
-868.372 -4245.89 336.008 170149 1.43006
-868.331 -4244.22 336.084 170149 1.43006
-868.289 -4242.55 336.16 170149 1.43006
-868.247 -4240.88 336.237 170149 1.43006
-868.206 -4239.21 336.313 170149 1.43006
-868.164 -4237.54 336.389 170149 1.42816
-868.122 -4235.88 336.465 170149 1.42816
-868.081 -4234.21 336.541 170149 1.42815
-868.039 -4232.54 336.618 170149 1.43489
-867.997 -4230.87 336.694 170149 1.45338
-867.955 -4229.21 336.772 170149 1.45338
-867.913 -4227.54 336.85 170149 1.45337
-867.871 -4225.88 336.927 170149 1.45337
-867.829 -4224.22 337.005 170149 1.45337
-867.786 -4222.55 337.082 170149 1.45337
-867.744 -4220.89 337.16 170149 1.45337
-867.702 -4219.23 337.237 170149 1.45337
-867.66 -4217.57 337.315 170149 1.45675
-867.618 -4215.91 337.393 170149 1.45922
-867.575 -4214.25 337.471 170149 1.45922
-867.533 -4212.59 337.55 170149 1.45922
-867.491 -4210.94 337.629 170149 1.45922
-867.449 -4209.28 337.707 170149 1.45922
-867.407 -4207.62 337.786 170149 1.4573
-867.364 -4205.96 337.865 170149 1.4573
-867.322 -4204.31 337.943 170149 1.4573
-867.28 -4202.65 338.022 170149 1.4496
-867.238 -4200.99 338.101 170149 1.43996
-867.197 -4199.34 338.181 170149 1.43996
-867.155 -4197.68 338.261 170149 1.47442
-867.112 -4196.02 338.341 170149 1.47442
-867.069 -4194.35 338.421 170149 1.47442
-867.027 -4192.69 338.501 170149 1.47442
-866.984 -4191.03 338.581 170149 1.47442
-866.941 -4189.37 338.661 170149 1.47442
-866.898 -4187.71 338.741 170149 1.45372
-866.856 -4186.04 338.822 170149 1.43578
-866.814 -4184.38 338.903 170149 1.43578
-866.773 -4182.72 338.984 170149 1.43578
-866.731 -4181.05 339.065 170149 1.43578
-866.689 -4179.39 339.146 170149 1.43578
-866.648 -4177.73 339.227 170149 1.46694
-866.605 -4176.08 339.308 170149 1.46694
-866.563 -4174.43 339.388 170149 1.46694
-866.521 -4172.78 339.469 170149 1.43044
-866.48 -4171.13 339.549 170149 1.40703
-866.439 -4169.48 339.63 170149 1.40703
-866.399 -4167.83 339.712 170149 1.34335
-866.361 -4166.21 339.791 170149 1.34335
-866.322 -4164.58 339.871 170149 1.34335
-866.284 -4162.96 339.951 170149 1.34335
-866.246 -4161.33 340.031 170149 1.34335
-866.208 -4159.7 340.111 170149 1.34335
-866.17 -4158.08 340.191 170149 1.33128
-866.133 -4156.47 340.271 170149 1.29381
-866.096 -4154.86 340.35 170149 1.29381
-866.06 -4153.25 340.43 170149 1.29381
-866.024 -4151.64 340.509 170149 1.29381
-865.987 -4150.04 340.589 170149 1.29381
-865.951 -4148.43 340.669 170149 1.29392
-865.915 -4146.82 340.748 170149 1.29392
-865.878 -4145.22 340.827 170149 1.29392
-865.842 -4143.62 340.907 170149 1.28049
-865.806 -4142.02 340.998 180149 1.25035
-865.771 -4140.41 341.096 180149 1.26464
-865.736 -4138.81 341.189 180149 1.28408
-865.7 -4137.21 341.276 180149 1.2904
-865.664 -4135.6 341.361 180149 1.31412
-865.627 -4134 341.439 180149 1.31412
-865.591 -4132.4 341.518 180149 1.34039
-865.553 -4130.79 341.592 180149 1.34047
-865.515 -4129.19 341.665 180149 1.35813
-865.477 -4127.58 341.737 180149 1.363
-865.439 -4125.97 341.809 180149 1.374
-865.4 -4124.36 341.881 180149 1.38195
-865.362 -4122.75 341.954 180149 1.38769
-865.323 -4121.14 342.028 180149 1.39721
-865.283 -4119.53 342.104 180149 1.36569
-865.245 -4117.91 342.182 180149 1.37517
-865.206 -4116.28 342.267 180149 1.37517
-865.167 -4114.66 342.351 180149 1.38301
-865.127 -4113.03 342.445 180149 1.38303
-865.088 -4111.41 342.538 180149 1.38642
-865.049 -4109.78 342.643 180149 1.45292
-865.007 -4108.13 342.751 180149 1.44377
-864.965 -4106.49 342.811 190149 1.44357
-864.924 -4104.84 342.871 190149 1.4822
-864.881 -4103.19 342.938 190149 1.48329
-864.838 -4101.54 343.005 190149 1.51368
-864.795 -4099.89 343.079 190149 1.48359
-864.752 -4098.23 343.153 190149 1.50461
-864.708 -4096.56 343.233 190149 1.50594
-864.664 -4094.9 343.313 190149 1.51815
-864.62 -4093.23 343.397 190149 1.51886
-864.576 -4091.57 343.481 190149 1.52307
-864.532 -4089.91 343.567 190149 1.52225
-864.488 -4088.24 343.654 190149 1.51929
-864.443 -4086.57 343.743 190149 1.51624
-864.399 -4084.9 343.831 190149 1.50701
-864.355 -4083.23 343.92 190149 1.50071
-864.312 -4081.56 344.009 190149 1.48612
-864.268 -4079.89 344.097 190149 1.47579
-864.225 -4078.23 344.185 190149 1.4567
-864.183 -4076.56 344.271 190149 1.41056
-864.142 -4074.9 344.353 200149 1.38456
-864.102 -4073.23 344.433 200149 1.34975
-864.062 -4071.57 344.515 200149 1.31989
-864.024 -4069.9 344.597 200149 1.29934
-863.986 -4068.24 344.68 200149 1.27159
-863.949 -4066.57 344.764 200149 1.26638
-863.913 -4064.9 344.848 200149 1.24731
-863.876 -4063.24 344.934 200149 1.24709
-863.84 -4061.57 345.02 200149 1.24321
-863.804 -4059.91 345.106 200149 1.24697
-863.768 -4058.24 345.193 200149 1.26137
-863.731 -4056.57 345.281 200149 1.26306
-863.694 -4054.9 345.368 200149 1.28986
-863.656 -4053.23 345.456 200149 1.29935
-863.619 -4051.56 345.544 200149 1.33226
-863.58 -4049.9 345.633 200149 1.35588
-863.54 -4048.23 345.721 200149 1.38843
-863.5 -4046.56 345.809 200149 1.43255
-863.458 -4044.9 345.897 200149 1.45826
-863.416 -4043.23 345.984 200149 1.5294
-863.371 -4041.57 346.072 200149 1.51818
-863.327 -4039.9 346.151 210149 1.5677
-863.282 -4038.25 346.217 210149 1.55673
-863.237 -4036.61 346.289 210149 1.55088
-863.193 -4034.96 346.363 210149 1.53434
-863.149 -4033.31 346.443 210149 1.52219
-863.105 -4031.66 346.525 210149 1.51012
-863.061 -4030.01 346.609 210149 1.45457
-863.02 -4028.39 346.693 210149 1.44379
-862.979 -4026.77 346.778 210149 1.41625
-862.939 -4025.15 346.863 210149 1.39536
-862.9 -4023.53 346.947 210149 1.37694
-862.861 -4021.91 347.031 210149 1.33855
-862.823 -4020.29 347.111 210149 1.28796
-862.787 -4018.69 347.189 210149 1.24784
-862.752 -4017.1 347.263 210149 1.22088
-862.718 -4015.5 347.334 210149 1.19344
-862.685 -4013.91 347.401 210149 1.30069
-862.649 -4012.31 347.488 220149 1.28273
-862.613 -4010.71 347.572 220149 1.31485
-862.577 -4009.13 347.655 220149 1.31485
-862.54 -4007.55 347.739 220149 1.31485
-862.504 -4005.96 347.822 220149 1.31485
-862.468 -4004.38 347.906 220149 1.31485
-862.431 -4002.79 347.989 220149 1.31485
-862.395 -4001.21 348.072 220149 1.31705
-862.359 -3999.63 348.155 220149 1.31705
-862.323 -3998.06 348.238 220149 1.32936
-862.286 -3996.48 348.319 220149 1.33181
-862.249 -3994.91 348.399 220149 1.33181
-862.213 -3993.33 348.479 220149 1.33181
-862.176 -3991.76 348.559 220149 1.36446
-862.139 -3990.19 348.639 220149 1.36446
-862.101 -3988.62 348.719 220149 1.36446
-862.064 -3987.05 348.798 220149 1.36446
-862.027 -3985.49 348.878 220149 1.36446
-861.989 -3983.92 348.958 220149 1.36446
-861.952 -3982.35 349.038 220149 1.33742
-861.916 -3980.8 349.115 220149 1.34627
-861.879 -3979.25 349.192 220149 1.34627
-861.843 -3977.7 349.269 220149 1.34627
-861.807 -3976.15 349.346 220149 1.34627
-861.77 -3974.6 349.422 220149 1.34627
-861.734 -3973.05 349.499 220149 1.28836
-861.699 -3971.53 349.575 220149 1.28836
-861.665 -3970 349.65 220149 1.28836
-861.631 -3968.48 349.726 220149 1.28836
-861.597 -3966.95 349.801 220149 1.28836
-861.562 -3965.43 349.877 220149 1.30294
-861.528 -3963.9 349.951 220149 1.3158
-861.493 -3962.39 350.024 220149 1.3158
-861.458 -3960.89 350.097 220149 1.3158
-861.424 -3959.38 350.171 220149 1.3158
-861.389 -3957.87 350.244 220149 1.3158
-861.354 -3956.36 350.317 220149 1.3158
-861.32 -3954.86 350.39 0 1.31141
-861.286 -3953.36 350.463 0 1.31141
-861.251 -3951.87 350.535 0 1.31141
-861.217 -3950.37 350.608 0 1.31159
-861.183 -3948.88 350.681 0 1.32984
-861.148 -3947.38 350.753 0 1.32984
-861.113 -3945.88 350.824 0 1.33409
-861.079 -3944.39 350.896 0 1.33409
-861.044 -3942.9 350.968 0 1.33409
-861.009 -3941.4 351.04 0 1.33409
-860.974 -3939.91 351.112 0 1.33409
-860.939 -3938.41 351.184 0 1.33409
-860.905 -3936.92 351.256 220149 1.33201
-860.87 -3935.42 351.328 220149 1.33201
-860.835 -3933.92 351.4 220149 1.33419
-860.8 -3932.42 351.472 220149 1.35166
-860.765 -3930.92 351.544 220149 1.35166
-860.729 -3929.43 351.616 220149 1.35166
-860.694 -3927.93 351.687 220149 1.35166
-860.659 -3926.43 351.759 220149 1.35166
-860.623 -3924.93 351.831 220149 1.35166
-860.588 -3923.43 351.903 220149 1.35166
-860.553 -3921.93 351.975 220149 1.35166
-860.517 -3920.44 352.047 220149 1.35166
-860.482 -3918.94 352.119 220149 1.35166
-860.447 -3917.44 352.191 220149 1.35644
-860.411 -3915.94 352.263 220149 1.37253
-860.375 -3914.45 352.335 220149 1.37253
-860.339 -3912.95 352.408 220149 1.37253
-860.303 -3911.45 352.48 220149 1.37253
-860.268 -3909.95 352.553 220149 1.37466
-860.232 -3908.45 352.625 220149 1.37466
-860.196 -3906.95 352.698 220149 1.37466
-860.16 -3905.46 352.77 220149 1.37466
-860.124 -3903.96 352.842 220149 1.37466
-860.088 -3902.46 352.915 220149 1.37466
-860.052 -3900.96 352.987 220149 1.38022
-860.016 -3899.46 353.06 220149 1.39463
-859.979 -3897.97 353.134 220149 1.39463
-859.943 -3896.47 353.208 220149 1.39463
-859.906 -3894.97 353.281 220149 1.39463
-859.87 -3893.47 353.355 220149 1.39463
-859.833 -3891.97 353.428 220149 1.39463
-859.797 -3890.48 353.502 220149 1.39463
-859.76 -3888.98 353.576 220149 1.39463
-859.724 -3887.48 353.649 220149 1.39463
-859.688 -3885.98 353.723 220149 1.39463
-859.651 -3884.49 353.797 220149 1.40546
-859.614 -3882.99 353.871 220149 1.41794
-859.577 -3881.49 353.946 220149 1.41794
-859.54 -3879.99 354.022 220149 1.41794
-859.503 -3878.49 354.097 220149 1.41794
-859.466 -3877 354.173 220149 1.41794
-859.429 -3875.5 354.248 220149 1.41794
-859.392 -3874 354.324 0 1.41581
-859.355 -3872.5 354.399 0 1.41581
-859.318 -3871.01 354.475 0 1.41581
-859.281 -3869.51 354.55 0 1.41581
-859.244 -3868.01 354.625 0 1.43005
-859.206 -3866.51 354.702 0 1.44035
-859.169 -3865.02 354.78 220149 1.44248
-859.131 -3863.52 354.858 220149 1.44248
-859.093 -3862.02 354.936 220149 1.44248
-859.056 -3860.52 355.014 220149 1.44248
-859.018 -3859.03 355.092 220149 1.44248
-858.98 -3857.53 355.17 220149 1.44248
-858.943 -3856.03 355.248 220149 1.44461
-858.905 -3854.53 355.326 220149 1.44461
-858.867 -3853.03 355.403 220149 1.44461
-858.829 -3851.54 355.481 220149 1.23417
-858.797 -3850.04 355.558 230149 1.24386
-858.764 -3848.54 355.636 230149 1.24386
-858.732 -3847.04 355.714 230149 1.24173
-858.699 -3845.54 355.792 230149 1.24173
-858.667 -3844.05 355.87 230149 1.24173
-858.634 -3842.55 355.948 230149 1.24173
-858.602 -3841.05 356.026 230149 1.27785
-858.569 -3839.55 356.103 230149 1.2898
-858.535 -3838.06 356.18 230149 1.2898
-858.501 -3836.56 356.257 230149 1.2898
-858.467 -3835.06 356.334 230149 1.2898
-858.434 -3833.56 356.411 230149 1.2898
-858.4 -3832.06 356.488 230149 1.2898
-858.366 -3830.57 356.565 230149 1.30819
-858.332 -3829.07 356.642 230149 1.32837
-858.297 -3827.57 356.717 230149 1.32837
-858.263 -3826.07 356.793 230149 1.32837
-858.228 -3824.58 356.869 230149 1.32837
-858.193 -3823.08 356.945 230149 1.32837
-858.158 -3821.58 357.021 230149 1.32837
-858.124 -3820.08 357.097 230149 1.33425
-858.089 -3818.58 357.172 230149 1.35745
-858.053 -3817.09 357.247 230149 1.35745
-858.018 -3815.59 357.322 230149 1.35745
-857.982 -3814.09 357.396 230149 1.35745
-857.947 -3812.59 357.471 230149 1.35745
-857.911 -3811.1 357.545 230149 1.35745
-857.876 -3809.6 357.62 230149 1.35745
-857.84 -3808.1 357.695 230149 1.37561
-857.804 -3806.6 357.768 230149 1.37703
-857.768 -3805.1 357.842 230149 1.37703
-857.732 -3803.61 357.915 230149 1.37703
-857.696 -3802.11 357.988 230149 1.37916
-857.66 -3800.61 358.062 230149 1.37916
-857.624 -3799.11 358.135 230149 1.37916
-857.588 -3797.61 358.208 230149 1.38574
-857.552 -3796.12 358.281 230149 1.38924
-857.516 -3794.62 358.353 230149 1.38924
-857.479 -3793.12 358.425 0 1.38712
-857.443 -3791.62 358.497 0 1.38712
-857.407 -3790.13 358.569 0 1.38712
-857.37 -3788.63 358.641 0 1.38712
-857.334 -3787.13 358.713 0 1.38734
-857.298 -3785.63 358.784 0 1.38771
-857.262 -3784.14 358.855 230149 1.38771
-857.225 -3782.64 358.925 230149 1.38771
-857.189 -3781.14 358.996 230149 1.38771
-857.153 -3779.64 359.066 230149 1.38771
-857.117 -3778.14 359.137 230149 1.38771
-857.08 -3776.65 359.208 230149 1.3868
-857.044 -3775.15 359.278 230149 1.37881
-857.008 -3773.65 359.347 230149 1.37881
-856.972 -3772.15 359.416 230149 1.37881
-856.936 -3770.65 359.485 230149 1.37881
-856.9 -3769.16 359.554 230149 1.37881
-856.864 -3767.66 359.623 230149 1.37881
-856.828 -3766.16 359.692 230149 1.37882
-856.792 -3764.66 359.761 230149 1.36357
-856.756 -3763.16 359.829 230149 1.36042
-856.72 -3761.66 359.896 230149 1.36042
-856.685 -3760.17 359.964 230149 1.36042
-856.649 -3758.67 360.031 230149 1.36042
-856.614 -3757.17 360.098 0 1.36041
-856.578 -3755.67 360.166 0 1.36041
-856.542 -3754.17 360.233 0 1.34493
-856.507 -3752.67 360.299 0 1.33252
-856.472 -3751.18 360.365 0 1.33252
-856.438 -3749.68 360.431 0 1.33252
-856.403 -3748.18 360.496 230149 1.33253
-856.368 -3746.68 360.562 230149 1.33253
-856.333 -3745.18 360.628 230149 1.33253
-856.298 -3743.68 360.694 230149 1.27188
-856.265 -3742.18 360.766 240149 1.22505
-856.233 -3740.69 360.842 240149 1.23576
-856.2 -3739.19 360.917 0 1.26199
-856.167 -3737.69 360.989 0 1.26199
-856.135 -3736.2 361.06 0 1.29836
-856.101 -3734.71 361.129 0 1.30367
-856.067 -3733.21 361.197 0 1.32355
-856.032 -3731.72 361.264 0 1.34361
-855.997 -3730.22 361.329 0 1.35452
-855.962 -3728.74 361.394 0 1.38815
-855.926 -3727.25 361.458 0 1.38815
-855.89 -3725.76 361.521 0 1.41502
-855.853 -3724.27 361.585 0 1.42462
-855.816 -3722.78 361.648 0 1.4369
-855.779 -3721.29 361.711 240149 1.55709
-855.738 -3719.79 361.775 240149 1.55709
-855.697 -3718.29 361.839 240149 1.58964
-855.656 -3716.79 361.905 240149 1.5901
-855.614 -3715.29 361.97 240149 1.60953
-855.572 -3713.79 362.038 240149 1.62139
-855.529 -3712.29 362.106 240149 1.68436
-855.484 -3710.77 362.176 240149 1.706
-855.439 -3709.24 362.249 240149 1.706
-855.394 -3707.72 362.321 240149 1.98208
-855.341 -3706.2 362.387 250149 1.88248
-855.291 -3704.68 362.455 250149 1.74019
-855.245 -3703.16 362.522 250149 1.75435
-855.197 -3701.61 362.59 250149 1.62874
-855.153 -3700.06 362.658 250149 1.6023
-855.11 -3698.51 362.725 250149 1.49773
-855.07 -3696.96 362.792 250149 1.47737
-855.03 -3695.42 362.859 250149 1.39424
-854.992 -3693.87 362.925 250149 1.40026
-854.954 -3692.31 362.991 250149 1.33935
-854.917 -3690.75 363.057 250149 1.32918
-854.881 -3689.19 363.122 250149 1.29088
-854.846 -3687.63 363.186 250149 1.28623
-854.811 -3686.07 363.249 250149 1.26992
-854.776 -3684.51 363.312 250149 1.27575
-854.742 -3682.95 363.374 250149 1.28076
-854.707 -3681.39 363.434 250149 1.28913
-854.672 -3679.84 363.495 250149 1.31482
-854.636 -3678.28 363.553 250149 1.60658
-854.593 -3676.72 363.618 260149 1.82499
-854.543 -3675.16 363.686 260149 1.80763
-854.494 -3673.61 363.754 260149 1.72956
-854.447 -3672.05 363.82 260149 1.72955
-854.4 -3670.49 363.887 260149 1.66661
-854.354 -3668.93 363.952 260149 1.64834
-854.309 -3667.37 364.016 260149 1.62381
-854.265 -3665.82 364.08 260149 1.55772
-854.223 -3664.26 364.143 260149 1.55772
-854.181 -3662.71 364.206 260149 1.50783
-854.14 -3661.16 364.268 260149 1.5053
-854.099 -3659.61 364.329 260149 1.48494
-854.059 -3658.05 364.39 260149 1.46729
-854.019 -3656.5 364.45 260149 1.40026
-853.982 -3654.96 364.51 260149 1.37926
-853.945 -3653.43 364.568 260149 1.37926
-853.908 -3651.89 364.627 260149 1.37308
-853.871 -3650.35 364.685 260149 1.37004
-853.834 -3648.82 364.743 260149 1.37124
-853.797 -3647.28 364.8 260149 1.31805
-853.762 -3645.76 364.856 260149 1.31805
-853.727 -3644.25 364.913 260149 1.33299
-853.692 -3642.73 364.968 260149 1.33763
-853.657 -3641.21 365.024 260149 1.41254
-853.619 -3639.7 365.084 270149 1.46442
-853.581 -3638.18 365.147 270149 1.40784
-853.544 -3636.68 365.21 270149 1.41001
-853.507 -3635.18 365.271 270149 1.41385
-853.47 -3633.68 365.331 270149 1.41385
-853.433 -3632.18 365.392 270149 1.41421
-853.396 -3630.67 365.452 270149 1.41825
-853.358 -3629.17 365.51 0 1.40975
-853.322 -3627.68 365.569 0 1.40975
-853.285 -3626.18 365.627 0 1.41197
-853.248 -3624.69 365.684 0 1.41254
-853.211 -3623.19 365.741 0 1.41254
-853.174 -3621.69 365.798 0 1.41313
-853.137 -3620.2 365.854 0 1.42434
-853.1 -3618.7 365.91 0 1.42434
-853.063 -3617.21 365.966 0 1.42425
-853.026 -3615.71 366.021 0 1.4239
-852.988 -3614.21 366.076 0 1.4239
-852.951 -3612.72 366.131 0 1.4239
-852.914 -3611.22 366.186 0 1.422
-852.877 -3609.72 366.241 0 1.42185
-852.84 -3608.22 366.295 0 1.42185
-852.802 -3606.73 366.35 0 1.4195
-852.765 -3605.23 366.404 0 1.41818
-852.728 -3603.73 366.458 0 1.41818
-852.691 -3602.23 366.512 270149 1.4163
-852.654 -3600.73 366.567 270149 1.4129
-852.617 -3599.23 366.621 270149 1.4129
-852.58 -3597.73 366.675 270149 1.41241
-852.543 -3596.24 366.729 270149 1.40601
-852.506 -3594.74 366.784 270149 1.40601
-852.47 -3593.24 366.839 0 1.40389
-852.433 -3591.74 366.893 270149 1.40705
-852.396 -3590.24 366.945 280149 1.40572
-852.359 -3588.74 366.997 280149 1.40572
-852.322 -3587.24 367.049 280149 1.40572
-852.286 -3585.74 367.101 280149 1.40572
-852.249 -3584.24 367.153 280149 1.40996
-852.212 -3582.74 367.206 280149 1.40996
-852.175 -3581.24 367.258 280149 1.40996
-852.138 -3579.74 367.31 280149 1.40996
-852.101 -3578.24 367.362 280149 1.40996
-852.064 -3576.74 367.414 280149 1.40996
-852.027 -3575.24 367.466 280149 1.31187
-851.993 -3573.74 367.518 280149 1.30765
-851.959 -3572.24 367.569 280149 1.30765
-851.925 -3570.74 367.621 280149 1.30765
-851.89 -3569.24 367.673 280149 1.30765
-851.856 -3567.74 367.724 280149 1.30765
-851.822 -3566.24 367.776 280149 1.30977
-851.788 -3564.74 367.828 280149 1.30977
-851.753 -3563.24 367.879 280149 1.30977
-851.719 -3561.74 367.931 280149 1.30977
-851.685 -3560.24 367.983 280149 1.30977
-851.65 -3558.75 368.034 280149 1.28983
-851.617 -3557.25 368.086 280149 1.28468
-851.583 -3555.75 368.137 280149 1.28468
-851.549 -3554.24 368.188 280149 1.28468
-851.516 -3552.74 368.24 280149 1.28468
-851.482 -3551.24 368.291 280149 1.28468
-851.448 -3549.74 368.342 280149 1.28468
-851.415 -3548.24 368.394 0 1.28257
-851.381 -3546.75 368.445 0 1.28257
-851.348 -3545.25 368.496 0 1.28257
-851.314 -3543.75 368.548 0 1.28257
-851.281 -3542.25 368.599 0 1.31285
-851.246 -3540.75 368.65 0 1.33046
-851.211 -3539.25 368.701 0 1.33262
-851.177 -3537.76 368.752 0 1.33262
-851.142 -3536.28 368.803 0 1.33262
-851.108 -3534.79 368.854 0 1.33262
-851.073 -3533.3 368.905 0 1.33262
-851.038 -3531.81 368.955 0 1.33262
-851.004 -3530.32 369.006 280149 1.33255
-850.969 -3528.81 369.057 280149 1.33255
-850.934 -3527.31 369.109 280149 1.33255
-850.899 -3525.8 369.16 280149 1.386
-850.862 -3524.3 369.211 280149 1.45342
-850.824 -3522.79 369.263 280149 1.45342
-850.786 -3521.29 369.314 280149 1.41825
-850.748 -3519.75 369.367 280149 1.41825
-850.709 -3518.2 369.419 280149 1.41825
-850.671 -3516.65 369.472 280149 1.41825
-850.633 -3515.11 369.525 280149 1.41825
-850.595 -3513.56 369.577 280149 1.41825
-850.556 -3512.02 369.63 280149 1.31011
-850.52 -3510.44 369.684 280149 1.31011
-850.484 -3508.86 369.738 280149 1.42711
-850.445 -3507.28 369.792 280149 1.50395
-850.403 -3505.7 369.846 280149 1.50395
-850.362 -3504.12 369.899 280149 1.50395
-850.32 -3502.54 369.953 280149 1.49379
-850.279 -3500.94 370.008 280149 1.49379
-850.237 -3499.34 370.063 280149 1.49379
-850.195 -3497.74 370.117 280149 1.49379
-850.153 -3496.14 370.172 280149 1.49379
-850.112 -3494.54 370.227 280149 1.49379
-850.07 -3492.94 370.281 280149 1.52435
-850.027 -3491.34 370.336 280149 1.7628
-849.978 -3489.73 370.391 280149 1.7628
-849.929 -3488.13 370.446 280149 1.76281
-849.879 -3486.53 370.501 280149 1.76281
-849.83 -3484.92 370.556 280149 1.76281
-849.781 -3483.32 370.611 280149 1.76049
-849.731 -3481.7 370.666 280149 1.76049
-849.681 -3480.08 370.722 280149 1.76049
-849.631 -3478.46 370.778 280149 1.76049
-849.581 -3476.84 370.833 280149 1.76049
-849.531 -3475.22 370.889 280149 2.00897
-849.475 -3473.6 370.945 280149 2.13188
-849.413 -3471.94 371.002 280149 2.13188
-849.352 -3470.29 371.059 280149 2.13188
-849.29 -3468.64 371.116 280149 2.13188
-849.229 -3466.99 371.173 280149 2.13188
-849.167 -3465.34 371.23 280149 2.13188
-849.106 -3463.68 371.287 280149 2.09852
-849.045 -3462.02 371.344 280149 2.09852
-848.983 -3460.35 371.402 280149 2.09852
-848.922 -3458.68 371.46 280149 2.35708
-848.854 -3457.02 371.517 280149 2.51105
-848.781 -3455.35 371.576 280149 2.51105
-848.708 -3453.69 371.634 280149 2.51328
-848.634 -3452.02 371.692 280149 2.51328
-848.561 -3450.35 371.75 280149 2.51328
-848.488 -3448.68 371.808 280149 2.51328
-848.415 -3447.01 371.866 280149 2.51328
-848.341 -3445.34 371.925 280149 2.51328
-848.268 -3443.67 371.983 280149 2.50917
-848.195 -3442 372.041 280149 2.80368
-848.113 -3440.34 372.099 280149 2.9944
-848.026 -3438.67 372.158 280149 2.9944
-847.939 -3437 372.217 280149 2.9944
-847.852 -3435.34 372.276 280149 2.9944
-847.765 -3433.67 372.334 280149 2.99998
-847.678 -3432.01 372.393 280149 2.99998
-847.59 -3430.35 372.452 280149 2.99998
-847.503 -3428.68 372.51 280149 2.99998
-847.416 -3427.02 372.569 280149 2.99998
-847.329 -3425.35 372.628 280149 3.19779
-847.236 -3423.69 372.687 290149 3.31218
-847.139 -3422.02 372.746 290149 3.31218
-847.043 -3420.36 372.805 290149 3.31218
-846.947 -3418.69 372.864 290149 3.31218
-846.85 -3417.03 372.923 290149 3.31218
-846.754 -3415.36 372.982 290149 3.31219
-846.657 -3413.7 373.041 290149 3.31216
-846.561 -3412.03 373.101 290149 3.31216
-846.465 -3410.37 373.16 290149 3.40372
-846.366 -3408.7 373.219 290149 3.67905
-846.259 -3407.04 373.278 290149 3.67905
-846.152 -3405.37 373.336 290149 3.67905
-846.045 -3403.71 373.395 290149 3.6816
-845.937 -3402.03 373.454 290149 3.6816
-845.829 -3400.36 373.513 290149 3.6816
-845.722 -3398.69 373.572 290149 3.6816
-845.614 -3397.02 373.631 290149 3.6816
-845.507 -3395.35 373.69 290149 3.6816
-845.399 -3393.68 373.749 290149 3.91777
-845.286 -3392.02 373.808 290149 4.05158
-845.168 -3390.36 373.867 290149 4.05158
-845.051 -3388.7 373.926 290149 4.05158
-844.934 -3387.05 373.985 290149 4.05158
-844.816 -3385.39 374.044 290149 4.05158
-844.699 -3383.73 374.103 290149 4.04688
-844.584 -3382.11 374.16 290149 4.04688
-844.469 -3380.48 374.218 290149 4.04688
-844.354 -3378.85 374.276 290149 4.04688
-844.239 -3377.23 374.334 290149 4.38031
-844.114 -3375.6 374.393 290149 4.42244
-843.988 -3373.98 374.451 290149 4.48626
-843.862 -3372.36 374.51 290149 4.48626
-843.735 -3370.75 374.568 290149 4.48626
-843.608 -3369.13 374.627 290149 4.48626
-843.482 -3367.52 374.685 290149 4.48626
-843.355 -3365.9 374.744 290149 4.48626
-843.228 -3364.29 374.802 290149 4.6196
-843.097 -3362.66 374.861 290149 4.6196
-842.966 -3361.04 374.92 290149 4.99524
-842.824 -3359.41 374.981 290149 4.99944
-842.682 -3357.79 375.041 290149 4.99944
-842.539 -3356.17 375.102 290149 4.99944
-842.397 -3354.54 375.162 290149 4.99861
-842.253 -3352.89 375.224 290149 4.99861
-842.108 -3351.23 375.286 290149 4.99861
-841.963 -3349.58 375.347 290149 4.99861
-841.818 -3347.92 375.409 290149 4.99861
-841.674 -3346.27 375.471 290149 5.08956
-841.526 -3344.61 375.533 290149 5.38421
-841.369 -3342.94 375.598 290149 5.38421
-841.212 -3341.28 375.663 290149 5.38421
-841.055 -3339.61 375.727 290149 5.38421
-840.897 -3337.94 375.792 290149 5.38421
-840.74 -3336.27 375.857 290149 5.38421
-840.583 -3334.6 375.922 290149 5.38441
-840.426 -3332.94 375.986 290149 5.38441
-840.27 -3331.28 376.051 290149 5.38441
-840.113 -3329.62 376.115 290149 5.62577
-839.95 -3327.96 376.181 290149 5.77269
-839.782 -3326.3 376.249 290149 5.77269
-839.614 -3324.64 376.317 290149 5.77078
-839.447 -3322.98 376.384 290149 5.77078
-839.279 -3321.32 376.452 290149 5.77078
-839.111 -3319.66 376.52 290149 5.77078
-838.943 -3318 376.587 290149 5.77078
-838.776 -3316.34 376.655 290149 5.77078
-838.608 -3314.69 376.722 290149 5.77461
-838.44 -3313.03 376.79 290149 6.15818
-838.261 -3311.37 376.861 290149 6.16704
-838.082 -3309.71 376.933 290149 6.16704
-837.903 -3308.05 377.004 290149 6.16704
-837.724 -3306.39 377.076 290149 6.16704
-837.545 -3304.74 377.147 290149 6.16322
-837.366 -3303.08 377.219 290149 6.16322
-837.187 -3301.42 377.29 290149 6.16322
-837.008 -3299.76 377.362 290149 6.16322
-836.829 -3298.1 377.433 290149 6.29336
-836.646 -3296.45 377.506 290149 6.55977
-836.455 -3294.79 377.582 290149 6.56167
-836.265 -3293.13 377.658 290149 6.56167
-836.074 -3291.48 377.734 290149 6.56167
-835.884 -3289.82 377.81 290149 6.56167
-835.693 -3288.16 377.886 290149 6.56167
-835.502 -3286.51 377.962 290149 6.56167
-835.312 -3284.85 378.039 290149 6.56167
-835.121 -3283.19 378.115 290149 6.56167
-834.931 -3281.54 378.191 290149 6.83214
-834.732 -3279.88 378.27 290149 6.96229
-834.53 -3278.23 378.351 290149 6.96229
-834.328 -3276.57 378.433 290149 6.96229
-834.126 -3274.92 378.514 290149 6.96038
-833.924 -3273.26 378.595 290149 6.96038
-833.722 -3271.61 378.677 290149 6.96038
-833.52 -3269.95 378.758 290149 6.96038
-833.318 -3268.3 378.839 290149 6.96038
-833.116 -3266.64 378.921 290149 6.96729
-832.913 -3264.98 378.998 300149 7.16435
-832.705 -3263.33 379.073 300149 7.16435
-832.497 -3261.67 379.147 300149 7.16435
-832.289 -3260.02 379.222 300149 7.16435
-832.081 -3258.37 379.297 300149 7.16435
-831.873 -3256.71 379.371 300149 7.16435
-831.665 -3255.06 379.446 300149 7.16825
-831.458 -3253.4 379.521 300149 7.16825
-831.25 -3251.75 379.595 300149 7.16825
-831.042 -3250.1 379.67 300149 7.16826
-830.834 -3248.45 379.745 300149 7.42707
-830.619 -3246.8 379.821 300149 7.58181
-830.4 -3245.15 379.898 300149 7.57785
-830.179 -3243.49 379.976 300149 7.57785
-829.959 -3241.84 380.053 300149 7.57785
-829.739 -3240.18 380.131 300149 7.57785
-829.519 -3238.53 380.209 300149 7.57785
-829.299 -3236.87 380.286 300149 7.57785
-829.078 -3235.22 380.364 300149 7.57948
-828.857 -3233.55 380.442 300149 7.57948
-828.635 -3231.89 380.52 300149 7.57948
-828.414 -3230.22 380.598 300149 7.94832
-828.181 -3228.56 380.678 300149 7.99417
-827.948 -3226.89 380.759 300149 7.99417
-827.714 -3225.23 380.839 300149 7.97138
-827.481 -3223.56 380.92 300149 7.97138
-827.247 -3221.9 381 300149 7.97138
-827.014 -3220.23 381.081 300149 7.97138
-826.78 -3218.56 381.162 300149 7.97138
-826.547 -3216.89 381.242 300149 7.97138
-826.313 -3215.23 381.323 300149 7.92974
-826.082 -3213.56 381.403 300149 8.0195
-825.847 -3211.9 381.484 300149 8.34552
-825.603 -3210.24 381.567 300149 8.34552
-825.359 -3208.57 381.649 300149 8.34552
-825.116 -3206.91 381.731 300149 8.34552
-824.872 -3205.25 381.814 300149 8.34541
-824.629 -3203.6 381.896 300149 8.34541
-824.387 -3201.94 381.978 300149 8.34541
-824.145 -3200.29 382.06 300149 8.34541
-823.902 -3198.64 382.142 300149 8.34541
-823.66 -3196.99 382.224 300149 8.34541
-823.417 -3195.33 382.305 300149 8.54865
-823.17 -3193.69 382.388 300149 8.76216
-822.917 -3192.05 382.471 300149 8.76216
-822.663 -3190.4 382.554 300149 8.76216
-822.41 -3188.76 382.637 300149 8.76216
-822.156 -3187.11 382.72 300149 8.76216
-821.903 -3185.47 382.803 300149 8.76215
-821.65 -3183.83 382.886 300149 8.76215
-821.397 -3182.18 382.969 300149 8.76215
-821.143 -3180.54 383.052 300149 8.76215
-820.89 -3178.9 383.135 300149 8.76215
-820.637 -3177.25 383.218 300149 9.04964
-820.375 -3175.61 383.302 300149 9.18002
-820.109 -3173.97 383.386 300149 9.18002
-819.844 -3172.32 383.471 300149 9.18002
-819.578 -3170.68 383.555 300149 9.18002
-819.312 -3169.03 383.639 300149 9.18002
-819.046 -3167.39 383.723 300149 9.18002
-818.78 -3165.74 383.808 300149 9.1519
-818.512 -3164.08 383.893 300149 9.1519
-818.244 -3162.41 383.978 300149 9.1519
-817.976 -3160.75 384.063 300149 9.1519
-817.708 -3159.09 384.148 300149 9.55028
-817.428 -3157.43 384.234 300149 9.57068
-817.148 -3155.76 384.32 300149 9.62907
-816.862 -3154.08 384.407 300149 9.62907
-816.576 -3152.39 384.494 300149 9.62907
-816.29 -3150.71 384.581 300149 9.62907
-816.004 -3149.02 384.668 300149 9.62907
-815.718 -3147.33 384.756 300149 9.62907
-815.432 -3145.65 384.843 300149 9.59939
-815.145 -3143.95 384.93 300149 9.59939
-814.858 -3142.26 385.018 300149 9.77918
-814.566 -3140.56 385.106 300149 10.0191
-814.267 -3138.87 385.193 300149 10.0191
-813.968 -3137.17 385.281 300149 10.0191
-813.669 -3135.48 385.369 300149 10.019
-813.372 -3133.8 385.456 300149 10.019
-813.074 -3132.12 385.543 300149 10.019
-812.777 -3130.43 385.63 300149 10.019
-812.48 -3128.75 385.718 300149 10.019
-812.183 -3127.07 385.805 300149 10.019
-811.885 -3125.39 385.892 300149 10.0188
-811.591 -3123.72 385.978 300149 10.4054
-811.284 -3122.05 386.065 300149 10.4394
-810.977 -3120.38 386.151 300149 10.4394
-810.67 -3118.72 386.237 300149 10.4394
-810.363 -3117.05 386.323 300149 10.4394
-810.056 -3115.38 386.41 300149 10.3816
-809.749 -3113.71 386.496 300149 10.3816
-809.442 -3112.03 386.583 300149 10.3816
-809.135 -3110.35 386.67 300149 10.3816
-808.828 -3108.68 386.756 300149 10.3816
-808.521 -3107 386.843 300149 10.5237
-808.21 -3105.33 386.929 300149 10.8777
-807.88 -3103.61 387.018 300149 10.8777
-807.55 -3101.89 387.106 300149 10.8777
-807.22 -3100.18 387.194 300149 10.8777
-806.89 -3098.46 387.282 300149 10.8777
-806.56 -3096.74 387.37 300149 10.8777
-806.23 -3095.03 387.459 300149 11.0234
-805.887 -3093.27 387.549 300149 11.0234
-805.545 -3091.51 387.639 300149 11.0234
-805.202 -3089.75 387.73 300149 11.1285
-804.856 -3087.99 387.818 310149 11.379
-804.503 -3086.23 387.904 310149 11.4188
-804.148 -3084.48 387.989 310149 11.5615
-803.78 -3082.68 388.077 310149 11.5962
-803.412 -3080.88 388.165 310149 11.635
-803.042 -3079.09 388.253 310149 11.6584
-802.671 -3077.29 388.341 310149 11.7095
-802.299 -3075.5 388.429 310149 11.7451
-801.926 -3073.7 388.518 310149 11.9143
-801.536 -3071.85 388.61 310149 11.9828
-801.143 -3070 388.702 310149 12.0177
-800.75 -3068.16 388.795 310149 12.0566
-800.355 -3066.31 388.888 310149 12.1304
-799.959 -3064.46 388.982 310149 12.1691
-799.56 -3062.62 389.076 310149 12.366
-799.151 -3060.75 389.172 310149 11.8969
-798.756 -3058.88 389.263 320149 12.0408
-798.357 -3057 389.355 320149 12.1027
-797.956 -3055.13 389.446 320149 12.2063
-797.551 -3053.26 389.536 320149 12.2925
-797.144 -3051.39 389.624 320149 12.3329
-796.741 -3049.55 389.711 320149 12.4414
-796.334 -3047.71 389.797 320149 12.5326
-795.924 -3045.86 389.882 320149 12.6005
-795.512 -3044.02 389.966 320149 12.7176
-795.097 -3042.18 390.049 320149 12.8127
-794.678 -3040.34 390.131 320149 12.6548
-794.275 -3038.54 390.211 320149 12.7842
-793.868 -3036.75 390.29 320149 12.8731
-793.459 -3034.96 390.368 320149 12.8327
-793.05 -3033.16 390.444 330149 12.6541
-792.647 -3031.37 390.517 330149 12.6677
-792.244 -3029.58 390.591 330149 12.5984
-791.853 -3027.83 390.665 330149 12.6135
-791.461 -3026.07 390.739 330149 12.6627
-791.068 -3024.32 390.815 330149 12.6769
-790.674 -3022.57 390.89 330149 12.7442
-790.279 -3020.82 390.965 330149 12.7555
-789.882 -3019.07 391.039 330149 12.6589
-789.499 -3017.37 391.111 330149 12.6595
-789.115 -3015.66 391.182 330149 12.775
-788.728 -3013.95 391.25 330149 12.775
-788.341 -3012.25 391.319 330149 12.8942
-787.951 -3010.54 391.383 330149 12.9083
-787.56 -3008.83 391.446 330149 12.8137
-787.181 -3007.17 391.504 330149 12.8469
-786.8 -3005.5 391.56 330149 12.9509
-786.417 -3003.83 391.612 330149 13.0147
-786.032 -3002.17 391.661 330149 13.0999
-785.645 -3000.5 391.706 330149 13.1998
-785.254 -2998.84 391.747 330149 12.9492
-784.88 -2997.21 391.805 340149 12.9189
-784.507 -2995.59 391.876 340149 13.0267
-784.132 -2993.96 391.944 340149 13.1296
-783.753 -2992.34 392.008 340149 13.2079
-783.373 -2990.72 392.071 340149 13.3051
-782.989 -2989.1 392.13 340149 13.4027
-782.605 -2987.48 392.188 340149 13.4902
-782.217 -2985.87 392.242 340149 13.522
-781.829 -2984.25 392.296 340149 13.5956
-781.439 -2982.64 392.347 340149 13.6114
-781.049 -2981.03 392.398 340149 13.6659
-780.657 -2979.42 392.447 340149 13.6756
-780.263 -2977.8 392.495 340149 13.7056
-779.869 -2976.18 392.542 340149 13.7056
-779.475 -2974.57 392.589 340149 13.7058
-779.081 -2972.95 392.635 340149 13.7057
-778.687 -2971.34 392.681 340149 13.6709
-778.294 -2969.72 392.726 340149 13.667
-777.901 -2968.1 392.772 340149 13.6022
-777.51 -2966.49 392.819 340149 13.597
-777.118 -2964.87 392.865 340149 13.4083
-776.732 -2963.25 392.91 350149 13.4224
-776.346 -2961.63 392.956 350149 13.4224
-775.959 -2960.01 393.002 350149 13.3689
-775.574 -2958.39 393.048 350149 13.5957
-775.183 -2956.77 393.089 350149 13.6104
-774.791 -2955.15 393.131 350149 13.6104
-774.4 -2953.54 393.172 350149 13.6104
-774.008 -2951.92 393.213 350149 13.7807
-773.611 -2950.3 393.252 350149 13.9576
-773.206 -2948.67 393.29 350149 13.9576
-772.8 -2947.04 393.328 350149 13.9576
-772.394 -2945.4 393.366 350149 14.0829
-771.985 -2943.77 393.402 350149 14.1802
-771.573 -2942.14 393.436 350149 14.1802
-771.161 -2940.51 393.471 350149 14.3982
-770.735 -2938.85 393.506 350149 14.4896
-770.306 -2937.19 393.54 350149 14.6113
-769.874 -2935.54 393.572 350149 14.6113
-769.442 -2933.88 393.604 350149 14.6113
-769.009 -2932.22 393.637 350149 14.681
-768.575 -2930.56 393.668 350149 14.8774
-768.128 -2928.88 393.698 350149 14.8774
-767.68 -2927.19 393.729 350149 14.8774
-767.233 -2925.51 393.759 350149 14.9389
-766.784 -2923.83 393.789 350149 15.0715
-766.331 -2922.14 393.817 350149 15.0715
-765.878 -2920.46 393.845 350149 15.0132
-765.422 -2918.76 393.874 350149 15.0709
-764.965 -2917.07 393.902 350149 15.1979
-764.504 -2915.37 393.93 350149 15.1979
-764.043 -2913.67 393.957 350149 15.1979
-763.582 -2911.97 393.984 350149 15.2554
-763.119 -2910.28 394.011 350149 15.1615
-762.659 -2908.58 394.038 350149 15.1615
-762.199 -2906.88 394.064 350149 15.1615
-761.739 -2905.18 394.091 350149 15.2188
-761.277 -2903.49 394.117 350149 15.3273
-760.812 -2901.79 394.143 350149 15.3273
-760.347 -2900.09 394.169 350149 15.2017
-759.886 -2898.4 394.195 350149 15.4498
-759.419 -2896.71 394.213 360149 15.6163
-758.946 -2895.02 394.228 360149 15.6163
-758.474 -2893.33 394.242 360149 15.6163
-758.002 -2891.64 394.256 360149 15.6163
-757.529 -2889.94 394.27 360149 15.6402
-757.064 -2888.28 394.284 360149 15.6402
-756.598 -2886.62 394.298 360149 15.6402
-756.132 -2884.96 394.312 360149 15.6402
-755.667 -2883.29 394.326 360149 15.6402
-755.201 -2881.63 394.34 360149 15.6402
-754.735 -2879.96 394.354 360149 15.7116
-754.278 -2878.34 394.368 360149 15.7116
-753.821 -2876.72 394.382 360149 15.7116
-753.364 -2875.09 394.395 360149 15.7116
-752.908 -2873.47 394.409 360149 15.7116
-752.451 -2871.84 394.423 360149 15.7116
-751.994 -2870.22 394.436 360149 16.26
-751.523 -2868.61 394.447 360149 16.7767
-751.038 -2867 394.449 360149 16.7767
-750.553 -2865.39 394.45 360149 16.7767
-750.068 -2863.78 394.452 360149 16.7767
-749.583 -2862.17 394.453 360149 16.7767
-749.098 -2860.56 394.454 360149 16.8656
-748.602 -2858.92 394.456 360149 16.8656
-748.106 -2857.29 394.457 360149 16.8656
-747.61 -2855.65 394.459 360149 16.8656
-747.114 -2854.02 394.46 360149 16.8656
-746.618 -2852.38 394.462 360149 16.8656
-746.122 -2850.75 394.463 360149 16.8205
-745.617 -2849.07 394.465 360149 16.8206
-745.111 -2847.4 394.466 360149 16.8206
-744.606 -2845.73 394.468 360149 16.8206
-744.1 -2844.06 394.469 360149 16.8206
-743.595 -2842.39 394.471 360149 16.8206
-743.089 -2840.71 394.472 360149 17.0725
-742.577 -2839.05 394.465 360149 17.2438
-742.06 -2837.38 394.454 360149 17.2438
-741.543 -2835.71 394.443 360149 17.2438
-741.026 -2834.05 394.432 360149 17.2438
-740.509 -2832.38 394.422 360149 17.2438
-739.991 -2830.72 394.411 360149 17.1382
-739.488 -2829.08 394.4 360149 17.1382
-738.984 -2827.45 394.39 360149 17.1382
-738.48 -2825.81 394.379 360149 17.1382
-737.977 -2824.18 394.369 360149 17.1382
-737.473 -2822.55 394.358 360149 17.1382
-736.969 -2820.91 394.347 360149 17.195
-736.468 -2819.3 394.337 360149 17.195
-735.967 -2817.68 394.327 360149 17.195
-735.466 -2816.06 394.316 360149 17.195
-734.965 -2814.44 394.306 360149 17.195
-734.464 -2812.82 394.295 360149 17.3879
-733.957 -2811.2 394.281 360149 17.8362
-733.434 -2809.58 394.259 360149 17.8362
-732.911 -2807.95 394.237 360149 17.8362
-732.387 -2806.32 394.214 360149 17.8362
-731.864 -2804.7 394.192 360149 17.8362
-731.341 -2803.07 394.17 360149 17.8362
-730.817 -2801.44 394.148 360149 17.9044
-730.285 -2799.79 394.125 360149 17.9044
-729.752 -2798.14 394.102 360149 17.9044
-729.219 -2796.5 394.08 360149 17.9044
-728.686 -2794.85 394.057 360149 17.9044
-728.153 -2793.2 394.034 360149 17.9044
-727.62 -2791.55 394.012 360149 17.8687
-727.084 -2789.88 393.989 360149 17.8687
-726.547 -2788.22 393.966 360149 17.8687
-726.01 -2786.55 393.943 360149 17.8687
-725.474 -2784.89 393.921 360149 17.8687
-724.937 -2783.22 393.898 360149 18.5134
-724.382 -2781.57 393.864 360149 18.5548
-723.822 -2779.9 393.829 360149 18.5548
-723.262 -2778.23 393.795 360149 18.5548
-722.702 -2776.56 393.76 360149 18.5548
-722.142 -2774.89 393.725 360149 18.5548
-721.583 -2773.23 393.691 360149 18.5548
-721.023 -2771.56 393.656 360149 18.5553
-720.46 -2769.88 393.621 360149 18.5553
-719.898 -2768.21 393.586 360149 18.5553
-719.335 -2766.53 393.551 360149 18.5553
-718.773 -2764.86 393.516 360149 18.5553
-718.21 -2763.18 393.482 360149 18.5553
-717.648 -2761.5 393.447 360149 18.5523
-717.082 -2759.82 393.412 360149 18.5523
-716.517 -2758.13 393.377 360149 18.5523
-715.952 -2756.45 393.342 360149 18.5523
-715.386 -2754.77 393.307 360149 19.2129
-714.801 -2753.09 393.26 360149 19.2419
-714.216 -2751.41 393.214 360149 19.2444
-713.626 -2749.72 393.167 360149 19.2444
-713.036 -2748.03 393.12 360149 19.2444
-712.446 -2746.34 393.073 360149 19.2444
-711.856 -2744.65 393.026 360149 19.2444
-711.267 -2742.96 392.979 360149 19.2444
-710.677 -2741.27 392.933 360149 19.244
-710.089 -2739.59 392.886 360149 19.244
-709.502 -2737.91 392.839 360149 19.244
-708.914 -2736.22 392.792 360149 19.244
-708.327 -2734.54 392.746 360149 19.244
-707.739 -2732.86 392.699 360149 19.244
-707.151 -2731.17 392.652 360149 19.2426
-706.571 -2729.51 392.606 360149 19.2426
-705.991 -2727.85 392.56 360149 19.3126
-705.409 -2726.19 392.513 360149 19.9378
-704.809 -2724.54 392.456 360149 19.9378
-704.209 -2722.88 392.399 360149 19.9378
-703.609 -2721.23 392.341 360149 20.0278
-703.017 -2719.6 392.285 360149 20.0278
-702.424 -2717.98 392.229 360149 20.0278
-701.831 -2716.35 392.173 360149 20.0278
-701.239 -2714.72 392.117 360149 20.0278
-700.646 -2713.1 392.06 360149 20.0278
-700.053 -2711.47 392.004 360149 20.0555
-699.471 -2709.88 391.949 360149 20.0555
-698.889 -2708.28 391.894 360149 20.0555
-698.306 -2706.69 391.839 360149 20.0555
-697.724 -2705.09 391.783 360149 20.0555
-697.142 -2703.5 391.728 360149 20.0555
-696.56 -2701.9 391.673 360149 19.9723
-695.984 -2700.32 391.618 360149 19.9723
-695.409 -2698.74 391.564 360149 20.4046
-694.822 -2697.16 391.503 360149 20.673
-694.228 -2695.58 391.438 360149 20.673
-693.633 -2694.01 391.373 360149 20.673
-693.039 -2692.43 391.308 360149 20.7204
-692.441 -2690.85 391.243 360149 20.7204
-691.843 -2689.27 391.177 360149 20.7204
-691.245 -2687.69 391.112 360149 20.7204
-690.648 -2686.11 391.047 360149 20.7204
-690.05 -2684.53 390.982 360149 20.7204
-689.452 -2682.95 390.917 360149 20.7841
-688.847 -2681.36 390.851 360149 20.7841
-688.241 -2679.76 390.785 360149 20.7841
-687.636 -2678.16 390.719 360149 20.7841
-687.03 -2676.57 390.654 360149 20.7841
-686.425 -2674.97 390.588 360149 20.7841
-685.82 -2673.38 390.522 360149 20.7505
-685.209 -2671.77 390.455 360149 20.7505
-684.599 -2670.16 390.389 360149 21.3903
-683.971 -2668.56 390.313 360149 21.4564
-683.341 -2666.95 390.237 360149 21.4564
-682.712 -2665.35 390.16 360149 21.4564
-682.082 -2663.75 390.084 360149 21.4899
-681.455 -2662.16 390.008 360149 21.4899
-680.828 -2660.56 389.932 360149 21.4899
-680.201 -2658.97 389.855 360149 21.4899
-679.574 -2657.38 389.779 360149 21.4899
-678.947 -2655.79 389.703 360149 21.4899
-678.32 -2654.19 389.627 360149 21.428
-677.704 -2652.62 389.552 360149 21.428
-677.088 -2651.05 389.477 360149 21.428
-676.472 -2649.48 389.402 360149 21.428
-675.856 -2647.91 389.327 360149 21.428
-675.24 -2646.35 389.252 360149 21.428
-674.624 -2644.78 389.177 360149 21.4563
-674.014 -2643.22 389.103 360149 21.6028
-673.399 -2641.67 389.027 360149 22.1671
-672.77 -2640.13 388.943 360149 22.1671
-672.14 -2638.58 388.86 360149 22.1671
-671.511 -2637.04 388.776 360149 22.1671
-670.881 -2635.49 388.692 360149 22.1691
-670.253 -2633.95 388.609 360149 22.1691
-669.625 -2632.41 388.525 360149 22.1691
-668.997 -2630.87 388.442 360149 22.1691
-668.369 -2629.32 388.358 360149 22.1691
-667.741 -2627.78 388.275 360149 22.1691
-667.113 -2626.24 388.191 360149 22.1614
-666.484 -2624.7 388.108 360149 22.1614
-665.855 -2623.15 388.024 360149 22.1614
-665.226 -2621.61 387.941 360149 22.1614
-664.597 -2620.07 387.857 360149 22.1614
-663.969 -2618.52 387.773 360149 22.1614
-663.34 -2616.98 387.69 360149 22.1614
-662.711 -2615.43 387.606 360149 22.5007
-662.073 -2613.89 387.523 370149 22.8688
-661.425 -2612.36 387.437 370149 22.8688
-660.776 -2610.82 387.35 370149 22.8688
-660.128 -2609.28 387.263 370149 22.8688
-659.48 -2607.75 387.177 370149 22.8688
-658.833 -2606.21 387.09 370149 22.8688
-658.185 -2604.68 387.003 370149 22.8688
-657.537 -2603.14 386.917 370149 22.8688
-656.889 -2601.6 386.83 370149 22.8688
-656.241 -2600.07 386.743 370149 22.8688
-655.593 -2598.53 386.657 370149 22.8688
-654.945 -2597 386.57 370149 22.8688
-654.297 -2595.46 386.483 370149 22.8688
-653.649 -2593.92 386.397 370149 22.8688
-653.001 -2592.39 386.31 370149 22.8688
-652.353 -2590.85 386.223 370149 22.8688
-651.705 -2589.31 386.137 370149 22.8688
0 0 0 0 22.8688
0 0 0 0 22.8688
0 0 0 0 22.8688
0 0 0 0 22.8688
0 0 0 0 22.8688
0 0 0 0 22.8688
0 0 0 0 22.8688
0 0 0 0 22.8688
0 0 0 0 22.8688
0 0 0 0 22.8688
0 0 0 0 22.8688
0 0 0 0 22.8688
0 0 0 0 22.8688
0 0 0 0 22.8688
0 0 0 0 22.8688
0 0 0 0 22.8688
0 0 0 0 22.8688
0 0 0 0 22.8688
0 0 0 0 22.8688
0 0 0 0 22.8688
0 0 0 0 22.8688
0 0 0 0 22.8688
0 0 0 0 22.8688
0 0 0 0 22.8688
0 0 0 0 22.8688
0 0 0 0 22.8688
0 0 0 0 22.8688
0 0 0 0 22.8688
0 0 0 0 22.8688
0 0 0 0 22.8688
0 0 0 0 22.8688
0 0 0 0 22.8688
0 0 0 0 22.8688
0 0 0 0 22.8688
0 0 0 0 22.8688
0 0 0 0 22.8688
0 0 0 0 22.8688
0 0 0 0 22.8688
0 0 0 0 22.8688
0 0 0 0 22.8688
0 0 0 0 22.8688
0 0 0 0 22.8688
0 0 0 0 22.8688
0 0 0 0 22.8688
0 0 0 0 22.8688
0 0 0 0 22.8688
0 0 0 0 22.8688
0 0 0 0 22.8688
0 0 0 0 22.8688
0 0 0 0 22.8688
0 0 0 0 22.8688
0 0 0 0 22.8688
0 0 0 0 22.8688
0 0 0 0 22.8688
0 0 0 0 22.8688
0 0 0 0 22.8688
0 0 0 0 22.8688
0 0 0 0 22.8688
0 0 0 0 22.8688
0 0 0 0 22.8688
0 0 0 0 22.8688
0 0 0 0 22.8688
0 0 0 0 22.8688
0 0 0 0 22.8688
0 0 0 0 22.8688
0 0 0 0 22.8688
0 0 0 0 22.8688
0 0 0 0 22.8688
0 0 0 0 22.8688
0 0 0 0 22.8688
0 0 0 0 22.8688
0 0 0 0 22.8688
0 0 0 0 22.8688
0 0 0 0 22.8688
0 0 0 0 22.8688
0 0 0 0 22.8688
0 0 0 0 22.8688
0 0 0 0 22.8688
0 0 0 0 22.8688
0 0 0 0 22.8688
0 0 0 0 22.8688
0 0 0 0 22.8688
0 0 0 0 22.8688
0 0 0 0 22.8688
0 0 0 0 22.8688
0 0 0 0 22.8688
0 0 0 0 22.8688
0 0 0 0 22.8688
0 0 0 0 22.8688
0 0 0 0 22.8688
0 0 0 0 22.8688
0 0 0 0 22.8688
0 0 0 0 22.8688
0 0 0 0 22.8688
0 0 0 0 22.8688
0 0 0 0 22.8688
0 0 0 0 22.8688
0 0 0 0 22.8688
0 0 0 0 22.8688
0 0 0 0 22.8688
0 0 0 0 22.8688
0 0 0 0 22.8688
0 0 0 0 22.8688
0 0 0 0 22.8688
0 0 0 0 22.8688
0 0 0 0 22.8688
0 0 0 0 22.8688
0 0 0 0 22.8688
0 0 0 0 22.8688
0 0 0 0 22.8688
0 0 0 0 22.8688
0 0 0 0 22.8688
0 0 0 0 22.8688
0 0 0 0 22.8688
0 0 0 0 22.8688
0 0 0 0 22.8688
0 0 0 0 22.8688
0 0 0 0 22.8688
0 0 0 0 22.8688
0 0 0 0 22.8688
0 0 0 0 22.8688
0 0 0 0 22.8688
0 0 0 0 22.8688
0 0 0 0 22.8688
0 0 0 0 22.8688
0 0 0 0 22.8688
0 0 0 0 22.8688
0 0 0 0 22.8688
0 0 0 0 22.8688
0 0 0 0 22.8688
0 0 0 0 22.8688
0 0 0 0 22.8688
0 0 0 0 22.8688
0 0 0 0 22.8688
0 0 0 0 22.8688
0 0 0 0 22.8688
0 0 0 0 22.8688
0 0 0 0 22.8688
0 0 0 0 22.8688
0 0 0 0 22.8688
0 0 0 0 22.8688
0 0 0 0 22.8688
0 0 0 0 22.8688
0 0 0 0 22.8688
0 0 0 0 22.8688
0 0 0 0 22.8688
0 0 0 0 22.8688
0 0 0 0 22.8688
0 0 0 0 22.8688
0 0 0 0 22.8688
0 0 0 0 22.8688
0 0 0 0 22.8688
0 0 0 0 22.8688
0 0 0 0 22.8688
0 0 0 0 22.8688
0 0 0 0 22.8688
0 0 0 0 22.8688
0 0 0 0 22.8688
0 0 0 0 22.8688
0 0 0 0 22.8688
0 0 0 0 22.8688
0 0 0 0 22.8688
0 0 0 0 22.8688
0 0 0 0 22.8688
0 0 0 0 22.8688
0 0 0 0 22.8688
0 0 0 0 22.8688
0 0 0 0 22.8688
0 0 0 0 22.8688
0 0 0 0 22.8688
0 0 0 0 22.8688
0 0 0 0 22.8688
0 0 0 0 22.8688
0 0 0 0 22.8688
0 0 0 0 22.8688
0 0 0 0 22.8688
0 0 0 0 22.8688
0 0 0 0 22.8688
0 0 0 0 22.8688
0 0 0 0 22.8688
0 0 0 0 22.8688
0 0 0 0 22.8688
0 0 0 0 22.8688
0 0 0 0 22.8688
0 0 0 0 22.8688
0 0 0 0 22.8688
0 0 0 0 22.8688
0 0 0 0 22.8688
0 0 0 0 22.8688
0 0 0 0 22.8688
0 0 0 0 22.8688
0 0 0 0 22.8688
0 0 0 0 22.8688
0 0 0 0 22.8688
0 0 0 0 22.8688
0 0 0 0 22.8688
0 0 0 0 22.8688
0 0 0 0 22.8688
0 0 0 0 22.8688
0 0 0 0 22.8688
0 0 0 0 22.8688
0 0 0 0 22.8688
0 0 0 0 22.8688
0 0 0 0 22.8688
0 0 0 0 22.8688
0 0 0 0 22.8688
0 0 0 0 22.8688
0 0 0 0 22.8688
0 0 0 0 22.8688
0 0 0 0 22.8688
0 0 0 0 22.8688
0 0 0 0 22.8688
0 0 0 0 22.8688
0 0 0 0 22.8688
0 0 0 0 22.8688
0 0 0 0 22.8688
0 0 0 0 22.8688
0 0 0 0 22.8688
0 0 0 0 22.8688
0 0 0 0 22.8688
0 0 0 0 22.8688
0 0 0 0 22.8688
0 0 0 0 22.8688
0 0 0 0 22.8688
0 0 0 0 22.8688
0 0 0 0 22.8688
0 0 0 0 22.8688
0 0 0 0 22.8688
0 0 0 0 22.8688
0 0 0 0 22.8688
0 0 0 0 22.8688
0 0 0 0 22.8688
0 0 0 0 22.8688
0 0 0 0 22.8688
0 0 0 0 22.8688
0 0 0 0 22.8688
0 0 0 0 22.8688
0 0 0 0 22.8688
0 0 0 0 22.8688
0 0 0 0 22.8688
0 0 0 0 22.8688
0 0 0 0 22.8688
0 0 0 0 22.8688
0 0 0 0 22.8688
0 0 0 0 22.8688
0 0 0 0 22.8688
0 0 0 0 22.8688
0 0 0 0 22.8688
0 0 0 0 22.8688
0 0 0 0 22.8688
0 0 0 0 22.8688
0 0 0 0 22.8688
0 0 0 0 22.8688
0 0 0 0 22.8688
0 0 0 0 22.8688
0 0 0 0 22.8688
0 0 0 0 22.8688
0 0 0 0 22.8688
0 0 0 0 22.8688
0 0 0 0 22.8688
0 0 0 0 22.8688
0 0 0 0 22.8688
0 0 0 0 22.8688
0 0 0 0 22.8688
0 0 0 0 22.8688
0 0 0 0 22.8688
0 0 0 0 22.8688
0 0 0 0 22.8688
0 0 0 0 22.8688
0 0 0 0 22.8688
0 0 0 0 22.8688
0 0 0 0 22.8688
0 0 0 0 22.8688
0 0 0 0 22.8688
0 0 0 0 22.8688
0 0 0 0 22.8688
0 0 0 0 22.8688
0 0 0 0 22.8688
0 0 0 0 22.8688
0 0 0 0 22.8688
0 0 0 0 22.8688
0 0 0 0 22.8688
0 0 0 0 22.8688
0 0 0 0 22.8688
0 0 0 0 22.8688
0 0 0 0 22.8688
0 0 0 0 22.8688
0 0 0 0 22.8688
0 0 0 0 22.8688
0 0 0 0 22.8688
0 0 0 0 22.8688
0 0 0 0 22.8688
0 0 0 0 22.8688
0 0 0 0 22.8688
0 0 0 0 22.8688
0 0 0 0 22.8688
0 0 0 0 22.8688
0 0 0 0 22.8688
0 0 0 0 22.8688
0 0 0 0 22.8688
0 0 0 0 22.8688
0 0 0 0 22.8688
0 0 0 0 22.8688
0 0 0 0 22.8688
0 0 0 0 22.8688
0 0 0 0 22.8688
0 0 0 0 22.8688
0 0 0 0 22.8688
0 0 0 0 22.8688
0 0 0 0 22.8688
0 0 0 0 22.8688
0 0 0 0 22.8688
0 0 0 0 22.8688
0 0 0 0 22.8688
0 0 0 0 22.8688
0 0 0 0 22.8688
0 0 0 0 22.8688
0 0 0 0 22.8688
0 0 0 0 22.8688
0 0 0 0 22.8688
0 0 0 0 22.8688
0 0 0 0 22.8688
0 0 0 0 22.8688
0 0 0 0 22.8688
0 0 0 0 22.8688
0 0 0 0 22.8688
0 0 0 0 22.8688
0 0 0 0 22.8688
0 0 0 0 22.8688
0 0 0 0 22.8688
0 0 0 0 22.8688
0 0 0 0 22.8688
0 0 0 0 22.8688
0 0 0 0 22.8688
0 0 0 0 22.8688
0 0 0 0 22.8688
0 0 0 0 22.8688
0 0 0 0 22.8688
0 0 0 0 22.8688
0 0 0 0 22.8688
0 0 0 0 22.8688
0 0 0 0 22.8688
0 0 0 0 22.8688
0 0 0 0 22.8688
0 0 0 0 22.8688
0 0 0 0 22.8688
0 0 0 0 22.8688
0 0 0 0 22.8688
0 0 0 0 22.8688
0 0 0 0 22.8688
0 0 0 0 22.8688
0 0 0 0 22.8688
0 0 0 0 22.8688
0 0 0 0 22.8688
0 0 0 0 22.8688
0 0 0 0 22.8688
0 0 0 0 22.8688
0 0 0 0 22.8688
0 0 0 0 22.8688
0 0 0 0 22.8688
0 0 0 0 22.8688
0 0 0 0 22.8688
0 0 0 0 22.8688
0 0 0 0 22.8688
0 0 0 0 22.8688
0 0 0 0 22.8688
0 0 0 0 22.8688
0 0 0 0 22.8688
0 0 0 0 22.8688
0 0 0 0 22.8688
0 0 0 0 22.8688
0 0 0 0 22.8688
0 0 0 0 22.8688
0 0 0 0 22.8688
0 0 0 0 22.8688
0 0 0 0 22.8688
0 0 0 0 22.8688
0 0 0 0 22.8688
0 0 0 0 22.8688
0 0 0 0 22.8688
0 0 0 0 22.8688
0 0 0 0 22.8688
0 0 0 0 22.8688
0 0 0 0 22.8688
0 0 0 0 22.8688
0 0 0 0 22.8688
0 0 0 0 22.8688
0 0 0 0 22.8688
0 0 0 0 22.8688
0 0 0 0 22.8688
0 0 0 0 22.8688
0 0 0 0 22.8688
0 0 0 0 22.8688
0 0 0 0 22.8688
0 0 0 0 22.8688
0 0 0 0 22.8688
0 0 0 0 22.8688
0 0 0 0 22.8688
0 0 0 0 22.8688
0 0 0 0 22.8688
0 0 0 0 22.8688
0 0 0 0 22.8688
0 0 0 0 22.8688
0 0 0 0 22.8688
0 0 0 0 22.8688
0 0 0 0 22.8688
0 0 0 0 22.8688
0 0 0 0 22.8688
0 0 0 0 22.8688
0 0 0 0 22.8688
0 0 0 0 22.8688
0 0 0 0 22.8688
0 0 0 0 22.8688
0 0 0 0 22.8688
0 0 0 0 22.8688
0 0 0 0 22.8688
0 0 0 0 22.8688
0 0 0 0 22.8688
0 0 0 0 22.8688
0 0 0 0 22.8688
0 0 0 0 22.8688
0 0 0 0 22.8688
0 0 0 0 22.8688
0 0 0 0 22.8688
0 0 0 0 22.8688
0 0 0 0 22.8688
0 0 0 0 22.8688
0 0 0 0 22.8688
0 0 0 0 22.8688
0 0 0 0 22.8688
0 0 0 0 22.8688
0 0 0 0 22.8688
0 0 0 0 22.8688
0 0 0 0 22.8688
0 0 0 0 22.8688
0 0 0 0 22.8688
0 0 0 0 22.8688
0 0 0 0 22.8688
0 0 0 0 22.8688
0 0 0 0 22.8688
0 0 0 0 22.8688
0 0 0 0 22.8688
0 0 0 0 22.8688
0 0 0 0 22.8688
0 0 0 0 22.8688
0 0 0 0 22.8688
0 0 0 0 22.8688
0 0 0 0 22.8688
0 0 0 0 22.8688
0 0 0 0 22.8688
0 0 0 0 22.8688
0 0 0 0 22.8688
0 0 0 0 22.8688
0 0 0 0 22.8688
0 0 0 0 22.8688
0 0 0 0 22.8688
0 0 0 0 22.8688
0 0 0 0 22.8688
0 0 0 0 22.8688
0 0 0 0 22.8688
0 0 0 0 22.8688
0 0 0 0 22.8688
0 0 0 0 22.8688
0 0 0 0 22.8688
0 0 0 0 22.8688
0 0 0 0 22.8688
0 0 0 0 22.8688
0 0 0 0 22.8688
0 0 0 0 22.8688
0 0 0 0 22.8688
0 0 0 0 22.8688
0 0 0 0 22.8688
0 0 0 0 22.8688
0 0 0 0 22.8688
0 0 0 0 22.8688
0 0 0 0 22.8688
0 0 0 0 22.8688
0 0 0 0 22.8688
0 0 0 0 22.8688
0 0 0 0 22.8688
0 0 0 0 22.8688
0 0 0 0 22.8688
0 0 0 0 22.8688
0 0 0 0 22.8688
0 0 0 0 22.8688
0 0 0 0 22.8688
0 0 0 0 22.8688
0 0 0 0 22.8688
0 0 0 0 22.8688
0 0 0 0 22.8688
0 0 0 0 22.8688
0 0 0 0 22.8688
0 0 0 0 22.8688
0 0 0 0 22.8688
0 0 0 0 22.8688
0 0 0 0 22.8688
0 0 0 0 22.8688
0 0 0 0 22.8688
0 0 0 0 22.8688
0 0 0 0 22.8688
0 0 0 0 22.8688
0 0 0 0 22.8688
0 0 0 0 22.8688
0 0 0 0 22.8688
0 0 0 0 22.8688
0 0 0 0 22.8688
0 0 0 0 22.8688
0 0 0 0 22.8688
0 0 0 0 22.8688
0 0 0 0 22.8688
0 0 0 0 22.8688
0 0 0 0 22.8688
0 0 0 0 22.8688
0 0 0 0 22.8688
0 0 0 0 22.8688
0 0 0 0 22.8688
0 0 0 0 22.8688
0 0 0 0 22.8688
0 0 0 0 22.8688
0 0 0 0 22.8688
0 0 0 0 22.8688
0 0 0 0 22.8688
0 0 0 0 22.8688
0 0 0 0 22.8688
0 0 0 0 22.8688
0 0 0 0 22.8688
0 0 0 0 22.8688
0 0 0 0 22.8688
0 0 0 0 22.8688
0 0 0 0 22.8688
0 0 0 0 22.8688
0 0 0 0 22.8688
0 0 0 0 22.8688
0 0 0 0 22.8688
0 0 0 0 22.8688
0 0 0 0 22.8688
0 0 0 0 22.8688
0 0 0 0 22.8688
0 0 0 0 22.8688
0 0 0 0 22.8688
0 0 0 0 22.8688
0 0 0 0 22.8688
0 0 0 0 22.8688
0 0 0 0 22.8688
0 0 0 0 22.8688
0 0 0 0 22.8688
0 0 0 0 22.8688
0 0 0 0 22.8688
0 0 0 0 22.8688
0 0 0 0 22.8688
0 0 0 0 22.8688
0 0 0 0 22.8688
0 0 0 0 22.8688
0 0 0 0 22.8688
0 0 0 0 22.8688
0 0 0 0 22.8688
0 0 0 0 22.8688
0 0 0 0 22.8688
0 0 0 0 22.8688
0 0 0 0 22.8688
0 0 0 0 22.8688
0 0 0 0 22.8688
0 0 0 0 22.8688
0 0 0 0 22.8688
0 0 0 0 22.8688
0 0 0 0 22.8688
0 0 0 0 22.8688
0 0 0 0 22.8688
0 0 0 0 22.8688
0 0 0 0 22.8688
0 0 0 0 22.8688
0 0 0 0 22.8688
0 0 0 0 22.8688
0 0 0 0 22.8688
0 0 0 0 22.8688
0 0 0 0 22.8688
0 0 0 0 22.8688
0 0 0 0 22.8688
0 0 0 0 22.8688
0 0 0 0 22.8688
0 0 0 0 22.8688
0 0 0 0 22.8688
0 0 0 0 22.8688
0 0 0 0 22.8688
0 0 0 0 22.8688
0 0 0 0 22.8688
0 0 0 0 22.8688
0 0 0 0 0
