945.009 3005.94 377.823 800149 4.7113
945.136 3007.48 377.87 800149 4.70634
945.264 3009.03 377.918 800149 4.69333
945.391 3010.58 377.966 800149 4.69333
945.518 3012.12 378.014 800149 4.69333
945.645 3013.67 378.062 800149 4.69333
945.772 3015.22 378.11 800149 4.68316
945.898 3016.76 378.158 800149 4.68316
946.024 3018.3 378.206 800149 4.68316
946.151 3019.85 378.254 800149 4.68316
946.277 3021.39 378.302 800149 4.68316
946.404 3022.93 378.35 800149 4.68316
946.53 3024.48 378.398 800149 4.74755
946.657 3026.01 378.446 800149 4.74603
946.785 3027.54 378.494 800149 4.74497
946.912 3029.07 378.543 800149 4.74497
947.039 3030.61 378.592 800149 4.74497
947.166 3032.14 378.641 800149 4.74497
947.293 3033.67 378.69 800149 4.81046
947.421 3035.19 378.738 800149 4.81046
947.549 3036.71 378.786 800149 4.81046
947.677 3038.23 378.835 800149 4.81046
947.805 3039.75 378.883 800149 4.81046
947.933 3041.27 378.931 800149 4.81046
948.061 3042.79 378.98 800149 4.87006
948.19 3044.3 379.028 800149 4.87982
948.319 3045.82 379.077 800149 4.88287
948.448 3047.33 379.126 800149 4.88287
948.577 3048.84 379.176 800149 4.88287
948.706 3050.35 379.225 800149 4.88287
948.836 3051.86 379.275 800149 4.89592
948.965 3053.37 379.324 800149 4.89592
949.094 3054.88 379.373 800149 4.89592
949.223 3056.39 379.423 800149 4.89592
949.353 3057.9 379.472 800149 4.89592
949.482 3059.41 379.521 800149 4.89592
949.611 3060.92 379.57 800149 4.88331
949.74 3062.43 379.62 800149 4.90661
949.87 3063.94 379.67 800149 4.91152
949.999 3065.44 379.721 800149 4.91152
950.129 3066.95 379.772 800149 4.91152
950.259 3068.46 379.823 800149 4.91152
950.388 3069.97 379.874 800149 4.91132
950.518 3071.48 379.924 800149 4.91132
950.648 3072.99 379.975 800149 4.91132
950.778 3074.5 380.026 800149 4.91132
950.907 3076.01 380.077 800149 4.91132
951.037 3077.52 380.128 800149 4.91132
951.167 3079.03 380.179 800149 4.90922
951.297 3080.54 380.23 800149 4.82602
951.424 3082.05 380.283 810149 4.84625
951.552 3083.56 380.336 810149 4.84625
951.68 3085.08 380.388 810149 4.84625
951.808 3086.59 380.441 810149 4.84625
951.936 3088.1 380.494 810149 4.85075
952.064 3089.6 380.547 810149 4.85075
952.192 3091.11 380.6 810149 4.85075
952.32 3092.62 380.653 810149 4.85075
952.448 3094.13 380.705 810149 4.85075
952.576 3095.64 380.758 810149 4.85075
952.704 3097.15 380.811 810149 4.86116
952.833 3098.65 380.864 810149 4.86116
952.961 3100.16 380.917 810149 4.86073
953.089 3101.67 380.97 810149 4.85853
953.218 3103.18 381.025 810149 4.85853
953.346 3104.69 381.08 810149 4.85853
953.474 3106.2 381.134 810149 4.83894
953.602 3107.71 381.19 810149 4.83894
953.731 3109.23 381.245 810149 4.83894
953.859 3110.74 381.3 810149 4.83894
953.987 3112.25 381.355 810149 4.83894
954.115 3113.77 381.41 810149 4.83894
954.243 3115.28 381.465 810149 4.75822
954.37 3116.81 381.52 810149 4.75822
954.497 3118.33 381.576 810149 4.75822
954.624 3119.86 381.631 810149 4.75822
954.751 3121.38 381.687 810149 4.75853
954.878 3122.91 381.743 810149 4.75995
955.005 3124.43 381.8 810149 4.65354
955.131 3125.98 381.858 810149 4.65354
955.256 3127.52 381.916 810149 4.65354
955.382 3129.07 381.974 810149 4.65354
955.508 3130.61 382.032 810149 4.65354
955.633 3132.15 382.09 810149 4.65354
955.759 3133.7 382.148 810149 4.71814
955.888 3135.26 382.207 810149 4.71814
956.017 3136.82 382.265 810149 4.71814
956.146 3138.39 382.324 810149 4.71814
956.275 3139.95 382.383 810149 4.71814
956.404 3141.51 382.442 810149 4.71814
956.533 3143.07 382.5 810149 5.02389
956.671 3144.64 382.56 810149 5.02691
956.809 3146.21 382.62 810149 5.02691
956.947 3147.78 382.681 810149 5.02691
957.085 3149.35 382.742 810149 5.02691
957.223 3150.92 382.802 810149 5.02691
957.361 3152.49 382.863 810149 5.10551
957.5 3154.04 382.923 810149 5.10551
957.639 3155.6 382.983 810149 5.10551
957.778 3157.16 383.043 810149 5.10551
957.917 3158.71 383.103 810149 5.10551
958.056 3160.27 383.163 810149 5.10551
958.195 3161.83 383.223 810149 5.01057
958.329 3163.35 383.282 810149 5.01057
958.463 3164.88 383.341 810149 5.01986
958.598 3166.41 383.401 810149 5.02103
958.732 3167.94 383.461 810149 5.02103
958.866 3169.47 383.521 810149 5.02103
959 3171 383.581 810149 4.74481
959.125 3172.5 383.64 810149 4.74481
959.25 3174 383.699 810149 4.74481
959.374 3175.5 383.758 810149 4.74481
959.499 3177.01 383.818 810149 4.74481
959.624 3178.51 383.877 810149 4.74481
959.749 3180.01 383.936 0 4.57753
959.868 3181.5 383.994 0 4.57753
959.987 3182.99 384.053 0 4.57753
960.107 3184.48 384.112 0 4.57753
960.226 3185.97 384.17 0 4.58945
960.346 3187.47 384.23 0 4.59235
960.465 3188.96 384.289 0 4.66898
960.587 3190.45 384.349 0 4.66898
960.709 3191.94 384.408 0 4.66898
960.831 3193.43 384.468 0 4.66898
960.952 3194.92 384.527 0 4.66898
961.074 3196.41 384.587 0 4.66898
961.196 3197.9 384.646 0 4.66895
961.318 3199.39 384.706 0 4.66895
961.44 3200.88 384.766 0 4.66895
961.561 3202.38 384.825 0 4.66895
961.683 3203.87 384.885 0 4.66895
961.805 3205.36 384.944 0 4.66895
961.927 3206.86 385.004 810149 4.67795
962.05 3208.35 385.064 810149 4.68601
962.172 3209.84 385.124 810149 4.68601
962.294 3211.34 385.185 810149 4.68601
962.417 3212.83 385.245 810149 4.68601
962.539 3214.33 385.305 810149 4.68601
962.662 3215.82 385.365 0 4.69026
962.784 3217.31 385.426 0 4.69026
962.907 3218.81 385.486 0 4.69026
963.03 3220.3 385.546 0 4.69026
963.152 3221.79 385.606 0 4.69026
963.275 3223.29 385.667 0 4.69026
963.397 3224.78 385.727 0 4.68601
963.52 3226.28 385.787 0 4.68601
963.642 3227.77 385.847 0 4.69494
963.765 3229.26 385.908 0 4.70957
963.888 3230.76 385.968 0 4.70957
964.011 3232.25 386.029 0 4.70957
964.134 3233.74 386.089 0 4.7117
964.257 3235.24 386.15 0 4.7117
964.38 3236.73 386.211 0 4.7117
964.503 3238.23 386.271 0 4.7117
964.626 3239.72 386.332 0 4.7117
964.749 3241.21 386.392 0 4.7117
964.873 3242.71 386.453 0 4.7117
964.996 3244.2 386.513 0 4.7117
965.119 3245.69 386.574 0 4.7117
965.242 3247.19 386.634 0 4.7117
965.365 3248.68 386.695 0 4.71656
965.488 3250.17 386.755 0 4.73963
965.612 3251.66 386.816 810149 4.73961
965.736 3253.16 386.877 810149 4.73961
965.86 3254.65 386.937 810149 4.73961
965.984 3256.15 386.998 810149 4.73961
966.108 3257.65 387.058 810149 4.73961
966.232 3259.14 387.119 810149 4.73961
966.356 3260.64 387.18 810149 4.73955
966.48 3262.14 387.241 810149 4.73955
966.604 3263.64 387.301 810149 4.73955
966.729 3265.14 387.362 810149 4.73955
966.853 3266.64 387.423 810149 4.73955
966.978 3268.14 387.484 810149 4.73955
967.102 3269.64 387.545 810149 4.73775
967.226 3271.14 387.606 810149 4.76977
967.351 3272.63 387.666 810149 4.76977
967.476 3274.13 387.726 810149 4.76977
967.601 3275.63 387.787 810149 4.76977
967.725 3277.12 387.847 810149 4.76977
967.85 3278.62 387.907 0 4.91826
967.976 3280.07 387.966 0 4.91826
968.101 3281.53 388.025 0 4.91826
968.226 3282.98 388.084 0 4.91826
968.351 3284.44 388.143 0 4.91826
968.477 3285.9 388.201 0 4.91826
968.602 3287.35 388.26 0 4.77284
968.719 3288.76 388.317 0 4.77284
968.837 3290.16 388.374 0 4.77284
968.954 3291.57 388.43 0 4.64352
969.068 3292.98 388.486 0 4.62081
969.182 3294.38 388.543 0 4.62081
969.296 3295.79 388.599 0 4.612
969.406 3297.15 388.653 0 4.612
969.515 3298.51 388.708 0 4.612
969.625 3299.87 388.762 0 4.612
969.735 3301.24 388.817 0 4.612
969.845 3302.6 388.871 0 4.612
969.955 3303.96 388.925 0 4.46226
970.057 3305.26 388.977 0 4.45855
970.158 3306.57 389.029 0 4.45855
970.26 3307.87 389.081 0 4.45855
970.361 3309.17 389.133 0 4.45855
970.463 3310.47 389.185 0 4.45855
970.564 3311.78 389.237 0 4.57513
970.667 3313.06 389.289 0 4.57513
970.77 3314.34 389.34 0 4.57513
970.873 3315.63 389.391 0 4.57513
970.975 3316.91 389.442 0 4.57552
971.078 3318.2 389.493 0 4.57722
971.181 3319.48 389.545 0 4.60924
971.286 3320.78 389.597 0 4.60924
971.391 3322.09 389.649 0 4.60924
971.496 3323.39 389.701 0 4.60924
971.601 3324.69 389.753 0 4.60924
971.706 3325.99 389.805 0 4.60924
971.811 3327.3 389.856 0 4.62316
971.92 3328.64 389.91 0 4.62316
972.029 3329.99 389.964 0 4.62537
972.137 3331.33 390.017 0 4.63249
972.246 3332.68 390.071 0 4.63249
972.355 3334.02 390.125 0 4.63249
972.464 3335.37 390.178 0 4.66181
972.577 3336.75 390.233 0 4.66181
972.69 3338.13 390.289 0 4.66181
972.802 3339.51 390.344 0 4.66181
972.915 3340.89 390.399 0 4.66181
973.027 3342.27 390.454 0 4.66181
973.14 3343.65 390.509 0 4.61371
973.252 3345.04 390.564 0 4.61871
973.365 3346.43 390.62 0 4.61871
973.477 3347.83 390.676 0 4.61871
973.59 3349.22 390.731 0 4.61871
973.702 3350.61 390.787 0 4.61871
973.815 3352 390.843 0 4.65086
973.927 3353.38 390.898 0 4.65086
974.039 3354.76 390.953 0 4.65086
974.151 3356.14 391.008 0 4.65754
974.263 3357.51 391.063 0 4.67467
974.376 3358.89 391.118 0 4.67467
974.488 3360.27 391.173 0 4.5998
974.597 3361.61 391.227 0 4.5998
974.705 3362.96 391.281 0 4.5998
974.813 3364.31 391.335 0 4.5998
974.922 3365.65 391.389 0 4.5998
975.03 3367 391.443 0 4.5998
975.138 3368.35 391.497 0 4.63967
975.246 3369.67 391.55 0 4.65883
975.354 3371 391.603 0 4.67072
975.462 3372.33 391.656 0 4.67072
975.571 3373.65 391.709 0 4.67072
975.679 3374.98 391.763 0 4.67072
975.787 3376.3 391.816 0 4.66829
975.895 3377.63 391.869 0 4.66829
976.003 3378.95 391.922 0 4.66829
976.112 3380.27 391.975 0 4.66829
976.22 3381.6 392.029 0 4.66829
976.328 3382.92 392.082 0 4.69744
976.436 3384.24 392.135 0 4.70901
976.546 3385.57 392.189 0 4.70901
976.655 3386.9 392.242 0 4.70901
976.764 3388.22 392.296 0 4.70901
976.873 3389.55 392.349 0 4.70901
976.982 3390.87 392.403 0 4.70901
977.092 3392.2 392.456 0 4.70664
977.201 3393.53 392.51 0 4.70664
977.31 3394.86 392.563 0 4.70664
977.42 3396.18 392.617 0 4.74857
977.53 3397.51 392.671 0 4.75218
977.641 3398.84 392.725 0 4.75218
977.751 3400.17 392.778 0 4.75456
977.861 3401.5 392.832 0 4.75456
977.972 3402.82 392.886 0 4.75456
978.082 3404.15 392.94 0 4.75456
978.193 3405.48 392.994 0 4.75456
978.303 3406.81 393.048 0 4.75456
978.413 3408.14 393.101 0 4.75934
978.524 3409.46 393.155 0 4.80734
978.636 3410.79 393.209 0 4.80734
978.747 3412.12 393.264 0 4.80734
978.859 3413.45 393.318 0 4.80734
978.971 3414.77 393.372 0 4.80734
979.082 3416.1 393.426 0 4.80734
979.194 3417.43 393.48 0 4.80734
979.306 3418.76 393.534 0 4.80734
979.417 3420.08 393.589 0 4.80734
979.529 3421.41 393.643 0 4.65907
979.637 3422.74 393.695 0 4.58854
979.744 3424.07 393.748 0 4.58854
979.851 3425.4 393.8 0 4.60772
979.958 3426.73 393.852 0 4.61009
980.065 3428.06 393.905 0 4.61113
980.172 3429.38 393.957 0 4.61698
980.279 3430.71 394.01 0 4.61698
980.386 3432.04 394.062 0 4.61139
980.494 3433.37 394.115 0 4.60682
980.601 3434.7 394.168 0 4.60682
980.708 3436.02 394.222 0 4.59174
980.814 3437.35 394.275 0 4.58438
980.921 3438.68 394.329 0 4.58438
981.027 3440.01 394.383 0 4.55221
981.133 3441.34 394.437 0 4.54967
981.239 3442.67 394.491 0 4.53982
981.344 3443.99 394.546 0 4.49791
981.449 3445.32 394.602 0 4.49791
981.553 3446.65 394.657 0 4.46812
981.657 3447.98 394.713 0 4.4291
981.76 3449.31 394.769 0 4.4291
981.863 3450.64 394.826 0 4.37172
981.964 3451.97 394.883 0 4.34801
982.066 3453.3 394.941 0 4.34801
982.167 3454.63 394.998 0 4.25547
982.266 3455.96 395.057 0 4.25223
982.364 3457.28 395.116 0 4.70327
982.472 3458.59 395.168 0 4.96483
982.587 3459.92 395.215 0 4.96483
982.702 3461.25 395.261 0 4.96483
982.818 3462.57 395.308 0 4.96483
982.933 3463.9 395.355 0 4.88642
983.046 3465.22 395.403 0 4.84344
983.158 3466.54 395.452 0 4.84344
983.27 3467.86 395.5 0 4.84344
983.382 3469.18 395.549 0 4.84344
983.494 3470.51 395.598 0 4.77448
983.604 3471.83 395.649 0 4.75071
983.715 3473.16 395.7 0 4.75071
983.825 3474.48 395.751 0 4.75071
983.935 3475.81 395.802 0 4.75071
984.045 3477.14 395.853 0 4.69321
984.154 3478.46 395.905 0 4.66979
984.263 3479.79 395.958 0 4.52879
984.37 3481.14 396.011 0 4.52879
984.477 3482.49 396.065 0 4.52879
984.584 3483.84 396.118 0 4.48091
984.689 3485.19 396.173 0 4.46928
984.795 3486.54 396.227 0 4.46928
984.9 3487.89 396.281 0 4.4833
985.01 3489.29 396.338 0 4.48321
985.12 3490.69 396.394 0 4.44534
985.228 3492.08 396.451 0 4.44522
985.337 3493.48 396.508 0 4.44522
985.446 3494.88 396.564 0 4.44522
985.554 3496.28 396.621 0 4.49205
985.667 3497.71 396.679 0 4.48054
985.78 3499.15 396.737 0 4.48054
985.892 3500.58 396.796 0 4.48054
986.004 3502.02 396.854 0 4.48054
986.117 3503.45 396.912 0 4.48398
986.229 3504.89 396.969 0 4.48992
986.346 3506.37 397.028 0 4.48992
986.462 3507.86 397.088 0 4.48992
986.579 3509.34 397.147 0 4.49682
986.695 3510.82 397.206 0 4.51608
986.813 3512.3 397.263 0 4.51608
986.93 3513.79 397.321 840149 4.38869
987.045 3515.29 397.38 840149 4.38869
987.161 3516.8 397.439 840149 4.42969
987.278 3518.31 397.496 840149 4.43627
987.395 3519.81 397.552 840149 4.43627
987.511 3521.32 397.609 840149 4.43627
987.628 3522.83 397.665 840149 4.62911
987.75 3524.33 397.731 850149 4.67955
987.874 3525.84 397.796 850149 4.64555
987.997 3527.35 397.861 850149 4.57513
988.118 3528.86 397.925 850149 4.57513
988.238 3530.37 397.988 850149 4.51324
988.358 3531.89 398.049 850149 4.51331
988.476 3533.39 398.11 850149 4.49907
988.595 3534.9 398.17 850149 4.46583
988.713 3536.4 398.229 850149 4.46583
988.83 3537.91 398.288 850149 4.45094
988.948 3539.42 398.346 850149 4.44683
989.065 3540.92 398.404 850149 4.50998
989.183 3542.42 398.461 850149 4.51693
989.302 3543.92 398.517 850149 4.51693
989.42 3545.42 398.574 850149 4.54508
989.539 3546.92 398.63 850149 4.55488
989.659 3548.42 398.686 850149 4.56942
989.779 3549.93 398.742 850149 4.68885
989.902 3551.42 398.798 850149 4.68885
990.024 3552.92 398.854 850149 4.75456
990.149 3554.42 398.91 850149 4.78375
990.274 3555.91 398.967 850149 4.80427
990.4 3557.41 399.023 850149 4.90712
990.529 3558.91 399.081 850149 4.96222
990.658 3560.4 399.138 850149 4.73888
990.782 3561.9 399.197 860149 4.75216
990.907 3563.39 399.257 860149 4.74831
991.031 3564.89 399.316 860149 4.7003
991.154 3566.38 399.375 860149 4.7003
991.277 3567.88 399.433 0 4.70472
991.399 3569.37 399.491 0 4.66729
991.521 3570.86 399.549 0 4.66729
991.643 3572.36 399.606 0 4.65585
991.765 3573.85 399.663 0 4.62766
991.886 3575.35 399.719 0 4.62766
992.007 3576.84 399.776 0 4.60166
992.127 3578.33 399.832 0 4.5814
992.247 3579.83 399.888 0 4.5814
992.366 3581.32 399.944 0 4.56763
992.486 3582.81 400 0 4.554
992.605 3584.31 400.055 0 4.554
992.724 3585.8 400.111 0 4.54102
992.843 3587.3 400.167 0 4.53272
992.961 3588.79 400.223 0 4.53272
993.079 3590.29 400.278 0 4.52184
993.198 3591.78 400.335 0 4.51755
993.316 3593.27 400.391 0 4.51755
993.434 3594.77 400.447 860149 4.51433
993.552 3596.26 400.504 860149 4.51275
993.67 3597.76 400.561 860149 4.51275
993.788 3599.25 400.617 860149 4.51001
993.905 3600.74 400.675 860149 4.50982
994.023 3602.24 400.733 0 4.60704
994.143 3603.73 400.789 870149 4.76266
994.268 3605.22 400.84 870149 4.76266
994.392 3606.72 400.891 870149 4.76266
994.517 3608.22 400.942 870149 4.76266
994.642 3609.71 400.993 870149 4.76266
994.766 3611.21 401.044 870149 4.73828
994.89 3612.7 401.095 0 4.7159
995.013 3614.19 401.146 0 4.7159
995.137 3615.69 401.197 0 4.7159
995.26 3617.18 401.248 0 4.7159
995.383 3618.67 401.299 0 4.7159
995.506 3620.17 401.35 0 4.69421
995.629 3621.66 401.401 0 4.68271
995.75 3623.15 401.452 0 4.68271
995.872 3624.63 401.502 0 4.68271
995.994 3626.12 401.553 0 4.68271
996.115 3627.6 401.604 0 4.68271
996.237 3629.09 401.654 0 4.66787
996.358 3630.57 401.705 0 4.68455
996.48 3632.05 401.755 0 4.68455
996.601 3633.53 401.806 0 4.68455
996.722 3635.01 401.856 0 4.68455
996.843 3636.49 401.907 0 4.68455
996.965 3637.97 401.957 0 4.67952
997.086 3639.45 402.007 0 4.6913
997.208 3640.94 402.058 0 4.6913
997.329 3642.42 402.109 0 4.6913
997.451 3643.9 402.159 0 4.6913
997.573 3645.39 402.21 0 4.6913
997.695 3646.87 402.26 0 4.69838
997.817 3648.36 402.311 870149 4.61225
997.939 3649.87 402.362 870149 4.61225
998.061 3651.38 402.414 870149 4.61225
998.183 3652.89 402.465 870149 4.61225
998.305 3654.4 402.517 870149 4.61477
998.427 3655.91 402.568 870149 4.63342
998.549 3657.43 402.62 870149 4.67376
998.676 3658.98 402.673 870149 4.67376
998.804 3660.54 402.726 870149 4.67376
998.931 3662.1 402.779 870149 4.67376
999.059 3663.66 402.832 870149 4.68991
999.187 3665.22 402.885 870149 4.70852
999.315 3666.78 402.938 870149 4.80027
999.449 3668.38 402.993 870149 4.80027
999.583 3669.97 403.047 870149 4.80027
999.717 3671.57 403.102 870149 4.80027
999.851 3673.16 403.156 870149 4.84584
999.987 3674.76 403.21 870149 4.84862
1000.12 3676.36 403.265 870149 4.88123
1000.26 3678 403.321 870149 4.88123
1000.4 3679.64 403.377 870149 4.88123
1000.54 3681.28 403.433 870149 4.91556
1000.68 3682.92 403.489 870149 4.94316
1000.83 3684.56 403.545 870149 4.94316
1000.97 3686.21 403.601 870149 4.86549
1001.11 3687.87 403.657 870149 4.86549
1001.25 3689.53 403.714 870149 4.52638
1001.38 3691.2 403.742 880149 4.23752
1001.51 3692.86 403.78 880149 4.22217
1001.63 3694.53 403.844 880149 4.23024
1001.75 3696.19 403.912 880149 4.25984
1001.88 3697.86 403.962 880149 4.77235
1002.01 3699.52 404.02 890149 4.68469
1002.15 3701.18 404.073 890149 4.68469
1002.29 3702.85 404.127 890149 4.68469
1002.42 3704.51 404.18 890149 4.68469
1002.56 3706.18 404.234 890149 4.68667
1002.7 3707.84 404.287 890149 4.68667
1002.83 3709.5 404.34 890149 4.68667
1002.97 3711.16 404.394 890149 4.69023
1003.11 3712.83 404.445 890149 4.69037
1003.24 3714.49 404.496 890149 4.69037
1003.38 3716.15 404.547 890149 4.6904
1003.51 3717.81 404.599 890149 4.6904
1003.65 3719.47 404.65 890149 4.6904
1003.79 3721.13 404.701 890149 4.6904
1003.92 3722.79 404.752 890149 4.6904
1004.06 3724.45 404.804 890149 4.6911
1004.2 3726.11 404.854 890149 4.6895
1004.33 3727.77 404.903 890149 4.6895
1004.47 3729.43 404.953 890149 4.6895
1004.6 3731.09 405.002 890149 4.6895
1004.74 3732.75 405.051 890149 4.6895
1004.88 3734.41 405.101 890149 4.6895
1005.01 3736.07 405.15 890149 4.69141
1005.15 3737.73 405.2 890149 4.69073
1005.28 3739.39 405.249 890149 4.68975
1005.42 3741.05 405.297 890149 4.68975
1005.56 3742.71 405.345 890149 4.68975
1005.69 3744.37 405.393 890149 4.68975
1005.83 3746.03 405.441 890149 4.68974
1005.97 3747.69 405.489 890149 4.68974
1006.1 3749.35 405.537 890149 4.68974
1006.24 3751.01 405.585 890149 4.68915
1006.37 3752.67 405.632 890149 4.6854
1006.51 3754.33 405.679 890149 4.6854
1006.65 3755.99 405.726 890149 4.6835
1006.78 3757.66 405.773 890149 4.6835
1006.92 3759.32 405.819 890149 4.6835
1007.06 3760.98 405.866 890149 4.6835
1007.19 3762.64 405.913 890149 4.6835
1007.33 3764.3 405.959 890149 4.6835
1007.46 3765.96 406.006 890149 4.67936
1007.6 3767.62 406.052 890149 4.67839
1007.73 3769.28 406.098 890149 4.67839
1007.87 3770.94 406.143 890149 4.67839
1008.01 3772.6 406.189 890149 4.67839
1008.14 3774.26 406.235 890149 4.67839
1008.28 3775.92 406.281 890149 4.67648
1008.41 3777.58 406.326 890149 4.67648
1008.55 3779.24 406.372 890149 4.67079
1008.69 3780.9 406.417 890149 4.66679
1008.82 3782.56 406.462 890149 4.66679
1008.96 3784.22 406.507 890149 4.66679
1009.09 3785.88 406.552 890149 4.6687
1009.23 3787.54 406.597 890149 4.6687
1009.36 3789.2 406.642 890149 4.6687
1009.5 3790.86 406.687 890149 4.6687
1009.63 3792.53 406.732 890149 4.66484
1009.77 3794.19 406.777 890149 4.65633
1009.91 3795.85 406.821 890149 4.65442
1010.04 3797.51 406.866 890149 4.65442
1010.18 3799.17 406.91 890149 4.65442
1010.31 3800.83 406.955 890149 4.65442
1010.45 3802.49 406.999 890149 4.65442
1010.58 3804.15 407.044 890149 4.65442
1010.72 3805.81 407.088 890149 4.65578
1010.85 3807.47 407.133 890149 4.64128
1010.99 3809.13 407.177 890149 4.64128
1011.12 3810.79 407.221 890149 4.64128
1011.26 3812.45 407.266 890149 4.64128
1011.39 3814.11 407.31 890149 4.64128
1011.53 3815.77 407.354 890149 4.64128
1011.66 3817.43 407.398 890149 4.64128
1011.8 3819.09 407.443 890149 4.64128
1011.93 3820.75 407.487 890149 4.62778
1012.06 3822.42 407.531 890149 4.62355
1012.2 3824.08 407.575 890149 4.62355
1012.33 3825.74 407.62 890149 4.62168
1012.47 3827.4 407.664 890149 4.62168
1012.6 3829.05 407.708 890149 4.62168
1012.74 3830.71 407.752 890149 4.62168
1012.87 3832.37 407.796 890149 4.62168
1013 3834.03 407.841 890149 4.7457
1013.14 3835.68 407.88 900149 4.77859
1013.28 3837.35 407.919 900149 4.77859
1013.42 3839.01 407.958 900149 4.77859
1013.56 3840.67 407.996 900149 4.77859
1013.7 3842.33 408.035 900149 4.77859
1013.84 3844 408.073 900149 4.77859
1013.98 3845.66 408.112 900149 4.77651
1014.11 3847.33 408.151 900149 4.77651
1014.25 3849 408.189 900149 4.77593
1014.39 3850.67 408.228 900149 4.74289
1014.53 3852.34 408.266 900149 4.74289
1014.67 3854.02 408.304 900149 4.74289
1014.81 3855.69 408.342 900149 4.73335
1014.95 3857.36 408.38 900149 4.73335
1015.09 3859.04 408.418 900149 4.73335
1015.23 3860.71 408.456 900149 4.73335
1015.36 3862.39 408.494 900149 4.73335
1015.5 3864.06 408.532 900149 4.73335
1015.64 3865.74 408.57 900149 4.68574
1015.78 3867.41 408.607 900149 4.66787
1015.92 3869.08 408.644 900149 4.66787
1016.05 3870.75 408.681 900149 4.66787
1016.19 3872.42 408.718 900149 4.66787
1016.33 3874.1 408.756 900149 4.66787
1016.46 3875.77 408.793 900149 4.66777
1016.6 3877.43 408.829 900149 4.66777
1016.73 3879.09 408.866 900149 4.66777
1016.87 3880.76 408.903 900149 4.66777
1017 3882.42 408.94 900149 4.65795
1017.14 3884.08 408.976 900149 4.65005
1017.28 3885.74 409.012 900149 4.65001
1017.41 3887.4 409.048 900149 4.65001
1017.55 3889.06 409.084 900149 4.65001
1017.68 3890.72 409.12 900149 4.65001
1017.82 3892.38 409.156 900149 4.65001
1017.95 3894.04 409.192 900149 4.65001
1018.08 3895.7 409.228 900149 4.65194
1018.22 3897.36 409.264 900149 4.65194
1018.36 3899.02 409.3 900149 4.64454
1018.49 3900.68 409.335 900149 4.64218
1018.63 3902.34 409.371 900149 4.64218
1018.76 3904 409.406 900149 4.64218
1018.89 3905.66 409.441 900149 4.63835
1019.03 3907.32 409.476 900149 4.63835
1019.16 3908.98 409.511 900149 4.63835
1019.3 3910.64 409.546 900149 4.63835
1019.43 3912.3 409.582 900149 4.63835
1019.57 3913.96 409.617 900149 4.63835
1019.7 3915.62 409.652 900149 4.64045
1019.84 3917.28 409.686 900149 4.64039
1019.97 3918.95 409.721 900149 4.64039
1020.11 3920.61 409.755 900149 4.64039
1020.24 3922.27 409.789 900149 4.64039
1020.38 3923.93 409.824 900149 4.64039
1020.51 3925.59 409.858 900149 4.63662
1020.65 3927.26 409.893 900149 4.63662
1020.78 3928.92 409.927 900149 4.63662
1020.92 3930.59 409.962 900149 4.6378
1021.05 3932.26 409.996 900149 4.64277
1021.19 3933.92 410.03 900149 4.64277
1021.32 3935.59 410.063 900149 4.65991
1021.46 3937.25 410.097 900149 4.65991
1021.59 3938.92 410.13 900149 4.65991
1021.73 3940.58 410.164 900149 4.65991
1021.87 3942.24 410.198 900149 4.65991
1022 3943.91 410.231 900149 4.65991
1022.14 3945.57 410.265 900149 4.67335
1022.27 3947.22 410.298 900149 4.67911
1022.41 3948.87 410.331 900149 4.68746
1022.54 3950.51 410.364 900149 4.68746
1022.68 3952.16 410.396 900149 4.68746
1022.81 3953.81 410.429 900149 4.68746
1022.95 3955.45 410.461 900149 4.63254
1023.08 3957.06 410.493 900149 4.63254
1023.21 3958.68 410.525 900149 4.63254
1023.34 3960.29 410.557 900149 4.63254
1023.47 3961.9 410.589 900149 4.63254
1023.6 3963.51 410.62 900149 4.64172
1023.73 3965.12 410.652 900149 4.56642
1023.86 3966.69 410.682 900149 4.56642
1023.98 3968.26 410.712 900149 4.56642
1024.11 3969.83 410.743 900149 4.56642
1024.23 3971.4 410.773 900149 4.56642
1024.36 3972.97 410.803 900149 4.56642
1024.48 3974.54 410.833 900149 4.55133
1024.6 3976.07 410.863 900149 4.55133
1024.73 3977.61 410.893 900149 4.55133
1024.85 3979.15 410.922 900149 4.55133
1024.97 3980.69 410.952 900149 4.58089
1025.09 3982.22 410.981 900149 4.58134
1025.22 3983.76 411.01 900149 4.69868
1025.34 3985.29 411.038 900149 4.69868
1025.47 3986.81 411.067 900149 4.69868
1025.59 3988.34 411.096 900149 4.69868
1025.72 3989.86 411.124 900149 4.69868
1025.84 3991.38 411.153 900149 4.69868
1025.97 3992.91 411.182 900149 4.72366
1026.1 3994.43 411.21 900149 4.72366
1026.22 3995.95 411.239 900149 4.58321
1026.34 3997.48 411.26 910149 4.5216
1026.46 3999.01 411.278 910149 4.5216
1026.59 4000.53 411.296 910149 4.5216
1026.71 4002.05 411.314 910149 4.50916
1026.83 4003.58 411.331 910149 4.50916
1026.95 4005.11 411.349 910149 4.50916
1027.07 4006.64 411.367 910149 4.50916
1027.19 4008.17 411.385 910149 4.53027
1027.31 4009.69 411.403 910149 4.55958
1027.43 4011.22 411.422 910149 4.55959
1027.55 4012.75 411.442 910149 4.55959
1027.67 4014.28 411.461 910149 4.55959
1027.8 4015.81 411.48 910149 4.55959
1027.92 4017.34 411.499 910149 4.55959
1028.04 4018.87 411.518 910149 4.55959
1028.16 4020.39 411.538 910149 4.5672
1028.28 4021.92 411.557 910149 4.60036
1028.41 4023.45 411.577 910149 4.60036
1028.53 4024.98 411.598 910149 4.60036
1028.65 4026.51 411.618 910149 4.60036
1028.78 4028.03 411.638 910149 4.60036
1028.9 4029.56 411.658 910149 4.60033
1029.02 4031.09 411.679 910149 4.60033
1029.14 4032.61 411.699 910149 4.60033
1029.27 4034.14 411.719 910149 4.62976
1029.39 4035.66 411.74 910149 4.63145
1029.51 4037.19 411.761 910149 4.63145
1029.64 4038.71 411.782 910149 4.62937
1029.76 4040.24 411.803 910149 4.62937
1029.88 4041.76 411.824 910149 4.62937
1030.01 4043.29 411.844 910149 4.62937
1030.13 4044.81 411.865 910149 4.62937
1030.26 4046.34 411.886 910149 4.64431
1030.38 4047.86 411.907 910149 4.6489
1030.5 4049.4 411.929 910149 4.6489
1030.63 4050.93 411.95 910149 4.6489
1030.75 4052.46 411.972 910149 4.6489
1030.88 4054 411.993 910149 4.6489
1031 4055.53 412.014 910149 4.6489
1031.13 4057.06 412.036 910149 4.64104
1031.25 4058.62 412.058 910149 4.64702
1031.38 4060.17 412.079 910149 4.65287
1031.51 4061.73 412.101 910149 4.65287
1031.63 4063.28 412.123 910149 4.65287
1031.76 4064.83 412.144 910149 4.65287
1031.89 4066.39 412.166 910149 4.70356
1032.02 4067.97 412.188 910149 4.70356
1032.15 4069.55 412.21 910149 4.70356
1032.28 4071.13 412.232 910149 4.70459
1032.41 4072.71 412.254 910149 4.70575
1032.54 4074.29 412.276 910149 4.70575
1032.67 4075.87 412.298 910149 4.69557
1032.8 4077.48 412.32 910149 4.69557
1032.93 4079.08 412.342 910149 4.69557
1033.06 4080.69 412.364 910149 4.69557
1033.19 4082.29 412.386 910149 4.69557
1033.32 4083.89 412.408 910149 4.69119
1033.46 4085.5 412.43 910149 4.68415
1033.59 4087.1 412.451 910149 4.68415
1033.72 4088.71 412.472 910149 4.68415
1033.85 4090.32 412.494 910149 4.68415
1033.98 4091.93 412.515 910149 4.68415
1034.11 4093.53 412.537 910149 4.68415
1034.25 4095.14 412.558 910149 4.68618
1034.38 4096.73 412.579 910149 4.67341
1034.51 4098.33 412.6 910149 4.66908
1034.64 4099.92 412.62 910149 4.66908
1034.77 4101.52 412.64 910149 4.66908
1034.9 4103.11 412.66 910149 4.66908
1035.03 4104.71 412.68 910149 4.6871
1035.16 4106.3 412.7 910149 4.6871
1035.29 4107.88 412.72 910149 4.6871
1035.42 4109.47 412.74 910149 4.66459
1035.55 4111.06 412.759 910149 4.66035
1035.68 4112.65 412.778 910149 4.66035
1035.81 4114.23 412.796 910149 4.71211
1035.94 4115.83 412.815 910149 4.71211
1036.07 4117.42 412.834 910149 4.71211
1036.2 4119.01 412.853 910149 4.71211
1036.33 4120.6 412.871 910149 4.71211
1036.46 4122.19 412.89 910149 4.73549
1036.6 4123.78 412.912 920149 4.7184
1036.73 4125.39 412.934 920149 4.7184
1036.86 4126.99 412.955 920149 4.7184
1036.99 4128.59 412.977 920149 4.7184
1037.12 4130.2 412.998 920149 4.7184
1037.26 4131.8 413.02 920149 4.7184
1037.39 4133.41 413.041 920149 4.73
1037.52 4135.02 413.063 920149 4.73137
1037.66 4136.63 413.085 920149 4.73244
1037.79 4138.23 413.106 920149 4.73244
1037.92 4139.84 413.128 920149 4.73244
1038.06 4141.45 413.15 920149 4.73244
1038.19 4143.06 413.172 920149 4.75037
1038.32 4144.67 413.194 920149 4.75037
1038.46 4146.27 413.216 920149 4.75037
1038.59 4147.88 413.238 920149 4.75037
1038.72 4149.49 413.26 920149 4.75372
1038.86 4151.09 413.282 920149 4.75406
1038.99 4152.7 413.303 920149 4.75999
1039.12 4154.31 413.325 920149 4.75999
1039.26 4155.91 413.347 920149 4.75999
1039.39 4157.52 413.369 920149 4.75999
1039.52 4159.12 413.391 920149 4.75999
1039.66 4160.73 413.413 920149 4.75999
1039.79 4162.34 413.435 920149 4.75527
1039.93 4163.94 413.457 920149 4.75901
1040.06 4165.55 413.479 920149 4.75901
1040.19 4167.16 413.501 920149 4.75901
1040.33 4168.76 413.522 920149 4.75901
1040.46 4170.37 413.544 920149 4.75901
1040.59 4171.97 413.566 920149 4.73925
1040.73 4173.58 413.588 920149 4.73925
1040.86 4175.19 413.61 920149 4.73925
1040.99 4176.79 413.631 920149 4.74286
1041.13 4178.4 413.653 920149 4.74545
1041.26 4180.01 413.674 920149 4.74545
1041.39 4181.61 413.696 920149 4.73756
1041.53 4183.22 413.717 920149 4.73756
1041.66 4184.83 413.739 920149 4.73756
1041.79 4186.43 413.76 920149 4.73756
1041.93 4188.04 413.782 920149 4.73756
1042.06 4189.65 413.803 920149 4.73756
1042.19 4191.25 413.824 920149 4.7464
1042.33 4192.86 413.845 920149 4.74699
1042.46 4194.47 413.866 920149 4.74699
1042.59 4196.07 413.887 920149 4.74699
1042.73 4197.68 413.908 920149 4.74699
1042.86 4199.28 413.929 920149 4.74699
1042.99 4200.89 413.949 920149 4.74895
1043.13 4202.5 413.97 920149 4.74895
1043.26 4204.1 413.991 920149 4.75121
1043.39 4205.71 414.012 920149 4.75766
1043.53 4207.32 414.032 920149 4.75766
1043.66 4208.92 414.052 920149 4.75766
1043.79 4210.53 414.072 920149 4.75964
1043.93 4212.14 414.092 920149 4.75964
1044.06 4213.74 414.112 920149 4.75964
1044.2 4215.35 414.132 920149 4.75964
1044.33 4216.96 414.152 920149 4.75964
1044.46 4218.56 414.172 920149 4.7656
1044.6 4220.17 414.191 920149 4.76759
1044.73 4221.78 414.21 920149 4.76759
1044.87 4223.38 414.229 920149 4.76759
1045 4224.99 414.248 920149 4.76759
1045.13 4226.6 414.267 920149 4.76759
1045.27 4228.21 414.286 920149 4.76759
1045.4 4229.81 414.305 920149 4.77545
1045.54 4231.42 414.324 920149 4.77545
1045.67 4233.03 414.343 920149 4.78602
1045.81 4234.64 414.361 920149 4.78667
1045.94 4236.24 414.378 920149 4.78667
1046.07 4237.85 414.396 920149 4.78667
1046.21 4239.46 414.414 920149 4.78089
1046.34 4241.07 414.431 920149 4.78089
1046.48 4242.67 414.449 920149 4.78089
1046.61 4244.28 414.467 920149 4.78089
1046.75 4245.88 414.484 920149 4.78439
1046.88 4247.49 414.501 920149 4.79336
1047.02 4249.09 414.518 920149 4.74011
1047.15 4250.69 414.534 920149 4.74011
1047.28 4252.28 414.55 920149 4.74011
1047.41 4253.88 414.566 920149 4.74011
1047.54 4255.48 414.582 920149 4.74011
1047.68 4257.08 414.598 920149 4.74011
1047.81 4258.67 414.614 920149 4.6743
1047.94 4260.26 414.63 920149 4.56159
1048.07 4261.85 414.652 930149 4.54813
1048.19 4263.44 414.674 930149 4.54813
1048.32 4265.02 414.697 930149 4.54813
1048.45 4266.61 414.72 930149 4.54813
1048.57 4268.2 414.742 930149 4.49369
1048.7 4269.78 414.765 930149 4.49369
1048.82 4271.36 414.787 930149 4.49369
1048.94 4272.94 414.81 930149 4.49369
1049.07 4274.52 414.832 930149 4.49369
1049.19 4276.1 414.854 930149 4.49369
1049.32 4277.68 414.877 930149 4.49844
1049.44 4279.26 414.899 930149 4.50419
1049.56 4280.83 414.921 930149 4.50419
1049.69 4282.41 414.942 930149 4.50419
1049.81 4283.99 414.964 930149 4.50419
1049.94 4285.56 414.986 930149 4.50419
1050.06 4287.14 415.007 930149 4.51387
1050.19 4288.71 415.029 930149 4.51387
1050.31 4290.28 415.051 930149 4.51387
1050.43 4291.85 415.072 930149 4.51387
1050.56 4293.42 415.094 930149 4.51387
1050.68 4294.99 415.116 930149 4.52161
1050.81 4296.56 415.137 930149 4.53221
1050.93 4298.15 415.158 930149 4.53221
1051.06 4299.73 415.18 930149 4.53221
1051.18 4301.32 415.201 930149 4.53221
1051.31 4302.9 415.222 930149 4.53221
1051.43 4304.49 415.243 930149 4.53221
1051.56 4306.07 415.265 930149 4.53378
1051.69 4307.68 415.286 930149 4.53378
1051.82 4309.3 415.308 930149 4.53378
1051.94 4310.91 415.33 930149 4.53378
1052.07 4312.52 415.351 930149 4.5394
1052.2 4314.13 415.373 930149 4.55
1052.33 4315.74 415.394 930149 4.45443
1052.45 4317.36 415.415 930149 4.45443
1052.58 4318.98 415.437 930149 4.45443
1052.71 4320.6 415.458 930149 4.45443
1052.83 4322.22 415.48 930149 4.45443
1052.96 4323.84 415.501 930149 4.45443
1053.08 4325.46 415.522 930149 4.39194
1053.21 4327.07 415.544 930149 4.39194
1053.33 4328.68 415.565 930149 4.39194
1053.45 4330.29 415.586 930149 4.39765
1053.58 4331.89 415.607 930149 4.40691
1053.7 4333.5 415.628 930149 4.40691
1053.83 4335.11 415.649 930149 4.41166
1053.95 4336.7 415.67 930149 4.41166
1054.07 4338.29 415.691 930149 4.41166
1054.19 4339.87 415.711 930149 4.41166
1054.32 4341.46 415.732 930149 4.41166
1054.44 4343.05 415.753 930149 4.41166
1054.56 4344.64 415.774 930149 4.43838
1054.68 4346.23 415.795 930149 4.43838
1054.81 4347.82 415.815 930149 4.44206
1054.93 4349.42 415.836 930149 4.4521
1055.06 4351.01 415.857 930149 4.4521
1055.18 4352.6 415.878 930149 4.4521
1055.3 4354.2 415.899 930149 4.49528
1055.43 4355.82 415.92 930149 4.49528
1055.56 4357.44 415.941 930149 4.49528
1055.69 4359.07 415.962 930149 4.49528
1055.81 4360.69 415.983 930149 4.49528
1055.94 4362.31 416.004 930149 4.49528
1056.07 4363.93 416.026 930149 4.52231
1056.2 4365.58 416.047 930149 4.52627
1056.33 4367.22 416.068 930149 4.53479
1056.46 4368.86 416.09 930149 4.53479
1056.59 4370.5 416.112 930149 4.53479
1056.72 4372.14 416.133 930149 4.53479
1056.85 4373.78 416.155 930149 4.5412
1056.98 4375.43 416.176 930149 4.5412
1057.11 4377.07 416.198 930149 4.5412
1057.24 4378.72 416.22 930149 4.5412
1057.37 4380.37 416.241 930149 4.5412
1057.5 4382.02 416.263 930149 4.5412
1057.64 4383.66 416.284 930149 4.54156
1057.77 4385.31 416.306 930149 4.54658
1057.9 4386.96 416.328 930149 4.54658
1058.03 4388.61 416.35 930149 4.54658
1058.16 4390.25 416.372 930149 4.54658
1058.29 4391.9 416.394 930149 4.54658
1058.42 4393.55 416.416 930149 4.54836
1058.55 4395.19 416.438 930149 4.54836
1058.68 4396.84 416.46 930149 4.54836
1058.81 4398.48 416.482 930149 4.54836
1058.94 4400.13 416.504 930149 4.54836
1059.08 4401.77 416.525 930149 4.55631
1059.21 4403.42 416.548 930149 4.55619
1059.34 4405.06 416.57 930149 4.55619
1059.47 4406.7 416.592 930149 4.55619
1059.6 4408.35 416.615 930149 4.55619
1059.73 4409.99 416.637 930149 4.55619
1059.86 4411.63 416.66 930149 4.55619
1059.99 4413.28 416.682 930149 4.55586
1060.12 4414.91 416.704 930149 4.55586
1060.25 4416.55 416.727 930149 4.55586
1060.38 4418.19 416.749 930149 4.55597
1060.51 4419.83 416.771 930149 4.56458
1060.65 4421.47 416.794 930149 4.56458
1060.78 4423.11 416.817 930149 4.56717
1060.91 4424.76 416.84 930149 4.56717
1061.04 4426.4 416.863 930149 4.56717
1061.17 4428.05 416.886 930149 4.56717
1061.3 4429.7 416.909 930149 4.56717
1061.43 4431.34 416.932 930149 4.56717
1061.57 4432.99 416.955 930149 4.50126
1061.7 4434.65 416.979 930149 4.50126
1061.83 4436.31 417.002 930149 4.4202
1061.95 4437.97 417.023 940149 4.36099
1062.08 4439.63 417.044 940149 4.36099
1062.21 4441.29 417.065 940149 4.36099
1062.33 4442.95 417.085 940149 4.38336
1062.46 4444.62 417.106 940149 4.38336
1062.59 4446.29 417.126 940149 4.38336
1062.72 4447.96 417.147 940149 4.38336
1062.85 4449.63 417.168 940149 4.38336
1062.97 4451.3 417.188 940149 4.38336
1063.1 4452.97 417.209 940149 4.44132
1063.23 4454.67 417.23 940149 4.40272
1063.37 4456.36 417.252 940149 4.40272
1063.5 4458.06 417.273 940149 4.40272
1063.63 4459.75 417.295 940149 4.40272
1063.76 4461.45 417.316 940149 4.40272
1063.89 4463.14 417.338 940149 4.62482
1064.03 4464.88 417.36 940149 4.62482
1064.17 4466.61 417.382 940149 4.62482
1064.31 4468.34 417.403 940149 4.62482
1064.45 4470.08 417.425 940149 4.58798
1064.59 4471.81 417.447 940149 4.52651
1064.72 4473.55 417.469 940149 4.46317
1064.86 4475.32 417.492 940149 4.46317
1065 4477.1 417.514 940149 4.46317
1065.14 4478.88 417.536 940149 4.46317
1065.28 4480.65 417.559 940149 4.46317
1065.42 4482.43 417.581 940149 4.46317
1065.56 4484.21 417.604 940149 4.46078
1065.7 4486.01 417.626 940149 4.46078
1065.84 4487.81 417.649 940149 4.35511
1065.97 4489.61 417.671 940149 4.32244
1066.11 4491.41 417.693 940149 4.32244
1066.25 4493.21 417.716 940149 4.32244
1066.38 4495.01 417.738 940149 4.32249
1066.52 4496.81 417.76 940149 4.32249
1066.66 4498.61 417.782 940149 4.32249
1066.79 4500.41 417.804 940149 4.32249
1066.93 4502.21 417.826 940149 4.32249
1067.06 4504.01 417.848 940149 4.27302
1067.2 4505.81 417.869 940149 4.14602
1067.33 4507.61 417.89 940149 4.14602
1067.46 4509.4 417.911 940149 4.14602
1067.59 4511.19 417.932 940149 4.14602
1067.72 4512.99 417.952 940149 4.14602
1067.85 4514.78 417.973 940149 4.14602
1067.98 4516.58 417.994 940149 4.14602
1068.11 4518.37 418.015 940149 4.14602
1068.24 4520.17 418.035 940149 4.14602
1068.37 4521.96 418.056 940149 3.98018
1068.49 4523.76 418.076 940149 3.92764
1068.62 4525.55 418.095 940149 3.92764
1068.74 4527.35 418.113 940149 3.9135
1068.86 4529.14 418.132 940149 3.9135
1068.99 4530.94 418.151 940149 3.9135
1069.11 4532.73 418.17 940149 3.9135
1069.23 4534.53 418.189 940149 3.9135
1069.35 4536.32 418.208 940149 3.9135
1069.48 4538.12 418.227 940149 3.8787
1069.6 4539.91 418.245 940149 3.68162
1069.71 4541.71 418.262 940149 3.68162
1069.83 4543.5 418.279 940149 3.68162
1069.95 4545.3 418.295 940149 3.68162
1070.06 4547.1 418.312 940149 3.68162
1070.18 4548.89 418.328 940149 3.72553
1070.29 4550.69 418.345 940149 3.72553
1070.41 4552.49 418.361 940149 3.72553
1070.53 4554.3 418.378 940149 3.72553
1070.65 4556.1 418.395 940149 3.50764
1070.76 4557.9 418.409 940149 3.42717
1070.86 4559.7 418.423 940149 3.44763
1070.97 4561.51 418.436 940149 3.44763
1071.08 4563.32 418.45 940149 3.44763
1071.19 4565.14 418.464 940149 3.44763
1071.3 4566.95 418.478 940149 3.44763
1071.41 4568.76 418.491 940149 3.44763
1071.52 4570.57 418.505 940149 3.4279
1071.63 4572.39 418.519 940149 3.33034
1071.73 4574.21 418.532 940149 3.08961
1071.83 4576.03 418.542 940149 3.08961
1071.93 4577.85 418.552 940149 3.08961
1072.03 4579.68 418.562 940149 3.08961
1072.13 4581.5 418.572 940149 3.04383
1072.22 4583.33 418.582 940149 3.04383
1072.32 4585.16 418.593 940149 3.04383
1072.42 4586.99 418.603 940149 3.04383
1072.52 4588.83 418.613 940149 3.04383
1072.61 4590.66 418.623 940149 2.69558
1072.7 4592.49 418.63 940149 2.64114
1072.79 4594.34 418.636 940149 2.64114
1072.87 4596.19 418.642 940149 2.64114
1072.96 4598.03 418.648 940149 2.64114
1073.04 4599.88 418.654 940149 2.64114
1073.13 4601.73 418.66 940149 2.64114
1073.21 4603.57 418.666 940149 2.63765
1073.3 4605.42 418.673 940149 2.63765
1073.38 4607.27 418.679 940149 2.69598
1073.47 4609.12 418.689 950149 2.64026
1073.55 4610.97 418.699 950149 2.64026
1073.64 4612.82 418.709 950149 2.64026
1073.72 4614.67 418.719 950149 2.5938
1073.81 4616.51 418.729 950149 2.5938
1073.89 4618.36 418.74 950149 2.5938
1073.98 4620.2 418.75 950149 2.5938
1074.06 4622.05 418.76 950149 2.5938
1074.14 4623.89 418.77 950149 2.5938
1074.23 4625.74 418.78 950149 2.59197
1074.31 4627.57 418.79 950149 2.34684
1074.38 4629.41 418.796 950149 2.29369
1074.46 4631.24 418.801 950149 2.29369
1074.53 4633.08 418.807 950149 2.29369
1074.61 4634.91 418.812 950149 2.29369
1074.68 4636.75 418.818 950149 2.29364
1074.75 4638.57 418.823 950149 2.29364
1074.83 4640.4 418.828 950149 2.29364
1074.9 4642.23 418.834 950149 2.29364
1074.97 4644.06 418.839 950149 2.29364
1075.04 4645.89 418.845 950149 2.29364
1075.12 4647.72 418.85 950149 2.10872
1075.19 4649.55 418.853 950149 1.99612
1075.25 4651.39 418.854 950149 1.99612
1075.31 4653.22 418.856 950149 1.99612
1075.38 4655.05 418.857 950149 1.99612
1075.44 4656.88 418.858 950149 1.99612
1075.5 4658.72 418.859 950149 1.99438
1075.57 4660.55 418.861 950149 1.99438
1075.63 4662.38 418.862 950149 1.99438
1075.7 4664.21 418.863 950149 1.99438
1075.76 4666.05 418.865 950149 1.99438
1075.82 4667.88 418.866 950149 1.86593
1075.88 4669.71 418.866 950149 1.69411
1075.94 4671.54 418.863 950149 1.69411
1075.99 4673.38 418.861 950149 1.69411
1076.05 4675.21 418.859 950149 1.69411
1076.1 4677.04 418.856 950149 1.69411
1076.15 4678.88 418.854 950149 1.69411
1076.21 4680.71 418.852 950149 1.69585
1076.26 4682.54 418.849 950149 1.69585
1076.32 4684.38 418.847 950149 1.69585
1076.37 4686.21 418.844 950149 1.69585
1076.43 4688.04 418.842 950149 1.6255
1076.48 4689.88 418.839 950149 1.3946
1076.52 4691.71 418.834 950149 1.39457
1076.57 4693.54 418.828 950149 1.39457
1076.61 4695.37 418.822 950149 1.39457
1076.66 4697.2 418.817 950149 1.39457
1076.7 4699.04 418.811 950149 1.39457
1076.75 4700.87 418.806 950149 1.39457
1076.79 4702.7 418.8 950149 1.39278
1076.83 4704.52 418.795 950149 1.39278
1076.88 4706.35 418.789 950149 1.39278
1076.92 4708.17 418.784 950149 1.38887
1076.97 4710 418.778 950149 1.09057
1077 4711.82 418.77 950149 1.09057
1077.04 4713.65 418.762 950149 1.06284
1077.07 4715.48 418.754 950149 1.06284
1077.11 4717.31 418.745 950149 1.06284
1077.14 4719.15 418.737 950149 1.06284
1077.17 4720.98 418.729 950149 1.06284
1077.21 4722.81 418.721 950149 1.06284
1077.24 4724.64 418.712 950149 1.10634
1077.28 4726.51 418.704 950149 1.10634
1077.31 4728.38 418.695 950149 1.10634
1077.35 4730.25 418.687 950149 0.8455
1077.38 4732.11 418.677 950149 0.803199
1077.4 4733.98 418.666 950149 0.803199
1077.43 4735.85 418.655 950149 0.989108
1077.46 4737.77 418.644 950149 0.989107
1077.5 4739.69 418.633 950149 0.989107
1077.53 4741.61 418.622 950149 0.989106
1077.56 4743.52 418.611 950149 0.989106
1077.59 4745.44 418.6 950149 0.989105
1077.63 4747.36 418.589 950149 1.13249
1077.67 4749.32 418.578 950149 1.09466
1077.7 4751.29 418.567 950149 0.828432
1077.73 4753.25 418.553 950149 0.828431
1077.76 4755.21 418.54 950149 0.828429
1077.79 4757.18 418.527 950149 0.828427
1077.82 4759.14 418.514 950149 0.957949
1077.85 4761.16 418.5 950149 0.957945
1077.89 4763.18 418.487 950149 0.957941
1077.92 4765.2 418.473 950149 0.957937
1077.95 4767.22 418.46 950149 0.957934
1077.99 4769.24 418.446 950149 0.95793
1078.02 4771.26 418.432 950149 0.888647
1078.05 4773.31 418.417 950149 0.840182
1078.08 4775.36 418.402 950149 0.840174
1078.11 4777.41 418.387 950149 0.840167
1078.14 4779.46 418.372 950149 0.840159
1078.17 4781.51 418.356 950149 0.840151
1078.2 4783.56 418.341 950149 0.813206
1078.23 4785.59 418.326 950149 0.8132
1078.26 4787.61 418.311 950149 0.813193
1078.29 4789.64 418.296 950149 0.813186
1078.32 4791.67 418.281 950149 0.577267
1078.34 4793.69 418.265 950149 0.507359
1078.36 4795.72 418.249 950149 0.300681
1078.37 4797.71 418.233 950149 0.300678
1078.38 4799.69 418.218 950149 0.300675
1078.39 4801.68 418.202 950149 0.300672
1078.4 4803.66 418.186 950149 0.300669
1078.41 4805.65 418.171 950149 0.300666
1078.42 4807.63 418.155 950149 0.116184
1078.42 4809.57 418.14 950149 0.116183
1078.43 4811.52 418.124 950149 -0.0575814
1078.42 4813.46 418.104 960149 -0.196249
1078.42 4815.4 418.081 960149 -0.19625
1078.41 4817.34 418.059 960149 -0.196251
1078.4 4819.29 418.036 960149 -0.373936
1078.39 4821.19 418.014 960149 -0.373936
1078.38 4823.1 417.992 960149 -0.373936
1078.37 4825 417.97 960149 -0.373936
1078.35 4826.91 417.947 960149 -0.373936
1078.34 4828.81 417.925 960149 -0.373936
1078.33 4830.72 417.903 960149 -0.582857
1078.31 4832.58 417.881 960149 -0.582858
1078.29 4834.45 417.86 960149 -0.756588
1078.27 4836.31 417.836 960149 -0.911272
1078.24 4838.18 417.811 960149 -0.911273
1078.21 4840.04 417.786 960149 -0.911273
1078.18 4841.91 417.761 960149 -1.09862
1078.14 4843.74 417.737 960149 -1.09862
1078.11 4845.57 417.712 960149 -1.09862
1078.07 4847.4 417.688 960149 -1.09862
1078.04 4849.23 417.663 960149 -1.09863
1078 4851.06 417.639 960149 -1.09863
1077.97 4852.89 417.614 960149 -1.04886
1077.93 4854.71 417.59 960149 -1.04886
1077.9 4856.54 417.565 960149 -1.04886
1077.87 4858.37 417.541 960149 -1.34441
1077.82 4860.19 417.513 960149 -1.37723
1077.78 4862.02 417.486 960149 -1.37723
1077.74 4863.85 417.458 960149 -1.37755
1077.69 4865.68 417.431 960149 -1.37755
1077.65 4867.51 417.403 960149 -1.37755
1077.6 4869.35 417.375 960149 -1.37756
1077.56 4871.18 417.348 960149 -1.37756
1077.52 4873.02 417.32 960149 -1.37756
1077.47 4874.85 417.293 960149 -1.36384
1077.43 4876.69 417.265 960149 -1.36384
1077.38 4878.52 417.237 960149 -1.36384
1077.34 4880.35 417.21 960149 -1.43838
1077.3 4882.19 417.181 960149 -1.69214
1077.24 4884.02 417.151 960149 -1.69214
1077.19 4885.86 417.121 960149 -1.70385
1077.13 4887.67 417.091 960149 -1.70385
1077.08 4889.48 417.06 960149 -1.70386
1077.02 4891.3 417.03 960149 -1.70386
1076.97 4893.11 417 960149 -1.70386
1076.92 4894.93 416.97 960149 -1.70386
1076.86 4896.74 416.94 960149 -1.74211
1076.81 4898.53 416.91 960149 -1.74212
1076.75 4900.32 416.881 960149 -1.74212
1076.7 4902.11 416.851 960149 -1.74212
1076.65 4903.89 416.821 960149 -1.86889
1076.59 4905.68 416.791 960149 -2.07033
1076.52 4907.47 416.758 960149 -2.03477
1076.46 4909.24 416.727 960149 -2.03477
1076.4 4911 416.695 960149 -2.03477
1076.33 4912.77 416.663 960149 -2.03477
1076.27 4914.54 416.631 960149 -2.03477
1076.21 4916.3 416.6 960149 -2.03477
1076.15 4918.07 416.568 960149 -1.86385
1076.09 4919.83 416.536 960149 -1.86385
1076.03 4921.6 416.504 960149 -1.86385
1075.97 4923.36 416.472 960149 -1.86385
1075.92 4925.12 416.441 960149 -1.86385
1075.86 4926.89 416.409 960149 -1.94583
1075.8 4928.65 416.377 960149 -2.01208
1075.74 4930.43 416.342 960149 -2.01208
1075.67 4932.21 416.308 960149 -2.01208
1075.61 4934 416.274 960149 -2.01208
1075.55 4935.78 416.239 960149 -2.01208
1075.49 4937.56 416.205 960149 -2.01208
1075.42 4939.34 416.171 960149 -1.97249
1075.36 4941.11 416.136 960149 -1.97249
1075.3 4942.89 416.102 960149 -1.97249
1075.24 4944.67 416.068 960149 -1.97249
1075.18 4946.44 416.034 960149 -1.97249
1075.12 4948.22 415.999 960149 -1.97249
1075.06 4949.99 415.965 960149 -2.05718
1074.99 4951.74 415.931 960149 -2.32812
1074.92 4953.48 415.895 960149 -2.32812
1074.85 4955.23 415.86 960149 -2.32812
1074.78 4956.98 415.824 960149 -2.32812
1074.71 4958.72 415.788 960149 -2.32812
1074.64 4960.47 415.753 960149 -2.29637
1074.57 4962.2 415.717 960149 -2.29637
1074.5 4963.93 415.682 960149 -2.29637
1074.43 4965.66 415.647 960149 -2.29637
1074.36 4967.39 415.611 960149 -2.29637
1074.29 4969.13 415.576 960149 -2.29637
1074.22 4970.86 415.54 960149 -2.14178
1074.16 4972.6 415.505 960149 -2.14178
1074.09 4974.34 415.469 960149 -2.41045
1074.02 4976.08 415.432 960149 -2.46957
1073.94 4977.83 415.395 960149 -2.46957
1073.87 4979.57 415.357 960149 -2.46957
1073.79 4981.31 415.32 960149 -2.47226
1073.72 4983.08 415.282 960149 -2.47226
1073.64 4984.86 415.244 960149 -2.47226
1073.56 4986.63 415.206 960149 -2.47226
1073.49 4988.41 415.167 960149 -2.47226
1073.41 4990.18 415.129 960149 -2.47226
1073.33 4991.95 415.091 960149 -2.47081
1073.26 4993.74 415.053 960149 -2.47081
1073.18 4995.53 415.014 960149 -2.47081
1073.1 4997.32 414.976 960149 -2.69587
1073.02 4999.11 414.936 960149 -2.79843
1072.93 5000.9 414.896 960149 -2.79843
1072.84 5002.69 414.856 960149 -2.80112
1072.76 5004.47 414.816 960149 -2.80112
1072.67 5006.25 414.776 960149 -2.80112
1072.58 5008.04 414.737 960149 -2.80112
1072.49 5009.82 414.697 960149 -2.80113
1072.41 5011.6 414.657 960149 -2.80113
1072.32 5013.38 414.617 960149 -2.82849
1072.23 5015.17 414.577 960149 -2.82849
1072.14 5016.96 414.537 960149 -2.82849
1072.05 5018.75 414.497 960149 -2.82849
1071.97 5020.53 414.457 960149 -3.05066
1071.87 5022.32 414.416 960149 -3.15591
1071.77 5024.11 414.374 960149 -3.19383
1071.67 5025.9 414.333 960149 -3.19383
1071.57 5027.69 414.291 960149 -3.19383
1071.47 5029.48 414.25 960149 -3.19384
1071.37 5031.28 414.208 960149 -3.19384
1071.27 5033.07 414.167 960149 -3.19384
1071.17 5034.86 414.125 960149 -3.21903
1071.07 5036.66 414.083 960149 -3.21903
1070.97 5038.46 414.042 960149 -3.21903
1070.87 5040.25 414 960149 -3.21903
1070.77 5042.05 413.958 960149 -3.21903
1070.67 5043.85 413.917 960149 -3.51374
1070.56 5045.64 413.877 970149 -3.55277
1070.45 5047.44 413.836 970149 -3.55277
1070.33 5049.24 413.796 970149 -3.55277
1070.22 5051.03 413.755 970149 -3.55277
1070.11 5052.83 413.715 970149 -3.55277
1070 5054.63 413.674 970149 -3.55277
1069.89 5056.43 413.634 970149 -3.54394
1069.78 5058.22 413.593 970149 -3.54394
1069.66 5060.02 413.553 970149 -3.54394
1069.55 5061.82 413.512 970149 -3.54394
1069.44 5063.62 413.472 970149 -3.54394
1069.33 5065.41 413.431 970149 -3.54394
1069.22 5067.21 413.391 970149 -3.54742
1069.11 5069.01 413.35 970149 -3.72014
1068.99 5070.81 413.31 970149 -3.93463
1068.87 5072.6 413.269 970149 -3.93463
1068.74 5074.4 413.228 970149 -3.93463
1068.62 5076.19 413.187 970149 -3.93463
1068.5 5077.99 413.147 970149 -3.93289
1068.37 5079.79 413.106 970149 -3.93289
1068.25 5081.58 413.065 970149 -3.93289
1068.13 5083.38 413.024 970149 -3.93289
1068 5085.18 412.984 970149 -3.93289
1067.88 5086.97 412.943 970149 -3.93289
1067.76 5088.77 412.902 970149 -3.93289
1067.63 5090.57 412.861 970149 -3.93289
1067.51 5092.36 412.821 970149 -3.93289
1067.39 5094.16 412.78 970149 -3.93289
1067.26 5095.95 412.739 970149 -4.24503
1067.13 5097.75 412.698 970149 -4.31789
1066.99 5099.55 412.657 970149 -4.29716
1066.86 5101.35 412.617 970149 -4.29716
1066.72 5103.15 412.576 970149 -4.29716
1066.59 5104.95 412.535 970149 -4.29716
1066.45 5106.75 412.494 970149 -4.29716
1066.32 5108.55 412.453 970149 -4.29716
1066.18 5110.35 412.412 970149 -4.30009
1066.05 5112.14 412.371 970149 -4.30009
1065.91 5113.94 412.33 970149 -4.30009
1065.78 5115.73 412.289 970149 -4.30009
1065.64 5117.53 412.249 970149 -4.30009
1065.51 5119.32 412.208 970149 -4.30009
1065.37 5121.12 412.167 970149 -4.54477
1065.23 5122.89 412.127 970149 -4.85984
1065.08 5124.66 412.087 970149 -4.85984
1064.93 5126.43 412.046 970149 -4.85984
1064.78 5128.2 412.006 970149 -4.85984
1064.63 5129.98 411.966 970149 -4.85984
1064.48 5131.75 411.926 970149 -4.97946
1064.33 5133.5 411.886 970149 -4.97946
1064.17 5135.25 411.846 970149 -4.97946
1064.02 5137 411.807 970149 -4.97946
1063.87 5138.75 411.767 970149 -4.97946
1063.72 5140.5 411.727 970149 -4.97947
1063.56 5142.25 411.687 970149 -5.07028
1063.41 5143.99 411.648 970149 -5.07028
1063.25 5145.72 411.609 970149 -5.07028
1063.1 5147.45 411.569 970149 -5.14762
1062.94 5149.19 411.53 970149 -5.45077
1062.78 5150.92 411.491 970149 -5.45077
1062.61 5152.65 411.452 970149 -5.45528
1062.45 5154.38 411.413 970149 -5.45528
1062.28 5156.11 411.374 970149 -5.45528
1062.12 5157.83 411.335 970149 -5.45528
1061.95 5159.56 411.297 970149 -5.45528
1061.79 5161.28 411.258 970149 -5.45528
1061.62 5163.01 411.219 970149 -5.31022
1061.46 5164.74 411.18 970149 -5.31022
1061.3 5166.47 411.141 970149 -5.31022
1061.14 5168.19 411.102 970149 -5.31022
1060.98 5169.92 411.063 970149 -5.31022
1060.82 5171.65 411.024 970149 -5.31022
1060.66 5173.38 410.985 970149 -5.20262
1060.5 5175.11 410.946 970149 -5.57478
1060.33 5176.84 410.908 970149 -5.57478
1060.17 5178.57 410.869 970149 -5.57478
1060 5180.31 410.831 970149 -5.57478
1059.83 5182.04 410.792 970149 -5.57478
1059.66 5183.77 410.754 970149 -5.61136
1059.49 5185.51 410.715 970149 -5.61136
1059.32 5187.25 410.677 970149 -5.61136
1059.15 5188.99 410.638 970149 -5.61136
1058.98 5190.72 410.599 970149 -5.61136
1058.8 5192.46 410.561 970149 -5.61136
1058.63 5194.2 410.522 970149 -5.5784
1058.46 5195.93 410.484 970149 -5.5784
1058.3 5197.66 410.445 970149 -5.5784
1058.13 5199.39 410.407 970149 -5.5784
1057.96 5201.12 410.368 970149 -5.91048
1057.78 5202.85 410.33 970149 -5.95426
1057.6 5204.58 410.293 970149 -5.99094
1057.42 5206.28 410.255 970149 -5.99094
1057.24 5207.98 410.218 970149 -5.99094
1057.06 5209.68 410.181 970149 -5.99094
1056.88 5211.38 410.144 970149 -5.99094
1056.71 5213.09 410.107 970149 -5.99094
1056.53 5214.79 410.07 970149 -6.01939
1056.35 5216.46 410.033 970149 -6.01939
1056.17 5218.13 409.997 970149 -6.01939
1056 5219.81 409.96 970149 -6.01939
1055.82 5221.48 409.924 970149 -6.01939
1055.64 5223.15 409.887 970149 -6.01939
1055.47 5224.83 409.851 970149 -5.99485
1055.29 5226.48 409.814 970149 -6.12753
1055.12 5228.14 409.779 970149 -6.36835
1054.93 5229.8 409.743 970149 -6.36835
1054.75 5231.46 409.708 970149 -6.36835
1054.56 5233.12 409.672 970149 -6.36835
1054.38 5234.77 409.637 970149 -6.36646
1054.19 5236.43 409.602 970149 -6.36646
1054.01 5238.08 409.567 970149 -6.36646
1053.82 5239.73 409.531 970149 -6.36646
1053.64 5241.39 409.496 970149 -6.36646
1053.45 5243.04 409.461 970149 -6.36646
1053.27 5244.69 409.426 970149 -6.36836
1053.08 5246.35 409.39 970149 -6.36836
1052.9 5248 409.355 970149 -6.36836
1052.72 5249.66 409.32 970149 -6.36836
1052.53 5251.32 409.284 970149 -6.36836
1052.35 5252.97 409.249 970149 -6.56015
1052.15 5254.63 409.214 970149 -6.73946
1051.96 5256.28 409.18 970149 -6.73946
1051.76 5257.94 409.146 970149 -6.73946
1051.57 5259.6 409.112 970149 -6.73946
1051.37 5261.25 409.077 970149 -6.73946
1051.18 5262.91 409.043 970149 -6.73946
1050.98 5264.56 409.009 970149 -6.73946
0 0 0 0 -6.73946
0 0 0 0 -6.73946
0 0 0 0 -6.73946
0 0 0 0 -6.73946
0 0 0 0 -6.73946
0 0 0 0 -6.73946
0 0 0 0 -6.73946
0 0 0 0 -6.73946
0 0 0 0 -6.73946
0 0 0 0 -6.73946
0 0 0 0 -6.73946
0 0 0 0 -6.73946
0 0 0 0 -6.73946
0 0 0 0 -6.73946
0 0 0 0 -6.73946
0 0 0 0 -6.73946
0 0 0 0 -6.73946
0 0 0 0 -6.73946
0 0 0 0 -6.73946
0 0 0 0 -6.73946
0 0 0 0 -6.73946
0 0 0 0 -6.73946
0 0 0 0 -6.73946
0 0 0 0 -6.73946
0 0 0 0 -6.73946
0 0 0 0 -6.73946
0 0 0 0 -6.73946
0 0 0 0 -6.73946
0 0 0 0 -6.73946
0 0 0 0 -6.73946
0 0 0 0 -6.73946
0 0 0 0 -6.73946
0 0 0 0 -6.73946
0 0 0 0 -6.73946
0 0 0 0 -6.73946
0 0 0 0 -6.73946
0 0 0 0 -6.73946
0 0 0 0 -6.73946
0 0 0 0 -6.73946
0 0 0 0 -6.73946
0 0 0 0 -6.73946
0 0 0 0 -6.73946
0 0 0 0 -6.73946
0 0 0 0 -6.73946
0 0 0 0 -6.73946
0 0 0 0 -6.73946
0 0 0 0 -6.73946
0 0 0 0 -6.73946
0 0 0 0 -6.73946
0 0 0 0 -6.73946
0 0 0 0 -6.73946
0 0 0 0 -6.73946
0 0 0 0 -6.73946
0 0 0 0 -6.73946
0 0 0 0 -6.73946
0 0 0 0 -6.73946
0 0 0 0 -6.73946
0 0 0 0 -6.73946
0 0 0 0 -6.73946
0 0 0 0 -6.73946
0 0 0 0 -6.73946
0 0 0 0 -6.73946
0 0 0 0 -6.73946
0 0 0 0 -6.73946
0 0 0 0 -6.73946
0 0 0 0 -6.73946
0 0 0 0 -6.73946
0 0 0 0 -6.73946
0 0 0 0 -6.73946
0 0 0 0 -6.73946
0 0 0 0 -6.73946
0 0 0 0 -6.73946
0 0 0 0 -6.73946
0 0 0 0 -6.73946
0 0 0 0 -6.73946
0 0 0 0 -6.73946
0 0 0 0 -6.73946
0 0 0 0 -6.73946
0 0 0 0 -6.73946
0 0 0 0 -6.73946
0 0 0 0 -6.73946
0 0 0 0 -6.73946
0 0 0 0 -6.73946
0 0 0 0 -6.73946
0 0 0 0 -6.73946
0 0 0 0 -6.73946
0 0 0 0 -6.73946
0 0 0 0 -6.73946
0 0 0 0 -6.73946
0 0 0 0 -6.73946
0 0 0 0 -6.73946
0 0 0 0 -6.73946
0 0 0 0 -6.73946
0 0 0 0 -6.73946
0 0 0 0 -6.73946
0 0 0 0 -6.73946
0 0 0 0 -6.73946
0 0 0 0 -6.73946
0 0 0 0 -6.73946
0 0 0 0 -6.73946
0 0 0 0 -6.73946
0 0 0 0 -6.73946
0 0 0 0 -6.73946
0 0 0 0 -6.73946
0 0 0 0 -6.73946
0 0 0 0 -6.73946
0 0 0 0 -6.73946
0 0 0 0 -6.73946
0 0 0 0 -6.73946
0 0 0 0 -6.73946
0 0 0 0 -6.73946
0 0 0 0 -6.73946
0 0 0 0 -6.73946
0 0 0 0 -6.73946
0 0 0 0 -6.73946
0 0 0 0 -6.73946
0 0 0 0 -6.73946
0 0 0 0 -6.73946
0 0 0 0 -6.73946
0 0 0 0 -6.73946
0 0 0 0 -6.73946
0 0 0 0 -6.73946
0 0 0 0 -6.73946
0 0 0 0 -6.73946
0 0 0 0 -6.73946
0 0 0 0 -6.73946
0 0 0 0 -6.73946
0 0 0 0 -6.73946
0 0 0 0 -6.73946
0 0 0 0 -6.73946
0 0 0 0 -6.73946
0 0 0 0 -6.73946
0 0 0 0 -6.73946
0 0 0 0 -6.73946
0 0 0 0 -6.73946
0 0 0 0 -6.73946
0 0 0 0 -6.73946
0 0 0 0 -6.73946
0 0 0 0 -6.73946
0 0 0 0 -6.73946
0 0 0 0 -6.73946
0 0 0 0 -6.73946
0 0 0 0 -6.73946
0 0 0 0 -6.73946
0 0 0 0 -6.73946
0 0 0 0 -6.73946
0 0 0 0 -6.73946
0 0 0 0 -6.73946
0 0 0 0 -6.73946
0 0 0 0 -6.73946
0 0 0 0 -6.73946
0 0 0 0 -6.73946
0 0 0 0 -6.73946
0 0 0 0 -6.73946
0 0 0 0 -6.73946
0 0 0 0 -6.73946
0 0 0 0 -6.73946
0 0 0 0 -6.73946
0 0 0 0 -6.73946
0 0 0 0 -6.73946
0 0 0 0 -6.73946
0 0 0 0 -6.73946
0 0 0 0 -6.73946
0 0 0 0 -6.73946
0 0 0 0 -6.73946
0 0 0 0 -6.73946
0 0 0 0 -6.73946
0 0 0 0 -6.73946
0 0 0 0 -6.73946
0 0 0 0 -6.73946
0 0 0 0 -6.73946
0 0 0 0 -6.73946
0 0 0 0 -6.73946
0 0 0 0 -6.73946
0 0 0 0 -6.73946
0 0 0 0 -6.73946
0 0 0 0 -6.73946
0 0 0 0 -6.73946
0 0 0 0 -6.73946
0 0 0 0 -6.73946
0 0 0 0 -6.73946
0 0 0 0 -6.73946
0 0 0 0 -6.73946
0 0 0 0 -6.73946
0 0 0 0 -6.73946
0 0 0 0 -6.73946
0 0 0 0 -6.73946
0 0 0 0 -6.73946
0 0 0 0 -6.73946
0 0 0 0 -6.73946
0 0 0 0 -6.73946
0 0 0 0 -6.73946
0 0 0 0 -6.73946
0 0 0 0 -6.73946
0 0 0 0 -6.73946
0 0 0 0 -6.73946
0 0 0 0 -6.73946
0 0 0 0 -6.73946
0 0 0 0 -6.73946
0 0 0 0 -6.73946
0 0 0 0 -6.73946
0 0 0 0 -6.73946
0 0 0 0 -6.73946
0 0 0 0 -6.73946
0 0 0 0 -6.73946
0 0 0 0 -6.73946
0 0 0 0 -6.73946
0 0 0 0 -6.73946
0 0 0 0 -6.73946
0 0 0 0 -6.73946
0 0 0 0 -6.73946
0 0 0 0 -6.73946
0 0 0 0 -6.73946
0 0 0 0 -6.73946
0 0 0 0 -6.73946
0 0 0 0 -6.73946
0 0 0 0 -6.73946
0 0 0 0 -6.73946
0 0 0 0 -6.73946
0 0 0 0 -6.73946
0 0 0 0 -6.73946
0 0 0 0 -6.73946
0 0 0 0 -6.73946
0 0 0 0 -6.73946
0 0 0 0 -6.73946
0 0 0 0 -6.73946
0 0 0 0 -6.73946
0 0 0 0 -6.73946
0 0 0 0 -6.73946
0 0 0 0 -6.73946
0 0 0 0 -6.73946
0 0 0 0 -6.73946
0 0 0 0 -6.73946
0 0 0 0 -6.73946
0 0 0 0 -6.73946
0 0 0 0 -6.73946
0 0 0 0 -6.73946
0 0 0 0 -6.73946
0 0 0 0 -6.73946
0 0 0 0 -6.73946
0 0 0 0 -6.73946
0 0 0 0 -6.73946
0 0 0 0 -6.73946
0 0 0 0 -6.73946
0 0 0 0 -6.73946
0 0 0 0 -6.73946
0 0 0 0 -6.73946
0 0 0 0 -6.73946
0 0 0 0 -6.73946
0 0 0 0 -6.73946
0 0 0 0 -6.73946
0 0 0 0 -6.73946
0 0 0 0 -6.73946
0 0 0 0 -6.73946
0 0 0 0 -6.73946
0 0 0 0 -6.73946
0 0 0 0 -6.73946
0 0 0 0 -6.73946
0 0 0 0 -6.73946
0 0 0 0 -6.73946
0 0 0 0 -6.73946
0 0 0 0 -6.73946
0 0 0 0 -6.73946
0 0 0 0 -6.73946
0 0 0 0 -6.73946
0 0 0 0 -6.73946
0 0 0 0 -6.73946
0 0 0 0 -6.73946
0 0 0 0 -6.73946
0 0 0 0 -6.73946
0 0 0 0 -6.73946
0 0 0 0 -6.73946
0 0 0 0 -6.73946
0 0 0 0 -6.73946
0 0 0 0 -6.73946
0 0 0 0 -6.73946
0 0 0 0 -6.73946
0 0 0 0 -6.73946
0 0 0 0 -6.73946
0 0 0 0 -6.73946
0 0 0 0 -6.73946
0 0 0 0 -6.73946
0 0 0 0 -6.73946
0 0 0 0 -6.73946
0 0 0 0 -6.73946
0 0 0 0 -6.73946
0 0 0 0 -6.73946
0 0 0 0 -6.73946
0 0 0 0 -6.73946
0 0 0 0 -6.73946
0 0 0 0 -6.73946
0 0 0 0 -6.73946
0 0 0 0 -6.73946
0 0 0 0 -6.73946
0 0 0 0 -6.73946
0 0 0 0 -6.73946
0 0 0 0 -6.73946
0 0 0 0 -6.73946
0 0 0 0 -6.73946
0 0 0 0 -6.73946
0 0 0 0 -6.73946
0 0 0 0 -6.73946
0 0 0 0 -6.73946
0 0 0 0 -6.73946
0 0 0 0 -6.73946
0 0 0 0 -6.73946
0 0 0 0 -6.73946
0 0 0 0 -6.73946
0 0 0 0 -6.73946
0 0 0 0 -6.73946
0 0 0 0 -6.73946
0 0 0 0 -6.73946
0 0 0 0 -6.73946
0 0 0 0 -6.73946
0 0 0 0 -6.73946
0 0 0 0 -6.73946
0 0 0 0 -6.73946
0 0 0 0 -6.73946
0 0 0 0 -6.73946
0 0 0 0 -6.73946
0 0 0 0 -6.73946
0 0 0 0 -6.73946
0 0 0 0 -6.73946
0 0 0 0 -6.73946
0 0 0 0 -6.73946
0 0 0 0 -6.73946
0 0 0 0 -6.73946
0 0 0 0 -6.73946
0 0 0 0 -6.73946
0 0 0 0 -6.73946
0 0 0 0 -6.73946
0 0 0 0 -6.73946
0 0 0 0 -6.73946
0 0 0 0 -6.73946
0 0 0 0 -6.73946
0 0 0 0 -6.73946
0 0 0 0 -6.73946
0 0 0 0 -6.73946
0 0 0 0 -6.73946
0 0 0 0 -6.73946
0 0 0 0 -6.73946
0 0 0 0 -6.73946
0 0 0 0 -6.73946
0 0 0 0 -6.73946
0 0 0 0 -6.73946
0 0 0 0 -6.73946
0 0 0 0 -6.73946
0 0 0 0 -6.73946
0 0 0 0 -6.73946
0 0 0 0 -6.73946
0 0 0 0 -6.73946
0 0 0 0 -6.73946
0 0 0 0 -6.73946
0 0 0 0 -6.73946
0 0 0 0 -6.73946
0 0 0 0 -6.73946
0 0 0 0 -6.73946
0 0 0 0 -6.73946
0 0 0 0 -6.73946
0 0 0 0 -6.73946
0 0 0 0 -6.73946
0 0 0 0 -6.73946
0 0 0 0 -6.73946
0 0 0 0 -6.73946
0 0 0 0 -6.73946
0 0 0 0 -6.73946
0 0 0 0 -6.73946
0 0 0 0 -6.73946
0 0 0 0 -6.73946
0 0 0 0 -6.73946
0 0 0 0 -6.73946
0 0 0 0 -6.73946
0 0 0 0 -6.73946
0 0 0 0 -6.73946
0 0 0 0 -6.73946
0 0 0 0 -6.73946
0 0 0 0 -6.73946
0 0 0 0 -6.73946
0 0 0 0 -6.73946
0 0 0 0 -6.73946
0 0 0 0 -6.73946
0 0 0 0 -6.73946
0 0 0 0 -6.73946
0 0 0 0 -6.73946
0 0 0 0 -6.73946
0 0 0 0 -6.73946
0 0 0 0 -6.73946
0 0 0 0 -6.73946
0 0 0 0 -6.73946
0 0 0 0 -6.73946
0 0 0 0 -6.73946
0 0 0 0 -6.73946
0 0 0 0 -6.73946
0 0 0 0 -6.73946
0 0 0 0 -6.73946
0 0 0 0 -6.73946
0 0 0 0 -6.73946
0 0 0 0 -6.73946
0 0 0 0 -6.73946
0 0 0 0 -6.73946
0 0 0 0 -6.73946
0 0 0 0 0
