264.109 1647.2 393.265 0 43.3073
264.977 1648.12 393.215 0 43.3073
265.844 1649.04 393.166 0 43.3073
266.711 1649.96 393.116 0 43.3208
267.579 1650.88 393.067 0 43.3231
268.446 1651.8 393.017 0 43.3231
269.314 1652.72 392.967 0 43.2829
270.189 1653.65 392.917 0 43.2829
271.064 1654.58 392.867 0 43.2829
271.94 1655.51 392.817 0 43.2829
272.815 1656.43 392.767 0 43.2829
273.69 1657.36 392.717 0 43.2829
274.566 1658.29 392.667 0 43.2781
275.449 1659.23 392.616 0 43.2781
276.332 1660.17 392.566 0 43.2781
277.215 1661.11 392.515 0 43.2781
278.099 1662.05 392.465 0 43.2781
278.982 1662.98 392.414 0 43.2781
279.865 1663.92 392.363 0 43.2852
280.732 1664.84 392.314 0 43.2852
281.6 1665.76 392.264 0 43.2852
282.467 1666.68 392.215 0 43.2852
283.335 1667.61 392.165 0 43.2936
284.202 1668.53 392.115 0 43.3119
285.07 1669.45 392.065 0 43.2907
285.913 1670.34 392.017 0 43.2907
286.757 1671.24 391.968 0 43.2907
287.6 1672.13 391.92 0 43.2907
288.444 1673.03 391.871 0 43.2907
289.287 1673.92 391.823 0 43.2907
290.131 1674.82 391.774 0 43.4499
290.979 1675.71 391.726 0 43.4499
291.828 1676.61 391.677 0 43.4499
292.676 1677.51 391.629 0 43.4499
293.525 1678.4 391.58 0 43.4499
294.373 1679.3 391.531 0 43.4499
295.222 1680.19 391.483 0 43.7173
296.099 1681.11 391.433 0 43.7173
296.976 1682.03 391.383 0 43.7173
297.853 1682.95 391.333 0 43.7173
298.731 1683.86 391.283 0 43.7173
299.608 1684.78 391.232 0 43.7173
300.485 1685.7 391.182 0 43.699
301.399 1686.65 391.13 0 43.7239
302.313 1687.61 391.078 0 43.7239
303.226 1688.56 391.025 0 43.7239
304.14 1689.52 390.973 0 43.7239
305.054 1690.48 390.92 0 43.7239
305.968 1691.43 390.868 0 43.7166
306.896 1692.4 390.815 0 43.7166
307.824 1693.37 390.761 0 43.7166
308.751 1694.34 390.708 0 43.7166
309.679 1695.31 390.655 0 43.7166
310.607 1696.28 390.601 0 43.7166
311.535 1697.25 390.548 0 43.7184
312.454 1698.21 390.495 0 43.7184
313.372 1699.17 390.443 0 43.7184
314.29 1700.13 390.39 0 43.7184
315.208 1701.09 390.337 0 43.7184
316.127 1702.05 390.285 0 43.7184
317.045 1703.02 390.232 0 43.7201
317.964 1703.98 390.179 0 43.75
318.884 1704.94 390.126 0 43.7688
319.804 1705.9 390.073 0 43.7688
320.724 1706.86 390.019 0 43.7688
321.644 1707.82 389.966 0 43.7688
322.564 1708.78 389.913 0 43.772
323.483 1709.74 389.86 0 43.772
324.402 1710.7 389.806 0 43.772
325.321 1711.66 389.753 0 43.772
326.24 1712.62 389.7 0 43.772
327.159 1713.58 389.647 0 43.772
328.078 1714.53 389.594 0 43.7681
328.995 1715.49 389.54 0 43.7681
329.913 1716.45 389.487 0 43.7681
330.83 1717.41 389.434 0 43.7681
331.748 1718.37 389.381 0 43.7681
332.665 1719.32 389.328 0 43.7681
333.583 1720.28 389.275 0 43.8023
334.504 1721.24 389.222 0 43.8023
335.424 1722.2 389.168 0 43.8526
336.346 1723.16 389.115 0 43.862
337.267 1724.12 389.061 0 43.862
338.189 1725.08 389.007 0 43.862
339.11 1726.04 388.953 0 43.7227
340.039 1727.01 388.898 0 43.7227
340.967 1727.98 388.844 0 43.7227
341.896 1728.95 388.79 0 43.7227
342.824 1729.92 388.735 0 43.7227
343.753 1730.89 388.681 0 43.7227
344.681 1731.86 388.626 0 43.5972
345.624 1732.85 388.571 0 43.5972
346.567 1733.84 388.515 0 43.5972
347.51 1734.83 388.46 0 43.5972
348.453 1735.82 388.405 0 43.5972
349.395 1736.81 388.349 0 43.5972
350.338 1737.8 388.294 0 43.4908
351.3 1738.82 388.237 0 43.4908
352.262 1739.83 388.181 0 42.6009
353.211 1740.86 388.128 0 42.3984
354.155 1741.9 388.073 0 42.4075
355.1 1742.93 388.019 0 42.7013
356.05 1743.96 387.964 0 42.6546
357.013 1745.01 387.908 0 42.7325
357.977 1746.05 387.852 0 42.9151
358.945 1747.09 387.795 0 42.9151
359.913 1748.13 387.739 0 43.0419
360.883 1749.17 387.683 0 43.1332
361.854 1750.21 387.626 0 42.8779
362.821 1751.25 387.57 0 43.0295
363.791 1752.29 387.514 0 43.0536
364.761 1753.33 387.458 0 43.0726
365.732 1754.36 387.402 0 43.1869
366.705 1755.4 387.347 0 43.1869
367.677 1756.44 387.292 0 42.9394
368.635 1757.47 387.238 0 42.9926
369.595 1758.5 387.185 0 42.9926
370.554 1759.52 387.131 0 43.0249
371.514 1760.55 387.079 0 43.0412
372.474 1761.58 387.027 0 43.0412
373.435 1762.61 386.975 0 42.9221
374.387 1763.63 386.925 0 42.9227
375.339 1764.66 386.876 0 42.9175
376.291 1765.68 386.826 0 42.8866
377.243 1766.71 386.779 0 42.8866
378.195 1767.73 386.731 0 42.5013
379.139 1768.76 386.677 0 42.4736
380.086 1769.8 386.62 0 42.4736
381.032 1770.83 386.562 0 42.4736
381.979 1771.86 386.505 0 42.4736
382.926 1772.9 386.447 0 42.4736
383.872 1773.93 386.39 0 42.4736
384.819 1774.97 386.332 0 42.8095
385.776 1776 386.275 0 42.8095
386.733 1777.03 386.217 0 42.8095
387.69 1778.07 386.159 0 42.8095
388.647 1779.1 386.101 0 42.8095
389.604 1780.13 386.044 0 42.8095
390.561 1781.17 385.986 0 42.8644
391.512 1782.19 385.928 0 42.8644
392.463 1783.21 385.871 0 42.8644
393.413 1784.24 385.814 0 42.8644
394.364 1785.26 385.756 0 42.8916
395.315 1786.29 385.699 0 43.1682
396.271 1787.31 385.643 0 43.0841
397.215 1788.31 385.588 0 43.0841
398.158 1789.32 385.533 0 43.0841
399.102 1790.33 385.478 0 43.0841
400.045 1791.34 385.422 0 43.0841
400.989 1792.35 385.367 0 43.0841
401.932 1793.36 385.312 0 43.0426
402.875 1794.37 385.257 0 43.0426
403.817 1795.38 385.201 0 43.0426
404.759 1796.39 385.146 0 43.0426
405.701 1797.39 385.091 0 43.0426
406.644 1798.4 385.036 0 43.0426
407.586 1799.41 384.98 0 43.0544
408.54 1800.43 384.925 0 43.0544
409.494 1801.45 384.869 0 43.0544
410.449 1802.48 384.813 0 43.0544
411.403 1803.5 384.757 0 43.0908
412.358 1804.52 384.701 0 43.1994
413.315 1805.54 384.646 0 43.1974
414.284 1806.57 384.591 0 43.1974
415.253 1807.6 384.535 0 43.1974
416.222 1808.63 384.48 0 43.1974
417.191 1809.67 384.424 0 43.1974
418.16 1810.7 384.369 0 43.1974
419.129 1811.73 384.313 0 43.1974
420.1 1812.76 384.257 0 43.1974
421.071 1813.8 384.202 0 43.1974
422.042 1814.83 384.146 0 43.1974
423.013 1815.87 384.09 0 43.1974
423.984 1816.9 384.035 0 43.1974
424.955 1817.93 383.979 0 43.1973
425.922 1818.96 383.924 0 43.1973
426.889 1819.99 383.868 0 43.1973
427.856 1821.02 383.813 0 43.1973
428.822 1822.05 383.757 0 43.1868
429.789 1823.08 383.703 0 43.1835
430.756 1824.11 383.648 0 43.1836
431.723 1825.14 383.593 0 43.1836
432.691 1826.17 383.538 0 43.1836
433.659 1827.21 383.484 0 43.1836
434.626 1828.24 383.429 0 43.1836
435.594 1829.27 383.374 0 43.1836
436.561 1830.3 383.319 0 43.1485
437.544 1831.35 383.264 0 43.1485
438.527 1832.4 383.208 0 43.1485
439.51 1833.44 383.153 0 43.1485
440.493 1834.49 383.097 0 43.1485
441.476 1835.54 383.041 0 43.1485
442.459 1836.59 382.986 0 43.1863
443.451 1837.65 382.929 0 43.1863
444.444 1838.7 382.873 0 43.1863
445.437 1839.76 382.817 0 43.1082
446.428 1840.82 382.761 0 43.0138
447.418 1841.88 382.705 0 43.0138
448.407 1842.94 382.65 0 43.0423
449.395 1844 382.594 0 43.0423
450.382 1845.06 382.538 0 43.0423
451.37 1846.12 382.483 0 43.0423
452.357 1847.17 382.427 0 43.0423
453.345 1848.23 382.372 0 43.0423
454.333 1849.29 382.316 0 43.214
455.322 1850.34 382.26 0 43.214
456.312 1851.4 382.205 0 43.214
457.302 1852.45 382.149 0 43.214
458.292 1853.5 382.094 0 43.214
459.282 1854.56 382.038 0 43.214
460.272 1855.61 381.982 0 43.3388
461.26 1856.66 381.927 0 43.3388
462.247 1857.7 381.872 0 43.2278
463.233 1858.75 381.817 0 43.0074
464.214 1859.8 381.761 0 43.0074
465.196 1860.86 381.706 0 43.0074
466.177 1861.91 381.651 0 42.9446
467.152 1862.96 381.596 0 42.9446
468.127 1864 381.541 0 42.9446
469.102 1865.05 381.486 0 42.9446
470.077 1866.1 381.431 0 42.9446
471.052 1867.15 381.376 0 42.9446
472.027 1868.19 381.321 0 42.8846
472.989 1869.23 381.266 0 42.8846
473.95 1870.26 381.212 0 42.8846
474.912 1871.3 381.158 0 42.8846
475.873 1872.33 381.104 0 42.8846
476.834 1873.37 381.049 0 42.8846
477.796 1874.4 380.995 0 42.5975
478.743 1875.43 380.941 0 42.5975
479.69 1876.46 380.888 0 42.1402
480.629 1877.5 380.834 0 42.1073
481.567 1878.54 380.779 0 42.1073
482.505 1879.58 380.725 0 42.1073
483.443 1880.62 380.671 0 42.0218
484.396 1881.67 380.616 0 42.0218
485.348 1882.73 380.561 0 42.0218
486.301 1883.79 380.506 0 42.0218
487.253 1884.84 380.451 0 42.0218
488.206 1885.9 380.396 0 42.0218
489.158 1886.96 380.341 0 41.941
490.132 1888.04 380.285 0 41.941
491.105 1889.12 380.229 0 41.9409
492.078 1890.21 380.173 0 41.9409
493.052 1891.29 380.116 0 41.9409
494.025 1892.37 380.06 0 41.9409
494.998 1893.46 380.004 0 41.7492
495.983 1894.56 379.947 0 41.3217
496.96 1895.67 379.889 0 41.1004
497.932 1896.79 379.831 0 41.1004
498.904 1897.9 379.773 0 41.1004
499.876 1899.02 379.716 0 41.1004
500.849 1900.13 379.658 0 41.1266
501.827 1901.25 379.6 0 41.1266
502.805 1902.37 379.541 0 41.1266
503.783 1903.49 379.483 0 41.1265
504.761 1904.61 379.425 0 41.1265
505.74 1905.73 379.367 0 41.1265
506.718 1906.85 379.309 0 41.1238
507.695 1907.97 379.251 0 41.1238
508.671 1909.09 379.193 0 41.1238
509.648 1910.21 379.134 0 41.1238
510.625 1911.33 379.076 0 41.1238
511.602 1912.45 379.018 0 41.1233
512.578 1913.56 378.96 0 40.3422
513.541 1914.7 378.901 0 40.317
514.502 1915.83 378.842 0 40.317
515.464 1916.96 378.783 0 40.317
516.426 1918.1 378.723 0 40.317
517.387 1919.23 378.664 0 40.317
518.349 1920.36 378.605 0 40.3181
519.313 1921.5 378.546 0 40.3181
520.277 1922.64 378.486 0 40.3181
521.241 1923.77 378.427 0 40.3181
522.205 1924.91 378.368 0 40.3181
523.169 1926.04 378.309 0 40.3181
524.133 1927.18 378.249 0 40.3408
525.09 1928.31 378.19 0 40.3408
526.048 1929.43 378.131 0 40.3407
527.005 1930.56 378.072 0 40.3407
527.963 1931.69 378.014 0 40.0639
528.915 1932.82 377.954 0 39.3761
529.853 1933.96 377.894 0 39.5034
530.768 1935.07 377.835 0 39.5034
531.682 1936.18 377.777 0 39.5034
532.596 1937.29 377.718 0 39.5034
533.51 1938.4 377.66 0 39.5034
534.424 1939.51 377.601 0 39.5034
535.338 1940.62 377.543 0 39.4811
536.225 1941.69 377.486 0 39.4811
537.112 1942.77 377.429 0 39.4811
537.999 1943.85 377.372 0 39.4811
538.886 1944.92 377.315 0 39.4811
539.773 1946 377.258 0 39.4811
540.66 1947.08 377.201 0 39.5288
541.516 1948.12 377.147 0 39.5288
542.373 1949.15 377.092 0 39.5288
543.229 1950.19 377.037 0 39.5288
544.086 1951.23 376.982 0 38.967
544.932 1952.28 376.931 0 38.7703
545.775 1953.32 376.881 0 39.0134
546.602 1954.35 376.831 0 39.0134
547.428 1955.37 376.781 0 39.0134
548.255 1956.39 376.732 0 39.0134
549.082 1957.41 376.682 0 39.0134
549.909 1958.43 376.632 0 39.0134
550.735 1959.45 376.583 0 39.2381
551.569 1960.47 376.533 0 39.2381
552.403 1961.49 376.483 0 39.2381
553.237 1962.51 376.433 0 39.2381
554.07 1963.53 376.383 0 39.2381
554.904 1964.55 376.333 0 39.2381
555.738 1965.57 376.284 0 39.2411
556.588 1966.61 376.233 0 38.861
557.432 1967.66 376.185 0 38.6202
558.272 1968.71 376.139 0 38.6202
559.111 1969.76 376.093 0 38.6202
559.95 1970.81 376.047 0 38.6202
560.79 1971.86 376.001 0 38.651
561.646 1972.94 375.955 0 38.651
562.503 1974.01 375.908 0 38.651
563.36 1975.08 375.861 0 38.651
564.216 1976.15 375.814 0 38.651
565.073 1977.22 375.767 0 38.651
565.93 1978.29 375.72 0 38.6188
566.794 1979.37 375.673 0 38.6188
567.658 1980.45 375.626 0 38.6188
568.522 1981.54 375.579 0 38.6188
569.386 1982.62 375.531 0 38.1783
570.242 1983.71 375.487 0 37.9886
571.094 1984.8 375.445 0 37.9855
571.95 1985.89 375.402 0 37.9855
572.806 1986.99 375.36 0 37.9855
573.662 1988.09 375.317 0 37.9854
574.518 1989.18 375.275 0 37.9854
575.374 1990.28 375.232 0 37.9854
576.23 1991.37 375.19 0 37.9583
577.095 1992.48 375.147 0 37.9583
577.96 1993.59 375.104 0 37.9583
578.825 1994.7 375.061 0 37.9583
579.69 1995.81 375.017 0 37.9583
580.555 1996.92 374.974 0 37.9583
581.42 1998.03 374.931 0 37.933
582.3 1999.16 374.888 0 37.3715
583.169 2000.29 374.849 0 37.3715
584.038 2001.43 374.81 0 37.3715
584.906 2002.57 374.771 0 37.3715
585.775 2003.71 374.732 0 37.3715
586.644 2004.84 374.694 0 37.3502
587.518 2005.99 374.654 0 37.3502
588.391 2007.13 374.615 0 37.3502
589.265 2008.28 374.576 0 37.3502
590.139 2009.42 374.537 0 37.3502
591.013 2010.57 374.498 0 37.3502
591.887 2011.71 374.459 0 37.3473
592.754 2012.85 374.42 0 37.3473
593.621 2013.99 374.381 0 37.3473
594.488 2015.12 374.342 0 36.7624
595.344 2016.27 374.307 0 36.699
596.198 2017.41 374.273 0 36.699
597.053 2018.56 374.239 0 36.6962
597.9 2019.7 374.205 0 36.6962
598.748 2020.84 374.171 0 36.6962
599.596 2021.97 374.137 0 36.6962
600.443 2023.11 374.103 0 36.6962
601.291 2024.25 374.069 0 36.6962
602.139 2025.39 374.035 0 36.6639
602.99 2026.53 374.001 0 36.6639
603.841 2027.67 373.967 0 36.6639
604.692 2028.82 373.933 0 36.6639
605.543 2029.96 373.899 0 36.6639
606.394 2031.1 373.865 0 36.2945
607.238 2032.25 373.834 0 36.0428
608.095 2033.43 373.803 0 36.0428
608.951 2034.61 373.773 0 36.0428
609.807 2035.78 373.743 0 36.0428
610.664 2036.96 373.713 0 36.0428
611.52 2038.14 373.683 0 36.0428
612.377 2039.31 373.652 0 36.075
613.252 2040.51 373.622 0 36.075
614.127 2041.71 373.591 0 36.075
615.002 2042.92 373.56 0 36.075
615.877 2044.12 373.529 0 36.075
616.752 2045.32 373.498 0 36.075
617.627 2046.52 373.467 730149 36.0423
618.513 2047.74 373.436 730149 35.5839
619.389 2048.96 373.408 730149 35.3767
620.261 2050.19 373.381 730149 35.3767
621.133 2051.42 373.355 730149 35.3767
622.005 2052.65 373.328 730149 35.3767
622.877 2053.87 373.301 0 35.3756
623.744 2055.1 373.275 0 35.3756
624.612 2056.32 373.248 0 35.3756
625.48 2057.54 373.222 0 35.3756
626.347 2058.76 373.195 0 35.3756
627.215 2059.98 373.169 0 35.3756
628.083 2061.21 373.142 0 35.3813
628.936 2062.41 373.116 0 35.3812
629.789 2063.61 373.09 0 35.3665
630.642 2064.81 373.064 0 34.7074
631.481 2066.02 373.042 0 34.7074
632.32 2067.23 373.02 0 34.7074
633.159 2068.44 372.999 0 34.8199
633.994 2069.64 372.977 0 34.8199
634.829 2070.85 372.955 0 34.8199
635.665 2072.05 372.934 0 34.8199
636.5 2073.25 372.912 0 34.8199
637.335 2074.45 372.89 0 34.8199
638.171 2075.65 372.869 0 34.8526
639.012 2076.86 372.847 0 34.8526
639.852 2078.06 372.825 0 34.8526
640.693 2079.27 372.803 0 34.8526
641.534 2080.48 372.781 0 34.7941
642.374 2081.69 372.76 0 34.1706
643.201 2082.91 372.742 0 34.1653
644.04 2084.14 372.724 0 34.1653
644.879 2085.38 372.706 0 34.1653
645.718 2086.61 372.688 0 34.1653
646.557 2087.85 372.67 0 34.1653
647.396 2089.09 372.652 0 34.1653
648.235 2090.32 372.634 730149 34.1629
649.08 2091.57 372.616 730149 34.1629
649.924 2092.81 372.598 730149 34.1629
650.769 2094.06 372.58 730149 34.1629
651.614 2095.3 372.562 730149 34.1629
652.459 2096.55 372.544 730149 34.1629
653.304 2097.79 372.526 0 33.8849
654.139 2099.04 372.509 0 33.4722
654.966 2100.29 372.495 0 33.4722
655.793 2101.54 372.481 0 33.4722
656.62 2102.79 372.467 0 33.4722
657.447 2104.04 372.453 0 33.4722
658.273 2105.29 372.439 0 33.4722
659.1 2106.54 372.425 0 33.4722
659.927 2107.79 372.411 0 33.4722
660.754 2109.04 372.397 0 33.4722
661.581 2110.29 372.383 0 33.4722
662.408 2111.54 372.369 0 33.4722
663.235 2112.79 372.355 0 33.4743
664.062 2114.04 372.341 0 33.4743
664.889 2115.29 372.327 730149 32.6588
665.698 2116.56 372.32 0 32.7074
666.508 2117.82 372.312 0 32.7074
667.318 2119.08 372.305 0 32.7074
668.129 2120.34 372.297 0 32.7054
668.939 2121.6 372.29 0 32.7054
669.748 2122.86 372.282 0 32.7054
670.558 2124.12 372.275 0 32.7054
671.368 2125.39 372.267 0 32.7054
672.178 2126.65 372.259 0 32.7054
672.988 2127.91 372.252 0 32.3907
673.791 2129.18 372.246 0 32.2206
674.591 2130.44 372.24 0 32.2205
675.39 2131.71 372.235 0 32.2205
676.19 2132.98 372.23 0 32.2205
676.989 2134.25 372.224 0 32.2205
677.789 2135.52 372.219 0 32.2205
678.588 2136.79 372.214 0 32.2205
679.388 2138.06 372.208 0 32.2205
680.188 2139.32 372.203 0 32.2204
680.987 2140.59 372.198 0 32.2204
681.787 2141.86 372.192 0 31.7403
682.576 2143.14 372.189 0 31.7299
683.364 2144.41 372.185 0 31.7299
684.153 2145.69 372.181 0 31.7299
684.942 2146.96 372.178 0 31.7299
685.73 2148.24 372.174 0 31.7299
686.519 2149.51 372.171 0 31.7299
687.307 2150.79 372.167 0 31.7278
688.096 2152.06 372.163 0 31.7278
688.884 2153.34 372.16 0 31.7278
689.673 2154.61 372.156 0 31.5775
690.458 2155.89 372.153 0 31.2335
691.235 2157.17 372.15 0 31.2335
692.012 2158.46 372.148 740149 31.2311
692.79 2159.74 372.145 740149 31.2311
693.568 2161.02 372.143 740149 31.2311
694.346 2162.3 372.14 740149 31.2311
695.124 2163.59 372.138 740149 31.2311
695.902 2164.87 372.135 740149 31.2311
696.68 2166.15 372.133 740149 31.2347
697.459 2167.44 372.13 740149 31.2347
698.238 2168.72 372.128 740149 30.9181
699.01 2170.01 372.126 740149 30.7367
699.779 2171.3 372.124 740149 30.7367
700.547 2172.6 372.122 740149 30.7367
701.315 2173.89 372.12 0 30.8032
702.083 2175.18 372.118 0 30.8032
702.851 2176.46 372.116 740149 30.8032
703.619 2177.75 372.114 740149 30.8032
704.387 2179.04 372.113 740149 30.8032
705.156 2180.33 372.111 740149 30.8032
705.924 2181.62 372.109 0 30.7189
706.684 2182.9 372.107 0 30.238
707.433 2184.18 372.105 0 30.2174
708.182 2185.47 372.103 0 30.2174
708.93 2186.75 372.101 0 30.2174
709.679 2188.04 372.1 0 30.2174
710.428 2189.32 372.098 0 30.007
711.163 2190.6 372.096 0 30.007
711.898 2191.87 372.094 0 30.007
712.633 2193.14 372.092 0 30.007
713.368 2194.42 372.091 0 30.007
714.104 2195.69 372.089 0 29.9458
714.837 2196.96 372.087 0 29.4526
715.556 2198.24 372.085 0 29.4526
716.275 2199.51 372.082 0 29.4526
716.993 2200.78 372.08 0 29.4526
717.712 2202.05 372.078 0 29.4526
718.43 2203.33 372.076 0 29.4526
719.149 2204.6 372.073 0 29.5041
719.873 2205.88 372.071 0 29.5041
720.598 2207.16 372.069 0 29.5041
721.322 2208.44 372.067 0 29.5041
722.047 2209.72 372.064 0 29.4088
722.769 2211 372.062 0 28.9957
723.482 2212.29 372.059 0 29.0306
724.205 2213.59 372.055 0 29.0306
724.927 2214.89 372.052 0 29.0306
725.649 2216.19 372.049 0 29.0306
726.372 2217.49 372.045 0 29.0306
727.094 2218.8 372.042 0 29.0306
727.817 2220.1 372.039 740149 28.9594
728.543 2221.41 372.035 740149 28.9594
729.27 2222.72 372.032 740149 28.9594
729.996 2224.04 372.028 740149 28.7388
730.718 2225.35 372.024 740149 28.4477
731.432 2226.67 372.019 740149 28.4477
732.147 2227.99 372.015 740149 28.2209
732.858 2229.31 372.01 740149 28.2209
733.568 2230.64 372.005 740149 28.2209
734.279 2231.96 372 740149 28.2209
734.989 2233.29 371.995 740149 28.2209
735.699 2234.61 371.99 740149 28.2209
736.41 2235.93 371.985 740149 28.1847
737.119 2237.26 371.98 740149 28.1847
737.828 2238.58 371.975 740149 27.8
738.527 2239.91 371.968 740149 27.6699
739.224 2241.24 371.961 740149 27.6699
739.921 2242.56 371.954 740149 27.6699
740.618 2243.89 371.947 740149 27.6995
741.316 2245.22 371.94 740149 27.6995
742.013 2246.55 371.933 740149 27.6995
742.71 2247.88 371.926 740149 27.6995
743.408 2249.21 371.919 740149 27.6995
744.105 2250.54 371.912 740149 27.6995
744.803 2251.86 371.905 740149 27.4489
745.495 2253.2 371.902 750149 26.9573
746.175 2254.53 371.904 750149 26.9573
746.856 2255.87 371.905 750149 26.9573
747.536 2257.21 371.907 750149 26.9573
748.216 2258.55 371.909 750149 26.9573
748.897 2259.89 371.91 750149 26.9573
749.577 2261.22 371.912 750149 26.9573
750.257 2262.56 371.913 750149 26.9573
750.937 2263.9 371.915 750149 26.9573
751.617 2265.23 371.916 750149 26.9573
752.298 2266.57 371.918 750149 26.9573
752.978 2267.91 371.919 750149 26.9594
753.658 2269.25 371.921 750149 26.9594
754.338 2270.58 371.923 750149 26.9594
755.018 2271.92 371.924 750149 26.9594
755.698 2273.26 371.926 750149 26.9594
756.379 2274.6 371.927 750149 26.7908
757.055 2275.94 371.928 750149 26.1215
757.716 2277.28 371.929 750149 26.1215
758.376 2278.63 371.929 750149 26.1215
759.037 2279.98 371.929 750149 26.1215
759.698 2281.33 371.929 750149 26.1215
760.358 2282.67 371.929 750149 26.1215
761.019 2284.02 371.929 750149 26.1239
761.681 2285.37 371.929 750149 26.1239
762.344 2286.72 371.929 750149 26.1239
763.006 2288.07 371.929 750149 26.1239
763.668 2289.42 371.929 750149 26.1239
764.33 2290.77 371.929 750149 26.1239
764.993 2292.12 371.93 0 26.1211
765.652 2293.47 371.93 0 26.1211
766.311 2294.81 371.93 0 26.1211
766.97 2296.15 371.93 0 26.1211
767.629 2297.5 371.93 0 26.1211
768.288 2298.84 371.93 0 25.3489
768.929 2300.19 371.929 0 25.2828
769.562 2301.53 371.928 0 25.2828
770.195 2302.87 371.927 0 25.2828
770.828 2304.21 371.926 0 25.2828
771.46 2305.55 371.925 0 25.2828
772.093 2306.89 371.924 0 25.2828
772.726 2308.23 371.922 0 25.3297
773.358 2309.57 371.921 0 25.3297
773.989 2310.9 371.92 0 25.3297
774.621 2312.24 371.919 0 25.3297
775.252 2313.57 371.918 0 25.3297
775.883 2314.91 371.917 0 25.3297
776.515 2316.24 371.916 0 25.373
777.15 2317.58 371.915 0 25.373
777.785 2318.92 371.914 0 25.373
778.419 2320.26 371.913 0 25.373
779.054 2321.59 371.912 0 25.0389
779.681 2322.94 371.91 0 24.5314
780.297 2324.28 371.908 0 24.5278
780.918 2325.65 371.906 0 24.5278
781.54 2327.01 371.904 0 24.5278
782.161 2328.37 371.902 0 24.5278
782.783 2329.73 371.9 0 24.5278
783.404 2331.09 371.898 0 24.5278
784.026 2332.46 371.896 750149 24.5302
784.65 2333.82 371.894 750149 24.5302
785.275 2335.19 371.892 750149 24.5302
785.899 2336.56 371.89 750149 24.5302
786.523 2337.93 371.888 750149 24.5302
787.148 2339.3 371.886 750149 24.5302
787.772 2340.67 371.884 750149 24.5279
788.395 2342.03 371.882 750149 24.5279
789.018 2343.4 371.88 750149 24.5279
789.641 2344.76 371.878 750149 24.4618
790.262 2346.13 371.876 750149 23.684
790.865 2347.5 371.873 750149 23.684
791.468 2348.88 371.87 750149 23.6861
792.071 2350.25 371.868 750149 23.6861
792.673 2351.62 371.865 750149 23.6861
793.276 2353 371.862 750149 23.6861
793.879 2354.37 371.86 750149 23.6861
794.482 2355.75 371.857 750149 23.6861
795.085 2357.12 371.854 750149 23.684
795.687 2358.49 371.852 750149 23.684
796.29 2359.87 371.849 750149 23.684
796.893 2361.24 371.846 750149 23.684
797.496 2362.62 371.844 750149 23.684
798.098 2363.99 371.841 750149 23.684
798.701 2365.36 371.838 750149 23.6861
799.304 2366.74 371.836 750149 23.6861
799.907 2368.11 371.833 750149 23.6861
800.51 2369.49 371.83 750149 23.0413
801.097 2370.87 371.828 750149 22.8402
801.679 2372.25 371.824 750149 22.8402
802.262 2373.63 371.821 750149 22.8402
802.844 2375.02 371.818 750149 22.8402
803.427 2376.4 371.815 750149 22.8402
804.009 2377.78 371.812 750149 22.8402
804.592 2379.17 371.809 750149 22.8402
805.174 2380.55 371.806 750149 22.8402
805.756 2381.93 371.803 750149 22.8402
806.339 2383.31 371.8 750149 22.8402
806.922 2384.7 371.797 750149 22.8402
807.505 2386.08 371.794 750149 22.8402
808.087 2387.47 371.791 750149 22.8402
808.67 2388.85 371.788 750149 22.8402
809.253 2390.23 371.785 0 22.838
809.834 2391.61 371.782 0 22.838
810.416 2392.99 371.779 0 22.4761
810.989 2394.38 371.776 0 21.9905
811.55 2395.77 371.773 0 21.9905
812.112 2397.16 371.769 0 21.9905
812.673 2398.55 371.766 0 21.9924
813.233 2399.94 371.763 0 21.9924
813.792 2401.32 371.76 0 21.9924
814.352 2402.71 371.757 0 21.9924
814.912 2404.09 371.754 0 21.9924
815.472 2405.48 371.751 0 21.9924
816.032 2406.87 371.748 0 21.9926
816.593 2408.25 371.744 0 21.9926
817.154 2409.64 371.741 0 21.9926
817.715 2411.03 371.738 0 21.9926
818.276 2412.42 371.735 0 21.9926
818.837 2413.81 371.732 0 21.9926
819.399 2415.2 371.729 750149 21.9056
819.966 2416.61 371.725 750149 21.8532
820.533 2418.03 371.722 750149 21.057
821.079 2419.45 371.719 750149 21.057
821.626 2420.87 371.716 750149 21.057
822.173 2422.29 371.713 750149 21.057
822.719 2423.71 371.71 750149 21.1484
823.283 2425.16 371.707 750149 21.1484
823.846 2426.62 371.704 750149 21.1484
824.409 2428.07 371.701 750149 21.1484
824.973 2429.53 371.698 750149 21.1484
825.536 2430.99 371.695 750149 21.1484
826.099 2432.44 371.692 750149 21.2214
826.676 2433.93 371.688 750149 21.2214
827.253 2435.41 371.685 750149 21.2214
827.83 2436.9 371.682 750149 21.2214
828.407 2438.39 371.679 750149 21.2214
828.984 2439.87 371.676 750149 21.2214
829.561 2441.36 371.673 750149 20.8887
830.129 2442.85 371.67 750149 20.3699
830.684 2444.34 371.667 750149 20.3699
831.238 2445.83 371.664 750149 20.3699
831.793 2447.33 371.662 750149 20.3699
832.348 2448.82 371.659 750149 20.3699
832.902 2450.32 371.656 750149 20.2969
833.444 2451.78 371.653 750149 20.2969
833.986 2453.24 371.651 750149 20.2969
834.527 2454.71 371.648 750149 20.2969
835.069 2456.17 371.646 750149 20.2969
835.611 2457.64 371.643 750149 20.2969
836.152 2459.1 371.64 750149 20.2096
836.678 2460.53 371.638 750149 20.2096
837.203 2461.96 371.635 750149 20.2096
837.729 2463.39 371.633 750149 20.2096
838.254 2464.81 371.63 750149 20.2095
838.78 2466.24 371.627 750149 19.6772
839.292 2467.67 371.625 0 19.4446
839.791 2469.09 371.623 0 19.4446
840.289 2470.5 371.622 0 19.4446
840.788 2471.91 371.62 0 19.4446
841.287 2473.32 371.618 0 19.4446
841.786 2474.74 371.616 0 19.4446
842.285 2476.15 371.614 0 19.4445
842.782 2477.56 371.612 0 19.4445
843.28 2478.97 371.611 0 19.4445
843.778 2480.38 371.609 0 19.4445
844.276 2481.79 371.607 0 19.4445
844.773 2483.2 371.605 0 19.4445
845.271 2484.61 371.603 0 19.4425
845.77 2486.02 371.601 0 19.4425
846.269 2487.44 371.599 0 19.4425
846.768 2488.85 371.598 0 19.4425
847.266 2490.26 371.596 750149 18.6294
847.748 2491.69 371.582 0 18.3624
848.22 2493.11 371.57 760149 18.5154
848.696 2494.53 371.559 760149 18.5894
849.175 2495.96 371.55 760149 18.6258
849.654 2497.38 371.541 760149 18.7381
850.136 2498.8 371.533 760149 18.7381
850.618 2500.22 371.526 760149 18.7975
851.102 2501.64 371.521 760149 18.8087
851.586 2503.06 371.515 760149 18.8074
852.069 2504.48 371.51 760149 18.8054
852.553 2505.9 371.507 760149 18.8054
853.037 2507.32 371.503 760149 18.73
853.518 2508.74 371.5 760149 18.7261
854 2510.17 371.497 0 18.6484
854.48 2511.59 371.495 0 18.5729
854.957 2513.01 371.492 0 18.5555
855.435 2514.43 371.49 0 18.3416
855.907 2515.85 371.488 0 18.3416
856.379 2517.28 371.486 0 18.1467
856.846 2518.7 371.484 760149 18.0321
857.31 2520.13 371.482 760149 17.959
857.773 2521.56 371.479 760149 17.6488
858.228 2522.99 371.476 760149 17.6488
858.682 2524.42 371.473 0 18.3197
859.151 2525.83 371.468 770149 18.2053
859.62 2527.26 371.463 770149 18.2095
860.089 2528.68 371.458 770149 18.2095
860.558 2530.11 371.454 770149 17.9679
861.021 2531.54 371.45 770149 17.8011
861.48 2532.96 371.447 770149 17.8011
861.938 2534.39 371.444 770149 17.8011
862.397 2535.82 371.441 770149 17.7639
862.855 2537.25 371.438 770149 17.4174
863.304 2538.68 371.437 770149 17.4174
863.753 2540.11 371.436 770149 17.4174
864.202 2541.55 371.434 770149 17.4174
864.651 2542.98 371.433 770149 17.2191
865.096 2544.41 371.432 770149 17.0775
865.536 2545.85 371.431 770149 17.0775
865.977 2547.28 371.431 770149 17.0775
866.418 2548.71 371.431 770149 17.0572
866.858 2550.15 371.43 770149 16.7624
867.29 2551.58 371.43 770149 16.7624
867.723 2553.02 371.43 770149 16.7603
868.156 2554.46 371.43 770149 16.7603
868.589 2555.9 371.43 770149 16.6022
869.018 2557.33 371.43 770149 16.4764
869.443 2558.77 371.43 770149 16.4764
869.869 2560.21 371.43 770149 16.4764
870.295 2561.65 371.43 0 16.4617
870.719 2563.09 371.43 0 16.2215
871.138 2564.53 371.429 0 16.2215
871.557 2565.97 371.429 0 16.2215
871.976 2567.41 371.428 0 16.2215
872.395 2568.85 371.427 0 16.1019
872.811 2570.29 371.426 0 16.0019
873.224 2571.73 371.425 0 16.0019
873.636 2573.17 371.423 0 16.0019
874.049 2574.61 371.421 0 15.9974
874.462 2576.05 371.42 0 15.8114
874.869 2577.49 371.416 0 15.8114
875.277 2578.93 371.413 770149 15.8158
875.686 2580.37 371.41 770149 15.8158
876.095 2581.81 371.406 770149 15.7341
876.502 2583.26 371.402 770149 15.6564
876.907 2584.7 371.397 770149 15.6564
877.312 2586.15 371.391 770149 15.6564
877.716 2587.59 371.386 770149 15.5626
878.122 2589.05 371.382 780149 15.4226
878.524 2590.5 371.379 780149 15.4226
878.926 2591.96 371.376 780149 15.4226
879.329 2593.42 371.372 780149 15.4226
879.731 2594.88 371.369 780149 15.4225
880.133 2596.34 371.366 780149 15.4077
880.541 2597.82 371.363 780149 15.4077
880.95 2599.3 371.36 780149 15.4077
881.358 2600.78 371.357 780149 15.1531
881.76 2602.27 371.353 780149 15.0199
882.158 2603.75 371.35 780149 15.0199
882.557 2605.24 371.347 780149 15.0689
882.964 2606.75 371.344 780149 15.0689
883.371 2608.26 371.341 780149 15.0689
883.778 2609.77 371.338 780149 15.0689
884.186 2611.29 371.335 780149 15.0689
884.593 2612.8 371.331 780149 15.0084
884.999 2614.31 371.328 780149 14.629
885.399 2615.85 371.325 780149 14.629
885.8 2617.38 371.323 780149 14.629
886.201 2618.92 371.32 780149 14.629
886.602 2620.45 371.317 780149 14.629
887.003 2621.99 371.314 780149 14.629
887.403 2623.52 371.311 780149 14.5338
887.804 2625.07 371.308 780149 14.5338
888.204 2626.61 371.305 780149 14.2005
888.595 2628.16 371.303 780149 14.1243
888.984 2629.7 371.301 780149 14.1243
889.374 2631.25 371.299 780149 14.1243
889.763 2632.8 371.296 780149 14.1106
890.152 2634.35 371.294 780149 14.1106
890.541 2635.9 371.292 780149 14.1106
890.931 2637.44 371.29 780149 14.1106
891.32 2638.99 371.287 780149 13.895
891.703 2640.54 371.286 780149 13.6903
892.081 2642.09 371.284 780149 13.7121
892.46 2643.65 371.283 780149 13.7121
892.838 2645.2 371.281 780149 13.7121
893.216 2646.75 371.28 780149 13.7121
893.595 2648.3 371.279 780149 13.7121
893.973 2649.85 371.277 780149 13.7121
894.351 2651.4 371.276 780149 13.6942
894.727 2652.94 371.275 780149 13.3522
895.094 2654.49 371.275 780149 13.3522
895.461 2656.03 371.275 780149 13.3522
895.828 2657.58 371.274 780149 13.3522
896.195 2659.12 371.274 780149 13.3522
896.561 2660.67 371.274 780149 13.3647
896.924 2662.19 371.274 780149 13.3647
897.286 2663.72 371.274 780149 13.3647
897.648 2665.24 371.273 780149 13.0032
898 2666.77 371.274 780149 12.9229
898.351 2668.29 371.275 780149 12.9229
898.701 2669.82 371.277 780149 12.8334
899.042 2671.32 371.278 780149 12.8334
899.382 2672.81 371.279 780149 12.8334
899.723 2674.31 371.28 780149 12.8334
900.064 2675.81 371.281 780149 12.8334
900.405 2677.3 371.283 780149 12.7268
900.743 2678.8 371.284 780149 12.3689
901.066 2680.27 371.287 780149 12.3689
901.389 2681.74 371.29 780149 12.3689
901.712 2683.21 371.292 780149 12.3689
902.034 2684.69 371.295 780149 12.3689
902.357 2686.16 371.298 780149 12.3689
902.68 2687.63 371.301 0 12.3797
903 2689.09 371.303 0 12.3797
903.32 2690.55 371.306 0 12.188
903.635 2692.01 371.31 0 11.9168
903.944 2693.47 371.314 0 11.9168
904.252 2694.93 371.319 0 11.9168
904.56 2696.39 371.323 0 11.7875
904.866 2697.85 371.328 0 11.7875
905.172 2699.32 371.333 0 11.7874
905.477 2700.78 371.337 0 11.7874
905.783 2702.25 371.342 0 11.7874
906.088 2703.71 371.346 0 11.5338
906.388 2705.18 371.352 780149 11.703
906.694 2706.66 371.359 780149 11.703
907.001 2708.14 371.365 780149 11.703
907.307 2709.62 371.372 780149 11.703
907.614 2711.1 371.379 780149 11.703
907.92 2712.58 371.386 780149 11.703
908.227 2714.06 371.392 780149 11.9879
908.544 2715.55 371.399 780149 11.9879
908.862 2717.05 371.406 780149 11.3291
909.162 2718.54 371.413 790149 11.3482
909.462 2720.04 371.421 790149 11.3482
909.763 2721.54 371.429 790149 11.3482
910.063 2723.04 371.437 790149 11.5041
910.37 2724.54 371.444 790149 11.5041
910.676 2726.05 371.452 790149 11.504
910.982 2727.55 371.46 790149 11.504
911.288 2729.06 371.468 790149 11.504
911.595 2730.56 371.475 790149 11.504
911.901 2732.07 371.483 790149 11.2984
912.2 2733.56 371.491 790149 11.2899
912.499 2735.06 371.499 790149 10.755
912.784 2736.56 371.511 790149 10.755
913.069 2738.06 371.524 790149 10.755
913.354 2739.56 371.536 790149 10.755
913.639 2741.06 371.549 790149 10.3828
913.91 2742.54 371.561 790149 10.3828
914.181 2744.02 371.573 790149 10.3828
914.453 2745.5 371.585 790149 10.3828
914.724 2746.99 371.598 790149 10.3828
914.996 2748.47 371.61 790149 10.3828
915.267 2749.95 371.622 0 10.3858
915.535 2751.41 371.634 0 10.3858
915.802 2752.87 371.647 0 10.0108
916.06 2754.33 371.662 0 9.82611
916.313 2755.79 371.678 0 9.82611
916.566 2757.25 371.695 0 9.82611
916.819 2758.71 371.711 0 9.95351
917.071 2760.15 371.727 0 9.95351
917.323 2761.58 371.744 0 9.95351
917.575 2763.02 371.76 0 9.95351
917.827 2764.46 371.776 0 9.95351
918.079 2765.89 371.792 0 9.95351
918.332 2767.33 371.809 0 9.93434
918.579 2768.74 371.824 0 9.93434
918.826 2770.15 371.84 0 9.93434
919.073 2771.56 371.856 0 9.4139
919.307 2772.97 371.876 0 9.35849
919.54 2774.39 371.896 0 9.35849
919.773 2775.8 371.916 0 9.34997
920.001 2777.18 371.936 0 9.34997
920.229 2778.57 371.955 0 9.34997
920.457 2779.95 371.975 0 9.34997
920.685 2781.34 371.995 0 9.34997
920.913 2782.72 372.014 0 9.34997
921.141 2784.11 372.034 0 9.3527
921.364 2785.46 372.053 0 9.3527
921.587 2786.82 372.072 0 9.3527
921.81 2788.17 372.091 0 9.3527
922.033 2789.52 372.11 0 9.00538
922.247 2790.88 372.132 0 8.7608
922.456 2792.23 372.155 0 8.72574
922.661 2793.57 372.177 0 8.72574
922.865 2794.9 372.2 0 8.72574
923.069 2796.23 372.222 0 8.72574
923.274 2797.56 372.245 0 8.72574
923.478 2798.89 372.267 0 8.72574
923.682 2800.22 372.29 0 8.76381
923.885 2801.54 372.312 0 8.76381
924.088 2802.86 372.334 0 8.76381
924.291 2804.17 372.357 0 8.76381
924.494 2805.49 372.379 0 8.76381
924.698 2806.81 372.401 0 8.76381
924.901 2808.13 372.423 0 8.33037
925.093 2809.44 372.448 0 8.15366
925.282 2810.76 372.474 0 8.15366
925.471 2812.08 372.499 0 8.15366
925.66 2813.39 372.525 0 8.15366
925.848 2814.71 372.551 0 8.15366
926.037 2816.03 372.577 0 8.15608
926.226 2817.35 372.602 0 8.15608
926.414 2818.66 372.628 0 8.15608
926.603 2819.98 372.654 0 8.15608
926.792 2821.29 372.679 0 8.15608
926.98 2822.61 372.705 0 8.15608
927.169 2823.93 372.731 0 8.15381
927.356 2825.23 372.756 0 8.15381
927.544 2826.54 372.782 0 7.73383
927.722 2827.85 372.809 0 7.53033
927.895 2829.16 372.838 0 7.53033
928.069 2830.48 372.867 0 7.53033
928.242 2831.79 372.896 0 7.54729
928.415 2833.09 372.924 0 7.54729
928.588 2834.4 372.953 0 7.54729
928.761 2835.71 372.982 0 7.54729
928.934 2837.01 373.011 0 7.54729
929.108 2838.32 373.039 0 7.54729
929.281 2839.63 373.068 0 7.59051
929.456 2840.94 373.097 0 7.59051
929.63 2842.25 373.126 0 7.59051
929.805 2843.56 373.154 0 7.59051
929.979 2844.87 373.183 0 7.24535
930.146 2846.18 373.214 0 6.95156
930.306 2847.5 373.246 0 6.94861
930.467 2848.82 373.278 0 6.94861
930.628 2850.14 373.31 0 6.94861
930.789 2851.46 373.342 0 6.94861
930.95 2852.78 373.374 0 6.94861
931.111 2854.1 373.406 0 6.94861
931.272 2855.42 373.438 0 6.94837
931.434 2856.75 373.47 0 6.94837
931.595 2858.07 373.503 0 6.94837
931.757 2859.4 373.535 0 6.94837
931.919 2860.72 373.567 0 6.94837
932.08 2862.05 373.599 0 6.94837
932.242 2863.38 373.632 0 6.61166
932.395 2864.7 373.665 0 6.29428
932.541 2866.02 373.7 0 6.29428
932.687 2867.35 373.735 0 6.29428
932.834 2868.67 373.771 0 6.29428
932.98 2870 373.806 0 6.29428
933.126 2871.32 373.841 0 6.29428
933.272 2872.65 373.876 0 6.29428
933.418 2873.97 373.911 0 6.29428
933.564 2875.3 373.946 0 6.29428
933.71 2876.62 373.981 0 6.29428
933.857 2877.95 374.016 0 6.29428
934.003 2879.27 374.052 0 6.29669
934.149 2880.6 374.087 0 6.29669
934.295 2881.92 374.122 0 5.97072
934.434 2883.25 374.158 0 5.62749
934.564 2884.58 374.196 0 5.62749
934.695 2885.9 374.234 0 5.62749
934.826 2887.23 374.272 0 5.62508
934.956 2888.56 374.31 0 5.62508
935.087 2889.88 374.348 0 5.62508
935.218 2891.21 374.386 0 5.62508
935.348 2892.53 374.424 0 5.62508
935.479 2893.86 374.461 0 5.62508
935.61 2895.19 374.499 0 5.62508
935.74 2896.51 374.537 0 5.62508
935.871 2897.84 374.575 0 5.62508
936.002 2899.17 374.613 0 5.62508
936.132 2900.49 374.651 0 5.23257
936.254 2901.82 374.69 0 5.06575
936.372 2903.15 374.73 0 5.06575
936.489 2904.48 374.77 0 5.06575
936.607 2905.81 374.81 0 5.06575
936.725 2907.13 374.85 0 5.06575
936.842 2908.46 374.89 0 5.06575
936.96 2909.79 374.93 0 5.06575
937.078 2911.12 374.97 0 5.06575
937.195 2912.44 375.01 0 5.06575
937.313 2913.77 375.05 0 5.06575
937.431 2915.1 375.091 0 5.06575
937.548 2916.43 375.131 0 5.06575
937.666 2917.75 375.171 0 5.0202
937.783 2919.08 375.21 0 4.9732
937.898 2920.41 375.25 0 4.9732
938.014 2921.74 375.29 0 4.9732
938.129 2923.06 375.33 0 4.9732
938.245 2924.39 375.369 0 4.9732
938.36 2925.72 375.409 0 4.9732
938.476 2927.05 375.449 0 4.97075
938.592 2928.38 375.489 0 4.97075
938.707 2929.7 375.528 0 4.97075
938.823 2931.03 375.568 0 4.97075
938.938 2932.36 375.608 0 4.97075
939.054 2933.69 375.648 0 4.97075
939.169 2935.02 375.688 0 5.01848
939.286 2936.35 375.727 0 4.9463
939.401 2937.68 375.767 0 4.93894
939.516 2939.01 375.807 0 4.93894
939.631 2940.33 375.846 0 4.93894
939.745 2941.66 375.886 0 4.93894
939.86 2942.99 375.926 0 4.85548
939.973 2944.32 375.965 0 4.85548
940.086 2945.64 376.005 0 4.85548
940.198 2946.97 376.045 0 4.85548
940.311 2948.3 376.084 0 4.85548
940.424 2949.62 376.124 0 4.85548
940.536 2950.95 376.163 0 4.64902
940.644 2952.27 376.203 0 4.64902
940.751 2953.59 376.242 0 4.62906
940.858 2954.91 376.282 0 4.58487
940.964 2956.23 376.321 0 4.58487
941.07 2957.55 376.361 0 4.58487
941.176 2958.87 376.4 0 4.45074
941.278 2960.18 376.439 0 4.45074
941.38 2961.5 376.479 0 4.45074
941.482 2962.81 376.518 0 4.45074
941.584 2964.12 376.557 0 4.45074
941.686 2965.43 376.596 0 4.45074
941.788 2966.74 376.636 0 4.43456
941.889 2968.05 376.675 0 4.43456
941.991 2969.35 376.714 0 4.43456
942.092 2970.66 376.753 0 4.43456
942.193 2971.96 376.792 0 4.40738
942.294 2973.27 376.831 0 4.3858
942.394 2974.57 376.87 0 4.53626
942.497 2975.87 376.91 0 4.53626
942.6 2977.18 376.949 0 4.53626
942.704 2978.48 376.988 0 4.53626
942.807 2979.78 377.028 0 4.53626
942.91 2981.08 377.067 0 4.53626
943.014 2982.38 377.106 0 4.61418
943.119 2983.69 377.145 0 4.61418
943.223 2984.99 377.185 0 4.61418
943.328 2986.29 377.224 0 4.61418
943.433 2987.59 377.263 0 4.61418
943.538 2988.89 377.302 0 4.61418
943.643 2990.19 377.342 0 4.62736
943.749 2991.49 377.381 0 4.61743
943.854 2992.79 377.421 0 4.61743
943.959 2994.09 377.461 0 4.61743
944.064 2995.4 377.501 0 4.61743
944.169 2996.7 377.54 0 4.61743
944.275 2998 377.58 0 4.76332
944.383 2999.31 377.62 0 4.76332
944.492 3000.61 377.66 0 4.76332
944.601 3001.92 377.7 0 4.76332
944.71 3003.22 377.74 0 4.76332
944.819 3004.53 377.78 0 4.76332
944.928 3005.84 377.82 0 4.83286
945.039 3007.15 377.86 0 4.83286
945.15 3008.46 377.9 0 4.81688
945.26 3009.78 377.941 0 4.81489
945.371 3011.09 377.982 0 4.81489
945.481 3012.4 378.023 0 4.81489
945.592 3013.72 378.064 0 4.79696
945.703 3015.04 378.105 0 4.79696
945.814 3016.36 378.146 0 4.79696
945.925 3017.68 378.187 0 4.79696
946.036 3019 378.228 0 4.79696
946.147 3020.33 378.269 0 4.79696
946.258 3021.65 378.31 0 4.69601
946.367 3022.97 378.352 0 4.69601
946.476 3024.3 378.393 0 4.69601
946.585 3025.63 378.434 0 4.69539
946.694 3026.96 378.476 0 4.69343
946.803 3028.28 378.518 0 4.69343
946.912 3029.61 378.56 0 4.63368
947.019 3030.94 378.603 0 4.63368
947.127 3032.27 378.645 0 4.63368
947.235 3033.6 378.687 0 4.63368
947.343 3034.93 378.729 0 4.63368
947.45 3036.26 378.772 0 4.63368
947.558 3037.58 378.814 0 4.65994
947.666 3038.91 378.856 0 4.65994
947.775 3040.24 378.898 0 4.65994
947.883 3041.57 378.941 0 4.65994
947.991 3042.9 378.983 0 4.65994
948.1 3044.23 379.025 0 4.66851
948.208 3045.56 379.068 0 4.67515
948.317 3046.89 379.112 0 4.67515
948.425 3048.22 379.155 0 4.67515
948.534 3049.54 379.199 0 4.67515
948.643 3050.87 379.242 0 4.67515
948.751 3052.2 379.285 0 4.67515
948.86 3053.53 379.329 0 4.67277
948.968 3054.86 379.372 0 4.67277
949.077 3056.18 379.415 0 4.67277
949.185 3057.51 379.459 0 4.67277
949.294 3058.84 379.502 0 4.67277
949.402 3060.17 379.546 0 4.67277
949.511 3061.49 379.589 0 4.67533
949.62 3062.82 379.632 0 4.70094
949.729 3064.15 379.677 0 4.70094
949.838 3065.48 379.722 0 4.70094
949.948 3066.81 379.767 0 4.70094
950.057 3068.14 379.812 0 4.70094
950.166 3069.47 379.856 0 4.70328
950.276 3070.81 379.901 0 4.70328
950.386 3072.14 379.946 0 4.70328
950.496 3073.47 379.991 0 4.70328
950.605 3074.81 380.036 0 4.70328
950.715 3076.14 380.081 0 4.70328
950.825 3077.47 380.126 0 4.69855
950.934 3078.81 380.171 0 4.69855
951.044 3080.14 380.215 0 4.63285
951.151 3081.47 380.261 0 4.63557
951.259 3082.8 380.308 0 4.63557
951.367 3084.13 380.355 0 4.63557
951.475 3085.46 380.401 0 4.73991
951.584 3086.77 380.447 0 4.73991
951.692 3088.08 380.493 0 4.73991
951.801 3089.39 380.539 0 4.73991
951.909 3090.7 380.584 0 4.73991
952.018 3092.01 380.63 0 4.73991
952.127 3093.32 380.676 0 4.6939
952.23 3094.58 380.72 0 4.6939
952.334 3095.84 380.765 0 4.6939
952.438 3097.11 380.809 0 4.6939
952.542 3098.37 380.853 0 4.6939
952.646 3099.64 380.897 0 4.6939
952.749 3100.9 380.942 0 4.57817
952.848 3102.13 380.986 0 4.577
952.946 3103.35 381.03 0 4.577
953.044 3104.58 381.075 0 4.577
953.142 3105.81 381.119 0 4.577
953.24 3107.03 381.164 0 4.577
953.338 3108.26 381.208 0 4.5242
953.432 3109.44 381.251 0 4.5242
953.525 3110.62 381.294 0 4.5242
953.618 3111.8 381.337 0 4.5242
953.712 3112.98 381.38 0 4.5242
953.805 3114.16 381.423 0 4.5242
953.899 3115.34 381.466 0 4.63741
953.993 3116.5 381.508 0 4.63741
954.087 3117.66 381.55 0 4.63741
954.181 3118.82 381.593 0 4.63741
954.275 3119.98 381.635 0 4.63741
954.369 3121.14 381.677 0 4.63741
954.463 3122.3 381.719 0 4.63588
954.557 3123.45 381.762 0 4.63643
954.651 3124.61 381.806 0 4.63643
954.744 3125.77 381.849 0 4.63643
954.838 3126.92 381.892 0 4.63643
954.932 3128.08 381.936 0 4.63643
955.026 3129.24 381.979 0 4.63639
955.12 3130.4 382.023 0 4.63639
955.214 3131.56 382.067 0 4.63639
955.308 3132.72 382.11 0 4.63639
955.402 3133.88 382.154 0 4.63639
955.496 3135.04 382.197 0 4.63639
955.59 3136.2 382.241 0 4.63909
955.685 3137.36 382.285 0 4.63909
955.779 3138.52 382.328 0 4.63909
955.873 3139.69 382.372 0 4.63909
955.968 3140.85 382.416 0 4.63909
956.062 3142.01 382.459 0 4.63909
956.157 3143.17 382.503 0 4.63876
956.251 3144.34 382.547 0 4.64246
956.345 3145.5 382.592 0 4.64246
956.44 3146.66 382.637 0 4.64246
956.534 3147.82 382.681 0 4.64246
956.628 3148.98 382.726 0 4.64246
956.723 3150.15 382.771 0 4.64246
956.817 3151.31 382.816 0 4.64246
956.911 3152.47 382.86 0 4.64246
957.006 3153.63 382.905 0 4.64246
957.1 3154.79 382.95 0 4.64246
957.194 3155.96 382.995 0 4.64246
957.289 3157.12 383.04 0 4.64519
957.383 3158.28 383.084 0 4.64519
957.478 3159.44 383.129 0 4.64519
957.572 3160.6 383.174 0 4.64519
957.666 3161.77 383.219 0 4.64519
957.761 3162.93 383.264 0 4.64519
957.855 3164.09 383.308 0 4.64384
957.95 3165.25 383.353 0 4.65291
958.044 3166.41 383.399 0 4.65291
958.139 3167.58 383.445 0 4.65291
958.233 3168.74 383.49 0 4.65291
958.328 3169.9 383.536 0 4.65291
958.422 3171.06 383.582 0 4.65291
958.517 3172.22 383.628 0 4.65291
958.612 3173.39 383.673 0 4.65291
958.706 3174.55 383.719 0 4.65291
958.801 3175.71 383.765 0 4.65291
958.895 3176.87 383.81 0 4.65291
958.99 3178.03 383.856 0 4.65564
959.084 3179.19 383.902 0 4.65564
959.179 3180.36 383.947 0 4.65564
959.274 3181.52 383.993 0 4.65564
959.368 3182.68 384.039 0 4.65564
959.463 3183.84 384.085 0 4.65564
959.557 3185 384.13 0 4.65291
959.652 3186.17 384.176 0 4.66584
959.747 3187.33 384.222 0 4.66773
959.842 3188.49 384.269 0 4.66773
959.937 3189.65 384.315 0 4.66773
960.031 3190.81 384.362 0 4.66773
960.126 3191.98 384.408 0 4.67046
960.221 3193.14 384.454 0 4.67046
960.316 3194.3 384.501 0 4.67046
960.411 3195.46 384.547 0 4.67046
960.506 3196.62 384.594 0 4.67046
960.601 3197.78 384.64 0 4.67046
960.696 3198.95 384.686 0 4.66773
960.791 3200.11 384.733 0 4.66773
960.886 3201.27 384.779 0 4.66773
960.98 3202.43 384.825 0 4.66773
961.075 3203.59 384.872 0 4.66773
961.17 3204.76 384.918 0 4.66773
961.265 3205.92 384.965 0 4.66773
961.36 3207.08 385.011 0 4.67948
961.455 3208.24 385.058 0 4.68692
961.55 3209.4 385.105 0 4.68692
961.645 3210.56 385.151 0 4.68692
961.741 3211.73 385.198 0 4.68692
961.836 3212.89 385.245 0 4.68692
961.931 3214.05 385.292 0 4.68692
962.026 3215.21 385.339 0 4.68692
962.122 3216.37 385.386 0 4.68692
962.217 3217.54 385.433 0 4.68692
962.312 3218.7 385.48 0 4.68692
962.407 3219.86 385.526 0 4.68966
962.503 3221.02 385.573 0 4.68966
962.598 3222.18 385.62 0 4.68966
962.693 3223.34 385.667 0 4.68966
962.789 3224.51 385.714 0 4.68966
962.884 3225.67 385.761 0 4.68966
962.979 3226.83 385.808 0 4.68692
963.075 3227.99 385.854 0 4.6952
963.17 3229.15 385.901 0 4.71048
963.266 3230.32 385.948 0 4.71048
963.361 3231.48 385.996 0 4.71048
963.457 3232.64 386.043 0 4.71048
963.553 3233.8 386.09 0 4.71321
963.649 3234.96 386.137 0 4.71321
963.744 3236.12 386.184 0 4.71321
963.84 3237.29 386.231 0 4.71321
963.936 3238.45 386.278 0 4.71321
964.032 3239.61 386.325 0 4.71321
964.128 3240.77 386.372 0 4.71049
964.223 3241.93 386.419 0 4.71049
964.319 3243.09 386.467 0 4.71049
964.415 3244.26 386.514 0 4.71049
964.51 3245.42 386.561 0 4.71049
964.606 3246.58 386.608 0 4.71049
964.702 3247.74 386.655 0 4.71049
964.797 3248.9 386.702 0 4.71295
964.893 3250.06 386.749 0 4.73841
964.989 3251.22 386.796 0 4.73841
965.086 3252.39 386.843 0 4.73841
965.182 3253.55 386.89 0 4.73841
965.278 3254.71 386.937 0 4.74112
965.375 3255.87 386.985 0 4.74112
965.471 3257.03 387.032 0 4.74112
965.568 3258.2 387.079 0 4.74112
965.664 3259.36 387.126 0 4.74112
965.761 3260.52 387.173 0 4.74112
965.857 3261.69 387.22 0 4.73835
965.954 3262.85 387.268 0 4.73835
966.05 3264.02 387.315 0 4.73835
966.147 3265.19 387.362 0 4.73835
966.244 3266.35 387.41 0 4.73835
966.341 3267.52 387.457 0 4.73835
966.437 3268.69 387.504 0 4.73567
966.534 3269.85 387.551 0 4.73567
966.63 3271.01 387.598 0 4.76344
966.727 3272.17 387.645 0 4.76797
966.824 3273.33 387.692 0 4.76797
966.92 3274.5 387.739 0 4.76797
967.017 3275.66 387.786 0 4.82084
967.114 3276.8 387.832 0 4.82084
967.21 3277.95 387.878 0 4.82084
967.307 3279.09 387.925 0 4.82084
967.403 3280.23 387.971 0 4.82084
967.5 3281.38 388.017 0 4.82084
967.596 3282.52 388.063 0 4.72585
967.689 3283.64 388.108 0 4.72585
967.781 3284.76 388.153 0 4.72585
967.874 3285.88 388.198 0 4.72585
967.966 3286.99 388.244 0 4.72585
968.058 3288.11 388.289 0 4.72585
968.151 3289.23 388.334 0 4.76852
968.243 3290.34 388.379 0 4.76852
968.335 3291.44 388.423 0 4.66941
968.426 3292.55 388.467 0 4.61649
968.515 3293.66 388.512 0 4.61649
968.604 3294.76 388.556 0 4.61649
968.694 3295.87 388.6 0 4.57949
968.783 3296.99 388.645 0 4.57949
968.873 3298.1 388.689 0 4.57949
968.963 3299.22 388.734 0 4.57949
969.052 3300.34 388.779 0 4.57949
969.142 3301.46 388.824 0 4.57949
969.231 3302.58 388.868 0 4.66048
969.325 3303.72 388.914 0 4.66048
969.418 3304.87 388.96 0 4.65567
969.511 3306.01 389.005 0 4.65532
969.604 3307.16 389.051 0 4.65532
969.697 3308.3 389.097 0 4.65532
969.79 3309.44 389.142 0 4.61622
969.884 3310.61 389.189 0 4.61622
969.978 3311.77 389.235 0 4.61622
970.072 3312.93 389.282 0 4.61622
970.166 3314.09 389.328 0 4.61622
970.26 3315.26 389.374 0 4.61622
970.354 3316.42 389.421 0 4.61618
970.448 3317.58 389.467 0 4.61752
970.542 3318.75 389.514 0 4.61826
970.636 3319.92 389.56 0 4.61826
970.73 3321.08 389.607 0 4.61826
970.824 3322.25 389.653 0 4.61826
970.919 3323.41 389.7 0 4.61555
971.013 3324.58 389.746 0 4.61555
971.107 3325.74 389.793 0 4.61555
971.201 3326.91 389.839 0 4.61555
971.295 3328.07 389.885 0 4.61555
971.389 3329.24 389.932 0 4.61555
971.483 3330.4 389.978 0 4.62229
971.577 3331.57 390.025 0 4.62757
971.671 3332.73 390.071 0 4.62757
971.766 3333.9 390.118 0 4.62757
971.86 3335.07 390.165 0 4.62757
971.955 3336.23 390.211 0 4.62757
972.049 3337.4 390.258 0 4.62211
972.144 3338.57 390.304 0 4.62211
972.238 3339.74 390.351 0 4.62211
972.333 3340.91 390.398 0 4.62211
972.427 3342.08 390.444 0 4.62211
972.522 3343.25 390.491 0 4.62636
972.617 3344.42 390.538 0 4.61423
972.711 3345.58 390.584 0 4.61423
972.805 3346.75 390.631 0 4.61423
972.899 3347.92 390.678 0 4.61423
972.993 3349.09 390.724 0 4.61423
973.088 3350.25 390.771 0 4.61423
973.182 3351.42 390.817 0 4.61691
973.276 3352.59 390.864 0 4.61691
973.37 3353.75 390.91 0 4.61691
973.464 3354.91 390.957 0 4.61691
973.558 3356.07 391.003 0 4.6182
973.652 3357.24 391.05 0 4.64072
973.746 3358.4 391.096 0 4.63523
973.84 3359.56 391.143 0 4.63523
973.934 3360.72 391.189 0 4.63523
974.028 3361.88 391.236 0 4.63523
974.122 3363.04 391.282 0 4.63523
974.216 3364.2 391.329 0 4.63523
974.31 3365.36 391.375 0 4.64071
974.405 3366.52 391.422 0 4.64071
974.499 3367.69 391.468 0 4.64071
974.593 3368.85 391.515 0 4.64071
974.688 3370.01 391.561 0 4.66591
974.783 3371.17 391.608 0 4.67176
974.878 3372.33 391.655 0 4.66903
974.972 3373.5 391.701 0 4.66903
975.067 3374.66 391.748 0 4.66903
975.162 3375.82 391.795 0 4.66903
975.257 3376.98 391.841 0 4.66903
975.352 3378.14 391.888 0 4.66903
975.447 3379.31 391.935 0 4.67176
975.542 3380.47 391.981 0 4.67175
975.637 3381.63 392.028 0 4.67176
975.732 3382.79 392.075 0 4.6938
975.827 3383.95 392.121 0 4.71005
975.923 3385.11 392.168 0 4.71005
976.018 3386.28 392.215 0 4.70459
976.114 3387.44 392.262 0 4.70459
976.21 3388.6 392.309 0 4.70459
976.305 3389.76 392.356 0 4.70459
976.401 3390.92 392.403 0 4.70459
976.497 3392.09 392.45 0 4.70459
976.592 3393.25 392.496 0 4.71005
976.688 3394.41 392.543 0 4.71005
976.784 3395.57 392.59 0 4.72554
976.88 3396.73 392.637 0 4.75558
976.976 3397.9 392.684 0 4.75558
977.073 3399.06 392.731 0 4.75558
977.17 3400.22 392.778 0 4.75285
977.266 3401.38 392.825 0 4.75285
977.363 3402.54 392.873 0 4.75285
977.459 3403.7 392.92 0 4.75285
977.556 3404.86 392.967 0 4.75285
977.652 3406.03 393.014 0 4.75285
977.749 3407.19 393.061 0 4.75558
977.846 3408.35 393.108 0 4.76098
977.942 3409.51 393.155 0 4.80836
978.04 3410.67 393.203 0 4.80836
978.138 3411.83 393.25 0 4.80836
978.236 3412.99 393.297 0 4.80836
978.333 3414.16 393.345 0 4.8029
978.431 3415.32 393.392 0 4.8029
978.528 3416.48 393.44 0 4.8029
978.626 3417.64 393.487 0 4.8029
978.724 3418.8 393.534 0 4.8029
978.821 3419.96 393.582 0 4.8029
978.919 3421.13 393.629 0 4.80836
979.017 3422.29 393.676 0 4.51437
979.108 3423.45 393.721 0 4.58956
979.202 3424.61 393.767 0 4.59296
979.295 3425.78 393.813 0 4.61112
979.389 3426.94 393.859 0 4.61112
979.483 3428.1 393.904 0 4.60857
979.576 3429.26 393.95 0 4.61527
979.67 3430.42 393.996 0 4.61527
979.764 3431.59 394.043 0 4.61527
979.858 3432.75 394.089 0 4.60831
979.951 3433.91 394.135 0 4.6075
980.045 3435.07 394.182 0 4.6075
980.139 3436.23 394.228 0 4.59034
980.232 3437.4 394.275 0 4.58506
980.325 3438.56 394.322 0 4.58506
980.418 3439.72 394.369 0 4.56159
980.511 3440.88 394.416 0 4.54796
980.603 3442.04 394.464 0 4.55069
980.696 3443.21 394.512 0 4.5248
980.788 3444.37 394.56 0 4.49893
980.879 3445.53 394.608 0 4.49893
980.971 3446.69 394.657 0 4.47449
981.062 3447.86 394.706 0 4.43251
981.152 3449.02 394.755 0 4.42704
981.242 3450.18 394.804 0 4.40807
981.331 3451.34 394.854 0 4.34595
981.42 3452.5 394.904 0 4.34595
981.508 3453.67 394.955 0 4.33653
981.596 3454.83 395.005 0 4.2502
981.683 3455.99 395.057 0 4.25567
981.769 3457.15 395.108 0 4.25567
981.856 3458.32 395.16 0 5.27891
981.962 3459.47 395.197 0 4.96827
982.063 3460.63 395.238 0 4.96827
982.164 3461.79 395.279 0 4.96827
982.265 3462.96 395.32 0 4.96554
982.366 3464.12 395.361 0 4.87241
982.465 3465.28 395.403 0 4.84179
982.564 3466.44 395.446 0 4.84179
982.662 3467.61 395.489 0 4.84179
982.761 3468.77 395.532 0 4.84179
982.859 3469.93 395.575 0 4.89528
982.959 3471.09 395.618 0 4.80222
983.056 3472.25 395.663 0 4.80222
983.154 3473.42 395.708 0 4.80222
983.252 3474.58 395.753 0 4.80222
983.349 3475.74 395.798 0 4.80222
983.447 3476.9 395.842 0 4.66654
983.542 3478.07 395.888 0 4.62028
983.636 3479.23 395.934 0 4.62028
983.73 3480.39 395.98 0 4.62028
983.823 3481.55 396.026 0 4.62028
983.917 3482.71 396.072 0 4.62028
984.011 3483.87 396.118 0 4.29254
984.098 3485.03 396.164 0 4.27824
984.185 3486.19 396.211 0 4.27824
984.271 3487.35 396.258 0 4.27823
984.358 3488.5 396.304 0 4.27823
984.444 3489.66 396.351 0 4.27545
984.531 3490.82 396.398 0 4.01555
984.612 3491.97 396.444 0 4.01555
984.693 3493.13 396.491 0 4.01554
984.774 3494.28 396.538 0 4.01554
984.855 3495.43 396.585 0 4.01554
984.936 3496.58 396.632 0 4.00952
985.017 3497.74 396.678 0 3.9472
985.096 3498.89 396.725 0 3.94719
985.175 3500.04 396.771 0 3.94719
985.254 3501.18 396.818 0 3.94719
985.334 3502.33 396.864 0 3.94719
985.413 3503.48 396.911 0 3.95019
985.492 3504.63 396.957 0 4.09509
985.574 3505.78 397.002 0 4.09509
985.657 3506.93 397.048 0 4.09509
985.739 3508.07 397.094 0 4.09509
985.821 3509.22 397.14 0 4.09509
985.903 3510.37 397.186 0 4.11851
985.986 3511.52 397.23 0 4.17646
986.07 3512.66 397.275 0 4.17646
986.153 3513.81 397.32 0 4.17646
986.237 3514.96 397.364 0 4.17646
986.321 3516.11 397.409 0 4.18396
986.405 3517.25 397.454 0 4.22405
986.489 3518.4 397.497 0 4.238
986.574 3519.55 397.54 0 4.238
986.66 3520.69 397.583 0 4.238
986.745 3521.84 397.626 0 4.238
986.83 3522.99 397.669 0 4.43526
986.918 3524.14 397.719 0 4.48063
987.008 3525.28 397.769 0 4.67458
987.102 3526.43 397.819 0 4.6156
987.195 3527.58 397.868 0 4.57016
987.287 3528.73 397.916 0 4.57016
987.378 3529.87 397.964 0 4.55023
987.47 3531.02 398.012 0 4.49421
987.56 3532.17 398.058 0 4.68771
987.654 3533.32 398.104 0 4.68771
987.749 3534.47 398.151 0 4.64176
987.842 3535.63 398.196 0 4.64022
987.936 3536.78 398.241 0 4.64022
988.029 3537.93 398.286 0 4.62734
988.123 3539.08 398.331 0 4.71998
988.218 3540.24 398.375 0 4.71998
988.314 3541.39 398.419 0 4.72378
988.409 3542.55 398.463 0 4.72945
988.505 3543.71 398.507 0 4.72945
988.601 3544.86 398.55 0 4.7343
988.696 3546.02 398.594 0 4.7206
988.792 3547.18 398.637 0 4.7206
988.888 3548.35 398.681 0 4.7206
988.984 3549.51 398.724 0 4.77836
989.081 3550.67 398.768 0 4.78702
989.179 3551.83 398.811 0 4.78702
989.276 3552.99 398.854 0 4.78541
989.374 3554.16 398.898 0 4.82197
989.472 3555.33 398.942 0 4.82197
989.571 3556.5 398.986 0 4.86861
989.67 3557.67 399.031 0 4.94534
989.772 3558.84 399.075 0 4.94534
989.873 3560 399.12 0 4.87705
989.972 3561.17 399.165 0 4.81132
990.071 3562.34 399.212 0 4.81132
990.169 3563.51 399.259 0 4.81132
990.267 3564.68 399.306 0 4.76666
990.365 3565.84 399.351 0 4.75945
990.462 3567.01 399.397 0 4.66059
990.555 3568.15 399.441 0 4.65544
990.647 3569.29 399.486 0 4.61484
990.739 3570.43 399.529 0 4.61484
990.831 3571.56 399.573 0 4.61484
990.923 3572.7 399.617 0 4.60239
991.014 3573.84 399.66 0 4.47685
991.099 3574.92 399.701 0 4.47685
991.185 3576.01 399.742 0 4.47685
991.27 3577.1 399.783 0 4.46508
991.354 3578.18 399.824 0 4.44334
991.439 3579.27 399.865 0 4.44334
991.523 3580.36 399.905 0 4.38919
991.604 3581.4 399.945 0 4.38072
991.684 3582.45 399.984 0 4.36179
991.763 3583.49 400.023 0 4.36179
991.843 3584.54 400.062 0 4.36179
991.923 3585.58 400.101 0 4.35809
992.002 3586.63 400.14 0 4.38817
992.079 3587.62 400.177 0 4.38817
992.155 3588.62 400.214 0 4.38817
992.232 3589.62 400.251 0 4.38817
992.308 3590.61 400.288 0 4.37543
992.384 3591.61 400.326 0 4.373
992.46 3592.6 400.363 0 4.72145
992.539 3593.56 400.399 0 4.72145
992.619 3594.52 400.435 0 4.71779
992.698 3595.48 400.472 0 4.71241
992.777 3596.44 400.508 0 4.71241
992.856 3597.4 400.545 0 4.71241
992.935 3598.36 400.581 0 5.10684
993.02 3599.3 400.617 0 5.10425
993.104 3600.25 400.654 0 5.10392
993.189 3601.2 400.69 0 5.10392
993.273 3602.14 400.727 0 5.10391
993.358 3603.09 400.764 0 5.32402
993.446 3604.03 400.797 0 5.26891
993.533 3604.98 400.829 0 5.26891
993.62 3605.92 400.861 0 5.26891
993.707 3606.86 400.894 0 5.26891
993.794 3607.81 400.926 0 5.26891
993.881 3608.75 400.958 0 5.26891
993.968 3609.69 400.99 0 5.26449
994.055 3610.64 401.023 0 5.26449
994.142 3611.58 401.055 0 5.2371
994.229 3612.53 401.087 0 5.21773
994.315 3613.47 401.12 0 5.21773
994.401 3614.42 401.152 0 5.21773
994.488 3615.36 401.184 0 5.22179
994.574 3616.31 401.216 0 5.22179
994.66 3617.25 401.249 0 5.22179
994.746 3618.2 401.281 0 5.22179
994.833 3619.14 401.313 0 5.22179
994.919 3620.08 401.345 0 5.2114
995.005 3621.03 401.378 0 5.18952
995.09 3621.96 401.41 0 5.18952
995.175 3622.9 401.442 0 5.18952
995.26 3623.84 401.474 0 5.18952
995.345 3624.77 401.506 0 5.18952
995.43 3625.71 401.537 0 5.18952
995.515 3626.64 401.569 0 5.12903
995.6 3627.59 401.602 0 5.12903
995.685 3628.54 401.634 0 5.12896
995.771 3629.49 401.667 0 5.10947
995.855 3630.44 401.699 0 5.10944
995.94 3631.39 401.731 0 5.10944
996.025 3632.34 401.764 0 4.88979
996.112 3633.36 401.798 0 4.88979
996.199 3634.37 401.833 0 4.88979
996.286 3635.39 401.868 0 4.88979
996.373 3636.41 401.902 0 4.88979
996.46 3637.42 401.937 0 4.88865
996.547 3638.44 401.972 0 4.96034
996.64 3639.52 402.008 0 4.96034
996.734 3640.59 402.045 0 4.96034
996.827 3641.66 402.082 0 4.96034
996.92 3642.74 402.118 0 4.96034
997.013 3643.81 402.155 0 4.96034
997.107 3644.89 402.192 0 4.85369
997.204 3646.03 402.23 0 4.85477
997.301 3647.17 402.269 0 4.86127
997.398 3648.31 402.308 0 4.86127
997.495 3649.45 402.347 0 4.86127
997.592 3650.6 402.386 0 4.86127
997.689 3651.74 402.425 0 4.92294
997.793 3652.94 402.466 0 4.92294
997.896 3654.14 402.507 0 4.92294
997.999 3655.34 402.548 0 4.93663
998.103 3656.54 402.589 0 4.94411
998.207 3657.74 402.63 0 4.94411
998.311 3658.94 402.671 0 4.76319
998.416 3660.21 402.714 0 4.76319
998.522 3661.48 402.757 0 4.76319
998.627 3662.74 402.8 0 4.76319
998.733 3664.01 402.843 0 4.78375
998.839 3665.27 402.886 0 4.79795
998.945 3666.54 402.929 0 4.75483
999.052 3667.83 402.973 0 4.75483
999.159 3669.11 403.017 0 4.75483
999.266 3670.4 403.061 0 4.75483
999.373 3671.68 403.105 0 4.75483
999.48 3672.97 403.148 0 4.79137
999.588 3674.26 403.192 0 4.80329
999.695 3675.54 403.236 0 4.80329
999.803 3676.82 403.28 0 4.80329
999.911 3678.1 403.323 0 4.80329
1000.02 3679.38 403.367 0 4.80329
1000.13 3680.66 403.411 0 4.80329
1000.23 3681.95 403.454 0 4.86068
1000.34 3683.22 403.498 0 4.86534
1000.45 3684.5 403.541 0 4.86534
1000.56 3685.78 403.585 0 4.86534
1000.67 3687.05 403.628 0 4.86534
1000.78 3688.33 403.672 0 4.86534
1000.89 3689.61 403.715 0 4.58352
1000.99 3690.88 403.74 0 4.24502
1001.08 3692.16 403.759 0 4.22531
1001.18 3693.43 403.799 0 4.21868
1001.27 3694.7 403.85 0 4.22687
1001.36 3695.98 403.902 0 4.24719
1001.46 3697.25 403.947 0 4.58181
1001.56 3698.52 403.987 0 4.67163
1001.67 3699.8 404.028 0 4.67163
1001.77 3701.07 404.069 0 4.67163
1001.87 3702.35 404.11 0 4.67163
1001.98 3703.62 404.151 0 4.67163
1002.08 3704.9 404.192 0 4.63212
1002.19 3706.19 404.233 0 4.63212
1002.29 3707.48 404.274 0 4.63212
1002.4 3708.77 404.316 0 4.63212
1002.5 3710.07 404.357 0 4.63241
1002.61 3711.36 404.399 0 4.63582
1002.71 3712.65 404.439 0 4.74366
1002.82 3713.98 404.48 0 4.74366
1002.93 3715.31 404.521 0 4.74366
1003.04 3716.65 404.562 0 4.74366
1003.15 3717.98 404.603 0 4.74366
1003.26 3719.31 404.644 0 4.74366
1003.37 3720.64 404.685 0 4.87032
1003.49 3722.02 404.728 0 4.87032
1003.61 3723.39 404.77 0 4.87032
1003.72 3724.76 404.812 0 4.87116
1003.84 3726.14 404.854 0 4.87133
1003.96 3727.51 404.895 0 4.87133
1004.08 3728.88 404.936 0 4.96182
1004.2 3730.3 404.978 0 4.96182
1004.32 3731.71 405.02 0 4.96182
1004.44 3733.12 405.062 0 4.96182
1004.57 3734.54 405.104 0 4.96182
1004.69 3735.95 405.146 0 4.96182
1004.81 3737.36 405.188 0 4.92478
1004.94 3738.8 405.231 0 4.92319
1005.06 3740.23 405.272 0 4.92319
1005.18 3741.66 405.314 0 4.92319
1005.31 3743.09 405.355 0 4.92319
1005.43 3744.52 405.396 0 4.92319
1005.55 3745.95 405.438 0 4.91181
1005.68 3747.38 405.479 0 4.91181
1005.8 3748.82 405.521 0 4.91181
1005.92 3750.25 405.562 0 4.91181
1006.04 3751.68 405.603 0 4.90985
1006.17 3753.11 405.644 0 4.90747
1006.29 3754.55 405.685 0 4.90608
1006.41 3755.98 405.725 0 4.90608
1006.54 3757.4 405.765 0 4.90608
1006.66 3758.83 405.805 0 4.90608
1006.78 3760.26 405.845 0 4.90608
1006.9 3761.69 405.886 0 4.90608
1007.03 3763.12 405.926 0 4.90626
1007.15 3764.54 405.966 0 4.90626
1007.27 3765.97 406.006 0 4.90037
1007.39 3767.4 406.046 0 4.89924
1007.52 3768.83 406.085 0 4.89924
1007.64 3770.25 406.124 0 4.89924
1007.76 3771.68 406.164 0 4.89877
1007.88 3773.11 406.203 0 4.89877
1008.01 3774.54 406.242 0 4.89877
1008.13 3775.97 406.282 0 4.89877
1008.25 3777.4 406.321 0 4.89877
1008.37 3778.83 406.36 0 4.89659
1008.5 3780.26 406.4 0 4.9089
1008.62 3781.69 406.438 0 4.9089
1008.74 3783.12 406.477 0 4.9089
1008.86 3784.55 406.516 0 4.9089
1008.99 3785.98 406.555 0 4.9089
1009.11 3787.41 406.593 0 4.9089
1009.23 3788.84 406.632 0 4.89236
1009.35 3790.27 406.671 0 4.89236
1009.48 3791.69 406.709 0 4.89236
1009.6 3793.11 406.748 0 4.88485
1009.72 3794.54 406.786 0 4.87998
1009.84 3795.96 406.824 0 4.87998
1009.96 3797.39 406.863 0 4.77949
1010.08 3798.79 406.9 0 4.77949
1010.2 3800.2 406.938 0 4.77949
1010.32 3801.6 406.976 0 4.77949
1010.43 3803.01 407.013 0 4.77949
1010.55 3804.42 407.051 0 4.77949
1010.67 3805.82 407.089 0 4.6445
1010.78 3807.21 407.126 0 4.6317
1010.89 3808.59 407.163 0 4.62945
1011.01 3809.97 407.199 0 4.62945
1011.12 3811.36 407.236 0 4.62945
1011.23 3812.74 407.273 0 4.62945
1011.34 3814.12 407.31 0 4.52282
1011.45 3815.49 407.346 0 4.52282
1011.56 3816.85 407.383 0 4.52282
1011.67 3818.22 407.419 0 4.52282
1011.77 3819.58 407.456 0 4.52282
1011.88 3820.95 407.492 0 4.50779
1011.99 3822.31 407.528 0 4.48599
1012.1 3823.67 407.564 0 4.48599
1012.2 3825.03 407.601 0 4.48599
1012.31 3826.39 407.637 0 4.48599
1012.42 3827.75 407.673 0 4.48599
1012.52 3829.11 407.709 0 4.48599
1012.63 3830.47 407.746 0 4.50705
1012.74 3831.83 407.782 0 4.50705
1012.84 3833.19 407.818 0 4.50705
1012.95 3834.55 407.854 0 4.68246
1013.06 3835.9 407.885 0 4.66213
1013.17 3837.26 407.917 0 4.66213
1013.28 3838.62 407.948 0 4.66218
1013.39 3839.98 407.98 0 4.66218
1013.51 3841.34 408.012 0 4.66218
1013.62 3842.7 408.043 0 4.66218
1013.73 3844.06 408.075 0 4.66218
1013.84 3845.42 408.106 0 4.66218
1013.95 3846.78 408.138 0 4.66001
1014.06 3848.15 408.169 0 4.66001
1014.17 3849.51 408.201 0 4.65461
1014.28 3850.87 408.232 0 4.62638
1014.39 3852.24 408.263 0 4.62638
1014.5 3853.6 408.294 0 4.62638
1014.61 3854.96 408.325 900149 0
