6.92297e-310 6.92297e-310 0 0 0
0 -0.31 0 0 0
0 -0.31 0 0 0
0 -0.31 0 0 0
0 -0.31 0 0 0
0 -0.31 0 0 0
0 -0.31 0 0 0
0 -0.31 0 0 0
0 -0.31 0 0 0
0 -0.31 0 0 0
0 -0.31 0 0 0
0 -0.31 0 0 0
0 -0.31 0 0 0
0 -0.31 0 0 0
0 -0.31 0 0 0
0 -0.31 0 0 0
0 -0.31 0 0 0
0 -0.31 0 0 0
0 -0.31 0 0 0
0 -0.31 0 0 0
0 -0.31 0 0 0
0 -0.31 0 0 0
0 -0.31 0 0 0
0 -0.31 0 0 0
0 -0.31 0 0 0
0 -0.31 0 0 0
0 -0.31 0 0 0
0 -0.31 0 0 0
0 -0.31 0 0 0
0 -0.31 0 0 0
0 -0.31 0 0 0
0 -0.31 0 0 0
0 -0.31 0 0 0
0 -0.31 0 0 0
0 -0.31 0 0 0
0 -0.31 0 0 0
0 -0.31 0 0 0
0 -0.31 0 0 0
0 -0.31 0 0 0
0 -0.31 0 0 0
0 -0.31 0 0 0
0 -0.31 0 0 0
0 -0.31 0 0 0
0 -0.31 0 0 0
0 -0.31 0 0 0
0 -0.31 0 0 0
0 -0.31 0 0 0
0 -0.31 0 0 0
0 -0.31 0 0 0
0 -0.31 0 0 0
0 -0.31 0 0 0
0 -0.31 0 0 0
0 -0.31 0 0 0
0 -0.31 0 0 0
0 -0.31 0 0 0
0 -0.31 0 0 0
0 -0.31 0 0 0
0 -0.31 0 0 0
0 -0.31 0 0 0
0 -0.31 0 0 0
0 -0.31 0 0 0
0 -0.31 0 0 0
0 -0.31 0 0 0
0 -0.31 0 0 0
0 -0.31 0 0 0
0 -0.31 0 0 0
0 -0.31 0 0 0
0 -0.31 0 0 0
0 -0.31 0 0 0
0 -0.31 0 0 0
0 -0.31 0 0 0
0 -0.31 0 0 0
0 -0.31 0 0 0
0 -0.31 0 0 0
0 -0.31 0 0 0
0 -0.31 0 0 0
0 -0.31 0 0 0
0 -0.31 0 0 0
0 -0.37 0 0 0
0 -0.37 0 0 0
0 -0.37 0 0 0
0 -0.37 0 0 0
0 -0.37 0 0 0
0 -0.37 0 0 0
0 -0.37 0 0 0
0 -0.37 0 0 0
0 -0.37 0 0 0
0 -0.37 0 0 0
0 -0.37 0 0 0
0 -0.37 0 0 0
0 -0.37 0 0 0
0 -0.37 0 0 0
0 -0.37 0 0 0
0 -0.37 0 0 0
0 -0.37 0 0 0
0 -0.37 0 0 0
0 -0.37 0 0 0
0 -0.37 0 0 0
0 -0.37 0 0 0
0 -0.37 0 0 0
0 -0.37 0 0 0
0 -0.37 0 0 0
0 -0.37 0 0 0
0 -0.37 0 0 0
0 -0.37 0 0 0
0 -0.37 0 0 0
0 -0.37 0 0 0
0 -0.37 0 0 0
0 -0.37 0 0 0
0 -0.37 0 0 0
0 -0.37 0 0 0
0 -0.37 0 0 0
0 -0.37 0 0 0
0 -0.37 0 0 0
0 -0.56 0 0 0
0 -0.56 0 0 0
0 -0.56 0 0 0
0 -0.56 0 0 0
0 -0.56 0 0 0
0 -0.56 0 0 0
0 -0.56 0 0 0
0 -0.56 0 0 0
0 -0.56 0 0 0
0 -0.56 0 0 0
0 -0.56 0 0 0
0 -0.56 0 0 0
0 -0.56 0 0 0
0 -0.56 0 0 0
0 -0.56 0 0 0
0 -0.56 0 0 0
0 -0.56 0 0 0
0 -0.56 0 0 0
0 -0.56 0 0 0
0 -0.56 0 0 0
0 -0.56 0 0 0
0 -0.56 0 0 0
0 -0.56 0 0 0
0 -0.56 0 0 0
0 -0.56 0 0 0
0 -0.56 0 0 0
0 -0.56 0 0 0
0 -0.56 0 0 0
0 -0.56 0 0 0
0 -0.56 0 0 0
0 -0.56 0 0 0
0 -0.56 0 0 0
0 -0.56 0 0 0
0 -0.56 0 0 0
0 -0.56 0 0 0
0 -0.56 0 0 0
0 -0.45 0 0 0
0 -0.45 0 0 0
0 -0.45 0 0 0
0 -0.45 0 0 0
0 -0.45 0 0 0
0 -0.45 0 0 0
0 -0.45 0 0 0
0 -0.45 0 0 0
0 -0.45 0 0 0
0 -0.45 0 0 0
0 -0.45 0 0 0
0 -0.45 0 0 0
0 -0.45 0 0 0
0 -0.45 0 0 0
0 -0.45 0 0 0
0 -0.45 0 0 0
0 -0.45 0 0 0
0 -0.45 0 0 0
0 -0.45 0 0 0
0 -0.45 0 0 0
0 -0.45 0 0 0
0 -0.45 0 0 0
0 -0.45 0 0 0
0 -0.45 0 0 0
0 -0.45 0 0 0
0 -0.45 0 0 0
0 -0.45 0 0 0
0 -0.45 0 0 0
0 -0.45 0 0 0
0 -0.45 0 0 0
0 -0.45 0 0 0
-478.381 -2260.23 0 0 0
-477.793 -2259.21 0 0 0
-477.205 -2258.18 0 0 0
-476.614 -2257.16 0 0 0
-476.023 -2256.13 0 0 0
-475.432 -2255.11 0 0 0
-474.848 -2254.1 0 0 0
-474.264 -2253.1 0 0 0
-473.679 -2252.09 0 0 0
-473.095 -2251.08 0 0 0
-472.511 -2250.07 0 0 0
-471.927 -2249.07 0 0 0
-471.354 -2248.08 0 0 0
-470.782 -2247.1 0 0 0
-470.21 -2246.11 0 0 0
-469.637 -2245.12 0 0 0
-469.065 -2244.14 0 0 0
-468.492 -2243.15 0 0 0
-467.913 -2242.16 0 0 0
-467.334 -2241.17 0 0 0
-466.755 -2240.18 0 0 0
-466.176 -2239.19 0 0 0
-465.597 -2238.2 0 0 0
-465.018 -2237.21 0 0 0
-464.453 -2236.26 0 0 0
-463.887 -2235.31 0 0 0
-463.322 -2234.36 0 0 0
-462.757 -2233.41 0 0 0
-462.191 -2232.45 0 0 0
-461.625 -2231.5 0 0 0
-461.082 -2230.6 0 0 0
-460.54 -2229.69 0 0 0
-459.997 -2228.79 0 0 0
-459.454 -2227.89 0 0 0
-458.912 -2226.98 0 0 0
-458.369 -2226.08 0 0 0
-457.838 -2225.2 0 0 0
-457.307 -2224.32 0 0 0
-456.775 -2223.43 0 0 0
-456.244 -2222.55 0 0 0
-455.713 -2221.67 0 0 0
-455.182 -2220.79 0 0 0
-454.619 -2219.87 0 0 0
-454.055 -2218.94 0 0 0
-453.492 -2218.02 0 0 0
-452.929 -2217.09 0 0 0
-452.366 -2216.17 0 0 0
-451.803 -2215.24 0 0 0
-451.22 -2214.28 0 0 0
-450.638 -2213.33 0 0 0
-450.056 -2212.37 0 0 0
-449.474 -2211.41 0 0 0
-448.892 -2210.46 0 0 0
-448.309 -2209.5 0 0 0
-447.695 -2208.49 0 0 0
-447.081 -2207.48 0 0 0
-446.467 -2206.46 0 0 0
-445.852 -2205.45 0 0 0
-445.237 -2204.44 0 0 0
-444.622 -2203.43 0 0 0
-444.008 -2202.42 0 0 0
-443.394 -2201.41 0 0 0
-442.78 -2200.4 0 0 0
-442.166 -2199.39 0 0 0
-441.552 -2198.38 0 0 0
-440.938 -2197.37 0 0 0
-440.31 -2196.34 0 0 0
-439.681 -2195.31 0 0 0
-439.052 -2194.28 0 0 0
-438.423 -2193.24 0 0 0
-437.794 -2192.21 0 0 0
-437.165 -2191.18 0 0 0
-436.53 -2190.14 0 0 0
-435.894 -2189.09 0 0 0
-435.259 -2188.05 0 0 0
-434.623 -2187 0 0 0
-433.987 -2185.96 0 0 0
-433.352 -2184.91 0 0 0
-432.724 -2183.88 0 0 0
-432.096 -2182.85 0 0 0
-431.468 -2181.82 0 0 0
-430.841 -2180.79 0 0 0
-430.213 -2179.76 0 0 0
-429.585 -2178.73 0 0 0
-428.974 -2177.73 0 0 0
-428.363 -2176.72 0 0 0
-427.751 -2175.71 0 0 0
-427.14 -2174.71 0 0 0
-426.528 -2173.7 0 0 0
-425.917 -2172.69 0 0 0
-425.312 -2171.7 0 0 0
-424.706 -2170.71 0 0 0
-424.101 -2169.71 0 0 0
-423.495 -2168.72 0 0 0
-422.89 -2167.72 0 0 0
-422.284 -2166.73 0 0 0
-421.674 -2165.72 0 0 0
-421.063 -2164.71 0 0 0
-420.453 -2163.69 0 0 0
-419.842 -2162.68 0 0 0
-419.232 -2161.67 0 0 0
-418.621 -2160.66 0 0 0
-417.993 -2159.62 0 0 0
-417.365 -2158.57 0 0 0
-416.737 -2157.53 0 0 0
-416.109 -2156.48 0 0 0
-415.48 -2155.44 0 0 0
-414.852 -2154.39 0 0 0
-414.205 -2153.31 0 0 0
-413.557 -2152.22 0 0 0
-412.909 -2151.14 0 0 0
-412.261 -2150.05 0 0 0
-411.613 -2148.97 0 0 0
-410.966 -2147.88 0 0 0
-410.3 -2146.76 0 0 0
-409.635 -2145.65 0 0 0
-408.97 -2144.53 0 0 0
-408.305 -2143.41 0 0 0
-407.64 -2142.29 0 0 0
-406.974 -2141.17 0 0 0
-406.302 -2140.04 0 0 0
-405.63 -2138.9 0 0 0
-404.958 -2137.77 0 0 0
-404.286 -2136.63 0 0 0
-403.614 -2135.5 0 0 0
-402.942 -2134.36 0 0 0
-402.276 -2133.23 0 0 0
-401.61 -2132.1 0 0 0
-400.944 -2130.97 0 0 0
-400.278 -2129.84 0 0 0
-399.613 -2128.71 0 0 0
-398.949 -2127.58 0 0 0
-398.303 -2126.46 0 0 0
-397.658 -2125.35 0 0 0
-397.012 -2124.23 0 0 0
-396.366 -2123.11 0 0 0
-395.721 -2121.99 0 0 0
-395.075 -2120.88 0 0 0
-394.437 -2119.76 0 0 0
-393.798 -2118.65 0 0 0
-393.16 -2117.54 0 0 0
-392.521 -2116.43 0 0 0
-391.883 -2115.32 0 0 0
-391.245 -2114.21 0 0 0
-390.599 -2113.09 0 0 0
-389.953 -2111.98 0 0 0
-389.308 -2110.86 0 0 0
-388.662 -2109.74 0 0 0
-388.016 -2108.63 0 0 0
-387.371 -2107.51 0 0 0
-386.716 -2106.4 0 0 0
-386.061 -2105.28 0 0 0
-385.406 -2104.17 0 0 0
-384.751 -2103.05 0 0 0
-384.097 -2101.94 0 0 0
-383.446 -2100.82 0 0 0
-382.804 -2099.73 0 0 0
-382.162 -2098.63 0 0 0
-381.52 -2097.54 0 0 0
-380.878 -2096.44 0 0 0
-380.236 -2095.35 0 0 0
-379.594 -2094.25 0 0 0
-378.978 -2093.2 0 0 0
-378.363 -2092.14 0 0 0
-377.747 -2091.08 0 0 0
-377.132 -2090.03 0 0 0
-376.516 -2088.97 0 0 0
-375.9 -2087.91 0 0 0
-375.308 -2086.89 0 0 0
-374.716 -2085.88 0 0 0
-374.123 -2084.86 0 0 0
-373.531 -2083.84 0 0 0
-372.939 -2082.82 0 0 0
-372.347 -2081.8 0 0 0
-371.761 -2080.8 0 0 0
-371.175 -2079.8 0 0 0
-370.589 -2078.79 0 0 0
-370.003 -2077.79 0 0 0
-369.416 -2076.78 0 0 0
-368.833 -2075.78 0 0 0
-368.243 -2074.76 0 0 0
-367.653 -2073.74 0 0 0
-367.064 -2072.71 0 0 0
-366.474 -2071.69 0 0 0
-365.885 -2070.67 0 0 0
-365.295 -2069.65 0 0 0
-364.689 -2068.6 0 0 0
-364.083 -2067.56 0 0 0
-363.477 -2066.51 0 0 0
-362.872 -2065.47 0 0 0
-362.266 -2064.42 0 0 0
-361.66 -2063.37 0 0 0
-361.049 -2062.32 0 0 0
-360.439 -2061.26 0 0 0
-359.828 -2060.21 0 0 0
-359.218 -2059.15 0 0 0
-358.607 -2058.09 0 0 0
-357.997 -2057.04 0 0 0
-357.392 -2055.99 0 0 0
-356.786 -2054.95 0 0 0
-356.181 -2053.9 0 0 0
-355.576 -2052.85 0 0 0
-354.971 -2051.81 0 0 0
-354.366 -2050.76 0 0 0
-353.767 -2049.72 0 0 0
-353.171 -2048.68 0 0 0
-352.575 -2047.63 0 0 0
-351.979 -2046.59 0 0 0
-351.383 -2045.55 0 0 0
-350.787 -2044.5 0 0 0
-350.186 -2043.45 0 0 0
-349.586 -2042.4 0 0 0
-348.985 -2041.35 0 0 0
-348.385 -2040.3 0 0 0
-347.784 -2039.25 0 0 0
-347.183 -2038.2 0 0 0
-346.577 -2037.14 0 0 0
-345.97 -2036.07 0 0 0
-345.363 -2035.01 0 0 0
-344.756 -2033.95 0 0 0
-344.149 -2032.89 0 0 0
-343.543 -2031.83 0 0 0
-342.955 -2030.8 0 0 0
-342.368 -2029.77 0 0 0
-341.781 -2028.74 0 0 0
-341.193 -2027.71 0 0 0
-340.606 -2026.69 0 0 0
-340.019 -2025.66 0 0 0
-339.461 -2024.68 0 0 0
-338.891 -2023.65 0 0 0
-338.357 -2022.66 0 0 0
-337.823 -2021.67 0 0 0
-337.29 -2020.67 0 0 0
-336.756 -2019.68 0 0 0
-336.219 -2018.69 0 0 0
-335.682 -2017.7 0 0 0
-335.145 -2016.71 0 0 0
-334.608 -2015.72 0 0 0
-334.071 -2014.73 0 0 0
-333.534 -2013.74 0 0 0
-332.967 -2012.7 0 0 0
-332.4 -2011.66 0 0 0
-331.833 -2010.62 0 0 0
-331.266 -2009.58 0 0 0
-330.699 -2008.54 0 0 0
-330.132 -2007.49 0 0 0
-329.545 -2006.41 0 0 0
-328.958 -2005.33 0 0 0
-328.375 -2004.25 0 0 0
-327.805 -2003.16 0 0 0
-327.235 -2002.08 0 0 0
-326.665 -2000.99 0 0 0
-326.077 -1999.86 0 0 0
50.041 -0.78 0 0 0
50.041 -0.78 0 0 0
50.041 -0.78 0 0 0
50.041 -0.78 0 0 0
50.041 -0.78 0 0 0
50.041 -0.78 0 0 0
50.281 -0.78 0 0 0
50.281 -0.78 0 0 0
50.281 -0.78 0 0 0
50.281 -0.78 0 0 0
50.281 -0.78 0 0 0
50.281 -0.78 0 0 0
50.061 -0.78 0 0 0
50.061 -0.78 0 0 0
50.061 -0.78 0 0 0
50.061 -0.78 0 0 0
50.061 -0.78 0 0 0
50.061 -0.78 0 0 0
49.4402 -0.78 0 0 0
49.4402 -0.78 0 0 0
49.4402 -0.78 0 0 0
49.4402 -0.78 0 0 0
49.4402 -0.78 0 0 0
49.4402 -0.78 0 0 0
48.7023 -0.78 0 0 0
48.7023 -0.78 0 0 0
48.7023 -0.78 0 0 0
48.7023 -0.78 0 0 0
48.7023 -0.78 0 0 0
48.7023 -0.78 0 0 0
48.3109 -0.78 0 0 0
48.3109 -0.78 0 0 0
48.3109 -0.78 0 0 0
48.3109 -0.78 0 0 0
48.3109 -0.78 0 0 0
48.3109 -0.78 0 0 0
48.7023 -1.1 0 0 0
48.7023 -1.1 0 0 0
48.7023 -1.1 0 0 0
48.7023 -1.1 0 0 0
48.7023 -1.1 0 0 0
48.7023 -1.1 0 0 0
49.4602 -1.1 0 0 0
49.4602 -1.1 0 0 0
49.4602 -1.1 0 0 0
49.4602 -1.1 0 0 0
49.4602 -1.1 0 0 0
49.4602 -1.1 0 0 0
50.011 -1.1 0 0 0
50.011 -1.1 0 0 0
50.011 -1.1 0 0 0
50.011 -1.1 0 0 0
50.011 -1.1 0 0 0
50.011 -1.1 0 0 0
50.141 -1.1 0 0 0
50.141 -1.1 0 0 0
50.141 -1.1 0 0 0
50.141 -1.1 0 0 0
50.141 -1.1 0 0 0
50.141 -1.1 0 0 0
50.031 -1.1 0 0 0
50.031 -1.1 0 0 0
50.031 -1.1 0 0 0
50.031 -1.1 0 0 0
50.031 -1.1 0 0 0
50.031 -1.1 0 0 0
49.991 -1.1 0 0 0
49.991 -1.1 0 0 0
49.991 -1.1 0 0 0
49.991 -1.1 0 0 0
49.991 -1.1 0 0 0
49.991 -1.1 0 0 0
50.2214 -1.15 0 0 0
50.2214 -1.15 0 0 0
50.2214 -1.15 0 0 0
50.2214 -1.15 0 0 0
50.2214 -1.15 0 0 0
50.2214 -1.15 0 0 0
50.6325 -1.15 0 0 0
50.6325 -1.15 0 0 0
50.6325 -1.15 0 0 0
50.6325 -1.15 0 0 0
50.6325 -1.15 0 0 0
50.6325 -1.15 0 0 0
51.0934 -1.15 0 0 0
51.0934 -1.15 0 0 0
51.0934 -1.15 0 0 0
51.0934 -1.15 0 0 0
51.0934 -1.15 0 0 0
51.0934 -1.15 0 0 0
51.5017 -1.15 0 0 0
51.5017 -1.15 0 0 0
51.5017 -1.15 0 0 0
51.5017 -1.15 0 0 0
51.5017 -1.15 0 0 0
51.5017 -1.15 0 0 0
51.7751 -1.15 0 0 0
51.7751 -1.15 0 0 0
51.7751 -1.15 0 0 0
51.7751 -1.15 0 0 0
51.7751 -1.15 0 0 0
51.7751 -1.15 0 0 0
51.6609 -1.15 0 0 0
51.6609 -1.15 0 0 0
51.6609 -1.15 0 0 0
51.6609 -1.15 0 0 0
51.6609 -1.15 0 0 0
51.6609 -1.15 0 0 0
50.8304 -0.46 0 0 0
50.8304 -0.46 0 0 0
50.8304 -0.46 0 0 0
50.8304 -0.46 0 0 0
50.8304 -0.46 0 0 0
50.8304 -0.46 0 0 0
49.4063 -0.46 0 0 0
49.4063 -0.46 0 0 0
49.4063 -0.46 0 0 0
49.4063 -0.46 0 0 0
49.4063 -0.46 0 0 0
49.4063 -0.46 0 0 0
48.2073 -0.46 0 0 0
48.2073 -0.46 0 0 0
48.2073 -0.46 0 0 0
48.2073 -0.46 0 0 0
48.2073 -0.46 0 0 0
48.2073 -0.46 0 0 0
47.0241 -0.46 0 0 0
47.0241 -0.46 0 0 0
47.0241 -0.46 0 0 0
47.0241 -0.46 0 0 0
47.0241 -0.46 0 0 0
47.0241 -0.46 0 0 0
46.501 -0.46 0 0 0
46.501 -0.46 0 0 0
46.501 -0.46 0 0 0
46.501 -0.46 0 0 0
46.501 -0.46 0 0 0
46.501 -0.46 0 0 0
46.0471 -0.46 0 0 0
46.0471 -0.46 0 0 0
46.0471 -0.46 0 0 0
46.0471 -0.46 0 0 0
46.0471 -0.46 0 0 0
46.0471 -0.46 0 0 0
45.4938 -0.8 0 0 0
45.4938 -0.8 0 0 0
45.4938 -0.8 0 0 0
45.4938 -0.8 0 0 0
45.4938 -0.8 0 0 0
45.4938 -0.8 0 0 0
45.01 -0.8 0 0 0
45.01 -0.8 0 0 0
45.01 -0.8 0 0 0
45.01 -0.8 0 0 0
45.01 -0.8 0 0 0
45.01 -0.8 0 0 0
44.8801 -0.8 0 0 0
44.8801 -0.8 0 0 0
44.8801 -0.8 0 0 0
44.8801 -0.8 0 0 0
44.8801 -0.8 0 0 0
44.8801 -0.8 0 0 0
44.91 -0.8 0 0 0
44.91 -0.8 0 0 0
44.91 -0.8 0 0 0
44.91 -0.8 0 0 0
44.91 -0.8 0 0 0
44.91 -0.8 0 0 0
44.8801 -0.8 0 0 0
44.8801 -0.8 0 0 0
44.8801 -0.8 0 0 0
44.8801 -0.8 0 0 0
44.8801 -0.8 0 0 0
44.8801 -0.8 0 0 0
44.9995 -0.8 0 0 0
44.9995 -0.8 0 0 0
44.9995 -0.8 0 0 0
44.9995 -0.8 0 0 0
44.9995 -0.8 0 0 0
44.9995 -0.8 0 0 0
45.4117 -0.91 0 0 0
45.4117 -0.91 0 0 0
45.4117 -0.91 0 0 0
45.4117 -0.91 0 0 0
45.4117 -0.91 0 0 0
45.4117 -0.91 0 0 0
45.9766 -0.91 0 0 0
45.9766 -0.91 0 0 0
45.9766 -0.91 0 0 0
45.9766 -0.91 0 0 0
45.9766 -0.91 0 0 0
45.9766 -0.91 0 0 0
46.2348 -0.91 0 0 0
46.2348 -0.91 0 0 0
46.2348 -0.91 0 0 0
46.2348 -0.91 0 0 0
46.2348 -0.91 0 0 0
46.2348 -0.91 0 0 0
45.6204 -0.91 0 0 0
45.6204 -0.91 0 0 0
45.6204 -0.91 0 0 0
45.6204 -0.91 0 0 0
45.6204 -0.91 0 0 0
45.6204 -0.91 0 0 0
45.1733 -0.91 0 0 0
45.1733 -0.91 0 0 0
45.1733 -0.91 0 0 0
45.1733 -0.91 0 0 0
45.1733 -0.91 0 0 0
45.1733 -0.91 0 0 0
45.6516 -0.91 0 0 0
45.6516 -0.91 0 0 0
45.6516 -0.91 0 0 0
45.6516 -0.91 0 0 0
45.6516 -0.91 0 0 0
45.6516 -0.91 0 0 0
46.808 -1.76 0 0 0
46.808 -1.76 0 0 0
46.808 -1.76 0 0 0
46.808 -1.76 0 0 0
46.808 -1.76 0 0 0
46.808 -1.76 0 0 0
47.9406 -1.76 0 0 0
47.9406 -1.76 0 0 0
47.9406 -1.76 0 0 0
47.9406 -1.76 0 0 0
47.9406 -1.76 0 0 0
47.9406 -1.76 0 0 0
48.4094 -1.76 0 0 0
48.4094 -1.76 0 0 0
48.4094 -1.76 0 0 0
48.4094 -1.76 0 0 0
48.4094 -1.76 0 0 0
48.4094 -1.76 0 0 0
47.8969 -1.76 0 0 0
47.8969 -1.76 0 0 0
47.8969 -1.76 0 0 0
47.8969 -1.76 0 0 0
47.8969 -1.76 0 0 0
47.8969 -1.76 0 0 0
46.8821 -1.76 0 0 0
46.8821 -1.76 0 0 0
46.8821 -1.76 0 0 0
46.8821 -1.76 0 0 0
46.8821 -1.76 0 0 0
46.8821 -1.76 0 0 0
45.7502 -1.76 0 0 0
45.7502 -1.76 0 0 0
45.7502 -1.76 0 0 0
45.7502 -1.76 0 0 0
45.7502 -1.76 0 0 0
45.7502 -1.76 0 0 0
45.0115 -0.59 0 0 0
45.0115 -0.59 0 0 0
45.0115 -0.59 0 0 0
45.0115 -0.59 0 0 0
45.0115 -0.59 0 0 0
45.0115 -0.59 0 0 0
44.8816 -0.59 0 0 0
44.8816 -0.59 0 0 0
44.8816 -0.59 0 0 0
44.8816 -0.59 0 0 0
44.8816 -0.59 0 0 0
44.8816 -0.59 0 0 0
44.9915 -0.59 0 0 0
44.9915 -0.59 0 0 0
44.9915 -0.59 0 0 0
44.9915 -0.59 0 0 0
44.9915 -0.59 0 0 0
44.9915 -0.59 0 0 0
45.0015 -0.59 0 0 0
45.0015 -0.59 0 0 0
45.0015 -0.59 0 0 0
45.0015 -0.59 0 0 0
45.0015 -0.59 0 0 0
45.0015 -0.59 0 0 0
45.0016 -0.59 0 0 0
45.0016 -0.59 0 0 0
45.0016 -0.59 0 0 0
45.0016 -0.59 0 0 0
45.0016 -0.59 0 0 0
45.0016 -0.59 0 0 0
45.0215 -0.59 0 0 0
45.0215 -0.59 0 0 0
45.0215 -0.59 0 0 0
45.0215 -0.59 0 0 0
45.0215 -0.59 0 0 0
45.0215 -0.59 0 0 0
45.0015 0.56 0 0 0
45.0015 0.56 0 0 0
45.0015 0.56 0 0 0
45.0015 0.56 0 0 0
45.0015 0.56 0 0 0
45.0015 0.56 0 0 0
44.93 0.56 0 0 0
44.93 0.56 0 0 0
44.93 0.56 0 0 0
44.93 0.56 0 0 0
44.93 0.56 0 0 0
44.93 0.56 0 0 0
44.815 0.56 0 0 0
44.815 0.56 0 0 0
44.815 0.56 0 0 0
44.815 0.56 0 0 0
23.3166 1385.31 407.231 0 40.0043
24.067 1386.21 407.185 0 40.0043
24.8174 1387.1 407.139 0 40.0043
25.5678 1387.99 407.094 0 40.0043
26.3181 1388.89 407.048 0 40.0043
27.0685 1389.78 407.002 0 40.0043
27.8189 1390.68 406.957 0 40.0043
28.5693 1391.57 406.911 0 40.0043
29.3197 1392.47 406.865 0 40.0043
30.0701 1393.36 406.82 0 40.0043
30.8204 1394.25 406.774 0 40.0043
31.5708 1395.15 406.728 0 40.0043
32.3212 1396.04 406.683 0 40.0071
33.0716 1396.94 406.637 0 40.0071
33.8221 1397.83 406.591 0 40.0071
34.5725 1398.72 406.546 0 40.0071
35.3229 1399.62 406.5 0 40.8063
36.0857 1400.5 406.454 0 41.059
36.8524 1401.38 406.409 0 41.0535
37.6191 1402.26 406.363 0 41.0535
38.3857 1403.14 406.317 0 41.0535
39.1523 1404.02 406.272 0 41.0535
39.9189 1404.9 406.226 0 41.0535
40.6856 1405.78 406.18 0 41.0535
41.4522 1406.66 406.135 0 41.059
42.2198 1407.54 406.089 0 41.059
42.9874 1408.43 406.043 0 41.059
43.7549 1409.31 405.997 0 41.059
44.5225 1410.19 405.952 0 41.059
45.2901 1411.07 405.906 0 41.059
46.0577 1411.95 405.86 0 41.0374
46.8267 1412.83 405.814 0 41.0374
47.5957 1413.72 405.768 0 41.0374
48.3647 1414.6 405.722 0 41.0374
49.1337 1415.48 405.677 0 41.0374
49.9027 1416.37 405.631 0 41.0374
50.6717 1417.25 405.585 0 41.0726
51.4391 1418.13 405.539 0 41.0726
52.2065 1419.01 405.493 0 41.0726
52.9738 1419.89 405.448 0 41.5596
53.7486 1420.77 405.402 0 41.9206
54.5289 1421.64 405.356 0 41.9206
55.3093 1422.51 405.31 0 42.0638
56.0818 1423.36 405.265 0 42.0638
56.8543 1424.22 405.22 0 42.0638
57.6268 1425.07 405.175 0 42.0638
58.3993 1425.93 405.13 0 42.0638
59.1718 1426.79 405.084 0 42.0638
59.9443 1427.64 405.039 0 42.0271
60.6957 1428.47 404.995 0 42.0271
61.4471 1429.31 404.951 0 42.0271
62.1985 1430.14 404.907 0 42.0271
62.9498 1430.98 404.863 0 42.0271
63.7012 1431.81 404.819 0 42.0271
64.4526 1432.64 404.775 0 41.9328
65.1776 1433.45 404.733 0 41.9328
65.9026 1434.26 404.69 0 41.9328
66.6276 1435.06 404.648 0 41.9328
67.3526 1435.87 404.605 0 41.9328
68.0776 1436.68 404.563 0 41.9328
68.8026 1437.49 404.52 0 41.9232
69.509 1438.27 404.479 0 41.9232
70.2154 1439.06 404.437 0 41.9232
70.9218 1439.85 404.396 0 42.0895
71.6304 1440.63 404.355 0 42.5679
72.3456 1441.41 404.313 0 42.5679
73.0607 1442.19 404.272 0 42.528
73.7677 1442.96 404.231 0 42.528
74.4746 1443.73 404.19 0 42.528
75.1816 1444.5 404.149 0 42.528
75.8885 1445.27 404.108 0 42.528
76.5955 1446.04 404.067 0 42.528
77.3024 1446.81 404.026 0 42.5493
78.0101 1447.58 403.985 0 42.5493
78.7178 1448.35 403.944 0 42.5493
79.4255 1449.13 403.903 0 42.5493
80.1332 1449.9 403.862 0 42.5493
80.8409 1450.67 403.821 0 42.5493
81.5486 1451.44 403.779 0 42.5495
82.2588 1452.21 403.738 0 42.5495
82.9689 1452.99 403.697 0 42.5495
83.6791 1453.76 403.656 0 42.5495
84.3893 1454.53 403.615 0 42.5495
85.0995 1455.31 403.574 0 42.5495
85.8097 1456.08 403.532 0 42.5498
86.5239 1456.86 403.491 0 42.5498
87.2382 1457.64 403.45 0 42.5498
87.9524 1458.41 403.408 0 42.5498
88.6667 1459.19 403.367 0 42.5498
89.3809 1459.97 403.325 0 42.7297
90.0976 1460.75 403.284 0 42.9883
90.8103 1461.51 403.243 0 42.9883
91.5229 1462.28 403.202 0 42.9883
92.2356 1463.04 403.161 0 42.9883
92.9483 1463.8 403.12 0 42.9883
93.661 1464.57 403.079 0 42.9883
94.3736 1465.33 403.038 0 42.9903
95.0711 1466.08 402.998 0 42.9903
95.7686 1466.83 402.958 0 42.9903
96.466 1467.58 402.918 0 42.9903
97.1635 1468.33 402.878 0 42.9903
97.861 1469.07 402.838 0 42.9903
98.5584 1469.82 402.798 0 43.062
99.2512 1470.56 402.758 0 43.062
99.9439 1471.31 402.718 0 43.062
100.637 1472.05 402.678 0 43.062
101.329 1472.79 402.638 0 43.062
102.022 1473.53 402.599 0 43.062
102.715 1474.27 402.559 0 43.1584
103.414 1475.02 402.519 0 43.1584
104.114 1475.76 402.479 0 43.1584
104.813 1476.51 402.439 0 43.1584
105.513 1477.25 402.399 0 43.1584
106.213 1478 402.358 0 43.1584
106.912 1478.75 402.318 0 43.1558
107.627 1479.51 402.277 0 43.1629
108.343 1480.27 402.236 0 43.3846
109.061 1481.03 402.195 0 43.3959
109.779 1481.79 402.154 0 43.3959
110.498 1482.55 402.113 0 43.3959
111.216 1483.31 402.072 0 43.3978
111.942 1484.08 402.031 0 43.3978
112.667 1484.85 401.99 0 43.3978
113.393 1485.61 401.948 0 43.3978
114.118 1486.38 401.907 0 43.3978
114.844 1487.15 401.865 0 43.3978
115.569 1487.92 401.824 0 43.3953
116.291 1488.68 401.783 0 43.3953
117.013 1489.44 401.742 0 43.3953
117.735 1490.21 401.7 0 43.3953
118.457 1490.97 401.659 0 43.3953
119.178 1491.73 401.618 0 43.3953
119.9 1492.5 401.577 0 43.3954
120.622 1493.26 401.536 0 43.3954
121.344 1494.02 401.495 0 43.3954
122.065 1494.79 401.453 0 43.3954
122.787 1495.55 401.412 0 43.3954
123.508 1496.31 401.371 0 43.3954
124.23 1497.08 401.33 0 43.3984
124.952 1497.84 401.289 0 43.3984
125.673 1498.6 401.248 0 43.3984
126.395 1499.36 401.206 0 43.4029
127.117 1500.13 401.165 0 43.437
127.839 1500.89 401.124 0 43.437
128.561 1501.65 401.083 0 43.4339
129.284 1502.42 401.042 0 43.4339
130.006 1503.18 401 0 43.4339
130.729 1503.94 400.959 0 43.4339
131.452 1504.71 400.918 0 43.4339
132.175 1505.47 400.877 0 43.4339
132.898 1506.23 400.836 0 43.4339
133.62 1507 400.795 0 43.4339
134.342 1507.76 400.753 0 43.4339
135.065 1508.52 400.712 0 43.4339
135.787 1509.29 400.671 0 43.4339
136.509 1510.05 400.63 0 43.4339
137.232 1510.81 400.589 0 43.4556
137.952 1511.57 400.548 0 43.4556
138.672 1512.33 400.507 0 43.4556
139.392 1513.09 400.466 0 43.4556
140.112 1513.85 400.425 0 43.4556
140.832 1514.61 400.384 0 43.4556
141.552 1515.37 400.342 0 43.4163
142.27 1516.13 400.302 0 43.4163
142.988 1516.89 400.261 0 43.4163
143.705 1517.65 400.22 0 43.4163
144.423 1518.41 400.179 0 43.4163
145.141 1519.16 400.138 0 43.3864
145.858 1519.92 400.097 0 43.1166
146.577 1520.69 400.056 0 43.1166
147.296 1521.46 400.015 0 43.1166
148.016 1522.23 399.973 0 43.1166
148.735 1523 399.932 0 43.1166
149.454 1523.76 399.891 0 43.1166
150.173 1524.53 399.85 0 43.1058
150.911 1525.32 399.807 0 43.1058
151.648 1526.11 399.765 0 43.1058
152.385 1526.9 399.723 0 43.1058
153.123 1527.68 399.681 0 43.1058
153.86 1528.47 399.638 0 43.1058
154.598 1529.26 399.596 0 43.227
155.365 1530.07 399.552 0 43.227
156.132 1530.89 399.508 0 43.227
156.899 1531.71 399.464 0 43.227
157.666 1532.52 399.421 0 43.227
158.433 1533.34 399.377 0 43.227
159.2 1534.16 399.333 0 43.291
159.992 1535 399.288 0 43.291
160.784 1535.84 399.242 0 43.291
161.576 1536.68 399.197 0 43.291
162.368 1537.52 399.152 0 43.291
163.16 1538.36 399.107 0 43.291
163.952 1539.2 399.061 0 43.0987
164.752 1540.05 399.015 0 42.9244
165.55 1540.91 398.97 0 42.9244
166.348 1541.77 398.924 0 42.9244
167.146 1542.63 398.878 0 42.9244
167.943 1543.49 398.832 0 42.9244
168.741 1544.34 398.786 0 42.908
169.539 1545.2 398.74 0 42.908
170.337 1546.06 398.694 0 42.908
171.135 1546.92 398.649 0 42.908
171.933 1547.78 398.603 0 42.908
172.732 1548.64 398.557 0 42.908
173.53 1549.49 398.511 0 42.9057
174.325 1550.35 398.465 0 42.9057
175.12 1551.21 398.419 0 42.9057
175.915 1552.06 398.374 0 42.9057
176.71 1552.92 398.328 0 42.9057
177.505 1553.77 398.282 0 42.9057
178.3 1554.63 398.236 0 42.9085
179.095 1555.48 398.191 0 42.9085
179.89 1556.34 398.145 0 42.9085
180.685 1557.19 398.099 0 42.9085
181.48 1558.05 398.054 0 42.9085
182.275 1558.9 398.008 0 43.4785
183.082 1559.75 397.961 0 43.1601
183.88 1560.61 397.914 0 43.1601
184.679 1561.46 397.868 0 43.1601
185.478 1562.31 397.821 0 43.1601
186.277 1563.16 397.775 0 43.1601
187.076 1564.01 397.728 0 43.1601
187.874 1564.87 397.682 0 43.2306
188.676 1565.72 397.635 0 43.2306
189.478 1566.57 397.588 0 43.2306
190.28 1567.42 397.542 0 43.2306
191.081 1568.28 397.495 0 43.2306
191.883 1569.13 397.449 0 43.2306
192.685 1569.98 397.402 0 43.2718
193.475 1570.82 397.356 0 43.2718
194.265 1571.66 397.31 0 43.2718
195.055 1572.5 397.264 0 43.2718
195.845 1573.34 397.219 0 43.2718
196.636 1574.18 397.173 0 43.2718
197.426 1575.02 397.127 0 43.1132
198.19 1575.84 397.082 0 43.1132
198.955 1576.65 397.038 0 43.0918
199.719 1577.47 396.993 0 43.085
200.484 1578.29 396.949 0 43.085
201.248 1579.1 396.905 0 43.085
202.012 1579.92 396.861 0 42.8712
202.758 1580.72 396.818 0 42.8712
203.504 1581.53 396.774 0 42.8712
204.249 1582.33 396.731 0 42.8712
204.995 1583.13 396.688 0 42.8712
205.741 1583.94 396.644 0 42.8712
206.487 1584.74 396.601 0 42.6526
207.228 1585.54 396.558 0 42.6526
207.969 1586.35 396.515 0 42.6526
208.71 1587.15 396.471 0 42.6526
209.452 1587.96 396.428 0 42.6526
210.193 1588.76 396.385 0 42.6526
210.934 1589.57 396.342 0 42.5868
211.686 1590.39 396.298 0 42.5868
212.437 1591.2 396.254 0 42.5868
213.189 1592.02 396.21 0 42.5868
213.941 1592.84 396.166 0 42.5868
214.693 1593.66 396.122 0 42.5868
215.444 1594.47 396.078 0 42.6419
216.204 1595.3 396.034 0 42.6277
216.963 1596.12 395.99 0 42.6277
217.722 1596.95 395.946 0 42.6277
218.482 1597.77 395.902 0 42.6277
219.241 1598.6 395.858 0 42.6277
220 1599.42 395.814 0 42.6263
220.757 1600.25 395.77 0 42.6263
221.514 1601.07 395.726 0 42.6263
222.27 1601.89 395.682 0 42.6263
223.027 1602.71 395.638 0 42.6263
223.783 1603.53 395.594 0 42.6263
224.54 1604.36 395.551 0 42.6265
225.297 1605.18 395.507 0 42.6265
226.054 1606 395.463 0 42.6265
226.81 1606.82 395.419 0 42.6265
227.567 1607.65 395.375 0 42.6265
228.324 1608.47 395.331 0 42.6265
229.081 1609.29 395.287 0 42.6265
229.838 1610.11 395.243 0 42.6265
230.594 1610.93 395.199 0 42.6265
231.351 1611.76 395.155 0 42.6265
232.108 1612.58 395.112 0 42.6265
232.865 1613.4 395.068 0 42.621
233.622 1614.22 395.024 0 42.6231
234.378 1615.05 394.98 0 42.6231
235.135 1615.87 394.936 0 42.6231
235.892 1616.69 394.892 0 42.6231
236.649 1617.51 394.849 0 42.6231
237.406 1618.34 394.805 0 42.6231
238.162 1619.16 394.761 0 42.6203
238.919 1619.98 394.717 0 42.6203
239.676 1620.8 394.674 0 42.6203
240.433 1621.62 394.63 0 42.6203
241.189 1622.45 394.586 0 42.6203
241.946 1623.27 394.542 0 42.6203
242.703 1624.09 394.498 0 42.6203
243.46 1624.91 394.455 0 42.6203
244.216 1625.74 394.411 0 42.6203
244.973 1626.56 394.367 0 42.6203
245.73 1627.38 394.323 0 42.6203
246.486 1628.2 394.279 0 42.6203
247.243 1629.03 394.236 0 42.6202
248 1629.85 394.192 0 42.6202
248.756 1630.67 394.148 0 42.6202
249.513 1631.49 394.104 0 42.6229
250.269 1632.31 394.061 0 42.625
251.026 1633.14 394.017 0 42.625
251.782 1633.96 393.973 0 42.6251
252.539 1634.78 393.929 0 42.6251
253.296 1635.6 393.886 0 42.6251
254.053 1636.43 393.842 0 42.6251
254.81 1637.25 393.798 0 42.6251
255.566 1638.07 393.754 0 42.6251
256.323 1638.89 393.711 0 42.6251
257.08 1639.71 393.667 0 42.6251
257.837 1640.54 393.623 0 42.6251
258.594 1641.36 393.579 0 42.6251
259.351 1642.18 393.536 0 42.6251
260.107 1643 393.492 0 42.6251
260.864 1643.83 393.448 0 42.6279
261.621 1644.65 393.404 0 42.6279
262.378 1645.47 393.36 0 42.6279
263.135 1646.29 393.317 0 42.6279
263.892 1647.12 393.273 0 42.6279
264.648 1647.94 393.229 0 42.6279
265.405 1648.76 393.185 0 42.6247
266.161 1649.58 393.142 0 42.6288
266.918 1650.4 393.098 0 42.6405
267.674 1651.22 393.054 0 42.6405
268.43 1652.05 393.01 0 42.6405
269.187 1652.87 392.966 0 42.6405
269.943 1653.69 392.923 0 42.6416
270.702 1654.51 392.879 0 42.6416
271.46 1655.34 392.835 0 42.6416
272.219 1656.16 392.791 0 42.6416
272.977 1656.98 392.747 0 42.6416
273.736 1657.81 392.703 0 42.6416
274.495 1658.63 392.659 0 42.6431
275.256 1659.46 392.615 0 42.6431
276.018 1660.29 392.571 0 42.6431
276.779 1661.11 392.527 0 42.6431
277.541 1661.94 392.483 0 42.6431
278.303 1662.77 392.438 0 42.6431
279.064 1663.59 392.394 0 42.6587
279.823 1664.42 392.35 0 42.6587
280.582 1665.24 392.306 0 42.6587
281.341 1666.06 392.263 0 42.6587
282.1 1666.89 392.219 0 42.6587
282.859 1667.71 392.175 0 42.6588
283.617 1668.53 392.131 0 42.8265
284.328 1669.3 392.089 0 42.8265
285.039 1670.07 392.048 0 42.8265
285.75 1670.84 392.007 0 42.8265
286.461 1671.6 391.966 0 42.8265
287.172 1672.37 391.925 0 42.8265
287.883 1673.14 391.883 0 42.7504
288.565 1673.87 391.844 0 42.7504
289.247 1674.61 391.804 0 42.7504
289.929 1675.35 391.765 0 42.7504
290.611 1676.09 391.725 0 42.7504
291.293 1676.83 391.685 0 42.7504
291.975 1677.56 391.646 0 42.9762
292.613 1678.25 391.609 0 42.9762
293.252 1678.93 391.572 0 42.9762
293.89 1679.62 391.535 0 42.9762
294.528 1680.3 391.498 0 42.9762
295.166 1680.99 391.461 0 42.9762
295.805 1681.67 391.424 0 43.4689
296.439 1682.34 391.388 0 43.4689
297.072 1683.01 391.352 0 43.4689
297.706 1683.68 391.315 0 43.4689
298.34 1684.35 391.279 0 43.4689
298.974 1685.02 391.243 0 43.4689
299.608 1685.69 391.206 0 43.7132
300.279 1686.39 391.168 0 43.7312
300.95 1687.09 391.13 0 43.7509
301.622 1687.79 391.091 0 43.7509
302.294 1688.49 391.053 0 43.7509
302.965 1689.19 391.014 0 43.7509
303.637 1689.9 390.976 0 43.7416
304.332 1690.62 390.936 0 43.7416
305.027 1691.35 390.896 0 43.7416
305.722 1692.07 390.856 0 43.7416
306.416 1692.8 390.816 0 43.7416
307.111 1693.53 390.776 0 43.7416
307.806 1694.25 390.736 0 43.719
308.498 1694.98 390.697 0 43.719
309.189 1695.7 390.657 0 43.719
309.881 1696.42 390.617 0 43.719
310.572 1697.14 390.577 0 43.719
311.264 1697.87 390.538 0 43.719
311.955 1698.59 390.498 0 43.7202
312.646 1699.31 390.458 0 43.7202
313.336 1700.03 390.419 0 43.7202
314.026 1700.76 390.379 0 43.7202
314.716 1701.48 390.34 0 43.7202
315.406 1702.2 390.3 0 43.7202
316.097 1702.92 390.26 0 43.7215
316.785 1703.64 390.221 0 43.7215
317.474 1704.36 390.181 0 43.7425
318.163 1705.08 390.141 0 43.7702
318.853 1705.8 390.102 0 43.7702
319.542 1706.52 390.062 0 43.7702
320.232 1707.24 390.022 0 43.77
320.921 1707.96 389.982 0 43.77
321.611 1708.68 389.942 0 43.77
322.301 1709.4 389.902 0 43.77
322.99 1710.12 389.862 0 43.77
323.68 1710.84 389.822 0 43.77
324.37 1711.56 389.782 0 43.7664
325.06 1712.28 389.742 0 43.7664
325.75 1713 389.702 0 43.7664
326.44 1713.72 389.662 0 43.7664
327.13 1714.44 389.622 0 43.7664
327.82 1715.16 389.582 0 43.7664
328.51 1715.88 389.542 0 43.7714
329.198 1716.6 389.503 0 43.7714
329.886 1717.32 389.463 0 43.7714
330.574 1718.04 389.423 0 43.7714
331.262 1718.76 389.383 0 43.7714
331.95 1719.47 389.343 0 43.7714
332.638 1720.19 389.303 0 43.7778
333.323 1720.91 389.264 0 43.7778
334.008 1721.62 389.224 0 43.7778
334.692 1722.34 389.184 0 43.8007
335.377 1723.05 389.145 0 43.8375
336.063 1723.76 389.105 0 43.8375
336.748 1724.48 389.064 0 43.7993
337.44 1725.2 389.024 0 43.7993
338.132 1725.92 388.983 0 43.7993
338.824 1726.64 388.943 0 43.7993
339.516 1727.36 388.902 0 43.7993
340.207 1728.09 388.862 0 43.7993
340.899 1728.81 388.821 0 43.5103
341.628 1729.58 388.778 0 43.5103
342.358 1730.34 388.736 0 43.5103
343.087 1731.11 388.693 0 43.5103
343.816 1731.88 388.65 0 43.5103
344.545 1732.65 388.607 0 43.5103
345.275 1733.42 388.564 0 43.5649
346.04 1734.22 388.519 0 43.5649
346.806 1735.03 388.474 0 43.5649
347.571 1735.83 388.429 0 43.5649
348.337 1736.64 388.384 0 43.5649
349.102 1737.44 388.339 0 43.5649
349.868 1738.25 388.294 0 43.4441
350.669 1739.09 388.247 0 43.4441
351.471 1739.94 388.199 0 43.4441
352.273 1740.78 388.152 0 41.9311
353.046 1741.65 388.109 0 42.3517
353.833 1742.51 388.064 0 42.3638
354.621 1743.37 388.019 0 42.7626
355.454 1744.27 387.971 0 42.7626
356.287 1745.17 387.922 0 42.7626
357.12 1746.08 387.874 0 42.9943
357.957 1746.97 387.825 0 43.0231
358.794 1747.87 387.777 0 43.0231
359.632 1748.77 387.728 0 42.8512
360.494 1749.7 387.678 0 42.9061
361.358 1750.63 387.628 0 42.9061
362.222 1751.56 387.577 0 43.0293
363.088 1752.48 387.527 0 43.0818
363.954 1753.41 387.478 0 43.0818
364.821 1754.34 387.428 0 42.8421
365.676 1755.26 387.379 0 42.8888
366.532 1756.18 387.33 0 42.8888
367.388 1757.1 387.281 0 42.9409
368.245 1758.02 387.233 0 42.9798
369.102 1758.94 387.185 0 42.9798
369.96 1759.86 387.137 0 42.8871
370.806 1760.77 387.091 0 42.9119
371.652 1761.68 387.045 0 42.9119
372.498 1762.59 386.999 0 42.9142
373.344 1763.5 386.954 0 42.9181
374.191 1764.41 386.91 0 42.9181
375.037 1765.32 386.866 0 43.0238
375.892 1766.24 386.822 0 42.9973
376.747 1767.16 386.779 0 42.9973
377.602 1768.07 386.737 0 42.6963
378.446 1768.99 386.69 0 42.4551
379.289 1769.91 386.639 0 42.4551
380.133 1770.83 386.587 0 42.7485
380.997 1771.77 386.535 0 42.7485
381.861 1772.7 386.483 0 42.7485
382.725 1773.64 386.431 0 42.7485
383.589 1774.57 386.378 0 42.7485
384.453 1775.51 386.326 0 42.7485
385.318 1776.44 386.274 0 42.8651
386.193 1777.39 386.221 0 42.8651
387.068 1778.33 386.169 0 42.8651
387.943 1779.27 386.116 0 42.8651
388.818 1780.21 386.063 0 42.8651
389.693 1781.16 386.01 0 42.8651
390.568 1782.1 385.957 0 42.771
391.434 1783.04 385.905 0 42.771
392.301 1783.97 385.853 0 42.771
393.167 1784.91 385.801 0 42.771
394.033 1785.85 385.748 0 42.8198
394.9 1786.78 385.696 0 43.0749
395.772 1787.71 385.645 0 43.052
396.628 1788.63 385.595 0 43.052
397.484 1789.55 385.545 0 43.052
398.341 1790.46 385.495 0 43.052
399.197 1791.38 385.444 0 43.052
400.054 1792.3 385.394 0 43.052
400.91 1793.21 385.344 0 43.0493
401.761 1794.12 385.294 0 43.0493
402.612 1795.03 385.244 0 43.0493
403.463 1795.95 385.194 0 43.0493
404.313 1796.86 385.145 0 43.0493
405.164 1797.77 385.095 0 43.0493
406.015 1798.68 385.045 0 43.0117
406.874 1799.6 384.994 0 43.0117
407.733 1800.52 384.944 0 43.0117
408.592 1801.44 384.894 0 43.0117
409.452 1802.36 384.843 0 43.0117
410.311 1803.28 384.793 0 43.0117
411.17 1804.2 384.743 0 43.1199
412.051 1805.14 384.691 0 43.1976
412.934 1806.08 384.641 0 43.1976
413.816 1807.02 384.59 0 43.1976
414.699 1807.96 384.54 0 43.1976
415.582 1808.9 384.489 0 43.1976
416.464 1809.84 384.439 0 43.2343
417.368 1810.81 384.387 0 43.2343
418.271 1811.77 384.335 0 43.2343
419.174 1812.73 384.283 0 43.2343
420.077 1813.69 384.232 0 43.2343
420.98 1814.65 384.18 0 43.2343
421.883 1815.61 384.128 0 43.1984
422.796 1816.58 384.076 0 43.1984
423.709 1817.55 384.024 0 43.1984
424.621 1818.52 383.971 0 43.1984
425.534 1819.5 383.919 0 43.1984
426.447 1820.47 383.867 0 43.1984
427.36 1821.44 383.814 0 43.1961
428.275 1822.42 383.762 0 43.1869
429.189 1823.39 383.71 0 43.1823
430.104 1824.36 383.658 0 43.1823
431.019 1825.34 383.606 0 43.1823
431.934 1826.31 383.555 0 43.1823
432.849 1827.29 383.503 0 43.1846
433.762 1828.26 383.451 0 43.1846
434.676 1829.24 383.399 0 43.1846
435.59 1830.21 383.348 0 43.1846
436.503 1831.18 383.296 0 43.1846
437.417 1832.16 383.244 0 43.1846
438.331 1833.13 383.193 0 43.1846
439.245 1834.1 383.141 0 43.1846
440.159 1835.08 383.089 0 43.1846
441.073 1836.05 383.038 0 43.1846
441.987 1837.03 382.986 0 43.1846
442.901 1838 382.934 0 43.1846
443.815 1838.97 382.882 0 43.1819
444.717 1839.93 382.831 0 43.1613
445.619 1840.9 382.78 0 43.0094
446.518 1841.86 382.73 0 43.0094
447.417 1842.82 382.679 0 43.0094
448.316 1843.79 382.628 0 43.0094
449.215 1844.75 382.578 0 43.0039
450.096 1845.7 382.528 0 43.0039
450.977 1846.64 382.478 0 43.0039
451.858 1847.58 382.429 0 43.0039
452.739 1848.53 382.379 0 43.0039
453.62 1849.47 382.329 0 43.0039
454.501 1850.42 382.28 0 43.2469
455.379 1851.35 382.23 0 43.2469
456.258 1852.29 382.181 0 43.2469
457.137 1853.22 382.132 0 43.2469
458.016 1854.16 382.082 0 43.2469
458.895 1855.09 382.033 0 43.2469
459.773 1856.02 381.984 0 43.2449
460.66 1856.97 381.934 0 43.2449
461.548 1857.91 381.884 0 43.2357
462.434 1858.85 381.835 0 42.9194
463.316 1859.8 381.785 0 42.9136
464.198 1860.75 381.735 0 42.9136
465.079 1861.7 381.685 0 42.9039
465.981 1862.67 381.634 0 42.9039
466.884 1863.64 381.583 0 42.9039
467.786 1864.61 381.532 0 42.9039
468.688 1865.58 381.482 0 42.9039
469.59 1866.55 381.431 0 42.9039
470.492 1867.52 381.38 0 42.8125
471.413 1868.52 381.328 0 42.8125
472.334 1869.51 381.276 0 42.8125
473.256 1870.51 381.223 0 42.8125
474.177 1871.5 381.171 0 42.8125
475.098 1872.49 381.119 0 42.8125
476.019 1873.49 381.067 0 42.8572
476.968 1874.51 381.014 0 42.8572
477.917 1875.53 380.96 0 42.8572
478.867 1876.56 380.906 0 42.5711
479.811 1877.59 380.852 0 42.367
480.752 1878.62 380.799 0 42.367
481.693 1879.65 380.745 0 42.465
482.661 1880.71 380.689 0 42.465
483.629 1881.76 380.634 0 42.465
484.598 1882.82 380.578 0 42.465
485.566 1883.88 380.523 0 42.465
486.534 1884.94 380.467 0 42.465
487.503 1886 380.412 0 42.5021
488.503 1887.09 380.355 0 42.5021
489.504 1888.18 380.297 0 42.5021
490.505 1889.27 380.24 0 42.5021
491.506 1890.36 380.183 0 42.5021
492.506 1891.46 380.126 0 42.5021
493.507 1892.55 380.068 720149 42.4176
494.52 1893.66 380.01 720149 42.4176
495.533 1894.77 379.952 720149 42.0513
496.538 1895.88 379.894 720149 41.7688
497.538 1897 379.835 720149 41.7688
498.538 1898.12 379.777 720149 41.7688
499.538 1899.24 379.718 720149 41.7684
500.54 1900.36 379.659 720149 41.7684
501.542 1901.48 379.6 720149 41.7684
502.544 1902.6 379.541 720149 41.7684
503.546 1903.73 379.482 720149 41.7684
504.548 1904.85 379.424 720149 41.7684
505.55 1905.97 379.365 720149 41.7669
506.549 1907.09 379.306 720149 41.7669
507.548 1908.21 379.247 720149 41.7669
508.547 1909.33 379.189 720149 41.7669
509.546 1910.45 379.13 720149 41.7669
510.545 1911.56 379.071 720149 41.7669
511.544 1912.68 379.013 0 41.7092
512.541 1913.8 378.954 0 40.96
513.523 1914.93 378.894 0 40.96
514.505 1916.06 378.835 0 40.96
515.487 1917.19 378.775 0 40.96
516.469 1918.33 378.715 0 40.96
517.451 1919.46 378.656 0 40.96
518.433 1920.59 378.596 0 40.96
519.416 1921.72 378.536 0 40.96
520.398 1922.85 378.477 0 40.96
521.38 1923.98 378.417 0 40.96
522.362 1925.12 378.357 0 40.96
523.345 1926.25 378.298 0 40.9622
524.327 1927.38 378.238 0 40.9622
525.308 1928.51 378.179 0 40.9622
526.29 1929.64 378.119 0 40.9622
527.272 1930.77 378.059 0 40.9622
528.254 1931.9 378 0 40.4508
529.226 1933.04 377.939 720149 39.9951
530.19 1934.19 377.878 720149 39.995
531.154 1935.34 377.817 720149 39.995
532.119 1936.49 377.756 720149 39.995
533.083 1937.64 377.695 720149 39.995
534.047 1938.79 377.633 720149 39.995
535.012 1939.94 377.572 720149 39.9948
535.977 1941.09 377.511 720149 39.9948
536.943 1942.24 377.45 720149 39.9948
537.909 1943.39 377.389 720149 39.9948
538.874 1944.54 377.327 720149 39.9948
539.84 1945.69 377.266 720149 39.9948
540.805 1946.84 377.205 0 39.9878
541.763 1947.99 377.144 0 39.9878
542.721 1949.13 377.083 0 39.9878
543.679 1950.27 377.023 0 39.9878
544.637 1951.41 376.962 0 39.1567
545.579 1952.57 376.907 0 39.2292
546.521 1953.72 376.851 0 39.2677
547.456 1954.87 376.795 0 39.2677
548.391 1956.01 376.739 0 39.2677
549.326 1957.15 376.683 0 39.2677
550.261 1958.3 376.628 0 39.2677
551.196 1959.44 376.572 0 39.2677
552.131 1960.59 376.516 0 39.1888
553.072 1961.74 376.46 0 39.1888
554.014 1962.89 376.403 0 39.1888
554.955 1964.05 376.347 0 39.1888
555.896 1965.2 376.291 0 39.1888
556.837 1966.36 376.235 0 38.8039
557.771 1967.52 376.182 730149 38.4754
558.737 1968.74 376.129 730149 38.4754
559.704 1969.95 376.075 730149 38.4754
560.671 1971.17 376.022 730149 38.4754
561.638 1972.38 375.969 730149 38.4754
562.605 1973.6 375.916 730149 38.4754
563.572 1974.82 375.863 730149 38.4853
564.57 1976.07 375.809 730149 38.4853
565.569 1977.33 375.754 730149 38.4853
566.567 1978.59 375.699 730149 38.4853
567.565 1979.84 375.644 730149 38.4853
568.564 1981.1 375.589 730149 38.4853
569.562 1982.35 375.535 730149 38.0687
570.583 1983.66 375.482 730149 37.8721
571.6 1984.96 375.431 730149 37.8721
572.617 1986.27 375.381 730149 37.8721
573.634 1987.58 375.33 730149 37.8721
574.651 1988.89 375.279 730149 37.8721
575.668 1990.19 375.229 730149 37.7632
576.719 1991.55 375.176 730149 37.7632
577.771 1992.91 375.124 730149 37.7632
578.822 1994.27 375.071 730149 37.7632
579.873 1995.62 375.019 730149 37.7632
580.925 1996.98 374.966 730149 37.7632
581.976 1998.34 374.914 730149 37.3201
583.031 1999.72 374.864 730149 37.073
584.081 2001.11 374.817 730149 37.073
585.13 2002.5 374.769 730149 37.073
586.179 2003.89 374.722 730149 37.073
587.228 2005.28 374.675 730149 37.073
588.278 2006.67 374.627 730149 37.071
589.325 2008.05 374.58 730149 37.071
590.371 2009.44 374.533 730149 37.071
591.418 2010.82 374.486 730149 37.071
592.465 2012.21 374.438 730149 37.071
593.512 2013.59 374.391 730149 37.071
594.559 2014.98 374.344 730149 36.5039
595.591 2016.37 374.302 730149 36.4245
596.621 2017.77 374.26 730149 36.4245
597.651 2019.17 374.219 730149 36.4245
598.681 2020.56 374.177 730149 36.4245
599.711 2021.96 374.136 730149 36.4245
600.741 2023.35 374.094 730149 36.4229
601.774 2024.75 374.053 730149 36.4229
602.808 2026.15 374.011 730149 36.4229
603.841 2027.56 373.97 730149 36.4229
604.875 2028.96 373.928 730149 36.4229
605.908 2030.36 373.886 730149 36.3369
606.94 2031.76 373.845 730149 35.7657
607.954 2033.17 373.809 730149 35.7657
608.968 2034.57 373.773 730149 35.7657
609.982 2035.98 373.738 730149 35.7657
610.996 2037.39 373.702 730149 35.7657
612.009 2038.8 373.666 730149 35.7657
613.023 2040.2 373.63 730149 35.8824
614.014 2041.57 373.594 730149 35.8824
615.005 2042.94 373.559 730149 35.8824
615.995 2044.31 373.524 730149 35.8824
616.986 2045.68 373.489 730149 35.8824
617.977 2047.05 373.454 730149 35.7436
618.964 2048.42 373.42 730149 35.1717
619.903 2049.76 373.391 730149 35.1717
620.843 2051.09 373.362 730149 35.1717
621.782 2052.42 373.334 730149 35.1717
622.721 2053.76 373.305 730149 35.1717
623.66 2055.09 373.276 730149 35.1717
624.6 2056.42 373.247 730149 35.1677
625.509 2057.71 373.219 730149 35.1677
626.418 2059 373.191 730149 35.1677
627.327 2060.29 373.163 730149 35.1677
628.236 2061.58 373.135 730149 35.1677
629.145 2062.87 373.107 730149 35.1677
630.054 2064.16 373.079 730149 34.8826
630.923 2065.41 373.054 730149 34.5125
631.784 2066.66 373.032 730149 34.5125
632.645 2067.91 373.009 730149 34.5125
633.506 2069.17 372.987 730149 34.5125
634.367 2070.42 372.964 730149 34.5125
635.228 2071.67 372.942 0 34.7954
636.071 2072.88 372.92 0 34.7954
636.913 2074.09 372.898 0 34.7954
637.756 2075.31 372.876 0 34.7954
638.598 2076.52 372.854 0 34.7954
639.441 2077.73 372.832 0 34.7954
640.283 2078.94 372.811 0 34.8634
641.135 2080.17 372.789 0 34.8634
641.986 2081.39 372.767 0 34.3373
642.825 2082.62 372.748 0 34.1815
643.662 2083.85 372.73 0 34.1815
644.498 2085.08 372.712 0 34.1815
645.335 2086.31 372.694 730149 34.1614
646.178 2087.56 372.676 730149 34.1614
647.021 2088.8 372.658 730149 34.1614
647.865 2090.04 372.64 730149 34.1614
648.708 2091.28 372.622 730149 34.1614
649.552 2092.53 372.604 730149 34.1614
650.395 2093.77 372.586 0 34.1642
651.237 2095.01 372.567 0 34.1642
652.078 2096.25 372.549 0 34.1642
652.92 2097.49 372.531 0 34.1001
653.761 2098.73 372.514 0 33.4744
654.587 2099.98 372.5 0 33.4744
655.414 2101.23 372.486 0 33.4744
656.241 2102.48 372.472 0 33.4744
657.068 2103.73 372.457 0 33.4744
657.895 2104.98 372.443 0 33.4744
658.721 2106.23 372.429 0 33.4744
659.548 2107.48 372.415 0 33.4744
660.375 2108.73 372.401 0 33.4722
661.202 2109.98 372.387 0 33.4722
662.029 2111.24 372.373 0 33.4722
662.856 2112.49 372.359 0 33.4722
663.682 2113.74 372.345 0 33.4722
664.509 2114.99 372.331 0 32.8935
665.324 2116.25 372.322 0 32.7053
666.134 2117.51 372.315 0 32.7053
666.944 2118.77 372.307 0 32.7053
667.754 2120.03 372.3 0 32.7053
668.564 2121.29 372.292 0 32.7053
669.374 2122.55 372.285 0 32.7053
670.184 2123.82 372.277 0 32.7075
670.994 2125.08 372.269 0 32.7074
671.804 2126.34 372.262 0 32.7074
672.614 2127.6 372.254 0 32.5405
673.421 2128.86 372.247 0 32.2206
674.22 2130.13 372.242 0 32.2206
675.019 2131.4 372.237 0 32.2206
675.819 2132.67 372.231 0 32.2206
676.618 2133.94 372.226 0 32.2206
677.417 2135.21 372.221 0 32.2206
678.217 2136.47 372.215 0 32.2206
679.016 2137.74 372.21 0 32.2206
679.816 2139.01 372.205 0 32.2184
680.615 2140.28 372.199 0 32.2184
681.414 2141.55 372.194 0 31.8898
682.206 2142.82 372.19 0 31.7278
682.995 2144.1 372.186 0 31.7278
683.783 2145.37 372.183 0 31.7278
684.572 2146.65 372.179 0 31.73
685.36 2147.92 372.175 0 31.73
686.149 2149.2 372.172 0 31.73
686.937 2150.47 372.168 0 31.73
687.725 2151.75 372.164 0 31.73
688.514 2153.02 372.161 0 31.73
689.302 2154.3 372.157 740149 31.7275
690.091 2155.57 372.154 740149 31.2355
690.869 2156.86 372.151 740149 31.2332
691.647 2158.14 372.149 740149 31.2332
692.425 2159.42 372.146 740149 31.2332
693.203 2160.7 372.144 740149 31.2332
693.981 2161.99 372.141 740149 31.2306
694.76 2163.27 372.139 740149 31.2306
695.539 2164.56 372.136 740149 31.2306
696.318 2165.84 372.134 740149 31.2306
697.097 2167.13 372.131 740149 31.2306
697.876 2168.41 372.129 740149 31.0641
698.651 2169.7 372.126 0 30.797
699.419 2170.99 372.124 0 30.797
700.187 2172.27 372.123 0 30.797
700.955 2173.56 372.121 0 30.797
701.722 2174.85 372.119 0 30.797
702.49 2176.14 372.117 0 30.797
703.258 2177.43 372.115 0 30.7279
704.017 2178.7 372.113 0 30.7279
704.776 2179.98 372.111 0 30.7279
705.535 2181.26 372.109 0 30.7279
706.294 2182.53 372.108 0 30.419
707.046 2183.82 372.106 0 30.2264
707.794 2185.1 372.104 0 30.0504
708.53 2186.37 372.102 0 30.0504
709.265 2187.64 372.1 0 30.0504
710 2188.91 372.099 0 30.0504
710.736 2190.18 372.097 0 30.0504
711.471 2191.45 372.095 0 30.0504
712.207 2192.73 372.093 0 30.0116
712.94 2194 372.091 0 30.0116
713.673 2195.27 372.09 0 30.0116
714.407 2196.53 372.088 0 29.6469
715.132 2197.81 372.086 0 29.5066
715.854 2199.09 372.083 0 29.5066
716.576 2200.36 372.081 0 29.5448
717.303 2201.64 372.079 0 29.5448
718.031 2202.93 372.077 0 29.5448
718.758 2204.21 372.074 0 29.5448
719.485 2205.49 372.072 0 29.5448
720.212 2206.78 372.07 0 29.5448
720.939 2208.06 372.067 0 29.5733
721.665 2209.34 372.065 0 29.5733
722.391 2210.62 372.063 0 29.1492
723.108 2211.9 372.06 0 29.0649
723.822 2213.19 372.056 0 29.0649
724.537 2214.47 372.053 0 29.0649
725.251 2215.76 372.05 0 28.932
725.947 2217.02 372.047 0 28.932
726.643 2218.28 372.043 0 28.932
727.339 2219.54 372.04 0 28.932
728.035 2220.79 372.037 0 28.932
728.731 2222.05 372.034 0 28.932
729.427 2223.31 372.03 0 28.806
730.099 2224.53 372.027 0 28.4289
730.763 2225.76 372.023 0 28.2944
731.424 2226.99 372.019 0 28.2944
732.084 2228.22 372.014 0 28.2944
732.745 2229.44 372.009 0 28.2944
733.406 2230.67 372.005 0 28.1106
734.042 2231.86 372 0 28.1106
734.678 2233.05 371.996 0 28.1106
735.314 2234.24 371.991 0 28.1106
735.95 2235.43 371.987 0 28.1106
736.586 2236.62 371.983 0 28.1106
737.222 2237.82 371.978 0 28.217
737.852 2238.99 371.974 0 27.7048
738.47 2240.17 371.967 0 27.7021
739.089 2241.34 371.961 0 27.7021
739.708 2242.52 371.955 0 27.7021
740.326 2243.7 371.949 0 27.7021
740.945 2244.88 371.942 0 27.6994
741.562 2246.06 371.936 0 27.6994
742.179 2247.23 371.93 0 27.6994
742.796 2248.41 371.924 0 27.6994
743.413 2249.58 371.917 0 27.6994
744.03 2250.76 371.911 0 27.6994
744.647 2251.93 371.905 0 27.6999
745.267 2253.11 371.899 0 26.7763
745.868 2254.3 371.904 0 26.9577
746.472 2255.49 371.905 0 26.9577
747.076 2256.68 371.906 0 26.9577
747.68 2257.87 371.908 0 26.9577
748.284 2259.05 371.909 0 26.9578
748.889 2260.24 371.91 0 26.9578
749.494 2261.43 371.912 0 26.9578
750.098 2262.62 371.913 0 26.9578
750.703 2263.81 371.915 0 26.9578
751.308 2265 371.916 0 26.9578
751.913 2266.19 371.917 0 26.9578
752.518 2267.38 371.919 0 26.9578
753.122 2268.57 371.92 0 26.9578
753.727 2269.76 371.922 0 26.9578
754.332 2270.94 371.923 0 26.9578
754.936 2272.13 371.924 0 26.9578
755.541 2273.32 371.926 0 26.9578
756.145 2274.51 371.927 0 26.9578
756.75 2275.7 371.928 0 26.1505
757.338 2276.9 371.929 0 26.122
757.925 2278.09 371.929 0 26.122
758.512 2279.29 371.929 0 26.122
759.099 2280.49 371.929 0 26.122
759.686 2281.69 371.929 0 26.122
760.273 2282.88 371.929 0 26.122
760.861 2284.08 371.929 0 26.122
761.448 2285.28 371.929 0 26.122
762.035 2286.48 371.929 0 26.122
762.622 2287.67 371.929 0 26.1247
763.211 2288.87 371.929 0 26.1247
763.8 2290.07 371.929 0 26.1247
764.389 2291.27 371.929 0 26.1247
764.978 2292.48 371.93 0 26.1247
765.566 2293.68 371.93 0 26.1247
766.155 2294.88 371.93 0 26.1192
766.741 2296.07 371.93 0 26.1192
767.326 2297.26 371.93 0 26.1192
767.912 2298.46 371.93 0 25.6762
768.488 2299.66 371.929 0 25.2803
769.056 2300.86 371.929 0 25.2803
769.624 2302.06 371.928 0 25.2834
770.186 2303.25 371.927 0 25.2834
770.748 2304.44 371.926 0 25.2834
771.309 2305.63 371.925 0 25.2834
771.871 2306.82 371.924 0 25.2834
772.433 2308.01 371.923 0 25.2834
772.995 2309.2 371.922 0 25.3387
773.555 2310.38 371.921 0 25.3387
774.116 2311.57 371.92 0 25.3387
774.676 2312.75 371.919 0 25.3387
775.237 2313.93 371.918 0 25.3387
775.797 2315.12 371.917 0 25.3387
776.358 2316.3 371.916 0 25.3705
776.922 2317.49 371.915 0 25.3705
777.485 2318.68 371.914 0 25.3705
778.049 2319.87 371.913 0 25.3705
778.612 2321.06 371.912 0 25.3705
779.176 2322.24 371.911 0 24.6902
779.725 2323.44 371.91 0 24.5272
780.278 2324.65 371.908 0 24.5272
780.83 2325.86 371.906 0 24.5272
781.382 2327.07 371.904 0 24.5272
781.934 2328.28 371.902 0 24.5272
782.486 2329.49 371.901 0 24.5272
783.038 2330.7 371.899 0 24.5299
783.594 2331.92 371.897 0 24.5299
784.149 2333.13 371.895 0 24.5299
784.704 2334.35 371.893 0 24.5299
785.259 2335.57 371.892 0 24.5299
785.814 2336.78 371.89 0 24.5299
786.37 2338 371.888 0 24.5298
786.923 2339.21 371.886 0 24.5298
787.477 2340.43 371.884 0 24.5298
788.031 2341.64 371.883 0 24.5298
788.585 2342.85 371.881 0 24.5298
789.138 2344.07 371.879 0 24.5298
789.692 2345.28 371.877 0 24.2482
790.24 2346.5 371.875 0 23.6858
790.775 2347.72 371.873 0 23.6858
791.311 2348.94 371.87 0 23.6858
791.847 2350.16 371.868 0 23.6858
792.383 2351.38 371.866 0 23.6858
792.919 2352.6 371.863 0 23.6834
793.454 2353.82 371.861 0 23.6834
793.99 2355.05 371.859 0 23.6834
794.526 2356.27 371.856 0 23.6834
795.061 2357.49 371.854 0 23.6834
795.597 2358.71 371.852 0 23.6834
796.133 2359.93 371.849 0 23.6858
796.669 2361.15 371.847 0 23.6858
797.204 2362.37 371.844 0 23.6858
797.74 2363.59 371.842 0 23.6858
798.276 2364.82 371.84 0 23.6858
798.812 2366.04 371.837 0 23.6858
799.347 2367.26 371.835 0 23.6858
799.883 2368.48 371.833 0 23.6858
800.419 2369.7 371.83 0 22.9642
800.939 2370.93 371.828 0 22.8399
801.457 2372.16 371.825 0 22.8399
801.975 2373.39 371.822 0 22.8399
802.492 2374.62 371.819 0 22.8399
803.01 2375.85 371.817 0 22.8399
803.528 2377.07 371.814 0 22.8399
804.045 2378.3 371.811 0 22.8399
804.563 2379.53 371.809 0 22.8399
805.081 2380.76 371.806 0 22.8399
805.598 2381.99 371.803 0 22.8375
806.116 2383.22 371.8 0 22.8375
806.633 2384.45 371.798 0 22.8375
807.151 2385.68 371.795 0 22.8375
807.668 2386.91 371.792 0 22.8375
808.186 2388.14 371.79 0 22.8375
808.703 2389.36 371.787 0 22.8399
809.221 2390.59 371.784 0 22.8399
809.739 2391.82 371.782 0 22.8399
810.257 2393.05 371.779 0 22.5429
810.768 2394.28 371.776 0 21.9924
811.268 2395.52 371.773 0 21.9924
811.767 2396.76 371.771 0 21.9924
812.266 2397.99 371.768 0 21.9924
812.766 2399.23 371.765 0 21.9924
813.265 2400.47 371.762 0 21.9924
813.764 2401.7 371.759 0 21.9924
814.263 2402.94 371.757 0 21.9924
814.762 2404.17 371.754 0 21.9925
815.262 2405.41 371.751 0 21.9925
815.762 2406.65 371.748 0 21.9925
816.262 2407.89 371.745 0 21.9925
816.762 2409.13 371.743 0 21.9925
817.262 2410.36 371.74 0 21.9925
817.762 2411.6 371.737 0 21.9902
818.263 2412.84 371.734 0 21.9902
818.764 2414.08 371.731 0 21.9902
819.265 2415.32 371.729 0 21.9902
819.766 2416.56 371.726 0 21.9902
820.268 2417.81 371.723 0 21.2735
820.753 2419.05 371.72 0 21.1438
821.234 2420.3 371.718 0 21.1438
821.716 2421.54 371.715 0 21.1438
822.197 2422.79 371.712 0 21.1438
822.678 2424.03 371.71 0 21.1438
823.16 2425.28 371.707 0 21.1438
823.641 2426.52 371.704 0 21.184
824.116 2427.75 371.702 0 21.184
824.592 2428.97 371.699 0 21.184
825.067 2430.2 371.697 0 21.184
825.543 2431.43 371.694 0 21.184
826.018 2432.65 371.691 0 21.184
826.493 2433.88 371.689 0 21.1022
826.958 2435.08 371.686 0 21.1022
827.422 2436.29 371.684 0 21.1022
827.887 2437.49 371.681 0 21.1022
828.351 2438.69 371.678 0 21.1022
828.815 2439.9 371.676 0 21.1022
829.28 2441.1 371.673 0 21.1436
829.74 2442.29 371.671 0 20.3182
830.184 2443.49 371.669 0 20.2941
830.627 2444.69 371.666 0 20.2941
831.07 2445.88 371.664 0 20.2941
831.513 2447.08 371.662 0 20.2941
831.955 2448.28 371.66 0 0
