6.92297e-310 6.92297e-310 0 0 0
53.0806 0 0 0 0
53.0806 0 0 0 0
54.6406 0 0 0 0
54.6406 0 0 0 0
54.6406 0 0 0 0
54.6406 0 0 0 0
54.6406 0 0 0 0
54.6406 0 0 0 0
55.3707 0 0 0 0
55.3707 0 0 0 0
55.3707 0 0 0 0
55.3707 0 0 0 0
55.3707 0 0 0 0
55.3707 0 0 0 0
55.0006 0 0 0 0
55.0006 0 0 0 0
55.0006 0 0 0 0
55.0006 0 0 0 0
55.0006 0 0 0 0
55.0006 0 0 0 0
55.0006 0 0 0 0
55.0006 0 0 0 0
55.0006 0 0 0 0
55.0006 0 0 0 0
55.0006 0 0 0 0
55.0006 0 0 0 0
55.0006 0 0 0 0
55.0006 0 0 0 0
55.0006 0 0 0 0
55.0006 0 0 0 0
55.0006 0 0 0 0
55.0006 0 0 0 0
55.0007 0 0 0 0
55.0007 0 0 0 0
55.0007 0 0 0 0
55.0007 0 0 0 0
55.0007 0 0 0 0
55.0007 0 0 0 0
55.0006 0 0 0 0
55.0006 0 0 0 0
55.0006 0 0 0 0
55.0006 0 0 0 0
55.0006 0 0 0 0
55.0006 0 0 0 0
55.0006 0 0 0 0
55.0006 0 0 0 0
55.0006 0 0 0 0
55.0006 0 0 0 0
55.0006 0 0 0 0
55.0006 0 0 0 0
54.8707 0 0 0 0
54.8707 0 0 0 0
54.8707 0 0 0 0
54.8707 0 0 0 0
54.8707 0 0 0 0
54.8707 0 0 0 0
55.1206 0 0 0 0
55.1206 0 0 0 0
55.1206 0 0 0 0
55.1206 0 0 0 0
55.1206 0 0 0 0
55.1206 0 0 0 0
55.6506 0 0 0 0
55.6506 0 0 0 0
55.6506 0 0 0 0
55.6506 0 0 0 0
55.6506 0 0 0 0
55.6506 0 0 0 0
55.8303 0 0 0 0
55.8303 0 0 0 0
55.8303 0 0 0 0
55.8303 0 0 0 0
55.8303 0 0 0 0
55.8303 0 0 0 0
55.6401 0 0 0 0
55.6401 0 0 0 0
55.6401 0 0 0 0
55.6401 0 0 0 0
55.6401 0 0 0 0
55.6401 0 0 0 0
55.1201 0 0 0 0
55.1201 0 0 0 0
55.1201 0 0 0 0
55.1201 0 0 0 0
55.1201 0 0 0 0
55.1201 0 0 0 0
54.8801 0 0 0 0
54.8801 0 0 0 0
54.8801 0 0 0 0
54.8801 0 0 0 0
54.8801 0 0 0 0
54.8801 0 0 0 0
55.0001 0 0 0 0
55.0001 0 0 0 0
55.0001 0 0 0 0
55.0001 0 0 0 0
55.0001 0 0 0 0
55.0001 0 0 0 0
55.0001 0 0 0 0
55.0001 0 0 0 0
55.0001 0 0 0 0
55.0001 0 0 0 0
55.0001 0 0 0 0
55.0001 0 0 0 0
55.0001 0 0 0 0
55.0001 0 0 0 0
55.0001 0 0 0 0
55.0001 0 0 0 0
55.0001 0 0 0 0
55.0001 0 0 0 0
55.0201 0 0 0 0
55.0201 0 0 0 0
55.0201 0 0 0 0
55.0201 0 0 0 0
55.0201 0 0 0 0
55.0201 0 0 0 0
54.9501 0 0 0 0
54.9501 0 0 0 0
54.9501 0 0 0 0
54.9501 0 0 0 0
54.9501 0 0 0 0
54.9501 0 0 0 0
54.8001 0 0 0 0
54.8001 0 0 0 0
54.8001 0 0 0 0
54.8001 0 0 0 0
54.8001 0 0 0 0
54.8001 0 0 0 0
54.9104 0 0 0 0
54.9104 0 0 0 0
54.9104 0 0 0 0
54.9104 0 0 0 0
54.9104 0 0 0 0
54.9104 0 0 0 0
55.7305 0 0 0 0
55.7305 0 0 0 0
55.7305 0 0 0 0
55.7305 0 0 0 0
55.7305 0 0 0 0
55.7305 0 0 0 0
57.2453 0 0 0 0
57.2453 0 0 0 0
57.2453 0 0 0 0
57.2453 0 0 0 0
57.2453 0 0 0 0
57.2453 0 0 0 0
58.45 0 0 0 0
58.45 0 0 0 0
58.45 0 0 0 0
58.45 0 0 0 0
58.45 0 0 0 0
58.45 0 0 0 0
60.2159 0 0 0 0
60.2159 0 0 0 0
60.2159 0 0 0 0
60.2159 0 0 0 0
60.2159 0 0 0 0
60.2159 0 0 0 0
60.6809 0 0 0 0
60.6809 0 0 0 0
60.6809 0 0 0 0
60.6809 0 0 0 0
60.6809 0 0 0 0
60.6809 0 0 0 0
59.8243 0 0 0 0
59.8243 0 0 0 0
59.8243 0 0 0 0
59.8243 0 0 0 0
59.8243 0 0 0 0
59.8243 0 0 0 0
59.0043 0 0 0 0
59.0043 0 0 0 0
59.0043 0 0 0 0
59.0043 0 0 0 0
59.0043 0 0 0 0
59.0043 0 0 0 0
58.5142 0 0 0 0
58.5142 0 0 0 0
58.5142 0 0 0 0
58.5142 0 0 0 0
58.5142 0 0 0 0
58.5142 0 0 0 0
58.1979 0 0 0 0
58.1979 0 0 0 0
58.1979 0 0 0 0
58.1979 0 0 0 0
58.1979 0 0 0 0
58.1979 0 0 0 0
56.9402 0 0 0 0
56.9402 0 0 0 0
56.9402 0 0 0 0
56.9402 0 0 0 0
56.9402 0 0 0 0
56.9402 0 0 0 0
55.513 0 0 0 0
55.513 0 0 0 0
55.513 0 0 0 0
55.513 0 0 0 0
55.513 0 0 0 0
55.513 0 0 0 0
55.3722 0 0 0 0
55.3722 0 0 0 0
55.3722 0 0 0 0
55.3722 0 0 0 0
55.3722 0 0 0 0
55.3722 0 0 0 0
56.0227 0 0 0 0
56.0227 0 0 0 0
56.0227 0 0 0 0
56.0227 0 0 0 0
56.0227 0 0 0 0
56.0227 0 0 0 0
56.7104 0 0 0 0
56.7104 0 0 0 0
56.7104 0 0 0 0
56.7104 0 0 0 0
56.7104 0 0 0 0
56.7104 0 0 0 0
56.781 0 0 0 0
56.781 0 0 0 0
56.781 0 0 0 0
56.781 0 0 0 0
56.781 0 0 0 0
56.781 0 0 0 0
56.7906 0 0 0 0
56.7906 0 0 0 0
56.7906 0 0 0 0
56.7906 0 0 0 0
56.7906 0 0 0 0
56.7906 0 0 0 0
56.9834 0 0 0 0
56.9834 0 0 0 0
56.9834 0 0 0 0
56.9834 0 0 0 0
56.9834 0 0 0 0
56.9834 0 0 0 0
57.2683 0 0 0 0
57.2683 0 0 0 0
57.2683 0 0 0 0
57.2683 0 0 0 0
57.2683 0 0 0 0
57.2683 0 0 0 0
58.0373 0 0 0 0
58.0373 0 0 0 0
58.0373 0 0 0 0
58.0373 0 0 0 0
58.0373 0 0 0 0
58.0373 0 0 0 0
57.6203 0 0 0 0
57.6203 0 0 0 0
57.6203 0 0 0 0
57.6203 0 0 0 0
57.6203 0 0 0 0
57.6203 0 0 0 0
56.3809 0 0 0 0
56.3809 0 0 0 0
56.3809 0 0 0 0
56.3809 0 0 0 0
56.3809 0 0 0 0
56.3809 0 0 0 0
56.0887 0 0 0 0
56.0887 0 0 0 0
56.0887 0 0 0 0
56.0887 0 0 0 0
56.0887 0 0 0 0
56.0887 0 0 0 0
56.6754 0 0 0 0
56.6754 0 0 0 0
56.6754 0 0 0 0
56.6754 0 0 0 0
56.6754 0 0 0 0
56.6754 0 0 0 0
58.0211 0 0 0 0
58.0211 0 0 0 0
58.0211 0 0 0 0
58.0211 0 0 0 0
58.0211 0 0 0 0
58.0211 0 0 0 0
58.0529 0 0 0 0
58.0529 0 0 0 0
58.0529 0 0 0 0
58.0529 0 0 0 0
58.0529 0 0 0 0
58.0529 0 0 0 0
56.4937 0 0 0 0
56.4937 0 0 0 0
56.4937 0 0 0 0
56.4937 0 0 0 0
56.4937 0 0 0 0
56.4937 0 0 0 0
55.5103 0 0 0 0
55.5103 0 0 0 0
55.5103 0 0 0 0
55.5103 0 0 0 0
55.5103 0 0 0 0
55.5103 0 0 0 0
55.3482 0 0 0 0
55.3482 0 0 0 0
55.3482 0 0 0 0
55.3482 0 0 0 0
55.3482 0 0 0 0
55.3482 0 0 0 0
56.0811 0 0 0 0
56.0811 0 0 0 0
56.0811 0 0 0 0
56.0811 0 0 0 0
56.0811 0 0 0 0
56.0811 0 0 0 0
57.1057 0 0 0 0
57.1057 0 0 0 0
57.1057 0 0 0 0
57.1057 0 0 0 0
57.1057 0 0 0 0
57.1057 0 0 0 0
57.7146 0 0 0 0
57.7146 0 0 0 0
57.7146 0 0 0 0
57.7146 0 0 0 0
57.7146 0 0 0 0
57.7146 0 0 0 0
57.7751 0 0 0 0
57.7751 0 0 0 0
57.7751 0 0 0 0
57.7751 0 0 0 0
57.7751 0 0 0 0
57.7751 0 0 0 0
57.6809 0 0 0 0
57.6809 0 0 0 0
57.6809 0 0 0 0
57.6809 0 0 0 0
57.6809 0 0 0 0
57.6809 0 0 0 0
56.8283 0 0 0 0
56.8283 0 0 0 0
56.8283 0 0 0 0
56.8283 0 0 0 0
56.8283 0 0 0 0
56.8283 0 0 0 0
55.624 0 0 0 0
55.624 0 0 0 0
55.624 0 0 0 0
55.624 0 0 0 0
55.624 0 0 0 0
55.624 0 0 0 0
55.2023 0 0 0 0
55.2023 0 0 0 0
55.2023 0 0 0 0
55.2023 0 0 0 0
55.2023 0 0 0 0
55.2023 0 0 0 0
55.38 0 0 0 0
55.38 0 0 0 0
55.38 0 0 0 0
55.38 0 0 0 0
55.38 0 0 0 0
55.38 0 0 0 0
55.92 0 0 0 0
55.92 0 0 0 0
55.92 0 0 0 0
55.92 0 0 0 0
55.92 0 0 0 0
55.92 0 0 0 0
56.11 0 0 0 0
56.11 0 0 0 0
56.11 0 0 0 0
56.11 0 0 0 0
56.11 0 0 0 0
56.11 0 0 0 0
56.2203 0 0 0 0
56.2203 0 0 0 0
56.2203 0 0 0 0
56.2203 0 0 0 0
56.2203 0 0 0 0
56.2203 0 0 0 0
56.9403 0 0 0 0
56.9403 0 0 0 0
56.9403 0 0 0 0
56.9403 0 0 0 0
56.9403 0 0 0 0
56.9403 0 0 0 0
57.54 0 0 0 0
57.54 0 0 0 0
57.54 0 0 0 0
57.54 0 0 0 0
57.54 0 0 0 0
57.54 0 0 0 0
57.75 0 0 0 0
57.75 0 0 0 0
57.75 0 0 0 0
57.75 0 0 0 0
57.75 0 0 0 0
57.75 0 0 0 0
57.35 0 0 0 0
57.35 0 0 0 0
57.35 0 0 0 0
57.35 0 0 0 0
57.35 0 0 0 0
57.35 0 0 0 0
57.14 0 0 0 0
57.14 0 0 0 0
57.14 0 0 0 0
57.14 0 0 0 0
57.14 0 0 0 0
57.14 0 0 0 0
56.89 0 0 0 0
56.89 0 0 0 0
56.89 0 0 0 0
56.89 0 0 0 0
56.89 0 0 0 0
56.89 0 0 0 0
60.01 0 0 0 0
60.01 0 0 0 0
60.01 0 0 0 0
60.01 0 0 0 0
60.01 0 0 0 0
60.01 0 0 0 0
60 0 0 0 0
60 0 0 0 0
60 0 0 0 0
60 0 0 0 0
60 0 0 0 0
60 0 0 0 0
60 0 0 0 0
0 0 0 0 0
0 0 0 0 0
0 0 0 0 0
0 0 0 0 0
0 0 0 0 0
0 0 0 0 0
0 0 0 0 0
0 0 0 0 0
0 0 0 0 0
0 0 0 0 0
0 0 0 0 0
0 0 0 0 0
0 0 0 0 0
0 0 0 0 0
0 0 0 0 0
0 0 0 0 0
0 0 0 0 0
0 0 0 0 0
0 0 0 0 0
0 0 0 0 0
0 0 0 0 0
0 0 0 0 0
0 0 0 0 0
0 0 0 0 0
0 0 0 0 0
0 0 0 0 0
0 0 0 0 0
0 0 0 0 0
0 0 0 0 0
0 0 0 0 0
0 0 0 0 0
0 0 0 0 0
0 0 0 0 0
0 0 0 0 0
0 0 0 0 0
0 0 0 0 0
0 0 0 0 0
0 0 0 0 0
0 0 0 0 0
0 0 0 0 0
0 0 0 0 0
0 0 0 0 0
0 0 0 0 0
0 0 0 0 0
0 0 0 0 0
0 0 0 0 0
0 0 0 0 0
0 0 0 0 0
0 0 0 0 0
0 0 0 0 0
0 0 0 0 0
0 0 0 0 0
0 0 0 0 0
0 0 0 0 0
0 0 0 0 0
0 0 0 0 0
0 0 0 0 0
0 0 0 0 0
0 0 0 0 0
0 0 0 0 0
0 0 0 0 0
0 0 0 0 0
0 0 0 0 0
0 0 0 0 0
0 0 0 0 0
0 0 0 0 0
0 0 0 0 0
0 0 0 0 0
0 0 0 0 0
0 0 0 0 0
0 0 0 0 0
0 0 0 0 0
0 0 0 0 0
0 0 0 0 0
0 0 0 0 0
0 0 0 0 0
0 0 0 0 0
0 0 0 0 0
0 0 0 0 0
0 0 0 0 0
0 0 0 0 0
0 0 0 0 0
0 0 0 0 0
0 0 0 0 0
0 0 0 0 0
0 0 0 0 0
0 0 0 0 0
0 0 0 0 0
0 0 0 0 0
0 0 0 0 0
0 0 0 0 0
0 0 0 0 0
0 0 0 0 0
0 0 0 0 0
0 0 0 0 0
0 0 0 0 0
0 0 0 0 0
0 0 0 0 0
0 0 0 0 0
0 0 0 0 0
0 0 0 0 0
0 0 0 0 0
0 0 0 0 0
0 0 0 0 0
0 0 0 0 0
0 0 0 0 0
0 0 0 0 0
0 0 0 0 0
0 0 0 0 0
0 0 0 0 0
0 0 0 0 0
0 0 0 0 0
0 0 0 0 0
0 0 0 0 0
0 0 0 0 0
0 0 0 0 0
0 0 0 0 0
0 0 0 0 0
0 0 0 0 0
0 0 0 0 0
0 0 0 0 0
0 0 0 0 0
0 0 0 0 0
0 0 0 0 0
0 0 0 0 0
0 0 0 0 0
0 0 0 0 0
0 0 0 0 0
0 0 0 0 0
0 0 0 0 0
0 0 0 0 0
0 0 0 0 0
0 0 0 0 0
0 0 0 0 0
0 0 0 0 0
0 0 0 0 0
0 0 0 0 0
0 0 0 0 0
0 0 0 0 0
0 0 0 0 0
0 0 0 0 0
0 0 0 0 0
0 0 0 0 0
0 0 0 0 0
0 0 0 0 0
0 0 0 0 0
0 0 0 0 0
0 0 0 0 0
0 0 0 0 0
0 0 0 0 0
0 0 0 0 0
0 0 0 0 0
0 0 0 0 0
0 0 0 0 0
0 0 0 0 0
0 0 0 0 0
0 0 0 0 0
0 0 0 0 0
0 0 0 0 0
0 0 0 0 0
0 0 0 0 0
0 0 0 0 0
0 0 0 0 0
0 0 0 0 0
0 0 0 0 0
0 0 0 0 0
0 0 0 0 0
0 0 0 0 0
0 0 0 0 0
0 0 0 0 0
0 0 0 0 0
0 0 0 0 0
0 0 0 0 0
0 0 0 0 0
0 0 0 0 0
0 0 0 0 0
0 0 0 0 0
0 0 0 0 0
0 0 0 0 0
0 0 0 0 0
0 0 0 0 0
0 0 0 0 0
0 0 0 0 0
0 0 0 0 0
0 0 0 0 0
0 0 0 0 0
0 0 0 0 0
0 0 0 0 0
0 0 0 0 0
0 0 0 0 0
0 0 0 0 0
0 0 0 0 0
0 0 0 0 0
0 0 0 0 0
0 0 0 0 0
0 0 0 0 0
0 0 0 0 0
0 0 0 0 0
0 0 0 0 0
0 0 0 0 0
0 0 0 0 0
0 0 0 0 0
0 0 0 0 0
0 0 0 0 0
0 0 0 0 0
0 0 0 0 0
0 0 0 0 0
0 0 0 0 0
0 0 0 0 0
0 0 0 0 0
0 0 0 0 0
0 0 0 0 0
0 0 0 0 0
0 0 0 0 0
0 0 0 0 0
0 0 0 0 0
0 0 0 0 0
0 0 0 0 0
0 0 0 0 0
0 0 0 0 0
0 0 0 0 0
0 0 0 0 0
0 0 0 0 0
0 0 0 0 0
0 0 0 0 0
0 0 0 0 0
0 0 0 0 0
0 0 0 0 0
0 0 0 0 0
0 0 0 0 0
0 0 0 0 0
0 0 0 0 0
0 0 0 0 0
0 0 0 0 0
0 0 0 0 0
0 0 0 0 0
0 0 0 0 0
0 0 0 0 0
0 0 0 0 0
0 0 0 0 0
0 0 0 0 0
0 0 0 0 0
0 0 0 0 0
0 0 0 0 0
0 0 0 0 0
0 0 0 0 0
0 0 0 0 0
0 0 0 0 0
0 0 0 0 0
0 0 0 0 0
0 0 0 0 0
0 0 0 0 0
0 0 0 0 0
0 0 0 0 0
0 0 0 0 0
0 0 0 0 0
0 0 0 0 0
0 0 0 0 0
0 0 0 0 0
0 0 0 0 0
0 0 0 0 0
0 0 0 0 0
0 0 0 0 0
0 0 0 0 0
0 0 0 0 0
0 0 0 0 0
0 0 0 0 0
0 0 0 0 0
0 0 0 0 0
0 0 0 0 0
0 0 0 0 0
0 0 0 0 0
0 0 0 0 0
0 0 0 0 0
0 0 0 0 0
0 0 0 0 0
0 0 0 0 0
0 0 0 0 0
0 0 0 0 0
0 0 0 0 0
0 0 0 0 0
0 0 0 0 0
0 0 0 0 0
0 0 0 0 0
0 0 0 0 0
0 0 0 0 0
0 0 0 0 0
0 0 0 0 0
0 0 0 0 0
0 0 0 0 0
0 0 0 0 0
0 0 0 0 0
0 0 0 0 0
0 0 0 0 0
0 0 0 0 0
0 0 0 0 0
0 0 0 0 0
0 0 0 0 0
0 0 0 0 0
0 0 0 0 0
0 0 0 0 0
0 0 0 0 0
0 0 0 0 0
0 0 0 0 0
0 0 0 0 0
0 0 0 0 0
0 0 0 0 0
0 0 0 0 0
0 0 0 0 0
0 0 0 0 0
0 0 0 0 0
0 0 0 0 0
0 0 0 0 0
0 0 0 0 0
0 0 0 0 0
0 0 0 0 0
0 0 0 0 0
0 0 0 0 0
0 0 0 0 0
0 0 0 0 0
0 0 0 0 0
0 0 0 0 0
0 0 0 0 0
0 0 0 0 0
0 0 0 0 0
0 0 0 0 0
0 0 0 0 0
0 0 0 0 0
0 0 0 0 0
0 0 0 0 0
0 0 0 0 0
0 0 0 0 0
0 0 0 0 0
0 0 0 0 0
0 0 0 0 0
0 0 0 0 0
0 0 0 0 0
0 0 0 0 0
0 0 0 0 0
0 0 0 0 0
0 0 0 0 0
0 0 0 0 0
0 0 0 0 0
0 0 0 0 0
0 0 0 0 0
0 0 0 0 0
0 0 0 0 0
0 0 0 0 0
0 0 0 0 0
0 0 0 0 0
0 0 0 0 0
0 0 0 0 0
0 0 0 0 0
0 0 0 0 0
0 0 0 0 0
0 0 0 0 0
0 0 0 0 0
0 0 0 0 0
0 0 0 0 0
0 0 0 0 0
0 0 0 0 0
0 0 0 0 0
0 0 0 0 0
0 0 0 0 0
0 0 0 0 0
0 0 0 0 0
0 0 0 0 0
0 0 0 0 0
0 0 0 0 0
0 0 0 0 0
0 0 0 0 0
0 0 0 0 0
0 0 0 0 0
0 0 0 0 0
0 0 0 0 0
0 0 0 0 0
0 0 0 0 0
0 0 0 0 0
0 0 0 0 0
0 0 0 0 0
0 0 0 0 0
0 0 0 0 0
0 0 0 0 0
0 0 0 0 0
0 0 0 0 0
0 0 0 0 0
0 0 0 0 0
0 0 0 0 0
0 0 0 0 0
0 0 0 0 0
0 0 0 0 0
0 0 0 0 0
0 0 0 0 0
0 0 0 0 0
0 0 0 0 0
0 0 0 0 0
0 0 0 0 0
0 0 0 0 0
0 0 0 0 0
0 0 0 0 0
0 0 0 0 0
0 0 0 0 0
0 0 0 0 0
0 0 0 0 0
0 0 0 0 0
0 0 0 0 0
0 0 0 0 0
0 0 0 0 0
0 0 0 0 0
0 0 0 0 0
0 0 0 0 0
0 0 0 0 0
0 0 0 0 0
0 0 0 0 0
0 0 0 0 0
0 0 0 0 0
0 0 0 0 0
0 0 0 0 0
0 0 0 0 0
0 0 0 0 0
0 0 0 0 0
0 0 0 0 0
0 0 0 0 0
0 0 0 0 0
0 0 0 0 0
0 0 0 0 0
0 0 0 0 0
0 0 0 0 0
0 0 0 0 0
0 0 0 0 0
0 0 0 0 0
0 0 0 0 0
0 0 0 0 0
0 0 0 0 0
0 0 0 0 0
0 0 0 0 0
0 0 0 0 0
0 0 0 0 0
0 0 0 0 0
0 0 0 0 0
0 0 0 0 0
0 0 0 0 0
0 0 0 0 0
0 0 0 0 0
0 0 0 0 0
0 0 0 0 0
0 0 0 0 0
0 0 0 0 0
0 0 0 0 0
0 0 0 0 0
0 0 0 0 0
0 0 0 0 0
0 0 0 0 0
0 0 0 0 0
0 0 0 0 0
0 0 0 0 0
0 0 0 0 0
0 0 0 0 0
0 0 0 0 0
0 0 0 0 0
0 0 0 0 0
0 0 0 0 0
0 0 0 0 0
0 0 0 0 0
0 0 0 0 0
0 0 0 0 0
0 0 0 0 0
0 0 0 0 0
0 0 0 0 0
0 0 0 0 0
0 0 0 0 0
0 0 0 0 0
0 0 0 0 0
0 0 0 0 0
0 0 0 0 0
0 0 0 0 0
0 0 0 0 0
0 0 0 0 0
0 0 0 0 0
0 0 0 0 0
0 0 0 0 0
0 0 0 0 0
0 0 0 0 0
0 0 0 0 0
0 0 0 0 0
0 0 0 0 0
0 0 0 0 0
0 0 0 0 0
0 0 0 0 0
0 0 0 0 0
0 0 0 0 0
0 0 0 0 0
0 0 0 0 0
0 0 0 0 0
0 0 0 0 0
0 0 0 0 0
0 0 0 0 0
0 0 0 0 0
0 0 0 0 0
0 0 0 0 0
0 0 0 0 0
0 0 0 0 0
0 0 0 0 0
0 0 0 0 0
0 0 0 0 0
0 0 0 0 0
0 0 0 0 0
0 0 0 0 0
0 0 0 0 0
0 0 0 0 0
0 0 0 0 0
0 0 0 0 0
0 0 0 0 0
0 0 0 0 0
0 0 0 0 0
0 0 0 0 0
0 0 0 0 0
0 0 0 0 0
0 0 0 0 0
0 0 0 0 0
0 0 0 0 0
0 0 0 0 0
0 0 0 0 0
0 0 0 0 0
0 0 0 0 0
0 0 0 0 0
0 0 0 0 0
0 0 0 0 0
0 0 0 0 0
0 0 0 0 0
0 0 0 0 0
0 0 0 0 0
0 0 0 0 0
0 0 0 0 0
0 0 0 0 0
0 0 0 0 0
0 0 0 0 0
0 0 0 0 0
0 0 0 0 0
0 0 0 0 0
0 0 0 0 0
0 0 0 0 0
0 0 0 0 0
0 0 0 0 0
0 0 0 0 0
0 0 0 0 0
0 0 0 0 0
0 0 0 0 0
0 0 0 0 0
0 0 0 0 0
0 0 0 0 0
0 0 0 0 0
0 0 0 0 0
0 0 0 0 0
0 0 0 0 0
0 0 0 0 0
0 0 0 0 0
0 0 0 0 0
0 0 0 0 0
0 0 0 0 0
0 0 0 0 0
0 0 0 0 0
0 0 0 0 0
0 0 0 0 0
0 0 0 0 0
0 0 0 0 0
0 0 0 0 0
0 0 0 0 0
0 0 0 0 0
0 0 0 0 0
0 0 0 0 0
0 0 0 0 0
0 0 0 0 0
0 0 0 0 0
0 0 0 0 0
0 0 0 0 0
0 0 0 0 0
0 0 0 0 0
0 0 0 0 0
0 0 0 0 0
0 0 0 0 0
0 0 0 0 0
0 0 0 0 0
0 0 0 0 0
0 0 0 0 0
0 0 0 0 0
0 0 0 0 0
0 0 0 0 0
0 0 0 0 0
0 0 0 0 0
0 0 0 0 0
0 0 0 0 0
0 0 0 0 0
0 0 0 0 0
0 0 0 0 0
0 0 0 0 0
0 0 0 0 0
0 0 0 0 0
0 0 0 0 0
0 0 0 0 0
0 0 0 0 0
0 0 0 0 0
0 0 0 0 0
0 0 0 0 0
0 0 0 0 0
0 0 0 0 0
0 0 0 0 0
0 0 0 0 0
0 0 0 0 0
0 0 0 0 0
0 0 0 0 0
0 0 0 0 0
0 0 0 0 0
0 0 0 0 0
0 0 0 0 0
0 0 0 0 0
0 0 0 0 0
0 0 0 0 0
0 0 0 0 0
0 0 0 0 0
0 0 0 0 0
0 0 0 0 0
0 0 0 0 0
0 0 0 0 0
0 0 0 0 0
0 0 0 0 0
0 0 0 0 0
0 0 0 0 0
0 0 0 0 0
0 0 0 0 0
0 0 0 0 0
0 0 0 0 0
0 0 0 0 0
0 0 0 0 0
0 0 0 0 0
0 0 0 0 0
0 0 0 0 0
0 0 0 0 0
0 0 0 0 0
0 0 0 0 0
0 0 0 0 0
0 0 0 0 0
0 0 0 0 0
0 0 0 0 0
0 0 0 0 0
0 0 0 0 0
0 0 0 0 0
0 0 0 0 0
0 0 0 0 0
0 0 0 0 0
0 0 0 0 0
0 0 0 0 0
0 0 0 0 0
0 0 0 0 0
0 0 0 0 0
0 0 0 0 0
0 0 0 0 0
0 0 0 0 0
0 0 0 0 0
0 0 0 0 0
0 0 0 0 0
0 0 0 0 0
0 0 0 0 0
0 0 0 0 0
0 0 0 0 0
0 0 0 0 0
0 0 0 0 0
0 0 0 0 0
0 0 0 0 0
0 0 0 0 0
0 0 0 0 0
0 0 0 0 0
0 0 0 0 0
0 0 0 0 0
0 0 0 0 0
0 0 0 0 0
0 0 0 0 0
0 0 0 0 0
0 0 0 0 0
0 0 0 0 0
0 0 0 0 0
0 0 0 0 0
0 0 0 0 0
0 0 0 0 0
0 0 0 0 0
0 0 0 0 0
0 0 0 0 0
0 0 0 0 0
0 0 0 0 0
0 0 0 0 0
0 0 0 0 0
0 0 0 0 0
0 0 0 0 0
0 0 0 0 0
0 0 0 0 0
0 0 0 0 0
0 0 0 0 0
0 0 0 0 0
0 0 0 0 0
0 0 0 0 0
0 0 0 0 0
0 0 0 0 0
0 0 0 0 0
0 0 0 0 0
0 0 0 0 0
0 0 0 0 0
0 0 0 0 0
0 0 0 0 0
0 0 0 0 0
0 0 0 0 0
0 0 0 0 0
0 0 0 0 0
0 0 0 0 0
0 0 0 0 0
0 0 0 0 0
0 0 0 0 0
0 0 0 0 0
0 0 0 0 0
0 0 0 0 0
0 0 0 0 0
0 0 0 0 0
0 0 0 0 0
0 0 0 0 0
0 0 0 0 0
0 0 0 0 0
0 0 0 0 0
0 0 0 0 0
0 0 0 0 0
0 0 0 0 0
0 0 0 0 0
0 0 0 0 0
0 0 0 0 0
0 0 0 0 0
0 0 0 0 0
0 0 0 0 0
0 0 0 0 0
0 0 0 0 0
0 0 0 0 0
0 0 0 0 0
0 0 0 0 0
0 0 0 0 0
0 0 0 0 0
0 0 0 0 0
0 0 0 0 0
0 0 0 0 0
0 0 0 0 0
0 0 0 0 0
0 0 0 0 0
0 0 0 0 0
0 0 0 0 0
0 0 0 0 0
0 0 0 0 0
0 0 0 0 0
0 0 0 0 0
0 0 0 0 0
0 0 0 0 0
0 0 0 0 0
0 0 0 0 0
0 0 0 0 0
0 0 0 0 0
0 0 0 0 0
0 0 0 0 0
0 0 0 0 0
44.31 0 0 0 0
44.31 0 0 0 0
44.31 0 0 0 0
44.31 0 0 0 0
44.31 0 0 0 0
44.31 0 0 0 0
44.86 0 0 0 0
44.86 0 0 0 0
44.86 0 0 0 0
44.86 0 0 0 0
44.86 0 0 0 0
44.86 0 0 0 0
45.68 0 0 0 0
45.68 0 0 0 0
45.68 0 0 0 0
45.68 0 0 0 0
45.68 0 0 0 0
45.68 0 0 0 0
46.67 0 0 0 0
46.67 0 0 0 0
46.67 0 0 0 0
46.67 0 0 0 0
46.67 0 0 0 0
46.67 0 0 0 0
47.71 0 0 0 0
47.71 0 0 0 0
47.71 0 0 0 0
47.71 0 0 0 0
47.71 0 0 0 0
47.71 0 0 0 0
48.25 0 0 0 0
48.25 0 0 0 0
48.25 0 0 0 0
48.25 0 0 0 0
48.25 0 0 0 0
48.25 0 0 0 0
48.48 0 0 0 0
48.48 0 0 0 0
48.48 0 0 0 0
48.48 0 0 0 0
48.48 0 0 0 0
48.48 0 0 0 0
48.88 0 0 0 0
48.88 0 0 0 0
48.88 0 0 0 0
48.88 0 0 0 0
48.88 0 0 0 0
48.88 0 0 0 0
49.55 0 0 0 0
49.55 0 0 0 0
49.55 0 0 0 0
49.55 0 0 0 0
49.55 0 0 0 0
49.55 0 0 0 0
50.08 0 0 0 0
50.08 0 0 0 0
50.08 0 0 0 0
50.08 0 0 0 0
50.08 0 0 0 0
50.08 0 0 0 0
50.03 0 0 0 0
50.03 0 0 0 0
50.03 0 0 0 0
50.03 0 0 0 0
50.03 0 0 0 0
50.03 0 0 0 0
49.55 0 0 0 0
49.55 0 0 0 0
49.55 0 0 0 0
49.55 0 0 0 0
49.55 0 0 0 0
49.55 0 0 0 0
49.05 0 0 0 0
49.05 0 0 0 0
49.05 0 0 0 0
49.05 0 0 0 0
49.05 0 0 0 0
49.05 0 0 0 0
48.62 0 0 0 0
48.62 0 0 0 0
48.62 0 0 0 0
48.62 0 0 0 0
48.62 0 0 0 0
48.62 0 0 0 0
47.73 0 0 0 0
47.73 0 0 0 0
47.73 0 0 0 0
47.73 0 0 0 0
47.73 0 0 0 0
47.73 0 0 0 0
46.45 0 0 0 0
46.45 0 0 0 0
46.45 0 0 0 0
46.45 0 0 0 0
46.45 0 0 0 0
46.45 0 0 0 0
45.67 0 0 0 0
45.67 0 0 0 0
45.67 0 0 0 0
45.67 0 0 0 0
45.67 0 0 0 0
45.67 0 0 0 0
45.97 0 0 0 0
45.97 0 0 0 0
45.97 0 0 0 0
45.97 0 0 0 0
45.97 0 0 0 0
45.97 0 0 0 0
47.21 0 0 0 0
47.21 0 0 0 0
47.21 0 0 0 0
47.21 0 0 0 0
47.21 0 0 0 0
47.21 0 0 0 0
48.48 0 0 0 0
48.48 0 0 0 0
48.48 0 0 0 0
48.48 0 0 0 0
48.48 0 0 0 0
48.48 0 0 0 0
49.41 0 0 0 0
49.41 0 0 0 0
49.41 0 0 0 0
49.41 0 0 0 0
49.41 0 0 0 0
49.41 0 0 0 0
50.4 0 0 0 0
50.4 0 0 0 0
50.4 0 0 0 0
50.4 0 0 0 0
50.4 0 0 0 0
50.4 0 0 0 0
51.38 0 0 0 0
51.38 0 0 0 0
51.38 0 0 0 0
51.38 0 0 0 0
51.38 0 0 0 0
51.38 0 0 0 0
52.03 0 0 0 0
52.03 0 0 0 0
52.03 0 0 0 0
52.03 0 0 0 0
52.03 0 0 0 0
52.03 0 0 0 0
52.19 0 0 0 0
52.19 0 0 0 0
52.19 0 0 0 0
52.19 0 0 0 0
52.19 0 0 0 0
52.19 0 0 0 0
52.04 0 0 0 0
52.04 0 0 0 0
52.04 0 0 0 0
52.04 0 0 0 0
52.04 0 0 0 0
52.04 0 0 0 0
51.98 0 0 0 0
51.98 0 0 0 0
51.98 0 0 0 0
51.98 0 0 0 0
51.98 0 0 0 0
51.98 0 0 0 0
52.09 0 0 0 0
52.09 0 0 0 0
52.09 0 0 0 0
52.09 0 0 0 0
52.09 0 0 0 0
52.09 0 0 0 0
52.11 0 0 0 0
52.11 0 0 0 0
52.11 0 0 0 0
52.11 0 0 0 0
52.11 0 0 0 0
52.11 0 0 0 0
51.83 0 0 0 0
51.83 0 0 0 0
51.83 0 0 0 0
51.83 0 0 0 0
51.83 0 0 0 0
51.83 0 0 0 0
51.17 0 0 0 0
51.17 0 0 0 0
51.17 0 0 0 0
51.17 0 0 0 0
51.17 0 0 0 0
51.17 0 0 0 0
50.32 0 0 0 0
50.32 0 0 0 0
50.32 0 0 0 0
50.32 0 0 0 0
50.32 0 0 0 0
50.32 0 0 0 0
49.66 0 0 0 0
-746.36 -2870.99 394.443 360148 16.3522
-745.838 -2869.21 394.448 360148 16.518
-745.31 -2867.43 394.45 360148 16.518
-744.783 -2865.65 394.451 360148 16.518
-744.255 -2863.87 394.453 360148 16.518
-743.728 -2862.09 394.455 360148 16.518
-743.2 -2860.32 394.456 360148 16.5194
-742.658 -2858.49 394.458 360148 16.5194
-742.116 -2856.66 394.459 360148 16.5194
-741.574 -2854.83 394.461 360148 16.5194
-741.033 -2853.01 394.463 360148 16.5194
-740.491 -2851.18 394.464 360148 16.5194
-739.949 -2849.35 394.466 360148 16.5239
-739.393 -2847.48 394.468 360148 16.5239
-738.837 -2845.6 394.469 360148 16.5239
-738.281 -2843.73 394.471 360148 16.5335
-737.725 -2841.86 394.473 360148 17.1951
-737.147 -2839.99 394.461 360148 17.1951
-736.569 -2838.12 394.448 360148 17.1911
-735.987 -2836.24 394.436 360148 17.1911
-735.405 -2834.36 394.424 360148 17.1911
-734.823 -2832.48 394.412 360148 17.1911
-734.241 -2830.6 394.4 360148 17.1911
-733.659 -2828.72 394.387 360148 17.1911
-733.077 -2826.83 394.375 360148 17.1916
-732.492 -2824.94 394.363 360148 17.1916
-731.907 -2823.05 394.351 360148 17.1916
-731.322 -2821.16 394.338 360148 17.1916
-730.737 -2819.27 394.326 360148 17.1916
-730.152 -2817.38 394.314 360148 17.1916
-729.567 -2815.49 394.302 360148 17.1936
-728.981 -2813.59 394.289 360148 17.7722
-728.375 -2811.71 394.265 360148 17.8711
-727.766 -2809.82 394.239 360148 17.8711
-727.157 -2807.93 394.214 360148 17.8711
-726.548 -2806.04 394.188 360148 17.8711
-725.939 -2804.15 394.162 360148 17.871
-725.331 -2802.26 394.136 360148 17.871
-724.722 -2800.38 394.11 360148 17.871
-724.113 -2798.49 394.084 360148 17.871
-723.504 -2796.6 394.058 360148 17.871
-722.896 -2794.71 394.032 360148 17.871
-722.287 -2792.82 394.006 360148 17.8693
-721.679 -2790.94 393.98 360148 17.8693
-721.071 -2789.05 393.954 360148 17.8693
-720.463 -2787.16 393.928 360148 17.8693
-719.854 -2785.28 393.902 360148 18.3972
-719.229 -2783.4 393.866 360148 18.5529
-718.598 -2781.52 393.827 360148 18.5546
-717.968 -2779.64 393.788 360148 18.5546
-717.337 -2777.76 393.749 360148 18.5546
-716.706 -2775.88 393.71 360148 18.5546
-716.076 -2774 393.67 360148 18.5546
-715.445 -2772.12 393.631 360148 18.5546
-714.814 -2770.24 393.592 360148 18.5528
-714.184 -2768.37 393.553 360148 18.5528
-713.554 -2766.49 393.514 360148 18.5528
-712.924 -2764.61 393.475 360148 18.5528
-712.294 -2762.74 393.436 360148 18.5528
-711.664 -2760.86 393.396 360148 18.5528
-711.034 -2758.98 393.357 360148 18.5435
-710.403 -2757.1 393.318 360148 19.0041
-709.757 -2755.22 393.27 360148 19.233
-709.103 -2753.35 393.218 360148 19.233
-708.449 -2751.48 393.166 360148 19.233
-707.796 -2749.6 393.114 360148 19.233
-707.142 -2747.73 393.062 360148 19.2549
-706.492 -2745.87 393.01 360148 19.2549
-705.841 -2744.01 392.958 360148 19.2549
-705.19 -2742.14 392.906 360148 19.2549
-704.54 -2740.28 392.855 360148 19.2549
-703.889 -2738.42 392.803 360148 19.2549
-703.239 -2736.56 392.751 360148 19.2621
-702.593 -2734.71 392.7 360148 19.2621
-701.948 -2732.86 392.648 360148 19.2621
-701.302 -2731.01 392.597 360148 19.2621
-700.657 -2729.17 392.546 360148 19.5937
-700.001 -2727.32 392.488 360148 19.9573
-699.333 -2725.49 392.425 360148 19.997
-698.657 -2723.63 392.36 360148 19.997
-697.98 -2721.77 392.296 360148 19.997
-697.304 -2719.91 392.231 360148 19.997
-696.628 -2718.05 392.167 360148 19.997
-695.951 -2716.19 392.103 360148 19.997
-695.275 -2714.33 392.038 360148 20.0956
-694.577 -2712.43 391.972 360148 20.0956
-693.88 -2710.52 391.906 360148 20.0956
-693.182 -2708.61 391.84 360148 20.0956
-692.484 -2706.71 391.774 360148 20.0956
-691.787 -2704.8 391.708 360148 20.0956
-691.089 -2702.89 391.642 360148 20.1147
-690.377 -2700.95 391.574 360148 20.4899
-689.651 -2699.01 391.5 360148 20.8154
-688.915 -2697.07 391.42 360148 20.8154
-688.179 -2695.13 391.34 360148 20.8154
-687.443 -2693.2 391.26 360148 20.8154
-686.707 -2691.26 391.18 360148 20.7434
-685.956 -2689.28 391.098 360148 20.7434
-685.206 -2687.3 391.016 360148 20.7434
-684.455 -2685.32 390.934 360148 20.7434
-683.705 -2683.33 390.852 360148 20.7434
-682.954 -2681.35 390.77 360148 20.7434
-682.204 -2679.37 390.688 360148 20.7524
-681.456 -2677.4 390.606 360148 20.7524
-680.708 -2675.42 390.525 360148 20.7524
-679.96 -2673.45 390.443 360148 20.9358
-679.206 -2671.48 390.358 360148 21.4582
-678.434 -2669.52 390.264 360148 21.4582
-677.662 -2667.55 390.17 360148 21.4567
-676.895 -2665.6 390.077 360148 21.4567
-676.128 -2663.65 389.983 360148 21.4567
-675.361 -2661.7 389.89 360148 21.4567
-674.594 -2659.75 389.797 360148 21.4567
-673.827 -2657.79 389.703 360148 21.4567
-673.06 -2655.84 389.61 360148 21.4598
-672.297 -2653.9 389.517 360148 21.4598
-671.534 -2651.96 389.424 360148 21.4598
-670.771 -2650.02 389.331 360148 21.4598
-670.008 -2648.08 389.238 360148 21.4598
-669.245 -2646.14 389.145 360148 21.4598
-668.481 -2644.19 389.052 360148 22.1549
-667.697 -2642.27 388.948 360148 22.2134
-666.911 -2640.34 388.844 360148 22.2134
-666.125 -2638.42 388.739 360148 22.2134
-665.339 -2636.49 388.635 360148 22.2134
-664.552 -2634.57 388.53 360148 22.2134
-663.766 -2632.64 388.426 360148 22.1136
-662.988 -2630.73 388.322 360148 22.1136
-662.21 -2628.81 388.218 360148 22.1136
-661.432 -2626.9 388.114 360148 22.1136
-660.653 -2624.98 388.01 360148 22.1136
-659.875 -2623.07 387.906 360148 22.1136
-659.097 -2621.15 387.802 360148 22.1644
-658.324 -2619.25 387.699 360148 22.1644
-657.551 -2617.36 387.596 360148 22.6405
-656.761 -2615.46 387.493 370148 22.8718
-655.965 -2613.57 387.386 370148 22.8718
-655.168 -2611.69 387.279 370148 22.8718
-654.372 -2609.8 387.173 370148 22.0728
-653.622 -2607.95 387.069 370148 22.0728
-652.872 -2606.1 386.965 370148 22.0728
-652.122 -2604.25 386.861 370148 22.0728
-651.372 -2602.4 386.757 370148 22.0728
-650.621 -2600.55 386.653 370148 22.0729
-649.871 -2598.7 386.549 370148 22.0727
-649.121 -2596.85 386.445 370148 22.0728
-648.371 -2595 386.341 370148 22.0728
-647.621 -2593.15 386.237 370148 22.0728
-646.87 -2591.3 386.133 370148 22.0728
-646.12 -2589.45 386.029 370148 22.0728
-645.37 -2587.6 385.925 370148 22.0728
48.36 0 0 0 22.0728
48.36 0 0 0 22.0728
48.36 0 0 0 22.0728
48.36 0 0 0 22.0728
48.43 0 0 0 22.0728
48.43 0 0 0 22.0728
48.43 0 0 0 22.0728
48.43 0 0 0 22.0728
48.43 0 0 0 22.0728
48.43 0 0 0 22.0728
48.9 0 0 0 22.0728
48.9 0 0 0 22.0728
48.9 0 0 0 22.0728
48.9 0 0 0 22.0728
48.9 0 0 0 22.0728
48.9 0 0 0 22.0728
49.88 0 0 0 22.0728
49.88 0 0 0 22.0728
49.88 0 0 0 22.0728
49.88 0 0 0 22.0728
49.88 0 0 0 22.0728
49.88 0 0 0 22.0728
51.12 0 0 0 22.0728
51.12 0 0 0 22.0728
51.12 0 0 0 22.0728
51.12 0 0 0 22.0728
51.12 0 0 0 22.0728
51.12 0 0 0 22.0728
52.1 0 0 0 22.0728
52.1 0 0 0 22.0728
52.1 0 0 0 22.0728
52.1 0 0 0 22.0728
52.1 0 0 0 22.0728
52.1 0 0 0 22.0728
52.57 0 0 0 22.0728
52.57 0 0 0 22.0728
52.57 0 0 0 22.0728
52.57 0 0 0 22.0728
52.57 0 0 0 22.0728
52.57 0 0 0 22.0728
52.63 0 0 0 22.0728
52.63 0 0 0 22.0728
52.63 0 0 0 22.0728
52.63 0 0 0 22.0728
52.63 0 0 0 22.0728
52.63 0 0 0 22.0728
52.54 0 0 0 22.0728
52.54 0 0 0 22.0728
52.54 0 0 0 22.0728
52.54 0 0 0 22.0728
52.54 0 0 0 22.0728
52.54 0 0 0 22.0728
52.54 0 0 0 22.0728
52.54 0 0 0 22.0728
52.54 0 0 0 22.0728
52.54 0 0 0 22.0728
52.54 0 0 0 22.0728
52.54 0 0 0 22.0728
52.62 0 0 0 22.0728
52.62 0 0 0 22.0728
52.62 0 0 0 22.0728
52.62 0 0 0 22.0728
52.62 0 0 0 22.0728
52.62 0 0 0 22.0728
52.66 0 0 0 22.0728
52.66 0 0 0 22.0728
52.66 0 0 0 22.0728
52.66 0 0 0 22.0728
52.66 0 0 0 22.0728
52.66 0 0 0 22.0728
52.69 0 0 0 22.0728
52.69 0 0 0 22.0728
52.69 0 0 0 22.0728
52.69 0 0 0 22.0728
52.69 0 0 0 22.0728
52.69 0 0 0 22.0728
52.68 0 0 0 22.0728
52.68 0 0 0 22.0728
52.68 0 0 0 22.0728
52.68 0 0 0 22.0728
52.68 0 0 0 22.0728
52.68 0 0 0 22.0728
52.67 0 0 0 22.0728
52.67 0 0 0 22.0728
52.67 0 0 0 22.0728
52.67 0 0 0 22.0728
52.67 0 0 0 22.0728
52.67 0 0 0 22.0728
52.68 0 0 0 22.0728
52.68 0 0 0 22.0728
52.68 0 0 0 22.0728
52.68 0 0 0 22.0728
52.68 0 0 0 22.0728
52.68 0 0 0 22.0728
52.76 0 0 0 22.0728
52.76 0 0 0 22.0728
52.76 0 0 0 22.0728
52.76 0 0 0 22.0728
52.76 0 0 0 22.0728
52.76 0 0 0 22.0728
52.78 0 0 0 22.0728
52.78 0 0 0 22.0728
52.78 0 0 0 22.0728
52.78 0 0 0 22.0728
52.78 0 0 0 22.0728
52.78 0 0 0 22.0728
52.55 0 0 0 22.0728
52.55 0 0 0 22.0728
52.55 0 0 0 22.0728
52.55 0 0 0 22.0728
52.55 0 0 0 22.0728
52.55 0 0 0 22.0728
51.96 0 0 0 22.0728
51.96 0 0 0 22.0728
51.96 0 0 0 22.0728
51.96 0 0 0 22.0728
51.96 0 0 0 22.0728
51.96 0 0 0 22.0728
51.28 0 0 0 22.0728
51.28 0 0 0 22.0728
51.28 0 0 0 22.0728
51.28 0 0 0 22.0728
51.28 0 0 0 22.0728
51.28 0 0 0 22.0728
50.56 0 0 0 22.0728
50.56 0 0 0 22.0728
50.56 0 0 0 22.0728
50.56 0 0 0 22.0728
50.56 0 0 0 22.0728
50.56 0 0 0 22.0728
50.06 0 0 0 22.0728
50.06 0 0 0 22.0728
50.06 0 0 0 22.0728
50.06 0 0 0 22.0728
50.06 0 0 0 22.0728
50.06 0 0 0 22.0728
49.98 0 0 0 22.0728
49.98 0 0 0 22.0728
49.98 0 0 0 22.0728
49.98 0 0 0 22.0728
49.98 0 0 0 22.0728
49.98 0 0 0 22.0728
50.15 0 0 0 22.0728
50.15 0 0 0 22.0728
50.15 0 0 0 22.0728
50.15 0 0 0 22.0728
50.15 0 0 0 22.0728
50.15 0 0 0 22.0728
50.44 0 0 0 22.0728
50.44 0 0 0 22.0728
50.44 0 0 0 22.0728
50.44 0 0 0 22.0728
50.44 0 0 0 22.0728
50.44 0 0 0 22.0728
50.58 0 0 0 22.0728
50.58 0 0 0 22.0728
50.58 0 0 0 22.0728
50.58 0 0 0 22.0728
50.58 0 0 0 22.0728
50.58 0 0 0 22.0728
50.53 0 0 0 22.0728
50.53 0 0 0 22.0728
50.53 0 0 0 22.0728
50.53 0 0 0 22.0728
50.53 0 0 0 22.0728
50.53 0 0 0 22.0728
50.47 0 0 0 22.0728
50.47 0 0 0 22.0728
50.47 0 0 0 22.0728
50.47 0 0 0 22.0728
50.47 0 0 0 22.0728
50.47 0 0 0 22.0728
50.34 0 0 0 22.0728
50.34 0 0 0 22.0728
50.34 0 0 0 22.0728
50.34 0 0 0 22.0728
50.34 0 0 0 22.0728
50.34 0 0 0 22.0728
50.16 0 0 0 22.0728
50.16 0 0 0 22.0728
50.16 0 0 0 22.0728
50.16 0 0 0 22.0728
50.16 0 0 0 22.0728
50.16 0 0 0 22.0728
50.02 0 0 0 22.0728
50.02 0 0 0 22.0728
50.02 0 0 0 22.0728
50.02 0 0 0 22.0728
50.02 0 0 0 22.0728
50.02 0 0 0 22.0728
49.98 0 0 0 22.0728
49.98 0 0 0 22.0728
49.98 0 0 0 22.0728
49.98 0 0 0 22.0728
49.98 0 0 0 22.0728
49.98 0 0 0 22.0728
49.99 0 0 0 22.0728
49.99 0 0 0 22.0728
49.99 0 0 0 22.0728
49.99 0 0 0 22.0728
49.99 0 0 0 22.0728
49.99 0 0 0 22.0728
50 0 0 0 22.0728
50 0 0 0 22.0728
50 0 0 0 22.0728
50 0 0 0 22.0728
50 0 0 0 22.0728
50 0 0 0 22.0728
50.02 0 0 0 22.0728
50.02 0 0 0 22.0728
50.02 0 0 0 22.0728
50.02 0 0 0 22.0728
50.02 0 0 0 22.0728
50.02 0 0 0 22.0728
49.98 0 0 0 22.0728
49.98 0 0 0 22.0728
49.98 0 0 0 22.0728
49.98 0 0 0 22.0728
49.98 0 0 0 22.0728
49.98 0 0 0 22.0728
49.87 0 0 0 22.0728
49.87 0 0 0 22.0728
49.87 0 0 0 22.0728
49.87 0 0 0 22.0728
49.87 0 0 0 22.0728
49.87 0 0 0 22.0728
49.9 0 0 0 22.0728
49.9 0 0 0 22.0728
49.9 0 0 0 22.0728
49.9 0 0 0 22.0728
49.9 0 0 0 22.0728
49.9 0 0 0 22.0728
50.3 0 0 0 22.0728
50.3 0 0 0 22.0728
50.3 0 0 0 22.0728
50.3 0 0 0 22.0728
50.3 0 0 0 22.0728
50.3 0 0 0 22.0728
51.18 0 0 0 22.0728
51.18 0 0 0 22.0728
51.18 0 0 0 22.0728
51.18 0 0 0 22.0728
51.18 0 0 0 22.0728
51.18 0 0 0 22.0728
52.32 0 0 0 22.0728
52.32 0 0 0 22.0728
52.32 0 0 0 22.0728
52.32 0 0 0 22.0728
52.32 0 0 0 22.0728
52.32 0 0 0 22.0728
53.1 0 0 0 22.0728
53.1 0 0 0 22.0728
53.1 0 0 0 22.0728
53.1 0 0 0 22.0728
53.1 0 0 0 22.0728
53.1 0 0 0 22.0728
53.7 0 0 0 22.0728
53.7 0 0 0 22.0728
53.7 0 0 0 22.0728
53.7 0 0 0 22.0728
53.7 0 0 0 22.0728
53.7 0 0 0 22.0728
54.14 0 0 0 22.0728
54.14 0 0 0 0
