6.92297e-310 6.92297e-310 0 0 0
0 0 0 0 0
0 0 0 0 0
0 0 0 0 0
0 0 0 0 0
0 0 0 0 0
0 0 0 0 0
0 0 0 0 0
0 0 0 0 0
0 0 0 0 0
0 0 0 0 0
0 0 0 0 0
0 0 0 0 0
0 0 0 0 0
0 0 0 0 0
0 0 0 0 0
0 0 0 0 0
0 0 0 0 0
0 0 0 0 0
0 0 0 0 0
0 0 0 0 0
0 0 0 0 0
0 0 0 0 0
0 0 0 0 0
0 0 0 0 0
0 0 0 0 0
0 0 0 0 0
0 0 0 0 0
0 0 0 0 0
0 0 0 0 0
0 0 0 0 0
0 0 0 0 0
0 0 0 0 0
0 0 0 0 0
0 0 0 0 0
0 0 0 0 0
0 0 0 0 0
0 0 0 0 0
0 0 0 0 0
0 0 0 0 0
0 0 0 0 0
0 0 0 0 0
0 0 0 0 0
0 0 0 0 0
0 0 0 0 0
0 0 0 0 0
0 0 0 0 0
0 0 0 0 0
0 0 0 0 0
0 0 0 0 0
0 0 0 0 0
0 0 0 0 0
0 0 0 0 0
0 0 0 0 0
0 0 0 0 0
0 0 0 0 0
0 0 0 0 0
0 0 0 0 0
0 0 0 0 0
0 0 0 0 0
0 0 0 0 0
0 0 0 0 0
0 0 0 0 0
0 0 0 0 0
0 0 0 0 0
0 0 0 0 0
0 0 0 0 0
0 0 0 0 0
0 0 0 0 0
0 0 0 0 0
0 0 0 0 0
0 0 0 0 0
0 0 0 0 0
0 0 0 0 0
0 0 0 0 0
0 0 0 0 0
0 0 0 0 0
0 0 0 0 0
0 0 0 0 0
0 0 0 0 0
0 0 0 0 0
0 0 0 0 0
0 0 0 0 0
0 0 0 0 0
0 0 0 0 0
0 0 0 0 0
0 0 0 0 0
0 0 0 0 0
0 0 0 0 0
0 0 0 0 0
0 0 0 0 0
0 0 0 0 0
0 0 0 0 0
0 0 0 0 0
0 0 0 0 0
0 0 0 0 0
0 0 0 0 0
0 0 0 0 0
0 0 0 0 0
0 0 0 0 0
0 0 0 0 0
0 0 0 0 0
0 0 0 0 0
0 0 0 0 0
0 0 0 0 0
0 0 0 0 0
0 0 0 0 0
0 0 0 0 0
0 0 0 0 0
0 0 0 0 0
0 0 0 0 0
0 0 0 0 0
0 0 0 0 0
0 0 0 0 0
0 0 0 0 0
0 0 0 0 0
0 0 0 0 0
0 0 0 0 0
0 0 0 0 0
0 0 0 0 0
0 0 0 0 0
0 0 0 0 0
0 0 0 0 0
0 0 0 0 0
0 0 0 0 0
0 0 0 0 0
0 0 0 0 0
0 0 0 0 0
0 0 0 0 0
0 0 0 0 0
0 0 0 0 0
0 0 0 0 0
0 0 0 0 0
0 0 0 0 0
0 0 0 0 0
0 0 0 0 0
0 0 0 0 0
0 0 0 0 0
0 0 0 0 0
0 0 0 0 0
0 0 0 0 0
0 0 0 0 0
0 0 0 0 0
0 0 0 0 0
0 0 0 0 0
0 0 0 0 0
0 0 0 0 0
0 0 0 0 0
0 0 0 0 0
0 0 0 0 0
0 0 0 0 0
0 0 0 0 0
0 0 0 0 0
0 0 0 0 0
0 0 0 0 0
0 0 0 0 0
0 0 0 0 0
0 0 0 0 0
0 0 0 0 0
0 0 0 0 0
0 0 0 0 0
0 0 0 0 0
0 0 0 0 0
0 0 0 0 0
0 0 0 0 0
0 0 0 0 0
0 0 0 0 0
0 0 0 0 0
0 0 0 0 0
0 0 0 0 0
0 0 0 0 0
0 0 0 0 0
0 0 0 0 0
0 0 0 0 0
0 0 0 0 0
0 0 0 0 0
0 0 0 0 0
0 0 0 0 0
0 0 0 0 0
0 0 0 0 0
0 0 0 0 0
0 0 0 0 0
0 0 0 0 0
0 0 0 0 0
0 0 0 0 0
0 0 0 0 0
0 0 0 0 0
0 0 0 0 0
0 0 0 0 0
0 0 0 0 0
0 0 0 0 0
0 0 0 0 0
0 0 0 0 0
0 0 0 0 0
0 0 0 0 0
0 0 0 0 0
0 0 0 0 0
0 0 0 0 0
0 0 0 0 0
0 0 0 0 0
0 0 0 0 0
0 0 0 0 0
0 0 0 0 0
0 0 0 0 0
0 0 0 0 0
0 0 0 0 0
0 0 0 0 0
0 0 0 0 0
0 0 0 0 0
0 0 0 0 0
0 0 0 0 0
0 0 0 0 0
0 0 0 0 0
0 0 0 0 0
0 0 0 0 0
0 0 0 0 0
0 0 0 0 0
0 0 0 0 0
0 0 0 0 0
0 0 0 0 0
0 0 0 0 0
0 0 0 0 0
0 0 0 0 0
0 0 0 0 0
0 0 0 0 0
0 0 0 0 0
0 0 0 0 0
0 0 0 0 0
0 0 0 0 0
371.776 1755.86 0 0 0
372.604 1756.75 0 0 0
373.432 1757.64 0 0 0
374.262 1758.53 0 0 0
375.091 1759.42 0 0 0
375.92 1760.3 0 0 0
376.737 1761.19 0 0 0
377.554 1762.07 0 0 0
378.371 1762.95 0 0 0
379.188 1763.83 0 0 0
380.004 1764.71 0 0 0
380.821 1765.59 0 0 0
381.673 1766.52 0 0 0
382.494 1767.42 0 0 0
383.315 1768.32 0 0 0
384.137 1769.22 0 0 0
384.958 1770.12 0 0 0
385.779 1771.01 0 0 0
386.623 1771.93 0 0 0
387.466 1772.84 0 0 0
388.31 1773.75 0 0 0
389.154 1774.66 0 0 0
389.997 1775.57 0 0 0
390.841 1776.48 0 0 0
391.692 1777.4 0 0 0
392.544 1778.31 0 0 0
393.395 1779.22 0 0 0
394.247 1780.14 0 0 0
395.098 1781.05 0 0 0
395.95 1781.97 0 0 0
396.787 1782.87 0 0 0
397.623 1783.77 0 0 0
398.464 1784.67 0 0 0
399.306 1785.57 0 0 0
400.147 1786.46 0 0 0
400.989 1787.36 0 0 0
401.806 1788.23 0 0 0
402.623 1789.11 0 0 0
403.44 1789.98 0 0 0
404.258 1790.86 0 0 0
405.075 1791.73 0 0 0
405.892 1792.6 0 0 0
406.691 1793.46 0 0 0
407.49 1794.31 0 0 0
408.288 1795.17 0 0 0
409.087 1796.02 0 0 0
409.886 1796.88 0 0 0
410.684 1797.73 0 0 0
411.474 1798.58 0 0 0
412.265 1799.43 0 0 0
413.055 1800.27 0 0 0
413.845 1801.12 0 0 0
414.635 1801.96 0 0 0
415.428 1802.81 0 0 0
416.224 1803.66 0 0 0
417.02 1804.5 0 0 0
417.817 1805.35 0 0 0
418.613 1806.2 0 0 0
419.409 1807.05 0 0 0
420.206 1807.9 0 0 0
421.015 1808.76 0 0 0
421.823 1809.62 0 0 0
422.632 1810.48 0 0 0
423.441 1811.35 0 0 0
424.25 1812.21 0 0 0
425.059 1813.07 0 0 0
425.885 1813.95 0 0 0
426.711 1814.83 0 0 0
427.538 1815.71 0 0 0
428.364 1816.59 0 0 0
429.19 1817.47 0 0 0
430.016 1818.34 0 0 0
430.853 1819.24 0 0 0
431.689 1820.13 0 0 0
432.526 1821.02 0 0 0
433.362 1821.91 0 0 0
434.199 1822.8 0 0 0
435.035 1823.69 0 0 0
435.876 1824.59 0 0 0
436.717 1825.48 0 0 0
437.558 1826.38 0 0 0
438.399 1827.28 0 0 0
439.24 1828.17 0 0 0
440.08 1829.07 0 0 0
440.929 1829.97 0 0 0
441.778 1830.88 0 0 0
442.627 1831.78 0 0 0
443.476 1832.69 0 0 0
444.326 1833.59 0 0 0
445.175 1834.5 0 0 0
445.993 1835.37 0 0 0
446.811 1836.24 0 0 0
447.629 1837.11 0 0 0
448.448 1837.98 0 0 0
449.263 1838.86 0 0 0
450.079 1839.73 0 0 0
450.861 1840.57 0 0 0
451.642 1841.41 0 0 0
452.424 1842.25 0 0 0
453.206 1843.08 0 0 0
453.988 1843.92 0 0 0
454.769 1844.76 0 0 0
455.529 1845.57 0 0 0
456.288 1846.38 0 0 0
457.047 1847.19 0 0 0
457.806 1848 0 0 0
458.565 1848.82 0 0 0
459.325 1849.63 0 0 0
460.109 1850.46 0 0 0
460.892 1851.29 0 0 0
461.676 1852.13 0 0 0
462.46 1852.96 0 0 0
463.244 1853.79 0 0 0
464.028 1854.63 0 0 0
464.852 1855.5 0 0 0
465.674 1856.38 0 0 0
466.493 1857.26 0 0 0
467.312 1858.14 0 0 0
468.131 1859.02 0 0 0
468.949 1859.9 0 0 0
469.78 1860.8 0 0 0
470.61 1861.69 0 0 0
471.44 1862.58 0 0 0
472.27 1863.47 0 0 0
473.1 1864.36 0 0 0
473.931 1865.26 0 0 0
474.736 1866.12 0 0 0
475.541 1866.99 0 0 0
476.346 1867.86 0 0 0
477.151 1868.73 0 0 0
477.956 1869.59 0 0 0
478.762 1870.46 0 0 0
479.564 1871.33 0 0 0
480.366 1872.19 0 0 0
481.168 1873.05 0 0 0
481.97 1873.92 0 0 0
482.768 1874.79 0 0 0
483.562 1875.66 0 0 0
484.372 1876.54 0 0 0
485.182 1877.43 0 0 0
485.992 1878.32 0 0 0
486.802 1879.2 0 0 0
487.611 1880.09 0 0 0
488.421 1880.98 0 0 0
489.253 1881.89 0 0 0
490.085 1882.8 0 0 0
490.918 1883.71 0 0 0
491.75 1884.62 0 0 0
492.582 1885.53 0 0 0
493.414 1886.44 0 0 0
494.267 1887.38 0 0 0
495.121 1888.31 0 0 0
495.974 1889.24 0 0 0
496.827 1890.18 0 0 0
497.681 1891.11 0 0 0
498.534 1892.04 0 0 0
499.402 1893.01 0 0 0
500.264 1893.97 0 0 0
501.127 1894.94 0 0 0
501.989 1895.9 0 0 0
502.851 1896.87 0 0 0
503.714 1897.83 0 0 0
504.594 1898.82 0 0 0
505.475 1899.8 0 0 0
506.355 1900.79 0 0 0
507.236 1901.77 0 0 0
508.116 1902.76 0 0 0
508.997 1903.74 0 0 0
509.887 1904.74 0 0 0
510.777 1905.74 0 0 0
511.667 1906.73 0 0 0
512.558 1907.73 0 0 0
513.448 1908.73 0 0 0
514.338 1909.72 0 0 0
515.231 1910.72 0 0 0
516.114 1911.73 0 0 0
516.992 1912.74 0 0 0
517.87 1913.75 0 0 0
518.749 1914.76 0 0 0
519.627 1915.77 0 0 0
520.497 1916.77 0 0 0
521.367 1917.77 0 0 0
522.237 1918.77 0 0 0
523.108 1919.77 0 0 0
523.978 1920.77 0 0 0
524.848 1921.77 0 0 0
525.702 1922.75 0 0 0
526.557 1923.74 0 0 0
527.411 1924.72 0 0 0
528.265 1925.71 0 0 0
529.12 1926.69 0 0 0
529.974 1927.68 0 0 0
530.811 1928.65 0 0 0
531.648 1929.62 0 0 0
532.472 1930.6 0 0 0
533.293 1931.59 0 0 0
534.114 1932.58 0 0 0
534.934 1933.56 0 0 0
535.743 1934.54 0 0 0
536.551 1935.52 0 0 0
537.36 1936.5 0 0 0
538.168 1937.48 0 0 0
538.977 1938.45 0 0 0
539.785 1939.43 0 0 0
540.59 1940.41 0 0 0
541.394 1941.38 0 0 0
542.199 1942.36 0 0 0
543.003 1943.33 0 0 0
543.808 1944.31 0 0 0
544.613 1945.29 0 0 0
545.419 1946.26 0 0 0
546.225 1947.24 0 0 0
547.031 1948.21 0 0 0
547.831 1949.19 0 0 0
548.625 1950.18 0 0 0
549.419 1951.17 0 0 0
550.215 1952.16 0 0 0
551.01 1953.15 0 0 0
551.805 1954.13 0 0 0
552.601 1955.12 0 0 0
553.396 1956.11 0 0 0
554.191 1957.1 0 0 0
554.987 1958.09 0 0 0
555.782 1959.08 0 0 0
556.577 1960.07 0 0 0
557.373 1961.06 0 0 0
558.168 1962.05 0 0 0
558.963 1963.04 0 0 0
559.759 1964.03 0 0 0
560.548 1965.02 0 0 0
561.333 1966.02 0 0 0
562.117 1967.02 0 0 0
562.902 1968.02 0 0 0
563.687 1969.01 0 0 0
564.471 1970.01 0 0 0
565.256 1971.01 0 0 0
566.041 1972.01 0 0 0
566.825 1973.01 0 0 0
567.61 1974 0 0 0
568.395 1975 0 0 0
569.179 1976 0 0 0
569.964 1977 0 0 0
570.749 1977.99 0 0 0
571.533 1978.99 0 0 0
572.318 1979.99 0 0 0
573.098 1980.99 0 0 0
573.871 1982 0 0 0
574.645 1983.01 0 0 0
575.419 1984.01 0 0 0
576.192 1985.02 0 0 0
576.966 1986.03 0 0 0
577.74 1987.03 0 0 0
578.513 1988.04 0 0 0
0 -1.69 0 0 0
0 -1.69 0 0 0
0 -1.69 0 0 0
0 -1.69 0 0 0
0 -1.69 0 0 0
0 -1.69 0 0 0
0 -0.75 0 0 0
0 -0.75 0 0 0
0 -0.75 0 0 0
0 -0.75 0 0 0
0 -0.75 0 0 0
0 -0.75 0 0 0
0 -0.99 0 0 0
0 -0.99 0 0 0
0 -0.99 0 0 0
0 -0.99 0 0 0
0 -0.99 0 0 0
0 -0.99 0 0 0
0 -1.14 0 0 0
0 -1.14 0 0 0
0 -1.14 0 0 0
0 -1.14 0 0 0
0 -1.14 0 0 0
0 -1.14 0 0 0
0 -1.52 0 0 0
0 -1.52 0 0 0
0 -1.52 0 0 0
0 -1.52 0 0 0
0 -1.52 0 0 0
0 -1.52 0 0 0
0 -0.87 0 0 0
0 -0.87 0 0 0
0 -0.87 0 0 0
0 -0.87 0 0 0
0 -0.87 0 0 0
0 -0.87 0 0 0
0 -0.84 0 0 0
0 -0.84 0 0 0
0 -0.84 0 0 0
0 -0.84 0 0 0
0 -0.84 0 0 0
0 -0.84 0 0 0
0 -0.85 0 0 0
0 -0.85 0 0 0
0 -0.85 0 0 0
0 -0.85 0 0 0
0 -0.85 0 0 0
0 -0.85 0 0 0
0 -0.84 0 0 0
0 -0.84 0 0 0
0 -0.84 0 0 0
0 -0.84 0 0 0
0 -0.84 0 0 0
0 -0.84 0 0 0
0 -0.84 0 0 0
0 -0.84 0 0 0
0 -0.84 0 0 0
0 -0.84 0 0 0
0 -0.84 0 0 0
0 -0.84 0 0 0
0 -0.85 0 0 0
0 -0.85 0 0 0
0 -0.85 0 0 0
0 -0.85 0 0 0
0 -0.85 0 0 0
0 -0.85 0 0 0
0 -0.84 0 0 0
0 -0.84 0 0 0
0 -0.84 0 0 0
0 -0.84 0 0 0
0 -0.84 0 0 0
0 -0.84 0 0 0
0 -0.85 0 0 0
0 -0.85 0 0 0
0 -0.85 0 0 0
0 -0.85 0 0 0
0 -0.85 0 0 0
0 -0.85 0 0 0
0 -1.45 0 0 0
0 -1.45 0 0 0
0 -1.45 0 0 0
0 -1.45 0 0 0
0 -1.45 0 0 0
0 -1.45 0 0 0
0 0.91 0 0 0
0 0.91 0 0 0
0 0.91 0 0 0
0 0.91 0 0 0
0 0.91 0 0 0
0 0.91 0 0 0
0 2.38 0 0 0
0 2.38 0 0 0
0 2.38 0 0 0
0 2.38 0 0 0
0 2.38 0 0 0
0 2.38 0 0 0
0 2.29 0 0 0
0 2.29 0 0 0
0 2.29 0 0 0
0 2.29 0 0 0
0 2.29 0 0 0
0 2.29 0 0 0
0 -0.05 0 0 0
0 -0.05 0 0 0
0 -0.05 0 0 0
0 -0.05 0 0 0
0 -0.05 0 0 0
0 -0.05 0 0 0
0 -2.03 0 0 0
0 -2.03 0 0 0
0 -2.03 0 0 0
0 -2.03 0 0 0
0 -2.03 0 0 0
0 -2.03 0 0 0
0 -3.83 0 0 0
0 -3.83 0 0 0
0 -3.83 0 0 0
0 -3.83 0 0 0
0 -3.83 0 0 0
0 -3.83 0 0 0
0 -3.39 0 0 0
0 -3.39 0 0 0
0 -3.39 0 0 0
0 -3.39 0 0 0
0 -3.39 0 0 0
0 -3.39 0 0 0
0 -3.1 0 0 0
0 -3.1 0 0 0
0 -3.1 0 0 0
0 -3.1 0 0 0
0 -3.1 0 0 0
0 -3.1 0 0 0
0 -3.22 0 0 0
0 -3.22 0 0 0
0 -3.22 0 0 0
0 -3.22 0 0 0
0 -3.22 0 0 0
0 -3.22 0 0 0
0 -2.62 0 0 0
0 -2.62 0 0 0
0 -2.62 0 0 0
0 -2.62 0 0 0
0 -2.62 0 0 0
0 -2.62 0 0 0
0 -1.19 0 0 0
0 -1.19 0 0 0
0 -1.19 0 0 0
0 -1.19 0 0 0
0 -1.19 0 0 0
0 -1.19 0 0 0
0 -1.11 0 0 0
0 -1.11 0 0 0
0 -1.11 0 0 0
0 -1.11 0 0 0
1047.53 5275.77 408.772 0 -6.78278
1047.41 5276.76 408.751 0 -6.78278
1047.29 5277.75 408.731 0 -6.78278
1047.17 5278.74 408.71 0 -6.78648
1047.06 5279.74 408.689 0 -7.15147
1046.93 5280.73 408.67 0 -7.15147
1046.81 5281.72 408.65 0 -7.14827
1046.68 5282.71 408.63 0 -7.14827
1046.56 5283.71 408.61 0 -7.14827
1046.43 5284.7 408.59 0 -7.14827
1046.31 5285.69 408.571 0 -7.14827
1046.18 5286.68 408.551 0 -7.14827
1046.06 5287.67 408.531 0 -7.1483
1045.94 5288.67 408.511 0 -7.1483
1045.81 5289.66 408.491 0 -7.1483
1045.69 5290.65 408.472 0 -7.1483
1045.56 5291.64 408.452 0 -7.1483
1045.44 5292.63 408.432 0 -7.1483
1045.31 5293.62 408.412 0 -7.15066
1045.15 5294.95 408.386 0 -7.15066
1044.98 5296.27 408.359 0 -7.15066
1044.82 5297.59 408.333 0 -7.15066
1044.65 5298.91 408.306 0 -7.15066
1044.48 5300.24 408.28 0 -7.15066
1044.32 5301.56 408.254 0 -7.18781
1044.15 5302.86 408.228 0 -7.18781
1043.99 5304.16 408.202 0 -7.18781
1043.83 5305.47 408.176 0 -7.5833
1043.65 5306.77 408.155 0 -7.6007
1043.48 5308.07 408.133 0 -7.6007
1043.3 5309.37 408.111 0 -7.52516
1043.13 5310.71 408.089 0 -7.52516
1042.95 5312.06 408.067 0 -7.52516
1042.77 5313.4 408.045 0 -7.52516
1042.59 5314.74 408.022 0 -7.52516
1042.42 5316.09 408 0 -7.52516
1042.24 5317.43 407.978 0 -7.53272
1042.07 5318.74 407.956 0 -7.53272
1041.89 5320.05 407.934 0 -7.53272
1041.72 5321.35 407.913 0 -7.53272
1041.55 5322.66 407.891 0 -7.53272
1041.38 5323.97 407.869 0 -7.53272
1041.2 5325.28 407.848 0 -7.59234
1041.03 5326.55 407.826 0 -7.59234
1040.86 5327.83 407.805 0 -7.59234
1040.69 5329.11 407.784 0 -7.59234
1040.52 5330.39 407.763 0 -7.59234
1040.35 5331.67 407.742 0 -7.59234
1040.18 5332.95 407.72 0 -7.56338
1040.01 5334.21 407.699 0 -7.56338
1039.84 5335.48 407.678 0 -7.56338
1039.68 5336.74 407.657 0 -7.56338
1039.51 5338 407.636 0 -8.01634
1039.33 5339.26 407.617 0 -8.04233
1039.15 5340.53 407.597 0 -8.07387
1038.97 5341.8 407.578 0 -8.07387
1038.79 5343.08 407.558 0 -8.07387
1038.61 5344.35 407.538 0 -8.07387
1038.43 5345.63 407.519 0 -8.07387
1038.25 5346.91 407.499 0 -8.07387
1038.07 5348.18 407.479 0 -8.01173
1037.88 5349.49 407.459 0 -8.01173
1037.7 5350.79 407.439 0 -8.01173
1037.52 5352.09 407.419 0 -8.01173
1037.33 5353.39 407.399 0 -8.01173
1037.15 5354.7 407.379 0 -8.01173
1036.97 5356 407.358 0 -8.0401
1036.78 5357.32 407.338 0 -8.0401
1036.59 5358.64 407.318 0 -8.0401
1036.41 5359.96 407.297 0 -8.0401
1036.22 5361.28 407.277 0 -8.0401
1036.03 5362.6 407.256 0 -8.0401
1035.85 5363.92 407.236 0 -8.04216
1035.66 5365.25 407.216 0 -8.04216
1035.47 5366.58 407.195 0 -8.04216
1035.28 5367.91 407.175 0 -8.04216
1035.1 5369.24 407.154 0 -8.04216
1034.91 5370.57 407.133 0 -8.40822
1034.71 5371.9 407.114 0 -8.52145
1034.51 5373.21 407.095 0 -8.52145
1034.32 5374.53 407.077 0 -8.52145
1034.12 5375.85 407.058 0 -8.52145
1033.92 5377.16 407.039 0 -8.52145
1033.73 5378.48 407.021 0 -8.52145
1033.53 5379.79 407.002 0 -8.51972
1033.33 5381.09 406.983 0 -8.51972
1033.14 5382.39 406.965 0 -8.51972
1032.95 5383.69 406.947 0 -8.51972
1032.75 5384.98 406.928 0 -8.51972
1032.56 5386.28 406.91 0 -8.51972
1032.36 5387.58 406.891 0 -8.4101
1032.17 5388.87 406.873 0 -8.4101
1031.98 5390.16 406.855 0 -8.4101
1031.79 5391.44 406.836 0 -8.4101
1031.6 5392.73 406.818 0 -8.4101
1031.41 5394.02 406.8 0 -8.4101
1031.22 5395.31 406.781 0 -8.25904
1031.03 5396.58 406.763 0 -8.25904
1030.85 5397.86 406.745 0 -8.25904
1030.66 5399.14 406.727 0 -8.25904
1030.48 5400.42 406.709 0 -8.25904
1030.29 5401.69 406.691 0 -8.25904
1030.11 5402.97 406.672 0 -8.52888
1029.92 5404.23 406.655 0 -8.79449
1029.73 5405.48 406.639 0 -8.79449
1029.53 5406.74 406.623 0 -8.79449
1029.34 5407.99 406.607 0 -8.79449
1029.14 5409.25 406.59 0 -8.79449
1028.95 5410.5 406.574 0 -8.8748
1028.76 5411.72 406.559 0 -8.8748
1028.57 5412.93 406.543 0 -8.8748
1028.38 5414.15 406.527 0 -8.8748
1028.19 5415.36 406.511 0 -8.8748
1028 5416.58 406.496 0 -8.8748
1027.81 5417.79 406.48 0 -8.93378
1027.63 5418.97 406.465 0 -8.93378
1027.44 5420.14 406.45 0 -8.93378
1027.26 5421.31 406.435 0 -8.93378
1027.07 5422.49 406.419 0 -8.93378
1026.89 5423.66 406.404 0 -8.93378
1026.7 5424.84 406.389 0 -8.83516
1026.52 5425.99 406.374 0 -8.83516
1026.34 5427.14 406.359 0 -8.83516
1026.17 5428.29 406.345 0 -8.83516
1025.99 5429.44 406.33 0 -8.83516
1025.81 5430.6 406.315 0 -8.83516
1025.63 5431.75 406.3 0 -8.72693
1025.46 5432.88 406.285 0 -8.72693
1025.28 5434 406.271 0 -8.72693
1025.11 5435.13 406.256 0 -8.72693
1024.94 5436.26 406.242 0 -9.13798
1024.75 5437.39 406.228 0 -9.20532
1024.57 5438.52 406.215 0 -9.31917
1024.39 5439.61 406.203 0 -9.31917
1024.21 5440.71 406.19 0 -9.31917
1024.03 5441.8 406.178 0 -9.31917
1023.85 5442.9 406.165 0 -9.31917
1023.67 5443.99 406.152 0 -9.31917
1023.49 5445.08 406.14 0 -9.41936
1023.32 5446.15 406.127 0 -9.41936
1023.14 5447.21 406.115 0 -9.41936
1022.97 5448.27 406.103 0 -9.41936
1022.79 5449.33 406.091 0 -9.41936
1022.61 5450.39 406.079 0 -9.41936
1022.44 5451.45 406.066 0 -9.31069
1022.27 5452.49 406.054 0 -9.31069
1022.1 5453.53 406.042 0 -9.31069
1021.92 5454.58 406.03 0 -9.31069
1021.75 5455.62 406.018 0 -9.31069
1021.58 5456.66 406.006 0 -9.31069
1021.41 5457.7 405.994 0 -9.30956
1021.24 5458.73 405.982 0 -9.30956
1021.07 5459.77 405.97 0 -9.30956
1020.9 5460.8 405.959 0 -9.30956
1020.74 5461.83 405.947 0 -9.30956
1020.57 5462.86 405.935 0 -9.30956
1020.4 5463.9 405.923 0 -9.31157
1020.23 5464.92 405.911 0 -9.31157
1020.06 5465.94 405.899 0 -9.31157
1019.89 5466.97 405.888 0 -9.31157
1019.73 5467.99 405.876 0 -9.31157
1019.56 5469.01 405.864 0 -9.72791
1019.38 5470.03 405.853 0 -9.79219
1019.21 5471.05 405.843 0 -9.79219
1019.03 5472.07 405.833 0 -9.79219
1018.86 5473.08 405.823 0 -9.79219
1018.68 5474.1 405.813 0 -9.79219
1018.51 5475.12 405.802 0 -9.79219
1018.33 5476.14 405.792 0 -9.78971
1018.15 5477.16 405.782 0 -9.78971
1017.98 5478.18 405.772 0 -9.78971
1017.8 5479.2 405.761 0 -9.78971
1017.62 5480.22 405.751 0 -9.78971
1017.45 5481.25 405.741 0 -9.78971
1017.27 5482.27 405.73 0 -9.79126
1017.09 5483.3 405.72 0 -9.79126
1016.91 5484.34 405.71 0 -9.79126
1016.74 5485.38 405.699 0 -9.79126
1016.56 5486.41 405.689 0 -9.79126
1016.38 5487.45 405.678 0 -9.79126
1016.2 5488.49 405.668 0 -9.78923
1016.02 5489.53 405.657 0 -9.78923
1015.84 5490.58 405.647 0 -9.78923
1015.66 5491.62 405.636 0 -9.78923
1015.48 5492.67 405.626 0 -9.78923
1015.3 5493.71 405.615 0 -9.78923
1015.12 5494.75 405.605 0 -9.79234
1014.94 5495.8 405.594 0 -9.79234
1014.76 5496.85 405.584 0 -9.79234
1014.58 5497.89 405.573 0 -9.79234
1014.4 5498.94 405.563 0 -9.79234
1014.21 5499.98 405.552 0 -9.79234
1014.03 5501.03 405.542 0 -9.89853
1013.85 5502.07 405.532 0 -10.2664
1013.66 5503.11 405.523 0 -10.2664
1013.48 5504.15 405.514 0 -10.2664
1013.29 5505.19 405.505 0 -10.2664
1013.1 5506.23 405.496 0 -10.2664
1012.91 5507.27 405.487 0 -10.2246
1012.73 5508.29 405.479 0 -10.2246
1012.54 5509.31 405.47 0 -10.2246
1012.36 5510.33 405.461 0 -10.2246
1012.17 5511.36 405.453 0 -10.2246
1011.99 5512.38 405.444 0 -10.2246
1011.81 5513.4 405.435 0 -10.3088
1011.62 5514.4 405.427 0 -10.3088
1011.44 5515.4 405.418 0 -10.3088
1011.26 5516.4 405.41 0 -10.3088
1011.08 5517.4 405.401 0 -10.3088
1010.9 5518.4 405.393 0 -10.3088
1010.71 5519.4 405.384 0 -10.2698
1010.54 5520.38 405.376 0 -10.2698
1010.36 5521.37 405.367 0 -10.2698
1010.18 5522.36 405.359 0 -10.2698
1010 5523.35 405.351 0 -10.2698
1009.82 5524.33 405.342 0 -10.2698
1009.64 5525.32 405.334 0 -10.2683
1009.46 5526.3 405.325 0 -10.2683
1009.29 5527.27 405.317 0 -10.2683
1009.11 5528.25 405.309 0 -10.2683
1008.93 5529.22 405.301 0 -10.2683
1008.76 5530.2 405.292 0 -10.2683
1008.58 5531.17 405.284 0 -10.2633
1008.41 5532.13 405.276 0 -10.2633
1008.23 5533.09 405.268 0 -10.2633
1008.06 5534.05 405.259 0 -10.5234
1007.88 5535.01 405.252 0 -10.7405
1007.7 5535.97 405.246 0 -10.7405
1007.52 5536.93 405.239 0 -10.6414
1007.34 5537.88 405.232 0 -10.6414
1007.16 5538.83 405.226 0 -10.6414
1006.98 5539.79 405.219 0 -10.6414
1006.8 5540.74 405.213 0 -10.6414
1006.62 5541.7 405.206 0 -10.6414
1006.44 5542.65 405.2 0 -10.6038
1006.26 5543.61 405.193 0 -10.6038
1006.08 5544.57 405.186 0 -10.6038
1005.9 5545.53 405.18 0 -10.6038
1005.72 5546.49 405.173 0 -10.6038
1005.54 5547.45 405.167 0 -10.6038
1005.36 5548.41 405.16 0 -10.6117
1005.18 5549.39 405.153 0 -10.6117
1005 5550.37 405.147 0 -10.6117
1004.81 5551.35 405.14 0 -10.6117
1004.63 5552.33 405.133 0 -10.6117
1004.45 5553.3 405.126 0 -10.6117
1004.26 5554.28 405.12 0 -10.6075
1004.08 5555.27 405.113 0 -10.6075
1003.89 5556.25 405.106 0 -10.6075
1003.71 5557.24 405.099 0 -10.6075
1003.53 5558.23 405.093 0 -10.6075
1003.34 5559.21 405.086 0 -10.6075
1003.16 5560.2 405.079 0 -10.6096
1002.97 5561.18 405.072 0 -10.6096
1002.79 5562.17 405.065 0 -10.6096
1002.6 5563.15 405.059 0 -10.6096
1002.42 5564.13 405.052 0 -10.6096
1002.24 5565.11 405.045 0 -10.6096
1002.05 5566.1 405.038 0 -10.6096
1001.87 5567.08 405.032 0 -11.065
1001.68 5568.06 405.027 0 -11.0863
1001.48 5569.04 405.021 0 -11.0863
1001.29 5570.02 405.016 0 -11.0863
1001.1 5571 405.011 0 -11.0863
1000.91 5571.98 405.006 0 -11.0863
1000.71 5572.96 405.001 0 -11.0863
1000.52 5573.94 404.996 0 -11.0863
1000.33 5574.93 404.991 0 -11.0863
1000.14 5575.91 404.986 0 -11.0863
999.946 5576.89 404.981 0 -11.0863
999.754 5577.87 404.976 0 -11.0863
999.562 5578.85 404.971 0 -11.0863
999.369 5579.83 404.966 0 -11.0863
999.177 5580.81 404.961 0 -11.0863
998.985 5581.79 404.956 0 -11.0863
998.793 5582.77 404.951 0 -11.0863
998.601 5583.75 404.945 0 -11.0863
998.408 5584.73 404.94 0 -11.0863
998.216 5585.71 404.935 0 -11.0863
998.024 5586.7 404.93 0 -11.0863
997.832 5587.68 404.925 0 -11.0863
997.64 5588.66 404.92 0 -11.0863
997.447 5589.64 404.915 0 -11.0895
997.255 5590.62 404.91 0 -11.0895
997.063 5591.6 404.905 0 -11.0895
996.871 5592.58 404.9 0 -11.0895
996.678 5593.56 404.895 0 -11.0895
996.486 5594.54 404.89 0 -11.0895
996.294 5595.52 404.885 0 -11.0863
996.102 5596.5 404.88 0 -11.0863
995.909 5597.49 404.875 0 -11.0863
995.717 5598.47 404.87 0 -11.0863
995.525 5599.45 404.864 0 -11.427
995.327 5600.43 404.861 0 -11.5624
995.127 5601.41 404.857 0 -11.5592
994.926 5602.39 404.854 0 -11.5592
994.726 5603.36 404.851 0 -11.5592
994.526 5604.34 404.847 0 -11.5592
994.325 5605.32 404.844 0 -11.5592
994.125 5606.3 404.841 0 -11.5592
993.925 5607.28 404.838 0 -11.5655
993.725 5608.26 404.834 0 -11.5655
993.524 5609.24 404.831 0 -11.5655
993.324 5610.22 404.828 0 -11.5655
993.124 5611.2 404.824 0 -11.5655
992.923 5612.18 404.821 0 -11.5655
992.723 5613.16 404.818 0 -11.5625
992.522 5614.13 404.815 0 -11.5625
992.322 5615.11 404.811 0 -11.5625
992.122 5616.09 404.808 0 -11.5625
991.921 5617.07 404.805 0 -11.5625
991.721 5618.05 404.801 0 -11.5625
991.52 5619.03 404.798 0 -11.5624
991.32 5620.01 404.795 0 -11.5624
991.12 5620.99 404.791 0 -11.5624
990.919 5621.97 404.788 0 -11.5624
990.719 5622.95 404.785 0 -11.5624
990.519 5623.93 404.782 0 -11.5624
990.318 5624.91 404.778 0 -11.5841
990.118 5625.89 404.775 0 -11.5841
989.918 5626.86 404.772 0 -11.5841
989.718 5627.84 404.768 0 -11.5841
989.518 5628.82 404.765 0 -11.5841
989.317 5629.79 404.762 0 -11.5841
989.117 5630.77 404.758 0 -11.4949
988.918 5631.75 404.755 0 -11.8481
988.713 5632.72 404.756 0 -11.9146
988.508 5633.7 404.756 0 -11.9146
988.302 5634.67 404.756 0 -11.9146
988.096 5635.65 404.756 0 -11.9146
987.89 5636.63 404.756 0 -11.9679
987.681 5637.61 404.756 0 -11.9679
987.472 5638.6 404.756 0 -11.9679
987.264 5639.58 404.756 0 -11.9679
987.055 5640.56 404.757 0 -11.9679
986.847 5641.55 404.757 0 -11.9679
986.638 5642.53 404.757 0 -12.2026
986.422 5643.53 404.757 0 -12.2026
986.206 5644.53 404.757 0 -12.2026
985.99 5645.53 404.757 0 -12.2026
985.774 5646.53 404.757 0 -12.2026
985.558 5647.53 404.757 0 -12.2026
985.342 5648.52 404.758 0 -12.3694
985.116 5649.56 404.758 0 -12.3694
984.89 5650.59 404.758 0 -12.3694
984.663 5651.62 404.758 0 -12.3694
984.437 5652.65 404.758 0 -12.3694
984.211 5653.68 404.758 0 -12.3694
983.985 5654.71 404.758 0 -12.555
983.757 5655.74 404.758 0 -12.555
983.528 5656.76 404.758 0 -12.555
983.3 5657.79 404.759 0 -12.555
983.072 5658.81 404.759 0 -12.555
982.843 5659.84 404.759 0 -12.555
982.615 5660.86 404.759 0 -12.8209
982.391 5661.85 404.759 0 -12.8209
982.168 5662.83 404.759 0 -12.8209
981.944 5663.81 404.759 0 -12.8806
981.719 5664.8 404.76 0 -13.3221
981.487 5665.78 404.761 0 -13.3221
981.254 5666.76 404.762 0 -12.972
981.031 5667.73 404.763 0 -12.972
980.808 5668.69 404.765 0 -12.972
980.585 5669.66 404.766 0 -12.972
980.362 5670.63 404.767 0 -12.972
980.139 5671.6 404.769 0 -12.972
979.916 5672.57 404.77 0 -12.8574
979.691 5673.56 404.771 0 -12.8574
979.465 5674.54 404.773 0 -12.8574
979.24 5675.53 404.774 0 -12.8574
979.014 5676.52 404.775 0 -12.8574
978.789 5677.51 404.777 0 -12.8574
978.563 5678.49 404.778 0 -12.8515
978.326 5679.53 404.779 0 -12.8515
978.09 5680.57 404.781 0 -12.8515
977.853 5681.61 404.782 0 -12.8515
977.616 5682.65 404.783 0 -12.8515
977.379 5683.69 404.785 0 -12.8515
977.142 5684.73 404.786 0 -12.8487
976.899 5685.79 404.788 0 -12.8487
976.657 5686.85 404.789 0 -12.8487
976.414 5687.92 404.79 0 -12.8487
976.171 5688.98 404.792 0 -12.8487
975.929 5690.05 404.793 0 -12.8487
975.686 5691.11 404.795 0 -12.8501
975.446 5692.16 404.796 0 -12.8501
975.206 5693.21 404.797 0 -12.8501
974.967 5694.26 404.799 0 -12.8501
974.727 5695.31 404.8 0 -12.8501
974.487 5696.36 404.802 0 -12.8501
974.248 5697.41 404.803 0 -13.136
974.003 5698.46 404.805 0 -13.3497
973.754 5699.51 404.808 0 -13.3497
973.505 5700.56 404.81 0 -13.3497
973.256 5701.61 404.813 0 -13.3497
973.007 5702.66 404.815 0 -13.3497
972.758 5703.71 404.818 0 -13.3497
972.509 5704.76 404.82 0 -13.3497
972.26 5705.81 404.823 0 -13.3497
972.011 5706.86 404.825 0 -13.3497
971.762 5707.9 404.828 0 -13.3497
971.513 5708.95 404.83 0 -13.3497
971.265 5710 404.833 0 -13.3468
971.016 5711.05 404.835 0 -13.3468
970.767 5712.1 404.838 0 -13.3468
970.518 5713.15 404.84 0 -13.3468
970.269 5714.2 404.843 0 -13.3468
970.02 5715.25 404.845 0 -13.3468
969.772 5716.29 404.848 0 -13.3497
969.523 5717.34 404.85 0 -13.3497
969.274 5718.39 404.853 0 -13.3497
969.025 5719.44 404.855 0 -13.3497
968.776 5720.49 404.858 0 -13.3497
968.527 5721.54 404.861 0 -13.3497
968.278 5722.59 404.863 0 -13.3527
968.029 5723.64 404.866 0 -13.3527
967.78 5724.69 404.868 0 -13.3527
967.531 5725.74 404.871 0 -13.3527
967.282 5726.78 404.873 0 -13.3527
967.033 5727.83 404.876 0 -13.3527
966.784 5728.88 404.878 0 -13.3468
966.536 5729.93 404.881 0 -13.3468
966.287 5730.98 404.883 0 -13.8383
966.029 5732.03 404.887 0 -13.8447
965.771 5733.07 404.89 0 -13.8447
965.513 5734.12 404.894 0 -13.8447
965.255 5735.17 404.897 0 -13.8476
964.997 5736.21 404.901 0 -13.8476
964.739 5737.26 404.904 0 -13.8476
964.481 5738.31 404.908 0 -13.8476
964.223 5739.35 404.911 0 -13.8476
963.965 5740.4 404.915 0 -13.8476
963.706 5741.45 404.918 0 -13.848
963.449 5742.49 404.922 0 -13.848
963.192 5743.54 404.925 0 -13.848
962.935 5744.58 404.929 0 -13.848
962.677 5745.62 404.932 0 -13.848
962.42 5746.67 404.936 0 -13.848
962.163 5747.71 404.939 0 -13.8483
961.906 5748.75 404.943 0 -13.8483
961.65 5749.79 404.946 0 -13.8483
961.393 5750.83 404.95 0 -13.8483
961.137 5751.87 404.953 0 -13.8483
960.88 5752.91 404.957 0 -13.8483
960.624 5753.95 404.96 0 -13.8937
960.363 5755.01 404.964 0 -13.8937
960.102 5756.06 404.967 0 -13.8937
959.841 5757.12 404.971 0 -13.8937
959.58 5758.17 404.974 0 -13.8937
959.32 5759.23 404.978 0 -13.8937
959.059 5760.28 404.981 0 -14.1484
958.778 5761.39 404.985 0 -14.1484
958.497 5762.51 404.989 0 -14.1484
958.217 5763.62 404.992 0 -14.4524
957.93 5764.73 404.997 0 -14.6446
957.64 5765.84 405.001 0 -14.6446
957.35 5766.95 405.006 0 -14.7425
957.044 5768.12 405.011 0 -14.7425
956.738 5769.28 405.015 0 -14.7425
956.432 5770.44 405.02 0 -14.7425
956.126 5771.6 405.025 0 -14.7425
955.82 5772.77 405.03 0 -14.7425
955.515 5773.93 405.035 0 -14.7025
955.194 5775.15 405.04 0 -14.7025
954.873 5776.37 405.045 0 -14.7025
954.553 5777.59 405.05 0 -14.7025
954.232 5778.81 405.055 0 -14.7025
953.912 5780.04 405.06 0 -14.7025
953.591 5781.26 405.065 0 -14.7272
953.257 5782.53 405.07 0 -14.7272
952.922 5783.8 405.076 0 -14.7272
952.588 5785.07 405.081 0 -14.7272
952.253 5786.35 405.086 0 -14.7272
951.919 5787.62 405.091 0 -14.7272
951.585 5788.89 405.097 0 -14.4648
951.238 5790.24 405.102 0 -14.4648
950.891 5791.58 405.108 0 -14.4648
950.544 5792.93 405.113 0 -14.4648
950.197 5794.27 405.119 0 -14.4648
949.85 5795.61 405.124 0 -14.4648
949.503 5796.96 405.13 0 -14.5835
949.155 5798.3 405.136 0 -14.6012
948.806 5799.64 405.143 0 -14.6012
948.458 5800.98 405.149 0 -14.6012
948.109 5802.31 405.156 0 -14.6012
947.76 5803.65 405.162 0 -14.6012
947.411 5804.99 405.168 0 -14.7113
947.07 5806.29 405.175 0 -14.7113
946.729 5807.59 405.181 0 -14.7113
946.388 5808.89 405.187 0 -14.7113
946.047 5810.19 405.193 0 -14.7113
945.706 5811.49 405.2 0 -14.7113
945.365 5812.79 405.206 0 -14.8137
945.033 5814.04 405.212 0 -14.8137
944.7 5815.3 405.218 0 -14.8137
944.368 5816.56 405.224 0 -14.8137
944.035 5817.81 405.23 0 -14.8137
943.703 5819.07 405.236 0 -14.8137
943.37 5820.33 405.242 0 -14.7582
943.046 5821.56 405.248 0 -14.7582
942.723 5822.79 405.254 0 -14.7582
942.399 5824.02 405.259 0 -14.7582
942.075 5825.24 405.265 0 -14.7582
941.751 5826.47 405.271 0 -14.7582
941.428 5827.7 405.277 0 -14.713
941.11 5828.91 405.283 0 -14.777
940.791 5830.12 405.289 0 -15.2055
940.464 5831.33 405.295 0 -15.2055
940.136 5832.53 405.302 0 -15.2055
939.808 5833.74 405.308 0 -15.2055
939.48 5834.94 405.314 0 -15.2698
939.155 5836.14 405.321 0 -15.2698
938.83 5837.33 405.327 0 -15.2698
938.504 5838.52 405.333 0 -15.2698
938.179 5839.71 405.34 0 -15.2698
937.854 5840.9 405.346 0 -15.2698
937.528 5842.09 405.352 0 -15.3363
937.2 5843.29 405.359 0 -15.3363
936.872 5844.49 405.365 0 -15.3363
936.544 5845.68 405.371 0 -15.3363
936.216 5846.88 405.378 0 -15.3363
935.887 5848.08 405.384 0 -15.3363
935.559 5849.27 405.39 0 -15.2432
935.225 5850.5 405.397 0 -15.2432
934.89 5851.73 405.403 0 -15.2432
934.556 5852.96 405.41 0 -15.2432
934.221 5854.18 405.416 0 -15.2432
933.887 5855.41 405.423 0 -15.2432
933.552 5856.64 405.429 0 -15.1406
933.209 5857.91 405.436 0 -15.1406
932.866 5859.18 405.443 0 -15.1406
932.522 5860.45 405.449 0 -15.1406
932.179 5861.71 405.456 0 -15.191
931.835 5862.98 405.463 0 -15.6312
931.48 5864.25 405.47 0 -15.7301
931.117 5865.54 405.477 0 -15.7301
930.754 5866.83 405.485 0 -15.7301
930.391 5868.12 405.492 0 -15.7301
930.027 5869.41 405.499 0 -15.7301
929.664 5870.7 405.507 0 -15.7301
929.301 5871.99 405.514 0 -15.7276
928.935 5873.28 405.521 0 -15.7276
928.57 5874.58 405.529 0 -15.7276
928.205 5875.88 405.536 0 -15.7276
927.84 5877.17 405.543 0 -15.7276
927.475 5878.47 405.551 0 -15.7276
927.109 5879.77 405.558 0 -15.6917
926.756 5881.03 405.565 0 -15.6917
926.403 5882.28 405.572 0 -15.6917
926.05 5883.54 405.579 0 -15.6917
925.697 5884.8 405.587 0 -15.6917
925.344 5886.05 405.594 0 -15.6917
924.991 5887.31 405.601 0 -15.729
924.649 5888.52 405.608 0 -15.729
924.307 5889.74 405.615 0 -15.729
923.965 5890.95 405.621 0 -15.729
923.624 5892.16 405.628 0 -15.729
923.282 5893.38 405.635 0 -15.729
922.94 5894.59 405.642 0 -15.6113
922.614 5895.76 405.649 0 -16.0688
922.279 5896.92 405.656 0 -16.0688
921.943 5898.09 405.662 0 -16.0688
921.608 5899.25 405.669 0 -16.0688
921.273 5900.41 405.676 0 -16.0688
920.938 5901.58 405.683 0 -15.9851
920.603 5902.75 405.69 0 -15.9851
920.269 5903.91 405.697 0 -15.9851
919.935 5905.08 405.704 0 -15.9851
919.601 5906.25 405.71 0 -15.9851
919.266 5907.41 405.717 0 -15.9851
918.932 5908.58 405.724 0 -15.989
918.587 5909.78 405.731 0 -15.989
918.242 5910.99 405.738 0 -15.989
917.897 5912.19 405.745 0 -15.989
917.553 5913.39 405.753 0 -15.989
917.208 5914.6 405.76 0 -15.989
916.863 5915.8 405.767 0 -15.9885
916.51 5917.03 405.774 0 -15.9885
916.158 5918.26 405.781 0 -15.9885
915.805 5919.49 405.788 0 -15.9885
915.453 5920.72 405.796 0 -15.9885
915.1 5921.95 405.803 0 -15.9885
914.748 5923.18 405.81 0 -15.993
914.396 5924.41 405.817 0 -15.993
914.044 5925.64 405.825 0 -15.993
913.692 5926.87 405.832 0 -15.993
913.34 5928.09 405.839 0 -16.3229
912.982 5929.32 405.846 0 -16.4796
912.619 5930.54 405.854 0 -16.4772
912.257 5931.77 405.861 0 -16.4772
911.894 5932.99 405.868 0 -16.4772
911.532 5934.22 405.876 0 -16.4772
911.169 5935.45 405.883 0 -16.4772
910.807 5936.67 405.89 0 -16.4772
910.444 5937.9 405.897 0 -16.5116
910.077 5939.14 405.905 0 -16.5116
909.709 5940.38 405.912 0 -16.5116
909.342 5941.62 405.92 0 -16.5116
908.974 5942.86 405.927 0 -16.5116
908.607 5944.1 405.934 0 -16.5116
908.239 5945.33 405.942 0 -16.4421
907.867 5946.6 405.949 0 -16.4421
907.494 5947.86 405.957 0 -16.4421
907.121 5949.12 405.964 0 -16.4421
906.749 5950.39 405.972 0 -16.4421
906.376 5951.65 405.98 0 -16.4421
906.004 5952.91 405.987 0 -16.4736
905.626 5954.19 405.995 0 -16.4736
905.248 5955.47 406.002 0 -16.4736
904.87 5956.74 406.01 0 -16.4736
904.492 5958.02 406.018 0 -16.4736
904.114 5959.3 406.025 0 -16.4736
903.737 5960.58 406.033 0 -16.5431
903.356 5961.86 405.963 0 -16.6102
902.974 5963.14 405.933 0 -16.588
902.591 5964.42 405.925 0 -16.603
902.209 5965.71 405.934 0 -16.6553
901.825 5966.99 405.953 0 -16.7446
901.439 5968.27 405.978 0 -16.871
901.051 5969.55 406.003 0 -17.0344
900.659 5970.83 406.022 0 -17.2348
900.263 5972.11 406.029 0 -16.6191
899.877 5973.4 406.038 0 -16.8027
899.49 5974.68 406.045 0 -16.8027
899.103 5975.96 406.053 0 -16.7995
898.718 5977.24 406.06 0 -16.7995
898.333 5978.52 406.067 0 -16.7995
897.947 5979.79 406.074 0 -16.7995
897.562 5981.07 406.081 0 -16.7995
897.176 5982.35 406.088 0 -17.0099
896.786 5983.62 406.095 0 -17.0052
896.4 5984.88 406.101 0 -17.0052
896.014 5986.14 406.107 0 -17.0052
895.629 5987.41 406.114 0 -17.0052
895.243 5988.67 406.12 0 -17.0052
894.857 5989.93 406.126 0 -17.0052
894.471 5991.19 406.132 0 -17.0439
894.093 5992.42 406.139 0 -17.0899
893.714 5993.66 406.145 0 -17.2563
893.331 5994.89 406.15 0 -17.2563
892.949 5996.12 406.156 0 -17.2563
892.566 5997.35 406.162 0 -17.2563
892.184 5998.58 406.167 0 -17.2968
891.81 5999.78 406.173 0 -17.2968
891.435 6000.99 406.178 0 -17.2968
891.061 6002.19 406.184 0 -17.2968
890.687 6003.39 406.19 0 -17.349
890.312 6004.59 406.195 0 -17.4776
889.934 6005.79 406.2 0 -17.438
889.56 6006.98 406.206 0 -17.438
889.186 6008.17 406.211 0 -17.438
888.811 6009.36 406.216 0 -17.438
888.437 6010.56 406.222 0 -17.438
888.063 6011.75 406.227 0 -17.438
887.689 6012.94 406.232 0 -17.4782
887.31 6014.14 406.238 0 -17.5105
886.929 6015.35 406.243 0 -17.6273
886.547 6016.55 406.248 0 -17.6273
886.164 6017.75 406.254 0 -17.6273
885.782 6018.96 406.259 0 -17.6273
885.399 6020.16 406.265 0 -17.5633
885.011 6021.39 406.27 0 -17.5633
884.623 6022.61 406.276 0 -17.5633
884.235 6023.84 406.281 0 -17.5633
883.847 6025.07 406.287 0 -17.599
883.458 6026.29 406.292 0 -17.6808
883.068 6027.52 406.298 0 -17.6802
882.674 6028.75 406.304 0 -17.6802
882.28 6029.99 406.31 0 -17.6802
881.887 6031.22 406.316 0 -17.6802
881.493 6032.46 406.322 0 -17.6802
881.099 6033.69 406.328 0 -17.6802
880.705 6034.93 406.334 0 -17.6149
880.312 6036.17 406.34 0 -17.6605
879.917 6037.41 406.346 0 -17.7007
879.522 6038.65 406.352 0 -17.7007
879.126 6039.89 406.359 0 -17.7007
878.731 6041.12 406.365 0 -17.7007
878.336 6042.36 406.372 0 -17.8884
877.93 6043.62 406.379 0 -17.8884
877.524 6044.88 406.385 0 -17.8884
877.118 6046.13 406.392 0 -17.8884
876.713 6047.39 406.399 0 -17.935
876.306 6048.65 406.406 0 -17.9427
875.899 6049.91 406.413 0 -17.8743
875.479 6051.21 406.421 0 -17.8743
875.059 6052.51 406.429 0 -17.8743
874.639 6053.81 406.437 0 -17.8743
874.218 6055.12 406.445 0 -17.8743
873.798 6056.42 406.452 0 -17.8743
873.378 6057.72 406.46 0 -17.8007
872.947 6059.07 406.469 0 -17.8119
872.515 6060.41 406.478 0 -17.8119
872.084 6061.75 406.488 0 -17.8119
871.652 6063.09 406.497 0 -17.8119
871.22 6064.44 406.506 0 -17.8119
870.789 6065.78 406.515 0 -17.9503
870.343 6067.16 406.525 0 -17.9503
869.897 6068.53 406.534 0 -17.9457
869.452 6069.91 406.545 0 -17.9413
869.006 6071.28 406.556 0 -17.9413
868.561 6072.66 406.567 0 -17.9413
868.115 6074.04 406.578 0 -17.9684
867.666 6075.42 406.589 0 -17.9684
867.217 6076.81 406.6 0 -17.9684
866.768 6078.19 406.612 0 -17.9684
866.318 6079.58 406.623 0 -18.034
865.868 6080.96 406.625 0 -18.0268
865.417 6082.35 406.627 0 -18.0244
864.967 6083.73 406.63 0 -18.0244
864.518 6085.11 406.632 0 -18.0244
864.068 6086.49 406.635 0 -18.0244
863.619 6087.87 406.637 0 -18.0244
863.169 6089.26 406.64 0 -18.0291
862.719 6090.64 406.643 0 -18.0402
862.271 6092.01 406.647 0 -18.0402
861.822 6093.39 406.651 0 -18.0402
861.373 6094.77 406.655 0 -18.0402
860.924 6096.15 406.66 0 -18.0402
860.476 6097.53 406.664 0 -18.0402
860.027 6098.9 406.668 0 -18.0357
859.579 6100.28 406.672 0 -18.0408
859.131 6101.66 406.677 0 -18.0426
858.682 6103.03 406.682 0 -18.0426
858.234 6104.41 406.688 0 -18.0426
857.786 6105.78 406.693 0 -18.0426
857.337 6107.16 406.698 0 -18.036
856.889 6108.54 406.704 0 -18.036
856.441 6109.91 406.709 0 -18.0362
855.993 6111.29 406.715 0 -18.0381
855.545 6112.67 406.721 0 -18.0381
855.097 6114.04 406.727 0 -18.0381
854.649 6115.42 406.733 0 -18.0627
854.197 6116.8 406.74 0 -18.0627
853.746 6118.18 406.746 0 -18.0627
853.295 6119.57 406.752 0 -18.0627
852.844 6120.95 406.759 0 -18.0616
852.393 6122.33 406.765 0 -18.0601
851.942 6123.72 406.772 0 -18.0912
851.485 6125.12 406.779 0 -18.0912
851.028 6126.52 406.786 0 -18.0912
850.571 6127.91 406.792 0 -18.0912
850.114 6129.31 406.799 0 -18.0912
849.657 6130.71 406.806 0 -18.0912
849.2 6132.11 406.813 0 -18.0619
848.738 6133.53 406.82 0 -18.061
848.275 6134.95 406.827 0 -18.061
847.813 6136.37 406.834 0 -18.061
847.35 6137.78 406.841 0 -18.061
846.888 6139.2 406.849 0 -18.061
846.425 6140.62 406.856 1020149 -18.0048
845.959 6142.05 406.863 1020149 -17.9993
845.493 6143.49 406.87 1020149 -17.9926
845.026 6144.93 406.877 1020149 -17.9926
844.56 6146.36 406.884 1020149 -17.9926
844.094 6147.8 406.891 1020149 -17.9926
843.628 6149.23 406.898 0 -17.9364
843.167 6150.66 406.905 0 -17.9364
842.705 6152.08 406.912 0 -17.9352
842.244 6153.51 406.919 0 -17.9194
841.783 6154.93 406.925 0 -17.9194
841.322 6156.36 406.931 0 -17.9194
840.861 6157.78 406.937 0 -17.864
840.41 6159.18 406.944 0 -17.864
839.959 6160.58 406.95 0 -17.864
839.508 6161.98 406.956 0 -17.864
839.057 6163.38 406.962 0 -17.8513
838.606 6164.78 406.968 0 -17.8422
838.156 6166.18 406.973 0 -17.6681
837.713 6167.57 406.978 0 -17.6681
837.27 6168.96 406.983 0 -17.6681
836.827 6170.35 406.989 0 -17.6681
836.384 6171.74 406.994 0 -17.6681
835.941 6173.13 406.999 0 -17.6681
835.499 6174.52 407.004 0 -17.6051
835.053 6175.93 407.008 0 -17.6047
834.607 6177.33 407.012 0 -17.6047
834.161 6178.74 407.016 0 -17.6047
833.715 6180.14 407.02 0 -17.6047
833.269 6181.55 407.024 0 -17.6047
832.823 6182.95 407.028 1020149 -17.6345
832.365 6184.39 407.032 1020149 -17.6715
831.907 6185.83 407.042 1030149 -17.6736
831.448 6187.27 407.054 1030149 -17.6983
830.989 6188.71 407.065 1030149 -17.7733
830.528 6190.15 407.074 1030149 -17.7733
830.067 6191.59 407.082 1030149 -17.8746
829.596 6193.05 407.089 1030149 -17.8944
829.125 6194.51 407.095 1030149 -17.8975
828.654 6195.97 407.101 1030149 -17.9166
828.182 6197.42 407.106 1030149 -17.9166
827.71 6198.88 407.11 1030149 -17.9066
827.239 6200.34 407.114 1030149 -17.9251
826.767 6201.8 407.118 1030149 -17.9215
826.295 6203.26 407.122 1030149 -17.8698
825.824 6204.72 407.126 1030149 -17.8698
825.353 6206.18 407.13 1030149 -17.8197
824.884 6207.64 407.135 1030149 -17.7757
824.415 6209.1 407.14 1030149 -17.7626
823.947 6210.57 407.145 1030149 -17.631
823.483 6212.03 407.152 1030149 -17.6304
823.018 6213.49 407.16 1030149 -17.55
822.555 6214.95 407.168 1030149 -17.4588
822.095 6216.42 407.178 1030149 -17.4588
821.635 6217.88 407.188 1030149 -17.2608
821.18 6219.34 407.202 1030149 -17.2479
820.726 6220.8 407.216 1030149 -17.924
820.253 6222.27 407.222 1040149 -18.1419
819.776 6223.72 407.227 1040149 -18.1419
819.299 6225.18 407.231 1040149 -18.0799
818.824 6226.63 407.236 1040149 -17.9802
818.35 6228.09 407.24 1040149 -17.9802
817.876 6229.56 407.245 1040149 -17.9719
817.402 6231.02 407.249 1040149 -17.8493
816.931 6232.48 407.254 1040149 -17.8493
816.461 6233.94 407.258 1040149 -17.8493
815.99 6235.4 407.263 1040149 -17.7745
815.52 6236.87 407.268 1040149 -17.7493
815.05 6238.34 407.273 1040149 -17.7493
814.581 6239.8 407.278 1040149 -17.7199
814.112 6241.27 407.283 1040149 -17.6821
813.644 6242.74 407.289 1040149 -17.6821
813.176 6244.2 407.294 1040149 -17.629
812.713 6245.66 407.299 1040149 -17.5979
812.252 6247.12 407.306 1040149 -17.5978
811.79 6248.57 407.312 1040149 -17.5978
811.328 6250.03 407.318 1040149 -17.595
810.866 6251.48 407.325 1040149 -17.5942
810.405 6252.94 407.332 0 -17.5971
809.959 6254.34 407.338 0 -17.6079
809.513 6255.75 407.346 0 -17.6253
809.067 6257.15 407.353 0 -17.6253
808.621 6258.56 407.361 0 -17.6253
808.175 6259.96 407.369 0 -17.6806
807.727 6261.37 407.378 0 -17.7826
807.29 6262.73 407.387 0 -17.7826
806.853 6264.09 407.395 0 -17.8178
806.415 6265.45 407.405 0 -17.8744
805.976 6266.82 407.415 0 -17.8744
805.537 6268.18 407.425 0 -17.8744
805.097 6269.54 407.435 0 -17.966
804.672 6270.85 407.431 0 -17.9905
804.247 6272.16 407.429 0 -17.9737
803.821 6273.47 407.432 0 -17.9689
803.396 6274.78 407.437 0 -17.9611
802.971 6276.1 407.444 0 -17.9487
802.547 6277.41 407.453 0 -17.8817
802.133 6278.69 407.462 0 -17.8634
801.719 6279.97 407.474 0 -17.8629
801.305 6281.26 407.486 0 -17.8537
800.892 6282.54 407.499 0 -17.8454
800.479 6283.82 407.511 0 -17.8441
800.066 6285.11 407.524 0 -17.6744
799.653 6286.4 407.535 0 -17.6744
799.24 6287.7 407.547 0 -17.6647
798.827 6288.99 407.557 0 -17.6596
798.414 6290.29 407.565 0 -17.6565
798.001 6291.59 407.572 0 -17.6461
797.589 6292.88 407.576 0 -17.6783
797.171 6294.2 407.579 0 -17.6684
796.753 6295.51 407.577 0 -17.6662
796.335 6296.82 407.573 0 -17.6617
795.917 6298.13 407.565 0 -17.6555
795.499 6299.45 407.552 0 -17.7477
795.078 6300.76 407.548 0 -18.1775
794.649 6302.07 407.552 0 -18.1775
794.22 6303.37 407.557 0 -18.1775
793.791 6304.68 407.561 0 -18.1775
793.362 6305.99 407.566 0 -18.1775
792.933 6307.29 407.57 0 -18.1775
792.504 6308.6 407.575 0 -18.2314
792.077 6309.9 407.58 0 -18.2069
791.651 6311.19 407.585 0 -18.2069
791.224 6312.49 407.59 0 -18.2069
790.798 6313.79 407.595 0 -18.2069
790.371 6315.08 407.6 0 -18.2069
789.945 6316.38 407.605 0 -18.0931
789.519 6317.68 407.61 0 -18.0622
789.093 6318.99 407.616 0 -18.0496
788.668 6320.29 407.621 0 -18.0496
788.243 6321.6 407.627 0 -18.0496
787.817 6322.9 407.632 0 -18.0496
787.392 6324.21 407.638 0 -17.8416
786.967 6325.53 407.644 0 -17.8416
786.542 6326.85 407.649 0 -17.814
786.118 6328.17 407.655 0 -17.8112
785.694 6329.49 407.661 0 -17.8112
785.269 6330.81 407.667 0 -17.8112
784.845 6332.13 407.673 0 -17.8445
784.422 6333.45 407.679 0 -17.8445
783.999 6334.76 407.685 0 -17.842
783.576 6336.07 407.691 0 -17.8272
783.153 6337.39 407.697 0 -17.8272
782.73 6338.7 407.704 0 -17.8272
782.308 6340.02 407.71 0 -18.0738
781.887 6341.31 407.716 0 -18.0738
781.467 6342.59 407.722 0 -18.0738
781.047 6343.88 407.728 0 -18.0726
780.626 6345.17 407.734 0 -18.0696
780.206 6346.46 407.74 0 -18.0696
779.786 6347.75 407.746 0 -18.2172
779.368 6349.02 407.752 0 -18.2172
778.95 6350.29 407.758 0 -18.2172
778.532 6351.56 407.764 0 -18.2172
778.114 6352.83 407.771 0 -18.2199
777.696 6354.1 407.777 0 -18.226
777.278 6355.37 407.782 0 -18.2989
776.856 6356.64 407.788 0 -18.2989
776.435 6357.92 407.794 0 -18.2989
776.013 6359.19 407.8 0 -18.2989
775.591 6360.47 407.806 0 -18.2989
775.17 6361.74 407.812 0 -18.306
774.748 6363.01 407.818 0 -18.2537
774.319 6364.32 407.824 0 -18.2537
773.89 6365.62 407.83 0 -18.2537
773.461 6366.92 407.836 0 -18.2537
773.032 6368.22 407.842 0 -18.2537
772.603 6369.52 407.848 0 -18.2537
772.174 6370.82 407.854 0 -18.2715
771.733 6372.15 407.859 0 -18.2893
771.292 6373.49 407.865 0 -18.2893
770.85 6374.83 407.871 0 -18.2893
770.409 6376.16 407.876 0 -18.2893
769.967 6377.5 407.882 0 -18.2893
769.526 6378.83 407.888 0 -18.2418
769.076 6380.2 407.893 0 -18.2828
768.626 6381.56 407.899 0 -18.2899
768.175 6382.92 407.904 0 -18.2899
767.724 6384.29 407.909 0 -18.2899
767.274 6385.65 407.914 0 -18.2899
766.823 6387.02 407.92 0 -18.3354
766.368 6388.39 407.925 0 -18.2195
765.917 6389.76 407.931 0 -18.1794
765.466 6391.13 407.936 0 -18.1794
765.015 6392.51 407.942 0 -18.1794
764.564 6393.88 407.948 0 -18.1794
764.112 6395.25 407.953 0 -18.0923
763.67 6396.61 407.959 0 -18.0923
763.227 6397.96 407.965 0 -18.0923
762.784 6399.32 407.97 0 -18.0923
762.342 6400.67 407.976 0 -18.0923
761.899 6402.03 407.982 0 -18.0923
761.456 6403.38 407.987 0 -18.3755
761.017 6404.71 407.993 0 -18.411
760.577 6406.03 407.998 0 -18.411
760.136 6407.35 408.004 0 -18.411
759.696 6408.67 408.009 0 -18.411
759.256 6410 408.014 0 -18.411
758.816 6411.32 408.02 0 -18.3985
758.384 6412.62 408.025 0 -18.3985
757.952 6413.91 408.03 0 -18.3985
757.521 6415.21 408.036 0 -18.3985
757.089 6416.51 408.041 0 -18.3985
756.657 6417.81 408.046 0 -18.4317
756.225 6419.11 408.052 0 -18.4328
755.798 6420.39 408.057 0 -18.4328
755.371 6421.67 408.062 0 -18.4328
754.943 6422.95 408.068 0 -18.4328
754.516 6424.23 408.073 0 -18.4328
754.089 6425.51 408.078 0 -18.4328
753.662 6426.8 408.083 0 -18.3766
753.237 6428.07 408.089 0 -18.3766
752.813 6429.35 408.094 0 -18.3766
752.388 6430.63 408.099 0 -18.3766
751.964 6431.91 408.104 0 -18.3766
751.539 6433.19 408.11 0 -18.3242
751.116 6434.46 408.115 0 -18.2797
750.697 6435.73 408.12 0 -18.2797
750.278 6437 408.125 0 -18.2797
749.859 6438.27 408.131 0 -18.2797
749.44 6439.54 408.136 0 -18.2797
749.021 6440.81 408.141 0 -18.2797
748.602 6442.08 408.147 0 -18.2756
748.188 6443.33 408.152 0 -18.2756
747.774 6444.58 408.157 0 -18.2756
747.361 6445.83 408.162 0 -18.2756
746.947 6447.09 408.168 0 -18.2347
746.534 6448.34 408.173 0 -18.101
746.124 6449.59 408.178 0 -18.0651
745.725 6450.82 408.183 0 -18.0651
745.326 6452.04 408.189 0 -18.0651
744.927 6453.26 408.194 0 -18.0651
744.528 6454.49 408.199 0 -18.0651
744.129 6455.71 408.204 0 -18.0651
743.73 6456.93 408.21 0 -18.0503
743.345 6458.11 408.215 0 -18.0503
742.96 6459.3 408.22 0 -18.0503
742.575 6460.48 408.225 0 -18.0503
742.19 6461.66 408.23 0 -18.0465
741.805 6462.84 408.235 0 -17.7649
741.425 6464.02 408.24 0 -17.9317
741.057 6465.16 408.245 0 -17.9317
740.69 6466.3 408.25 0 -17.9317
740.322 6467.44 408.256 0 -17.9317
739.954 6468.57 408.261 0 -17.9317
739.586 6469.71 408.266 0 -17.9317
739.218 6470.85 408.271 0 -17.8678
738.86 6471.96 408.276 0 -17.8678
738.502 6473.07 408.281 0 -17.8678
738.144 6474.18 408.286 0 -17.8678
737.787 6475.29 408.291 0 -17.8678
737.429 6476.4 408.296 0 -17.8678
737.071 6477.51 408.301 0 -17.5959
736.715 6478.63 408.306 0 -17.5285
736.361 6479.75 408.311 0 -17.5285
736.007 6480.87 408.316 0 -17.5285
735.653 6481.99 408.322 0 -17.5285
735.299 6483.11 408.327 0 -17.5285
734.945 6484.23 408.332 0 -17.215
734.58 6485.41 408.338 0 -17.215
734.216 6486.59 408.343 0 -17.215
733.852 6487.76 408.349 0 -17.215
733.488 6488.94 408.354 0 -17.215
733.123 6490.11 408.36 0 -17.215
732.759 6491.29 408.365 0 -17.141
732.385 6492.5 408.371 0 -16.6322
732.022 6493.72 408.377 0 -16.6071
731.659 6494.93 408.383 0 -16.6071
731.297 6496.15 408.389 0 -16.6071
730.934 6497.36 408.395 0 -16.6071
730.571 6498.58 408.402 0 -16.3708
730.2 6499.84 408.408 0 -16.3708
729.828 6501.11 408.414 0 -16.3708
729.457 6502.37 408.421 0 -16.3708
729.085 6503.64 408.427 0 -16.3707
728.713 6504.9 408.433 0 -16.3707
728.342 6506.17 408.44 0 -16.4978
727.962 6507.45 408.446 0 -15.8658
727.597 6508.74 408.453 0 -15.845
727.232 6510.02 408.46 0 -15.845
726.867 6511.31 408.467 0 -15.845
726.502 6512.6 408.473 0 -15.845
726.137 6513.88 408.48 0 -16.1212
725.765 6515.17 408.487 0 -16.1212
725.394 6516.45 408.494 0 -16.1212
725.022 6517.74 408.501 0 -16.1212
724.651 6519.02 408.508 0 -16.1212
724.279 6520.31 408.515 0 -16.1212
723.908 6521.59 408.522 0 -16.0356
723.54 6522.87 408.529 0 -15.5135
723.183 6524.16 408.536 0 -15.5135
722.827 6525.44 408.544 0 -15.5135
722.47 6526.73 408.551 0 -15.5135
722.114 6528.01 408.559 0 -15.5135
721.758 6529.29 408.566 0 -15.4418
721.403 6530.58 408.573 0 -15.4418
721.048 6531.86 408.581 0 -15.4418
720.694 6533.15 408.588 0 -15.4418
720.339 6534.43 408.596 0 -15.4418
719.984 6535.71 408.603 0 -15.4418
719.629 6537 408.611 0 -15.9826
719.259 6538.29 408.617 0 -15.8177
718.896 6539.57 408.625 0 -15.8177
718.532 6540.86 408.632 0 -15.8177
718.169 6542.14 408.639 0 -15.8177
717.806 6543.42 408.647 0 -15.8177
717.442 6544.7 408.654 0 -15.8177
717.079 6545.99 408.661 0 -15.8177
716.716 6547.27 408.668 0 -15.8177
716.353 6548.55 408.676 0 -15.8177
715.989 6549.83 408.683 0 -15.8177
715.626 6551.11 408.69 0 -15.3141
715.274 6552.4 408.695 0 -15.3143
714.922 6553.69 408.699 0 -15.3143
714.57 6554.97 408.703 0 -15.3143
714.218 6556.26 408.708 0 -15.3143
713.866 6557.54 408.712 0 -15.3143
713.514 6558.83 408.716 0 -15.3143
713.162 6560.11 408.721 0 -15.3119
712.81 6561.4 408.725 0 -15.3119
712.458 6562.68 408.729 0 -15.3119
712.106 6563.97 408.734 0 -15.3119
711.754 6565.25 408.738 0 -14.8071
711.414 6566.54 408.74 0 -14.7993
711.073 6567.83 408.742 0 -14.7993
710.733 6569.12 408.743 0 -14.7993
710.392 6570.41 408.745 0 -14.7993
710.052 6571.7 408.747 0 -14.7993
709.711 6572.99 408.749 0 -14.7993
709.371 6574.27 408.75 0 -14.7993
709.031 6575.56 408.752 0 -14.7993
708.69 6576.85 408.754 0 -14.7993
708.35 6578.14 408.756 0 -14.7993
708.009 6579.43 408.757 0 -14.2939
707.68 6580.72 408.757 0 -14.2799
707.352 6582.01 408.757 0 -14.2799
707.023 6583.3 408.756 0 -14.2823
706.694 6584.59 408.756 0 -14.2823
706.365 6585.89 408.755 0 -14.2823
706.036 6587.18 408.755 0 -14.2823
705.708 6588.47 408.754 0 -14.2823
705.379 6589.76 408.754 0 -14.2823
705.05 6591.05 408.753 0 -14.2799
704.721 6592.34 408.753 0 -14.2799
704.392 6593.64 408.752 0 -13.775
704.075 6594.93 408.75 0 -13.7537
703.758 6596.23 408.748 0 -13.7537
703.441 6597.52 408.746 0 -13.7537
703.125 6598.81 408.743 0 -13.7537
702.808 6600.11 408.741 0 -13.7537
702.491 6601.4 408.739 0 -13.7537
702.174 6602.7 408.736 0 -13.7537
701.857 6603.99 408.734 0 -13.7537
701.541 6605.29 408.732 0 -13.7537
701.224 6606.58 408.729 0 -13.7537
700.907 6607.87 408.727 0 -13.7537
0 0 0 0 -13.7537
0 0 0 0 -13.7537
0 0 0 0 -13.7537
0 0 0 0 -13.7537
0 0 0 0 -13.7537
0 0 0 0 -13.7537
0 0 0 0 -13.7537
0 0 0 0 -13.7537
0 0 0 0 -13.7537
0 0 0 0 -13.7537
0 0 0 0 -13.7537
0 0 0 0 -13.7537
0 0 0 0 -13.7537
0 0 0 0 -13.7537
0 0 0 0 -13.7537
0 0 0 0 -13.7537
0 0 0 0 -13.7537
0 0 0 0 -13.7537
0 0 0 0 -13.7537
0 0 0 0 -13.7537
0 0 0 0 -13.7537
0 0 0 0 -13.7537
0 0 0 0 -13.7537
0 0 0 0 -13.7537
0 0 0 0 -13.7537
0 0 0 0 -13.7537
0 0 0 0 -13.7537
0 0 0 0 -13.7537
0 0 0 0 -13.7537
0 0 0 0 -13.7537
0 0 0 0 -13.7537
0 0 0 0 -13.7537
0 0 0 0 -13.7537
0 0 0 0 -13.7537
0 0 0 0 -13.7537
0 0 0 0 -13.7537
0 0 0 0 -13.7537
0 0 0 0 -13.7537
0 0 0 0 -13.7537
0 0 0 0 -13.7537
0 0 0 0 -13.7537
0 0 0 0 -13.7537
0 0 0 0 -13.7537
0 0 0 0 -13.7537
0 0 0 0 -13.7537
0 0 0 0 -13.7537
0 0 0 0 -13.7537
0 0 0 0 -13.7537
0 0 0 0 -13.7537
0 0 0 0 -13.7537
0 0 0 0 -13.7537
0 0 0 0 -13.7537
0 0 0 0 0
