6.92297e-310 6.92297e-310 0 0 0
53.27 0 0 0 0
51.77 0 0 0 0
51.77 0 0 0 0
51.77 0 0 0 0
51.77 0 0 0 0
51.77 0 0 0 0
51.77 0 0 0 0
51.05 0 0 0 0
51.05 0 0 0 0
51.05 0 0 0 0
51.05 0 0 0 0
51.05 0 0 0 0
51.05 0 0 0 0
51.64 0 0 0 0
51.64 0 0 0 0
51.64 0 0 0 0
51.64 0 0 0 0
51.64 0 0 0 0
51.64 0 0 0 0
53.11 0 0 0 0
53.11 0 0 0 0
53.11 0 0 0 0
53.11 0 0 0 0
53.11 0 0 0 0
53.11 0 0 0 0
54.46 0 0 0 0
54.46 0 0 0 0
54.46 0 0 0 0
54.46 0 0 0 0
54.46 0 0 0 0
54.46 0 0 0 0
55.07 0 0 0 0
55.07 0 0 0 0
55.07 0 0 0 0
55.07 0 0 0 0
55.07 0 0 0 0
55.07 0 0 0 0
55.17 0 0 0 0
55.17 0 0 0 0
55.17 0 0 0 0
55.17 0 0 0 0
55.17 0 0 0 0
55.17 0 0 0 0
55.04 0 0 0 0
55.04 0 0 0 0
55.04 0 0 0 0
55.04 0 0 0 0
55.04 0 0 0 0
55.04 0 0 0 0
54.69 0 0 0 0
54.69 0 0 0 0
54.69 0 0 0 0
54.69 0 0 0 0
54.69 0 0 0 0
54.69 0 0 0 0
55.29 0 0 0 0
55.29 0 0 0 0
55.29 0 0 0 0
55.29 0 0 0 0
55.29 0 0 0 0
55.29 0 0 0 0
56.51 0 0 0 0
56.51 0 0 0 0
56.51 0 0 0 0
56.51 0 0 0 0
56.51 0 0 0 0
56.51 0 0 0 0
56.97 0 0 0 0
56.97 0 0 0 0
56.97 0 0 0 0
56.97 0 0 0 0
56.97 0 0 0 0
56.97 0 0 0 0
56.51 0 0 0 0
56.51 0 0 0 0
56.51 0 0 0 0
56.51 0 0 0 0
56.51 0 0 0 0
56.51 0 0 0 0
55.27 0 0 0 0
55.27 0 0 0 0
55.27 0 0 0 0
55.27 0 0 0 0
55.27 0 0 0 0
55.27 0 0 0 0
54.7 0 0 0 0
54.7 0 0 0 0
54.7 0 0 0 0
54.7 0 0 0 0
54.7 0 0 0 0
54.7 0 0 0 0
54.99 0 0 0 0
54.99 0 0 0 0
54.99 0 0 0 0
54.99 0 0 0 0
54.99 0 0 0 0
54.99 0 0 0 0
55 0 0 0 0
55 0 0 0 0
55 0 0 0 0
55 0 0 0 0
55 0 0 0 0
55 0 0 0 0
54.99 0 0 0 0
54.99 0 0 0 0
54.99 0 0 0 0
54.99 0 0 0 0
54.99 0 0 0 0
54.99 0 0 0 0
54.99 0 0 0 0
54.99 0 0 0 0
54.99 0 0 0 0
54.99 0 0 0 0
54.99 0 0 0 0
54.99 0 0 0 0
55 0 0 0 0
55 0 0 0 0
55 0 0 0 0
55 0 0 0 0
55 0 0 0 0
55 0 0 0 0
54.99 0 0 0 0
54.99 0 0 0 0
54.99 0 0 0 0
54.99 0 0 0 0
54.99 0 0 0 0
54.99 0 0 0 0
55.35 0 0 0 0
55.35 0 0 0 0
55.35 0 0 0 0
55.35 0 0 0 0
55.35 0 0 0 0
55.35 0 0 0 0
54.65 0 0 0 0
54.65 0 0 0 0
54.65 0 0 0 0
54.65 0 0 0 0
54.65 0 0 0 0
54.65 0 0 0 0
53.16 0 0 0 0
53.16 0 0 0 0
53.16 0 0 0 0
53.16 0 0 0 0
53.16 0 0 0 0
53.16 0 0 0 0
52.61 0 0 0 0
52.61 0 0 0 0
52.61 0 0 0 0
52.61 0 0 0 0
52.61 0 0 0 0
52.61 0 0 0 0
53.17 0 0 0 0
53.17 0 0 0 0
53.17 0 0 0 0
53.17 0 0 0 0
53.17 0 0 0 0
53.17 0 0 0 0
54.66 0 0 0 0
54.66 0 0 0 0
54.66 0 0 0 0
54.66 0 0 0 0
54.66 0 0 0 0
54.66 0 0 0 0
55.36 0 0 0 0
55.36 0 0 0 0
55.36 0 0 0 0
55.36 0 0 0 0
55.36 0 0 0 0
55.36 0 0 0 0
55.01 0 0 0 0
55.01 0 0 0 0
55.01 0 0 0 0
55.01 0 0 0 0
55.01 0 0 0 0
55.01 0 0 0 0
54.96 0 0 0 0
54.96 0 0 0 0
54.96 0 0 0 0
54.96 0 0 0 0
54.96 0 0 0 0
54.96 0 0 0 0
54.85 0 0 0 0
54.85 0 0 0 0
54.85 0 0 0 0
54.85 0 0 0 0
54.85 0 0 0 0
54.85 0 0 0 0
55.01 0 0 0 0
55.01 0 0 0 0
55.01 0 0 0 0
55.01 0 0 0 0
55.01 0 0 0 0
55.01 0 0 0 0
55.49 0 0 0 0
55.49 0 0 0 0
55.49 0 0 0 0
55.49 0 0 0 0
55.49 0 0 0 0
55.49 0 0 0 0
56.18 0 0 0 0
56.18 0 0 0 0
56.18 0 0 0 0
56.18 0 0 0 0
56.18 0 0 0 0
56.18 0 0 0 0
56.63 0 0 0 0
56.63 0 0 0 0
56.63 0 0 0 0
56.63 0 0 0 0
56.63 0 0 0 0
56.63 0 0 0 0
56.57 0 0 0 0
56.57 0 0 0 0
56.57 0 0 0 0
56.57 0 0 0 0
56.57 0 0 0 0
56.57 0 0 0 0
56.88 0 0 0 0
56.88 0 0 0 0
56.88 0 0 0 0
56.88 0 0 0 0
56.88 0 0 0 0
56.88 0 0 0 0
57.69 0 0 0 0
57.69 0 0 0 0
57.69 0 0 0 0
57.69 0 0 0 0
57.69 0 0 0 0
57.69 0 0 0 0
58.24 0 0 0 0
58.24 0 0 0 0
58.24 0 0 0 0
58.24 0 0 0 0
58.24 0 0 0 0
58.24 0 0 0 0
58.18 0 0 0 0
58.18 0 0 0 0
58.18 0 0 0 0
58.18 0 0 0 0
58.18 0 0 0 0
58.18 0 0 0 0
57.55 0 0 0 0
57.55 0 0 0 0
57.55 0 0 0 0
57.55 0 0 0 0
57.55 0 0 0 0
57.55 0 0 0 0
57.43 0 0 0 0
57.43 0 0 0 0
57.43 0 0 0 0
57.43 0 0 0 0
57.43 0 0 0 0
57.43 0 0 0 0
57.93 0 0 0 0
57.93 0 0 0 0
57.93 0 0 0 0
57.93 0 0 0 0
57.93 0 0 0 0
57.93 0 0 0 0
58.22 0 0 0 0
58.22 0 0 0 0
58.22 0 0 0 0
58.22 0 0 0 0
58.22 0 0 0 0
58.22 0 0 0 0
58.32 0 0 0 0
58.32 0 0 0 0
58.32 0 0 0 0
58.32 0 0 0 0
58.32 0 0 0 0
58.32 0 0 0 0
58.41 0 0 0 0
58.41 0 0 0 0
58.41 0 0 0 0
58.41 0 0 0 0
58.41 0 0 0 0
58.41 0 0 0 0
58.74 0 0 0 0
58.74 0 0 0 0
58.74 0 0 0 0
58.74 0 0 0 0
58.74 0 0 0 0
58.74 0 0 0 0
59.4 0 0 0 0
59.4 0 0 0 0
59.4 0 0 0 0
59.4 0 0 0 0
59.4 0 0 0 0
59.4 0 0 0 0
60.34 0 0 0 0
60.34 0 0 0 0
60.34 0 0 0 0
60.34 0 0 0 0
60.34 0 0 0 0
60.34 0 0 0 0
61.41 0 0 0 0
61.41 0 0 0 0
61.41 0 0 0 0
61.41 0 0 0 0
61.41 0 0 0 0
61.41 0 0 0 0
62.8 0 0 0 0
62.8 0 0 0 0
62.8 0 0 0 0
62.8 0 0 0 0
62.8 0 0 0 0
62.8 0 0 0 0
63.27 0 0 0 0
63.27 0 0 0 0
63.27 0 0 0 0
63.27 0 0 0 0
63.27 0 0 0 0
63.27 0 0 0 0
62.6 0 0 0 0
62.6 0 0 0 0
62.6 0 0 0 0
62.6 0 0 0 0
62.6 0 0 0 0
62.6 0 0 0 0
61.86 0 0 0 0
61.86 0 0 0 0
61.86 0 0 0 0
61.86 0 0 0 0
61.86 0 0 0 0
61.86 0 0 0 0
61.22 0 0 0 0
61.22 0 0 0 0
61.22 0 0 0 0
61.22 0 0 0 0
61.22 0 0 0 0
61.22 0 0 0 0
61.05 0 0 0 0
61.05 0 0 0 0
61.05 0 0 0 0
61.05 0 0 0 0
61.05 0 0 0 0
61.05 0 0 0 0
60.69 0 0 0 0
60.69 0 0 0 0
60.69 0 0 0 0
60.69 0 0 0 0
60.69 0 0 0 0
60.69 0 0 0 0
60.03 0 0 0 0
60.03 0 0 0 0
60.03 0 0 0 0
60.03 0 0 0 0
60.03 0 0 0 0
60.03 0 0 0 0
59.98 0 0 0 0
59.98 0 0 0 0
59.98 0 0 0 0
59.98 0 0 0 0
59.98 0 0 0 0
59.98 0 0 0 0
60.19 0 0 0 0
60.19 0 0 0 0
60.19 0 0 0 0
60.19 0 0 0 0
60.19 0 0 0 0
60.19 0 0 0 0
60.2 0 0 0 0
60.2 0 0 0 0
60.2 0 0 0 0
60.2 0 0 0 0
60.2 0 0 0 0
60.2 0 0 0 0
59.71 0 0 0 0
59.71 0 0 0 0
59.71 0 0 0 0
59.71 0 0 0 0
59.71 0 0 0 0
59.71 0 0 0 0
58.74 0 0 0 0
58.74 0 0 0 0
58.74 0 0 0 0
58.74 0 0 0 0
58.74 0 0 0 0
58.74 0 0 0 0
57.7 0 0 0 0
57.7 0 0 0 0
57.7 0 0 0 0
57.7 0 0 0 0
57.7 0 0 0 0
57.7 0 0 0 0
57.17 0 0 0 0
57.17 0 0 0 0
57.17 0 0 0 0
57.17 0 0 0 0
57.17 0 0 0 0
57.17 0 0 0 0
57.56 0 0 0 0
57.56 0 0 0 0
57.56 0 0 0 0
57.56 0 0 0 0
57.56 0 0 0 0
57.56 0 0 0 0
57.02 0 0 0 0
57.02 0 0 0 0
57.02 0 0 0 0
57.02 0 0 0 0
57.02 0 0 0 0
57.02 0 0 0 0
55.54 0 0 0 0
55.54 0 0 0 0
55.54 0 0 0 0
55.54 0 0 0 0
55.54 0 0 0 0
55.54 0 0 0 0
54.95 0 0 0 0
54.95 0 0 0 0
54.95 0 0 0 0
54.95 0 0 0 0
54.95 0 0 0 0
54.95 0 0 0 0
55.5 0 0 0 0
55.5 0 0 0 0
55.5 0 0 0 0
55.5 0 0 0 0
55.5 0 0 0 0
55.5 0 0 0 0
57.03 0 0 0 0
57.03 0 0 0 0
57.03 0 0 0 0
57.03 0 0 0 0
57.03 0 0 0 0
57.03 0 0 0 0
57.77 0 0 0 0
57.77 0 0 0 0
57.77 0 0 0 0
57.77 0 0 0 0
57.77 0 0 0 0
57.77 0 0 0 0
57.63 0 0 0 0
57.63 0 0 0 0
57.63 0 0 0 0
57.63 0 0 0 0
57.63 0 0 0 0
57.63 0 0 0 0
58.32 0 0 0 0
58.32 0 0 0 0
58.32 0 0 0 0
58.32 0 0 0 0
58.32 0 0 0 0
58.32 0 0 0 0
59.19 0 0 0 0
59.19 0 0 0 0
59.19 0 0 0 0
59.19 0 0 0 0
59.19 0 0 0 0
59.19 0 0 0 0
59.87 0 0 0 0
59.87 0 0 0 0
59.87 0 0 0 0
59.87 0 0 0 0
59.87 0 0 0 0
59.87 0 0 0 0
60.12 0 0 0 0
60.12 0 0 0 0
60.12 0 0 0 0
60.12 0 0 0 0
60.12 0 0 0 0
60.12 0 0 0 0
60.1 0 0 0 0
60.1 0 0 0 0
60.1 0 0 0 0
60.1 0 0 0 0
60.1 0 0 0 0
60.1 0 0 0 0
60.02 0 0 0 0
60.02 0 0 0 0
60.02 0 0 0 0
60.02 0 0 0 0
60.02 0 0 0 0
60.02 0 0 0 0
60.23 0 0 0 0
60.23 0 0 0 0
60.23 0 0 0 0
60.23 0 0 0 0
60.23 0 0 0 0
60.23 0 0 0 0
59.81 0 0 0 0
59.81 0 0 0 0
59.81 0 0 0 0
59.81 0 0 0 0
59.81 0 0 0 0
59.81 0 0 0 0
58.82 0 0 0 0
58.82 0 0 0 0
58.82 0 0 0 0
58.82 0 0 0 0
58.82 0 0 0 0
58.82 0 0 0 0
58.38 0 0 0 0
58.38 0 0 0 0
58.38 0 0 0 0
58.38 0 0 0 0
58.38 0 0 0 0
58.38 0 0 0 0
58.63 0 0 0 0
58.63 0 0 0 0
58.63 0 0 0 0
58.63 0 0 0 0
58.63 0 0 0 0
58.63 0 0 0 0
59.55 0 0 0 0
59.55 0 0 0 0
59.55 0 0 0 0
59.55 0 0 0 0
59.55 0 0 0 0
59.55 0 0 0 0
60.07 0 0 0 0
60.07 0 0 0 0
60.07 0 0 0 0
60.07 0 0 0 0
60.07 0 0 0 0
60.07 0 0 0 0
59.94 0 0 0 0
59.94 0 0 0 0
59.94 0 0 0 0
59.94 0 0 0 0
59.94 0 0 0 0
59.94 0 0 0 0
59.99 0 0 0 0
59.99 0 0 0 0
59.99 0 0 0 0
59.99 0 0 0 0
59.99 0 0 0 0
59.99 0 0 0 0
60.03 0 0 0 0
60.03 0 0 0 0
60.03 0 0 0 0
60.03 0 0 0 0
60.03 0 0 0 0
60.03 0 0 0 0
60.08 0 0 0 0
60.08 0 0 0 0
60.08 0 0 0 0
60.08 0 0 0 0
60.08 0 0 0 0
60.08 0 0 0 0
60.16 0 0 0 0
60.16 0 0 0 0
60.16 0 0 0 0
60.16 0 0 0 0
60.16 0 0 0 0
60.16 0 0 0 0
60.01 0 0 0 0
60.01 0 0 0 0
60.01 0 0 0 0
60.01 0 0 0 0
60.01 0 0 0 0
60.01 0 0 0 0
60 0 0 0 0
60 0 0 0 0
60 0 0 0 0
60 0 0 0 0
60 0 0 0 0
60 0 0 0 0
60 0 0 0 0
0 0 0 0 0
0 0 0 0 0
0 0 0 0 0
0 0 0 0 0
0 0 0 0 0
0 0 0 0 0
0 0 0 0 0
0 0 0 0 0
0 0 0 0 0
0 0 0 0 0
0 0 0 0 0
0 0 0 0 0
0 0 0 0 0
0 0 0 0 0
0 0 0 0 0
0 0 0 0 0
0 0 0 0 0
0 0 0 0 0
0 0 0 0 0
0 0 0 0 0
0 0 0 0 0
0 0 0 0 0
0 0 0 0 0
0 0 0 0 0
0 0 0 0 0
0 0 0 0 0
0 0 0 0 0
0 0 0 0 0
0 0 0 0 0
0 0 0 0 0
0 0 0 0 0
0 0 0 0 0
0 0 0 0 0
0 0 0 0 0
0 0 0 0 0
0 0 0 0 0
0 0 0 0 0
0 0 0 0 0
0 0 0 0 0
0 0 0 0 0
0 0 0 0 0
0 0 0 0 0
0 0 0 0 0
0 0 0 0 0
0 0 0 0 0
0 0 0 0 0
0 0 0 0 0
0 0 0 0 0
0 0 0 0 0
0 0 0 0 0
0 0 0 0 0
0 0 0 0 0
0 0 0 0 0
0 0 0 0 0
0 0 0 0 0
0 0 0 0 0
0 0 0 0 0
0 0 0 0 0
0 0 0 0 0
0 0 0 0 0
0 0 0 0 0
0 0 0 0 0
0 0 0 0 0
0 0 0 0 0
0 0 0 0 0
0 0 0 0 0
0 0 0 0 0
0 0 0 0 0
0 0 0 0 0
0 0 0 0 0
0 0 0 0 0
0 0 0 0 0
0 0 0 0 0
0 0 0 0 0
0 0 0 0 0
0 0 0 0 0
0 0 0 0 0
0 0 0 0 0
0 0 0 0 0
0 0 0 0 0
0 0 0 0 0
0 0 0 0 0
0 0 0 0 0
0 0 0 0 0
0 0 0 0 0
0 0 0 0 0
0 0 0 0 0
0 0 0 0 0
0 0 0 0 0
0 0 0 0 0
0 0 0 0 0
0 0 0 0 0
0 0 0 0 0
0 0 0 0 0
0 0 0 0 0
0 0 0 0 0
0 0 0 0 0
0 0 0 0 0
0 0 0 0 0
0 0 0 0 0
0 0 0 0 0
0 0 0 0 0
0 0 0 0 0
0 0 0 0 0
0 0 0 0 0
0 0 0 0 0
0 0 0 0 0
0 0 0 0 0
0 0 0 0 0
0 0 0 0 0
0 0 0 0 0
0 0 0 0 0
0 0 0 0 0
0 0 0 0 0
0 0 0 0 0
0 0 0 0 0
0 0 0 0 0
0 0 0 0 0
0 0 0 0 0
0 0 0 0 0
0 0 0 0 0
0 0 0 0 0
0 0 0 0 0
0 0 0 0 0
0 0 0 0 0
0 0 0 0 0
0 0 0 0 0
0 0 0 0 0
0 0 0 0 0
0 0 0 0 0
0 0 0 0 0
0 0 0 0 0
0 0 0 0 0
0 0 0 0 0
0 0 0 0 0
0 0 0 0 0
0 0 0 0 0
0 0 0 0 0
0 0 0 0 0
0 0 0 0 0
0 0 0 0 0
0 0 0 0 0
0 0 0 0 0
0 0 0 0 0
0 0 0 0 0
0 0 0 0 0
0 0 0 0 0
0 0 0 0 0
0 0 0 0 0
0 0 0 0 0
0 0 0 0 0
0 0 0 0 0
0 0 0 0 0
0 0 0 0 0
0 0 0 0 0
0 0 0 0 0
0 0 0 0 0
0 0 0 0 0
0 0 0 0 0
0 0 0 0 0
0 0 0 0 0
0 0 0 0 0
0 0 0 0 0
0 0 0 0 0
0 0 0 0 0
0 0 0 0 0
0 0 0 0 0
0 0 0 0 0
0 0 0 0 0
0 0 0 0 0
0 0 0 0 0
0 0 0 0 0
0 0 0 0 0
0 0 0 0 0
716.619 2192.95 0 0 0
717.23 2194.01 0 0 0
717.84 2195.06 0 0 0
718.442 2196.12 0 0 0
719.013 2197.14 0 0 0
719.584 2198.16 0 0 0
720.156 2199.18 0 0 0
720.727 2200.2 0 0 0
721.298 2201.21 0 0 0
721.87 2202.23 0 0 0
722.446 2203.28 0 0 0
723.022 2204.33 0 0 0
723.598 2205.38 0 0 0
724.175 2206.42 0 0 0
724.751 2207.47 0 0 0
725.327 2208.52 0 0 0
725.946 2209.64 0 0 0
726.561 2210.77 0 0 0
727.175 2211.9 0 0 0
727.789 2213.02 0 0 0
728.403 2214.15 0 0 0
729.017 2215.28 0 0 0
729.674 2216.48 0 0 0
730.33 2217.69 0 0 0
730.986 2218.89 0 0 0
731.643 2220.1 0 0 0
732.299 2221.3 0 0 0
732.955 2222.51 0 0 0
733.653 2223.8 0 0 0
734.345 2225.09 0 0 0
735.037 2226.38 0 0 0
735.729 2227.67 0 0 0
736.421 2228.97 0 0 0
737.112 2230.26 0 0 0
737.845 2231.61 0 0 0
738.578 2232.97 0 0 0
739.31 2234.32 0 0 0
740.043 2235.68 0 0 0
740.776 2237.03 0 0 0
741.499 2238.39 0 0 0
742.255 2239.83 0 0 0
743.011 2241.27 0 0 0
743.767 2242.72 0 0 0
744.524 2244.16 0 0 0
745.28 2245.6 0 0 0
746.036 2247.04 0 0 0
746.788 2248.47 0 0 0
747.541 2249.91 0 0 0
748.293 2251.34 0 0 0
749.028 2252.79 0 0 0
749.762 2254.23 0 0 0
750.496 2255.67 0 0 0
751.219 2257.1 0 0 0
751.941 2258.52 0 0 0
752.664 2259.94 0 0 0
753.387 2261.36 0 0 0
754.109 2262.78 0 0 0
754.832 2264.2 0 0 0
755.552 2265.62 0 0 0
756.273 2267.03 0 0 0
756.993 2268.45 0 0 0
757.713 2269.86 0 0 0
758.433 2271.28 0 0 0
759.154 2272.7 0 0 0
759.877 2274.12 0 0 0
760.58 2275.55 0 0 0
761.283 2276.99 0 0 0
761.985 2278.42 0 0 0
762.688 2279.86 0 0 0
763.39 2281.29 0 0 0
764.109 2282.76 0 0 0
764.828 2284.22 0 0 0
765.547 2285.69 0 0 0
766.265 2287.16 0 0 0
766.984 2288.62 0 0 0
767.703 2290.09 0 0 0
768.431 2291.57 0 0 0
769.159 2293.05 0 0 0
769.887 2294.53 0 0 0
770.614 2296.02 0 0 0
771.342 2297.5 0 0 0
772.048 2298.99 0 0 0
772.75 2300.48 0 0 0
773.452 2301.96 0 0 0
774.154 2303.45 0 0 0
774.855 2304.94 0 0 0
775.557 2306.42 0 0 0
776.259 2307.91 0 0 0
776.96 2309.39 0 0 0
777.661 2310.87 0 0 0
778.363 2312.35 0 0 0
779.064 2313.83 0 0 0
779.765 2315.31 0 0 0
780.466 2316.79 0 0 0
781.171 2318.27 0 0 0
781.875 2319.76 0 0 0
782.575 2321.25 0 0 0
783.258 2322.74 0 0 0
783.94 2324.24 0 0 0
784.622 2325.73 0 0 0
785.313 2327.25 0 0 0
786.004 2328.76 0 0 0
786.695 2330.28 0 0 0
787.386 2331.79 0 0 0
788.077 2333.3 0 0 0
788.768 2334.82 0 0 0
789.464 2336.34 0 0 0
790.16 2337.87 0 0 0
790.856 2339.39 0 0 0
791.552 2340.92 0 0 0
792.248 2342.44 0 0 0
792.944 2343.97 0 0 0
793.625 2345.49 0 0 0
794.296 2347.02 0 0 0
794.967 2348.55 0 0 0
795.638 2350.08 0 0 0
796.309 2351.61 0 0 0
1047.64 5276.85 408.75 0 -6.77959
1047.48 5278.17 408.723 0 -6.77959
1047.33 5279.49 408.695 0 -7.07491
1047.16 5280.82 408.668 0 -7.14828
1047 5282.14 408.642 0 -7.14828
1046.83 5283.46 408.616 0 -7.14828
1046.66 5284.78 408.589 0 -7.15238
1046.52 5285.94 408.566 0 -7.15238
1046.37 5287.1 408.543 0 -7.15238
1046.23 5288.25 408.52 0 -7.15238
1046.08 5289.41 408.497 0 -7.15238
1045.94 5290.57 408.474 0 -7.15238
1045.79 5291.73 408.451 0 -7.14828
1045.63 5293.05 408.424 0 -7.14828
1045.46 5294.37 408.398 0 -7.14828
1045.3 5295.69 408.371 0 -7.14828
1045.13 5297.02 408.345 0 -7.14828
1044.96 5298.34 408.319 0 -7.14828
1044.8 5299.66 408.292 0 -7.15067
1044.63 5300.98 408.266 0 -7.15067
1044.47 5302.31 408.239 0 -7.15067
1044.3 5303.63 408.213 0 -7.15067
1044.13 5304.95 408.187 0 -7.37591
1043.96 5306.27 408.163 0 -7.56356
1043.79 5307.59 408.141 0 -7.52376
1043.63 5308.81 408.121 0 -7.52376
1043.47 5310.03 408.101 0 -7.52376
1043.3 5311.25 408.081 0 -7.52376
1043.14 5312.47 408.061 0 -7.52376
1042.98 5313.69 408.04 0 -7.52376
1042.82 5314.91 408.02 0 -7.60196
1042.66 5316.12 408 0 -7.60196
1042.5 5317.33 407.98 0 -7.60196
1042.34 5318.54 407.96 0 -7.60196
1042.17 5319.76 407.94 0 -7.60196
1042.01 5320.97 407.92 0 -7.60196
1041.85 5322.18 407.899 0 -7.56312
1041.69 5323.38 407.879 0 -7.56312
1041.53 5324.59 407.859 0 -7.56312
1041.37 5325.8 407.839 0 -7.56312
1041.21 5327 407.819 0 -7.56312
1041.05 5328.21 407.799 0 -7.56312
1040.89 5329.41 407.779 0 -7.5602
1040.73 5330.63 407.759 0 -7.5602
1040.57 5331.84 407.739 0 -7.5602
1040.41 5333.06 407.719 0 -7.5602
1040.25 5334.27 407.699 0 -7.5602
1040.08 5335.48 407.679 0 -7.5602
1039.92 5336.7 407.659 0 -7.56292
1039.76 5337.91 407.639 0 -7.96511
1039.59 5339.12 407.62 0 -8.04188
1039.42 5340.33 407.601 0 -8.04188
1039.25 5341.54 407.582 0 -8.04188
1039.08 5342.75 407.564 0 -8.04188
1038.91 5343.96 407.545 0 -8.01085
1038.74 5345.15 407.527 0 -8.01085
1038.57 5346.35 407.508 0 -8.01085
1038.41 5347.54 407.49 0 -8.01085
1038.24 5348.73 407.471 0 -8.01085
1038.07 5349.93 407.453 0 -8.01085
1037.9 5351.12 407.434 0 -8.07583
1037.74 5352.29 407.416 0 -8.07583
1037.57 5353.46 407.398 0 -8.07583
1037.4 5354.63 407.38 0 -8.07583
1037.24 5355.81 407.362 0 -8.07583
1037.07 5356.98 407.344 0 -8.07583
1036.9 5358.15 407.326 0 -8.03878
1036.74 5359.3 407.308 0 -8.03878
1036.58 5360.46 407.29 0 -8.03878
1036.42 5361.61 407.272 0 -8.03878
1036.25 5362.76 407.255 0 -8.03878
1036.09 5363.92 407.237 0 -8.03878
1035.93 5365.07 407.219 0 -8.04148
1035.76 5366.23 407.201 0 -8.04148
1035.6 5367.38 407.183 0 -8.04148
1035.44 5368.54 407.165 0 -8.04148
1035.27 5369.69 407.147 0 -8.04148
1035.11 5370.85 407.13 0 -8.49228
1034.94 5372 407.113 0 -8.52062
1034.77 5373.15 407.097 0 -8.52062
1034.59 5374.3 407.081 0 -8.52062
1034.42 5375.44 407.064 0 -8.52062
1034.25 5376.59 407.048 0 -8.52062
1034.08 5377.74 407.032 0 -8.52062
1033.91 5378.88 407.015 0 -8.52148
1033.74 5380.01 406.999 0 -8.52148
1033.57 5381.14 406.983 0 -8.52148
1033.4 5382.27 406.967 0 -8.52148
1033.23 5383.39 406.951 0 -8.52148
1033.06 5384.52 406.935 0 -8.52148
1032.89 5385.65 406.919 0 -8.46839
1032.73 5386.77 406.903 0 -8.46839
1032.56 5387.88 406.887 0 -8.46839
1032.39 5389 406.871 0 -8.46839
1032.23 5390.12 406.856 0 -8.46839
1032.06 5391.24 406.84 0 -8.46839
1031.9 5392.36 406.824 0 -8.35104
1031.73 5393.48 406.808 0 -8.35104
1031.56 5394.61 406.792 0 -8.35104
1031.4 5395.74 406.776 0 -8.35104
1031.23 5396.86 406.76 0 -8.35104
1031.07 5397.99 406.744 0 -8.35104
1030.9 5399.12 406.728 0 -8.35335
1030.73 5400.27 406.711 0 -8.35335
1030.57 5401.42 406.695 0 -8.35335
1030.4 5402.57 406.679 0 -8.35893
1030.23 5403.71 406.662 0 -8.832
1030.05 5404.86 406.647 0 -8.832
1029.87 5406.01 406.633 0 -8.83572
1029.69 5407.17 406.618 0 -8.83572
1029.51 5408.32 406.603 0 -8.83572
1029.33 5409.48 406.588 0 -8.83572
1029.15 5410.64 406.573 0 -8.83572
1028.97 5411.8 406.558 0 -8.83572
1028.79 5412.95 406.543 0 -8.8325
1028.61 5414.11 406.528 0 -8.8325
1028.43 5415.26 406.513 0 -8.8325
1028.25 5416.41 406.498 0 -8.8325
1028.08 5417.56 406.483 0 -8.8325
1027.9 5418.72 406.469 0 -8.8325
1027.72 5419.87 406.454 0 -8.83523
1027.54 5421.02 406.439 0 -8.83523
1027.36 5422.17 406.424 0 -8.83523
1027.18 5423.33 406.409 0 -8.83523
1027 5424.48 406.394 0 -8.83523
1026.82 5425.63 406.379 0 -8.83523
1026.64 5426.78 406.364 0 -8.8325
1026.46 5427.94 406.35 0 -8.8325
1026.28 5429.09 406.335 0 -8.8325
1026.1 5430.24 406.32 0 -8.8325
1025.93 5431.39 406.305 0 -8.8325
1025.75 5432.55 406.29 0 -8.8325
1025.57 5433.7 406.275 0 -8.83247
1025.39 5434.85 406.26 0 -8.83247
1025.21 5436 406.245 0 -9.12183
1025.02 5437.16 406.232 0 -9.31086
1024.84 5438.31 406.218 0 -9.31086
1024.65 5439.46 406.205 0 -9.31086
1024.46 5440.61 406.192 0 -9.31362
1024.27 5441.76 406.178 0 -9.31362
1024.08 5442.91 406.165 0 -9.31362
1023.89 5444.06 406.152 0 -9.31362
1023.7 5445.21 406.139 0 -9.31362
1023.51 5446.36 406.125 0 -9.31362
1023.33 5447.51 406.112 0 -9.31089
1023.14 5448.66 406.099 0 -9.31089
1022.95 5449.82 406.086 0 -9.31089
1022.76 5450.97 406.072 0 -9.31089
1022.57 5452.12 406.059 0 -9.31089
1022.38 5453.27 406.046 0 -9.31089
1022.19 5454.42 406.033 0 -9.31359
1022.01 5455.57 406.019 0 -9.31359
1021.82 5456.72 406.006 0 -9.31359
1021.63 5457.87 405.993 0 -9.31359
1021.44 5459.02 405.98 0 -9.31359
1021.25 5460.17 405.966 0 -9.31359
1021.06 5461.32 405.953 0 -9.31362
1020.87 5462.47 405.94 0 -9.31362
1020.68 5463.63 405.926 0 -9.31362
1020.5 5464.78 405.913 0 -9.31362
1020.31 5465.93 405.9 0 -9.31362
1020.12 5467.08 405.887 0 -9.31362
1019.93 5468.23 405.873 0 -9.39002
1019.74 5469.38 405.86 0 -9.78623
1019.54 5470.53 405.849 0 -9.78623
1019.34 5471.68 405.837 0 -9.78623
1019.14 5472.83 405.826 0 -9.78623
1018.95 5473.98 405.814 0 -9.78623
1018.75 5475.13 405.803 0 -9.79166
1018.55 5476.28 405.791 0 -9.79166
1018.35 5477.43 405.78 0 -9.79166
1018.15 5478.57 405.768 0 -9.79166
1017.95 5479.72 405.756 0 -9.79166
1017.76 5480.87 405.745 0 -9.79166
1017.56 5482.02 405.733 0 -9.78896
1017.36 5483.17 405.722 0 -9.78896
1017.16 5484.32 405.71 0 -9.78896
1016.96 5485.47 405.699 0 -9.78896
1016.76 5486.62 405.687 0 -9.78896
1016.57 5487.77 405.675 0 -9.78896
1016.37 5488.92 405.664 0 -9.79176
1016.17 5490.07 405.652 0 -9.79176
1015.97 5491.22 405.641 0 -9.79176
1015.77 5492.37 405.629 0 -9.79176
1015.57 5493.52 405.618 0 -9.79176
1015.38 5494.67 405.606 0 -9.79176
1015.18 5495.82 405.595 0 -9.8082
1014.98 5496.97 405.583 0 -9.8082
1014.78 5498.12 405.571 0 -9.80821
1014.58 5499.27 405.56 0 -9.80821
1014.38 5500.42 405.548 0 -9.80821
1014.18 5501.57 405.537 0 -10.1616
1013.98 5502.72 405.526 0 -10.223
1013.77 5503.87 405.517 0 -10.223
1013.56 5505.02 405.507 0 -10.223
1013.35 5506.17 405.497 0 -10.223
1013.15 5507.32 405.487 0 -10.223
1012.94 5508.46 405.478 0 -10.223
1012.73 5509.61 405.468 0 -10.1752
1012.53 5510.75 405.458 0 -10.1752
1012.32 5511.89 405.448 0 -10.1752
1012.12 5513.03 405.439 0 -10.1752
1011.91 5514.17 405.429 0 -10.1752
1011.71 5515.31 405.419 0 -10.1752
1011.51 5516.45 405.41 0 -10.276
1011.3 5517.58 405.4 0 -10.276
1011.1 5518.72 405.39 0 -10.276
1010.89 5519.85 405.381 0 -10.276
1010.69 5520.98 405.371 0 -10.276
1010.48 5522.11 405.361 0 -10.276
1010.27 5523.24 405.352 0 -10.4686
1010.07 5524.35 405.342 0 -10.4686
1009.86 5525.46 405.333 0 -10.4686
1009.66 5526.57 405.323 0 -10.4686
1009.45 5527.68 405.314 0 -10.4686
1009.25 5528.79 405.305 0 -10.4686
1009.04 5529.9 405.295 0 -10.6786
1008.84 5530.98 405.286 0 -10.6786
1008.64 5532.07 405.277 0 -10.6786
1008.43 5533.15 405.267 0 -10.6786
1008.23 5534.23 405.258 0 -11.0274
1008.02 5535.31 405.25 0 -11.1558
1007.8 5536.4 405.243 0 -11.1318
1007.59 5537.47 405.235 0 -11.1318
1007.38 5538.54 405.228 0 -11.1318
1007.17 5539.61 405.221 0 -11.1318
1006.96 5540.69 405.213 0 -11.1318
1006.75 5541.76 405.206 0 -11.1318
1006.54 5542.83 405.198 0 -11.0375
1006.33 5543.92 405.191 0 -11.0375
1006.11 5545 405.184 0 -11.0375
1005.9 5546.08 405.176 0 -11.0375
1005.69 5547.16 405.169 0 -11.0375
1005.48 5548.24 405.161 0 -11.0375
1005.27 5549.32 405.154 0 -11.0343
1005.06 5550.42 405.146 0 -11.0343
1004.84 5551.52 405.139 0 -11.0343
1004.63 5552.62 405.131 0 -11.0343
1004.41 5553.72 405.124 0 -11.0343
1004.2 5554.82 405.116 0 -11.0343
1003.98 5555.93 405.108 0 -11.033
1003.77 5557.03 405.101 0 -11.033
1003.55 5558.14 405.093 0 -11.033
1003.33 5559.25 405.085 0 -11.033
1003.12 5560.36 405.078 0 -11.033
1002.9 5561.47 405.07 0 -11.033
1002.69 5562.58 405.063 0 -11.0365
1002.47 5563.69 405.055 0 -11.0365
1002.25 5564.79 405.047 0 -11.0365
1002.04 5565.9 405.04 0 -11.0365
1001.82 5567 405.032 0 -11.4656
1001.6 5568.1 405.026 0 -11.5132
1001.38 5569.21 405.021 0 -11.5104
1001.15 5570.31 405.015 0 -11.5104
1000.93 5571.41 405.009 0 -11.5104
1000.7 5572.52 405.003 0 -11.5104
1000.48 5573.62 404.998 0 -11.5104
1000.25 5574.72 404.992 0 -11.5104
1000.03 5575.82 404.986 0 -11.5104
999.803 5576.93 404.981 0 -11.5104
999.578 5578.03 404.975 0 -11.5104
999.354 5579.13 404.969 0 -11.5104
999.129 5580.24 404.963 0 -11.5104
998.905 5581.34 404.958 0 -11.5104
998.68 5582.44 404.952 0 -11.5104
998.455 5583.55 404.946 0 -11.5104
998.231 5584.65 404.941 0 -11.5104
998.006 5585.75 404.935 0 -11.5104
997.781 5586.86 404.929 0 -11.5104
997.557 5587.96 404.924 0 -11.5104
997.332 5589.06 404.918 0 -11.5103
997.107 5590.17 404.912 0 -11.5103
996.883 5591.27 404.906 0 -11.5103
996.658 5592.37 404.901 0 -11.5103
996.433 5593.48 404.895 0 -11.5103
996.208 5594.58 404.889 0 -11.5103
995.984 5595.68 404.884 0 -11.5104
995.759 5596.79 404.878 0 -11.5104
995.535 5597.89 404.872 0 -11.5104
995.31 5598.99 404.867 0 -11.696
995.082 5600.09 404.862 0 -11.9865
994.848 5601.2 404.858 0 -11.9865
994.614 5602.3 404.854 0 -11.9865
994.38 5603.4 404.85 0 -11.9865
994.147 5604.5 404.847 0 -11.9865
993.913 5605.6 404.843 0 -11.9865
993.679 5606.7 404.839 0 -11.9865
993.445 5607.8 404.836 0 -11.9865
993.212 5608.9 404.832 0 -11.9893
992.978 5610 404.828 0 -11.9893
992.744 5611.1 404.824 0 -11.9893
992.51 5612.21 404.821 0 -11.9893
992.276 5613.31 404.817 0 -11.9893
992.042 5614.41 404.813 0 -11.9893
991.809 5615.51 404.81 0 -11.9866
991.575 5616.61 404.806 0 -11.9866
991.341 5617.71 404.802 0 -11.9866
991.108 5618.81 404.798 0 -11.9866
990.874 5619.91 404.795 0 -11.9866
990.641 5621.01 404.791 0 -11.9866
990.407 5622.11 404.787 0 -11.9861
990.173 5623.21 404.784 0 -11.9861
989.938 5624.32 404.78 0 -11.9861
989.704 5625.42 404.776 0 -11.9861
989.47 5626.53 404.772 0 -11.9861
989.236 5627.63 404.769 0 -11.9861
989.001 5628.73 404.765 0 -11.9854
988.766 5629.84 404.761 0 -11.9854
988.531 5630.95 404.758 0 -11.9854
988.295 5632.06 404.754 0 -12.5069
988.05 5633.16 404.756 0 -12.4051
987.806 5634.27 404.756 0 -12.4051
987.563 5635.38 404.756 0 -12.3865
987.322 5636.48 404.756 0 -12.3865
987.08 5637.58 404.756 0 -12.3865
986.839 5638.68 404.756 0 -12.3865
986.597 5639.77 404.757 0 -12.3865
986.356 5640.87 404.757 0 -12.3865
986.115 5641.97 404.757 0 -12.2512
985.883 5643.04 404.757 0 -12.2512
985.652 5644.1 404.757 0 -12.2512
985.421 5645.17 404.757 0 -12.2512
985.189 5646.23 404.757 0 -12.2512
984.958 5647.3 404.757 0 -12.2512
984.727 5648.36 404.758 0 -12.3777
984.504 5649.38 404.758 0 -12.3777
984.281 5650.39 404.758 0 -12.3777
984.058 5651.41 404.758 0 -12.3777
983.835 5652.43 404.758 0 -12.3777
983.613 5653.44 404.758 0 -12.3777
983.39 5654.46 404.758 0 -12.4364
983.177 5655.42 404.758 0 -12.4364
982.964 5656.39 404.758 0 -12.4364
982.751 5657.35 404.759 0 -12.4364
982.538 5658.32 404.759 0 -12.4364
982.324 5659.29 404.759 0 -12.4364
982.111 5660.25 404.759 0 -12.186
981.914 5661.17 404.759 0 -12.186
981.717 5662.08 404.759 0 -12.186
981.52 5662.99 404.759 0 -12.186
981.323 5663.9 404.759 0 -12.3294
981.124 5664.81 404.76 0 -12.6872
980.919 5665.73 404.761 0 -12.2381
980.727 5666.61 404.762 0 -12.2381
980.536 5667.49 404.763 0 -12.2381
980.344 5668.37 404.764 0 -12.2381
980.153 5669.26 404.766 0 -12.2382
979.961 5670.14 404.767 0 -12.2382
979.77 5671.02 404.768 0 -12.04
979.575 5671.94 404.769 0 -12.04
979.38 5672.85 404.77 0 -12.0401
979.185 5673.76 404.772 0 -12.0401
978.99 5674.68 404.773 0 -12.0401
978.795 5675.59 404.774 0 -12.0401
978.6 5676.51 404.775 0 -12.1048
978.393 5677.47 404.777 0 -12.1048
978.185 5678.44 404.778 0 -12.1048
977.977 5679.41 404.779 0 -12.1048
977.77 5680.38 404.78 0 -12.1049
977.562 5681.35 404.782 0 -12.1049
977.354 5682.32 404.783 0 -12.1207
977.142 5683.3 404.784 0 -12.1207
976.93 5684.29 404.786 0 -12.1207
976.718 5685.28 404.787 0 -12.1207
976.506 5686.27 404.788 0 -12.1207
976.293 5687.26 404.79 0 -12.1207
976.081 5688.24 404.791 0 -12.1061
975.872 5689.22 404.792 0 -12.1061
975.663 5690.19 404.793 0 -12.1061
975.454 5691.17 404.795 0 -12.1061
975.245 5692.14 404.796 0 -12.1061
975.036 5693.12 404.797 0 -12.1061
974.826 5694.09 404.799 0 -12.1129
974.617 5695.07 404.8 0 -12.1129
974.408 5696.05 404.801 0 -12.1129
974.198 5697.02 404.803 0 -12.1954
973.987 5698 404.804 0 -12.6125
973.769 5698.97 404.806 0 -12.6125
973.552 5699.94 404.809 0 -12.6091
973.334 5700.92 404.811 0 -12.6091
973.116 5701.89 404.813 0 -12.6091
972.898 5702.86 404.816 0 -12.6091
972.681 5703.84 404.818 0 -12.6091
972.463 5704.81 404.82 0 -12.6091
972.245 5705.79 404.823 0 -12.6093
972.027 5706.76 404.825 0 -12.6093
971.809 5707.73 404.827 0 -12.6093
971.591 5708.71 404.83 0 -12.6093
971.374 5709.68 404.832 0 -12.6093
971.156 5710.65 404.834 0 -12.6094
970.938 5711.63 404.837 0 -12.6096
970.72 5712.6 404.839 0 -12.6096
970.502 5713.58 404.841 0 -12.6096
970.284 5714.55 404.844 0 -12.6096
970.066 5715.53 404.846 0 -12.6096
969.848 5716.5 404.848 0 -12.6096
969.63 5717.47 404.851 0 -12.6081
969.413 5718.45 404.853 0 -12.6081
969.196 5719.42 404.855 0 -12.6081
968.978 5720.39 404.858 0 -12.6081
968.761 5721.36 404.86 0 -12.6081
968.543 5722.33 404.862 0 -12.6081
968.326 5723.31 404.865 0 -12.609
968.109 5724.27 404.867 0 -12.609
967.893 5725.24 404.869 0 -12.609
967.676 5726.21 404.872 0 -12.609
967.459 5727.18 404.874 0 -12.609
967.243 5728.15 404.876 0 -12.6091
967.026 5729.12 404.879 0 -12.5869
966.809 5730.09 404.881 0 -12.5869
966.591 5731.06 404.883 0 -13.0835
966.365 5732.04 404.887 0 -13.0848
966.14 5733.01 404.89 0 -13.0848
965.914 5733.98 404.893 0 -13.0848
965.688 5734.95 404.896 0 -13.3307
965.452 5735.94 404.9 0 -13.3307
965.217 5736.94 404.903 0 -13.3307
964.981 5737.93 404.906 0 -13.3307
964.745 5738.93 404.909 0 -13.3307
964.51 5739.92 404.913 0 -13.3307
964.274 5740.92 404.916 0 -13.3878
964.026 5741.96 404.92 0 -13.3878
963.778 5743 404.923 0 -13.3878
963.53 5744.04 404.927 0 -13.3878
963.282 5745.09 404.93 0 -13.3878
963.034 5746.13 404.933 0 -13.3878
962.786 5747.17 404.937 0 -13.3995
962.529 5748.25 404.941 0 -13.3995
962.272 5749.33 404.944 0 -13.3995
962.015 5750.41 404.948 0 -13.3995
961.758 5751.49 404.951 0 -13.3995
961.501 5752.56 404.955 0 -13.3996
961.244 5753.64 404.959 0 -13.4557
960.973 5754.77 404.962 0 -13.4557
960.703 5755.9 404.966 0 -13.4557
960.433 5757.03 404.97 0 -13.4557
960.163 5758.16 404.974 0 -13.4557
959.892 5759.29 404.977 0 -13.4558
959.622 5760.42 404.981 0 -13.5656
959.344 5761.57 404.985 0 -13.5656
959.067 5762.72 404.989 0 -13.5656
958.79 5763.87 404.993 0 -13.9192
958.505 5765.02 404.997 0 -14.0619
958.218 5766.17 405.002 0 -14.0619
957.93 5767.31 405.007 0 -14.2314
957.643 5768.45 405.011 0 -14.2314
957.355 5769.58 405.016 0 -14.2314
957.067 5770.72 405.021 0 -14.2314
956.779 5771.85 405.025 0 -14.2314
956.492 5772.99 405.03 0 -14.2314
956.204 5774.12 405.035 0 -14.5859
955.916 5775.23 405.039 0 -14.5859
955.629 5776.33 405.044 0 -14.5859
955.342 5777.43 405.048 0 -14.5859
955.055 5778.54 405.053 0 -14.5859
954.767 5779.64 405.058 0 -14.5859
954.48 5780.74 405.062 0 -14.7522
954.194 5781.83 405.067 0 -14.7522
953.907 5782.92 405.071 0 -14.7522
953.621 5784.01 405.076 0 -14.7522
953.334 5785.1 405.08 0 -14.7522
953.048 5786.18 405.085 0 -14.7522
952.761 5787.27 405.089 0 -14.589
952.474 5788.38 405.094 0 -14.589
952.187 5789.48 405.098 0 -14.589
951.9 5790.58 405.103 0 -14.589
951.613 5791.68 405.107 0 -14.589
951.326 5792.79 405.112 0 -14.589
951.039 5793.89 405.117 0 -14.2205
950.753 5795.02 405.121 0 -14.2205
950.467 5796.15 405.126 0 -14.2572
950.181 5797.27 405.131 0 -14.7149
949.885 5798.4 405.136 0 -14.7149
949.589 5799.53 405.141 0 -14.7149
949.294 5800.65 405.147 0 -14.5773
948.997 5801.79 405.152 0 -14.5773
948.7 5802.93 405.158 0 -14.5773
948.404 5804.07 405.163 0 -14.5773
948.107 5805.21 405.169 0 -14.5773
947.811 5806.35 405.174 0 -14.5773
947.514 5807.49 405.18 0 -14.7096
947.215 5808.63 405.185 0 -14.7096
946.917 5809.77 405.19 0 -14.7096
946.618 5810.91 405.196 0 -14.7096
946.319 5812.05 405.201 0 -14.7096
946.02 5813.18 405.207 0 -14.7096
945.722 5814.32 405.212 0 -14.7449
945.424 5815.45 405.218 0 -14.7449
945.127 5816.58 405.223 0 -14.7449
944.829 5817.71 405.228 0 -14.7449
944.532 5818.84 405.234 0 -14.7449
944.234 5819.97 405.239 0 -14.7449
943.937 5821.1 405.245 0 -14.7505
943.64 5822.23 405.25 0 -14.7505
943.344 5823.36 405.255 0 -14.7505
943.047 5824.48 405.261 0 -14.7505
942.75 5825.61 405.266 0 -14.7505
942.454 5826.74 405.272 0 -14.7505
942.157 5827.86 405.277 0 -14.7477
941.86 5828.99 405.282 0 -14.7477
941.563 5830.12 405.288 0 -15.2243
941.257 5831.24 405.294 0 -15.2403
940.951 5832.37 405.3 0 -15.2403
940.644 5833.49 405.306 0 -15.2403
940.338 5834.62 405.312 0 -15.2375
940.031 5835.74 405.318 0 -15.2375
939.724 5836.87 405.324 0 -15.2375
939.418 5838 405.33 0 -15.2375
939.111 5839.12 405.335 0 -15.2375
938.805 5840.25 405.341 0 -15.2375
938.498 5841.37 405.347 0 -15.2403
938.191 5842.5 405.353 0 -15.2403
937.885 5843.62 405.359 0 -15.2403
937.578 5844.75 405.365 0 -15.2403
937.271 5845.87 405.371 0 -15.2403
936.965 5847 405.377 0 -15.2403
936.658 5848.13 405.383 0 -15.2348
936.351 5849.25 405.389 0 -15.2348
936.045 5850.38 405.395 0 -15.2348
935.738 5851.5 405.401 0 -15.2348
935.432 5852.63 405.407 0 -15.2348
935.125 5853.75 405.413 0 -15.2348
934.819 5854.88 405.419 0 -15.2403
934.512 5856.01 405.425 0 -15.2403
934.205 5857.13 405.431 0 -15.2403
933.899 5858.26 405.437 0 -15.2403
933.592 5859.38 405.443 0 -15.2403
933.285 5860.51 405.449 0 -15.2403
932.979 5861.63 405.455 0 -15.2403
932.672 5862.76 405.461 0 -15.603
932.358 5863.88 405.467 0 -15.7309
932.042 5865.01 405.473 0 -15.7309
931.726 5866.13 405.48 0 -15.7309
931.409 5867.25 405.486 0 -15.7309
931.093 5868.37 405.492 0 -15.7254
930.777 5869.5 405.499 0 -15.7254
930.461 5870.62 405.505 0 -15.7254
930.145 5871.74 405.511 0 -15.7254
929.828 5872.87 405.518 0 -15.7254
929.512 5873.99 405.524 0 -15.7254
929.196 5875.11 405.531 0 -15.728
928.877 5876.24 405.537 0 -15.728
928.559 5877.37 405.543 0 -15.728
928.241 5878.5 405.55 0 -15.728
927.922 5879.64 405.556 0 -15.728
927.604 5880.77 405.563 0 -15.728
927.285 5881.9 405.569 0 -15.731
926.971 5883.01 405.575 0 -15.731
926.657 5884.13 405.582 0 -15.731
926.343 5885.24 405.588 0 -15.731
926.029 5886.36 405.594 0 -15.731
925.714 5887.47 405.601 0 -15.731
925.4 5888.59 405.607 0 -15.729
925.095 5889.67 405.613 0 -15.729
924.79 5890.75 405.619 0 -15.729
924.485 5891.84 405.625 0 -15.729
924.18 5892.92 405.631 0 -15.729
923.876 5894 405.638 0 -15.729
923.571 5895.09 405.644 0 -15.6535
923.271 5896.15 405.65 0 -16.02
922.965 5897.22 405.656 0 -16.02
922.658 5898.29 405.662 0 -16.02
922.352 5899.36 405.669 0 -16.02
922.045 5900.42 405.675 0 -16.02
921.739 5901.49 405.681 0 -15.9815
921.431 5902.57 405.688 0 -15.9815
921.123 5903.64 405.694 0 -15.9815
920.815 5904.72 405.7 0 -15.9815
920.507 5905.79 405.707 0 -15.9815
920.199 5906.87 405.713 0 -15.9815
919.891 5907.94 405.719 0 -15.9911
919.573 5909.05 405.726 0 -15.9911
919.254 5910.16 405.732 0 -15.9911
918.936 5911.28 405.739 0 -15.9911
918.618 5912.39 405.745 0 -15.9911
918.299 5913.5 405.752 0 -15.9911
917.981 5914.61 405.758 0 -16.0961
917.65 5915.75 405.765 0 -16.0961
917.32 5916.9 405.772 0 -16.0961
916.99 5918.04 405.779 0 -16.0961
916.659 5919.19 405.785 0 -16.0961
916.329 5920.33 405.792 0 -16.0961
915.998 5921.48 405.799 0 -16.0474
915.658 5922.66 405.806 0 -16.0474
915.318 5923.84 405.813 0 -16.0474
914.978 5925.03 405.82 0 -16.0474
914.638 5926.21 405.827 0 -16.0474
914.298 5927.39 405.834 0 -16.0474
913.958 5928.57 405.841 0 -16.3728
913.6 5929.79 405.848 0 -16.4206
913.241 5931.01 405.855 0 -16.4206
912.882 5932.23 405.862 0 -16.4206
912.524 5933.44 405.87 0 -16.4206
912.165 5934.66 405.877 0 -16.4206
911.806 5935.88 405.884 0 -16.3814
911.435 5937.14 405.892 0 -16.3814
911.064 5938.4 405.899 0 -16.3814
910.693 5939.66 405.907 0 -16.3814
910.322 5940.93 405.914 0 -16.3814
909.951 5942.19 405.922 0 -16.3814
909.58 5943.45 405.929 0 -16.4766
909.201 5944.73 405.937 0 -16.4766
908.822 5946.01 405.945 0 -16.4766
908.443 5947.29 405.952 0 -16.4766
908.064 5948.58 405.96 0 -16.4766
907.685 5949.86 405.968 0 -16.4766
907.306 5951.14 405.975 0 -16.4792
906.927 5952.42 405.983 0 -16.4792
906.547 5953.7 405.99 0 -16.4792
906.168 5954.99 405.998 0 -16.4792
905.788 5956.27 406.006 0 -16.4792
905.409 5957.55 406.013 0 -16.4792
905.029 5958.84 406.021 0 -16.4766
904.65 5960.12 406.029 0 -16.4766
904.271 5961.4 406.036 0 -16.607
903.89 5962.68 405.946 0 -16.5921
903.509 5963.96 405.926 0 -16.5849
903.127 5965.24 405.926 0 -16.6174
902.745 5966.52 405.941 0 -16.6909
902.361 5967.8 405.964 0 -16.8
901.974 5969.08 405.99 0 -16.9459
901.585 5970.36 406.012 0 -17.1286
901.191 5971.64 406.026 0 -16.8589
900.803 5972.92 406.034 0 -16.8002
900.416 5974.2 406.042 0 -16.811
900.032 5975.47 406.049 0 -16.811
899.647 5976.74 406.056 0 -16.811
899.262 5978.02 406.063 0 -16.811
898.877 5979.29 406.07 0 -16.811
898.493 5980.56 406.077 0 -16.811
898.108 5981.84 406.084 0 -16.7967
897.729 5983.09 406.091 0 -16.9722
897.346 5984.35 406.097 0 -16.9722
896.963 5985.6 406.103 0 -16.9722
896.58 5986.86 406.11 0 -16.9722
896.197 5988.11 406.116 0 -16.9722
895.814 5989.37 406.122 0 -16.9835
895.435 5990.61 406.128 0 -16.9835
895.057 5991.85 406.135 0 -16.9835
894.678 5993.08 406.141 0 -17.105
894.297 5994.32 406.147 0 -17.1959
893.914 5995.56 406.152 0 -17.1959
893.531 5996.8 406.158 0 -17.4833
893.141 5998.04 406.164 0 -17.4833
892.752 5999.27 406.17 0 -17.4833
892.362 6000.51 406.175 0 -17.4833
891.972 6001.75 406.181 0 -17.4833
891.582 6002.99 406.187 0 -17.4833
891.193 6004.22 406.192 0 -17.7276
890.789 6005.49 406.198 0 -17.762
890.384 6006.75 406.204 0 -17.762
889.98 6008.01 406.209 0 -17.762
889.575 6009.27 406.215 0 -17.762
889.171 6010.54 406.221 0 -17.762
888.766 6011.8 406.226 0 -17.7939
888.35 6013.1 406.232 0 -17.7939
887.934 6014.39 406.238 0 -17.8401
887.516 6015.69 406.244 0 -17.943
887.097 6016.99 406.249 0 -17.943
886.677 6018.28 406.255 0 -17.943
886.258 6019.58 406.261 0 -18.0986
885.827 6020.9 406.267 0 -18.0986
885.396 6022.21 406.273 0 -18.0987
884.965 6023.53 406.279 0 -18.0987
884.534 6024.85 406.285 0 -18.1051
884.103 6026.17 406.291 0 -18.2161
883.67 6027.49 406.297 0 -18.2184
883.233 6028.81 406.304 0 -18.2184
882.796 6030.14 406.31 0 -18.2184
882.359 6031.47 406.316 0 -18.2184
881.922 6032.8 406.323 0 -18.2184
881.485 6034.12 406.329 0 -18.2184
881.049 6035.45 406.335 0 -18.2165
880.612 6036.78 406.342 0 -18.2948
880.174 6038.1 406.349 0 -18.3024
879.736 6039.43 406.356 0 -18.3024
879.298 6040.75 406.363 0 -18.3024
878.86 6042.08 406.37 0 -18.3024
878.421 6043.4 406.377 0 -18.3031
877.984 6044.72 406.384 0 -18.3031
877.547 6046.04 406.391 0 -18.3031
877.11 6047.37 406.398 0 -18.3443
876.671 6048.69 406.406 0 -18.3573
876.233 6050.01 406.413 0 -18.3573
875.794 6051.33 406.421 0 -18.3595
875.356 6052.65 406.429 0 -18.3595
874.917 6053.98 406.437 0 -18.3595
874.478 6055.3 406.445 0 -18.3595
874.039 6056.62 406.453 0 -18.3595
873.601 6057.94 406.461 0 -18.3731
873.161 6059.26 406.47 0 -18.3821
872.722 6060.59 406.479 0 -18.3821
872.283 6061.91 406.488 0 -18.3821
871.844 6063.23 406.497 0 -18.3821
871.404 6064.55 406.506 0 -18.3821
870.965 6065.87 406.516 0 -18.3821
870.526 6067.19 406.525 0 -18.3821
870.086 6068.52 406.534 0 -18.3781
869.647 6069.84 406.544 0 -18.3731
869.208 6071.16 406.554 0 -18.3731
868.769 6072.48 406.565 0 -18.3731
868.33 6073.8 406.576 0 -18.3731
867.891 6075.13 406.587 0 -18.3686
867.452 6076.45 406.597 0 -18.3686
867.013 6077.77 406.608 0 -18.3686
866.574 6079.09 406.619 0 -18.4119
866.134 6080.41 406.624 0 -18.427
865.694 6081.74 406.626 0 -18.427
865.254 6083.06 406.628 0 -18.4316
864.813 6084.38 406.631 0 -18.4316
864.373 6085.7 406.633 0 -18.4316
863.933 6087.02 406.636 0 -18.4316
863.492 6088.34 406.638 0 -18.4316
863.052 6089.66 406.641 0 -18.4396
862.611 6090.98 406.644 0 -18.4432
862.171 6092.31 406.648 0 -18.4432
861.73 6093.63 406.652 0 -18.4432
861.289 6094.95 406.656 0 -18.4432
860.849 6096.27 406.66 0 -18.4432
860.408 6097.59 406.664 0 -18.4432
859.967 6098.91 406.668 0 -18.4432
859.526 6100.23 406.672 0 -18.4482
859.086 6101.56 406.677 0 -18.4501
858.645 6102.88 406.682 0 -18.4501
858.204 6104.2 406.687 0 -18.4501
857.763 6105.52 406.692 0 -18.4501
857.322 6106.84 406.697 0 -18.4478
856.881 6108.16 406.703 0 -18.4478
856.441 6109.48 406.708 0 -18.4478
856 6110.81 406.713 0 -18.4494
855.559 6112.13 406.719 0 -18.45
855.118 6113.45 406.725 0 -18.45
854.677 6114.77 406.731 0 -18.4522
854.236 6116.09 406.737 0 -18.4522
853.795 6117.41 406.743 0 -18.4522
853.354 6118.74 406.749 0 -18.4522
852.913 6120.06 406.755 0 -18.4522
852.472 6121.38 406.761 0 -18.4501
852.031 6122.7 406.767 0 -18.4474
851.59 6124.02 406.774 0 -18.4474
851.15 6125.34 406.78 0 -18.4474
850.709 6126.66 406.787 0 -18.4474
850.268 6127.99 406.793 0 -18.4474
849.828 6129.31 406.8 0 -18.4474
849.387 6130.63 406.806 0 -18.4507
848.948 6131.94 406.813 0 -18.4447
848.509 6133.26 406.819 0 -18.4433
848.069 6134.58 406.826 0 -18.4433
847.63 6135.89 406.832 0 -18.4433
847.191 6137.21 406.839 0 -18.4433
846.752 6138.53 406.846 0 -18.4558
846.311 6139.85 406.852 0 -18.4558
845.87 6141.17 406.859 0 -18.4558
845.429 6142.49 406.866 0 -18.4459
844.988 6143.81 406.872 0 -18.4436
844.548 6145.14 406.879 0 -18.4436
844.107 6146.46 406.885 0 -18.4473
843.665 6147.78 406.891 0 -18.4473
843.223 6149.11 406.898 0 -18.4473
842.781 6150.43 406.904 0 -18.4473
842.339 6151.76 406.911 0 -18.4473
841.897 6153.08 406.917 0 -18.4326
841.455 6154.41 406.923 0 -18.31
841.012 6155.75 406.929 0 -18.31
840.57 6157.08 406.935 0 -18.31
840.127 6158.42 406.941 0 -18.31
839.684 6159.76 406.947 0 -18.31
839.242 6161.1 406.953 0 -18.31
838.799 6162.43 406.959 0 -18.1021
838.351 6163.8 406.965 0 -18.0804
837.904 6165.17 406.97 0 -18.0804
837.457 6166.54 406.975 0 -18.0804
837.01 6167.91 406.98 0 -18.0804
836.563 6169.28 406.985 0 -18.0804
836.116 6170.65 406.99 0 -17.804
835.666 6172.05 406.996 0 -17.804
835.215 6173.46 407.001 0 -17.7945
834.764 6174.86 407.006 0 -17.7775
834.314 6176.26 407.01 0 -17.7775
833.864 6177.67 407.013 0 -17.7775
833.414 6179.07 407.017 1020149 -17.6913
832.958 6180.5 407.021 1020149 -17.6913
832.501 6181.93 407.025 1020149 -17.6913
832.045 6183.36 407.029 1020149 -17.6913
831.589 6184.79 407.033 1020149 -17.7444
831.131 6186.22 407.047 1030149 -17.7304
830.674 6187.65 407.059 1030149 -17.7964
830.213 6189.09 407.069 1030149 -17.8316
829.751 6190.53 407.077 1030149 -17.8356
829.289 6191.96 407.086 1030149 -17.8926
828.826 6193.4 407.092 1030149 -17.8926
828.363 6194.83 407.098 1030149 -17.9033
827.899 6196.27 407.103 0 -17.9295
827.438 6197.69 407.107 0 -17.9295
826.977 6199.12 407.112 0 -17.9147
826.516 6200.54 407.116 0 -17.9129
826.055 6201.97 407.119 0 -17.8965
825.595 6203.39 407.123 0 -17.8576
825.135 6204.82 407.127 0 -17.8555
824.676 6206.25 407.131 0 -17.7894
824.218 6207.67 407.136 0 -17.7615
823.76 6209.1 407.141 0 -17.7468
823.304 6210.53 407.146 0 -17.6286
822.85 6211.96 407.153 0 -17.6286
822.396 6213.39 407.16 0 -17.5398
821.944 6214.81 407.168 0 -17.4571
821.494 6216.24 407.178 0 -17.4571
821.045 6217.67 407.188 0 -17.2621
820.6 6219.11 407.202 0 -17.2467
820.155 6220.54 407.215 0 -17.8679
819.697 6221.96 407.222 0 -18.1428
819.23 6223.38 407.226 0 -18.1428
818.764 6224.81 407.231 0 -18.1028
818.298 6226.23 407.235 0 -17.9802
817.835 6227.66 407.24 0 -17.9802
817.372 6229.09 407.244 0 -17.9802
816.91 6230.51 407.248 0 -17.8694
816.45 6231.94 407.253 0 -17.8494
815.99 6233.36 407.257 0 -17.8494
815.531 6234.79 407.262 0 -17.8051
815.072 6236.22 407.266 0 -17.7504
814.615 6237.65 407.271 0 -17.7504
814.158 6239.07 407.276 0 -17.7451
813.701 6240.5 407.281 0 -17.681
813.246 6241.93 407.286 0 -17.681
812.791 6243.36 407.292 0 -17.681
812.335 6244.79 407.297 0 -17.6581
811.881 6246.22 407.303 0 -17.6456
811.426 6247.64 407.309 0 -17.6456
810.972 6249.07 407.315 0 -17.6447
810.517 6250.5 407.321 0 -17.642
810.063 6251.93 407.328 0 -17.642
809.609 6253.36 407.335 0 -17.642
809.154 6254.79 407.341 0 -17.6657
808.699 6256.22 407.349 0 -17.6742
808.245 6257.64 407.357 0 -17.6742
807.79 6259.07 407.365 0 -17.7004
807.334 6260.5 407.374 0 -17.7342
806.878 6261.92 407.383 0 -17.7342
806.422 6263.35 407.392 0 -17.737
805.965 6264.78 407.401 0 -17.8198
805.507 6266.2 407.412 0 -17.8198
805.048 6267.63 407.422 0 -17.8198
804.589 6269.06 407.433 0 -17.7701
804.132 6270.49 407.431 0 -17.7857
803.674 6271.91 407.429 0 -17.7692
803.216 6273.34 407.432 1050149 -17.7696
802.757 6274.77 407.438 1050149 -17.7582
802.298 6276.21 407.446 1050149 -17.7494
801.839 6277.64 407.456 1050149 -17.7424
801.381 6279.07 407.468 1050149 -17.7305
800.923 6280.51 407.481 1050149 -17.7274
800.465 6281.94 407.494 1050149 -17.663
800.007 6283.38 407.509 1050149 -17.663
799.55 6284.81 407.523 1050149 -17.647
799.093 6286.25 407.536 1050149 -17.6469
798.636 6287.69 407.549 1050149 -17.635
798.179 6289.12 407.559 1050149 -17.6321
797.722 6290.56 407.568 1050149 -17.7365
797.265 6291.99 407.574 1050149 -17.7313
796.808 6293.42 407.577 1050149 -17.7263
796.351 6294.85 407.578 1050149 -17.7192
795.894 6296.28 407.574 1050149 -17.7169
795.438 6297.71 407.568 1050149 -17.7085
794.981 6299.14 407.554 0 -18.0195
794.522 6300.55 407.548 0 -18.1723
794.059 6301.96 407.553 0 -18.1723
793.596 6303.37 407.557 0 -18.1723
793.133 6304.78 407.562 0 -18.1723
792.67 6306.19 407.567 0 -18.1723
792.207 6307.6 407.572 0 -18.2573
791.745 6309 407.577 0 -18.2018
791.284 6310.4 407.582 0 -18.2018
790.823 6311.81 407.588 0 -18.2018
790.362 6313.21 407.593 0 -18.2018
789.901 6314.61 407.599 0 -18.2018
789.44 6316.01 407.604 0 -18.0881
788.978 6317.43 407.61 0 -18.0585
788.517 6318.84 407.616 0 -18.0447
788.056 6320.25 407.622 0 -18.0447
787.595 6321.67 407.628 0 -18.0447
787.135 6323.08 407.634 0 -18.0447
786.674 6324.5 407.64 1060149 -17.8472
786.212 6325.93 407.646 1060149 -17.8348
785.75 6327.37 407.652 1060149 -17.8168
785.289 6328.8 407.659 1060149 -17.8168
784.828 6330.24 407.666 1060149 -17.8168
784.367 6331.67 407.672 1060149 -17.8168
783.906 6333.1 407.679 1060149 -17.8604
783.441 6334.55 407.685 1060149 -17.857
782.976 6335.99 407.692 1060149 -17.8431
782.512 6337.43 407.699 1060149 -17.8431
782.047 6338.88 407.705 1060149 -17.8431
781.583 6340.32 407.712 1060149 -17.8431
781.118 6341.76 407.719 1060149 -18.0804
780.649 6343.2 407.726 1060149 -18.0803
780.18 6344.64 407.732 1060149 -18.0761
779.711 6346.07 407.739 1060149 -18.0761
779.242 6347.51 407.746 1060149 -18.0761
778.773 6348.95 407.753 1060149 -18.0761
778.304 6350.38 407.76 1060149 -18.2182
777.835 6351.81 407.767 1060149 -18.2182
777.365 6353.24 407.773 1060149 -18.2253
776.896 6354.66 407.78 1060149 -18.227
776.426 6356.09 407.787 1060149 -18.227
775.956 6357.52 407.793 1060149 -18.227
775.487 6358.94 407.8 0 -18.2571
775.017 6360.36 407.807 0 -18.2571
774.548 6361.79 407.813 0 -18.2693
774.078 6363.21 407.82 0 -18.279
773.608 6364.63 407.826 0 -18.279
773.138 6366.06 407.833 0 -18.279
772.668 6367.48 407.839 0 -18.2513
772.199 6368.9 407.846 0 -18.2513
771.729 6370.33 407.852 0 -18.2619
771.26 6371.75 407.858 0 -18.2863
770.789 6373.17 407.864 0 -18.2863
770.319 6374.6 407.87 0 -18.2863
769.849 6376.02 407.876 1060149 -18.2861
769.378 6377.44 407.882 1060149 -18.2861
768.907 6378.87 407.888 1060149 -18.2887
768.436 6380.3 407.894 1060149 -18.3341
767.963 6381.72 407.9 1060149 -18.3341
767.491 6383.15 407.905 1060149 -18.3341
767.019 6384.57 407.911 1060149 -18.3467
766.546 6386 407.916 1060149 -18.3467
766.073 6387.42 407.922 1060149 -18.3467
765.6 6388.85 407.927 1060149 -18.1586
765.132 6390.28 407.933 1070149 -18.1907
764.663 6391.7 407.939 1070149 -18.1907
764.194 6393.13 407.945 0 -18.1658
763.727 6394.55 407.951 0 -18.1658
763.26 6395.98 407.957 0 -18.1658
762.794 6397.4 407.963 0 -18.1658
762.327 6398.82 407.969 0 -18.1658
761.86 6400.24 407.975 0 -18.1658
761.394 6401.66 407.981 0 -18.0254
760.934 6403.08 407.987 0 -18.1608
760.472 6404.49 407.993 0 -18.2103
760.008 6405.9 407.998 0 -18.2103
759.544 6407.31 408.004 0 -18.2103
759.08 6408.72 408.01 0 -18.2103
758.616 6410.13 408.016 0 0
