6.92297e-310 6.92297e-310 0 0 0
45.0704 3614.84 0 0 0
46.834 3618.68 0 0 0
46.834 3618.68 0 0 0
46.834 3618.68 0 0 0
46.834 3618.68 0 0 0
46.834 3618.68 0 0 0
46.834 3618.68 0 0 0
48.34 3622.52 0 0 0
48.34 3622.52 0 0 0
48.34 3622.52 0 0 0
48.34 3622.52 0 0 0
48.34 3622.52 0 0 0
48.34 3622.52 0 0 0
50.04 3626.35 0 0 0
50.04 3626.35 0 0 0
50.04 3626.35 0 0 0
50.04 3626.35 0 0 0
50.04 3626.35 0 0 0
50.04 3626.35 0 0 0
51.6322 3630.19 0 0 0
51.6322 3630.19 0 0 0
51.6322 3630.19 0 0 0
51.6322 3630.19 0 0 0
51.6322 3630.19 0 0 0
51.6322 3630.19 0 0 0
53.36 3634.02 0 0 0
53.36 3634.02 0 0 0
53.36 3634.02 0 0 0
53.36 3634.02 0 0 0
53.36 3634.02 0 0 0
53.36 3634.02 0 0 0
53.2801 3637.86 0 0 0
53.2801 3637.86 0 0 0
53.2801 3637.86 0 0 0
53.2801 3637.86 0 0 0
53.2801 3637.86 0 0 0
53.2801 3637.86 0 0 0
52.3001 3641.82 0 0 0
52.3001 3641.82 0 0 0
52.3001 3641.82 0 0 0
52.3001 3641.82 0 0 0
52.3001 3641.82 0 0 0
52.3001 3641.82 0 0 0
51.1303 3645.78 0 0 0
51.1303 3645.78 0 0 0
51.1303 3645.78 0 0 0
51.1303 3645.78 0 0 0
51.1303 3645.78 0 0 0
51.1303 3645.78 0 0 0
50.3204 3649.74 0 0 0
50.3204 3649.74 0 0 0
50.3204 3649.74 0 0 0
50.3204 3649.74 0 0 0
50.3204 3649.74 0 0 0
50.3204 3649.74 0 0 0
49.92 3653.7 0 0 0
49.92 3653.7 0 0 0
49.92 3653.7 0 0 0
49.92 3653.7 0 0 0
49.92 3653.7 0 0 0
49.92 3653.7 0 0 0
49.88 3657.66 0 0 0
49.88 3657.66 0 0 0
49.88 3657.66 0 0 0
49.88 3657.66 0 0 0
49.88 3657.66 0 0 0
49.88 3657.66 0 0 0
49.97 3661.63 0 0 0
49.97 3661.63 0 0 0
49.97 3661.63 0 0 0
49.97 3661.63 0 0 0
49.97 3661.63 0 0 0
49.97 3661.63 0 0 0
50.08 3665.72 0 0 0
50.08 3665.72 0 0 0
50.08 3665.72 0 0 0
50.08 3665.72 0 0 0
50.08 3665.72 0 0 0
50.08 3665.72 0 0 0
49.94 3669.81 0 0 0
49.94 3669.81 0 0 0
49.94 3669.81 0 0 0
49.94 3669.81 0 0 0
49.94 3669.81 0 0 0
49.94 3669.81 0 0 0
49.66 3673.9 0 0 0
49.66 3673.9 0 0 0
49.66 3673.9 0 0 0
49.66 3673.9 0 0 0
49.66 3673.9 0 0 0
49.66 3673.9 0 0 0
49.55 3677.99 0 0 0
49.55 3677.99 0 0 0
49.55 3677.99 0 0 0
49.55 3677.99 0 0 0
49.55 3677.99 0 0 0
49.55 3677.99 0 0 0
49.6603 3682.08 0 0 0
49.6603 3682.08 0 0 0
49.6603 3682.08 0 0 0
49.6603 3682.08 0 0 0
49.6603 3682.08 0 0 0
49.6603 3682.08 0 0 0
49.9303 3686.17 0 0 0
49.9303 3686.17 0 0 0
49.9303 3686.17 0 0 0
49.9303 3686.17 0 0 0
49.9303 3686.17 0 0 0
49.9303 3686.17 0 0 0
50.0703 3690.4 0 0 0
50.0703 3690.4 0 0 0
50.0703 3690.4 0 0 0
50.0703 3690.4 0 0 0
50.0703 3690.4 0 0 0
50.0703 3690.4 0 0 0
50.0003 3694.63 0 0 0
50.0003 3694.63 0 0 0
50.0003 3694.63 0 0 0
50.0003 3694.63 0 0 0
50.0003 3694.63 0 0 0
50.0003 3694.63 0 0 0
50.0003 3698.86 0 0 0
50.0003 3698.86 0 0 0
50.0003 3698.86 0 0 0
50.0003 3698.86 0 0 0
50.0003 3698.86 0 0 0
50.0003 3698.86 0 0 0
49.9903 3703.09 0 0 0
49.9903 3703.09 0 0 0
49.9903 3703.09 0 0 0
49.9903 3703.09 0 0 0
49.9903 3703.09 0 0 0
49.9903 3703.09 0 0 0
50.0003 3707.32 0 0 0
50.0003 3707.32 0 0 0
50.0003 3707.32 0 0 0
50.0003 3707.32 0 0 0
50.0003 3707.32 0 0 0
50.0003 3707.32 0 0 0
49.9803 3711.55 0 0 0
49.9803 3711.55 0 0 0
49.9803 3711.55 0 0 0
49.9803 3711.55 0 0 0
49.9803 3711.55 0 0 0
49.9803 3711.55 0 0 0
50.0503 3715.89 0 0 0
50.0503 3715.89 0 0 0
50.0503 3715.89 0 0 0
50.0503 3715.89 0 0 0
50.0503 3715.89 0 0 0
50.0503 3715.89 0 0 0
50.1703 3720.23 0 0 0
50.1703 3720.23 0 0 0
50.1703 3720.23 0 0 0
50.1703 3720.23 0 0 0
50.1703 3720.23 0 0 0
50.1703 3720.23 0 0 0
50.0703 3724.58 0 0 0
50.0703 3724.58 0 0 0
50.0703 3724.58 0 0 0
50.0703 3724.58 0 0 0
50.0703 3724.58 0 0 0
50.0703 3724.58 0 0 0
49.4533 3728.92 0 0 0
49.4533 3728.92 0 0 0
49.4533 3728.92 0 0 0
49.4533 3728.92 0 0 0
49.4533 3728.92 0 0 0
49.4533 3728.92 0 0 0
48.1416 3733.27 0 0 0
48.1416 3733.27 0 0 0
48.1416 3733.27 0 0 0
48.1416 3733.27 0 0 0
48.1416 3733.27 0 0 0
48.1416 3733.27 0 0 0
46.7511 3737.61 0 0 0
46.7511 3737.61 0 0 0
46.7511 3737.61 0 0 0
46.7511 3737.61 0 0 0
46.7511 3737.61 0 0 0
46.7511 3737.61 0 0 0
45.99 3741.96 0 0 0
45.99 3741.96 0 0 0
45.99 3741.96 0 0 0
45.99 3741.96 0 0 0
45.99 3741.96 0 0 0
45.99 3741.96 0 0 0
46.0603 3746.31 0 0 0
46.0603 3746.31 0 0 0
46.0603 3746.31 0 0 0
46.0603 3746.31 0 0 0
46.0603 3746.31 0 0 0
46.0603 3746.31 0 0 0
46.4802 3750.65 0 0 0
46.4802 3750.65 0 0 0
46.4802 3750.65 0 0 0
46.4802 3750.65 0 0 0
46.4802 3750.65 0 0 0
46.4802 3750.65 0 0 0
46.6802 3755 0 0 0
46.6802 3755 0 0 0
46.6802 3755 0 0 0
46.6802 3755 0 0 0
46.6802 3755 0 0 0
46.6802 3755 0 0 0
46.8003 3759.35 0 0 0
46.8003 3759.35 0 0 0
46.8003 3759.35 0 0 0
46.8003 3759.35 0 0 0
46.8003 3759.35 0 0 0
46.8003 3759.35 0 0 0
47.0302 3763.7 0 0 0
47.0302 3763.7 0 0 0
47.0302 3763.7 0 0 0
47.0302 3763.7 0 0 0
47.0302 3763.7 0 0 0
47.0302 3763.7 0 0 0
47.1903 3768.09 0 0 0
47.1903 3768.09 0 0 0
47.1903 3768.09 0 0 0
47.1903 3768.09 0 0 0
47.1903 3768.09 0 0 0
47.1903 3768.09 0 0 0
47.8202 3772.47 0 0 0
47.8202 3772.47 0 0 0
47.8202 3772.47 0 0 0
47.8202 3772.47 0 0 0
47.8202 3772.47 0 0 0
47.8202 3772.47 0 0 0
48.6303 3776.86 0 0 0
48.6303 3776.86 0 0 0
48.6303 3776.86 0 0 0
48.6303 3776.86 0 0 0
48.6303 3776.86 0 0 0
48.6303 3776.86 0 0 0
48.96 3781.25 0 0 0
48.96 3781.25 0 0 0
48.96 3781.25 0 0 0
48.96 3781.25 0 0 0
48.96 3781.25 0 0 0
48.96 3781.25 0 0 0
48.48 3785.64 0 0 0
48.48 3785.64 0 0 0
48.48 3785.64 0 0 0
48.48 3785.64 0 0 0
48.48 3785.64 0 0 0
48.48 3785.64 0 0 0
47.3406 3790.03 0 0 0
47.3406 3790.03 0 0 0
47.3406 3790.03 0 0 0
47.3406 3790.03 0 0 0
47.3406 3790.03 0 0 0
47.3406 3790.03 0 0 0
46.6901 3794.47 0 0 0
46.6901 3794.47 0 0 0
46.6901 3794.47 0 0 0
46.6901 3794.47 0 0 0
46.6901 3794.47 0 0 0
46.6901 3794.47 0 0 0
46.5001 3798.92 0 0 0
46.5001 3798.92 0 0 0
46.5001 3798.92 0 0 0
46.5001 3798.92 0 0 0
46.5001 3798.92 0 0 0
46.5001 3798.92 0 0 0
45.9501 3803.37 0 0 0
45.9501 3803.37 0 0 0
45.9501 3803.37 0 0 0
45.9501 3803.37 0 0 0
45.9501 3803.37 0 0 0
45.9501 3803.37 0 0 0
45.4307 3807.82 0 0 0
45.4307 3807.82 0 0 0
45.4307 3807.82 0 0 0
45.4307 3807.82 0 0 0
45.4307 3807.82 0 0 0
45.4307 3807.82 0 0 0
45.5526 3812.27 0 0 0
45.5526 3812.27 0 0 0
45.5526 3812.27 0 0 0
45.5526 3812.27 0 0 0
45.5526 3812.27 0 0 0
45.5526 3812.27 0 0 0
46.7912 3816.72 0 0 0
46.7912 3816.72 0 0 0
46.7912 3816.72 0 0 0
46.7912 3816.72 0 0 0
46.7912 3816.72 0 0 0
46.7912 3816.72 0 0 0
48.0302 3821.22 0 0 0
48.0302 3821.22 0 0 0
48.0302 3821.22 0 0 0
48.0302 3821.22 0 0 0
48.0302 3821.22 0 0 0
48.0302 3821.22 0 0 0
49.471 3825.72 0 0 0
49.471 3825.72 0 0 0
49.471 3825.72 0 0 0
49.471 3825.72 0 0 0
49.471 3825.72 0 0 0
49.471 3825.72 0 0 0
50.0701 3830.22 0 0 0
50.0701 3830.22 0 0 0
50.0701 3830.22 0 0 0
50.0701 3830.22 0 0 0
50.0701 3830.22 0 0 0
50.0701 3830.22 0 0 0
50.1601 3834.72 0 0 0
50.1601 3834.72 0 0 0
50.1601 3834.72 0 0 0
50.1601 3834.72 0 0 0
50.1601 3834.72 0 0 0
50.1601 3834.72 0 0 0
50.0501 3839.21 0 0 0
50.0501 3839.21 0 0 0
50.0501 3839.21 0 0 0
50.0501 3839.21 0 0 0
50.0501 3839.21 0 0 0
50.0501 3839.21 0 0 0
49.9801 3843.71 0 0 0
49.9801 3843.71 0 0 0
49.9801 3843.71 0 0 0
49.9801 3843.71 0 0 0
49.9801 3843.71 0 0 0
49.9801 3843.71 0 0 0
50.0001 3848.23 0 0 0
50.0001 3848.23 0 0 0
50.0001 3848.23 0 0 0
50.0001 3848.23 0 0 0
50.0001 3848.23 0 0 0
50.0001 3848.23 0 0 0
50.0001 3852.74 0 0 0
50.0001 3852.74 0 0 0
50.0001 3852.74 0 0 0
50.0001 3852.74 0 0 0
50.0001 3852.74 0 0 0
50.0001 3852.74 0 0 0
50.0101 3857.26 0 0 0
50.0101 3857.26 0 0 0
50.0101 3857.26 0 0 0
50.0101 3857.26 0 0 0
50.0101 3857.26 0 0 0
50.0101 3857.26 0 0 0
50.0001 3861.77 0 0 0
50.0001 3861.77 0 0 0
50.0001 3861.77 0 0 0
50.0001 3861.77 0 0 0
50.0001 3861.77 0 0 0
50.0001 3861.77 0 0 0
49.9801 3866.28 0 0 0
49.9801 3866.28 0 0 0
49.9801 3866.28 0 0 0
49.9801 3866.28 0 0 0
49.9801 3866.28 0 0 0
49.9801 3866.28 0 0 0
50.0401 3870.8 0 0 0
50.0401 3870.8 0 0 0
50.0401 3870.8 0 0 0
50.0401 3870.8 0 0 0
50.0401 3870.8 0 0 0
50.0401 3870.8 0 0 0
50.1501 3875.3 0 0 0
50.1501 3875.3 0 0 0
50.1501 3875.3 0 0 0
50.1501 3875.3 0 0 0
50.1501 3875.3 0 0 0
50.1501 3875.3 0 0 0
50.0001 3879.81 0 0 0
50.0001 3879.81 0 0 0
50.0001 3879.81 0 0 0
50.0001 3879.81 0 0 0
50.0001 3879.81 0 0 0
50.0001 3879.81 0 0 0
49.55 3884.31 0 0 0
49.55 3884.31 0 0 0
49.55 3884.31 0 0 0
49.55 3884.31 0 0 0
49.55 3884.31 0 0 0
49.55 3884.31 0 0 0
48.5706 3888.82 0 0 0
48.5706 3888.82 0 0 0
48.5706 3888.82 0 0 0
48.5706 3888.82 0 0 0
48.5706 3888.82 0 0 0
48.5706 3888.82 0 0 0
47.7705 3893.32 0 0 0
47.7705 3893.32 0 0 0
47.7705 3893.32 0 0 0
47.7705 3893.32 0 0 0
47.7705 3893.32 0 0 0
47.7705 3893.32 0 0 0
48.2302 3897.83 0 0 0
48.2302 3897.83 0 0 0
48.2302 3897.83 0 0 0
48.2302 3897.83 0 0 0
48.2302 3897.83 0 0 0
48.2302 3897.83 0 0 0
49.5721 3902.33 0 0 0
49.5721 3902.33 0 0 0
49.5721 3902.33 0 0 0
49.5721 3902.33 0 0 0
49.5721 3902.33 0 0 0
49.5721 3902.33 0 0 0
51.0509 3906.82 0 0 0
51.0509 3906.82 0 0 0
51.0509 3906.82 0 0 0
51.0509 3906.82 0 0 0
51.0509 3906.82 0 0 0
51.0509 3906.82 0 0 0
51.7614 3911.32 0 0 0
51.7614 3911.32 0 0 0
51.7614 3911.32 0 0 0
51.7614 3911.32 0 0 0
51.7614 3911.32 0 0 0
51.7614 3911.32 0 0 0
51.4121 3915.82 0 0 0
51.4121 3915.82 0 0 0
51.4121 3915.82 0 0 0
51.4121 3915.82 0 0 0
51.4121 3915.82 0 0 0
51.4121 3915.82 0 0 0
50.7042 3920.32 0 0 0
50.7042 3920.32 0 0 0
50.7042 3920.32 0 0 0
50.7042 3920.32 0 0 0
50.7042 3920.32 0 0 0
50.7042 3920.32 0 0 0
49.71 3924.82 0 0 0
49.71 3924.82 0 0 0
49.71 3924.82 0 0 0
49.71 3924.82 0 0 0
49.71 3924.82 0 0 0
49.71 3924.82 0 0 0
48.7901 3929.32 0 0 0
48.7901 3929.32 0 0 0
48.7901 3929.32 0 0 0
48.7901 3929.32 0 0 0
48.7901 3929.32 0 0 0
48.7901 3929.32 0 0 0
48.27 3933.82 0 0 0
48.27 3933.82 0 0 0
48.27 3933.82 0 0 0
48.27 3933.82 0 0 0
48.27 3933.82 0 0 0
48.27 3933.82 0 0 0
48.11 3938.32 0 0 0
48.11 3938.32 0 0 0
48.11 3938.32 0 0 0
48.11 3938.32 0 0 0
48.11 3938.32 0 0 0
48.11 3938.32 0 0 0
48.39 3942.82 0 0 0
48.39 3942.82 0 0 0
48.39 3942.82 0 0 0
48.39 3942.82 0 0 0
48.39 3942.82 0 0 0
48.39 3942.82 0 0 0
48.89 3947.32 0 0 0
48.89 3947.32 0 0 0
48.89 3947.32 0 0 0
48.89 3947.32 0 0 0
48.89 3947.32 0 0 0
48.89 3947.32 0 0 0
49.14 3951.82 0 0 0
49.14 3951.82 0 0 0
49.14 3951.82 0 0 0
49.14 3951.82 0 0 0
49.14 3951.82 0 0 0
49.14 3951.82 0 0 0
48.7205 3956.32 0 0 0
48.7205 3956.32 0 0 0
48.7205 3956.32 0 0 0
48.7205 3956.32 0 0 0
48.7205 3956.32 0 0 0
48.7205 3956.32 0 0 0
47.9002 3960.82 0 0 0
47.9002 3960.82 0 0 0
47.9002 3960.82 0 0 0
47.9002 3960.82 0 0 0
47.9002 3960.82 0 0 0
47.9002 3960.82 0 0 0
47.59 3965.32 0 0 0
47.59 3965.32 0 0 0
47.59 3965.32 0 0 0
47.59 3965.32 0 0 0
47.59 3965.32 0 0 0
47.59 3965.32 0 0 0
47.9801 3969.82 0 0 0
47.9801 3969.82 0 0 0
47.9801 3969.82 0 0 0
47.9801 3969.82 0 0 0
47.9801 3969.82 0 0 0
47.9801 3969.82 0 0 0
48.32 3974.32 0 0 0
48.32 3974.32 0 0 0
48.32 3974.32 0 0 0
48.32 3974.32 0 0 0
48.32 3974.32 0 0 0
48.32 3974.32 0 0 0
47.5405 3978.82 0 0 0
47.5405 3978.82 0 0 0
47.5405 3978.82 0 0 0
47.5405 3978.82 0 0 0
47.5405 3978.82 0 0 0
47.5405 3978.82 0 0 0
46.8 3983.32 0 0 0
46.8 3983.32 0 0 0
46.8 3983.32 0 0 0
46.8 3983.32 0 0 0
46.8 3983.32 0 0 0
46.8 3983.32 0 0 0
46.7118 3987.82 0 0 0
46.7118 3987.82 0 0 0
46.7118 3987.82 0 0 0
46.7118 3987.82 0 0 0
46.7118 3987.82 0 0 0
46.7118 3987.82 0 0 0
46.3304 3992.32 0 0 0
46.3304 3992.32 0 0 0
46.3304 3992.32 0 0 0
46.3304 3992.32 0 0 0
46.3304 3992.32 0 0 0
46.3304 3992.32 0 0 0
45.5101 3996.82 0 0 0
45.5101 3996.82 0 0 0
45.5101 3996.82 0 0 0
45.5101 3996.82 0 0 0
45.5101 3996.82 0 0 0
45.5101 3996.82 0 0 0
44.2203 4001.32 0 0 0
44.2203 4001.32 0 0 0
44.2203 4001.32 0 0 0
44.2203 4001.32 0 0 0
44.2203 4001.32 0 0 0
44.2203 4001.32 0 0 0
43.6904 4005.82 0 0 0
43.6904 4005.82 0 0 0
43.6904 4005.82 0 0 0
43.6904 4005.82 0 0 0
43.6904 4005.82 0 0 0
43.6904 4005.82 0 0 0
43.9804 4010.32 0 0 0
43.9804 4010.32 0 0 0
43.9804 4010.32 0 0 0
43.9804 4010.32 0 0 0
43.9804 4010.32 0 0 0
43.9804 4010.32 0 0 0
43.9003 4014.82 0 0 0
43.9003 4014.82 0 0 0
43.9003 4014.82 0 0 0
43.9003 4014.82 0 0 0
43.9003 4014.82 0 0 0
43.9003 4014.82 0 0 0
44.0101 4019.32 0 0 0
44.0101 4019.32 0 0 0
44.0101 4019.32 0 0 0
44.0101 4019.32 0 0 0
44.0101 4019.32 0 0 0
44.0101 4019.32 0 0 0
44.4234 4023.82 0 0 0
44.4234 4023.82 0 0 0
44.4234 4023.82 0 0 0
44.4234 4023.82 0 0 0
44.4234 4023.82 0 0 0
44.4234 4023.82 0 0 0
45.0913 4028.32 0 0 0
45.0913 4028.32 0 0 0
45.0913 4028.32 0 0 0
45.0913 4028.32 0 0 0
45.0913 4028.32 0 0 0
45.0913 4028.32 0 0 0
45.911 4032.82 0 0 0
45.911 4032.82 0 0 0
45.911 4032.82 0 0 0
45.911 4032.82 0 0 0
45.911 4032.82 0 0 0
45.911 4032.82 0 0 0
46.5971 4037.32 0 0 0
46.5971 4037.32 0 0 0
46.5971 4037.32 0 0 0
46.5971 4037.32 0 0 0
46.5971 4037.32 0 0 0
46.5971 4037.32 0 0 0
47.0188 4041.82 0 0 0
47.0188 4041.82 0 0 0
47.0188 4041.82 0 0 0
47.0188 4041.82 0 0 0
47.0188 4041.82 0 0 0
47.0188 4041.82 0 0 0
47.1228 4046.32 0 0 0
47.1228 4046.32 0 0 0
47.1228 4046.32 0 0 0
47.1228 4046.32 0 0 0
47.1228 4046.32 0 0 0
47.1228 4046.32 0 0 0
47.4225 4050.82 0 0 0
47.4225 4050.82 0 0 0
47.4225 4050.82 0 0 0
47.4225 4050.82 0 0 0
47.4225 4050.82 0 0 0
47.4225 4050.82 0 0 0
46.6533 4055.32 0 0 0
46.6533 4055.32 0 0 0
46.6533 4055.32 0 0 0
46.6533 4055.32 0 0 0
46.6533 4055.32 0 0 0
46.6533 4055.32 0 0 0
45.1047 4059.82 0 0 0
45.1047 4059.82 0 0 0
45.1047 4059.82 0 0 0
45.1047 4059.82 0 0 0
45.1047 4059.82 0 0 0
45.1047 4059.82 0 0 0
44.5048 4064.32 0 0 0
44.5048 4064.32 0 0 0
44.5048 4064.32 0 0 0
44.5048 4064.32 0 0 0
44.5048 4064.32 0 0 0
44.5048 4064.32 0 0 0
45.1681 4068.81 0 0 0
45.1681 4068.81 0 0 0
45.1681 4068.81 0 0 0
45.1681 4068.81 0 0 0
45.1681 4068.81 0 0 0
45.1681 4068.81 0 0 0
46.7872 4073.31 0 0 0
46.7872 4073.31 0 0 0
46.7872 4073.31 0 0 0
46.7872 4073.31 0 0 0
46.7872 4073.31 0 0 0
46.7872 4073.31 0 0 0
47.7106 4077.81 0 0 0
47.7106 4077.81 0 0 0
47.7106 4077.81 0 0 0
47.7106 4077.81 0 0 0
47.7106 4077.81 0 0 0
47.7106 4077.81 0 0 0
47.4705 4082.31 0 0 0
47.4705 4082.31 0 0 0
47.4705 4082.31 0 0 0
47.4705 4082.31 0 0 0
47.4705 4082.31 0 0 0
47.4705 4082.31 0 0 0
47.5211 4086.81 0 0 0
47.5211 4086.81 0 0 0
47.5211 4086.81 0 0 0
47.5211 4086.81 0 0 0
47.5211 4086.81 0 0 0
47.5211 4086.81 0 0 0
47.5206 4091.31 0 0 0
47.5206 4091.31 0 0 0
47.5206 4091.31 0 0 0
47.5206 4091.31 0 0 0
47.5206 4091.31 0 0 0
47.5206 4091.31 0 0 0
47.5105 4095.81 0 0 0
47.5105 4095.81 0 0 0
47.5105 4095.81 0 0 0
47.5105 4095.81 0 0 0
47.5105 4095.81 0 0 0
47.5105 4095.81 0 0 0
47.5006 4100.31 0 0 0
47.5006 4100.31 0 0 0
47.5006 4100.31 0 0 0
47.5006 4100.31 0 0 0
47.5006 4100.31 0 0 0
47.5006 4100.31 0 0 0
47.4205 4104.81 0 0 0
47.4205 4104.81 0 0 0
47.4205 4104.81 0 0 0
47.4205 4104.81 0 0 0
47.4205 4104.81 0 0 0
47.4205 4104.81 0 0 0
47.3903 4109.31 0 0 0
47.3903 4109.31 0 0 0
47.3903 4109.31 0 0 0
47.3903 4109.31 0 0 0
47.3903 4109.31 0 0 0
47.3903 4109.31 0 0 0
47.6109 4113.81 0 0 0
47.6109 4113.81 0 0 0
47.6109 4113.81 0 0 0
47.6109 4113.81 0 0 0
47.6109 4113.81 0 0 0
47.6109 4113.81 0 0 0
48.1923 4118.31 0 0 0
48.1923 4118.31 0 0 0
48.1923 4118.31 0 0 0
48.1923 4118.31 0 0 0
48.1923 4118.31 0 0 0
48.1923 4118.31 0 0 0
48.8542 4122.81 0 0 0
48.8542 4122.81 0 0 0
48.8542 4122.81 0 0 0
48.8542 4122.81 0 0 0
48.8542 4122.81 0 0 0
48.8542 4122.81 0 0 0
49.7748 4127.31 0 0 0
49.7748 4127.31 0 0 0
49.7748 4127.31 0 0 0
49.7748 4127.31 0 0 0
49.7748 4127.31 0 0 0
49.7748 4127.31 0 0 0
50.6409 4131.81 0 0 0
50.6409 4131.81 0 0 0
50.6409 4131.81 0 0 0
50.6409 4131.81 0 0 0
50.6409 4131.81 0 0 0
50.6409 4131.81 0 0 0
17.1668 4136.31 0 0 0
200.435 1579.1 0 0 0
201.142 1579.85 0 0 0
201.85 1580.61 0 0 0
202.558 1581.37 0 0 0
203.302 1582.16 0 0 0
204.047 1582.95 0 0 0
204.791 1583.74 0 0 0
205.535 1584.53 0 0 0
206.28 1585.32 0 0 0
207.024 1586.11 0 0 0
207.794 1586.93 0 0 0
208.564 1587.75 0 0 0
209.334 1588.57 0 0 0
210.104 1589.38 0 0 0
210.874 1590.2 0 0 0
211.644 1591.02 0 0 0
212.444 1591.87 0 0 0
213.244 1592.73 0 0 0
214.043 1593.59 0 0 0
214.843 1594.44 0 0 0
215.643 1595.3 0 0 0
216.442 1596.15 0 0 0
217.251 1597.02 0 0 0
218.059 1597.88 0 0 0
218.868 1598.75 0 0 0
219.676 1599.61 0 0 0
220.485 1600.48 0 0 0
221.294 1601.34 0 0 0
222.097 1602.2 0 0 0
222.9 1603.06 0 0 0
223.703 1603.92 0 0 0
224.506 1604.78 0 0 0
225.309 1605.64 0 0 0
226.112 1606.5 0 0 0
226.914 1607.36 0 0 0
227.715 1608.21 0 0 0
228.517 1609.07 0 0 0
229.318 1609.93 0 0 0
230.119 1610.79 0 0 0
230.921 1611.64 0 0 0
231.723 1612.5 0 0 0
232.525 1613.36 0 0 0
233.327 1614.22 0 0 0
234.129 1615.08 0 0 0
234.931 1615.93 0 0 0
235.732 1616.79 0 0 0
236.534 1617.65 0 0 0
237.336 1618.51 0 0 0
238.137 1619.37 0 0 0
238.939 1620.22 0 0 0
239.741 1621.08 0 0 0
240.542 1621.94 0 0 0
241.344 1622.8 0 0 0
242.146 1623.66 0 0 0
242.948 1624.51 0 0 0
243.75 1625.37 0 0 0
244.552 1626.23 0 0 0
245.354 1627.09 0 0 0
246.155 1627.95 0 0 0
246.957 1628.8 0 0 0
247.759 1629.66 0 0 0
248.561 1630.52 0 0 0
249.363 1631.38 0 0 0
250.165 1632.24 0 0 0
250.967 1633.1 0 0 0
251.769 1633.95 0 0 0
252.571 1634.81 0 0 0
253.373 1635.67 0 0 0
254.175 1636.53 0 0 0
254.977 1637.39 0 0 0
255.778 1638.24 0 0 0
256.58 1639.1 0 0 0
257.382 1639.96 0 0 0
258.184 1640.82 0 0 0
258.986 1641.68 0 0 0
259.788 1642.53 0 0 0
260.59 1643.39 0 0 0
261.392 1644.25 0 0 0
262.194 1645.11 0 0 0
262.996 1645.97 0 0 0
263.798 1646.82 0 0 0
264.6 1647.68 0 0 0
265.401 1648.54 0 0 0
266.203 1649.4 0 0 0
267.005 1650.26 0 0 0
267.807 1651.11 0 0 0
268.609 1651.97 0 0 0
269.411 1652.83 0 0 0
270.212 1653.69 0 0 0
271.014 1654.54 0 0 0
271.815 1655.4 0 0 0
272.617 1656.26 0 0 0
273.418 1657.11 0 0 0
274.22 1657.97 0 0 0
275.024 1658.83 0 0 0
275.828 1659.69 0 0 0
276.632 1660.55 0 0 0
277.437 1661.41 0 0 0
278.241 1662.27 0 0 0
279.045 1663.13 0 0 0
279.861 1664 0 0 0
280.677 1664.88 0 0 0
281.493 1665.75 0 0 0
282.308 1666.62 0 0 0
283.124 1667.49 0 0 0
283.94 1668.37 0 0 0
284.711 1669.19 0 0 0
285.481 1670.01 0 0 0
286.252 1670.83 0 0 0
287.023 1671.65 0 0 0
287.793 1672.48 0 0 0
288.564 1673.3 0 0 0
289.301 1674.08 0 0 0
290.037 1674.87 0 0 0
290.774 1675.65 0 0 0
291.51 1676.44 0 0 0
292.247 1677.22 0 0 0
292.983 1678 0 0 0
293.69 1678.75 0 0 0
294.398 1679.5 0 0 0
295.105 1680.25 0 0 0
295.812 1680.99 0 0 0
296.519 1681.74 0 0 0
297.227 1682.49 0 0 0
297.879 1683.18 0 0 0
298.532 1683.87 0 0 0
299.184 1684.56 0 0 0
299.836 1685.25 0 0 0
300.489 1685.94 0 0 0
301.141 1686.63 0 0 0
301.81 1687.34 0 0 0
302.478 1688.04 0 0 0
303.146 1688.74 0 0 0
303.815 1689.45 0 0 0
304.483 1690.15 0 0 0
305.151 1690.86 0 0 0
305.848 1691.59 0 0 0
306.544 1692.32 0 0 0
307.24 1693.06 0 0 0
307.937 1693.79 0 0 0
308.633 1694.52 0 0 0
309.329 1695.25 0 0 0
310.053 1696.01 0 0 0
310.777 1696.76 0 0 0
311.501 1697.52 0 0 0
312.225 1698.27 0 0 0
312.949 1699.03 0 0 0
313.673 1699.79 0 0 0
314.428 1700.57 0 0 0
315.183 1701.36 0 0 0
315.937 1702.14 0 0 0
316.692 1702.93 0 0 0
317.447 1703.72 0 0 0
318.201 1704.5 0 0 0
318.967 1705.3 0 0 0
319.732 1706.1 0 0 0
320.498 1706.9 0 0 0
321.263 1707.7 0 0 0
322.029 1708.5 0 0 0
322.794 1709.3 0 0 0
323.564 1710.1 0 0 0
324.334 1710.9 0 0 0
325.104 1711.71 0 0 0
325.874 1712.51 0 0 0
326.643 1713.32 0 0 0
327.413 1714.12 0 0 0
328.191 1714.93 0 0 0
328.968 1715.74 0 0 0
329.745 1716.56 0 0 0
330.522 1717.37 0 0 0
331.3 1718.18 0 0 0
332.077 1719 0 0 0
332.869 1719.82 0 0 0
333.661 1720.65 0 0 0
334.452 1721.47 0 0 0
335.244 1722.3 0 0 0
336.037 1723.12 0 0 0
336.829 1723.95 0 0 0
337.636 1724.79 0 0 0
338.442 1725.62 0 0 0
339.249 1726.46 0 0 0
340.055 1727.3 0 0 0
340.862 1728.14 0 0 0
341.668 1728.98 0 0 0
342.484 1729.83 0 0 0
343.299 1730.69 0 0 0
344.114 1731.54 0 0 0
344.93 1732.39 0 0 0
345.745 1733.24 0 0 0
346.56 1734.09 0 0 0
347.386 1734.96 0 0 0
348.211 1735.83 0 0 0
349.036 1736.69 0 0 0
349.862 1737.56 0 0 0
350.687 1738.43 0 0 0
351.512 1739.29 0 0 0
352.354 1740.18 0 0 0
353.177 1741.08 0 0 0
354.003 1741.99 0 0 0
354.83 1742.89 0 0 0
355.66 1743.79 0 0 0
356.491 1744.69 0 0 0
357.334 1745.61 0 0 0
358.179 1746.52 0 0 0
359.026 1747.43 0 0 0
359.873 1748.34 0 0 0
360.722 1749.25 0 0 0
361.573 1750.16 0 0 0
362.419 1751.07 0 0 0
363.267 1751.98 0 0 0
364.117 1752.89 0 0 0
364.966 1753.8 0 0 0
365.816 1754.71 0 0 0
366.668 1755.61 0 0 0
367.505 1756.52 0 0 0
368.342 1757.42 0 0 0
369.181 1758.32 0 0 0
370.019 1759.22 0 0 0
370.858 1760.13 0 0 0
371.697 1761.03 0 0 0
372.528 1761.92 0 0 0
373.359 1762.82 0 0 0
374.19 1763.72 0 0 0
375.021 1764.62 0 0 0
375.852 1765.51 0 0 0
376.683 1766.41 0 0 0
377.522 1767.31 0 0 0
378.362 1768.22 0 0 0
379.189 1769.12 0 0 0
380.018 1770.03 0 0 0
380.846 1770.94 0 0 0
381.675 1771.85 0 0 0
382.521 1772.76 0 0 0
383.366 1773.68 0 0 0
384.212 1774.59 0 0 0
385.058 1775.5 0 0 0
385.904 1776.42 0 0 0
386.749 1777.33 0 0 0
387.599 1778.24 0 0 0
388.448 1779.16 0 0 0
389.298 1780.07 0 0 0
390.147 1780.98 0 0 0
390.996 1781.89 0 0 0
391.846 1782.81 0 0 0
392.679 1783.7 0 0 0
393.513 1784.6 0 0 0
394.346 1785.5 0 0 0
395.18 1786.4 0 0 0
396.018 1787.29 0 0 0
396.856 1788.19 0 0 0
397.672 1789.06 0 0 0
398.487 1789.93 0 0 0
399.302 1790.81 0 0 0
39.99 0 0 0 0
39.99 0 0 0 0
39.99 0 0 0 0
39.99 0 0 0 0
39.99 0 0 0 0
39.99 0 0 0 0
39.99 0 0 0 0
39.99 0 0 0 0
39.99 0 0 0 0
39.99 0 0 0 0
39.99 0 0 0 0
39.99 0 0 0 0
40.01 0 0 0 0
40.01 0 0 0 0
40.01 0 0 0 0
40.01 0 0 0 0
40.01 0 0 0 0
40.01 0 0 0 0
39.95 0 0 0 0
39.95 0 0 0 0
39.95 0 0 0 0
39.95 0 0 0 0
39.95 0 0 0 0
39.95 0 0 0 0
39.86 0 0 0 0
39.86 0 0 0 0
39.86 0 0 0 0
39.86 0 0 0 0
39.86 0 0 0 0
39.86 0 0 0 0
39.95 0 0 0 0
39.95 0 0 0 0
39.95 0 0 0 0
39.95 0 0 0 0
39.95 0 0 0 0
39.95 0 0 0 0
40.4 0 0 0 0
40.4 0 0 0 0
40.4 0 0 0 0
40.4 0 0 0 0
40.4 0 0 0 0
40.4 0 0 0 0
41.27 0 0 0 0
41.27 0 0 0 0
41.27 0 0 0 0
41.27 0 0 0 0
41.27 0 0 0 0
41.27 0 0 0 0
42.03 0 0 0 0
42.03 0 0 0 0
42.03 0 0 0 0
42.03 0 0 0 0
42.03 0 0 0 0
42.03 0 0 0 0
42.39 0 0 0 0
42.39 0 0 0 0
42.39 0 0 0 0
42.39 0 0 0 0
42.39 0 0 0 0
42.39 0 0 0 0
42.59 0 0 0 0
42.59 0 0 0 0
42.59 0 0 0 0
42.59 0 0 0 0
42.59 0 0 0 0
42.59 0 0 0 0
42.94 0 0 0 0
42.94 0 0 0 0
42.94 0 0 0 0
42.94 0 0 0 0
42.94 0 0 0 0
42.94 0 0 0 0
43.72 0 0 0 0
43.72 0 0 0 0
43.72 0 0 0 0
43.72 0 0 0 0
43.72 0 0 0 0
43.72 0 0 0 0
44.58 0 0 0 0
44.58 0 0 0 0
44.58 0 0 0 0
44.58 0 0 0 0
44.58 0 0 0 0
44.58 0 0 0 0
45.03 0 0 0 0
45.03 0 0 0 0
45.03 0 0 0 0
45.03 0 0 0 0
45.03 0 0 0 0
45.03 0 0 0 0
45.12 0 0 0 0
45.12 0 0 0 0
45.12 0 0 0 0
45.12 0 0 0 0
45.12 0 0 0 0
45.12 0 0 0 0
45.03 0 0 0 0
45.03 0 0 0 0
45.03 0 0 0 0
45.03 0 0 0 0
45.03 0 0 0 0
45.03 0 0 0 0
44.98 0 0 0 0
44.98 0 0 0 0
44.98 0 0 0 0
44.98 0 0 0 0
44.98 0 0 0 0
44.98 0 0 0 0
44.97 0 0 0 0
44.97 0 0 0 0
44.97 0 0 0 0
44.97 0 0 0 0
44.97 0 0 0 0
44.97 0 0 0 0
45.2 0 0 0 0
45.2 0 0 0 0
45.2 0 0 0 0
45.2 0 0 0 0
45.2 0 0 0 0
45.2 0 0 0 0
44.98 0 0 0 0
44.98 0 0 0 0
44.98 0 0 0 0
44.98 0 0 0 0
44.98 0 0 0 0
44.98 0 0 0 0
44.14 0 0 0 0
44.14 0 0 0 0
44.14 0 0 0 0
44.14 0 0 0 0
44.14 0 0 0 0
44.14 0 0 0 0
43.38 0 0 0 0
43.38 0 0 0 0
43.38 0 0 0 0
43.38 0 0 0 0
43.38 0 0 0 0
43.38 0 0 0 0
42.96 0 0 0 0
42.96 0 0 0 0
1050.59 5283.11 408.632 0 -7.15018
1050.46 5284.13 408.611 0 -7.15018
1050.33 5285.14 408.591 0 -7.15018
1050.21 5286.16 408.571 0 -7.15018
1050.08 5287.18 408.55 0 -7.15018
1049.95 5288.2 408.53 0 -7.15018
1049.82 5289.21 408.51 0 -7.14708
1049.7 5290.23 408.49 0 -7.14708
1049.57 5291.25 408.469 0 -7.14708
1049.44 5292.27 408.449 0 -7.14708
1049.31 5293.28 408.429 0 -7.14708
1049.19 5294.3 408.408 0 -7.14708
1049.06 5295.32 408.388 0 -7.15328
1048.93 5296.34 408.368 0 -7.15328
1048.8 5297.35 408.347 0 -7.15328
1048.67 5298.37 408.327 0 -7.15328
1048.55 5299.39 408.307 0 -7.15328
1048.42 5300.41 408.286 0 -7.15328
1048.29 5301.42 408.266 0 -7.15018
1048.16 5302.44 408.246 0 -7.15018
1048.04 5303.46 408.226 0 -7.15018
1047.91 5304.48 408.205 0 -7.15018
1047.78 5305.5 408.185 0 -7.35065
1047.65 5306.51 408.167 0 -7.56307
1047.51 5307.53 408.15 0 -7.55997
1047.38 5308.55 408.133 0 -7.55997
1047.25 5309.56 408.117 0 -7.55997
1047.11 5310.58 408.1 0 -7.55997
1046.98 5311.6 408.083 0 -7.55997
1046.84 5312.61 408.066 0 -7.55997
1046.71 5313.63 408.049 0 -7.55997
1046.57 5314.65 408.032 0 -7.55997
1046.44 5315.66 408.015 0 -7.55997
1046.3 5316.68 407.999 0 -7.55997
1046.17 5317.7 407.982 0 -7.55997
1046.03 5318.71 407.965 0 -7.55997
1045.9 5319.73 407.948 0 -7.56307
1045.76 5320.75 407.931 0 -7.56307
1045.63 5321.76 407.914 0 -7.56307
1045.49 5322.78 407.898 0 -7.56307
1045.36 5323.8 407.881 0 -7.56307
1045.22 5324.81 407.864 0 -7.56307
1045.09 5325.83 407.847 0 -7.56617
1044.95 5326.85 407.83 0 -7.56617
1044.82 5327.86 407.813 0 -7.56617
1044.68 5328.88 407.796 0 -7.56617
1044.55 5329.9 407.78 0 -7.56617
1044.41 5330.91 407.763 0 -7.56617
1044.28 5331.93 407.746 0 -7.55997
1044.14 5332.95 407.729 0 -7.55997
1044.01 5333.96 407.712 0 -7.55997
1043.87 5334.98 407.695 0 -7.55997
1043.74 5336 407.679 0 -7.55997
1043.6 5337.01 407.662 0 -7.55997
1043.47 5338.03 407.645 0 -7.77289
1043.33 5339.05 407.628 0 -8.04203
1043.18 5340.06 407.613 0 -8.04203
1043.04 5341.08 407.597 0 -8.04203
1042.9 5342.09 407.581 0 -8.04203
1042.75 5343.11 407.566 0 -8.04203
1042.61 5344.12 407.55 0 -8.04203
1042.47 5345.14 407.534 0 -8.04203
1042.32 5346.15 407.519 0 -8.04203
1042.18 5347.17 407.503 0 -8.04203
1042.04 5348.19 407.487 0 -8.04203
1041.89 5349.2 407.472 0 -8.04203
1041.75 5350.22 407.456 0 -8.04204
1041.61 5351.23 407.44 0 -8.04204
1041.46 5352.25 407.425 0 -8.04204
1041.32 5353.26 407.409 0 -8.04204
1041.18 5354.28 407.393 0 -8.04204
1041.03 5355.29 407.378 0 -8.04204
1040.89 5356.31 407.362 0 -8.03893
1040.74 5357.32 407.346 0 -8.03893
1040.6 5358.34 407.331 0 -8.03893
1040.46 5359.35 407.315 0 -8.03893
1040.31 5360.37 407.299 0 -8.03893
1040.17 5361.39 407.284 0 -8.03893
1040.03 5362.4 407.268 0 -8.04203
1039.88 5363.42 407.252 0 -8.04203
1039.74 5364.43 407.237 0 -8.04203
1039.6 5365.45 407.221 0 -8.04203
1039.45 5366.46 407.205 0 -8.04203
1039.31 5367.48 407.19 0 -8.04203
1039.17 5368.49 407.174 0 -8.04158
1039.02 5369.52 407.158 0 -8.04158
1038.88 5370.54 407.142 0 -8.09965
1038.73 5371.57 407.127 0 -8.52042
1038.58 5372.59 407.112 0 -8.52042
1038.42 5373.62 407.098 0 -8.52042
1038.27 5374.64 407.083 0 -8.52127
1038.12 5375.65 407.069 0 -8.52127
1037.97 5376.65 407.055 0 -8.52127
1037.82 5377.66 407.04 0 -8.52127
1037.67 5378.66 407.026 0 -8.52127
1037.52 5379.67 407.012 0 -8.52127
1037.37 5380.68 406.997 0 -8.52329
1037.22 5381.64 406.984 0 -8.52329
1037.08 5382.61 406.97 0 -8.52329
1036.93 5383.58 406.956 0 -8.52329
1036.79 5384.54 406.942 0 -8.52329
1036.64 5385.51 406.929 0 -8.52329
1036.5 5386.48 406.915 0 -8.45463
1036.36 5387.43 406.902 0 -8.45463
1036.21 5388.38 406.888 0 -8.45463
1036.07 5389.33 406.875 0 -8.45463
1035.93 5390.28 406.861 0 -8.45463
1035.79 5391.23 406.848 0 -8.45463
1035.65 5392.18 406.834 0 -8.37051
1035.51 5393.15 406.82 0 -8.37051
1035.37 5394.11 406.807 0 -8.37051
1035.22 5395.08 406.793 0 -8.37051
1035.08 5396.05 406.779 0 -8.37051
1034.94 5397.02 406.765 0 -8.37051
1034.79 5397.99 406.751 0 -8.55454
1034.64 5399.01 406.737 0 -8.55454
1034.49 5400.03 406.722 0 -8.55454
1034.33 5401.05 406.708 0 -8.55454
1034.18 5402.07 406.694 0 -8.55454
1034.03 5403.09 406.679 0 -8.55454
1033.87 5404.11 406.665 0 -8.92946
1033.71 5405.17 406.651 0 -8.99431
1033.54 5406.23 406.637 0 -8.99431
1033.37 5407.29 406.623 0 -8.99431
1033.2 5408.36 406.61 0 -8.99431
1033.04 5409.42 406.596 0 -8.99431
1032.87 5410.48 406.582 0 -8.85861
1032.7 5411.58 406.568 0 -8.85861
1032.52 5412.68 406.554 0 -8.85861
1032.35 5413.79 406.54 0 -8.85861
1032.18 5414.89 406.525 0 -8.85861
1032.01 5415.99 406.511 0 -8.85861
1031.84 5417.1 406.497 0 -8.80376
1031.66 5418.24 406.482 0 -8.80376
1031.48 5419.38 406.467 0 -8.80376
1031.31 5420.52 406.453 0 -8.80376
1031.13 5421.66 406.438 0 -8.80376
1030.95 5422.8 406.423 0 -8.80376
1030.78 5423.94 406.409 0 -8.81678
1030.6 5425.1 406.394 0 -8.81678
1030.42 5426.26 406.379 0 -8.81678
1030.24 5427.42 406.364 0 -8.81678
1030.06 5428.58 406.349 0 -8.81678
1029.88 5429.73 406.334 0 -8.81678
1029.7 5430.89 406.319 0 -8.83583
1029.52 5432.05 406.304 0 -8.83583
1029.34 5433.21 406.289 0 -8.83583
1029.16 5434.37 406.274 0 -8.83583
1028.98 5435.53 406.259 0 -8.83583
1028.8 5436.68 406.244 0 -9.16659
1028.61 5437.84 406.23 0 -9.3111
1028.42 5438.99 406.217 0 -9.3111
1028.23 5440.15 406.204 0 -9.3111
1028.04 5441.3 406.191 0 -9.3111
1027.85 5442.45 406.177 0 -9.3111
1027.67 5443.61 406.164 0 -9.3111
1027.48 5444.76 406.151 0 -9.31366
1027.29 5445.91 406.137 0 -9.31366
1027.1 5447.06 406.124 0 -9.31366
1026.91 5448.21 406.111 0 -9.31366
1026.72 5449.37 406.098 0 -9.31366
1026.53 5450.52 406.084 0 -9.31366
1026.34 5451.67 406.071 0 -9.30827
1026.15 5452.82 406.058 0 -9.30828
1025.97 5453.97 406.045 0 -9.30828
1025.78 5455.12 406.031 0 -9.30828
1025.59 5456.28 406.018 0 -9.30828
1025.4 5457.43 406.005 0 -9.30828
1025.21 5458.58 405.992 0 -9.3137
1025.02 5459.73 405.978 0 -9.3137
1024.83 5460.88 405.965 0 -9.3137
1024.64 5462.04 405.952 0 -9.3137
1024.45 5463.19 405.939 0 -9.3137
1024.27 5464.34 405.925 0 -9.3137
1024.08 5465.49 405.912 0 -9.311
1023.89 5466.64 405.899 0 -9.311
1023.7 5467.8 405.885 0 -9.311
1023.51 5468.95 405.872 0 -9.43694
1023.32 5470.1 405.859 0 -9.78907
1023.12 5471.25 405.848 0 -9.78907
1022.92 5472.4 405.836 0 -9.79179
1022.72 5473.55 405.825 0 -9.79179
1022.52 5474.7 405.813 0 -9.79179
1022.33 5475.85 405.802 0 -9.79179
1022.13 5477 405.79 0 -9.79179
1021.93 5478.15 405.778 0 -9.79179
1021.73 5479.3 405.767 0 -9.78907
1021.53 5480.45 405.755 0 -9.78907
1021.33 5481.6 405.744 0 -9.78907
1021.14 5482.75 405.732 0 -9.78907
1020.94 5483.91 405.721 0 -9.78907
1020.74 5485.06 405.709 0 -9.78907
1020.54 5486.21 405.698 0 -9.79176
1020.34 5487.36 405.686 0 -9.79176
1020.14 5488.51 405.674 0 -9.79176
1019.94 5489.66 405.663 0 -9.79176
1019.75 5490.81 405.651 0 -9.79176
1019.55 5491.96 405.64 0 -9.79176
1019.35 5493.11 405.628 0 -9.78907
1019.15 5494.26 405.617 0 -9.78907
1018.95 5495.41 405.605 0 -9.78907
1018.75 5496.56 405.593 0 -9.78907
1018.55 5497.71 405.582 0 -9.78907
1018.36 5498.86 405.57 0 -9.78907
1018.16 5500.01 405.559 0 -9.7918
1017.96 5501.16 405.547 0 -9.7918
1017.76 5502.31 405.536 0 -10.184
1017.55 5503.46 405.526 0 -10.2695
1017.35 5504.61 405.516 0 -10.2695
1017.14 5505.76 405.506 0 -10.2695
1016.93 5506.91 405.496 0 -10.264
1016.72 5508.06 405.487 0 -10.264
1016.51 5509.2 405.477 0 -10.264
1016.31 5510.35 405.467 0 -10.264
1016.1 5511.5 405.457 0 -10.264
1015.89 5512.65 405.447 0 -10.264
1015.68 5513.8 405.438 0 -10.2729
1015.47 5514.95 405.428 0 -10.2729
1015.26 5516.11 405.418 0 -10.2729
1015.05 5517.27 405.408 0 -10.2729
1014.84 5518.42 405.398 0 -10.2729
1014.63 5519.58 405.389 0 -10.2729
1014.42 5520.74 405.379 0 -10.2661
1014.22 5521.88 405.369 0 -10.2661
1014.01 5523.02 405.359 0 -10.2661
1013.8 5524.16 405.35 0 -10.2661
1013.6 5525.31 405.34 0 -10.2661
1013.39 5526.45 405.33 0 -10.2661
1013.18 5527.59 405.32 0 -10.2826
1012.98 5528.7 405.311 0 -10.2826
1012.78 5529.81 405.302 0 -10.2826
1012.58 5530.93 405.292 0 -10.2826
1012.38 5532.04 405.283 0 -10.2826
1012.17 5533.15 405.273 0 -10.2826
1011.97 5534.26 405.264 0 -10.2599
1011.77 5535.36 405.255 0 -10.6701
1011.57 5536.45 405.247 0 -10.6701
1011.36 5537.55 405.24 0 -10.6701
1011.15 5538.65 405.232 0 -10.6701
1010.95 5539.74 405.225 0 -10.6701
1010.74 5540.84 405.217 0 -10.5059
1010.54 5541.94 405.209 0 -10.5059
1010.33 5543.04 405.202 0 -10.5059
1010.13 5544.14 405.194 0 -10.5059
1009.92 5545.25 405.187 0 -10.5059
1009.72 5546.35 405.179 0 -10.5059
1009.52 5547.45 405.172 0 -10.5509
1009.31 5548.57 405.164 0 -10.5509
1009.1 5549.69 405.156 0 -10.5509
1008.89 5550.81 405.149 0 -10.5509
1008.68 5551.92 405.141 0 -10.5509
1008.47 5553.04 405.133 0 -10.5509
1008.27 5554.16 405.126 0 -10.6632
1008.05 5555.29 405.118 0 -10.6632
1007.84 5556.41 405.11 0 -10.6632
1007.63 5557.53 405.102 0 -10.6632
1007.42 5558.65 405.095 0 -10.6632
1007.21 5559.77 405.087 0 -10.6632
1007 5560.89 405.079 0 -10.8047
1006.79 5562 405.072 0 -10.8047
1006.58 5563.11 405.064 0 -10.8047
1006.36 5564.21 405.056 0 -10.8047
1006.15 5565.32 405.049 0 -10.8047
1005.94 5566.42 405.041 0 -10.8047
1005.73 5567.53 405.034 0 -11.186
1005.51 5568.63 405.027 0 -11.3322
1005.29 5569.74 405.022 0 -11.3322
1005.07 5570.84 405.016 0 -11.3322
1004.85 5571.94 405.01 0 -11.3322
1004.63 5573.04 405.005 0 -11.3322
1004.41 5574.15 404.999 0 -11.2983
1004.19 5575.25 404.993 0 -11.2983
1003.97 5576.35 404.988 0 -11.2983
1003.75 5577.46 404.982 0 -11.2983
1003.53 5578.56 404.976 0 -11.2983
1003.31 5579.67 404.97 0 -11.2983
1003.09 5580.77 404.965 0 -11.2983
1002.86 5581.87 404.959 0 -11.2983
1002.64 5582.98 404.953 0 -11.2983
1002.42 5584.08 404.948 0 -11.2983
1002.2 5585.19 404.942 0 -11.2983
1001.98 5586.29 404.936 0 -11.2983
1001.76 5587.39 404.931 0 -11.2983
1001.54 5588.5 404.925 0 -11.2983
1001.32 5589.6 404.919 0 -11.2983
1001.1 5590.71 404.913 0 -11.2983
1000.88 5591.81 404.908 0 -11.2983
1000.66 5592.92 404.902 0 -11.2983
1000.44 5594.02 404.896 0 -11.3011
1000.22 5595.12 404.891 0 -11.3011
999.996 5596.23 404.885 0 -11.3011
999.776 5597.33 404.879 0 -11.3011
999.555 5598.44 404.874 0 -11.3011
999.334 5599.54 404.868 0 -11.3734
999.112 5600.65 404.862 0 -11.7744
998.882 5601.75 404.859 0 -11.7744
998.653 5602.85 404.855 0 -11.7744
998.423 5603.95 404.851 0 -11.7744
998.193 5605.06 404.848 0 -11.7744
997.963 5606.16 404.844 0 -11.7744
997.733 5607.26 404.84 0 -11.7744
997.503 5608.36 404.836 0 -11.7744
997.274 5609.47 404.833 0 -11.7744
997.044 5610.57 404.829 0 -11.7744
996.814 5611.67 404.825 0 -11.7744
996.584 5612.77 404.822 0 -11.7744
996.354 5613.88 404.818 0 -11.7744
996.125 5614.98 404.814 0 -11.7744
995.895 5616.08 404.81 0 -11.7744
995.665 5617.18 404.807 0 -11.7744
995.435 5618.29 404.803 0 -11.7744
995.205 5619.39 404.799 0 -11.7744
994.975 5620.49 404.796 0 -11.7744
994.746 5621.59 404.792 0 -11.7744
994.516 5622.7 404.788 0 -11.7744
994.286 5623.8 404.785 0 -11.7744
994.056 5624.9 404.781 0 -11.7744
993.827 5626 404.777 0 -11.7744
993.597 5627.11 404.773 0 -11.7744
993.367 5628.21 404.77 0 -11.7744
993.137 5629.31 404.766 0 -11.7744
992.907 5630.41 404.762 0 -11.7744
992.678 5631.52 404.759 0 -11.7744
992.448 5632.62 404.755 0 -12.1792
992.211 5633.72 404.756 0 -12.197
991.973 5634.82 404.756 0 -12.197
991.735 5635.92 404.756 0 -12.197
991.497 5637.02 404.756 0 -12.197
991.259 5638.12 404.756 0 -12.197
991.021 5639.22 404.756 0 -12.197
990.783 5640.32 404.756 0 -12.1942
990.545 5641.42 404.757 0 -12.1942
990.307 5642.52 404.757 0 -12.1942
990.069 5643.62 404.757 0 -12.1942
989.832 5644.72 404.757 0 -12.1942
989.594 5645.83 404.757 0 -12.1942
989.356 5646.93 404.757 0 -12.1949
989.114 5648.05 404.757 0 -12.1949
988.871 5649.17 404.758 0 -12.1949
988.629 5650.29 404.758 0 -12.1949
988.387 5651.41 404.758 0 -12.1949
988.145 5652.53 404.758 0 -12.1949
987.902 5653.65 404.758 0 -12.1926
987.674 5654.71 404.758 0 -12.1926
987.445 5655.77 404.758 0 -12.1926
987.217 5656.83 404.758 0 -12.1926
986.988 5657.88 404.759 0 -12.1926
986.759 5658.94 404.759 0 -12.1926
986.531 5660 404.759 0 -12.1911
986.31 5661.02 404.759 0 -12.1911
986.089 5662.05 404.759 0 -12.1911
985.868 5663.07 404.759 0 -12.1911
985.647 5664.09 404.759 0 -12.1911
985.426 5665.11 404.759 0 -12.5153
985.199 5666.14 404.76 0 -12.4566
984.987 5667.1 404.762 0 -12.4566
984.775 5668.06 404.763 0 -12.4566
984.562 5669.02 404.764 0 -12.4566
984.35 5669.98 404.765 0 -12.4566
984.138 5670.94 404.767 0 -12.4566
983.926 5671.9 404.768 0 -12.1439
983.719 5672.86 404.769 0 -12.1439
983.511 5673.83 404.771 0 -12.1439
983.304 5674.79 404.772 0 -12.1439
983.097 5675.75 404.773 0 -12.1439
982.889 5676.72 404.774 0 -12.1439
982.682 5677.68 404.776 0 -12.3247
982.463 5678.68 404.777 0 -12.3247
982.245 5679.68 404.778 0 -12.3247
982.026 5680.68 404.78 0 -12.3247
981.808 5681.68 404.781 0 -12.3247
981.589 5682.68 404.782 0 -12.3247
981.37 5683.68 404.784 0 -12.4877
981.15 5684.68 404.785 0 -12.4877
980.93 5685.67 404.786 0 -12.4877
980.71 5686.66 404.788 0 -12.4877
980.49 5687.66 404.789 0 -12.4877
980.271 5688.65 404.79 0 -12.4877
980.051 5689.64 404.791 0 -12.2845
979.843 5690.6 404.793 0 -12.2845
979.636 5691.55 404.794 0 -12.2845
979.428 5692.5 404.795 0 -12.2845
979.221 5693.45 404.797 0 -12.2845
979.013 5694.41 404.798 0 -12.2845
978.806 5695.36 404.799 0 -12.1184
978.6 5696.32 404.8 0 -12.1184
978.394 5697.28 404.802 0 -12.1184
978.188 5698.24 404.803 0 -12.3405
977.978 5699.2 404.805 0 -12.618
977.764 5700.15 404.807 0 -12.618
977.55 5701.11 404.809 0 -12.5821
977.333 5702.08 404.812 0 -12.5821
977.116 5703.05 404.814 0 -12.5821
976.899 5704.02 404.816 0 -12.5821
976.682 5705 404.819 0 -12.5821
976.466 5705.97 404.821 0 -12.5821
976.249 5706.94 404.823 0 -12.6125
976.03 5707.92 404.826 0 -12.6125
975.811 5708.9 404.828 0 -12.6125
975.592 5709.87 404.83 0 -12.6125
975.373 5710.85 404.833 0 -12.6125
975.154 5711.83 404.835 0 -12.6125
974.935 5712.81 404.837 0 -12.6079
974.716 5713.79 404.84 0 -12.6079
974.498 5714.76 404.842 0 -12.6079
974.279 5715.74 404.844 0 -12.6079
974.061 5716.72 404.847 0 -12.6079
973.843 5717.69 404.849 0 -12.6079
973.624 5718.67 404.851 0 -12.612
973.406 5719.64 404.854 0 -12.612
973.189 5720.62 404.856 0 -12.612
972.971 5721.59 404.858 0 -12.612
972.753 5722.56 404.861 0 -12.612
972.536 5723.53 404.863 0 -12.612
972.318 5724.51 404.865 0 -12.6073
972.101 5725.48 404.868 0 -12.6073
971.884 5726.45 404.87 0 -12.6073
971.667 5727.42 404.872 0 -12.6073
971.449 5728.39 404.875 0 -12.6073
971.232 5729.36 404.877 0 -12.6073
971.015 5730.33 404.879 0 -12.5689
970.798 5731.31 404.882 0 -12.6952
970.578 5732.28 404.884 0 -13.0668
970.352 5733.26 404.887 0 -13.0668
970.126 5734.23 404.891 0 -13.0668
969.9 5735.2 404.894 0 -13.0668
969.674 5736.18 404.897 0 -13.2812
969.441 5737.17 404.9 0 -13.2812
969.208 5738.15 404.904 0 -13.2812
968.974 5739.14 404.907 0 -13.2812
968.741 5740.13 404.91 0 -13.2812
968.508 5741.12 404.914 0 -13.2812
968.274 5742.11 404.917 0 -13.4125
968.032 5743.12 404.92 0 -13.4125
967.79 5744.14 404.924 0 -13.4125
967.548 5745.16 404.927 0 -13.4125
967.305 5746.17 404.93 0 -13.4125
967.063 5747.19 404.934 0 -13.4125
966.821 5748.2 404.937 0 -13.5114
966.568 5749.25 404.941 0 -13.5114
966.316 5750.3 404.944 0 -13.5114
966.064 5751.35 404.948 0 -13.5114
965.812 5752.4 404.951 0 -13.5114
965.559 5753.45 404.955 0 -13.5114
965.307 5754.5 404.958 0 -13.6294
965.045 5755.58 404.962 0 -13.6294
964.783 5756.66 404.965 0 -13.6294
964.521 5757.74 404.969 0 -13.6294
964.259 5758.82 404.972 0 -13.6294
963.997 5759.91 404.976 0 -13.6294
963.735 5760.99 404.98 0 -13.7127
963.468 5762.08 404.983 0 -13.7127
963.201 5763.17 404.987 0 -13.7127
962.935 5764.27 404.991 0 -13.7872
962.666 5765.36 404.994 0 -14.2089
962.39 5766.45 404.999 0 -14.2089
962.114 5767.54 405.003 0 -14.3772
961.837 5768.62 405.008 0 -14.3772
961.56 5769.7 405.012 0 -14.3772
961.283 5770.78 405.017 0 -14.3772
961.006 5771.86 405.021 0 -14.3772
960.729 5772.94 405.026 0 -14.3772
960.453 5774.02 405.03 0 -14.7926
960.174 5775.08 405.035 0 -14.7926
959.896 5776.13 405.039 0 -14.7926
959.618 5777.18 405.043 0 -14.7926
959.34 5778.24 405.048 0 -14.7926
959.062 5779.29 405.052 0 -14.7926
958.784 5780.34 405.056 0 -14.9675
958.505 5781.38 405.061 0 -14.9675
958.227 5782.42 405.065 0 -14.9675
957.949 5783.46 405.069 0 -14.9675
957.671 5784.51 405.074 0 -14.9675
957.393 5785.55 405.078 0 -14.9675
957.114 5786.59 405.082 0 -14.788
956.835 5787.64 405.087 0 -14.788
956.557 5788.7 405.091 0 -14.788
956.278 5789.76 405.095 0 -14.788
955.999 5790.81 405.1 0 -14.788
955.72 5791.87 405.104 0 -14.788
955.441 5792.93 405.108 0 -14.3802
955.164 5794 405.113 0 -14.3802
954.888 5795.08 405.117 0 -14.3802
954.611 5796.16 405.122 0 -14.3802
954.335 5797.24 405.126 0 -14.4372
954.057 5798.32 405.131 0 -14.8747
953.771 5799.39 405.136 0 -14.6032
953.49 5800.47 405.141 0 -14.6032
953.209 5801.55 405.146 0 -14.6032
952.928 5802.63 405.151 0 -14.6032
952.647 5803.71 405.157 0 -14.6032
952.366 5804.79 405.162 0 -14.6032
952.086 5805.87 405.167 0 -14.7114
951.81 5806.92 405.172 0 -14.7114
951.534 5807.97 405.177 0 -14.7114
951.258 5809.02 405.182 0 -14.7114
950.982 5810.07 405.187 0 -14.7114
950.706 5811.12 405.192 0 -14.7114
950.43 5812.17 405.197 0 -14.8024
950.163 5813.18 405.202 0 -14.8024
949.896 5814.19 405.207 0 -14.8024
949.629 5815.2 405.212 0 -14.8024
949.362 5816.21 405.216 0 -14.8024
949.096 5817.22 405.221 0 -14.8024
948.829 5818.23 405.226 0 -14.8175
948.57 5819.21 405.231 0 -14.8175
948.311 5820.19 405.235 0 -14.8175
948.052 5821.16 405.24 0 -14.8175
947.794 5822.14 405.245 0 -14.8175
947.535 5823.12 405.249 0 -14.8175
947.276 5824.1 405.254 0 -14.7455
947.022 5825.06 405.259 0 -14.7455
946.768 5826.03 405.263 0 -14.7455
946.514 5826.99 405.268 0 -14.7455
946.26 5827.96 405.273 0 -14.7455
946.006 5828.93 405.277 0 -14.7455
945.752 5829.89 405.282 0 -14.7423
945.498 5830.85 405.286 0 -15.0647
945.239 5831.82 405.291 0 -15.2349
944.977 5832.78 405.296 0 -15.2349
944.715 5833.74 405.301 0 -15.2349
944.454 5834.7 405.307 0 -15.2349
944.192 5835.66 405.312 0 -15.238
943.929 5836.63 405.317 0 -15.238
943.666 5837.59 405.322 0 -15.238
943.403 5838.56 405.327 0 -15.238
943.14 5839.52 405.332 0 -15.238
942.877 5840.49 405.337 0 -15.238
942.614 5841.45 405.342 0 -15.2443
942.351 5842.42 405.347 0 -15.2443
942.088 5843.39 405.353 0 -15.2443
941.824 5844.35 405.358 0 -15.2443
941.561 5845.32 405.363 0 -15.2443
941.298 5846.28 405.368 0 -15.2443
941.035 5847.25 405.373 0 -15.2379
940.771 5848.22 405.378 0 -15.2379
940.508 5849.18 405.383 0 -15.2379
940.245 5850.15 405.388 0 -15.2379
939.982 5851.12 405.393 0 -15.2379
939.718 5852.08 405.399 0 -15.2379
939.455 5853.05 405.404 0 -15.2348
939.192 5854.01 405.409 0 -15.2348
938.93 5854.98 405.414 0 -15.2348
938.667 5855.94 405.419 0 -15.2348
938.404 5856.91 405.424 0 -15.2348
938.142 5857.87 405.429 0 -15.2348
937.879 5858.84 405.434 0 -15.2381
937.617 5859.8 405.439 0 -15.2381
937.355 5860.76 405.444 0 -15.2381
937.093 5861.72 405.45 0 -15.2381
936.831 5862.68 405.455 0 -15.2381
936.569 5863.64 405.46 0 -15.4873
936.303 5864.6 405.465 0 -15.7286
936.032 5865.57 405.47 0 -15.7286
935.761 5866.53 405.476 0 -15.7286
935.49 5867.49 405.481 0 -15.7286
935.219 5868.45 405.487 0 -15.7286
934.948 5869.41 405.492 0 -15.7286
934.677 5870.38 405.498 0 -15.7753
934.401 5871.35 405.503 0 -15.7753
934.125 5872.33 405.509 0 -15.7753
933.849 5873.31 405.514 0 -15.7753
933.573 5874.29 405.52 0 -15.7753
933.297 5875.26 405.525 0 -15.7753
933.021 5876.24 405.531 0 -15.7304
932.735 5877.26 405.537 0 -15.7304
932.449 5878.27 405.542 0 -15.7304
932.162 5879.29 405.548 0 -15.7304
931.876 5880.31 405.554 0 -15.7304
931.59 5881.32 405.56 0 -15.7304
931.303 5882.34 405.565 0 -15.7033
931.019 5883.35 405.571 0 -15.7033
930.734 5884.36 405.577 0 -15.7033
930.45 5885.37 405.583 0 -15.7033
930.165 5886.39 405.588 0 -15.7033
929.881 5887.4 405.594 0 -15.7033
929.596 5888.41 405.6 0 -15.6779
929.323 5889.38 405.605 0 -15.6779
929.051 5890.35 405.611 0 -15.6779
928.778 5891.33 405.616 0 -15.6779
928.505 5892.3 405.622 0 -15.6779
928.232 5893.27 405.627 0 -15.6779
927.96 5894.24 405.633 0 -15.7032
927.679 5895.24 405.638 0 -15.7032
927.398 5896.24 405.644 0 -15.8259
927.115 5897.24 405.65 0 -16.1918
926.826 5898.23 405.656 0 -16.1918
926.537 5899.23 405.661 0 -16.1918
926.248 5900.22 405.667 0 -16.1691
925.939 5901.29 405.674 0 -16.1691
925.629 5902.36 405.68 0 -16.1691
925.32 5903.42 405.686 0 -16.1691
925.01 5904.49 405.692 0 -16.1691
924.701 5905.56 405.699 0 -16.1691
924.392 5906.63 405.705 0 -16.1323
924.067 5907.75 405.712 0 -16.1323
923.742 5908.87 405.718 0 -16.1323
923.417 5910 405.725 0 -16.1323
923.092 5911.12 405.731 0 -16.1323
922.767 5912.24 405.738 0 -16.1323
922.442 5913.37 405.745 0 -16.1487
922.097 5914.56 405.752 0 -16.1487
921.752 5915.75 405.759 0 -16.1487
921.407 5916.94 405.766 0 -16.1487
921.061 5918.13 405.773 0 -16.1487
920.716 5919.33 405.78 0 -16.1487
920.371 5920.52 405.787 0 -16.3249
920.006 5921.76 405.794 0 -16.3249
919.642 5923.01 405.801 0 -16.3249
919.277 5924.25 405.809 0 -16.3249
918.912 5925.5 405.816 0 -16.3249
918.548 5926.74 405.823 0 -16.3249
918.183 5927.99 405.831 0 -16.3555
917.815 5929.24 405.838 0 -16.6289
917.44 5930.5 405.846 0 -16.8421
917.061 5931.75 405.853 0 -16.8421
916.682 5933 405.861 0 -16.8421
916.303 5934.25 405.868 0 -16.8421
915.924 5935.5 405.875 0 -16.845
915.547 5936.75 405.883 0 -16.845
915.169 5938 405.89 0 -16.845
914.791 5939.25 405.898 0 -16.845
914.413 5940.5 405.905 0 -16.845
914.035 5941.74 405.913 0 -16.845
913.657 5942.99 405.92 0 -16.8426
913.28 5944.24 405.928 0 -16.8426
912.902 5945.49 405.935 0 -16.8426
912.524 5946.74 405.943 0 -16.8426
912.146 5947.98 405.95 0 -16.8426
911.768 5949.23 405.957 0 -16.8426
911.391 5950.48 405.965 0 -16.8443
911.011 5951.73 405.972 0 -16.8443
910.632 5952.99 405.98 0 -16.8443
910.252 5954.24 405.987 0 -16.8443
909.873 5955.49 405.995 0 -16.8443
909.494 5956.75 406.002 0 -16.8443
909.114 5958 406.01 0 -16.8161
908.738 5959.24 406.017 0 -16.8161
908.362 5960.49 406.025 0 -16.8161
907.986 5961.73 406.032 0 -16.8635
907.608 5962.98 405.968 0 -16.9512
907.228 5964.22 405.935 0 -16.9245
906.849 5965.47 405.925 0 -16.8238
906.482 5966.68 405.93 0 -16.8658
906.115 5967.89 405.947 0 -16.9413
905.746 5969.11 405.969 0 -17.05
905.375 5970.32 405.993 0 -17.1916
905.001 5971.53 406.013 0 -17.3659
904.623 5972.73 406.026 0 -17.2002
904.275 5973.86 406.034 0 -17.1404
903.915 5975.03 406.04 0 -17.1404
903.555 5976.19 406.047 0 -17.1404
903.195 5977.36 406.053 0 -17.1404
902.836 5978.52 406.06 0 -17.1404
902.476 5979.69 406.066 0 -17.1897
902.13 5980.81 406.073 0 -17.1897
901.784 5981.93 406.079 0 -17.1897
901.438 5983.05 406.085 0 -17.2734
901.09 5984.16 406.091 0 -17.4337
900.74 5985.28 406.097 0 -17.4337
900.389 5986.4 406.102 0 -17.2266
900.049 5987.49 406.108 0 -17.2266
899.709 5988.59 406.113 0 -17.2266
899.369 5989.69 406.119 0 -17.2266
899.03 5990.78 406.124 0 -17.2266
898.69 5991.88 406.13 0 -17.2266
898.35 5992.97 406.135 0 -17.0385
898.013 5994.07 406.141 0 -17.1391
897.674 5995.17 406.146 0 -17.2509
897.333 5996.27 406.151 0 -17.2509
896.992 5997.37 406.156 0 -17.2509
896.65 5998.47 406.161 0 -17.2509
896.309 5999.57 406.166 0 -17.2525
895.965 6000.67 406.171 0 -17.2525
895.622 6001.78 406.176 0 -17.2525
895.278 6002.89 406.181 0 -17.2525
894.934 6004 406.186 0 -17.2525
894.59 6005.1 406.192 0 -17.3651
894.244 6006.21 406.197 0 -17.3993
893.895 6007.32 406.201 0 -17.3993
893.546 6008.44 406.206 0 -17.3993
893.197 6009.55 406.211 0 -17.3993
892.848 6010.67 406.216 0 -17.3993
892.498 6011.78 406.221 0 -17.3993
892.149 6012.89 406.226 0 -17.4339
891.796 6014.02 406.231 0 -17.4339
891.443 6015.14 406.236 0 -17.4339
891.09 6016.27 406.241 0 -17.5682
890.735 6017.39 406.246 0 -17.583
890.379 6018.51 406.251 0 -17.583
890.023 6019.64 406.256 1010148 0
