-940.264 -5826.2 302.247 0 -32.6787
-941.004 -5825.05 302.263 0 -32.6787
-941.745 -5823.89 302.28 0 -32.6787
-942.485 -5822.74 302.297 0 -32.6787
-943.225 -5821.59 302.314 0 -32.6787
-943.965 -5820.43 302.331 0 -32.6787
-944.705 -5819.28 302.347 0 -32.6565
-945.455 -5818.11 302.364 0 -32.6565
-946.206 -5816.94 302.381 0 -32.6565
-946.956 -5815.77 302.398 0 -32.6565
-947.706 -5814.6 302.415 0 -32.6565
-948.456 -5813.43 302.433 0 -32.6565
-949.206 -5812.26 302.45 0 -32.6584
-949.955 -5811.09 302.467 0 -32.6584
-950.704 -5809.92 302.484 0 -32.6584
-951.453 -5808.75 302.501 0 -32.6584
-952.202 -5807.58 302.518 0 -32.6584
-952.95 -5806.41 302.535 0 -32.6583
-953.699 -5805.25 302.552 0 -32.7277
-954.432 -5804.11 302.568 0 -30.5649
-955.12 -5802.94 302.584 0 -30.5135
-955.808 -5801.77 302.6 0 -30.5135
-956.496 -5800.61 302.616 0 -30.5135
-957.184 -5799.44 302.632 0 -30.5135
-957.871 -5798.27 302.648 0 -30.5082
-958.547 -5797.12 302.664 0 -30.5082
-959.223 -5795.98 302.68 0 -30.5082
-959.899 -5794.83 302.696 0 -30.5082
-960.574 -5793.68 302.711 0 -30.5082
-961.25 -5792.54 302.727 0 -30.5082
-961.926 -5791.39 302.743 0 -30.3232
-962.605 -5790.23 302.759 0 -30.3232
-963.284 -5789.07 302.775 0 -30.3231
-963.963 -5787.91 302.79 0 -30.3231
-964.643 -5786.75 302.806 0 -30.3231
-965.322 -5785.58 302.822 0 -30.3231
-966.001 -5784.42 302.838 0 -30.3249
-966.693 -5783.24 302.854 0 -30.3249
-967.384 -5782.06 302.871 0 -30.3249
-968.076 -5780.88 302.887 0 -28.449
-968.729 -5779.67 302.903 0 -28.1204
-969.374 -5778.46 302.919 0 -28.1204
-970.02 -5777.25 302.935 0 -28.0926
-970.669 -5776.04 302.951 0 -28.0925
-971.319 -5774.82 302.967 0 -28.0925
-971.968 -5773.61 302.983 0 -28.0925
-972.617 -5772.39 302.999 0 -28.0925
-973.266 -5771.17 303.015 0 -28.0925
-973.915 -5769.96 303.031 0 -28.1687
-974.556 -5768.76 303.047 0 -28.1687
-975.197 -5767.56 303.063 0 -28.1687
-975.837 -5766.37 303.078 0 -28.1687
-976.478 -5765.17 303.094 0 -28.1686
-977.119 -5763.97 303.11 0 -28.1686
-977.76 -5762.78 303.126 0 -28.133
-978.39 -5761.6 303.141 0 -28.133
-979.02 -5760.42 303.157 0 -28.133
-979.651 -5759.24 303.172 0 -28.133
-980.281 -5758.06 303.188 0 -28.133
-980.911 -5756.88 303.204 0 -26.6451
-981.511 -5755.69 303.219 0 -26.0395
-982.106 -5754.47 303.235 0 -26.0394
-982.701 -5753.25 303.251 0 -26.0394
-983.296 -5752.03 303.267 0 -26.0394
-983.891 -5750.82 303.282 0 -26.0394
-984.487 -5749.6 303.298 0 -26.0394
-985.082 -5748.38 303.314 0 -25.9381
-985.694 -5747.12 303.33 0 -25.9381
-986.306 -5745.86 303.347 0 -25.9381
-986.918 -5744.61 303.363 0 -25.9381
-987.53 -5743.35 303.379 0 -25.9381
-988.142 -5742.09 303.396 0 -25.938
-988.754 -5740.83 303.412 0 -25.855
-989.379 -5739.54 303.429 0 -25.8549
-990.004 -5738.25 303.445 0 -25.8549
-990.628 -5736.96 303.462 0 -25.8549
-991.253 -5735.67 303.479 0 -25.8549
-991.877 -5734.39 303.496 0 -25.8549
-992.502 -5733.1 303.512 0 -25.9125
-993.127 -5731.81 303.529 0 -21.4229
-993.65 -5730.48 303.538 0 -24.3835
-994.241 -5729.17 303.553 0 -24.3834
-994.832 -5727.87 303.568 0 -24.3834
-995.423 -5726.57 303.584 0 -24.3834
-996.014 -5725.26 303.599 0 -24.4444
-996.6 -5723.97 303.614 0 -24.4444
-997.185 -5722.68 303.629 0 -24.4444
-997.771 -5721.4 303.645 0 -24.4444
-998.357 -5720.11 303.66 0 -24.4444
-998.943 -5718.82 303.675 0 -23.5861
-999.509 -5717.52 303.69 0 -22.8774
-1000.06 -5716.22 303.706 0 -22.8774
-1000.61 -5714.92 303.722 0 -22.8774
-1001.16 -5713.61 303.738 0 -22.8774
-1001.71 -5712.31 303.754 0 -22.8774
-1002.26 -5711.01 303.77 0 -22.8774
-1002.81 -5709.7 303.786 0 -22.7943
-1003.37 -5708.37 303.802 0 -22.7943
-1003.93 -5707.04 303.818 0 -22.7943
-1004.49 -5705.71 303.834 0 -22.7943
-1005.04 -5704.38 303.85 0 -22.7943
-1005.6 -5703.05 303.866 0 -22.7943
-1006.16 -5701.72 303.883 0 -22.7267
-1006.74 -5700.35 303.899 0 -22.7267
-1007.31 -5698.98 303.916 0 -21.5838
-1007.86 -5697.6 303.933 0 -21.0539
-1008.39 -5696.21 303.951 0 -21.0539
-1008.92 -5694.83 303.969 0 -21.0539
-1009.46 -5693.44 303.987 50149 -21.1606
-1010.01 -5692.02 304.005 50149 -21.1606
-1010.56 -5690.6 304.024 50149 -21.1606
-1011.11 -5689.18 304.042 50149 -21.1606
-1011.66 -5687.75 304.06 50149 -21.1606
-1012.21 -5686.33 304.079 50149 -21.1606
-1012.76 -5684.91 304.097 50149 -21.2168
-1013.32 -5683.45 304.116 50149 -21.2168
-1013.89 -5682 304.135 50149 -21.2168
-1014.46 -5680.54 304.154 50149 -21.2168
-1015.02 -5679.08 304.172 50149 -20.068
-1015.56 -5677.61 304.192 50149 -19.5002
-1016.08 -5676.14 304.213 50149 -19.4337
-1016.61 -5674.64 304.234 50149 -19.4337
-1017.14 -5673.13 304.255 50149 -19.4337
-1017.67 -5671.62 304.276 50149 -19.4337
-1018.21 -5670.12 304.297 50149 -19.4337
-1018.74 -5668.61 304.318 50149 -19.4337
-1019.27 -5667.1 304.339 50149 -19.5434
-1019.81 -5665.58 304.36 50149 -19.5434
-1020.35 -5664.06 304.382 50149 -19.5434
-1020.89 -5662.54 304.403 50149 -19.5434
-1021.43 -5661.02 304.424 50149 -19.5434
-1021.97 -5659.5 304.445 50149 -19.098
-1022.5 -5657.98 304.467 50149 -18.0833
-1022.99 -5656.45 304.491 50149 -18.0833
-1023.49 -5654.92 304.514 50149 -18.0833
-1023.99 -5653.39 304.538 50149 -18.0833
-1024.49 -5651.86 304.561 50149 -18.0833
-1024.99 -5650.33 304.585 50149 -18.0833
-1025.49 -5648.8 304.608 50149 -18.1314
-1025.99 -5647.28 304.632 50149 -18.1314
-1026.49 -5645.75 304.655 50149 -18.1314
-1026.99 -5644.23 304.679 50149 -18.1314
-1027.49 -5642.71 304.702 50149 -18.1314
-1027.98 -5641.19 304.725 50149 -18.1314
-1028.48 -5639.66 304.749 50149 -18.0771
-1028.98 -5638.13 304.772 50149 -16.5914
-1029.44 -5636.58 304.798 50149 -16.2859
-1029.9 -5635.03 304.825 50149 -16.2859
-1030.35 -5633.49 304.851 50149 -16.2859
-1030.8 -5631.94 304.877 50149 -16.2859
-1031.25 -5630.39 304.904 50149 -16.1933
-1031.71 -5628.81 304.931 50149 -16.1933
-1032.17 -5627.24 304.957 50149 -16.1933
-1032.63 -5625.66 304.984 50149 -16.1933
-1033.08 -5624.09 305.011 50149 -16.1933
-1033.54 -5622.51 305.038 50149 -16.1933
-1034 -5620.94 305.065 50149 -16.1799
-1034.46 -5619.34 305.092 50149 -16.1799
-1034.93 -5617.74 305.119 50149 -15.1555
-1035.36 -5616.13 305.148 50149 -14.3588
-1035.78 -5614.52 305.179 50149 -14.3588
-1036.19 -5612.9 305.21 50149 -14.3588
-1036.6 -5611.29 305.24 50149 -14.5166
-1037.02 -5609.67 305.271 50149 -14.5166
-1037.44 -5608.05 305.302 50149 -14.5166
-1037.86 -5606.42 305.333 50149 -14.5165
-1038.28 -5604.8 305.363 50149 -14.5165
-1038.7 -5603.18 305.394 50149 -14.5165
-1039.12 -5601.56 305.425 50149 -14.5431
-1039.54 -5599.94 305.456 50149 -14.5431
-1039.96 -5598.31 305.487 50149 -14.5431
-1040.38 -5596.69 305.517 50149 -13.6171
-1040.78 -5595.06 305.55 50149 -12.6973
-1041.15 -5593.43 305.585 50149 -12.6973
-1041.52 -5591.79 305.619 50149 -12.6765
-1041.88 -5590.16 305.654 50149 -12.6765
-1042.25 -5588.52 305.689 50149 -12.6765
-1042.62 -5586.89 305.723 50149 -12.6765
-1042.99 -5585.25 305.758 50149 -12.6765
-1043.35 -5583.62 305.792 50149 -12.6765
-1043.72 -5581.99 305.827 50149 -12.6784
-1044.09 -5580.35 305.862 50149 -12.6784
-1044.46 -5578.72 305.896 50149 -12.6784
-1044.82 -5577.08 305.931 50149 -12.6784
-1045.19 -5575.45 305.966 50149 -12.0231
-1045.54 -5573.81 306.002 50149 -10.8138
-1045.85 -5572.17 306.041 50149 -10.8119
-1046.17 -5570.52 306.079 50149 -10.8119
-1046.48 -5568.88 306.118 50149 -10.8119
-1046.8 -5567.23 306.157 50149 -10.8119
-1047.11 -5565.59 306.196 50149 -10.8119
-1047.43 -5563.94 306.235 50149 -10.8119
-1047.74 -5562.3 306.274 50149 -10.8116
-1048.05 -5560.65 306.313 50149 -10.8116
-1048.37 -5559 306.352 50149 -10.8116
-1048.68 -5557.35 306.391 50149 -10.8116
-1049 -5555.71 306.43 50149 -10.8116
-1049.31 -5554.06 306.469 50149 -10.661
-1049.62 -5552.41 306.508 50149 -8.93632
-1049.88 -5550.76 306.551 50149 -8.93632
-1050.14 -5549.11 306.595 50149 -8.93632
-1050.4 -5547.46 306.638 50149 -8.93632
-1050.66 -5545.81 306.682 50149 -8.93632
-1050.92 -5544.15 306.725 50149 -8.93631
-1051.18 -5542.5 306.769 50149 -8.93571
-1051.44 -5540.87 306.812 50149 -8.93571
-1051.7 -5539.23 306.855 50149 -8.93571
-1051.95 -5537.59 306.898 50149 -8.93571
-1052.21 -5535.96 306.941 50149 -8.9357
-1052.47 -5534.32 306.984 50149 -8.9357
-1052.73 -5532.68 307.027 50149 -8.90918
-1052.98 -5531.05 307.07 50149 -7.27611
-1053.19 -5529.41 307.12 60149 -7.86384
-1053.42 -5527.78 307.166 60149 -7.86384
-1053.64 -5526.14 307.212 60149 -7.86384
-1053.87 -5524.5 307.259 60149 -7.86384
-1054.09 -5522.87 307.305 60149 -7.80389
-1054.32 -5521.22 307.352 60149 -7.80389
-1054.54 -5519.58 307.398 60149 -7.80389
-1054.77 -5517.94 307.445 60149 -7.6586
-1054.99 -5516.3 307.491 60149 -6.21334
-1055.17 -5514.65 307.539 60149 -6.21334
-1055.35 -5513 307.587 60149 -6.21093
-1055.53 -5511.34 307.635 60149 -6.21093
-1055.71 -5509.68 307.683 60149 -6.21093
-1055.89 -5508.02 307.731 60149 -6.21093
-1056.07 -5506.36 307.78 60149 -6.21093
-1056.25 -5504.7 307.828 60149 -6.21093
-1056.43 -5503.03 307.876 60149 -6.21068
-1056.62 -5501.37 307.924 60149 -6.21068
-1056.8 -5499.7 307.973 60149 -6.21068
-1056.98 -5498.03 308.021 60149 -5.37618
-1057.14 -5496.36 308.07 60149 -4.60686
-1057.27 -5494.69 308.119 60149 -4.60686
-1057.41 -5493.01 308.169 60149 -4.60888
-1057.54 -5491.34 308.218 60149 -4.60888
-1057.67 -5489.67 308.267 60149 -4.60888
-1057.81 -5488 308.317 60149 -4.60888
-1057.94 -5486.33 308.366 60149 -4.60888
-1058.08 -5484.66 308.415 60149 -4.60887
-1058.21 -5483 308.464 60149 -4.60697
-1058.35 -5481.33 308.514 60149 -4.60697
-1058.48 -5479.66 308.563 60149 -4.60697
-1058.62 -5477.99 308.612 60149 -3.05244
-1058.71 -5476.31 308.662 60149 -2.99254
-1058.79 -5474.64 308.712 60149 -2.99254
-1058.88 -5472.97 308.762 60149 -2.99444
-1058.97 -5471.3 308.812 60149 -2.99444
-1059.06 -5469.62 308.862 60149 -2.99444
-1059.14 -5467.95 308.912 60149 -2.99444
-1059.23 -5466.28 308.962 60149 -2.99444
-1059.32 -5464.61 309.012 60149 -2.99444
-1059.41 -5462.93 309.063 60149 -2.99254
-1059.49 -5461.26 309.113 60149 -2.99254
-1059.58 -5459.59 309.163 60149 -2.38981
-1059.65 -5457.91 309.213 60149 -1.37026
-1059.69 -5456.24 309.263 60149 -1.37026
-1059.73 -5454.57 309.314 60149 -1.37026
-1059.77 -5452.89 309.365 60149 -1.37216
-1059.81 -5451.22 309.415 60149 -1.37216
-1059.85 -5449.54 309.466 60149 -1.37216
-1059.89 -5447.87 309.516 60149 -1.37216
-1059.93 -5446.19 309.567 60149 -1.37216
-1059.97 -5444.52 309.617 60149 -1.37216
-1060.01 -5442.84 309.668 60149 -1.37215
-1060.05 -5441.17 309.719 60149 -1.37215
-1060.09 -5439.49 309.769 60149 -0.165225
-1060.1 -5437.82 309.82 60149 0.255144
-1060.09 -5436.14 309.871 60149 0.255144
-1060.08 -5434.47 309.922 60149 0.255144
-1060.07 -5432.79 309.973 60149 0.257045
-1060.07 -5431.12 310.023 60149 0.257045
-1060.06 -5429.44 310.074 60149 0.257045
-1060.05 -5427.77 310.125 60149 0.257046
-1060.04 -5426.09 310.176 60149 0.257046
-1060.04 -5424.42 310.227 60149 0.257046
-1060.03 -5422.74 310.278 60149 0.255134
-1060.02 -5421.07 310.329 60149 0.357785
-1060.01 -5419.4 310.379 60149 1.88458
-1059.96 -5417.72 310.43 60149 1.88458
-1059.9 -5416.05 310.481 60149 1.88458
-1059.85 -5414.37 310.532 60149 1.88458
-1059.79 -5412.7 310.583 60149 1.88649
-1059.74 -5411.03 310.634 60149 1.88649
-1059.68 -5409.35 310.685 60149 1.88649
-1059.63 -5407.68 310.736 60149 1.88649
-1059.57 -5406 310.787 60149 1.88649
-1059.51 -5404.33 310.838 60149 1.88649
-1059.46 -5402.66 310.889 60149 1.88459
-1059.4 -5400.98 310.939 60149 2.41468
-1059.33 -5399.31 310.99 60149 3.51328
-1059.23 -5397.64 311.041 60149 3.51328
-1059.13 -5395.96 311.092 60149 3.51328
-1059.03 -5394.29 311.143 60149 3.51328
-1058.92 -5392.62 311.193 60149 3.51518
-1058.82 -5390.95 311.244 60149 3.51518
-1058.72 -5389.28 311.295 60149 3.51518
-1058.62 -5387.6 311.345 60149 3.51518
-1058.51 -5385.93 311.396 60149 3.51518
-1058.41 -5384.26 311.447 60149 3.51518
-1058.31 -5382.59 311.498 60149 3.51518
-1058.2 -5380.92 311.548 60149 4.36045
-1058.08 -5379.25 311.599 60149 5.14023
-1057.93 -5377.58 311.649 60149 5.14023
-1057.78 -5375.91 311.7 60149 5.14023
-1057.63 -5374.24 311.75 60149 5.14023
-1057.48 -5372.57 311.8 60149 5.13643
-1057.33 -5370.9 311.851 60149 5.13643
-1057.18 -5369.23 311.901 60149 5.13643
-1057.03 -5367.57 311.951 60149 5.13643
-1056.88 -5365.9 312.002 60149 5.13643
-1056.73 -5364.23 312.052 60149 5.13643
-1056.58 -5362.56 312.102 60149 5.14023
-1056.43 -5360.89 312.153 60149 6.16948
-1056.25 -5359.23 312.202 60149 6.7588
-1056.05 -5357.56 312.252 60149 6.7588
-1055.85 -5355.9 312.302 60149 6.7588
-1055.66 -5354.24 312.352 60149 6.7588
-1055.46 -5352.57 312.401 60149 6.7588
-1055.26 -5350.91 312.451 60149 6.7588
-1055.06 -5349.25 312.501 60149 6.7588
-1054.87 -5347.58 312.55 60149 6.7588
-1054.67 -5345.92 312.6 60149 6.7588
-1054.47 -5344.25 312.65 60149 6.7588
-1054.28 -5342.59 312.699 60149 6.7569
-1054.08 -5340.93 312.749 60149 10.0402
-1053.79 -5339.28 312.799 70149 8.53042
-1053.54 -5337.63 312.849 70149 8.53042
-1053.29 -5335.98 312.899 70149 8.53042
-1053.04 -5334.33 312.948 70149 8.53042
-1052.8 -5332.68 312.998 70149 8.53233
-1052.55 -5331.03 313.048 70149 8.53233
-1052.3 -5329.38 313.097 70149 8.53233
-1052.05 -5327.73 313.147 70149 8.53233
-1051.81 -5326.08 313.197 70149 8.53233
-1051.56 -5324.43 313.246 70149 8.53233
-1051.31 -5322.78 313.296 70149 8.53233
-1051.06 -5321.13 313.346 70149 8.53233
-1050.82 -5319.48 313.395 70149 8.53233
-1050.57 -5317.83 313.445 70149 8.53233
-1050.32 -5316.18 313.495 70149 8.53233
-1050.07 -5314.53 313.544 70149 8.53233
-1049.83 -5312.87 313.594 70149 8.53233
-1049.58 -5311.22 313.644 70149 10.0974
-1049.29 -5309.58 313.689 70149 11.3791
-1048.96 -5307.95 313.731 70149 11.3791
-1048.63 -5306.31 313.772 70149 11.3791
-1048.3 -5304.67 313.814 70149 11.3791
-1047.97 -5303.04 313.856 70149 11.3772
-1047.64 -5301.4 313.898 70149 11.3772
-1047.31 -5299.76 313.939 70149 11.3772
-1046.98 -5298.13 313.981 70149 11.3772
-1046.65 -5296.49 314.023 70149 11.3772
-1046.32 -5294.86 314.065 70149 11.3772
-1045.99 -5293.22 314.106 70149 11.3791
-1045.66 -5291.58 314.148 70149 11.3791
-1045.33 -5289.95 314.19 70149 11.3791
-1045 -5288.31 314.232 70149 11.3791
-1044.68 -5286.68 314.273 70149 11.3791
-1044.35 -5285.04 314.315 70149 11.3791
-1044.02 -5283.4 314.357 70149 11.3772
-1043.69 -5281.77 314.399 70149 11.3772
-1043.36 -5280.13 314.44 70149 11.3772
-1043.03 -5278.49 314.482 70149 12.4256
-1042.67 -5276.86 314.521 70149 13.724
-1042.27 -5275.24 314.555 70149 13.724
-1041.88 -5273.62 314.59 70149 13.724
-1041.48 -5272 314.624 70149 13.724
-1041.09 -5270.38 314.659 70149 13.724
-1040.69 -5268.75 314.694 70149 13.724
-1040.29 -5267.13 314.728 70149 13.724
-1039.9 -5265.51 314.763 70149 13.724
-1039.5 -5263.89 314.798 70149 13.7259
-1039.11 -5262.27 314.832 70149 13.7259
-1038.71 -5260.65 314.867 70149 13.7259
-1038.31 -5259.03 314.901 70149 13.7259
-1037.92 -5257.41 314.936 70149 13.7259
-1037.52 -5255.79 314.97 70149 13.7259
-1037.13 -5254.17 315.005 70149 13.7239
-1036.73 -5252.55 315.039 70149 13.7239
-1036.34 -5250.93 315.074 70149 13.7239
-1035.94 -5249.31 315.108 70149 13.7239
-1035.55 -5247.7 315.143 70149 13.7239
-1035.15 -5246.08 315.178 70149 14.1625
-1034.74 -5244.46 315.211 70149 15.5799
-1034.3 -5242.86 315.239 70149 15.5799
-1033.85 -5241.25 315.267 70149 15.5799
-1033.4 -5239.64 315.295 70149 15.5799
-1032.95 -5238.03 315.324 70149 15.5799
-1032.5 -5236.42 315.352 70149 15.5799
-1032.05 -5234.82 315.38 70149 15.5237
-1031.6 -5233.19 315.409 70149 15.5237
-1031.15 -5231.57 315.437 70149 15.5237
-1030.7 -5229.95 315.466 70149 15.5237
-1030.25 -5228.33 315.494 70149 15.5237
-1029.8 -5226.71 315.523 70149 15.5237
-1029.35 -5225.08 315.552 70149 15.5163
-1028.89 -5223.43 315.581 70149 15.5163
-1028.43 -5221.78 315.61 70149 15.5163
-1027.98 -5220.13 315.639 70149 15.5163
-1027.52 -5218.48 315.668 70149 15.5163
-1027.06 -5216.83 315.697 70149 15.5163
-1026.6 -5215.18 315.726 70149 15.566
-1026.13 -5213.5 315.755 70149 15.8782
-1025.66 -5211.82 315.784 70149 16.9281
-1025.15 -5210.15 315.807 70149 16.9281
-1024.64 -5208.48 315.831 70149 16.9281
-1024.13 -5206.81 315.855 70149 16.9281
-1023.62 -5205.14 315.879 70149 16.8967
-1023.11 -5203.45 315.903 70149 16.8967
-1022.59 -5201.76 315.927 70149 16.8967
-1022.08 -5200.06 315.952 70149 16.8967
-1021.57 -5198.37 315.976 70149 16.8967
-1021.05 -5196.68 316 70149 16.8967
-1020.54 -5194.98 316.024 70149 16.8027
-1020.02 -5193.28 316.049 70149 16.8027
-1019.51 -5191.57 316.073 70149 16.8027
-1018.99 -5189.86 316.097 70149 16.8027
-1018.48 -5188.16 316.122 70149 16.8027
-1017.96 -5186.45 316.146 70149 16.8027
-1017.45 -5184.75 316.171 70149 16.79
-1016.93 -5183.04 316.195 70149 16.79
-1016.42 -5181.34 316.219 70149 16.8441
-1015.9 -5179.63 316.243 70149 17.6242
-1015.36 -5177.94 316.263 70149 17.6736
-1014.82 -5176.24 316.282 70149 17.6736
-1014.28 -5174.54 316.302 70149 17.7133
-1013.74 -5172.86 316.321 70149 17.7133
-1013.21 -5171.18 316.34 70149 17.7133
-1012.67 -5169.5 316.36 70149 17.7133
-1012.13 -5167.82 316.379 70149 17.7133
-1011.6 -5166.14 316.398 70149 17.7133
-1011.06 -5164.46 316.417 70149 17.7455
-1010.53 -5162.8 316.436 70149 17.7455
-1010 -5161.14 316.455 70149 17.7455
-1009.47 -5159.49 316.474 70149 17.7455
-1008.94 -5157.83 316.493 70149 17.7455
-1008.41 -5156.18 316.512 70149 17.7455
-1007.88 -5154.52 316.531 70149 17.6392
-1007.36 -5152.89 316.55 70149 17.6393
-1006.84 -5151.26 316.569 70149 17.6393
-1006.32 -5149.63 316.587 70149 17.6393
-1005.8 -5148 316.606 70149 17.8298
-1005.28 -5146.37 316.623 70149 18.0516
-1004.75 -5144.74 316.638 70149 18.1581
-1004.22 -5143.13 316.652 70149 18.1581
-1003.69 -5141.52 316.667 70149 18.1581
-1003.17 -5139.91 316.682 70149 18.1581
-1002.64 -5138.3 316.696 70149 18.1581
-1002.11 -5136.69 316.711 70149 18.1581
-1001.58 -5135.08 316.726 70149 18.3369
-1001.05 -5133.48 316.74 70149 18.3369
-1000.52 -5131.88 316.755 70149 18.3369
-999.992 -5130.28 316.769 70149 18.3369
-999.463 -5128.68 316.784 70149 18.3369
-998.933 -5127.09 316.798 70149 18.3369
-998.403 -5125.49 316.813 70149 18.2991
-997.88 -5123.91 316.827 70149 18.2991
-997.356 -5122.32 316.842 70149 18.2991
-996.832 -5120.74 316.856 70149 18.2991
-996.309 -5119.15 316.87 70149 18.2991
-995.785 -5117.57 316.885 70149 18.2991
-995.261 -5115.99 316.899 70149 18.2338
-994.747 -5114.43 316.913 70149 18.1861
-994.235 -5112.87 316.924 70149 18.1861
-993.722 -5111.31 316.936 70149 18.1861
-993.21 -5109.75 316.947 70149 18.1861
-992.697 -5108.19 316.958 70149 18.1861
-992.184 -5106.63 316.969 70149 18.1301
-991.681 -5105.09 316.98 70149 18.1301
-991.179 -5103.55 316.991 70149 18.1301
-990.676 -5102.02 317.002 70149 18.1301
-990.173 -5100.48 317.014 70149 18.1301
-989.67 -5098.95 317.025 70149 18.1301
-989.167 -5097.41 317.036 70149 18.2324
-988.669 -5095.9 317.047 70149 18.2324
-988.172 -5094.39 317.057 70149 18.2324
-987.674 -5092.88 317.068 70149 18.2324
-987.176 -5091.37 317.079 70149 18.2324
-986.679 -5089.86 317.09 70149 18.2324
-986.181 -5088.35 317.101 70149 18.2854
-985.692 -5086.87 317.112 70149 18.2854
-985.204 -5085.39 317.122 70149 18.2854
-984.715 -5083.91 317.133 70149 18.2854
-984.226 -5082.43 317.144 70149 17.8674
-983.748 -5080.95 317.153 70149 17.7627
-983.273 -5079.46 317.161 70149 17.651
-982.811 -5078.01 317.17 70149 17.651
-982.348 -5076.56 317.178 70149 17.651
-981.886 -5075.11 317.187 70149 17.651
-981.424 -5073.65 317.195 70149 17.651
-980.962 -5072.2 317.203 70149 17.651
-980.5 -5070.75 317.212 70149 17.739
-980.042 -5069.32 317.22 70149 17.739
-979.584 -5067.89 317.229 70149 17.739
-979.126 -5066.46 317.237 70149 17.739
-978.669 -5065.02 317.245 70149 17.739
-978.211 -5063.59 317.253 70149 17.739
-977.753 -5062.16 317.262 0 17.7391
-977.297 -5060.74 317.27 0 17.7391
-976.841 -5059.31 317.278 0 17.7391
-976.385 -5057.89 317.287 0 17.7391
-975.929 -5056.46 317.295 0 17.7391
-975.473 -5055.03 317.303 0 17.7391
-975.017 -5053.61 317.311 70149 17.739
-974.559 -5052.18 317.32 70149 17.739
-974.102 -5050.75 317.328 70149 17.5502
-973.649 -5049.32 317.336 70149 16.7437
-973.216 -5047.88 317.343 70149 16.7437
-972.784 -5046.44 317.35 70149 16.7437
-972.351 -5045 317.357 70149 16.7415
-971.918 -5043.56 317.364 70149 16.7415
-971.485 -5042.12 317.371 70149 16.7415
-971.052 -5040.68 317.378 70149 16.7415
-970.618 -5039.24 317.385 70149 16.7415
-970.185 -5037.8 317.392 70149 16.7415
-969.752 -5036.36 317.399 70149 16.7458
-969.319 -5034.92 317.406 70149 16.7458
-968.886 -5033.48 317.413 70149 16.7458
-968.453 -5032.04 317.42 70149 16.7458
-968.02 -5030.61 317.427 70149 16.7458
-967.587 -5029.17 317.434 70149 16.7458
-967.154 -5027.73 317.441 70149 16.7415
-966.721 -5026.29 317.448 70149 16.7415
-966.288 -5024.85 317.456 70149 16.7415
-965.855 -5023.41 317.463 70149 16.7415
-965.422 -5021.97 317.47 70149 16.7415
-964.989 -5020.53 317.477 70149 16.7415
-964.556 -5019.09 317.484 70149 16.7436
-964.123 -5017.65 317.491 70149 19.6169
-963.616 -5016.23 317.501 0 17.0386
-963.177 -5014.8 317.508 0 17.0386
-962.738 -5013.36 317.516 0 17.0386
-962.299 -5011.93 317.523 0 17.0386
-961.859 -5010.5 317.531 0 17.0408
-961.421 -5009.07 317.538 0 17.0408
-960.983 -5007.64 317.546 0 17.0408
-960.545 -5006.21 317.553 0 17.0408
-960.107 -5004.78 317.561 0 16.7719
-959.676 -5003.35 317.568 0 16.5672
-959.249 -5001.92 317.576 0 16.5631
-958.826 -5000.49 317.584 0 16.5631
-958.402 -4999.07 317.592 0 16.5631
-957.978 -4997.64 317.599 0 16.5631
-957.554 -4996.22 317.607 0 16.5631
-957.131 -4994.79 317.615 0 16.5631
-956.707 -4993.37 317.623 0 16.5889
-956.283 -4991.94 317.63 0 16.5889
-955.86 -4990.52 317.638 0 16.5889
-955.436 -4989.1 317.646 0 16.5889
-955.013 -4987.68 317.654 0 16.4516
-954.593 -4986.26 317.661 0 16.1067
-954.181 -4984.83 317.669 0 16.1408
-953.768 -4983.4 317.677 0 16.1408
-953.355 -4981.98 317.685 0 16.1408
-952.942 -4980.55 317.693 0 16.1408
-952.528 -4979.12 317.701 0 16.1408
-952.115 -4977.69 317.709 0 16.1408
-951.702 -4976.26 317.717 0 16.1382
-951.286 -4974.83 317.725 0 16.1382
-950.871 -4973.39 317.733 0 16.1382
-950.455 -4971.96 317.741 0 16.1382
-950.04 -4970.52 317.749 0 16.1259
-949.624 -4969.08 317.757 0 15.6474
-949.221 -4967.64 317.765 0 15.6472
-948.817 -4966.2 317.773 0 15.6472
-948.413 -4964.76 317.781 0 15.6472
-948.008 -4963.31 317.79 0 15.6472
-947.604 -4961.87 317.798 0 15.6472
-947.2 -4960.43 317.806 0 15.6472
-946.796 -4958.98 317.814 0 15.6494
-946.392 -4957.54 317.822 0 15.6494
-945.988 -4956.1 317.83 0 15.6494
-945.584 -4954.66 317.838 0 15.6494
-945.18 -4953.22 317.846 0 15.6494
-944.777 -4951.78 317.855 0 15.2362
-944.383 -4950.33 317.863 0 15.1479
-943.992 -4948.89 317.871 0 15.1479
-943.601 -4947.44 317.879 0 15.1479
-943.21 -4946 317.887 0 15.1479
-942.818 -4944.55 317.895 0 15.1479
-942.427 -4943.11 317.903 0 15.1479
-942.036 -4941.66 317.912 0 15.1479
-941.645 -4940.22 317.92 0 15.1479
-941.254 -4938.77 317.928 0 15.1479
-940.863 -4937.33 317.936 0 15.1479
-940.471 -4935.88 317.944 0 15.1479
-940.08 -4934.44 317.952 0 14.8342
-939.697 -4932.99 317.96 0 14.6423
-939.319 -4931.54 317.968 0 14.6423
-938.94 -4930.09 317.977 0 14.6423
-938.562 -4928.65 317.985 0 14.6423
-938.183 -4927.2 317.993 0 14.6423
-937.805 -4925.75 318.001 0 14.6423
-937.427 -4924.3 318.009 0 14.6402
-937.048 -4922.85 318.017 0 14.6402
-936.67 -4921.4 318.025 0 14.6402
-936.291 -4919.96 318.033 0 14.6402
-935.913 -4918.51 318.041 0 14.6402
-935.535 -4917.06 318.049 0 14.4326
-935.162 -4915.61 318.057 0 14.1262
-934.796 -4914.16 318.065 0 14.1262
-934.431 -4912.71 318.073 0 14.1262
-934.066 -4911.26 318.081 0 14.1262
-933.701 -4909.8 318.089 0 14.1262
-933.335 -4908.35 318.097 0 14.1262
-932.97 -4906.9 318.104 0 14.1241
-932.605 -4905.45 318.112 0 14.1241
-932.239 -4904 318.12 0 14.1241
-931.874 -4902.55 318.128 0 14.1241
-931.509 -4901.09 318.136 0 14.1241
-931.144 -4899.64 318.144 0 14.031
-930.781 -4898.19 318.152 0 13.6147
-930.428 -4896.74 318.159 0 13.6147
-930.076 -4895.28 318.167 0 13.6147
-929.723 -4893.82 318.175 0 13.6147
-929.371 -4892.37 318.182 0 13.6147
-929.018 -4890.91 318.19 0 13.6147
-928.666 -4889.46 318.197 0 13.5977
-928.314 -4888 318.205 0 13.5977
-927.962 -4886.55 318.213 0 13.5977
-927.61 -4885.09 318.22 0 13.5977
-927.258 -4883.64 318.228 0 13.5977
-926.906 -4882.19 318.236 0 13.5977
-926.555 -4880.73 318.243 0 13.0368
-926.217 -4879.27 318.25 0 13.008
-925.88 -4877.82 318.258 0 13.008
-925.544 -4876.36 318.265 0 13.008
-925.207 -4874.9 318.272 0 13.008
-924.87 -4873.44 318.279 0 13.008
-924.533 -4871.99 318.287 0 12.9229
-924.199 -4870.53 318.294 0 12.9229
-923.865 -4869.07 318.301 0 12.9229
-923.53 -4867.61 318.308 0 12.9229
-923.196 -4866.16 318.316 0 12.9229
-922.861 -4864.7 318.323 0 12.9229
-922.527 -4863.24 318.33 0 12.495
-922.204 -4861.78 318.337 0 12.3293
-921.885 -4860.32 318.344 0 12.3293
-921.565 -4858.86 318.351 0 12.3293
-921.246 -4857.4 318.357 0 12.3293
-920.927 -4855.94 318.364 0 12.3293
-920.608 -4854.48 318.371 0 12.3442
-920.289 -4853.02 318.378 0 12.3442
-919.969 -4851.56 318.384 0 12.3442
-919.65 -4850.1 318.391 0 12.3442
-919.33 -4848.64 318.398 0 12.3442
-919.011 -4847.18 318.405 0 12.3442
-918.691 -4845.72 318.412 0 12.1875
-918.376 -4844.26 318.418 0 12.0363
-918.064 -4842.8 318.424 0 12.0363
-917.753 -4841.34 318.43 0 12.0363
-917.441 -4839.88 318.436 0 12.0363
-917.13 -4838.42 318.442 0 12.0163
-916.818 -4836.96 318.448 0 11.7373
-916.514 -4835.49 318.455 0 11.7373
-916.21 -4834.03 318.461 0 11.7373
-915.906 -4832.56 318.468 0 11.7373
-915.602 -4831.1 318.474 0 11.7373
-915.298 -4829.64 318.481 0 11.6978
-914.995 -4828.17 318.488 0 11.4703
-914.697 -4826.71 318.495 0 11.4703
-914.399 -4825.24 318.502 0 11.4703
-914.102 -4823.77 318.509 0 11.4703
-913.804 -4822.3 318.516 0 11.4703
-913.506 -4820.84 318.523 0 11.4114
-913.21 -4819.37 318.531 0 11.2437
-912.917 -4817.9 318.538 0 11.2437
-912.625 -4816.43 318.546 0 11.2437
-912.333 -4814.96 318.554 0 11.2437
-912.041 -4813.49 318.562 0 11.2437
-911.748 -4812.02 318.569 0 11.1672
-911.458 -4810.55 318.577 0 11.0468
-911.171 -4809.08 318.586 0 11.0468
-910.884 -4807.6 318.594 0 11.0468
-910.597 -4806.13 318.603 0 11.0468
-910.309 -4804.66 318.611 0 11.0468
-910.022 -4803.19 318.619 0 10.9562
-909.737 -4801.72 318.628 0 10.8287
-909.456 -4800.25 318.637 0 10.8287
-909.174 -4798.78 318.646 0 10.8287
-908.893 -4797.31 318.655 0 10.8287
-908.612 -4795.84 318.665 0 10.8287
-908.33 -4794.36 318.674 0 10.7282
-908.051 -4792.89 318.683 0 10.6129
-907.776 -4791.42 318.693 0 10.6129
-907.5 -4789.95 318.703 0 10.6129
-907.224 -4788.48 318.712 0 10.6129
-906.949 -4787.01 318.722 0 10.6129
-906.673 -4785.54 318.732 0 10.5065
-906.4 -4784.06 318.742 0 10.4225
-906.129 -4782.59 318.753 0 10.4225
-905.858 -4781.12 318.763 0 10.4225
-905.588 -4779.65 318.774 0 10.4225
-905.317 -4778.17 318.785 0 10.4225
-905.046 -4776.7 318.795 0 10.3133
-904.778 -4775.23 318.806 0 10.2557
-904.511 -4773.76 318.818 0 10.2557
-904.245 -4772.28 318.829 0 10.2557
-903.978 -4770.81 318.84 0 10.2557
-903.712 -4769.34 318.852 0 10.2557
-903.445 -4767.86 318.863 0 10.1467
-903.181 -4766.39 318.875 0 10.1058
-902.919 -4764.92 318.887 0 10.1058
-902.656 -4763.44 318.899 0 10.1058
-902.393 -4761.97 318.912 0 10.1058
-902.13 -4760.49 318.924 0 10.1058
-901.868 -4759.02 318.936 0 9.12695
-901.631 -4757.54 318.958 0 9.32004
-901.388 -4756.07 318.979 0 9.4504
-901.142 -4754.59 319 0 9.53852
-900.894 -4753.11 319.02 0 9.59451
-900.645 -4751.64 319.04 0 9.66061
-900.394 -4750.16 319.059 0 9.67387
-900.142 -4748.69 319.078 0 9.6857
-899.89 -4747.21 319.096 0 9.66967
-899.638 -4745.73 319.115 0 9.63283
-899.387 -4744.25 319.132 0 9.56968
-899.138 -4742.77 319.15 0 9.51429
-898.89 -4741.3 319.167 0 9.37411
-898.646 -4739.82 319.183 100149 9.32957
-898.402 -4738.33 319.199 100149 9.08283
-898.165 -4736.85 319.215 100149 9.0101
-897.93 -4735.36 319.231 100149 8.76437
-897.7 -4733.88 319.246 100149 8.0608
-897.49 -4732.39 319.271 110149 7.80557
-897.285 -4730.9 319.299 110149 7.93024
-897.078 -4729.41 319.327 110149 8.06338
-896.867 -4727.92 319.353 110149 8.10168
-896.655 -4726.44 319.38 110149 8.26258
-896.44 -4724.95 319.406 110149 8.26258
-896.224 -4723.46 319.431 110149 8.3891
-896.004 -4721.97 319.456 0 8.49143
-895.786 -4720.51 319.481 0 8.5396
-895.565 -4719.04 319.504 0 8.57346
-895.344 -4717.58 319.528 0 8.57959
-895.123 -4716.11 319.551 0 8.59691
-894.902 -4714.64 319.574 0 8.59691
-894.68 -4713.18 319.597 0 8.52537
-894.467 -4711.76 319.618 0 8.52298
-894.254 -4710.34 319.64 0 8.47341
-894.042 -4708.92 319.661 0 8.42927
-893.832 -4707.5 319.682 0 8.41029
-893.622 -4706.07 319.703 0 8.27697
-893.415 -4704.65 319.724 0 8.17401
-893.216 -4703.27 319.744 0 8.02988
-893.021 -4701.88 319.764 0 7.96313
-892.827 -4700.5 319.784 0 7.92287
-892.635 -4699.12 319.811 0 7.82544
-892.445 -4697.74 319.843 0 7.82069
-892.255 -4696.36 319.874 0 7.76386
-892.073 -4695.02 319.904 0 7.76386
-891.891 -4693.68 319.933 0 7.72947
-891.71 -4692.35 319.961 0 7.72255
-891.529 -4691.01 319.989 0 7.69629
-891.348 -4689.68 320.016 0 7.66004
-891.168 -4688.34 320.044 0 7.75471
-890.989 -4687.03 320.071 0 7.67166
-890.812 -4685.71 320.097 0 7.67101
-890.635 -4684.39 320.124 0 7.61409
-890.459 -4683.08 320.15 0 7.56611
-890.284 -4681.76 320.177 0 7.55446
-890.109 -4680.44 320.204 0 7.44006
-889.938 -4679.13 320.232 0 7.44006
-889.766 -4677.82 320.259 0 7.34653
-889.597 -4676.5 320.287 0 7.29278
-889.429 -4675.19 320.316 0 7.26298
-889.262 -4673.88 320.345 0 7.12432
-889.097 -4672.56 320.375 0 7.12427
-888.933 -4671.24 320.405 0 6.98731
-888.771 -4669.93 320.437 0 6.93463
-888.611 -4668.61 320.47 0 6.9064
-888.451 -4667.29 320.502 0 6.84147
-888.292 -4665.97 320.535 0 6.84147
-888.134 -4664.65 320.567 0 6.84146
-887.976 -4663.33 320.6 0 6.84146
-887.817 -4662.01 320.632 0 6.84146
-887.659 -4660.69 320.665 0 6.84146
-887.5 -4659.37 320.697 0 6.84146
-887.342 -4658.05 320.73 0 6.63504
-887.188 -4656.72 320.762 0 6.58613
-887.035 -4655.4 320.795 0 6.58613
-886.883 -4654.08 320.827 0 6.58613
-886.73 -4652.76 320.86 0 6.58613
-886.577 -4651.43 320.893 0 6.58613
-886.424 -4650.11 320.925 0 6.58613
-886.272 -4648.79 320.958 0 6.58609
-886.119 -4647.46 320.99 0 6.32726
-885.971 -4646.13 321.023 0 6.32147
-885.824 -4644.81 321.057 0 6.32147
-885.677 -4643.48 321.09 0 6.32147
-885.53 -4642.15 321.123 0 6.32147
-885.383 -4640.82 321.156 0 6.3215
-885.236 -4639.5 321.189 0 6.3215
-885.09 -4638.17 321.222 0 6.27713
-884.944 -4636.85 321.255 0 6.04761
-884.804 -4635.52 321.289 0 6.04761
-884.663 -4634.2 321.323 0 6.04761
-884.523 -4632.87 321.357 0 6.14973
-884.382 -4631.57 321.391 0 6.14973
-884.242 -4630.27 321.424 0 6.14973
-884.101 -4628.96 321.458 0 6.14973
-883.961 -4627.66 321.491 0 6.07595
-883.822 -4626.35 321.525 0 5.86657
-883.688 -4625.05 321.56 0 5.82047
-883.559 -4623.79 321.593 0 5.82047
-883.431 -4622.53 321.627 0 5.82047
-883.302 -4621.27 321.661 0 5.82047
-883.174 -4620.01 321.694 0 5.82047
-883.045 -4618.75 321.728 0 5.82047
-882.917 -4617.49 321.762 0 5.69436
-882.795 -4616.26 321.794 0 5.41361
-882.679 -4615.04 321.828 0 5.41361
-882.563 -4613.82 321.863 0 5.41361
-882.448 -4612.6 321.897 0 5.41361
-882.332 -4611.38 321.931 0 5.41361
-882.216 -4610.15 321.966 0 5.36072
-882.106 -4608.98 321.999 0 5.36072
-881.995 -4607.8 322.032 0 5.36072
-881.885 -4606.62 322.065 0 5.238
-881.777 -4605.45 322.099 0 5.05907
-881.673 -4604.27 322.134 0 5.05907
-881.568 -4603.09 322.169 0 5.17248
-881.464 -4601.94 322.203 0 5.17248
-881.359 -4600.78 322.238 0 5.17248
-881.254 -4599.62 322.272 0 5.17248
-881.15 -4598.47 322.306 0 5.17248
-881.045 -4597.31 322.341 0 5.17248
-880.94 -4596.15 322.375 0 5.02598
-880.839 -4595 322.411 0 4.85892
-880.741 -4593.84 322.448 0 4.85892
-880.642 -4592.69 322.484 0 4.85892
-880.544 -4591.54 322.521 0 4.85892
-880.446 -4590.38 322.558 0 4.85892
-880.348 -4589.23 322.595 0 4.86161
-880.25 -4588.07 322.632 0 4.86161
-880.151 -4586.91 322.669 0 4.86161
-880.053 -4585.75 322.705 0 4.71305
-879.957 -4584.59 322.744 0 4.54158
-879.865 -4583.44 322.783 0 4.54158
-879.773 -4582.28 322.823 0 4.53882
-879.681 -4581.12 322.863 0 4.53882
-879.589 -4579.96 322.903 0 4.53882
-879.497 -4578.79 322.942 0 4.53882
-879.404 -4577.63 322.982 0 4.53882
-879.312 -4576.47 323.022 0 4.53882
-879.22 -4575.31 323.062 0 4.37942
-879.131 -4574.15 323.103 0 4.21239
-879.046 -4572.99 323.146 0 4.21239
-878.96 -4571.83 323.189 0 4.21239
-878.875 -4570.67 323.232 0 4.21239
-878.789 -4569.51 323.275 0 4.21239
-878.704 -4568.35 323.318 0 4.20966
-878.619 -4567.19 323.361 0 4.20966
-878.533 -4566.03 323.404 0 4.20966
-878.448 -4564.87 323.447 0 4.15517
-878.363 -4563.71 323.487 0 4.08075
-878.28 -4562.55 323.527 0 4.08075
-878.198 -4561.38 323.568 0 4.08075
-878.115 -4560.22 323.608 0 4.08075
-878.032 -4559.06 323.648 0 4.08075
-877.949 -4557.9 323.688 0 4.08075
-877.866 -4556.74 323.728 0 4.08075
-877.783 -4555.58 323.769 0 4.08075
-877.701 -4554.42 323.809 0 4.08348
-877.618 -4553.26 323.849 0 4.08348
-877.535 -4552.1 323.889 0 4.08348
-877.452 -4550.94 323.93 0 4.06965
-877.369 -4549.77 323.97 0 3.45359
-877.299 -4548.61 324.012 0 3.45359
-877.229 -4547.45 324.054 0 3.45085
-877.159 -4546.29 324.096 0 3.45085
-877.089 -4545.12 324.138 0 3.45085
-877.019 -4543.96 324.18 0 3.45085
-876.949 -4542.8 324.221 0 3.45085
-876.879 -4541.64 324.263 0 3.45085
-876.808 -4540.47 324.305 0 3.45359
-876.738 -4539.31 324.347 0 3.45359
-876.668 -4538.15 324.389 0 3.45359
-876.598 -4536.99 324.431 0 3.45359
-876.528 -4535.83 324.473 0 3.42192
-876.458 -4534.66 324.515 0 2.90445
-876.399 -4533.5 324.558 0 2.90172
-876.341 -4532.34 324.601 0 2.90172
-876.282 -4531.18 324.645 0 2.90172
-876.223 -4530.01 324.688 0 2.90172
-876.164 -4528.85 324.731 0 2.90172
-876.105 -4527.69 324.774 0 2.90172
-876.046 -4526.53 324.818 0 2.90172
-875.987 -4525.37 324.861 0 2.90172
-875.928 -4524.2 324.904 0 2.90172
-875.869 -4523.04 324.947 0 2.90172
-875.81 -4521.88 324.991 0 2.90172
-875.751 -4520.71 325.034 0 2.85963
-875.693 -4519.55 325.077 0 2.43611
-875.644 -4518.39 325.122 0 2.43611
-875.594 -4517.23 325.166 0 2.43611
-875.545 -4516.06 325.21 0 2.43611
-875.495 -4514.9 325.254 0 2.43611
-875.446 -4513.74 325.299 0 2.43611
-875.396 -4512.57 325.343 0 2.43339
-875.347 -4511.41 325.387 0 2.43339
-875.298 -4510.25 325.431 0 2.43339
-875.248 -4509.09 325.476 0 2.43339
-875.199 -4507.92 325.52 0 2.43339
-875.149 -4506.76 325.564 0 2.43339
-875.1 -4505.6 325.608 0 2.38733
-875.052 -4504.44 325.653 0 2.04579
-875.01 -4503.27 325.698 0 2.04579
-874.968 -4502.11 325.743 0 2.04579
-874.927 -4500.94 325.788 0 2.04579
-874.885 -4499.78 325.833 0 2.04579
-874.844 -4498.61 325.878 0 2.04574
-874.802 -4497.45 325.923 0 2.04574
-874.76 -4496.28 325.968 0 2.04574
-874.718 -4495.11 326.014 0 2.04574
-874.677 -4493.94 326.059 0 2.04574
-874.635 -4492.77 326.104 0 2.04574
-874.593 -4491.6 326.149 0 2.03213
-874.552 -4490.43 326.194 0 1.97276
-874.511 -4489.26 326.24 0 1.72525
-874.476 -4488.09 326.285 0 1.72525
-874.441 -4486.92 326.331 0 1.72525
-874.406 -4485.75 326.377 0 1.72525
-874.37 -4484.58 326.422 0 1.71164
-874.335 -4483.41 326.468 0 1.71164
-874.3 -4482.24 326.514 0 1.71164
-874.265 -4481.08 326.559 0 1.71164
-874.231 -4479.91 326.605 0 1.71164
-874.196 -4478.74 326.65 0 1.71164
-874.161 -4477.57 326.696 0 1.71159
-874.126 -4476.4 326.741 0 1.71159
-874.091 -4475.24 326.787 0 1.64855
-874.058 -4474.08 326.832 0 1.48534
-874.027 -4472.91 326.878 0 1.48534
-873.997 -4471.75 326.923 0 1.48534
-873.967 -4470.58 326.969 0 1.48533
-873.937 -4469.42 327.014 0 1.48533
-873.907 -4468.26 327.06 0 1.48533
-873.877 -4467.09 327.105 0 1.48533
-873.846 -4465.93 327.151 0 1.48533
-873.816 -4464.77 327.196 0 1.48533
-873.786 -4463.6 327.242 0 1.48807
-873.756 -4462.44 327.287 0 1.48807
-873.726 -4461.28 327.333 0 1.48807
-873.695 -4460.11 327.378 0 1.44299
-873.666 -4458.95 327.423 0 1.34238
-873.639 -4457.79 327.469 0 1.34238
-873.612 -4456.62 327.514 0 1.33964
-873.584 -4455.46 327.559 0 1.33964
-873.557 -4454.3 327.604 0 1.33964
-873.53 -4453.13 327.65 0 1.33964
-873.503 -4451.97 327.695 0 1.33964
-873.475 -4450.8 327.74 0 1.33964
-873.448 -4449.64 327.785 0 1.33964
-873.421 -4448.48 327.831 0 1.33964
-873.394 -4447.31 327.876 0 1.33964
-873.367 -4446.15 327.921 0 1.33964
-873.339 -4444.99 327.966 0 1.31742
-873.313 -4443.82 328.012 0 1.27446
-873.287 -4442.66 328.056 0 1.27446
-873.261 -4441.5 328.101 0 1.27446
-873.235 -4440.33 328.146 0 1.27446
-873.209 -4439.17 328.19 0 1.27446
-873.183 -4438 328.235 0 1.27446
-873.157 -4436.84 328.28 0 1.27446
-873.131 -4435.68 328.325 0 1.27719
-873.105 -4434.51 328.369 0 1.27719
-873.08 -4433.35 328.414 0 1.27719
-873.054 -4432.18 328.459 0 1.27719
-873.028 -4431.02 328.503 0 1.27719
-873.002 -4429.86 328.548 0 1.28294
-872.976 -4428.69 328.593 0 1.28975
-872.949 -4427.53 328.637 0 1.28975
-872.923 -4426.37 328.68 0 1.28975
-872.897 -4425.2 328.724 0 1.28975
-872.871 -4424.04 328.768 0 1.28975
-872.845 -4422.87 328.812 0 1.28975
-872.818 -4421.71 328.856 0 1.28975
-872.792 -4420.55 328.9 0 1.28975
-872.766 -4419.38 328.944 0 1.28975
-872.74 -4418.22 328.988 0 1.28975
-872.714 -4417.05 329.031 0 1.28975
-872.687 -4415.89 329.075 0 1.28975
-872.661 -4414.73 329.119 0 1.32119
-872.634 -4413.56 329.165 0 1.34178
-872.607 -4412.4 329.21 0 1.34178
-872.58 -4411.23 329.255 0 1.34178
-872.552 -4410.07 329.3 0 1.34178
-872.525 -4408.9 329.346 0 1.34178
-872.498 -4407.73 329.391 0 1.34178
-872.471 -4406.57 329.436 0 1.34178
-872.443 -4405.4 329.481 0 1.34178
-872.416 -4404.24 329.527 0 1.34178
-872.389 -4403.07 329.572 0 1.34344
-872.361 -4401.91 329.617 0 1.34455
-872.334 -4400.74 329.662 0 1.34728
-872.307 -4399.58 329.707 0 1.34728
-872.279 -4398.41 329.752 0 1.34728
-872.252 -4397.24 329.797 0 1.34728
-872.224 -4396.08 329.841 0 1.34728
-872.197 -4394.91 329.886 0 1.34728
-872.169 -4393.75 329.931 0 1.34455
-872.142 -4392.58 329.976 0 1.34455
-872.115 -4391.42 330.021 0 1.34585
-872.087 -4390.25 330.066 0 1.34927
-872.06 -4389.09 330.11 0 1.34927
-872.032 -4387.92 330.155 0 1.34927
-872.005 -4386.75 330.2 0 1.34927
-871.978 -4385.59 330.244 0 1.34927
-871.95 -4384.42 330.289 0 1.34927
-871.923 -4383.26 330.334 0 1.34927
-871.895 -4382.09 330.379 0 1.34927
-871.868 -4380.93 330.423 0 1.34927
-871.84 -4379.76 330.468 0 1.34927
-871.813 -4378.6 330.513 0 1.3556
-871.785 -4377.43 330.558 0 1.35593
-871.758 -4376.26 330.602 0 1.35593
-871.73 -4375.1 330.647 0 1.35593
-871.702 -4373.93 330.692 0 1.35593
-871.675 -4372.77 330.737 0 1.35866
-871.647 -4371.6 330.782 0 1.35866
-871.62 -4370.44 330.826 0 1.35866
-871.592 -4369.27 330.871 0 1.35866
-871.564 -4368.11 330.916 0 1.35866
-871.537 -4366.94 330.961 0 1.36405
-871.509 -4365.77 331.006 0 1.36454
-871.481 -4364.61 331.051 0 1.36454
-871.453 -4363.44 331.096 0 1.36454
-871.426 -4362.28 331.141 0 1.36454
-871.398 -4361.11 331.187 0 1.36454
-871.37 -4359.95 331.232 0 1.36454
-871.342 -4358.78 331.277 0 1.38638
-871.314 -4357.62 331.322 0 1.38638
-871.286 -4356.45 331.367 0 1.38638
-871.258 -4355.29 331.412 0 1.38955
-871.23 -4354.12 331.458 0 1.39694
-871.201 -4352.96 331.504 0 1.39694
-871.173 -4351.79 331.549 0 1.3751
-871.145 -4350.63 331.595 0 1.3751
-871.117 -4349.46 331.641 0 1.3751
-871.089 -4348.29 331.687 0 1.3751
-871.061 -4347.13 331.733 0 1.3751
-871.033 -4345.96 331.779 0 1.3751
-871.005 -4344.8 331.824 0 1.26075
-870.979 -4343.63 331.87 0 1.26075
-870.953 -4342.46 331.916 0 1.27302
-870.927 -4341.29 331.963 0 1.27325
-870.901 -4340.12 332.01 0 1.27325
-870.875 -4338.95 332.057 0 1.27325
-870.849 -4337.79 332.104 0 1.12697
-870.826 -4336.61 332.151 0 1.12697
-870.803 -4335.44 332.198 0 1.12697
-870.78 -4334.27 332.244 0 1.12697
-870.757 -4333.1 332.291 0 1.12697
-870.734 -4331.93 332.338 0 1.12697
-870.711 -4330.75 332.385 0 1.01297
-870.69 -4329.58 332.433 0 1.01728
-870.67 -4328.41 332.481 0 1.01728
-870.649 -4327.23 332.53 0 1.01728
-870.628 -4326.06 332.578 0 1.01728
-870.607 -4324.88 332.626 0 1.01728
-870.586 -4323.71 332.674 0 0.99054
-870.566 -4322.53 332.723 0 0.99054
-870.545 -4321.36 332.771 0 0.99054
-870.525 -4320.18 332.819 0 0.990541
-870.505 -4319.01 332.867 0 0.998017
-870.484 -4317.83 332.916 0 1.00691
-870.464 -4316.66 332.966 0 1.02598
-870.443 -4315.48 333.016 0 1.02598
-870.422 -4314.31 333.065 0 1.02598
-870.401 -4313.13 333.115 0 1.02598
-870.38 -4311.96 333.165 0 1.02598
-870.358 -4310.78 333.214 0 1.02598
-870.337 -4309.6 333.264 0 1.00691
-870.317 -4308.43 333.314 0 1.00691
-870.296 -4307.25 333.363 0 1.0109
-870.275 -4306.08 333.413 0 1.02523
-870.254 -4304.9 333.465 0 1.02523
-870.233 -4303.73 333.516 0 1.02523
-870.212 -4302.55 333.568 0 1.05197
-870.191 -4301.38 333.619 0 1.05197
-870.169 -4300.2 333.67 0 1.05197
-870.148 -4299.03 333.722 0 1.05197
-870.126 -4297.86 333.773 0 1.05197
-870.104 -4296.68 333.824 0 1.05197
-870.083 -4295.51 333.875 0 1.17611
-870.059 -4294.34 333.927 0 0.170259
-870.055 -4293.17 334.001 0 0.36248
-870.048 -4292 334 0 0.429568
-870.039 -4290.82 334.042 0 0.82613
-870.022 -4289.65 334.11 0 0.952392
-870.003 -4288.48 334.159 0 1.10686
-869.98 -4287.31 334.208 0 1.10686
-869.958 -4286.14 334.257 0 1.10686
-869.935 -4284.97 334.306 0 1.10686
-869.912 -4283.81 334.355 0 1.10686
-869.89 -4282.64 334.404 0 1.10686
-869.867 -4281.47 334.453 0 1.22398
-869.842 -4280.3 334.502 0 1.22398
-869.818 -4279.14 334.551 0 1.22398
-869.793 -4277.97 334.6 0 1.22398
-869.768 -4276.8 334.649 0 1.22758
-869.743 -4275.64 334.698 0 1.31304
-869.716 -4274.47 334.749 0 1.34036
-869.689 -4273.31 334.8 0 1.34036
-869.661 -4272.14 334.85 0 1.34036
-869.634 -4270.98 334.901 0 1.34036
-869.607 -4269.81 334.951 0 1.34036
-869.58 -4268.65 335.002 0 1.34036
-869.552 -4267.48 335.052 0 1.31577
-869.526 -4266.32 335.103 0 1.31577
-869.499 -4265.15 335.153 0 1.31577
-869.472 -4263.99 335.204 0 1.31577
-869.445 -4262.82 335.254 0 1.31577
-869.419 -4261.66 335.305 0 1.33885
-869.391 -4260.5 335.356 0 1.38083
-869.363 -4259.33 335.408 0 1.38083
-869.335 -4258.16 335.46 0 1.38083
-869.307 -4257 335.512 0 1.38083
-869.279 -4255.83 335.563 0 1.38083
-869.251 -4254.67 335.615 0 1.38083
-869.223 -4253.5 335.667 0 1.38083
-869.195 -4252.34 335.719 0 1.38083
-869.167 -4251.17 335.771 0 1.38083
-869.139 -4250.01 335.823 0 1.38083
-869.111 -4248.84 335.875 0 1.38083
-869.083 -4247.68 335.927 0 1.38083
-869.054 -4246.51 335.979 0 1.41348
-869.026 -4245.35 336.032 0 1.43006
-868.997 -4244.18 336.085 0 1.43006
-868.967 -4243.02 336.138 0 1.43006
-868.938 -4241.85 336.192 0 1.43006
-868.909 -4240.69 336.245 0 1.43006
-868.88 -4239.52 336.298 0 1.43006
-868.851 -4238.36 336.351 0 1.43006
-868.822 -4237.19 336.404 0 1.43006
-868.793 -4236.03 336.458 0 1.43006
-868.764 -4234.86 336.511 0 1.43006
-868.735 -4233.7 336.564 0 1.43006
-868.706 -4232.53 336.617 0 1.42733
-868.677 -4231.37 336.671 0 1.45118
-868.647 -4230.2 336.725 0 1.45255
-868.618 -4229.04 336.779 0 1.45255
-868.588 -4227.87 336.833 0 1.45255
-868.559 -4226.71 336.888 0 1.45255
-868.529 -4225.54 336.942 0 1.45256
-868.499 -4224.38 336.997 0 1.45256
-868.47 -4223.21 337.051 0 1.45256
-868.44 -4222.04 337.105 0 1.45256
-868.411 -4220.88 337.16 0 1.45256
-868.381 -4219.71 337.214 0 1.45256
-868.352 -4218.54 337.268 0 1.45528
-868.322 -4217.38 337.323 0 1.45627
-868.292 -4216.22 337.377 0 1.45922
-868.263 -4215.05 337.433 0 1.45922
-868.233 -4213.89 337.488 0 1.45922
-868.203 -4212.72 337.543 0 1.45922
-868.174 -4211.56 337.598 0 1.45922
-868.144 -4210.4 337.653 0 1.45922
-868.115 -4209.24 337.708 0 1.45922
-868.085 -4208.08 337.763 0 1.45922
-868.056 -4206.92 337.818 0 1.45922
-868.026 -4205.76 337.874 0 1.45922
-867.997 -4204.6 337.929 0 1.45922
-867.967 -4203.45 337.983 0 1.45922
-867.938 -4202.29 338.038 0 1.45054
-867.908 -4201.13 338.094 0 1.44188
-867.879 -4199.98 338.15 0 1.44188
-867.85 -4198.82 338.205 0 1.44188
-867.821 -4197.66 338.261 0 1.47207
-867.791 -4196.5 338.317 0 1.47207
-867.761 -4195.34 338.373 0 1.47207
-867.732 -4194.18 338.429 0 1.47207
-867.702 -4193.02 338.484 0 1.47207
-867.672 -4191.86 338.54 0 1.47207
-867.642 -4190.7 338.596 0 1.47742
-867.612 -4189.54 338.652 0 1.47742
-867.582 -4188.38 338.708 0 1.47742
-867.552 -4187.21 338.764 0 1.44865
-867.523 -4186.05 338.821 0 1.4388
-867.493 -4184.89 338.878 0 1.4388
-867.464 -4183.72 338.934 0 1.43326
-867.435 -4182.55 338.991 0 1.43326
-867.406 -4181.39 339.048 0 1.43326
-867.377 -4180.22 339.105 0 1.43326
-867.347 -4179.05 339.162 0 1.43326
-867.318 -4177.89 339.219 0 1.43326
-867.289 -4176.72 339.276 0 1.43335
-867.26 -4175.56 339.332 0 1.43335
-867.231 -4174.39 339.389 0 1.43335
-867.202 -4173.23 339.446 0 1.43073
-867.173 -4172.07 339.502 0 1.37344
-867.145 -4170.91 339.56 0 1.37344
-867.117 -4169.74 339.617 0 1.37354
-867.089 -4168.58 339.674 0 1.37354
-867.061 -4167.42 339.731 0 1.37354
-867.034 -4166.26 339.788 0 1.37354
-867.006 -4165.1 339.845 0 1.37354
-866.978 -4163.95 339.902 0 1.37354
-866.95 -4162.79 339.959 0 1.37619
-866.922 -4161.62 340.016 0 1.37619
-866.894 -4160.46 340.073 0 1.37619
-866.866 -4159.3 340.131 0 1.37619
-866.838 -4158.14 340.188 0 1.35185
-866.811 -4156.97 340.245 0 1.295
-866.785 -4155.81 340.303 0 1.18685
-866.76 -4154.63 340.361 0 1.18685
-866.736 -4153.44 340.42 0 1.18685
-866.711 -4152.26 340.478 0 1.18685
-866.687 -4151.08 340.537 0 1.18685
-866.662 -4149.89 340.595 0 1.18685
-866.638 -4148.71 340.654 0 1.23108
-866.611 -4147.48 340.715 0 1.23108
-866.585 -4146.25 340.776 0 1.23108
-866.558 -4145.02 340.836 0 1.23108
-866.532 -4143.79 340.897 0 1.23108
-866.506 -4142.57 340.958 0 1.18999
-866.48 -4141.34 341.038 0 1.30898
-866.451 -4140.07 341.116 0 1.32685
-866.422 -4138.8 341.188 0 1.34269
-866.392 -4137.54 341.257 0 1.34269
-866.362 -4136.27 341.326 0 1.36464
-866.332 -4135 341.39 0 1.37271
-866.302 -4133.73 341.452 0 1.41318
-866.269 -4132.42 341.516 0 1.43871
-866.236 -4131.1 341.577 0 1.43951
-866.203 -4129.79 341.637 0 1.4456
-866.17 -4128.48 341.697 0 1.46215
-866.137 -4127.16 341.755 0 1.46215
-866.103 -4125.85 341.814 0 1.37564
-866.071 -4124.51 341.874 0 1.3837
-866.039 -4123.18 341.934 0 1.3837
-866.007 -4121.85 341.994 0 1.39767
-865.974 -4120.51 342.057 0 1.39896
-865.941 -4119.18 342.12 0 1.40192
-865.909 -4117.84 342.185 0 1.40806
-865.876 -4116.51 342.254 0 1.40806
-865.843 -4115.17 342.323 0 1.4128
-865.81 -4113.83 342.397 0 1.41593
-865.777 -4112.49 342.475 0 1.41593
-865.744 -4111.16 342.552 0 1.41989
-865.711 -4109.82 342.639 0 1.42021
-865.678 -4108.49 342.727 0 1.41376
-865.645 -4107.16 342.786 0 1.41091
-865.612 -4105.82 342.835 0 1.41977
-865.579 -4104.49 342.884 0 1.45026
-865.545 -4103.16 342.939 0 1.45026
-865.512 -4101.82 342.993 0 1.47456
-865.477 -4100.49 343.051 0 1.48105
-865.443 -4099.16 343.111 0 1.48877
-865.408 -4097.83 343.172 0 1.50319
-865.373 -4096.5 343.235 0 1.50319
-865.338 -4095.17 343.299 0 1.51547
-865.303 -4093.84 343.365 0 1.51909
-865.268 -4092.51 343.432 0 1.5214
-865.233 -4091.17 343.5 0 1.52402
-865.197 -4089.84 343.57 0 1.52392
-865.162 -4088.51 343.639 0 1.52034
-865.126 -4087.18 343.709 0 1.52034
-865.091 -4085.85 343.78 0 1.51315
-865.056 -4084.52 343.851 0 1.50806
-865.021 -4083.19 343.922 0 1.50503
-864.986 -4081.86 343.993 0 1.48717
-864.951 -4080.53 344.063 0 1.48717
-864.917 -4079.19 344.133 0 1.46641
-864.883 -4077.86 344.203 0 1.4529
-864.849 -4076.53 344.272 0 1.41241
-864.816 -4075.2 344.338 0 1.38075
-864.784 -4073.87 344.402 0 1.38075
-864.752 -4072.54 344.466 0 1.32037
-864.721 -4071.2 344.532 0 1.31609
-864.691 -4069.87 344.598 0 1.31059
-864.66 -4068.54 344.664 0 1.27637
-864.63 -4067.21 344.731 0 1.27637
-864.601 -4065.88 344.798 0 1.26353
-864.571 -4064.54 344.866 0 1.25209
-864.542 -4063.21 344.935 0 1.25209
-864.513 -4061.88 345.003 0 1.24636
-864.484 -4060.55 345.072 0 1.24565
-864.455 -4059.22 345.141 0 1.2476
-864.426 -4057.89 345.211 0 1.26174
-864.397 -4056.56 345.281 0 1.26174
-864.368 -4055.23 345.35 0 1.27686
-864.338 -4053.9 345.42 0 1.29813
-864.308 -4052.57 345.49 0 1.29813
-864.278 -4051.24 345.56 0 1.33792
-864.247 -4049.92 345.631 0 1.3546
-864.216 -4048.59 345.701 0 1.3546
-864.184 -4047.27 345.771 0 1.43062
-864.151 -4045.94 345.841 0 1.43116
-864.118 -4044.61 345.911 0 1.45873
-864.084 -4043.28 345.981 0 1.52802
-864.049 -4041.95 346.051 0 1.52802
-864.013 -4040.62 346.12 0 1.51715
-863.978 -4039.29 346.174 0 1.53514
-863.942 -4037.96 346.228 0 1.42484
-863.909 -4036.61 346.288 0 1.42383
-863.875 -4035.26 346.348 0 1.40597
-863.842 -4033.91 346.413 0 1.40461
-863.809 -4032.56 346.478 0 1.38207
-863.776 -4031.21 346.547 0 1.38037
-863.744 -4029.87 346.615 0 1.45819
-863.709 -4028.48 346.688 0 1.4562
-863.673 -4027.09 346.76 0 1.42245
-863.639 -4025.71 346.833 0 1.42047
-863.605 -4024.32 346.905 0 1.3826
-863.571 -4022.94 346.977 0 1.37866
-863.538 -4021.55 347.048 0 1.41797
-863.503 -4020.13 347.118 0 1.40876
-863.468 -4018.71 347.188 0 1.36858
-863.434 -4017.29 347.254 0 1.35299
-863.4 -4015.87 347.318 0 1.31416
-863.368 -4014.45 347.377 0 1.38841
-863.333 -4013.03 347.449 0 1.31788
-863.3 -4011.59 347.525 0 1.31788
-863.267 -4010.15 347.601 0 1.31788
-863.234 -4008.71 347.677 0 1.31788
-863.201 -4007.27 347.752 0 1.31788
-863.168 -4005.83 347.828 0 1.31788
-863.135 -4004.39 347.904 0 1.31551
-863.101 -4002.95 347.98 0 1.31551
-863.068 -4001.5 348.056 0 1.31551
-863.035 -4000.05 348.133 0 1.31551
-863.002 -3998.61 348.209 0 1.32186
-862.968 -3997.16 348.284 0 1.33028
-862.935 -3995.71 348.357 0 1.29513
-862.902 -3994.25 348.432 0 1.29513
-862.869 -3992.79 348.506 0 1.29513
-862.836 -3991.33 348.58 0 1.29513
-862.803 -3989.88 348.654 0 1.29513
-862.77 -3988.42 348.728 0 1.29513
-862.737 -3986.96 348.803 0 1.36602
-862.701 -3985.47 348.878 0 1.36602
-862.666 -3983.99 348.953 0 1.36602
-862.631 -3982.51 349.029 0 1.37089
-862.595 -3981.03 349.104 0 1.382
-862.559 -3979.54 349.177 0 1.382
-862.524 -3978.06 349.25 220149 1.34716
-862.488 -3976.55 349.325 220149 1.34716
-862.453 -3975.05 349.4 220149 1.34716
-862.417 -3973.54 349.474 220149 1.34716
-862.382 -3972.03 349.549 220149 1.34716
-862.346 -3970.53 349.623 220149 1.34716
-862.311 -3969.02 349.698 220149 1.29867
-862.277 -3967.51 349.773 220149 1.29867
-862.242 -3965.99 349.848 220149 1.30661
-862.208 -3964.48 349.922 220149 1.31588
-862.173 -3962.96 349.996 220149 1.31588
-862.138 -3961.45 350.069 220149 1.31588
-862.103 -3959.93 350.143 220149 1.31371
-862.069 -3958.43 350.216 220149 1.31371
-862.034 -3956.92 350.289 220149 1.31371
-862 -3955.41 350.363 220149 1.31371
-861.965 -3953.9 350.436 220149 1.31371
-861.93 -3952.39 350.509 220149 1.31371
-861.896 -3950.88 350.582 220149 1.31359
-861.862 -3949.38 350.655 220149 1.32576
-861.827 -3947.88 350.728 220149 1.33202
-861.792 -3946.39 350.8 220149 1.33202
-861.757 -3944.89 350.872 220149 1.33202
-861.722 -3943.39 350.944 220149 1.33202
-861.687 -3941.89 351.016 0 1.33411
-861.653 -3940.39 351.088 0 1.33411
-861.618 -3938.9 351.16 0 1.33411
-861.583 -3937.4 351.232 0 1.33411
-861.548 -3935.9 351.304 0 1.33411
-861.513 -3934.41 351.376 0 1.33411
-861.478 -3932.91 351.447 220149 1.34723
-861.443 -3931.41 351.519 220149 1.35166
-861.408 -3929.91 351.591 220149 1.35166
-861.372 -3928.42 351.663 220149 1.35166
-861.337 -3926.92 351.735 220149 1.35166
-861.302 -3925.42 351.807 220149 1.35166
-861.266 -3923.92 351.879 220149 1.35166
-861.231 -3922.42 351.951 220149 1.35166
-861.196 -3920.93 352.023 220149 1.35166
-861.16 -3919.43 352.095 220149 1.35166
-861.125 -3917.93 352.167 220149 1.35166
-861.09 -3916.43 352.238 220149 1.37028
-861.054 -3914.93 352.311 220149 1.37466
-861.018 -3913.44 352.383 220149 1.37466
-860.982 -3911.94 352.456 220149 1.37466
-860.946 -3910.44 352.528 220149 1.37466
-860.91 -3908.94 352.601 220149 1.37466
-860.874 -3907.44 352.673 220149 1.37466
-860.838 -3905.94 352.746 0 1.37251
-860.802 -3904.45 352.818 0 1.37251
-860.766 -3902.95 352.89 0 1.37251
-860.731 -3901.46 352.963 0 1.37265
-860.695 -3899.96 353.035 0 1.39461
-860.658 -3898.46 353.109 0 1.39461
-860.622 -3896.97 353.182 0 1.39456
-860.585 -3895.47 353.256 0 1.39456
-860.549 -3893.98 353.329 0 1.39456
-860.513 -3892.49 353.402 0 1.39456
-860.476 -3891 353.476 0 1.39456
-860.44 -3889.5 353.549 0 1.39456
-860.404 -3888.01 353.622 0 1.3946
-860.367 -3886.52 353.696 0 1.3946
-860.331 -3885.02 353.769 0 1.39681
-860.294 -3883.52 353.843 0 1.41791
-860.257 -3882.03 353.918 0 1.41791
-860.22 -3880.53 353.994 0 1.41791
-860.183 -3879.04 354.069 220149 1.3321
-860.148 -3877.52 354.145 220149 1.3321
-860.113 -3876.01 354.222 220149 1.3321
-860.078 -3874.49 354.298 220149 1.3321
-860.042 -3872.98 354.375 220149 1.3321
-860.007 -3871.46 354.451 220149 1.3321
-859.972 -3869.94 354.527 220149 1.37186
-859.935 -3868.38 354.606 220149 1.38042
-859.897 -3866.82 354.685 220149 1.39639
-859.859 -3865.26 354.767 220149 1.39639
-859.821 -3863.7 354.848 220149 1.39639
-859.783 -3862.14 354.929 220149 1.39639
-859.745 -3860.57 355.01 220149 1.48745
-859.703 -3858.97 355.094 220149 1.48745
-859.662 -3857.37 355.177 220149 1.48745
-859.62 -3855.77 355.26 220149 1.48745
-859.578 -3854.17 355.343 220149 1.48745
-859.537 -3852.57 355.427 220149 1.40983
-859.498 -3850.97 355.509 230149 1.32272
-859.46 -3849.33 355.595 230149 1.32272
-859.422 -3847.68 355.68 230149 1.32272
-859.384 -3846.04 355.766 230149 1.32272
-859.346 -3844.39 355.852 230149 1.32272
-859.308 -3842.74 355.937 230149 1.32272
-859.27 -3841.1 356.023 230149 1.27728
-859.232 -3839.43 356.109 230149 1.28983
-859.195 -3837.77 356.195 230149 1.28983
-859.157 -3836.1 356.28 230149 1.28983
-859.12 -3834.43 356.366 230149 1.28983
-859.082 -3832.77 356.451 230149 1.28983
-859.045 -3831.1 356.537 230149 1.29577
-859.007 -3829.43 356.623 230149 1.32653
-858.968 -3827.76 356.707 230149 1.32653
-858.93 -3826.09 356.792 230149 1.32653
-858.891 -3824.42 356.876 230149 1.32653
-858.852 -3822.75 356.961 230149 1.32653
-858.814 -3821.08 357.045 230149 1.3303
-858.775 -3819.41 357.13 230149 1.34989
-858.736 -3817.75 357.213 230149 1.35938
-858.696 -3816.08 357.296 230149 1.35938
-858.657 -3814.42 357.379 230149 1.35938
-858.617 -3812.75 357.462 230149 1.35938
-858.578 -3811.09 357.545 230149 1.35745
-858.538 -3809.42 357.628 230149 1.35999
-858.499 -3807.76 357.711 230149 1.37703
-858.459 -3806.09 357.792 230149 1.37703
-858.419 -3804.43 357.874 230149 1.37703
-858.379 -3802.77 357.955 230149 1.37703
-858.339 -3801.1 358.037 230149 1.37512
-858.299 -3799.44 358.118 230149 1.37512
-858.259 -3797.77 358.2 230149 1.38099
-858.219 -3796.11 358.28 230149 1.38521
-858.178 -3794.45 358.36 230149 1.38521
-858.138 -3792.78 358.44 230149 1.38521
-858.098 -3791.12 358.52 230149 1.38903
-858.058 -3789.45 358.6 230149 1.38903
-858.017 -3787.79 358.68 230149 1.38905
-857.977 -3786.12 358.76 230149 1.38962
-857.936 -3784.46 358.839 230149 1.38962
-857.896 -3782.79 358.917 230149 1.38962
-857.856 -3781.13 358.996 230149 1.38581
-857.815 -3779.47 359.074 230149 1.38581
-857.775 -3777.8 359.152 230149 1.38581
-857.735 -3776.13 359.231 230149 1.38145
-857.695 -3774.47 359.308 230149 1.37691
-857.655 -3772.8 359.385 230149 1.37691
-857.615 -3771.14 359.462 230149 1.38071
-857.575 -3769.48 359.538 230149 1.38071
-857.534 -3767.81 359.615 230149 1.38071
-857.494 -3766.15 359.692 230149 1.38071
-857.454 -3764.49 359.768 230149 1.36341
-857.415 -3762.82 359.843 230149 1.36231
-857.375 -3761.16 359.918 230149 1.36035
-857.336 -3759.5 359.993 230149 1.36035
-857.296 -3757.84 360.067 230149 1.36035
-857.257 -3756.18 360.142 230149 1.36035
-857.218 -3754.52 360.217 230149 1.34982
-857.178 -3752.86 360.291 230149 1.33246
-857.14 -3751.2 360.363 230149 1.33253
-857.101 -3749.54 360.436 230149 1.33253
-857.062 -3747.87 360.509 230149 1.33253
-857.024 -3746.21 360.582 230149 1.33253
-856.985 -3744.54 360.655 230149 1.33253
-856.946 -3742.88 360.728 230149 1.21617
-856.911 -3741.21 360.815 240149 1.15711
-856.877 -3739.53 360.9 240149 1.20037
-856.842 -3737.86 360.98 240149 1.20037
-856.807 -3736.18 361.061 240149 1.2375
-856.77 -3734.5 361.138 240149 1.24206
-856.734 -3732.82 361.214 240149 1.27313
-856.697 -3731.14 361.288 240149 1.34306
-856.657 -3729.43 361.363 240149 1.36925
-856.616 -3727.73 361.436 240149 1.38127
-856.575 -3726.02 361.509 240149 1.40335
-856.533 -3724.32 361.582 240149 1.41774
-856.491 -3722.61 361.654 240149 1.43599
-856.448 -3720.91 361.727 240149 1.61903
-856.399 -3719.16 361.801 240149 1.63487
-856.349 -3717.42 361.877 240149 1.65204
-856.299 -3715.67 361.953 240149 1.66601
-856.248 -3713.93 362.031 240149 1.68333
-856.197 -3712.18 362.11 240149 1.69554
-856.145 -3710.44 362.191 240149 1.71576
-856.092 -3708.66 362.275 240149 1.86419
-856.034 -3706.89 362.356 250149 1.93607
-855.974 -3705.11 362.434 250149 1.76048
-855.92 -3703.34 362.513 250149 1.7196
-855.866 -3701.57 362.591 250149 1.59151
-855.817 -3699.8 362.668 250149 1.56695
-855.768 -3698.01 362.746 250149 1.49446
-855.721 -3696.22 362.824 250149 1.42048
-855.677 -3694.43 362.901 250149 1.39097
-855.633 -3692.63 362.977 250149 1.31624
-855.592 -3690.84 363.052 250149 1.30274
-855.552 -3689.05 363.127 250149 1.2927
-855.511 -3687.26 363.201 250149 1.28169
-855.471 -3685.46 363.273 250149 1.27174
-855.431 -3683.66 363.345 250149 1.27698
-855.391 -3681.87 363.415 250149 1.28081
-855.351 -3680.07 363.485 250149 1.31235
-855.31 -3678.28 363.553 250149 1.63573
-855.259 -3676.49 363.628 260149 1.83051
-855.201 -3674.7 363.706 260149 1.77894
-855.146 -3672.91 363.783 260149 1.73489
-855.092 -3671.12 363.859 260149 1.69892
-855.039 -3669.33 363.935 260149 1.65368
-854.987 -3667.54 364.009 260149 1.63106
-854.936 -3665.77 364.082 260149 1.58701
-854.887 -3663.99 364.153 260149 1.57518
-854.838 -3662.22 364.225 260149 1.5346
-854.791 -3660.45 364.295 260149 1.53037
-854.744 -3658.67 364.365 260149 1.49658
-854.697 -3656.9 364.434 260149 1.40526
-854.654 -3655.16 364.502 260149 1.38212
-854.612 -3653.41 364.568 260149 1.38164
-854.57 -3651.67 364.635 260149 1.37399
-854.529 -3649.92 364.701 260149 1.37242
-854.487 -3648.18 364.766 260149 1.37595
-854.445 -3646.43 364.831 260149 1.32394
-854.405 -3644.72 364.895 260149 1.33389
-854.365 -3643 364.958 260149 1.34352
-854.325 -3641.29 365.021 260149 1.41809
-854.282 -3639.57 365.089 270149 1.4703
-854.238 -3637.85 365.16 270149 1.4703
-854.194 -3636.13 365.232 270149 1.37094
-854.153 -3634.42 365.301 270149 1.37244
-854.112 -3632.71 365.37 270149 1.37244
-854.071 -3631 365.438 270149 1.37629
-854.03 -3629.29 365.505 270149 1.37684
-853.989 -3627.57 365.572 270149 1.37684
-853.948 -3625.86 365.639 270149 1.35245
-853.907 -3624.13 365.705 270149 1.35245
-853.866 -3622.4 365.77 270149 1.35263
-853.825 -3620.67 365.836 270149 1.35362
-853.784 -3618.94 365.901 270149 1.35362
-853.743 -3617.21 365.965 270149 1.35348
-853.703 -3615.47 366.029 270149 1.48097
-853.657 -3613.72 366.094 270149 1.48097
-853.612 -3611.96 366.158 270149 1.47993
-853.566 -3610.21 366.222 270149 1.47891
-853.521 -3608.45 366.286 270149 1.47891
-853.476 -3606.7 366.35 270149 1.47635
-853.43 -3604.94 366.414 270149 1.67142
-853.379 -3603.16 366.478 270149 1.67142
-853.327 -3601.39 366.542 270149 1.66656
-853.275 -3599.61 366.607 270149 1.66614
-853.223 -3597.83 366.671 270149 1.6651
-853.172 -3596.06 366.735 270149 1.65926
-853.12 -3594.28 366.8 270149 1.83834
-853.063 -3592.49 366.865 270149 1.84031
-853.005 -3590.7 366.929 280149 1.83979
-852.948 -3588.9 366.991 280149 1.83979
-852.89 -3587.11 367.053 280149 1.83979
-852.832 -3585.32 367.116 280149 1.83979
-852.775 -3583.52 367.178 280149 1.8875
-852.715 -3581.72 367.24 280149 1.8875
-852.656 -3579.92 367.303 280149 1.8875
-852.597 -3578.12 367.366 280149 1.8875
-852.538 -3576.32 367.428 280149 1.85246
-852.479 -3574.52 367.49 280149 1.78945
-852.423 -3572.72 367.552 280149 1.75175
-852.368 -3570.92 367.615 280149 1.75175
-852.313 -3569.12 367.677 280149 1.75176
-852.258 -3567.32 367.739 280149 1.75176
-852.203 -3565.51 367.801 280149 1.75176
-852.147 -3563.71 367.863 280149 1.75176
-852.092 -3561.91 367.925 280149 1.74873
-852.037 -3560.11 367.987 280149 1.74704
-851.982 -3558.31 368.049 280149 1.72364
-851.928 -3556.51 368.111 280149 1.72365
-851.874 -3554.71 368.172 280149 1.72365
-851.82 -3552.91 368.234 280149 1.72365
-851.766 -3551.11 368.296 280149 1.72936
-851.712 -3549.31 368.357 280149 1.72936
-851.658 -3547.52 368.418 280149 1.72936
-851.603 -3545.73 368.48 280149 1.72937
-851.549 -3543.94 368.541 280149 1.72937
-851.495 -3542.15 368.602 280149 1.76515
-851.44 -3540.36 368.664 280149 1.77484
-851.384 -3538.55 368.725 280149 1.77484
-851.328 -3536.75 368.786 280149 1.77485
-851.273 -3534.95 368.848 280149 1.77485
-851.217 -3533.15 368.909 280149 1.77485
-851.161 -3531.35 368.971 280149 1.77485
-851.105 -3529.55 369.032 280149 1.78654
-851.048 -3527.72 369.095 280149 1.78654
-850.991 -3525.89 369.157 280149 1.84655
-850.932 -3524.05 369.22 280149 1.90741
-850.871 -3522.22 369.282 280149 1.90741
-850.81 -3520.39 369.345 280149 1.90741
-850.749 -3518.56 369.407 280149 1.75201
-850.692 -3516.7 369.47 280149 1.75201
-850.635 -3514.84 369.534 280149 1.75201
-850.578 -3512.99 369.597 280149 1.75201
-850.522 -3511.13 369.66 280149 1.75201
-850.465 -3509.27 369.724 280149 1.83747
-850.405 -3507.42 369.787 280149 1.77672
-850.347 -3505.54 369.851 280149 1.77672
-850.289 -3503.67 369.915 280149 1.77672
-850.231 -3501.79 369.979 280149 1.77672
-850.173 -3499.92 370.043 280149 1.77672
-850.115 -3498.04 370.107 280149 1.77672
-850.056 -3496.17 370.171 280149 1.72047
-850 -3494.29 370.235 280149 1.72047
-849.943 -3492.41 370.299 280149 1.85926
-849.882 -3490.53 370.364 280149 1.98726
-849.817 -3488.65 370.428 280149 1.98726
-849.752 -3486.77 370.493 280149 1.98726
-849.687 -3484.89 370.557 280149 1.91611
-849.623 -3483 370.622 280149 1.91611
-849.56 -3481.11 370.687 280149 1.91611
-849.497 -3479.21 370.752 280149 1.91611
-849.433 -3477.32 370.817 280149 1.91611
-849.37 -3475.43 370.882 280149 2.14129
-849.299 -3473.53 370.947 280149 2.1627
-849.227 -3471.62 371.013 280149 2.1627
-849.155 -3469.7 371.079 280149 2.1627
-849.082 -3467.79 371.145 280149 2.1627
-849.01 -3465.87 371.212 280149 2.1627
-848.938 -3463.96 371.278 280149 2.1627
-848.865 -3462.04 371.344 280149 2.18276
-848.792 -3460.12 371.41 280149 2.18277
-848.719 -3458.2 371.476 280149 2.56661
-848.633 -3456.28 371.543 280149 2.59529
-848.546 -3454.37 371.61 280149 2.59529
-848.459 -3452.45 371.677 280149 2.59529
-848.372 -3450.53 371.744 280149 2.59524
-848.285 -3448.61 371.811 280149 2.59524
-848.198 -3446.7 371.878 280149 2.59524
-848.111 -3444.78 371.944 280149 2.59524
-848.025 -3442.86 372.011 280149 2.69968
-847.934 -3440.94 372.078 280149 3.08047
-847.831 -3439.03 372.146 280149 3.08034
-847.728 -3437.12 372.213 280149 3.08034
-847.625 -3435.2 372.281 280149 3.08034
-847.522 -3433.29 372.348 280149 3.08034
-847.42 -3431.38 372.416 280149 3.08034
-847.317 -3429.47 372.483 280149 3.08034
-847.214 -3427.56 372.551 280149 3.08022
-847.111 -3425.65 372.618 280149 3.24679
-847.003 -3423.74 372.685 290149 3.39612
-846.889 -3421.83 372.753 290149 3.39612
-846.776 -3419.92 372.821 290149 3.39612
-846.663 -3418.01 372.889 290149 3.39612
-846.549 -3416.1 372.957 290149 3.39788
-846.436 -3414.19 373.025 290149 3.39788
-846.322 -3412.27 373.092 290149 3.39788
-846.209 -3410.36 373.16 290149 3.529
-846.091 -3408.45 373.228 290149 3.76477
-845.965 -3406.54 373.296 290149 3.76477
-845.839 -3404.63 373.363 290149 3.6953
-845.714 -3402.68 373.432 290149 3.6953
-845.589 -3400.74 373.5 290149 3.6953
-845.463 -3398.8 373.569 290149 3.6953
-845.338 -3396.86 373.637 290149 3.6953
-845.213 -3394.92 373.706 290149 3.71704
-845.087 -3392.98 373.774 290149 4.09568
-844.946 -3391.02 373.844 290149 4.09568
-844.805 -3389.06 373.914 290149 4.09568
-844.665 -3387.09 373.984 290149 4.09568
-844.524 -3385.13 374.054 290149 4.09569
-844.383 -3383.16 374.124 290149 4.09569
-844.243 -3381.2 374.193 290149 4.16391
-844.098 -3379.22 374.264 290149 4.16391
-843.954 -3377.23 374.334 290149 4.50777
-843.798 -3375.25 374.406 290149 4.53946
-843.641 -3373.27 374.478 290149 4.53946
-843.483 -3371.29 374.55 290149 4.53946
-843.326 -3369.31 374.621 290149 4.72948
-843.16 -3367.3 374.694 290149 4.72948
-842.994 -3365.29 374.767 290149 4.72948
-842.828 -3363.28 374.84 290149 4.72949
-842.661 -3361.28 374.912 290149 5.06601
-842.483 -3359.27 374.987 290149 5.10933
-842.304 -3357.26 375.062 290149 5.0789
-842.123 -3355.22 375.138 290149 5.0789
-841.941 -3353.18 375.214 290149 5.0789
-841.76 -3351.14 375.29 290149 5.0789
-841.579 -3349.1 375.366 290149 5.0789
-841.398 -3347.06 375.442 290149 5.08091
-841.216 -3345.02 375.518 290149 5.45932
-841.018 -3342.95 375.599 290149 5.45932
-840.82 -3340.88 375.679 290149 5.45932
-840.622 -3338.8 375.76 290149 5.45933
-840.423 -3336.73 375.84 290149 5.45933
-840.225 -3334.66 375.921 290149 5.45933
-840.027 -3332.58 376.001 290149 5.46025
-839.828 -3330.5 376.082 290149 5.57478
-839.625 -3328.41 376.164 290149 5.84853
-839.411 -3326.33 376.249 290149 5.84854
-839.198 -3324.25 376.334 290149 5.84854
-838.985 -3322.17 376.419 290149 5.84854
-838.771 -3320.08 376.504 290149 5.84753
-838.559 -3318.01 376.588 290149 5.84754
-838.347 -3315.94 376.673 290149 5.84754
-838.134 -3313.86 376.757 290149 6.08185
-837.913 -3311.79 376.845 290149 6.23998
-837.687 -3309.72 376.934 290149 6.23998
-837.46 -3307.65 377.024 290149 6.24143
-837.234 -3305.58 377.113 290149 6.24143
-837.007 -3303.5 377.202 290149 6.24143
-836.78 -3301.43 377.292 290149 6.24143
-836.553 -3299.36 377.381 290149 6.24143
-836.327 -3297.28 377.471 290149 6.59064
-836.087 -3295.21 377.565 290149 6.65016
-835.846 -3293.14 377.66 290149 6.65016
-835.604 -3291.07 377.755 290149 6.65016
-835.363 -3289 377.85 290149 6.65016
-835.121 -3286.92 377.946 290149 6.65016
-834.88 -3284.85 378.041 290149 6.65016
-834.638 -3282.78 378.136 290149 6.70331
-834.395 -3280.71 378.232 290149 7.03879
-834.14 -3278.65 378.333 290149 7.03879
-833.885 -3276.58 378.435 290149 7.03879
-833.63 -3274.51 378.536 290149 7.03879
-833.375 -3272.45 378.638 290149 7.03879
-833.12 -3270.38 378.739 290149 6.97021
-832.868 -3268.32 378.841 290149 6.97021
-832.616 -3266.27 378.942 290149 7.05818
-832.361 -3264.21 379.035 300149 7.17419
-832.102 -3262.15 379.128 300149 7.17419
-831.843 -3260.09 379.221 300149 7.17419
-831.585 -3258.04 379.314 300149 7.08027
-831.331 -3255.99 379.406 300149 7.08027
-831.077 -3253.95 379.499 300149 7.08027
-830.823 -3251.91 379.591 300149 7.08027
-830.569 -3249.86 379.683 300149 7.09374
-830.315 -3247.82 379.776 300149 7.49381
-830.047 -3245.78 379.871 300149 7.42403
-829.781 -3243.74 379.967 300149 7.42403
-829.515 -3241.7 380.062 300149 7.42403
-829.25 -3239.66 380.158 300149 7.42403
-828.984 -3237.63 380.253 300149 7.42403
-828.719 -3235.59 380.349 300149 7.42403
-828.453 -3233.55 380.444 300149 7.41207
-828.187 -3231.51 380.54 300149 7.53931
-827.917 -3229.46 380.637 300149 7.82675
-827.636 -3227.42 380.736 300149 7.82675
-827.355 -3225.38 380.835 300149 7.82675
-827.074 -3223.33 380.933 300149 7.82675
-826.793 -3221.29 381.032 300149 7.78696
-826.514 -3219.24 381.131 300149 7.78696
-826.234 -3217.2 381.23 300149 7.78696
-825.954 -3215.15 381.329 300149 7.78696
-825.674 -3213.1 381.428 300149 8.04129
-825.384 -3211.05 381.529 300149 8.20273
-825.09 -3209.01 381.63 300149 8.19178
-824.795 -3206.97 381.731 300149 8.19178
-824.501 -3204.92 381.832 300149 8.19178
-824.207 -3202.88 381.934 300149 8.19178
-823.913 -3200.84 382.035 300149 8.19178
-823.619 -3198.79 382.136 300149 8.19178
-823.325 -3196.75 382.238 300149 8.19072
-823.032 -3194.72 382.338 300149 8.57004
-822.727 -3192.69 382.44 300149 8.60753
-822.42 -3190.66 382.543 300149 8.60753
-822.112 -3188.63 382.645 300149 8.60753
-821.805 -3186.6 382.748 300149 8.60753
-821.498 -3184.57 382.85 300149 8.6066
-821.193 -3182.56 382.952 300149 8.6066
-820.888 -3180.54 383.054 300149 8.6066
-820.582 -3178.52 383.156 300149 8.6637
-820.275 -3176.5 383.258 300149 9.02442
-819.955 -3174.49 383.361 300149 9.02442
-819.635 -3172.47 383.465 300149 8.99856
-819.314 -3170.45 383.568 300149 8.99856
-818.994 -3168.43 383.672 300149 8.99856
-818.674 -3166.41 383.775 300149 8.99856
-818.354 -3164.38 383.879 300149 8.99856
-818.033 -3162.36 383.982 300149 8.99857
-817.713 -3160.34 384.086 0 0
