-763.562 -6006.74 297.764 30149 -53.3909
-763.562 -6006.74 297.764 30149 -53.3909
-763.562 -6006.74 297.764 30149 -53.3909
-763.562 -6006.74 297.764 30149 -53.3909
-763.562 -6006.74 297.764 30149 -53.3909
-763.562 -6006.74 297.764 30149 -53.3909
-763.562 -6006.74 297.764 30149 -53.3909
-763.562 -6006.74 297.764 30149 -53.3909
-763.562 -6006.74 297.764 30149 -53.3909
-763.562 -6006.74 297.764 30149 -53.3909
-763.562 -6006.74 297.764 30149 -53.3909
-763.562 -6006.74 297.764 30149 -53.3909
-763.562 -6006.74 297.764 30149 -53.3909
-763.562 -6006.74 297.764 30149 -53.3909
-763.562 -6006.74 297.764 30149 -53.3909
-763.562 -6006.74 297.764 30149 -53.3909
-763.562 -6006.74 297.764 30149 -53.3909
-763.562 -6006.74 297.764 30149 -53.3909
-763.562 -6006.74 297.764 30149 -53.3909
-763.562 -6006.74 297.764 30149 -53.3909
-763.562 -6006.74 297.764 30149 -53.3909
-763.562 -6006.74 297.764 30149 -53.3909
-763.562 -6006.74 297.764 30149 -53.3909
-763.562 -6006.74 297.764 30149 -53.3909
-763.562 -6006.74 297.764 30149 -53.3909
-763.562 -6006.74 297.764 30149 -53.3909
-763.562 -6006.74 297.764 30149 -53.3909
-763.562 -6006.74 297.764 30149 -53.3909
-763.562 -6006.74 297.764 30149 -53.3909
-763.562 -6006.74 297.764 30149 -53.3909
-763.562 -6006.74 297.764 30149 -53.3909
-763.562 -6006.74 297.764 30149 -53.3909
-763.562 -6006.74 297.764 30149 -53.3909
-763.562 -6006.74 297.764 30149 -53.3909
-763.562 -6006.74 297.764 30149 -53.3909
-763.562 -6006.74 297.764 30149 -53.3909
-763.562 -6006.74 297.764 30149 -53.3909
-763.562 -6006.74 297.764 30149 -53.3909
-763.562 -6006.74 297.764 30149 -53.3909
-763.562 -6006.74 297.764 30149 -53.3909
-763.562 -6006.74 297.764 30149 -53.3909
-763.562 -6006.74 297.764 30149 -53.3909
-763.562 -6006.74 297.764 30149 -53.3909
-763.562 -6006.74 297.764 30149 -53.3909
-763.562 -6006.74 297.764 30149 -53.3909
-763.57 -6006.75 297.764 30149 -53.3909
-763.607 -6006.72 297.765 30149 -53.3909
-763.67 -6006.66 297.766 30149 -53.3909
-763.758 -6006.59 297.769 30149 -53.3909
-763.852 -6006.53 297.771 30149 -53.3909
-763.964 -6006.45 297.774 30149 -53.3909
-764.079 -6006.36 297.777 30149 -53.3909
-764.198 -6006.28 297.78 30149 -53.3909
-764.314 -6006.19 297.783 30149 -53.3909
-764.433 -6006.11 297.786 30149 -53.3909
-764.564 -6006.01 297.789 30149 -53.3909
-764.701 -6005.91 297.793 30149 -53.3909
-764.836 -6005.81 297.796 30149 -53.3909
-764.971 -6005.71 297.8 30149 -53.3909
-765.104 -6005.62 297.803 30149 -53.3909
-765.235 -6005.52 297.807 30149 -53.3909
-765.369 -6005.42 297.81 30149 -53.3909
-765.517 -6005.32 297.814 30149 -53.3909
-765.682 -6005.2 297.818 30149 -53.3909
-765.88 -6005.06 297.823 30149 -53.3909
-766.118 -6004.9 297.829 30149 -53.3909
-766.384 -6004.7 297.836 30149 -53.3909
-766.678 -6004.47 297.844 30149 -53.3909
-767.01 -6004.21 297.853 30149 -53.3909
-767.364 -6003.94 297.862 30149 -53.3909
-767.72 -6003.68 297.871 30149 -53.3909
-768.071 -6003.41 297.88 30149 -53.3909
-768.422 -6003.15 297.889 30149 -53.3909
-768.774 -6002.89 297.898 30149 -53.3909
-769.125 -6002.62 297.908 30149 -53.3909
-769.476 -6002.36 297.917 30149 -53.3909
-769.825 -6002.09 297.926 30149 -53.3909
-770.174 -6001.83 297.935 30149 -53.3909
-770.523 -6001.56 297.944 30149 -53.3909
-770.874 -6001.3 297.953 30149 -53.3909
-771.226 -6001.04 297.962 30149 -53.3909
-771.577 -6000.77 297.972 30149 -53.3909
-771.928 -6000.51 297.981 30149 -53.3909
-772.279 -6000.25 297.99 30149 -53.3909
-772.63 -5999.98 297.999 30149 -53.3909
-772.981 -5999.72 298.008 30149 -53.3909
-773.332 -5999.46 298.017 30149 -53.3909
-773.689 -5999.19 298.026 30149 -53.3909
-774.047 -5998.92 298.036 30149 -53.3909
-774.346 -5998.68 298.044 30149 -53.3909
-774.608 -5998.49 298.05 30149 -53.3909
-774.81 -5998.36 298.055 30149 -53.3909
-774.948 -5998.29 298.059 30149 -53.3909
-775.039 -5998.27 298.06 30149 -53.3909
-775.077 -5998.3 298.061 30149 -53.3909
-775.097 -5998.32 298.061 30149 -53.3909
-775.116 -5998.34 298.061 30149 -53.3909
-775.136 -5998.37 298.061 30149 -53.3909
-775.156 -5998.39 298.061 30149 -53.3909
-775.175 -5998.41 298.061 30149 -53.3909
-775.2 -5998.44 298.061 30149 -53.3909
-775.22 -5998.47 298.061 30149 -53.3909
-775.229 -5998.47 298.061 30149 -53.3909
-775.319 -5998.41 298.063 30149 -53.3909
-775.454 -5998.3 298.067 30149 -53.3909
-775.645 -5998.14 298.072 30149 -53.3909
-775.919 -5997.94 298.079 30149 -53.3909
-776.195 -5997.74 298.086 30149 -53.3909
-776.465 -5997.54 298.093 30149 -53.3909
-776.734 -5997.35 298.1 30149 -53.3909
-776.999 -5997.15 298.107 30149 -53.3909
-777.262 -5996.94 298.114 30149 -53.3909
-777.526 -5996.74 298.121 30149 -53.3909
-777.79 -5996.53 298.128 30149 -53.3909
-778.058 -5996.33 298.135 30149 -53.3909
-778.322 -5996.12 298.142 30149 -53.3909
-778.568 -5995.92 298.148 30149 -53.3909
-778.801 -5995.75 298.154 30149 -53.3909
-779.02 -5995.58 298.16 30149 -53.3909
-779.253 -5995.41 298.166 30149 -53.3909
-779.498 -5995.21 298.172 30149 -53.3909
-779.763 -5995.01 298.179 30149 -53.3909
-780.031 -5994.8 298.186 30149 -53.3909
-780.294 -5994.6 298.193 30149 -53.3909
-780.553 -5994.4 298.2 30149 -53.3909
-780.815 -5994.19 298.207 30149 -53.3909
-781.102 -5993.99 298.214 30149 -53.3909
-781.421 -5993.75 298.222 30149 -53.3909
-781.761 -5993.48 298.231 30149 -53.3909
-782.133 -5993.17 298.241 30149 -52.3029
-782.531 -5992.87 298.252 30149 -52.2274
-782.93 -5992.56 298.262 30149 -52.3029
-783.327 -5992.25 298.272 30149 -52.2265
-783.722 -5991.94 298.283 30149 -52.2265
-784.117 -5991.64 298.293 30149 -52.2265
-784.509 -5991.33 298.303 30149 -52.2265
-784.904 -5991.03 298.313 30149 -52.8972
-785.314 -5990.72 298.324 30149 -52.2675
-785.74 -5990.39 298.335 30149 -52.3364
-786.19 -5990.04 298.347 30149 -52.207
-786.663 -5989.67 298.359 30149 -52.2725
-787.159 -5989.29 298.372 30149 -51.7764
-787.672 -5988.89 298.386 30149 -52.2743
-788.2 -5988.48 298.4 30149 -52.246
-788.731 -5988.07 298.413 30149 -52.2743
-789.26 -5987.66 298.427 30149 -52.2742
-789.786 -5987.25 298.441 30149 -52.2742
-790.314 -5986.84 298.455 30149 -52.2739
-790.834 -5986.44 298.468 30149 -52.2746
-791.368 -5986.03 298.482 30149 -52.2493
-791.932 -5985.59 298.497 30149 -52.8278
-792.512 -5985.15 298.512 30149 -53.1322
-793.083 -5984.72 298.527 30149 -53.1784
-793.624 -5984.32 298.541 30149 -53.2019
-794.151 -5983.92 298.554 30149 -53.1897
-794.686 -5983.52 298.568 30149 -53.1897
-795.22 -5983.12 298.582 30149 -53.1897
-795.755 -5982.72 298.596 30149 -53.1897
-796.289 -5982.32 298.609 30149 -53.1901
-796.823 -5981.92 298.623 30149 -53.1611
-797.357 -5981.52 298.637 30149 -53.2187
-797.892 -5981.12 298.651 30149 -51.7825
-798.416 -5980.71 298.664 30149 -51.0541
-798.935 -5980.29 298.678 30149 -51.0541
-799.454 -5979.87 298.691 30149 -51.0546
-799.973 -5979.45 298.705 30149 -51.0545
-800.491 -5979.03 298.719 30149 -51.0523
-801.011 -5978.61 298.732 30149 -51.0483
-801.534 -5978.19 298.746 30149 -50.8886
-802.047 -5977.77 298.759 30149 -51.4653
-802.553 -5977.37 298.773 30149 -52.0829
-803.064 -5976.97 298.786 30149 -51.2271
-803.598 -5976.54 298.8 30149 -49.4875
-804.153 -5976.07 298.815 30149 -47.7298
-804.727 -5975.55 298.831 30149 -47.4767
-805.329 -5975 298.847 30149 -47.879
-805.942 -5974.44 298.864 30149 -47.9124
-806.552 -5973.89 298.881 30149 -47.8517
-807.158 -5973.34 298.897 30149 -47.8843
-807.766 -5972.79 298.914 30149 -47.8962
-808.377 -5972.24 298.931 30149 -47.8403
-808.986 -5971.69 298.948 30149 -46.8577
-809.567 -5971.14 298.964 30149 -47.9072
-810.107 -5970.66 298.979 30149 -49.1305
-810.622 -5970.21 298.992 30149 -49.387
-811.087 -5969.81 299.005 30149 -49.9439
-811.546 -5969.43 299.017 30149 -50.0781
-812.04 -5969.01 299.03 30149 -49.885
-812.558 -5968.58 299.044 30149 -50.3632
-813.083 -5968.14 299.058 30149 -49.8963
-813.622 -5967.69 299.072 30149 -49.9593
-814.186 -5967.21 299.087 30149 -49.8421
-814.77 -5966.72 299.103 30149 -49.8784
-815.377 -5966.21 299.119 30149 -49.5147
-816 -5965.68 299.136 30149 -49.8921
-816.638 -5965.14 299.153 30149 -49.9162
-817.279 -5964.6 299.17 30149 -49.8924
-817.917 -5964.06 299.187 30149 -49.8917
-818.554 -5963.53 299.204 30149 -47.6513
-819.17 -5962.96 299.221 30149 -47.443
-819.784 -5962.4 299.237 30149 -47.443
-820.398 -5961.84 299.254 30149 -47.4659
-821.012 -5961.27 299.271 30149 -47.4201
-821.625 -5960.71 299.287 30149 -47.443
-822.239 -5960.15 299.304 30149 -47.4659
-822.853 -5959.58 299.321 30149 -47.4431
-823.467 -5959.02 299.338 30149 -47.443
-824.081 -5958.46 299.354 30149 -47.4658
-824.695 -5957.89 299.371 30149 -47.443
-825.309 -5957.33 299.388 30149 -47.443
-825.923 -5956.77 299.404 30149 -47.443
-826.537 -5956.2 299.421 30149 -47.443
-827.15 -5955.64 299.438 30149 -47.4418
-827.762 -5955.08 299.454 30149 -47.467
-828.378 -5954.51 299.471 30149 -47.4493
-829.007 -5953.93 299.488 30149 -47.629
-829.641 -5953.36 299.505 30149 -47.8522
-830.273 -5952.78 299.522 30149 -47.8092
-830.894 -5952.22 299.539 30149 -47.833
-831.509 -5951.66 299.556 30149 -47.8325
-832.126 -5951.1 299.573 30149 -47.8325
-832.744 -5950.55 299.589 30149 -47.8096
-833.361 -5949.99 299.606 30149 -47.8554
-833.979 -5949.43 299.623 30149 -47.8324
-834.597 -5948.87 299.639 30149 -47.8096
-835.215 -5948.31 299.656 30149 -47.8555
-835.832 -5947.75 299.673 30149 -47.8096
-836.45 -5947.19 299.689 30149 -47.8325
-837.068 -5946.63 299.706 30149 -49.8032
-837.702 -5946.09 299.723 40149 -46.0713
-838.302 -5945.51 299.739 40149 -46.0484
-838.902 -5944.94 299.756 40149 -46.0713
-839.502 -5944.36 299.772 40149 -46.0713
-840.103 -5943.78 299.789 40149 -46.0713
-840.703 -5943.2 299.806 40149 -46.0713
-841.303 -5942.62 299.822 40149 -46.0484
-841.903 -5942.04 299.839 40149 -46.0713
-842.504 -5941.47 299.855 40149 -46.0713
-843.104 -5940.89 299.872 40149 -46.0712
-843.705 -5940.31 299.888 40149 -46.0484
-844.305 -5939.73 299.905 40149 -46.095
-844.902 -5939.16 299.921 40149 -46.2332
-845.5 -5938.58 299.938 40149 -46.2512
-846.109 -5938 299.955 40149 -45.4768
-846.733 -5937.39 299.972 40149 -43.9597
-847.371 -5936.73 299.99 40149 -43.6459
-848.027 -5936.04 300.009 40149 -43.0463
-848.685 -5935.33 300.028 40149 -41.8792
-849.33 -5934.61 300.047 40149 -41.3828
-849.971 -5933.89 300.067 40149 -41.8463
-850.607 -5933.18 300.086 40149 -43.0609
-851.237 -5932.5 300.104 40149 -42.8957
-851.858 -5931.83 300.122 40149 -42.5331
-852.472 -5931.16 300.14 40149 -44.5706
-853.111 -5930.52 300.158 40149 -45.5884
-853.74 -5929.9 300.176 40149 -47.7484
-854.363 -5929.33 300.192 40149 -48.0549
-854.98 -5928.78 300.209 40149 -47.7777
-855.593 -5928.22 300.225 40149 -47.4466
-856.207 -5927.66 300.242 40149 -45.631
-856.802 -5927.08 300.257 40149 -45.6316
-857.398 -5926.49 300.272 40149 -45.6315
-857.993 -5925.91 300.287 40149 -45.6321
-858.588 -5925.33 300.302 40149 -45.6542
-859.184 -5924.75 300.317 40149 -45.6082
-859.779 -5924.16 300.332 40149 -45.6546
-860.375 -5923.58 300.347 40149 -45.6308
-860.97 -5923 300.362 40149 -45.6307
-861.566 -5922.42 300.377 40149 -45.6077
-862.162 -5921.83 300.392 40149 -45.6733
-862.759 -5921.25 300.407 40149 -45.6159
-863.351 -5920.67 300.422 40149 -45.6482
-863.942 -5920.09 300.436 40149 -46.2889
-864.546 -5919.52 300.451 40149 -44.5442
-865.157 -5918.9 300.467 40149 -42.8875
-865.782 -5918.22 300.484 40149 -41.652
-866.408 -5917.52 300.501 40149 -42.9302
-867.035 -5916.84 300.517 40149 -44.519
-867.649 -5916.22 300.533 40149 -46.1385
-868.249 -5915.64 300.548 40149 -46.2596
-868.831 -5915.09 300.562 40149 -46.4055
-869.415 -5914.53 300.577 40149 -43.3846
-869.987 -5913.93 300.592 40149 -42.1425
-870.575 -5913.28 300.608 40149 -40.1386
-871.15 -5912.59 300.624 40149 -38.8059
-871.707 -5911.9 300.64 40149 -38.1616
-872.26 -5911.2 300.656 40149 -38.2976
-872.831 -5910.47 300.672 40149 -38.5059
-873.424 -5909.73 300.689 40149 -38.5672
-874.025 -5908.97 300.707 40149 -36.4809
-874.597 -5908.2 300.723 40149 -36.1775
-875.155 -5907.44 300.738 40149 -37.8839
-875.713 -5906.72 300.753 40149 -38.8348
-876.253 -5906.05 300.767 40149 -41.6261
-876.809 -5905.42 300.781 40149 -43.0758
-877.385 -5904.81 300.794 40149 -41.9817
-877.963 -5904.17 300.809 40149 -42.3871
-878.558 -5903.51 300.823 40149 -42.3585
-879.159 -5902.86 300.838 40149 -43.2058
-879.782 -5902.19 300.853 40149 0
