-835.085 -5947.93 299.659 30149 -50.9482
-835.783 -5947.37 299.677 30149 -49.1716
-836.429 -5946.81 299.694 30149 -48.8077
-837.036 -5946.28 299.71 30149 -51.5751
-837.633 -5945.8 299.726 40149 -46.6834
-838.149 -5945.32 299.74 40149 -45.6596
-838.655 -5944.82 299.754 40149 -46.251
-839.171 -5944.33 299.768 40149 -45.6046
-839.675 -5943.84 299.782 40149 -46.5428
-840.171 -5943.37 299.796 40149 -46.5149
-840.668 -5942.9 299.809 40149 -45.6319
-841.172 -5942.4 299.823 40149 -46.0626
-841.691 -5941.9 299.838 40149 -45.6343
-842.199 -5941.41 299.852 40149 -46.5149
-842.696 -5940.93 299.865 40149 -46.0714
-843.176 -5940.47 299.879 40149 -46.0721
-843.652 -5940.01 299.892 40149 -46.0715
-844.132 -5939.55 299.905 40149 -46.0713
-844.612 -5939.09 299.918 40149 -46.0721
-845.089 -5938.63 299.931 40149 -46.2451
-845.567 -5938.17 299.945 40149 -46.2678
-846.055 -5937.7 299.958 40149 -45.4969
-846.559 -5937.21 299.972 40149 -43.8339
-847.076 -5936.67 299.987 40149 -43.1825
-847.608 -5936.1 300.002 40149 -43.6861
-848.154 -5935.53 300.018 40149 -43.0333
-848.694 -5934.95 300.034 40149 -41.3495
-849.215 -5934.36 300.049 40149 -40.7278
-849.733 -5933.76 300.065 40149 -41.3
-850.25 -5933.17 300.081 40149 -42.8976
-850.764 -5932.62 300.096 40149 -43.658
-851.275 -5932.08 300.11 40149 -42.162
-851.775 -5931.53 300.125 40149 -42.5358
-852.289 -5930.97 300.14 40149 -44.1977
-852.811 -5930.43 300.155 40149 -45.8487
-853.318 -5929.94 300.169 40149 -47.7417
-853.817 -5929.49 300.183 40149 -48.0929
-854.31 -5929.05 300.196 40149 -47.7747
-854.8 -5928.6 300.209 40149 -47.7341
-855.293 -5928.15 300.222 40149 -47.7323
-855.786 -5927.7 300.235 40149 -46.3209
-856.268 -5927.24 300.248 40149 -45.6193
-856.744 -5926.78 300.26 40149 -45.6254
-857.219 -5926.31 300.272 40149 -45.6641
-857.692 -5925.85 300.284 40149 -45.6261
-858.166 -5925.39 300.296 40149 -46.7693
-858.666 -5924.92 300.308 40149 -46.198
-859.193 -5924.41 300.321 40149 -45.1099
-859.737 -5923.87 300.335 40149 -44.664
-860.309 -5923.29 300.35 40149 -45.6736
-860.906 -5922.71 300.365 40149 -45.5972
-861.505 -5922.12 300.38 40149 -45.6276
-862.102 -5921.54 300.395 40149 -45.6339
-862.697 -5920.96 300.41 40149 -45.6509
-863.293 -5920.37 300.425 40149 -45.5988
-863.892 -5919.79 300.44 40149 -45.5269
-864.482 -5919.21 300.455 40149 -46.2159
-865.069 -5918.64 300.469 40149 -46.3768
-865.659 -5918.08 300.484 40149 -43.4163
-866.243 -5917.47 300.499 40149 -42.2471
-866.847 -5916.8 300.515 40149 -40.3618
-867.458 -5916.08 300.532 40149 -39.3827
-868.083 -5915.32 300.55 40149 -39.8709
-868.722 -5914.55 300.568 40149 -39.8281
-869.356 -5913.79 300.586 40149 -39.8661
-869.997 -5913.03 300.604 40149 -39.8037
-870.624 -5912.28 300.621 40149 -39.3479
-871.214 -5911.55 300.638 40149 -38.0246
-871.763 -5910.85 300.654 40149 -40.0515
-872.321 -5910.19 300.67 40149 -41.3064
-872.892 -5909.54 300.685 40149 -43.3504
-873.478 -5908.92 300.701 40149 -43.8675
-874.051 -5908.32 300.715 40149 -42.5264
-874.609 -5907.71 300.729 40149 -42.3601
-875.17 -5907.1 300.742 40149 -42.3819
-875.732 -5906.48 300.756 40149 -42.383
-876.293 -5905.87 300.77 40149 -42.3598
-876.854 -5905.25 300.783 40149 -42.3597
-877.415 -5904.64 300.797 40149 -42.3827
-877.976 -5904.02 300.81 40149 -42.3826
-878.537 -5903.41 300.824 40149 -42.3597
-879.098 -5902.79 300.838 40149 -42.3829
-879.659 -5902.18 300.851 40149 -42.3826
-880.22 -5901.56 300.865 40149 -42.3596
-880.781 -5900.95 300.879 40149 -42.3596
-881.342 -5900.33 300.892 40149 -42.3828
-881.904 -5899.72 300.906 40149 -42.3825
-882.465 -5899.1 300.92 40149 -42.3825
-883.026 -5898.49 300.933 40149 -42.3595
-883.587 -5897.87 300.947 40149 -42.3595
-884.149 -5897.26 300.961 40149 -42.3824
-884.71 -5896.64 300.974 40149 -42.3824
-885.271 -5896.03 300.988 40149 -42.3595
-885.833 -5895.41 301.001 40149 -42.3826
-886.394 -5894.8 301.015 40149 -42.3823
-886.955 -5894.18 301.029 40149 -42.3594
-887.516 -5893.57 301.042 40149 -42.3538
-888.082 -5892.94 301.056 40149 -42.4112
-888.64 -5892.33 301.07 40149 -42.3905
-889.176 -5891.75 301.083 40149 -42.3505
-889.706 -5891.17 301.096 40149 -41.7184
-890.238 -5890.57 301.109 40149 -41.6946
-890.788 -5889.95 301.122 40149 -41.2772
-891.331 -5889.33 301.136 40149 -40.2309
-891.844 -5888.73 301.148 40149 -39.5183
-892.339 -5888.13 301.159 40149 -39.5183
-892.833 -5887.53 301.171 40149 -39.5183
-893.325 -5886.93 301.183 40149 -39.5183
-893.812 -5886.34 301.194 40149 -39.4931
-894.293 -5885.76 301.205 40149 -39.544
-894.767 -5885.18 301.217 40149 -39.5183
-895.233 -5884.62 301.228 40149 -39.5183
-895.691 -5884.06 301.238 40149 -39.5448
-896.15 -5883.51 301.249 40149 -39.5183
-896.62 -5882.94 301.26 40149 -39.5183
-897.097 -5882.36 301.272 40149 -39.0532
-897.562 -5881.78 301.283 40149 -39.5453
-898.014 -5881.24 301.293 40149 -39.9957
-898.451 -5880.72 301.303 40149 -39.5183
-898.875 -5880.2 301.313 40149 -39.5183
-899.297 -5879.69 301.323 40149 -39.5469
-899.723 -5879.18 301.333 40149 -39.5469
-900.149 -5878.66 301.343 40149 -39.5756
-900.573 -5878.15 301.353 40149 -39.5756
-900.998 -5877.63 301.363 40149 -39.547
-901.422 -5877.12 301.373 40149 -39.5759
-901.845 -5876.61 301.383 40149 -39.5475
-902.262 -5876.1 301.393 40149 -39.5745
-902.695 -5875.58 301.403 40149 -39.547
-903.119 -5875.06 301.413 40149 -39.5642
-903.65 -5874.42 301.426 40149 -39.5642
-809.559 -5964.68 0 0 -39.5642
-809.939 -5964.36 0 0 -39.5642
-810.32 -5964.04 0 0 -39.5642
-810.702 -5963.72 0 0 -39.5642
-811.083 -5963.39 0 0 -39.5642
-811.464 -5963.07 0 0 -39.5642
-811.844 -5962.75 0 0 -39.5642
-812.226 -5962.43 0 0 -39.5642
-812.607 -5962.11 0 0 -39.5642
-812.988 -5961.79 0 0 -39.5642
-813.369 -5961.47 0 0 -39.5642
-813.75 -5961.15 0 0 -39.5642
-814.131 -5960.83 0 0 -39.5642
-814.512 -5960.51 0 0 -39.5642
-814.893 -5960.19 0 0 -39.5642
-815.274 -5959.86 0 0 -39.5642
-815.645 -5959.53 0 0 -39.5642
-816.012 -5959.19 0 0 -39.5642
-816.378 -5958.86 0 0 -39.5642
-816.741 -5958.53 0 0 -39.5642
-817.107 -5958.19 0 0 -39.5642
-817.498 -5957.85 0 0 -39.5642
-817.905 -5957.47 0 0 -39.5642
-818.33 -5957.07 0 0 -39.5642
-818.776 -5956.66 0 0 -39.5642
-819.228 -5956.24 0 0 -39.5642
-819.694 -5955.82 0 0 -39.5642
-820.167 -5955.38 0 0 -39.5642
-820.656 -5954.93 0 0 -39.5642
-821.149 -5954.48 0 0 -39.5642
-821.64 -5954.03 0 0 -39.5642
-822.129 -5953.58 0 0 -39.5642
-822.618 -5953.13 0 0 -39.5642
-823.108 -5952.68 0 0 -39.5642
-823.596 -5952.23 0 0 -39.5642
-824.082 -5951.79 0 0 -39.5642
-824.571 -5951.34 0 0 -39.5642
-825.077 -5950.88 0 0 -39.5642
-825.588 -5950.4 0 0 -39.5642
-826.117 -5949.92 0 0 -39.5642
-826.66 -5949.42 0 0 -39.5642
-827.226 -5948.91 0 0 -39.5642
-827.795 -5948.39 0 0 -39.5642
-828.352 -5947.88 0 0 -39.5642
-828.903 -5947.39 0 0 -39.5642
-829.456 -5946.89 0 0 -39.5642
-830.011 -5946.38 0 0 -39.5642
-830.565 -5945.88 0 0 -39.5642
-831.116 -5945.38 0 0 -39.5642
-831.674 -5944.89 0 0 -39.5642
-832.245 -5944.38 0 0 -39.5642
-832.836 -5943.83 0 0 -39.5642
-833.453 -5943.27 0 0 -39.5642
-834.072 -5942.7 0 0 -39.5642
-834.727 -5942.13 0 0 -39.5642
-835.322 -5941.55 0 0 -39.5642
-835.918 -5940.98 0 0 -39.5642
-836.514 -5940.41 0 0 -39.5642
-837.111 -5939.83 0 0 -39.5642
-837.706 -5939.26 0 0 -39.5642
-838.303 -5938.68 0 0 -39.5642
-838.899 -5938.11 0 0 -39.5642
-839.494 -5937.53 0 0 -39.5642
-840.091 -5936.96 0 0 -39.5642
-840.691 -5936.38 0 0 -39.5642
-841.288 -5935.81 0 0 -39.5642
-841.865 -5935.24 0 0 -39.5642
-842.434 -5934.71 0 0 -39.5642
-842.994 -5934.17 0 0 -39.5642
-843.569 -5933.61 0 0 -39.5642
-844.155 -5932.99 0 0 -39.5642
-844.759 -5932.35 0 0 -39.5642
-845.375 -5931.71 0 0 -39.5642
-845.981 -5931.06 0 0 -39.5642
-846.566 -5930.39 0 0 -39.5642
-847.147 -5929.72 0 0 -39.5642
-847.728 -5929.06 0 0 -39.5642
-848.313 -5928.43 0 0 -39.5642
-848.902 -5927.81 0 0 -39.5642
-849.464 -5927.17 0 0 -39.5642
-850.016 -5926.53 0 0 -39.5642
-850.572 -5925.93 0 0 -39.5642
-851.104 -5925.38 0 0 -39.5642
-851.635 -5924.88 0 0 -39.5642
-852.154 -5924.41 0 0 -39.5642
-852.647 -5923.96 0 0 -39.5642
-853.123 -5923.51 0 0 -39.5642
-853.595 -5923.03 0 0 -39.5642
-854.064 -5922.5 0 0 -39.5642
-854.548 -5921.94 0 0 -39.5642
-855.043 -5921.38 0 0 -39.5642
-855.56 -5920.87 0 0 -39.5642
-856.078 -5920.37 0 0 -39.5642
-856.596 -5919.88 0 0 -39.5642
-857.11 -5919.36 0 0 -39.5642
-857.605 -5918.81 0 0 -39.5642
-858.099 -5918.24 0 0 -39.5642
-858.619 -5917.68 0 0 -39.5642
-859.169 -5917.12 0 0 -39.5642
-859.744 -5916.56 0 0 -39.5642
-860.333 -5915.98 0 0 -39.5642
-860.928 -5915.4 0 0 -39.5642
-861.52 -5914.82 0 0 -39.5642
-862.111 -5914.24 0 0 -39.5642
-862.703 -5913.66 0 0 -39.5642
-863.295 -5913.08 0 0 -39.5642
-863.886 -5912.51 0 0 -39.5642
-864.478 -5911.93 0 0 -39.5642
-865.069 -5911.35 0 0 -39.5642
-865.661 -5910.77 0 0 -39.5642
-866.253 -5910.19 0 0 -39.5642
-866.845 -5909.61 0 0 -39.5642
-867.442 -5909.03 0 0 -39.5642
-868.029 -5908.46 0 0 -39.5642
-868.593 -5907.91 0 0 -39.5642
-869.141 -5907.36 0 0 -39.5642
-869.694 -5906.8 0 0 -39.5642
-870.269 -5906.21 0 0 -39.5642
-870.85 -5905.61 0 0 -39.5642
-871.408 -5905 0 0 -39.5642
-871.965 -5904.39 0 0 -39.5642
-872.523 -5903.78 0 0 -39.5642
-873.081 -5903.17 0 0 -39.5642
-873.639 -5902.55 0 0 -39.5642
-874.196 -5901.94 0 0 -39.5642
-874.754 -5901.33 0 0 -39.5642
-875.312 -5900.72 0 0 -39.5642
-875.87 -5900.11 0 0 -39.5642
-876.428 -5899.5 0 0 -39.5642
-876.985 -5898.89 0 0 -39.5642
-877.542 -5898.28 0 0 -39.5642
-878.097 -5897.67 0 0 -39.5642
-878.655 -5897.06 0 0 -39.5642
-879.229 -5896.44 0 0 -39.5642
-879.807 -5895.79 0 0 -39.5642
-880.399 -5895.14 0 0 -39.5642
-880.996 -5894.49 0 0 -39.5642
-881.617 -5893.83 0 0 -39.5642
-882.245 -5893.13 0 0 -39.5642
-882.886 -5892.42 0 0 -39.5642
-883.529 -5891.72 0 0 -39.5642
-884.166 -5891.02 0 0 -39.5642
-884.808 -5890.31 0 0 -39.5642
-885.457 -5889.6 0 0 -39.5642
-886.096 -5888.9 0 0 -39.5642
-886.715 -5888.22 0 0 -39.5642
-887.339 -5887.54 0 0 -39.5642
-887.968 -5886.83 0 0 -39.5642
-888.609 -5886.08 0 0 -39.5642
-889.247 -5885.3 0 0 -39.5642
-889.88 -5884.53 0 0 -39.5642
-890.512 -5883.77 0 0 -39.5642
-891.145 -5883 0 0 -39.5642
-891.776 -5882.24 0 0 -39.5642
-892.405 -5881.47 0 0 -39.5642
-893.037 -5880.71 0 0 -39.5642
-893.685 -5879.93 0 0 -39.5642
-894.337 -5879.13 0 0 -39.5642
-895.005 -5878.32 0 0 -39.5642
-895.675 -5877.51 0 0 -39.5642
-896.342 -5876.7 0 0 -39.5642
-897.007 -5875.9 0 0 -39.5642
-897.675 -5875.09 0 0 -39.5642
-898.367 -5874.27 0 0 -39.5642
-899.073 -5873.42 0 0 -39.5642
-899.79 -5872.53 0 0 -39.5642
-900.528 -5871.63 0 0 -39.5642
-901.267 -5870.74 0 0 -39.5642
-833.594 -5944.46 0 0 0
