-613.96 -6098.7 294.163 20148 -57.8009
-614.807 -6098.17 294.177 20148 -57.8391
-615.653 -6097.64 294.191 20148 -57.82
-616.499 -6097.1 294.205 20148 -57.8391
-617.346 -6096.57 294.218 20148 -57.7261
-618.169 -6096.05 294.236 30148 -57.69
-619.012 -6095.52 294.256 30148 -57.7091
-619.854 -6094.99 294.276 30148 -57.6901
-620.698 -6094.45 294.297 30148 -57.7095
-621.545 -6093.92 294.317 30148 -57.6901
-622.388 -6093.39 294.337 30148 -57.3777
-623.216 -6092.86 294.357 30148 -57.6859
-624.024 -6092.34 294.376 30148 -58.0533
-624.811 -6091.85 294.395 30148 -57.7021
-625.583 -6091.37 294.413 30148 -57.6809
-626.353 -6090.88 294.432 30148 -57.7233
-627.128 -6090.39 294.45 30148 -57.6815
-627.902 -6089.9 294.469 30148 -57.3393
-628.658 -6089.41 294.487 30148 -57.7197
-629.392 -6088.95 294.504 30148 -58.0571
-630.109 -6088.5 294.521 30148 -58.0561
-630.828 -6088.06 294.539 30148 -57.3466
-631.56 -6087.59 294.556 30148 -57.6995
-632.309 -6087.11 294.574 30148 -57.3491
-633.046 -6086.64 294.592 30148 -58.0558
-633.766 -6086.19 294.609 30148 -57.6938
-634.468 -6085.75 294.626 30148 -57.7164
-635.166 -6085.31 294.642 30148 -57.6936
-635.867 -6084.86 294.659 30148 -57.6939
-636.57 -6084.42 294.676 30148 -57.6938
-637.272 -6083.98 294.693 30148 -57.6938
-637.974 -6083.53 294.709 30148 -57.7168
-638.677 -6083.09 294.726 30148 -57.6708
-639.379 -6082.64 294.743 30148 -57.7168
-640.082 -6082.2 294.76 30148 -57.8787
-640.785 -6081.76 294.777 30148 -57.9427
-641.489 -6081.32 294.794 30148 -57.9427
-642.194 -6080.88 294.811 30148 -57.9657
-642.898 -6080.43 294.828 30148 -57.9197
-643.602 -6079.99 294.845 30148 -57.9657
-644.306 -6079.55 294.862 30148 -57.9427
-645.011 -6079.11 294.879 30148 -57.9427
-645.714 -6078.67 294.896 30148 -57.9429
-646.42 -6078.23 294.913 30148 -57.9662
-647.129 -6077.79 294.93 30148 -57.943
-647.835 -6077.34 294.947 30148 -56.9769
-648.516 -6076.9 294.964 30148 -57.3871
-649.162 -6076.49 294.979 30148 -58.5326
-649.784 -6076.11 294.994 30148 -59.0964
-650.37 -6075.76 295.008 30148 -57.9193
-650.931 -6075.4 295.022 30148 -57.9478
-651.49 -6075.05 295.035 30148 -57.9483
-652.052 -6074.7 295.049 30148 -57.9486
-652.616 -6074.35 295.063 30148 -57.9482
-653.177 -6074 295.076 30148 -57.9488
-653.743 -6073.64 295.09 30148 -57.95
-654.316 -6073.28 295.104 30148 -58.0347
-654.894 -6072.92 295.118 30148 -58.1193
-655.468 -6072.57 295.131 30148 -58.1206
-656.035 -6072.21 295.145 30148 -58.1212
-656.597 -6071.86 295.159 30148 -58.0922
-657.161 -6071.51 295.172 30148 -58.1209
-657.726 -6071.16 295.186 30148 -58.1209
-658.29 -6070.81 295.2 30148 -58.0921
-658.855 -6070.46 295.213 30148 -58.121
-659.418 -6070.11 295.227 30148 -58.1206
-659.984 -6069.76 295.24 30148 -58.1202
-660.553 -6069.4 295.254 30148 -58.1206
-661.12 -6069.05 295.268 30148 -56.8821
-661.661 -6068.7 295.281 30148 -57.3987
-662.167 -6068.37 295.293 30148 -58.8831
-662.649 -6068.08 295.305 30148 -59.6002
-663.095 -6067.82 295.315 30148 -59.6002
-663.516 -6067.56 295.326 30148 -59.6002
-663.935 -6067.3 295.336 30148 -59.6002
-664.356 -6067.03 295.346 30148 -59.6002
-664.779 -6066.77 295.357 30148 -59.6002
-665.202 -6066.51 295.367 30148 -59.6002
-665.625 -6066.24 295.377 30148 -59.6002
-666.048 -6065.98 295.387 30148 -59.6002
-666.471 -6065.71 295.398 30148 -59.6002
-666.894 -6065.45 295.408 30148 -59.6002
-667.317 -6065.19 295.418 30148 -59.6002
-667.74 -6064.92 295.429 30148 -59.6002
-668.163 -6064.66 295.439 30148 -59.6002
-668.586 -6064.39 295.449 30148 -59.6002
-669.008 -6064.13 295.46 30148 -59.6002
-669.431 -6063.87 295.47 30148 -59.6002
-669.854 -6063.6 295.48 30148 -59.6002
-670.277 -6063.34 295.491 30148 -59.6002
-670.7 -6063.07 295.501 30148 -59.6002
-671.123 -6062.81 295.511 30148 -59.6002
-671.546 -6062.54 295.522 30148 -59.6002
-671.969 -6062.28 295.532 30148 -59.6002
-672.392 -6062.02 295.542 30148 -59.6002
-672.815 -6061.75 295.553 30148 -59.6002
-673.238 -6061.49 295.563 30148 -59.6002
-673.66 -6061.22 295.573 30148 -59.6002
-674.083 -6060.96 295.583 30148 -59.6002
-674.505 -6060.7 295.594 30148 -59.6002
-674.924 -6060.43 295.604 30148 -58.5488
-675.352 -6060.17 295.614 30148 -60.1414
-675.795 -6059.91 295.625 30148 -59.9029
-676.25 -6059.65 295.636 30148 -58.2966
-676.704 -6059.37 295.647 30148 -55.9799
-677.148 -6059.07 295.658 30148 -55.0864
-677.588 -6058.76 295.669 30148 -55.5817
-678.029 -6058.46 295.68 30148 -55.6145
-678.47 -6058.16 295.691 30148 -55.6874
-678.912 -6057.86 295.702 30148 -55.7231
-679.353 -6057.56 295.713 30148 -55.6873
-679.795 -6057.26 295.724 30148 -55.6156
-680.236 -6056.95 295.735 30148 -55.5798
-680.677 -6056.65 295.746 30148 -56.121
-681.122 -6056.35 295.757 30148 -54.9802
-681.561 -6056.05 295.769 30148 -52.8394
-681.985 -6055.72 295.78 30148 -52.672
-682.401 -6055.41 295.79 30148 -54.3371
-682.815 -6055.11 295.801 30148 -57.4423
-683.237 -6054.84 295.811 30148 -57.4423
-683.661 -6054.58 295.821 30148 -57.4423
-684.082 -6054.32 295.832 30148 -57.4423
-684.504 -6054.05 295.842 30148 -57.4423
-684.927 -6053.79 295.852 30148 -57.4423
-685.35 -6053.52 295.863 30148 -57.4423
-685.771 -6053.26 295.873 30148 -57.4423
-686.191 -6052.99 295.883 30148 -57.4423
-686.612 -6052.72 295.894 30148 -57.4423
-687.032 -6052.45 295.904 30148 -57.4423
-687.452 -6052.19 295.915 30148 -57.4423
-687.873 -6051.92 295.925 30148 -57.4423
-688.293 -6051.65 295.935 30148 -57.4423
-688.713 -6051.38 295.946 30148 -57.4423
-689.134 -6051.12 295.956 30148 -57.4423
-689.555 -6050.85 295.967 30148 -57.4423
-689.975 -6050.58 295.977 30148 -57.4423
-690.395 -6050.31 295.987 30148 -57.4423
-690.816 -6050.05 295.998 30148 -57.4423
-691.236 -6049.78 296.008 30148 -57.4423
-691.656 -6049.51 296.019 30148 -57.4423
-692.077 -6049.24 296.029 30148 -57.4423
-692.497 -6048.97 296.039 30148 -57.4423
-692.918 -6048.71 296.05 30148 -57.4423
-693.338 -6048.44 296.06 30148 -57.4423
-693.759 -6048.17 296.071 30148 -57.4597
-694.181 -6047.9 296.081 30148 -57.4597
-694.599 -6047.64 296.091 30148 -57.4597
-695.007 -6047.38 296.101 30148 -57.4597
-695.411 -6047.12 296.111 30148 -57.4597
-695.818 -6046.86 296.121 30148 -57.4597
-696.236 -6046.59 296.132 30148 -57.3072
-696.657 -6046.32 296.142 30148 -57.3072
-697.077 -6046.05 296.153 30148 -57.3072
-697.496 -6045.78 296.163 30148 -57.3072
-697.915 -6045.51 296.173 30148 -57.3072
-698.335 -6045.24 296.184 30148 -57.3072
-698.754 -6044.97 296.194 30148 -57.3072
-699.174 -6044.7 296.205 30148 -57.3072
-699.593 -6044.43 296.215 30148 -57.3072
-700.012 -6044.16 296.225 30148 -57.3072
-700.432 -6043.9 296.236 30148 -57.3072
-700.851 -6043.63 296.246 30148 -57.3072
-701.27 -6043.36 296.257 30148 -57.3072
-701.69 -6043.09 296.267 30148 -57.3072
-702.109 -6042.82 296.277 30148 -57.3072
-702.528 -6042.55 296.288 30148 -57.3072
-702.948 -6042.28 296.298 30148 -57.3072
-703.367 -6042.01 296.308 30148 -57.3072
-703.786 -6041.74 296.319 30148 -57.3072
-704.206 -6041.47 296.329 30148 -57.3072
-704.625 -6041.2 296.34 30148 -57.3072
-705.044 -6040.93 296.35 30148 -57.3072
-705.464 -6040.67 296.36 30148 -57.3072
-705.883 -6040.4 296.371 30148 -57.3072
-706.303 -6040.13 296.381 30148 -57.3072
-706.722 -6039.86 296.392 30148 -57.3072
-707.141 -6039.59 296.402 30148 -57.3072
-707.561 -6039.32 296.412 30148 -57.3072
-707.98 -6039.05 296.423 30148 -57.3072
-708.396 -6038.78 296.433 30148 -57.3072
-708.812 -6038.5 296.444 30148 -57.3072
-709.227 -6038.23 296.454 30148 -57.3072
-709.643 -6037.95 296.464 30148 -57.3072
-710.059 -6037.68 296.475 30148 -57.3072
-710.474 -6037.4 296.485 30148 -57.3072
-710.89 -6037.13 296.496 30148 -57.3072
-711.306 -6036.85 296.506 30148 -57.3072
-711.721 -6036.58 296.517 30148 -57.3072
-712.137 -6036.3 296.527 30148 -57.3072
-712.552 -6036.03 296.538 30148 -57.3072
-712.968 -6035.75 296.548 30148 -57.3072
-713.384 -6035.48 296.558 30148 -57.3072
-713.799 -6035.2 296.569 30148 -57.3072
-714.215 -6034.93 296.579 30148 -57.3072
-714.631 -6034.65 296.59 30148 -57.3072
-715.046 -6034.38 296.6 30148 -57.3072
-715.462 -6034.1 296.611 30148 -57.3072
-715.877 -6033.83 296.621 30148 -57.3072
-716.293 -6033.55 296.631 30148 -57.3072
-716.709 -6033.28 296.642 30148 -57.3072
-717.124 -6033 296.652 30148 -57.3072
-717.541 -6032.73 296.663 30148 -57.3072
-717.955 -6032.45 296.673 30148 -57.3072
-718.366 -6032.18 296.683 30148 -57.3072
-718.781 -6031.91 296.694 30148 -57.1595
-719.212 -6031.63 296.705 30148 -56.5344
-719.66 -6031.33 296.716 30148 -56.6111
-720.134 -6031.02 296.728 30148 -56.4556
-720.63 -6030.69 296.74 30148 -56.4984
-721.151 -6030.35 296.753 30148 -56.0367
-721.691 -6029.98 296.767 30148 -56.5111
-722.246 -6029.62 296.781 30148 -56.5123
-722.803 -6029.25 296.795 30148 -56.5114
-723.359 -6028.88 296.809 30148 -56.5392
-723.912 -6028.52 296.823 30148 -56.5412
-724.471 -6028.15 296.837 30148 -56.5127
-725.03 -6027.78 296.851 30148 -54.9449
-725.552 -6027.41 296.864 30148 -58.3164
-726.059 -6027.1 296.877 30148 -60.0508
-726.525 -6026.83 296.888 30148 -64.8055
-727.028 -6026.59 296.899 30148 -60.5608
-727.565 -6026.29 296.912 30148 -60.4772
-728.139 -6025.96 296.926 30148 -57.7836
-728.742 -6025.58 296.941 30148 -59.1727
-729.382 -6025.2 296.957 30148 -59.1055
-730.026 -6024.82 296.972 30148 -58.8318
-730.662 -6024.43 296.988 30148 -58.0513
-731.292 -6024.04 297.003 30148 -58.0601
-731.92 -6023.65 297.019 30148 -58.7087
-732.552 -6023.26 297.034 30148 -57.5049
-733.18 -6022.86 297.05 30148 -54.5589
-733.804 -6022.42 297.066 30148 -53.2754
-734.441 -6021.94 297.083 30148 -53.1343
-735.096 -6021.45 297.1 30148 -54.7533
-735.773 -6020.97 297.117 30148 -56.2049
-736.462 -6020.51 297.134 30148 -55.6975
-737.148 -6020.04 297.152 30148 -56.0573
-737.849 -6019.57 297.17 30148 -55.7141
-738.568 -6019.08 297.188 30148 -55.7305
-739.315 -6018.57 297.207 30148 -55.3148
-740.077 -6018.05 297.226 30148 -55.6837
-740.856 -6017.51 297.246 30148 -55.7038
-741.637 -6016.98 297.266 30148 -55.7046
-742.412 -6016.45 297.285 30148 -55.684
-743.189 -6015.92 297.305 30148 -56.0819
-743.982 -6015.39 297.325 30148 -55.6019
-744.794 -6014.83 297.346 30148 -55.4319
-745.63 -6014.26 297.367 30148 -55.6944
-746.475 -6013.68 297.389 30148 -55.6954
-747.314 -6013.11 297.41 30148 -55.697
-748.141 -6012.54 297.431 30148 -55.6979
-748.961 -6011.99 297.452 30148 -55.6977
-749.784 -6011.42 297.472 30148 -55.6973
-750.608 -6010.86 297.493 30148 -55.6783
-751.431 -6010.3 297.514 30148 -55.6974
-752.255 -6009.74 297.535 30148 -54.7688
-753.07 -6009.16 297.556 30148 -54.2069
-753.879 -6008.58 297.577 30148 -54.2261
-754.688 -6008 297.598 30148 -54.2069
-755.496 -6007.41 297.619 30148 -54.2452
-756.306 -6006.83 297.639 30148 -54.2261
-757.115 -6006.25 297.66 30148 -54.2261
-757.924 -6005.66 297.681 30148 -54.2261
-758.733 -6005.08 297.702 30148 -54.2254
-759.547 -6004.5 297.723 30148 -54.2268
-760.351 -6003.92 297.744 30148 -54.2298
-761.135 -6003.35 297.764 30148 -53.732
-761.906 -6002.79 297.784 30148 -54.3274
-762.695 -6002.22 297.804 30148 -55.2095
-763.523 -6001.64 297.825 30148 -55.5844
-764.379 -6001.06 297.847 30148 -55.3733
-765.238 -6000.46 297.869 30148 -54.184
-766.089 -5999.85 297.891 30148 -53.5094
-766.931 -5999.23 297.913 30148 -53.7825
-767.774 -5998.61 297.934 30148 -54.0383
-768.623 -5997.99 297.956 30148 -53.6555
-769.467 -5997.37 297.978 30148 -52.5889
-770.294 -5996.74 298 30148 -52.1449
-771.107 -5996.11 298.021 30148 -52.6257
-771.914 -5995.49 298.043 30148 -53.7865
-772.721 -5994.9 298.064 30148 -54.0525
-773.511 -5994.33 298.084 30148 -54.0845
-774.282 -5993.77 298.104 30148 -52.2627
-775.03 -5993.19 298.124 30148 -52.2632
-775.788 -5992.6 298.143 30148 -51.9657
-776.546 -5992.01 298.163 30148 -51.2832
-777.276 -5991.43 298.183 30148 -53.288
-777.991 -5990.89 298.201 30148 -52.6339
-778.679 -5990.37 298.219 30148 -52.2591
-779.367 -5989.83 298.237 30148 -52.2813
-780.062 -5989.3 298.256 30148 -52.2592
-780.751 -5988.76 298.274 30148 -52.2587
-781.433 -5988.24 298.292 30148 -52.6547
-782.123 -5987.71 298.31 30148 -52.303
-782.832 -5987.16 298.328 30148 -52.2207
-783.565 -5986.59 298.347 30148 -52.2632
-784.323 -5986.01 298.367 30148 -51.9532
-785.097 -5985.4 298.388 30148 -52.2648
-785.887 -5984.79 298.408 30148 -52.2651
-786.684 -5984.17 298.429 30148 0
