-551.854 -6137.93 293.565 20148 -58.828
-552.72 -6137.41 293.567 20148 -59.2503
-553.586 -6136.89 293.569 20148 -59.4451
-554.45 -6136.38 293.571 20148 -59.2697
-555.315 -6135.87 293.574 20148 -58.7525
-556.181 -6135.34 293.576 20148 -58.581
-557.046 -6134.81 293.578 20148 -58.7915
-557.911 -6134.29 293.58 20148 -58.968
-558.772 -6133.77 293.582 20148 -59.0682
-559.63 -6133.26 293.584 20148 -59.0904
-560.487 -6132.74 293.587 20148 -59.0956
-561.345 -6132.23 293.592 20148 -59.0757
-562.203 -6131.72 293.597 20148 -59.0761
-563.061 -6131.2 293.602 20148 -59.0757
-563.919 -6130.69 293.607 20148 -59.0947
-564.777 -6130.17 293.612 20148 -59.0753
-565.635 -6129.66 293.617 20148 -59.0789
-566.491 -6129.15 293.622 20148 -59.8297
-567.352 -6128.65 293.627 20148 -57.0267
-568.185 -6128.11 293.632 20148 -54.8316
-568.997 -6127.54 293.637 20148 -53.7776
-569.795 -6126.95 293.642 20148 -55.9084
-570.609 -6126.4 293.647 20148 -58.144
-571.446 -6125.88 293.652 20148 -59.1789
-572.299 -6125.37 293.657 20148 -57.2808
-573.141 -6124.83 293.662 20148 -57.7392
-573.988 -6124.29 293.667 20148 -57.7392
-574.834 -6123.76 293.672 20148 -57.7496
-575.679 -6123.23 293.68 20148 -57.7496
-576.525 -6122.69 293.688 20148 -57.7495
-577.371 -6122.16 293.696 20148 -57.7307
-578.217 -6121.63 293.704 20148 -57.7502
-579.067 -6121.09 293.712 20148 -57.7305
-579.912 -6120.56 293.72 20148 -57.4364
-580.741 -6120.03 293.728 20148 -58.061
-581.562 -6119.52 293.735 20148 -57.7418
-582.361 -6119.01 293.743 20148 -57.7584
-583.137 -6118.52 293.75 20148 -56.5745
-583.88 -6118.03 293.757 20148 -57.9054
-584.612 -6117.57 293.764 20148 -57.7728
-585.343 -6117.11 293.771 20148 -57.4049
-586.083 -6116.64 293.778 20148 -57.4081
-586.829 -6116.16 293.785 20148 -57.0555
-587.564 -6115.68 293.792 20148 -57.7487
-588.284 -6115.23 293.799 20148 -57.4016
-588.986 -6114.78 293.806 20148 -57.4313
-589.684 -6114.34 293.814 20148 -57.4153
-590.385 -6113.89 293.823 20148 -57.4166
-591.088 -6113.44 293.832 20148 -57.4162
-591.79 -6112.99 293.841 20148 -57.4392
-592.492 -6112.54 293.85 20148 -57.4162
-593.194 -6112.09 293.859 20148 -57.4162
-593.896 -6111.64 293.868 20148 -57.4162
-594.599 -6111.19 293.877 20148 -57.439
-595.301 -6110.75 293.886 20148 -57.4162
-596.003 -6110.3 293.895 20148 -57.4162
-596.705 -6109.85 293.904 20148 -57.4162
-597.407 -6109.4 293.913 20148 -57.4392
-598.109 -6108.95 293.922 20148 -57.4159
-598.811 -6108.5 293.931 20148 -57.3239
-599.512 -6108.05 293.941 20148 -57.4168
-600.215 -6107.6 293.95 20148 -57.8748
-600.926 -6107.16 293.959 20148 -58.4156
-601.649 -6106.71 293.968 20148 -58.8368
-602.38 -6106.27 293.977 20148 -58.9461
-603.113 -6105.83 293.987 20148 -58.7716
-603.845 -6105.39 293.996 20148 -58.5633
-604.574 -6104.94 294.008 20148 -58.4512
-605.303 -6104.49 294.02 20148 -58.6523
-606.034 -6104.05 294.032 20148 -58.7873
-606.764 -6103.61 294.043 20148 -58.5653
-607.492 -6103.16 294.055 20148 -58.0961
-608.21 -6102.71 294.067 20148 -57.8244
-608.92 -6102.27 294.078 20148 -57.7779
-609.625 -6101.82 294.09 20148 -57.8236
-610.328 -6101.38 294.101 20148 -57.8238
-611.034 -6100.94 294.113 20148 -57.8238
-611.739 -6100.49 294.124 20148 -57.8238
-612.444 -6100.05 294.136 20148 -57.8467
-613.15 -6099.61 294.147 20148 -57.8238
-613.855 -6099.16 294.159 20148 -57.8238
-614.56 -6098.72 294.17 20148 -57.8238
-615.266 -6098.27 294.182 20148 -57.8238
-615.971 -6097.83 294.193 20148 -57.8467
-616.676 -6097.39 294.205 20148 -57.8238
-617.382 -6096.94 294.216 20148 -57.7641
-618.067 -6096.51 294.229 30148 -57.6939
-618.77 -6096.07 294.246 30148 -57.6939
-619.472 -6095.62 294.263 30148 -57.6939
-620.175 -6095.18 294.28 30148 -57.7168
-620.877 -6094.73 294.297 30148 -57.6939
-621.58 -6094.29 294.313 30148 -57.6939
-622.282 -6093.85 294.33 30148 -57.6938
-622.984 -6093.4 294.347 30148 -57.694
-623.688 -6092.96 294.364 30148 -57.6945
-624.395 -6092.51 294.381 30148 -57.7169
-625.099 -6092.07 294.398 30148 -56.7271
-625.777 -6091.62 294.414 30148 -57.7611
-626.434 -6091.21 294.43 30148 -58.6876
-627.067 -6090.82 294.445 30148 -57.7065
-627.678 -6090.43 294.459 30148 -57.6789
-628.282 -6090.05 294.474 30148 -57.2689
-628.873 -6089.67 294.488 30148 -58.1498
-629.452 -6089.31 294.502 30148 -57.6996
-630.015 -6088.96 294.515 30148 -57.699
-630.573 -6088.6 294.528 30148 -57.6993
-631.133 -6088.25 294.542 30148 -57.6999
-631.697 -6087.89 294.555 30148 -57.7002
-632.262 -6087.54 294.569 30148 -57.6997
-632.825 -6087.18 294.582 30148 -57.1992
-633.372 -6086.83 294.595 30148 -57.6942
-633.901 -6086.49 294.608 30148 -57.6256
-634.405 -6086.17 294.62 30148 -57.7858
-634.885 -6085.87 294.631 30148 -57.7147
-635.339 -6085.58 294.642 30148 -58.3076
-635.775 -6085.32 294.653 30148 -58.3076
-636.196 -6085.05 294.663 30148 -58.3076
-636.614 -6084.79 294.673 30148 -58.3076
-637.034 -6084.52 294.683 30148 -58.3076
-637.456 -6084.25 294.693 30148 -58.3076
-637.877 -6083.99 294.703 30148 -58.3076
-638.299 -6083.72 294.713 30148 -58.3076
-638.721 -6083.45 294.723 30148 -58.3076
-639.142 -6083.19 294.733 30148 -58.3076
-639.564 -6082.92 294.743 30148 -58.3076
-639.985 -6082.65 294.753 30148 -58.3076
-640.406 -6082.39 294.763 30148 -58.3076
-640.829 -6082.12 294.774 30148 -58.3076
-641.252 -6081.86 294.784 30148 -58.3076
-641.674 -6081.59 294.794 30148 -58.3076
-642.097 -6081.33 294.804 30148 -58.3076
-642.519 -6081.06 294.814 30148 -57.9202
-642.943 -6080.8 294.825 30148 -57.9588
-643.37 -6080.53 294.835 30148 -57.9588
-643.792 -6080.27 294.845 30148 -57.9588
-644.198 -6080.01 294.855 30148 -57.9588
-644.59 -6079.77 294.864 30148 -57.9588
-644.967 -6079.53 294.874 30148 -57.9588
-645.342 -6079.3 294.883 30148 -57.9588
-645.717 -6079.06 294.892 30148 -57.9588
-646.078 -6078.83 294.9 30148 -57.9588
-646.421 -6078.61 294.909 30148 -57.9588
-646.737 -6078.42 294.916 30148 -57.9588
-647.033 -6078.24 294.923 30148 -57.9588
-647.314 -6078.06 294.93 30148 -57.9588
-647.592 -6077.89 294.937 30148 -57.9588
-647.872 -6077.71 294.944 30148 -57.9588
-648.155 -6077.54 294.951 30148 -57.9588
-648.436 -6077.36 294.957 30148 -57.9588
-648.718 -6077.18 294.964 30148 -57.9588
-649 -6077.01 294.971 30148 -57.9588
-649.282 -6076.83 294.978 30148 -57.9588
-649.563 -6076.65 294.985 30148 -57.9588
-649.846 -6076.48 294.991 30148 -57.9588
-650.126 -6076.3 294.998 30148 -57.9588
-650.404 -6076.13 295.005 30148 -57.9588
-650.685 -6075.95 295.012 30148 -57.9588
-650.985 -6075.77 295.019 30148 -57.9588
-651.301 -6075.57 295.027 30148 -57.9588
-651.629 -6075.36 295.035 30148 -57.9588
-651.941 -6075.16 295.042 30148 -57.9588
-652.241 -6074.98 295.049 30148 -57.9588
-652.539 -6074.8 295.056 30148 -57.9588
-652.845 -6074.6 295.064 30148 -57.9588
-653.169 -6074.4 295.072 30148 -57.9588
-653.5 -6074.19 295.08 30148 -57.9588
-653.852 -6073.98 295.088 30148 -57.9588
-654.23 -6073.75 295.097 30148 -57.9588
-654.638 -6073.48 295.107 30148 -58.1089
-655.075 -6073.2 295.118 30148 -58.1085
-655.515 -6072.93 295.128 30148 -58.1101
-655.944 -6072.66 295.139 30148 -58.1101
-656.36 -6072.4 295.149 30148 -58.1101
-656.769 -6072.15 295.159 30148 -58.1101
-657.181 -6071.91 295.168 30148 -58.0718
-657.618 -6071.64 295.179 30148 -55.7871
-658.082 -6071.32 295.19 30148 -53.5245
-658.569 -6070.96 295.203 30148 -53.1544
-659.087 -6070.57 295.216 30148 -53.7499
-659.616 -6070.19 295.229 30148 -53.7146
-660.14 -6069.8 295.243 30148 -53.6693
-660.662 -6069.42 295.256 30148 -53.7294
-661.188 -6069.03 295.269 30148 -53.6165
-661.711 -6068.65 295.282 30148 -53.2534
-662.22 -6068.27 295.295 30148 -53.9365
-662.714 -6067.91 295.308 30148 -55.1643
-663.193 -6067.57 295.32 30148 -56.8793
-663.661 -6067.27 295.331 30148 -57.8313
-664.113 -6066.98 295.342 30148 -58.5744
-664.549 -6066.72 295.353 30148 -58.5744
-664.97 -6066.45 295.363 30148 -58.5744
-665.39 -6066.19 295.374 30148 -58.5744
-665.811 -6065.93 295.384 30148 -58.5744
-666.235 -6065.66 295.394 30148 -58.5744
-666.658 -6065.4 295.404 30148 -58.5744
-667.08 -6065.14 295.415 30148 -58.5744
-667.503 -6064.87 295.425 30148 -58.5744
-667.926 -6064.61 295.435 30148 -58.5744
-668.349 -6064.34 295.446 30148 -58.5744
-668.772 -6064.08 295.456 30148 -58.5744
-669.195 -6063.82 295.466 30148 -58.5744
-669.617 -6063.55 295.477 30148 -58.5744
-670.04 -6063.29 295.487 30148 -58.5744
-670.463 -6063.02 295.497 30148 -58.5744
-670.886 -6062.76 295.508 30148 -58.5744
-671.309 -6062.5 295.518 30148 -58.5744
-671.732 -6062.23 295.528 30148 -58.5744
-672.155 -6061.97 295.539 30148 -58.5744
-672.578 -6061.7 295.549 30148 -58.5744
-672.999 -6061.44 295.559 30148 -58.5744
-673.418 -6061.18 295.569 30148 -58.5744
-673.839 -6060.92 295.58 30148 -59.5639
-674.285 -6060.65 295.59 30148 -58.6552
-674.763 -6060.36 295.602 30148 -56.9536
-675.267 -6060.03 295.614 30148 -56.8923
-675.802 -6059.69 295.628 30148 -57.0588
-676.348 -6059.33 295.641 30148 -56.6385
-676.888 -6058.98 295.654 30148 -56.5623
-677.421 -6058.62 295.668 30148 -56.6201
-677.953 -6058.27 295.681 30148 -56.6221
-678.486 -6057.92 295.694 30148 -56.7132
-679.02 -6057.57 295.707 30148 -56.7712
-679.554 -6057.22 295.72 30148 -56.6826
-680.088 -6056.87 295.734 30148 -56.5735
-680.625 -6056.52 295.747 30148 -56.6356
-681.163 -6056.16 295.76 30148 -56.4257
-681.689 -6055.81 295.773 30148 -56.6271
-682.188 -6055.48 295.786 30148 -58.3525
-682.659 -6055.19 295.797 30148 -59.3822
-683.104 -6054.93 295.808 30148 -59.3822
-683.524 -6054.67 295.818 30148 -59.3822
-683.942 -6054.41 295.828 30148 -59.3822
-684.363 -6054.14 295.839 30148 -59.3822
-684.786 -6053.88 295.849 30148 -59.3822
-685.209 -6053.61 295.859 30148 -59.3822
-685.63 -6053.35 295.87 30148 -59.3822
-686.051 -6053.08 295.88 30148 -59.3822
-686.471 -6052.81 295.89 30148 -59.3822
-686.892 -6052.54 295.901 30148 -59.3822
-687.312 -6052.28 295.911 30148 -59.3822
-687.733 -6052.01 295.922 30148 -59.3822
-688.152 -6051.74 295.932 30148 -59.3822
-688.574 -6051.47 295.942 30148 -57.4978
-688.998 -6051.2 295.953 30148 -57.4978
-689.42 -6050.93 295.963 30148 -57.4978
-689.822 -6050.67 295.973 30148 -57.4978
-690.208 -6050.43 295.983 30148 -57.4978
-690.581 -6050.19 295.992 30148 -57.4978
-690.969 -6049.95 296.001 30148 -57.4978
-691.37 -6049.69 296.011 30148 -57.4978
-691.787 -6049.43 296.022 30148 -57.4978
-692.211 -6049.16 296.032 30148 -58.0926
-692.647 -6048.88 296.043 30148 -57.5689
-693.1 -6048.6 296.054 30148 -57.5315
-693.579 -6048.29 296.066 30148 -57.4659
-694.083 -6047.97 296.078 30148 -57.4671
-694.609 -6047.64 296.091 30148 -57.0476
-695.142 -6047.29 296.105 30148 -57.3795
-695.686 -6046.94 296.118 30148 -57.2934
-696.237 -6046.59 296.132 30148 -57.2962
-696.795 -6046.23 296.146 30148 -57.2973
-697.356 -6045.87 296.16 30148 -57.3253
-697.915 -6045.51 296.173 30148 -57.3253
-698.475 -6045.15 296.187 30148 -57.2966
-699.034 -6044.79 296.201 30148 -57.2966
-699.593 -6044.43 296.215 30148 -57.2966
-700.152 -6044.07 296.229 30148 -57.3253
-700.711 -6043.72 296.243 30148 -57.2966
-701.27 -6043.36 296.257 30148 -57.2966
-701.829 -6043 296.27 30148 -57.3254
-702.389 -6042.64 296.284 30148 -57.2966
-702.948 -6042.28 296.298 30148 -57.3242
-703.504 -6041.92 296.312 30148 -57.1199
-704.055 -6041.57 296.326 30148 -58.5728
-704.646 -6041.21 296.34 30148 -59.6624
-705.302 -6040.82 296.356 30148 -58.7732
-706.006 -6040.4 296.373 30148 -59.0923
-706.777 -6039.93 296.392 30148 -58.3711
-707.596 -6039.43 296.412 30148 -58.3936
-708.472 -6038.89 296.433 30148 -58.3183
-709.373 -6038.33 296.455 30148 -58.3268
-710.269 -6037.78 296.477 30148 -58.3661
-711.164 -6037.23 296.499 30148 -58.3236
-712.061 -6036.68 296.521 30148 -58.2984
-712.953 -6036.13 296.543 30148 -56.8638
-713.796 -6035.58 296.565 30148 -56.752
-714.597 -6035.05 296.585 30148 -57.2346
-715.365 -6034.56 296.604 30148 -57.2653
-716.091 -6034.09 296.622 30148 -56.2503
-716.779 -6033.63 296.639 30148 -56.6658
-717.467 -6033.18 296.656 30148 -56.5279
-718.159 -6032.72 296.674 30148 -56.5284
-718.852 -6032.26 296.691 30148 -56.5284
-719.546 -6031.8 296.708 30148 -56.5048
-720.237 -6031.35 296.726 30148 -56.527
-720.925 -6030.89 296.743 30148 -56.5046
-721.616 -6030.43 296.76 30148 -57.4536
-722.333 -6029.98 296.778 30148 -57.0109
-723.083 -6029.49 296.797 30148 -56.0362
-723.857 -6028.97 296.817 30148 0
