-368.214 -6255.89 295.767 10149 -64.8611
-369.13 -6255.46 295.754 10149 -72.1583
-370.158 -6255.13 295.74 10149 -76.5023
-371.304 -6254.85 295.725 10149 -79.797
-372.464 -6254.64 295.71 10149 -78.0014
-373.545 -6254.41 295.696 10149 -73.3229
-374.521 -6254.12 295.683 10149 -65.7262
-375.376 -6253.73 295.671 10149 -57.6649
-376.122 -6253.26 295.659 10149 -56.9107
-376.831 -6252.8 295.647 10149 -57.0786
-377.544 -6252.34 295.636 10149 -57.0611
-378.257 -6251.88 295.625 10149 -57.0831
-378.97 -6251.41 295.613 10149 -57.0609
-379.684 -6250.95 295.602 10149 -57.0833
-380.397 -6250.49 295.591 10149 -57.0609
-381.111 -6250.03 295.58 10149 -57.0831
-381.824 -6249.57 295.568 10149 -57.0609
-382.537 -6249.1 295.557 10149 -57.0606
-383.251 -6248.64 295.546 10149 -57.1058
-383.964 -6248.18 295.534 10149 -57.0384
-384.677 -6247.72 295.523 10149 -57.0833
-385.391 -6247.26 295.512 10149 -57.0833
-386.105 -6246.79 295.501 10149 -57.0606
-386.818 -6246.33 295.489 10149 -57.0609
-387.531 -6245.87 295.478 10149 -57.0833
-388.245 -6245.41 295.467 10149 -57.0898
-388.964 -6244.94 295.455 10149 -57.0544
-389.672 -6244.48 295.444 10149 -57.0491
-390.356 -6244.04 295.433 10149 -56.872
-391.03 -6243.6 295.423 10149 -56.0535
-391.707 -6243.14 295.412 10149 -56.112
-392.407 -6242.67 295.401 10149 -56.2873
-393.116 -6242.2 295.39 10149 -55.7372
-393.816 -6241.72 295.378 10149 -56.6851
-394.537 -6241.25 295.367 10149 -57.393
-395.295 -6240.76 295.355 10149 -57.5749
-396.084 -6240.26 295.343 10149 -58.1182
-396.909 -6239.75 295.33 10149 -59.7505
-397.766 -6239.25 295.317 10149 -59.6257
-398.627 -6238.75 295.304 10149 -59.6498
-399.485 -6238.24 295.291 10149 -59.6148
-400.341 -6237.74 295.278 10149 -59.6326
-401.198 -6237.24 295.265 10149 -59.6105
-402.057 -6236.74 295.252 10149 -59.3644
-402.911 -6236.23 295.239 10149 -59.6868
-403.761 -6235.73 295.226 10149 -61.118
-404.63 -6235.25 295.213 10149 -62.901
-405.488 -6234.81 295.2 10149 -63.6746
-406.318 -6234.4 295.188 10149 -62.9091
-407.102 -6234 295.177 10149 -58.7098
-407.858 -6233.54 295.165 10149 -57.0103
-408.64 -6233.04 295.153 10149 -54.9916
-409.434 -6232.48 295.14 10149 -53.363
-410.2 -6231.91 295.128 10149 -53.0412
-410.946 -6231.35 295.116 10149 -53.5886
-411.68 -6230.81 295.104 10149 -53.5217
-412.391 -6230.28 295.092 10149 -53.7741
-413.084 -6229.77 295.081 10149 -53.5217
-413.763 -6229.27 295.07 10149 -53.2383
-414.442 -6228.77 295.059 10149 -54.9275
-415.15 -6228.27 295.048 10149 -55.506
-415.89 -6227.76 295.036 10149 -55.891
-416.665 -6227.23 295.024 10149 -55.9497
-417.464 -6226.69 295.011 10149 -58.2464
-418.286 -6226.19 294.999 10149 -60.0584
-419.111 -6225.71 294.986 10149 -60.8473
-419.931 -6225.25 294.974 10149 -60.0778
-420.751 -6224.78 294.962 10149 -58.0167
-421.571 -6224.27 294.949 10149 -57.1598
-422.396 -6223.74 294.937 10149 -57.7447
-423.235 -6223.21 294.924 10149 -57.9372
-424.075 -6222.68 294.911 10149 -57.37
-424.897 -6222.15 294.899 10149 -57.592
-425.689 -6221.65 294.886 10149 -58.5303
-426.46 -6221.18 294.875 10149 -58.9566
-427.201 -6220.73 294.864 10149 -58.0755
-427.921 -6220.29 294.853 10149 -58.0976
-428.643 -6219.84 294.842 10149 -58.0751
-429.365 -6219.39 294.831 10149 -57.1397
-430.065 -6218.93 294.82 10149 -58.1321
-430.747 -6218.51 294.809 10149 -59.0306
-431.409 -6218.11 294.799 10149 -58.044
-432.052 -6217.71 294.79 10149 -58.0958
-432.69 -6217.31 294.78 10149 -57.689
-433.325 -6216.91 294.77 10149 -58.4956
-433.922 -6216.55 294.761 10149 -58.0673
-434.486 -6216.2 294.753 10149 -57.8934
-435.019 -6215.86 294.745 10149 -56.3606
-435.558 -6215.5 294.736 10149 -56.467
-436.137 -6215.12 294.728 10149 -56.4881
-436.736 -6214.72 294.718 10149 -56.4949
-437.327 -6214.33 294.709 10149 -56.4703
-437.919 -6213.94 294.7 10149 -56.4755
-438.512 -6213.55 294.691 10149 -56.4692
-439.103 -6213.15 294.682 10149 -56.0884
-439.682 -6212.76 294.673 10149 -56.4537
-440.245 -6212.39 294.664 10149 -56.4241
-440.786 -6212.03 294.656 10149 -56.5495
-441.308 -6211.69 294.648 10149 -56.4898
-441.808 -6211.36 294.641 10149 -56.9651
-442.292 -6211.04 294.633 10149 -56.5056
-442.764 -6210.73 294.626 10149 -56.4984
-443.233 -6210.42 294.619 10149 -56.4381
-443.705 -6210.11 294.611 10149 -56.5091
-444.178 -6209.79 294.604 10149 -56.4747
-444.65 -6209.48 294.597 10149 -56.474
-445.122 -6209.17 294.59 10149 -56.4747
-445.595 -6208.85 294.582 10149 -56.4747
-446.067 -6208.54 294.575 10149 -56.474
-446.54 -6208.23 294.568 10149 -56.5084
-447.012 -6207.92 294.561 10149 -56.4755
-447.485 -6207.6 294.553 10149 -56.4786
-447.957 -6207.29 294.546 10149 -56.513
-448.43 -6206.98 294.539 10149 -56.4456
-448.902 -6206.66 294.532 10149 -56.5123
-449.375 -6206.35 294.525 10149 -56.4793
-449.847 -6206.04 294.518 10149 -56.4786
-450.319 -6205.73 294.51 10149 -56.4786
-450.792 -6205.41 294.503 10149 -56.513
-451.264 -6205.1 294.496 10149 -56.4793
-451.737 -6204.79 294.489 10149 -56.4793
-452.209 -6204.47 294.482 10149 -56.4786
-452.682 -6204.16 294.474 10149 -56.4786
-453.154 -6203.85 294.467 10149 -56.513
-453.627 -6203.54 294.46 10149 -56.4456
-454.099 -6203.22 294.453 10149 -56.5123
-454.572 -6202.91 294.446 10149 -56.4793
-455.044 -6202.6 294.439 10149 -56.4786
-455.516 -6202.28 294.431 10149 -56.4786
-455.989 -6201.97 294.424 10149 -56.513
-456.461 -6201.66 294.417 10149 -56.4793
-456.934 -6201.34 294.41 10149 -56.4449
-457.406 -6201.03 294.403 10149 -56.5144
-457.879 -6200.72 294.396 10149 -56.4757
-458.351 -6200.41 294.388 10149 -56.7072
-458.821 -6200.1 294.381 10149 -55.5703
-459.289 -6199.78 294.374 10149 -57.6657
-459.78 -6199.47 294.367 10149 -60.0989
-460.307 -6199.16 294.359 10149 -62.3
-460.872 -6198.87 294.351 10149 -64.5257
-461.475 -6198.58 294.343 10149 -66.9804
-462.109 -6198.31 294.334 10149 -66.5358
-462.746 -6198.03 294.325 10149 -66.5499
-463.383 -6197.76 294.317 10149 -66.578
-464.018 -6197.48 294.308 10149 -66.5701
-464.655 -6197.21 294.3 10149 -66.481
-465.295 -6196.93 294.291 10149 -66.408
-465.925 -6196.65 294.282 10149 -64.822
-466.515 -6196.37 294.274 10149 -64.9137
-467.072 -6196.11 294.267 10149 -64.5696
-467.593 -6195.87 294.259 10149 -58.9544
-468.089 -6195.57 294.252 10149 -57.4517
-468.592 -6195.25 294.245 10149 -55.9196
-469.103 -6194.9 294.237 10149 -54.3881
-469.629 -6194.52 294.229 10149 -55.3569
-470.185 -6194.14 294.22 10149 -55.4724
-470.767 -6193.74 294.212 10149 -55.5054
-471.358 -6193.33 294.203 10149 -55.4763
-471.941 -6192.93 294.194 10149 -55.4773
-472.525 -6192.53 294.185 10149 -55.5042
-473.108 -6192.13 294.176 10149 -55.4783
-473.692 -6191.73 294.167 10149 -55.4504
-474.276 -6191.33 294.158 10149 -55.5052
-474.86 -6190.93 294.149 10149 -55.5127
-475.453 -6190.52 294.14 20149 -55.7984
-476.143 -6190.05 294.129 20149 -55.8213
-476.832 -6189.58 294.119 20149 -55.7992
-477.521 -6189.11 294.108 20149 -55.7772
-478.211 -6188.64 294.097 20149 -55.818
-478.899 -6188.18 294.086 20149 -55.785
-479.583 -6187.71 294.076 20149 -55.8147
-480.27 -6187.24 294.065 20149 -56.717
-480.981 -6186.78 294.054 20149 -56.2664
-481.727 -6186.28 294.042 20149 -55.3553
-482.498 -6185.75 294.03 20149 -55.0058
-483.302 -6185.18 294.017 20149 -55.7855
-484.13 -6184.62 294.004 20149 -55.8183
-484.963 -6184.05 293.991 20149 -55.7908
-485.801 -6183.49 293.978 20149 -55.3658
-486.637 -6182.91 293.965 20149 -55.9932
-487.474 -6182.34 293.952 20149 -57.441
-488.308 -6181.81 293.939 20149 -57.9826
-489.136 -6181.29 293.926 20149 -57.3406
-489.972 -6180.76 293.915 20149 -56.9655
-490.835 -6180.2 293.905 20149 -56.3419
-491.728 -6179.6 293.894 20149 -57.0573
-492.651 -6179 293.883 20149 -58.6669
-493.597 -6178.43 293.872 20149 -58.9198
-494.551 -6177.85 293.861 20149 -59.0416
-495.518 -6177.27 293.85 20149 -58.4884
-496.499 -6176.67 293.838 20149 -58.7577
-497.496 -6176.07 293.827 20149 -58.7705
-498.498 -6175.46 293.815 20149 -58.7567
-499.496 -6174.85 293.804 20149 -58.7582
-500.493 -6174.25 293.792 20149 -58.758
-501.491 -6173.64 293.78 20149 -58.7577
-502.488 -6173.04 293.769 20149 -58.7577
-503.486 -6172.43 293.757 20149 -58.7519
-504.487 -6171.82 293.747 20149 -58.7694
-505.482 -6171.22 293.739 20149 -58.7677
-506.46 -6170.63 293.731 20149 -58.6773
-507.426 -6170.04 293.723 20149 -57.9684
-508.377 -6169.45 293.715 20149 -58.495
-509.335 -6168.86 293.708 20149 -58.2238
-510.289 -6168.27 293.7 20149 -58.2281
-511.231 -6167.68 293.692 20149 -57.551
-512.151 -6167.1 293.685 20149 -58.1919
-513.048 -6166.54 293.678 20149 -58.9904
-513.922 -6166.02 293.671 20149 -58.2105
-514.771 -6165.49 293.664 20149 -58.2315
-515.615 -6164.97 293.657 20149 -58.2292
-516.466 -6164.44 293.65 20149 -58.2273
-517.32 -6163.91 293.643 20149 -58.248
-518.171 -6163.39 293.636 20149 -57.9036
-519.007 -6162.86 293.63 20149 -58.2003
-519.823 -6162.36 293.627 20149 -58.1906
-520.615 -6161.86 293.623 20149 -58.2646
-521.382 -6161.39 293.62 20149 -58.2347
-522.123 -6160.93 293.616 20149 -58.5839
-522.846 -6160.49 293.613 20149 -58.2294
-523.554 -6160.05 293.61 20149 -58.2312
-524.259 -6159.61 293.606 20149 -58.2297
-524.966 -6159.18 293.603 20149 -58.2059
-525.675 -6158.74 293.6 20149 -58.2062
-526.383 -6158.3 293.597 20149 -58.252
-527.092 -6157.86 293.593 20149 -58.2063
-527.8 -6157.42 293.59 20149 -58.2291
-528.508 -6156.98 293.587 20149 -58.2062
-529.217 -6156.54 293.584 20149 -58.2294
-529.925 -6156.1 293.58 20149 -58.2284
-530.634 -6155.66 293.577 20149 -58.2272
-531.347 -6155.22 293.574 20149 -58.2287
-532.056 -6154.78 293.571 20149 -57.8391
-532.75 -6154.35 293.568 20149 -58.223
-533.425 -6153.93 293.565 20149 -58.162
-534.074 -6153.53 293.564 20149 -58.2516
-534.7 -6153.14 293.564 20149 -58.2683
-535.3 -6152.77 293.563 20149 -58.7043
-535.881 -6152.42 293.563 20149 -58.2063
-536.447 -6152.06 293.562 20149 -58.2084
-537.01 -6151.72 293.561 20149 -58.2353
-537.576 -6151.37 293.561 20149 -58.2058
-538.143 -6151.01 293.56 20149 -58.2346
-538.71 -6150.66 293.56 20149 -58.2346
-539.276 -6150.31 293.559 20149 -58.206
-539.843 -6149.96 293.558 20149 -58.2346
-540.41 -6149.61 293.558 20149 -58.2346
-540.977 -6149.26 293.557 20149 -58.206
-541.543 -6148.91 293.557 20149 -58.2346
-542.11 -6148.56 293.556 20149 -58.206
-542.677 -6148.21 293.555 20149 -58.2346
-543.244 -6147.85 293.555 20149 -58.2346
-543.81 -6147.5 293.554 20149 -58.206
-544.377 -6147.15 293.554 20149 -58.2346
-544.944 -6146.8 293.553 20149 -58.2346
-545.511 -6146.45 293.552 20149 -58.2063
-546.077 -6146.1 293.552 20149 -58.2339
-546.645 -6145.75 293.551 20149 -58.2036
-547.215 -6145.39 293.551 20149 -58.2347
-547.782 -6145.04 293.55 20149 -57.7487
-548.335 -6144.69 293.551 20149 -58.1987
-548.871 -6144.36 293.553 20149 -58.183
-549.382 -6144.04 293.554 20149 -58.3333
-549.869 -6143.74 293.555 20149 -58.3271
-550.327 -6143.46 293.556 20149 -58.8733
-550.765 -6143.2 293.557 20149 -58.2849
-551.191 -6142.93 293.558 20149 -58.3936
-551.622 -6142.67 293.56 20149 -58.5612
-552.067 -6142.4 293.561 20149 -58.6907
-552.522 -6142.12 293.562 20149 -58.7212
-552.98 -6141.84 293.563 20149 -58.7202
-553.438 -6141.56 293.564 20149 -58.5089
-553.894 -6141.28 293.565 20149 -58.8372
-554.348 -6141.01 293.566 20149 -59.6476
-554.801 -6140.74 293.567 20149 -59.9124
-555.254 -6140.48 293.568 20149 -59.6112
-555.707 -6140.22 293.569 20149 -58.8732
-556.161 -6139.94 293.571 20149 -58.5089
-556.617 -6139.66 293.572 20149 -58.7228
-557.074 -6139.39 293.573 20149 -58.6876
-557.53 -6139.11 293.574 20149 -58.6861
-557.988 -6138.83 293.575 20149 -58.6825
-558.447 -6138.55 293.576 20149 -58.6902
-558.902 -6138.27 293.577 20149 -57.7535
-559.335 -6138 293.578 20149 -57.7535
-559.723 -6137.73 293.579 20149 -57.7535
-560.077 -6137.49 293.58 20149 -57.7535
-560.406 -6137.25 293.581 20149 -57.7535
-560.754 -6137 293.582 20149 -57.7535
-561.134 -6136.74 293.583 20149 -57.7535
-561.558 -6136.48 293.584 20149 -59.078
-561.99 -6136.22 293.585 20149 -59.078
-562.398 -6135.96 293.586 20149 -59.078
-562.779 -6135.74 293.588 20149 -59.078
-563.136 -6135.54 293.591 20149 -59.078
-563.477 -6135.34 293.593 20149 -59.078
-563.803 -6135.13 293.594 20149 -59.078
-564.11 -6134.91 293.596 20149 -59.078
-564.41 -6134.71 293.598 20149 -59.078
-564.701 -6134.55 293.6 20149 0
