-793.288 -5983.94 298.54 30149 -50.6109
-793.428 -5983.84 298.544 30149 -50.6109
-793.561 -5983.74 298.547 30149 -50.6109
-793.694 -5983.64 298.55 30149 -50.6109
-793.829 -5983.54 298.554 30149 -50.6109
-793.961 -5983.44 298.557 30149 -50.6109
-794.09 -5983.34 298.561 30149 -50.6109
-794.221 -5983.25 298.564 30149 -50.6109
-794.379 -5983.14 298.568 30149 -50.6109
-794.568 -5983.01 298.573 30149 -50.6109
-794.78 -5982.84 298.578 30149 -50.6109
-795.023 -5982.65 298.585 30149 -50.6109
-795.292 -5982.44 298.592 30149 -50.6109
-795.563 -5982.24 298.599 30149 -50.6109
-795.832 -5982.04 298.606 30149 -50.6109
-796.098 -5981.84 298.612 30149 -50.6109
-796.365 -5981.64 298.619 30149 -50.6109
-796.632 -5981.44 298.626 30149 -50.6109
-796.9 -5981.24 298.633 30149 -50.6109
-797.167 -5981.04 298.64 30149 -50.6109
-797.433 -5980.84 298.647 30149 -50.6109
-797.696 -5980.65 298.654 30149 -50.6109
-797.955 -5980.44 298.66 30149 -50.6109
-798.237 -5980.23 298.668 30149 -50.6109
-798.552 -5979.98 298.676 30149 -50.6109
-798.886 -5979.7 298.685 30149 -50.6109
-799.252 -5979.39 298.694 30149 -51.0403
-799.643 -5979.08 298.705 30149 -51.0734
-800.036 -5978.76 298.715 30149 -51.042
-800.426 -5978.44 298.725 30149 -51.042
-800.814 -5978.13 298.735 30149 -51.042
-801.199 -5977.82 298.746 30149 -51.042
-801.586 -5977.51 298.756 30149 -52.522
-801.998 -5977.19 298.766 30149 -51.7902
-802.442 -5976.84 298.778 30149 -50.3887
-802.906 -5976.46 298.79 30149 -49.8134
-803.401 -5976.04 298.803 30149 -51.0798
-803.922 -5975.62 298.817 30149 -51.0469
-804.445 -5975.19 298.831 30149 -51.0525
-804.965 -5974.77 298.844 30149 -51.0552
-805.483 -5974.35 298.858 30149 -51.0543
-806.002 -5973.94 298.871 30149 -51.0261
-806.521 -5973.52 298.885 30149 -51.0829
-807.04 -5973.1 298.899 30149 -51.0542
-807.559 -5972.68 298.912 30149 -51.0547
-808.077 -5972.26 298.926 30149 -51.0542
-808.596 -5971.84 298.939 30149 -51.0542
-809.115 -5971.42 298.953 30149 -51.0394
-809.643 -5970.99 298.967 30149 -51.069
-810.153 -5970.58 298.98 30149 -51.1408
-810.626 -5970.2 298.993 30149 -50.1022
-811.079 -5969.82 299.005 30149 -49.8841
-811.544 -5969.43 299.017 30149 -49.8757
-812.045 -5969.01 299.03 30149 -49.9134
-812.564 -5968.57 299.044 30149 -49.8805
-813.073 -5968.14 299.058 30149 -49.8805
-813.583 -5967.71 299.071 30149 -49.9091
-814.093 -5967.28 299.085 30149 -49.9091
-814.603 -5966.85 299.099 30149 -49.9091
-815.113 -5966.42 299.112 30149 -49.8805
-815.623 -5965.99 299.126 30149 -49.9091
-816.133 -5965.56 299.139 30149 -49.8805
-816.642 -5965.14 299.153 30149 -49.9091
-817.152 -5964.71 299.167 30149 -49.8805
-817.662 -5964.28 299.18 30149 -49.8805
-818.172 -5963.85 299.194 30149 -49.5538
-818.679 -5963.41 299.207 30149 -47.4315
-819.17 -5962.96 299.221 30149 -47.4604
-819.662 -5962.51 299.234 30149 -47.4308
-820.152 -5962.06 299.247 30149 -47.4581
-820.639 -5961.62 299.261 30149 -47.4305
-821.128 -5961.17 299.274 30149 -48.6097
-821.642 -5960.71 299.288 30149 -48.0315
-822.185 -5960.22 299.302 30149 -46.8989
-822.747 -5959.7 299.318 30149 -46.4763
-823.338 -5959.14 299.334 30149 -47.4436
-823.954 -5958.57 299.351 30149 -47.4448
-824.572 -5958 299.368 30149 -47.4434
-825.186 -5957.44 299.384 30149 -47.4428
-825.8 -5956.88 299.401 30149 -47.4659
-826.414 -5956.31 299.418 30149 -47.42
-827.027 -5955.75 299.434 30149 -47.4654
-827.64 -5955.19 299.451 30149 -47.4675
-828.258 -5954.62 299.468 30149 -47.2876
-828.877 -5954.05 299.485 30149 -47.6953
-829.501 -5953.48 299.502 30149 -50.2555
-830.173 -5952.92 299.519 30149 -48.3317
-830.87 -5952.3 299.538 30149 -48.2775
-831.608 -5951.64 299.558 30149 -47.645
-832.382 -5950.94 299.579 30149 -47.1838
-833.195 -5950.19 299.601 30149 -47.8182
-834.042 -5949.42 299.624 30149 -47.8354
-834.885 -5948.65 299.646 30149 -47.8357
-835.727 -5947.89 299.669 30149 -47.8184
-836.572 -5947.13 299.692 30149 -47.5656
-837.405 -5946.36 299.715 30149 -46.9755
-838.183 -5945.64 299.736 40149 -45.64
-838.916 -5944.92 299.756 40149 -46.3684
-839.621 -5944.25 299.776 40149 -46.4528
-840.29 -5943.61 299.794 40149 -46.2627
-840.967 -5942.97 299.813 40149 -45.2309
-841.658 -5942.28 299.832 40149 -46.0711
-842.379 -5941.59 299.852 40149 -46.0706
-843.104 -5940.89 299.872 40149 -46.0713
-843.824 -5940.19 299.892 40149 -46.0529
-844.539 -5939.5 299.911 40149 -46.2437
-845.26 -5938.81 299.931 40149 -46.4764
-846.006 -5938.11 299.952 40149 -44.9484
-846.769 -5937.34 299.973 40149 -44.1856
-847.55 -5936.54 299.995 40149 -43.3163
-848.354 -5935.68 300.019 40149 -41.9496
-849.164 -5934.78 300.043 40149 -41.671
-849.965 -5933.88 300.067 40149 -41.9748
-850.748 -5933.01 300.09 40149 -42.7085
-851.526 -5932.17 300.113 40149 -43.4457
-852.3 -5931.35 300.135 40149 -45.6568
-853.074 -5930.6 300.156 40149 -47.3877
-853.84 -5929.89 300.177 40149 -50.3199
-854.602 -5929.26 300.197 40149 -51.0116
-855.355 -5928.65 300.216 40149 -48.3984
-856.086 -5928 300.235 40149 -44.7465
-856.775 -5927.31 300.253 40149 -45.9798
-857.456 -5926.65 300.27 40149 -47.1238
-858.122 -5926.03 300.287 40149 -44.5608
-858.757 -5925.39 300.303 40149 -42.8419
-859.392 -5924.7 300.32 40149 -41.1121
-860.031 -5923.97 300.337 40149 -40.4179
-860.675 -5923.21 300.355 40149 -40.8013
-861.324 -5922.46 300.373 40149 -40.8038
-861.969 -5921.71 300.391 40149 -40.786
-862.614 -5920.97 300.409 40149 -40.7848
-863.263 -5920.21 300.426 40149 -40.6596
-863.908 -5919.46 300.444 40149 -40.2019
-864.534 -5918.72 300.462 40149 -41.9833
-865.153 -5918.03 300.478 40149 -43.0216
-865.756 -5917.39 300.494 40149 -44.6613
-866.346 -5916.79 300.509 40149 -45.844
-866.935 -5916.22 300.524 40149 -45.7624
-867.527 -5915.64 300.539 40149 -46.55
-868.146 -5915.06 300.554 40149 -45.5819
-868.782 -5914.43 300.57 40149 -44.8364
-869.432 -5913.78 300.587 40149 -45.6276
-870.113 -5913.11 300.604 40149 -45.654
-870.784 -5912.46 300.621 40149 -46.0819
-871.436 -5911.83 300.637 40149 -44.4546
-872.07 -5911.18 300.654 40149 -44.5534
-872.73 -5910.51 300.67 40149 -44.5349
-873.426 -5909.8 300.688 40149 -44.5215
-874.137 -5909.08 300.707 40149 -42.6917
-874.814 -5908.35 300.723 40149 -42.3642
-875.487 -5907.61 300.74 40149 -42.3667
-876.157 -5906.88 300.756 40149 -42.3644
-876.83 -5906.14 300.772 40149 -43.1564
-877.527 -5905.39 300.789 40149 -42.7715
-878.249 -5904.61 300.806 40149 -41.9887
-878.987 -5903.79 300.824 40149 -41.678
-879.754 -5902.93 300.843 40149 -42.3978
-880.541 -5902.07 300.862 40149 -42.0911
-881.316 -5901.21 300.881 40149 -42.6588
-882.081 -5900.38 300.9 40149 -42.3467
-882.83 -5899.56 300.918 40149 -42.3803
-883.581 -5898.74 300.936 40149 -42.0934
-884.319 -5897.92 300.954 40149 -42.4405
-885.045 -5897.13 300.972 40149 -43.3299
-885.774 -5896.35 300.989 40149 -42.6221
-886.513 -5895.55 301.007 40149 -41.3608
-887.269 -5894.69 301.026 40149 -40.3822
-888.042 -5893.78 301.045 40149 -39.7537
-888.829 -5892.84 301.066 40149 -40.2486
-889.614 -5891.91 301.085 40149 -39.8808
-890.383 -5890.99 301.105 40149 -39.5243
-891.151 -5890.06 301.125 40149 -38.7759
-891.926 -5889.09 301.144 40149 -37.4542
-892.692 -5888.09 301.163 40149 -37.2579
-893.444 -5887.11 301.182 40149 -36.4939
-894.154 -5886.15 301.2 40149 -37.7799
-894.854 -5885.24 301.217 40149 -38.1723
-895.529 -5884.38 301.233 40149 -39.3349
-896.188 -5883.58 301.249 40149 -39.5566
-896.824 -5882.81 301.264 40149 -39.6339
-897.456 -5882.05 301.279 40149 -39.5183
-898.091 -5881.28 301.294 40149 -39.5183
-898.728 -5880.51 301.309 40149 -39.5183
-899.365 -5879.73 301.324 40149 -39.5564
-900.003 -5878.96 301.339 40149 -39.5565
-900.641 -5878.19 301.354 40149 -39.5565
-901.278 -5877.42 301.369 40149 -39.5566
-901.915 -5876.65 301.384 40149 -39.5756
-902.551 -5875.88 301.399 40149 -39.5565
-903.188 -5875.1 301.414 40149 -39.5756
-903.825 -5874.33 301.428 40149 -39.5756
-854.597 -5928.42 0 0 -39.5756
-855.093 -5927.97 0 0 -39.5756
-855.58 -5927.53 0 0 -39.5756
-856.06 -5927.07 0 0 -39.5756
-856.537 -5926.61 0 0 -39.5756
-857.013 -5926.14 0 0 -39.5756
-857.489 -5925.68 0 0 -39.5756
-857.965 -5925.21 0 0 -39.5756
-858.441 -5924.75 0 0 -39.5756
-858.917 -5924.28 0 0 -39.5756
-859.393 -5923.81 0 0 -39.5756
-859.869 -5923.35 0 0 -39.5756
-860.345 -5922.88 0 0 -39.5756
-860.822 -5922.42 0 0 -39.5756
-861.297 -5921.95 0 0 -39.5756
-861.769 -5921.49 0 0 -39.5756
-862.244 -5921.03 0 0 -39.5756
-862.743 -5920.56 0 0 -39.5756
-863.27 -5920.05 0 0 -39.5756
-863.815 -5919.51 0 0 -39.5756
-864.387 -5918.93 0 0 -39.5756
-864.984 -5918.35 0 0 -39.5756
-865.583 -5917.76 0 0 -39.5756
-866.18 -5917.18 0 0 -39.5756
-866.776 -5916.59 0 0 -39.5756
-867.374 -5916.01 0 0 -39.5756
-867.963 -5915.43 0 0 -39.5756
-868.551 -5914.87 0 0 -39.5756
-869.148 -5914.29 0 0 -39.5756
-869.759 -5913.65 0 0 -39.5756
-870.385 -5912.95 0 0 -39.5756
-871.024 -5912.21 0 0 -39.5756
-871.675 -5911.41 0 0 -39.5756
-872.337 -5910.6 0 0 -39.5756
-872.987 -5909.79 0 0 -39.5756
-873.639 -5908.98 0 0 -39.5756
-874.281 -5908.14 0 0 -39.5756
-874.912 -5907.29 0 0 -39.5756
-875.536 -5906.44 0 0 -39.5756
-876.134 -5905.63 0 0 -39.5756
-876.725 -5904.87 0 0 -39.5756
-877.304 -5904.16 0 0 -39.5756
-877.863 -5903.52 0 0 -39.5756
-878.45 -5902.91 0 0 -39.5756
-879.053 -5902.26 0 0 -39.5756
-879.675 -5901.55 0 0 -39.5756
-880.316 -5900.83 0 0 -39.5756
-880.941 -5900.12 0 0 -39.5756
-881.55 -5899.47 0 0 -39.5756
-882.132 -5898.85 0 0 -39.5756
-882.688 -5898.24 0 0 -39.5756
-883.247 -5897.63 0 0 -39.5756
-883.826 -5897 0 0 -39.5756
-884.41 -5896.35 0 0 -39.5756
-884.985 -5895.7 0 0 -39.5756
-885.546 -5895.09 0 0 -39.5756
-886.093 -5894.51 0 0 -39.5756
-886.631 -5893.93 0 0 -39.5756
-887.173 -5893.32 0 0 -39.5756
-887.733 -5892.71 0 0 -39.5756
-888.297 -5892.09 0 0 -39.5756
-888.861 -5891.47 0 0 -39.5756
-889.42 -5890.86 0 0 -39.5756
-889.975 -5890.25 0 0 -39.5756
-890.521 -5889.64 0 0 -39.5756
-891.069 -5889.03 0 0 -39.5756
-891.598 -5888.39 0 0 -39.5756
-892.129 -5887.74 0 0 -39.5756
-892.659 -5887.1 0 0 -39.5756
-893.189 -5886.46 0 0 -39.5756
-893.718 -5885.82 0 0 -39.5756
-894.248 -5885.17 0 0 -39.5756
-894.778 -5884.53 0 0 -39.5756
-895.307 -5883.89 0 0 -39.5756
-895.834 -5883.25 0 0 -39.5756
-896.363 -5882.61 0 0 -39.5756
-896.906 -5881.96 0 0 -39.5756
-897.461 -5881.29 0 0 -39.5756
-898.035 -5880.59 0 0 -39.5756
-898.626 -5879.88 0 0 -39.5756
-899.238 -5879.13 0 0 -39.5756
-899.865 -5878.37 0 0 -39.5756
-900.494 -5877.59 0 0 -39.5756
-901.099 -5876.84 0 0 -39.5756
-901.695 -5876.14 0 0 -39.5756
-902.27 -5875.46 0 0 -39.5756
-902.833 -5874.77 0 0 -39.5756
-903.469 -5874 0 0 -39.5756
-904.105 -5873.23 0 0 -39.5756
-750.842 -6015.43 0 0 -39.5756
-752.083 -6014.58 0 0 -39.5756
-753.303 -6013.74 0 0 -39.5756
-754.51 -6012.92 0 0 -39.5756
-755.686 -6012.09 0 0 -39.5756
-756.872 -6011.24 0 0 -39.5756
-758.071 -6010.37 0 0 -39.5756
-759.288 -6009.49 0 0 -39.5756
-760.509 -6008.61 0 0 -39.5756
-761.727 -6007.73 0 0 -39.5756
-762.944 -6006.86 0 0 -39.5756
-764.161 -6005.98 0 0 -39.5756
-765.378 -6005.1 0 0 -39.5756
-766.597 -6004.22 0 0 -39.5756
-767.808 -6003.35 0 0 -39.5756
-769.013 -6002.49 0 0 -39.5756
-770.224 -6001.61 0 0 -39.5756
-771.458 -6000.71 0 0 -39.5756
-772.716 -5999.76 0 0 -39.5756
-774.001 -5998.78 0 0 0
