-880.764 -5895.3 300.948 40148 -42.3862
-881.21 -5894.81 300.959 40148 -42.3581
-881.656 -5894.32 300.97 40148 -42.3845
-882.104 -5893.83 300.981 40148 -42.3521
-882.554 -5893.34 300.992 40148 -42.3844
-883.002 -5892.84 301.002 40148 -41.1606
-883.426 -5892.36 301.013 40148 -41.6627
-883.824 -5891.91 301.023 40148 -43.1255
-884.207 -5891.5 301.032 40148 -43.9137
-884.565 -5891.13 301.041 40148 -43.9137
-884.899 -5890.76 301.049 40148 -43.9137
-885.231 -5890.4 301.057 40148 -43.9137
-885.565 -5890.04 301.065 40148 -42.3344
-885.906 -5889.66 301.073 40148 -42.3344
-886.235 -5889.3 301.081 40148 -42.3344
-886.537 -5888.97 301.089 40148 -42.3344
-886.828 -5888.65 301.096 40148 -42.3344
-887.125 -5888.32 301.103 40148 -42.3344
-887.449 -5887.95 301.111 40148 -41.6946
-887.786 -5887.58 301.12 40148 -41.6946
-888.117 -5887.21 301.128 40148 -41.6946
-888.447 -5886.83 301.136 40148 -41.6946
-888.766 -5886.45 301.144 40148 -41.6946
-889.082 -5886.07 301.151 40148 -41.6946
-889.398 -5885.69 301.159 40148 -41.6946
-889.715 -5885.3 301.166 40148 -41.6946
-890.031 -5884.92 301.174 40148 -41.6946
-890.347 -5884.54 301.181 40148 -41.6946
-890.663 -5884.15 301.189 40148 -41.6946
-890.98 -5883.77 301.196 40148 -41.6946
-891.296 -5883.39 301.204 40148 -41.6946
-891.612 -5883 301.211 40148 -41.6946
-891.929 -5882.62 301.219 40148 -41.6946
-892.245 -5882.24 301.226 40148 -41.6946
-892.561 -5881.85 301.234 40148 -41.6946
-892.877 -5881.47 301.241 40148 -41.6946
-893.194 -5881.09 301.249 40148 -41.6946
-893.51 -5880.7 301.256 40148 -41.6946
-893.826 -5880.32 301.264 40148 -41.6946
-894.142 -5879.94 301.271 40148 -41.6946
-894.459 -5879.55 301.279 40148 -41.6946
-894.775 -5879.17 301.286 40148 -41.6946
-895.091 -5878.78 301.294 40148 -41.6946
-895.408 -5878.4 301.301 40148 -41.6946
-895.723 -5878.02 301.308 40148 -41.6946
-896.04 -5877.63 301.316 40148 -41.6946
-896.358 -5877.25 301.324 40148 -39.5183
-896.677 -5876.86 301.331 40148 -39.5183
-896.996 -5876.48 301.339 40148 -39.5183
-897.313 -5876.09 301.346 40148 -39.5183
-897.628 -5875.71 301.354 40148 -39.5183
-897.942 -5875.33 301.361 40148 -39.5183
-898.258 -5874.95 301.368 40148 -40.1858
-898.59 -5874.56 301.376 40148 -38.9533
-898.93 -5874.14 301.384 40148 -39.553
-899.281 -5873.71 301.393 40148 -38.9502
-899.619 -5873.29 301.401 40148 -40.2265
-899.95 -5872.9 301.409 40148 -40.2265
-900.267 -5872.52 301.416 40148 -40.2265
-900.583 -5872.13 301.424 40148 -40.2265
-759.05 -6004.85 0 0 -40.2265
-759.259 -6004.7 0 0 -40.2265
-759.46 -6004.55 0 0 -40.2265
-759.651 -6004.42 0 0 -40.2265
-759.833 -6004.29 0 0 -40.2265
-760.008 -6004.16 0 0 -40.2265
-760.183 -6004.03 0 0 -40.2265
-760.362 -6003.91 0 0 -40.2265
-760.565 -6003.77 0 0 -40.2265
-760.791 -6003.61 0 0 -40.2265
-761.036 -6003.42 0 0 -40.2265
-761.307 -6003.22 0 0 -40.2265
-761.581 -6003.03 0 0 -40.2265
-761.854 -6002.83 0 0 -40.2265
-762.121 -6002.64 0 0 -40.2265
-762.381 -6002.45 0 0 -40.2265
-762.636 -6002.26 0 0 -40.2265
-762.894 -6002.07 0 0 -40.2265
-763.16 -6001.88 0 0 -40.2265
-763.425 -6001.69 0 0 -40.2265
-763.692 -6001.49 0 0 -40.2265
-763.982 -6001.29 0 0 -40.2265
-764.295 -6001.07 0 0 -40.2265
-764.634 -6000.81 0 0 -40.2265
-764.997 -6000.53 0 0 -40.2265
-765.371 -6000.24 0 0 -40.2265
-765.743 -5999.96 0 0 -40.2265
-766.111 -5999.68 0 0 -40.2265
-766.479 -5999.4 0 0 -40.2265
-766.848 -5999.12 0 0 -40.2265
-767.217 -5998.84 0 0 -40.2265
-767.585 -5998.56 0 0 -40.2265
-767.951 -5998.27 0 0 -40.2265
-768.317 -5997.99 0 0 -40.2265
-768.684 -5997.71 0 0 -40.2265
-769.052 -5997.43 0 0 -40.2265
-769.421 -5997.15 0 0 -40.2265
-769.791 -5996.87 0 0 -40.2265
-770.161 -5996.58 0 0 -40.2265
-770.529 -5996.3 0 0 -40.2265
-770.887 -5996.03 0 0 -40.2265
-771.224 -5995.78 0 0 -40.2265
-771.54 -5995.55 0 0 -40.2265
-771.835 -5995.34 0 0 -40.2265
-772.11 -5995.14 0 0 -40.2265
-772.377 -5994.95 0 0 -40.2265
-772.644 -5994.76 0 0 -40.2265
-772.912 -5994.56 0 0 -40.2265
-773.182 -5994.37 0 0 -40.2265
-773.45 -5994.17 0 0 -40.2265
-773.716 -5993.98 0 0 -40.2265
-773.984 -5993.79 0 0 -40.2265
-774.263 -5993.58 0 0 -40.2265
-774.556 -5993.35 0 0 -40.2265
-774.872 -5993.11 0 0 -40.2265
-775.223 -5992.85 0 0 -40.2265
-775.604 -5992.56 0 0 -40.2265
-776.009 -5992.23 0 0 -40.2265
-776.441 -5991.89 0 0 -40.2265
-776.868 -5991.55 0 0 -40.2265
-777.28 -5991.24 0 0 -40.2265
-777.674 -5990.93 0 0 -40.2265
-778.065 -5990.63 0 0 -40.2265
-778.458 -5990.33 0 0 -40.2265
-778.852 -5990.02 0 0 -40.2265
-779.247 -5989.72 0 0 -40.2265
-779.641 -5989.41 0 0 -40.2265
-780.035 -5989.11 0 0 -40.2265
-780.429 -5988.8 0 0 -40.2265
-780.824 -5988.5 0 0 -40.2265
-781.218 -5988.19 0 0 -40.2265
-781.612 -5987.89 0 0 -40.2265
-782.006 -5987.58 0 0 -40.2265
-782.4 -5987.28 0 0 -40.2265
-782.795 -5986.97 0 0 -40.2265
-783.189 -5986.67 0 0 -40.2265
-783.583 -5986.36 0 0 -40.2265
-783.977 -5986.06 0 0 -40.2265
-784.371 -5985.75 0 0 -40.2265
-784.766 -5985.45 0 0 -40.2265
-785.16 -5985.14 0 0 -40.2265
-785.553 -5984.84 0 0 -40.2265
-785.944 -5984.54 0 0 -40.2265
-786.337 -5984.23 0 0 -40.2265
-786.749 -5983.92 0 0 -40.2265
-787.175 -5983.58 0 0 -40.2265
-787.612 -5983.24 0 0 -40.2265
-788.033 -5982.91 0 0 -40.2265
-788.445 -5982.6 0 0 -40.2265
-788.848 -5982.29 0 0 -40.2265
-789.279 -5981.96 0 0 -40.2265
-789.745 -5981.6 0 0 -40.2265
-790.249 -5981.22 0 0 -40.2265
-790.774 -5980.82 0 0 -40.2265
-791.296 -5980.43 0 0 -40.2265
-791.825 -5980.03 0 0 -40.2265
-792.361 -5979.63 0 0 -40.2265
-792.895 -5979.23 0 0 -40.2265
-793.427 -5978.83 0 0 -40.2265
-793.96 -5978.43 0 0 -40.2265
-794.492 -5978.03 0 0 -40.2265
-795.025 -5977.64 0 0 -40.2265
-795.549 -5977.23 0 0 -40.2265
-796.066 -5976.81 0 0 -40.2265
-796.583 -5976.39 0 0 -40.2265
-797.101 -5975.97 0 0 -40.2265
-797.618 -5975.55 0 0 -40.2265
-798.135 -5975.14 0 0 -40.2265
-798.652 -5974.72 0 0 -40.2265
-799.169 -5974.3 0 0 -40.2265
-799.687 -5973.88 0 0 -40.2265
-800.204 -5973.46 0 0 -40.2265
-800.721 -5973.05 0 0 -40.2265
-801.238 -5972.63 0 0 -40.2265
-801.756 -5972.21 0 0 -40.2265
-802.273 -5971.79 0 0 -40.2265
-802.79 -5971.37 0 0 -40.2265
-803.307 -5970.96 0 0 -40.2265
-803.825 -5970.54 0 0 -40.2265
-804.342 -5970.12 0 0 -40.2265
-804.86 -5969.7 0 0 -40.2265
-805.382 -5969.28 0 0 -40.2265
-805.901 -5968.86 0 0 -40.2265
-806.395 -5968.44 0 0 -40.2265
-806.858 -5968.06 0 0 -40.2265
-807.3 -5967.71 0 0 -40.2265
-807.715 -5967.39 0 0 -40.2265
-808.1 -5967.08 0 0 -40.2265
-808.464 -5966.79 0 0 -40.2265
-808.819 -5966.5 0 0 -40.2265
-809.172 -5966.2 0 0 -40.2265
-809.541 -5965.89 0 0 -40.2265
-809.924 -5965.57 0 0 -40.2265
-810.307 -5965.25 0 0 -40.2265
-810.688 -5964.93 0 0 -40.2265
-811.07 -5964.61 0 0 -40.2265
-811.451 -5964.29 0 0 -40.2265
-811.832 -5963.96 0 0 -40.2265
-812.213 -5963.64 0 0 -40.2265
-812.595 -5963.32 0 0 -40.2265
-812.976 -5963 0 0 -40.2265
-813.357 -5962.68 0 0 -40.2265
-813.738 -5962.36 0 0 -40.2265
-814.12 -5962.04 0 0 -40.2265
-814.502 -5961.72 0 0 -40.2265
-814.882 -5961.4 0 0 -40.2265
-815.259 -5961.08 0 0 -40.2265
-815.638 -5960.76 0 0 -40.2265
-816.041 -5960.43 0 0 -40.2265
-816.46 -5960.06 0 0 -40.2265
-816.898 -5959.65 0 0 -40.2265
-817.365 -5959.2 0 0 -40.2265
-817.856 -5958.75 0 0 -40.2265
-818.35 -5958.3 0 0 -40.2265
-818.841 -5957.84 0 0 -40.2265
-819.33 -5957.4 0 0 -40.2265
-819.82 -5956.95 0 0 -40.2265
-820.309 -5956.5 0 0 -40.2265
-820.799 -5956.05 0 0 -40.2265
-821.289 -5955.6 0 0 -40.2265
-821.778 -5955.15 0 0 -40.2265
-822.268 -5954.7 0 0 -40.2265
-822.757 -5954.25 0 0 -40.2265
-823.247 -5953.8 0 0 -40.2265
-823.737 -5953.35 0 0 -40.2265
-824.227 -5952.9 0 0 -40.2265
-824.716 -5952.45 0 0 -40.2265
-825.206 -5952 0 0 -40.2265
-825.696 -5951.55 0 0 -40.2265
-826.184 -5951.1 0 0 -40.2265
-826.675 -5950.65 0 0 -40.2265
-827.173 -5950.2 0 0 -40.2265
-827.676 -5949.74 0 0 -40.2265
-828.177 -5949.28 0 0 -40.2265
-828.671 -5948.84 0 0 -40.2265
-829.162 -5948.39 0 0 -40.2265
-829.655 -5947.95 0 0 -40.2265
-830.148 -5947.5 0 0 -40.2265
-830.64 -5947.05 0 0 -40.2265
-831.133 -5946.61 0 0 -40.2265
-831.626 -5946.16 0 0 -40.2265
-832.119 -5945.71 0 0 -40.2265
-832.611 -5945.27 0 0 -40.2265
-833.1 -5944.82 0 0 -40.2265
-833.592 -5944.38 0 0 -40.2265
-834.102 -5943.92 0 0 -40.2265
-834.623 -5943.45 0 0 -40.2265
-835.19 -5942.96 0 0 -40.2265
-835.697 -5942.47 0 0 -40.2265
-836.203 -5941.99 0 0 -40.2265
-836.726 -5941.49 0 0 -40.2265
-837.261 -5940.96 0 0 -40.2265
-837.817 -5940.43 0 0 -40.2265
-838.365 -5939.9 0 0 -40.2265
-838.904 -5939.38 0 0 -40.2265
-839.452 -5938.86 0 0 -40.2265
-840.018 -5938.31 0 0 -40.2265
-840.601 -5937.74 0 0 -40.2265
-841.199 -5937.17 0 0 -40.2265
-841.798 -5936.59 0 0 -40.2265
-842.395 -5936.02 0 0 -40.2265
-842.991 -5935.44 0 0 -40.2265
-843.59 -5934.87 0 0 -40.2265
-844.194 -5934.27 0 0 -40.2265
-844.805 -5933.66 0 0 -40.2265
-845.422 -5933.02 0 0 -40.2265
-846.046 -5932.39 0 0 -40.2265
-846.662 -5931.75 0 0 -40.2265
-847.262 -5931.09 0 0 -40.2265
-847.858 -5930.43 0 0 -40.2265
-848.454 -5929.78 0 0 -40.2265
-849.05 -5929.15 0 0 -40.2265
-849.648 -5928.54 0 0 -40.2265
-850.245 -5927.91 0 0 -40.2265
-850.851 -5927.26 0 0 -40.2265
-851.445 -5926.63 0 0 -40.2265
-852.026 -5926.05 0 0 -40.2265
-852.598 -5925.5 0 0 -40.2265
-853.186 -5924.97 0 0 -40.2265
-853.765 -5924.41 0 0 -40.2265
-854.356 -5923.83 0 0 -40.2265
-854.952 -5923.25 0 0 -40.2265
-855.545 -5922.67 0 0 -40.2265
-856.136 -5922.09 0 0 -40.2265
-856.729 -5921.51 0 0 -40.2265
-857.321 -5920.93 0 0 -40.2265
-857.913 -5920.35 0 0 -40.2265
-858.505 -5919.77 0 0 -40.2265
-859.098 -5919.2 0 0 -40.2265
-859.69 -5918.62 0 0 -40.2265
-860.283 -5918.04 0 0 -40.2265
-860.879 -5917.45 0 0 -40.2265
-861.471 -5916.87 0 0 -40.2265
-862.048 -5916.3 0 0 -40.2265
-862.605 -5915.76 0 0 -40.2265
-863.133 -5915.24 0 0 -40.2265
-863.633 -5914.72 0 0 -40.2265
-864.099 -5914.18 0 0 -40.2265
-864.556 -5913.63 0 0 -40.2265
-865.019 -5913.08 0 0 0
