-715.839 -6038.15 296.571 30149 -56.4915
-717.355 -6037.15 296.609 30149 -56.904
-718.855 -6036.17 296.646 30149 -57.0689
-720.338 -6035.21 296.683 30149 -56.8856
-721.812 -6034.25 296.72 30149 -56.5826
-723.29 -6033.27 296.757 30149 -56.4547
-724.774 -6032.29 296.794 30149 -56.5299
-726.261 -6031.3 296.831 30149 -56.5087
-727.749 -6030.32 296.869 30149 -56.5203
-729.244 -6029.33 296.906 30149 -56.7651
-730.751 -6028.34 296.944 30149 -57.2625
-732.282 -6027.36 296.982 30149 -56.0017
-733.816 -6026.32 297.021 30149 -55.532
-735.375 -6025.25 297.06 30149 -55.2079
-736.966 -6024.15 297.101 30149 -55.6796
-738.59 -6023.04 297.142 30149 -55.6987
-740.219 -6021.93 297.183 30149 -55.6989
-741.844 -6020.82 297.224 30149 -55.6991
-743.468 -6019.71 297.265 30149 -55.6893
-745.091 -6018.6 297.306 30149 -55.6893
-746.715 -6017.5 297.347 30149 -55.6407
-748.338 -6016.39 297.388 30149 -55.6893
-749.962 -6015.28 297.429 30149 -55.9903
-751.592 -6014.18 297.471 30149 -56.3782
-753.231 -6013.09 297.512 30149 -56.3064
-754.869 -6012 297.553 30149 -55.256
-756.486 -6010.87 297.594 30149 -55.198
-758.102 -6009.75 297.635 30149 -55.1857
-759.722 -6008.62 297.676 30149 -55.2001
-761.335 -6007.5 297.717 30149 -55.2005
-762.933 -6006.39 297.757 30149 -55.0963
-764.522 -6005.28 297.798 30149 -54.7979
-766.113 -6004.16 297.838 30149 -54.4699
-767.715 -6003.02 297.879 30149 -54.0052
-769.32 -6001.85 297.92 30149 -53.6874
-770.918 -6000.68 297.962 30149 -53.6493
-772.517 -5999.5 298.003 30149 -53.7551
-774.118 -5998.33 298.044 30149 -53.7935
-775.719 -5997.16 298.086 30149 -52.6148
-777.296 -5995.95 298.127 30149 -51.9662
-778.859 -5994.73 298.168 30149 -51.9757
-780.422 -5993.51 298.209 30149 -51.9565
-781.985 -5992.28 298.25 30149 -51.9661
-783.548 -5991.06 298.291 30149 -51.9757
-785.111 -5989.84 298.332 30149 -51.9661
-786.675 -5988.61 298.373 30149 -51.9644
-788.23 -5987.4 298.414 30149 -51.9676
-789.8 -5986.17 298.455 30149 -51.9837
-791.403 -5984.92 298.497 30149 -52.7959
-793.038 -5983.68 298.539 30149 -52.8268
-794.664 -5982.44 298.582 30149 -52.7696
-796.261 -5981.23 298.623 30149 -52.2522
-797.834 -5980.01 298.664 30149 -50.5679
-799.379 -5978.74 298.705 30149 -50.5679
-800.924 -5977.47 298.746 30149 -50.5871
-802.469 -5976.2 298.786 30149 -50.5681
-804.013 -5974.93 298.827 30149 -50.5869
-805.559 -5973.66 298.868 30149 -50.6035
-807.114 -5972.38 298.909 30149 -50.5227
-808.647 -5971.12 298.95 30149 -50.3943
-810.135 -5969.89 298.989 30149 -49.467
-811.587 -5968.65 299.028 30149 -49.5539
-813.056 -5967.39 299.068 30149 -49.8685
-814.573 -5966.12 299.108 30149 -49.9576
-816.109 -5964.83 299.149 30149 -49.89
-817.638 -5963.54 299.19 30149 -48.5481
-819.149 -5962.2 299.23 30149 -47.2871
-820.647 -5960.82 299.271 30149 -47.4484
-822.16 -5959.43 299.313 30149 -47.4484
-823.673 -5958.04 299.354 30149 -47.4387
-825.184 -5956.65 299.395 30149 -47.635
-826.715 -5955.26 299.436 30149 -47.42
-828.272 -5953.83 299.479 30149 -47.6736
-829.864 -5952.38 299.522 30149 -47.6828
-831.471 -5950.91 299.566 30149 -47.8324
-833.08 -5949.46 299.609 30149 -47.8325
-834.686 -5948 299.652 30149 -47.8234
-836.296 -5946.54 299.696 30149 -47.9081
-837.905 -5945.09 299.739 40149 -45.8053
-839.441 -5943.6 299.782 40149 -46.4333
-840.98 -5942.13 299.824 40149 -48.1653
-842.584 -5940.7 299.867 40149 -46.6977
-844.197 -5939.18 299.911 40149 -46.1081
-845.834 -5937.6 299.956 40149 -45.6296
-847.503 -5935.97 300.003 40149 -43.6094
-849.148 -5934.24 300.05 40149 -44.2077
-850.762 -5932.58 300.096 40149 -44.9171
-852.37 -5930.97 300.141 40149 -45.4993
-853.948 -5929.42 300.185 40149 -47.4732
-855.572 -5927.93 300.229 40149 -44.7584
-857.127 -5926.36 300.27 40149 -42.9447
-858.633 -5924.74 300.31 40149 -42.643
-860.142 -5923.11 300.35 40149 -42.7016
-861.663 -5921.46 300.39 40149 -42.7877
-863.2 -5919.8 300.431 40149 -42.7179
-864.743 -5918.13 300.472 40149 -43.1982
-866.304 -5916.46 300.513 40149 -43.8926
-867.903 -5914.8 300.555 40149 -43.3702
-869.484 -5913.13 300.596 40149 -42.4557
-871.017 -5911.45 300.637 40149 -40.4613
-872.484 -5909.73 300.678 40149 -39.9001
-873.943 -5907.99 300.718 40149 -39.2784
-875.415 -5906.19 300.756 40149 -39.9112
-876.919 -5904.39 300.794 40149 -40.7442
-878.441 -5902.62 300.833 40149 -41.3664
-879.979 -5900.88 300.871 40149 -42.0728
-881.535 -5899.15 300.909 40149 -42.8601
-883.118 -5897.45 300.947 40149 -42.1245
-884.697 -5895.7 300.986 40149 -41.1621
-886.255 -5893.92 301.024 40149 -40.7851
-887.791 -5892.14 301.063 40149 -41.0385
-889.32 -5890.38 301.101 40149 -41.3408
-890.84 -5888.65 301.139 40149 -39.9546
-892.301 -5886.91 301.173 40149 -40.5724
-893.751 -5885.22 301.206 40149 -41.3018
-895.192 -5883.58 301.239 40149 -42.2356
-896.634 -5881.99 301.271 40149 -41.273
-898.048 -5880.38 301.304 40149 -40.6053
-899.454 -5878.74 301.336 40149 -39.8172
-900.846 -5877.07 301.369 40149 -43.9633
-902.353 -5875.5 301.401 40149 -43.9619
-903.861 -5873.94 301.433 40149 -43.9619
-550.404 -6137.23 0 0 -43.9619
-551.536 -6136.53 0 0 -43.9619
-552.68 -6135.82 0 0 -43.9619
-553.846 -6135.1 0 0 -43.9619
-555.031 -6134.35 0 0 -43.9619
-556.236 -6133.6 0 0 -43.9619
-557.454 -6132.86 0 0 -43.9619
-558.675 -6132.13 0 0 -43.9619
-559.896 -6131.39 0 0 -43.9619
-561.113 -6130.63 0 0 -43.9619
-562.321 -6129.86 0 0 -43.9619
-563.51 -6129.12 0 0 -43.9619
-564.677 -6128.42 0 0 -43.9619
-565.81 -6127.71 0 0 -43.9619
-566.915 -6127 0 0 -43.9619
-568.006 -6126.28 0 0 -43.9619
-569.112 -6125.58 0 0 -43.9619
-570.239 -6124.89 0 0 -43.9619
-571.373 -6124.2 0 0 -43.9619
-572.498 -6123.48 0 0 -43.9619
-573.627 -6122.76 0 0 -43.9619
-574.754 -6122.05 0 0 -43.9619
-575.882 -6121.34 0 0 -43.9619
-577.009 -6120.63 0 0 -43.9619
-578.137 -6119.92 0 0 -43.9619
-579.269 -6119.2 0 0 -43.9619
-580.392 -6118.49 0 0 -43.9619
-581.498 -6117.8 0 0 -43.9619
-582.594 -6117.1 0 0 -43.9619
-583.695 -6116.4 0 0 -43.9619
-584.814 -6115.68 0 0 -43.9619
-585.942 -6114.96 0 0 -43.9619
-587.065 -6114.24 0 0 -43.9619
-588.189 -6113.52 0 0 -43.9619
-589.313 -6112.81 0 0 -43.9619
-590.435 -6112.09 0 0 -43.9619
-591.553 -6111.37 0 0 -43.9619
-592.675 -6110.66 0 0 -43.9619
-593.821 -6109.94 0 0 -43.9619
-595.003 -6109.19 0 0 -43.9619
-596.212 -6108.41 0 0 -43.9619
-597.455 -6107.6 0 0 -43.9619
-598.717 -6106.79 0 0 -43.9619
-599.965 -6106.01 0 0 -43.9619
-601.193 -6105.26 0 0 -43.9619
-602.397 -6104.53 0 0 -43.9619
-603.591 -6103.8 0 0 -43.9619
-604.794 -6103.07 0 0 -43.9619
-606.021 -6102.31 0 0 -43.9619
-607.271 -6101.53 0 0 -43.9619
-608.539 -6100.73 0 0 -43.9619
-609.811 -6099.93 0 0 -43.9619
-611.083 -6099.13 0 0 -43.9619
-612.353 -6098.33 0 0 -43.9619
-613.622 -6097.53 0 0 -43.9619
-614.892 -6096.73 0 0 -43.9619
-616.162 -6095.93 0 0 -43.9619
-617.402 -6095.15 0 0 -43.9619
-618.665 -6094.35 0 0 -43.9619
-619.928 -6093.55 0 0 -43.9619
-621.191 -6092.75 0 0 -43.9619
-622.454 -6091.96 0 0 -43.9619
-623.718 -6091.16 0 0 -43.9619
-624.98 -6090.36 0 0 -43.9619
-626.244 -6089.56 0 0 -43.9619
-627.507 -6088.76 0 0 -43.9619
-628.77 -6087.96 0 0 -43.9619
-630.033 -6087.16 0 0 -43.9619
-631.296 -6086.37 0 0 -43.9619
-632.559 -6085.57 0 0 -43.9619
-633.823 -6084.77 0 0 -43.9619
-635.086 -6083.97 0 0 -43.9619
-636.348 -6083.17 0 0 -43.9619
-637.611 -6082.37 0 0 -43.9619
-638.874 -6081.57 0 0 -43.9619
-640.139 -6080.78 0 0 -43.9619
-641.406 -6079.98 0 0 -43.9619
-642.672 -6079.19 0 0 -43.9619
-643.939 -6078.4 0 0 -43.9619
-645.205 -6077.61 0 0 -43.9619
-646.472 -6076.81 0 0 -43.9619
-647.738 -6076.02 0 0 -43.9619
-649.004 -6075.23 0 0 -43.9619
-650.268 -6074.43 0 0 -43.9619
-651.538 -6073.64 0 0 -43.9619
-652.82 -6072.84 0 0 -43.9619
-654.104 -6072.03 0 0 -43.9619
-655.359 -6071.24 0 0 -43.9619
-656.579 -6070.48 0 0 -43.9619
-657.776 -6069.75 0 0 -43.9619
-658.971 -6069.01 0 0 -43.9619
-660.174 -6068.26 0 0 -43.9619
-661.37 -6067.5 0 0 -43.9619
-662.543 -6066.77 0 0 -43.9619
-663.694 -6066.07 0 0 -43.9619
-664.845 -6065.36 0 0 -43.9619
-666.017 -6064.63 0 0 -43.9619
-667.212 -6063.87 0 0 -43.9619
-668.413 -6063.11 0 0 -43.9619
-669.606 -6062.37 0 0 -43.9619
-670.803 -6061.64 0 0 -43.9619
-672.025 -6060.89 0 0 -43.9619
-673.275 -6060.09 0 0 -43.9619
-674.557 -6059.28 0 0 -43.9619
-675.867 -6058.43 0 0 -43.9619
-677.193 -6057.57 0 0 -43.9619
-678.529 -6056.71 0 0 -43.9619
-679.865 -6055.84 0 0 -43.9619
-681.189 -6054.98 0 0 -43.9619
-682.495 -6054.13 0 0 -43.9619
-683.784 -6053.32 0 0 -43.9619
-685.055 -6052.52 0 0 -43.9619
-686.313 -6051.73 0 0 -43.9619
-687.57 -6050.92 0 0 -43.9619
-688.83 -6050.12 0 0 -43.9619
-690.091 -6049.32 0 0 -43.9619
-691.354 -6048.51 0 0 -43.9619
-692.611 -6047.71 0 0 -43.9619
-693.858 -6046.92 0 0 -43.9619
-695.1 -6046.13 0 0 -43.9619
-696.344 -6045.33 0 0 -43.9619
-697.599 -6044.52 0 0 -43.9619
-698.858 -6043.71 0 0 -43.9619
-700.116 -6042.91 0 0 -43.9619
-701.373 -6042.1 0 0 -43.9619
-702.63 -6041.29 0 0 -43.9619
-703.887 -6040.49 0 0 -43.9619
-705.144 -6039.68 0 0 -43.9619
-706.401 -6038.87 0 0 -43.9619
-707.657 -6038.06 0 0 -43.9619
-708.903 -6037.24 0 0 -43.9619
-710.149 -6036.41 0 0 -43.9619
-711.395 -6035.59 0 0 -43.9619
-712.641 -6034.77 0 0 -43.9619
-713.887 -6033.94 0 0 -43.9619
-715.133 -6033.12 0 0 -43.9619
-716.378 -6032.29 0 0 -43.9619
-717.625 -6031.47 0 0 -43.9619
-718.871 -6030.65 0 0 -43.9619
-720.117 -6029.82 0 0 -43.9619
-721.362 -6029 0 0 -43.9619
-722.608 -6028.17 0 0 -43.9619
-723.85 -6027.35 0 0 -43.9619
-725.1 -6026.53 0 0 -43.9619
-726.366 -6025.69 0 0 -43.9619
-727.643 -6024.85 0 0 -43.9619
-728.914 -6024.02 0 0 -43.9619
-730.163 -6023.2 0 0 -43.9619
-731.393 -6022.36 0 0 -43.9619
-732.628 -6021.51 0 0 -43.9619
-733.862 -6020.67 0 0 -43.9619
-735.096 -6019.83 0 0 -43.9619
-736.331 -6018.99 0 0 -43.9619
-737.561 -6018.14 0 0 -43.9619
-738.803 -6017.3 0 0 -43.9619
-740.062 -6016.5 0 0 -43.9619
-741.335 -6015.71 0 0 -43.9619
-742.615 -6014.9 0 0 -43.9619
-743.892 -6014.04 0 0 -43.9619
-745.168 -6013.16 0 0 -43.9619
-746.435 -6012.29 0 0 -43.9619
-747.688 -6011.44 0 0 -43.9619
-748.922 -6010.6 0 0 -43.9619
-750.153 -6009.76 0 0 -43.9619
-751.386 -6008.92 0 0 -43.9619
-752.608 -6008.06 0 0 -43.9619
-753.82 -6007.18 0 0 -43.9619
-755.033 -6006.31 0 0 -43.9619
-756.246 -6005.43 0 0 -43.9619
-757.463 -6004.56 0 0 -43.9619
-758.673 -6003.7 0 0 -43.9619
-759.849 -6002.84 0 0 -43.9619
-761.003 -6001.94 0 0 -43.9619
-762.194 -6001.01 0 0 -43.9619
-763.419 -6000.06 0 0 -43.9619
-764.693 -5999.09 0 0 -43.9619
-765.989 -5998.15 0 0 -43.9619
-767.286 -5997.2 0 0 0
