-693.584 -6049.07 296.057 30148 -57.5083
-695.114 -6048.1 296.095 30148 -57.3817
-696.639 -6047.12 296.133 30148 -57.3188
-698.166 -6046.14 296.171 30148 -57.299
-699.702 -6045.16 296.209 30148 -57.31
-701.242 -6044.17 296.247 30148 -57.3097
-702.781 -6043.18 296.285 30148 -57.3097
-704.319 -6042.19 296.323 30148 -57.2993
-705.858 -6041.2 296.361 30148 -57.3201
-707.396 -6040.22 296.399 30148 -57.026
-708.931 -6039.22 296.437 30148 -56.5141
-710.459 -6038.21 296.476 30148 -56.5241
-711.984 -6037.2 296.514 30148 -56.3428
-713.49 -6036.2 296.552 30148 -56.7121
-714.983 -6035.22 296.589 30148 -56.5181
-716.461 -6034.24 296.626 30148 -56.6907
-717.952 -6033.26 296.664 30148 -56.3533
-719.459 -6032.26 296.702 30148 -56.5137
-720.984 -6031.25 296.74 30148 -56.5245
-722.512 -6030.24 296.778 30148 -56.5238
-724.035 -6029.23 296.817 30148 -56.514
-725.563 -6028.22 296.855 30148 -56.5261
-727.104 -6027.2 296.894 30148 -56.7018
-728.651 -6026.19 296.932 30148 -56.8258
-730.198 -6025.18 296.971 30148 -56.4766
-731.742 -6024.15 297.01 30148 -55.9267
-733.304 -6023.1 297.049 30148 -55.2274
-734.895 -6021.99 297.09 30148 -55.5339
-736.514 -6020.88 297.131 30148 -55.5338
-738.13 -6019.77 297.172 30148 -55.6715
-739.724 -6018.68 297.213 30148 -55.7136
-741.289 -6017.62 297.252 30148 -55.869
-742.834 -6016.57 297.291 30148 -55.6955
-744.369 -6015.52 297.33 30148 -55.705
-745.915 -6014.47 297.37 30148 -55.6942
-747.468 -6013.41 297.409 30148 -55.5315
-749.011 -6012.35 297.448 30148 -55.8615
-750.541 -6011.31 297.487 30148 -55.3839
-752.044 -6010.27 297.525 30148 -55.3107
-753.541 -6009.24 297.563 30148 -55.999
-755.059 -6008.21 297.601 30148 -55.7026
-756.586 -6007.17 297.64 30148 -54.3863
-758.11 -6006.08 297.679 30148 -52.5537
-759.6 -6004.94 297.718 30148 -52.5639
-761.07 -6003.81 297.757 30148 -54.2147
-762.566 -6002.74 297.796 30148 -54.6541
-764.086 -6001.66 297.835 30148 -54.5311
-765.642 -6000.55 297.874 30148 -54.7017
-767.225 -5999.43 297.915 30148 -54.683
-768.806 -5998.31 297.955 30148 -54.469
-770.369 -5997.19 297.996 30148 -54.3732
-771.909 -5996.09 298.035 30148 -54.4594
-773.426 -5995 298.074 30148 -53.741
-774.91 -5993.92 298.112 30148 -52.2194
-776.353 -5992.8 298.15 30148 -52.2716
-777.797 -5991.68 298.188 30148 -52.2612
-779.242 -5990.56 298.226 30148 -52.2717
-780.689 -5989.44 298.264 30148 -52.2717
-782.135 -5988.32 298.302 30148 -52.2612
-783.581 -5987.2 298.34 30148 -52.2612
-785.027 -5986.08 298.378 30148 -52.2715
-786.463 -5984.97 298.416 30148 -52.2719
-787.919 -5983.85 298.454 30148 -52.2626
-789.416 -5982.69 298.493 30148 -53.0627
-790.943 -5981.54 298.533 30148 -53.1594
-792.459 -5980.4 298.572 30148 -53.3508
-793.951 -5979.3 298.611 30148 -53.0334
-795.434 -5978.18 298.649 30148 -51.4028
-796.907 -5977 298.688 30148 -51.0558
-798.378 -5975.81 298.727 30148 -51.0555
-799.849 -5974.63 298.765 30148 -51.0591
-801.314 -5973.44 298.804 30148 -50.8844
-802.76 -5972.27 298.842 30148 -51.2174
-804.206 -5971.1 298.88 30148 -51.2212
-805.646 -5969.95 298.918 30148 -50.9124
-807.058 -5968.8 298.955 30148 -51.1063
-808.45 -5967.68 298.992 30148 -49.8775
-809.812 -5966.53 299.028 30148 -49.8939
-811.202 -5965.36 299.066 30148 -50.0543
-812.631 -5964.16 299.104 30148 -49.926
-814.085 -5962.94 299.143 30148 -49.8696
-815.558 -5961.7 299.182 30148 -48.8624
-817.03 -5960.41 299.222 30148 -47.294
-818.486 -5959.07 299.262 30148 -47.4408
-819.958 -5957.72 299.302 30148 -47.4515
-821.435 -5956.36 299.343 30148 -47.4402
-822.903 -5955.01 299.383 30148 -47.0431
-824.352 -5953.66 299.423 30148 -47.4752
-825.801 -5952.33 299.462 30148 -47.8952
-827.24 -5951.03 299.501 30148 -47.8278
-828.658 -5949.75 299.54 30148 -47.8194
-830.054 -5948.48 299.578 30148 -47.6668
-831.43 -5947.23 299.615 30148 -48.0077
-832.802 -5945.99 299.652 30148 -47.8225
-834.158 -5944.77 299.689 30148 -48.5388
-835.546 -5943.54 299.726 40148 -46.0615
-836.858 -5942.28 299.762 40148 -46.0723
-838.168 -5941.01 299.799 40148 -46.0616
-839.479 -5939.75 299.835 40148 -46.6537
-840.834 -5938.47 299.872 40148 -45.5782
-842.203 -5937.13 299.911 40148 -44.9397
-843.596 -5935.73 299.95 40148 -44.2702
-845.011 -5934.28 299.99 40148 -43.2761
-846.442 -5932.76 300.032 40148 -42.0521
-847.815 -5931.24 300.073 40148 -43.8614
-849.205 -5929.79 300.113 40148 -43.9915
-850.562 -5928.39 300.152 40148 -44.8956
-851.921 -5927.03 300.19 40148 -46.4263
-853.305 -5925.71 300.229 40148 -42.9339
-854.597 -5924.32 300.264 40148 -40.6311
-855.841 -5922.87 300.298 40148 -42.4366
-857.124 -5921.47 300.333 40148 -43.4955
-858.41 -5920.11 300.367 40148 -44.0716
-859.688 -5918.79 300.4 40148 -43.8743
-860.954 -5917.47 300.433 40148 -44.1257
-862.223 -5916.17 300.466 40148 -45.3943
-863.511 -5914.9 300.499 40148 -45.2355
-864.777 -5913.64 300.531 40148 -44.9996
-866.038 -5912.38 300.563 40148 -42.4422
-867.234 -5911.07 300.595 40148 -42.2171
-868.418 -5909.77 300.627 40148 -40.6432
-869.608 -5908.38 300.66 40148 -40.105
-870.814 -5906.95 300.694 40148 -39.349
-872.033 -5905.46 300.727 40148 -38.5024
-873.266 -5903.91 300.76 40148 -38.4782
-874.486 -5902.38 300.792 40148 -38.4821
-875.707 -5900.84 300.824 40148 -38.2777
-876.923 -5899.3 300.856 40148 -38.4681
-878.138 -5897.77 300.889 40148 -39.631
-879.372 -5896.28 300.92 40148 -40.6546
-880.616 -5894.83 300.952 40148 -41.8763
-881.879 -5893.42 300.983 40148 -42.0675
-883.149 -5892.02 301.014 40148 -41.8779
-884.4 -5890.62 301.045 40148 -41.8716
-885.624 -5889.25 301.075 40148 -41.6315
-886.83 -5887.9 301.105 40148 -41.1766
-888.043 -5886.51 301.136 40148 -39.3295
-889.24 -5885.05 301.164 40148 -38.9879
-890.463 -5883.54 301.194 40148 -39.2348
-891.699 -5882.03 301.223 40148 -40.057
-892.953 -5880.53 301.253 40148 -40.5049
-894.211 -5879.06 301.282 40148 -40.6102
-895.463 -5877.6 301.311 40148 -40.5225
-896.711 -5876.14 301.34 40148 -40.561
-897.961 -5874.68 301.369 40148 -40.5615
-899.211 -5873.22 301.398 40148 -40.5424
-900.46 -5871.76 301.427 40148 -40.5618
-901.709 -5870.3 301.456 40148 -40.5617
-902.959 -5868.84 301.485 40148 -40.5517
-904.208 -5867.38 301.514 40148 -40.5517
-562.711 -6135.79 0 0 -40.5517
-563.851 -6135.11 0 0 -40.5517
-565.001 -6134.44 0 0 -40.5517
-566.136 -6133.73 0 0 -40.5517
-567.254 -6132.99 0 0 -40.5517
-568.37 -6132.24 0 0 -40.5517
-569.49 -6131.52 0 0 -40.5517
-570.628 -6130.84 0 0 -40.5517
-571.775 -6130.14 0 0 -40.5517
-572.933 -6129.4 0 0 -40.5517
-574.121 -6128.65 0 0 -40.5517
-575.331 -6127.89 0 0 -40.5517
-576.567 -6127.11 0 0 -40.5517
-577.821 -6126.31 0 0 -40.5517
-579.09 -6125.51 0 0 -40.5517
-580.362 -6124.71 0 0 -40.5517
-581.635 -6123.9 0 0 -40.5517
-582.9 -6123.1 0 0 -40.5517
-584.154 -6122.31 0 0 -40.5517
-585.402 -6121.52 0 0 -40.5517
-586.651 -6120.72 0 0 -40.5517
-587.912 -6119.92 0 0 -40.5517
-589.179 -6119.11 0 0 -40.5517
-590.442 -6118.3 0 0 -40.5517
-591.701 -6117.49 0 0 -40.5517
-592.963 -6116.69 0 0 -40.5517
-594.249 -6115.88 0 0 -40.5517
-595.571 -6115.05 0 0 -40.5517
-596.917 -6114.18 0 0 -40.5517
-598.3 -6113.28 0 0 -40.5517
-599.704 -6112.37 0 0 -40.5517
-601.112 -6111.47 0 0 -40.5517
-602.527 -6110.61 0 0 -40.5517
-603.951 -6109.78 0 0 -40.5517
-605.381 -6108.99 0 0 -40.5517
-606.811 -6108.21 0 0 -40.5517
-608.243 -6107.41 0 0 -40.5517
-609.682 -6106.57 0 0 -40.5517
-611.145 -6105.7 0 0 -40.5517
-612.603 -6104.78 0 0 -40.5517
-614.045 -6103.86 0 0 -40.5517
-615.471 -6102.97 0 0 -40.5517
-616.885 -6102.07 0 0 -40.5517
-618.332 -6101.2 0 0 -40.5517
-619.829 -6100.33 0 0 -40.5517
-621.387 -6099.47 0 0 -40.5517
-622.989 -6098.62 0 0 -40.5517
-624.624 -6097.79 0 0 -40.5517
-626.237 -6096.94 0 0 -40.5517
-627.826 -6096.1 0 0 -40.5517
-629.394 -6095.24 0 0 -40.5517
-630.948 -6094.33 0 0 -40.5517
-632.511 -6093.39 0 0 -40.5517
-634.069 -6092.41 0 0 -40.5517
-635.609 -6091.43 0 0 -40.5517
-637.133 -6090.48 0 0 -40.5517
-638.641 -6089.57 0 0 -40.5517
-640.153 -6088.68 0 0 -40.5517
-641.676 -6087.8 0 0 -40.5517
-643.208 -6086.91 0 0 -40.5517
-644.746 -6086.03 0 0 -40.5517
-646.283 -6085.14 0 0 -40.5517
-39.9865 0 0 0 -40.5517
-39.9865 0 0 0 -40.5517
-39.9865 0 0 0 -40.5517
-39.9865 0 0 0 -40.5517
-39.9865 0 0 0 -40.5517
-39.9865 0 0 0 -40.5517
-39.9865 0 0 0 -40.5517
-39.9865 0 0 0 -40.5517
-39.9865 0 0 0 -40.5517
-39.9865 0 0 0 -40.5517
-39.9865 0 0 0 -40.5517
-39.9865 0 0 0 -40.5517
-39.9865 0 0 0 -40.5517
-39.9865 0 0 0 -40.5517
-39.9865 0 0 0 -40.5517
-39.9865 0 0 0 -40.5517
-39.9865 0 0 0 -40.5517
-39.9865 0 0 0 -40.5517
-39.9865 0 0 0 -40.5517
-39.9865 0 0 0 -40.5517
-39.9865 0 0 0 -40.5517
-39.9865 0 0 0 -40.5517
-39.9865 0 0 0 -40.5517
-39.9865 0 0 0 -40.5517
-39.9865 0 0 0 -40.5517
-39.9865 0 0 0 -40.5517
-39.9865 0 0 0 -40.5517
-39.9865 0 0 0 -40.5517
-39.9865 0 0 0 -40.5517
-39.9865 0 0 0 -40.5517
-39.9865 0 0 0 -40.5517
-39.9865 0 0 0 -40.5517
-39.9865 0 0 0 -40.5517
-39.9865 0 0 0 -40.5517
-39.9865 0 0 0 -40.5517
-39.9865 0 0 0 -40.5517
-39.9865 0 0 0 -40.5517
-39.9865 0 0 0 -40.5517
-39.9865 0 0 0 -40.5517
-39.9865 0 0 0 -40.5517
-39.9865 0 0 0 -40.5517
-39.9865 0 0 0 -40.5517
-39.9865 0 0 0 -40.5517
-39.9865 0 0 0 -40.5517
-39.9865 0 0 0 -40.5517
-39.9865 0 0 0 -40.5517
-39.9865 0 0 0 -40.5517
-39.9865 0 0 0 -40.5517
-39.9865 0 0 0 -40.5517
-39.9865 0 0 0 -40.5517
-39.9865 0 0 0 -40.5517
-39.9865 0 0 0 -40.5517
-39.9865 0 0 0 -40.5517
-39.9865 0 0 0 -40.5517
-39.9865 0 0 0 -40.5517
-39.9865 0 0 0 -40.5517
-39.9865 0 0 0 -40.5517
-39.9865 0 0 0 -40.5517
-39.9865 0 0 0 -40.5517
-39.9865 0 0 0 -40.5517
-39.9865 0 0 0 -40.5517
-39.9865 0 0 0 -40.5517
-39.9865 0 0 0 -40.5517
-39.9865 0 0 0 -40.5517
-39.9865 0 0 0 -40.5517
-39.9865 0 0 0 -40.5517
-39.9865 0 0 0 -40.5517
-39.9865 0 0 0 -40.5517
-39.9865 0 0 0 -40.5517
-39.9865 0 0 0 -40.5517
-39.9865 0 0 0 -40.5517
-39.9865 0 0 0 -40.5517
-39.9865 0 0 0 -40.5517
-39.9865 0 0 0 -40.5517
-39.9865 0 0 0 -40.5517
-39.9865 0 0 0 -40.5517
-39.9865 0 0 0 -40.5517
-39.9865 0 0 0 -40.5517
-39.9865 0 0 0 -40.5517
-39.9865 0 0 0 -40.5517
-39.9865 0 0 0 -40.5517
-39.9865 0 0 0 -40.5517
-39.9865 0 0 0 -40.5517
-39.9865 0 0 0 -40.5517
-39.9865 0 0 0 -40.5517
-39.9865 0 0 0 -40.5517
-39.9865 0 0 0 -40.5517
-39.9865 0 0 0 0
