-399.777 -6234.47 295.261 10148 -59.6143
-400.739 -6233.91 295.247 10148 -57.3182
-401.675 -6233.31 295.232 10148 -55.9133
-402.622 -6232.67 295.217 10148 -55.9286
-403.52 -6232.06 295.203 10148 -56.0004
-404.39 -6231.47 295.189 10148 -55.4608
-405.2 -6230.91 295.176 10148 -53.1133
-406.028 -6230.29 295.163 10148 -53.2478
-406.886 -6229.65 295.149 10148 -53.517
-407.802 -6228.97 295.134 10148 -53.5428
-408.718 -6228.3 295.119 10148 -53.4962
-409.63 -6227.62 295.104 10148 -53.5075
-410.541 -6226.95 295.09 10148 -53.4998
-411.45 -6226.28 295.075 10148 -53.2625
-412.36 -6225.6 295.06 10148 -54.3225
-413.29 -6224.93 295.045 10148 -55.2215
-414.247 -6224.26 295.03 10148 -56.017
-415.234 -6223.6 295.015 10148 -56.439
-416.24 -6222.93 294.999 10148 -58.2445
-417.265 -6222.3 294.983 10148 -59.9884
-418.295 -6221.7 294.968 10148 -60.7156
-419.326 -6221.12 294.952 10148 -59.9418
-420.355 -6220.53 294.937 10148 -57.8861
-421.371 -6219.89 294.922 10148 -57.116
-422.371 -6219.24 294.906 10148 -58.1308
-423.362 -6218.63 294.891 10148 -58.1849
-424.334 -6218.03 294.876 10148 -58.1206
-425.294 -6217.43 294.862 10148 -57.815
-426.237 -6216.84 294.847 10148 -58.3369
-427.168 -6216.26 294.833 10148 -58.3381
-428.097 -6215.69 294.819 10148 -58.4504
-429.044 -6215.11 294.805 10148 -57.4653
-430.004 -6214.49 294.79 10148 -57.8684
-430.985 -6213.88 294.775 10148 -58.3075
-431.911 -6213.31 294.761 10148 -58.0689
-432.804 -6212.75 294.748 10148 -56.6963
-433.65 -6212.19 294.735 10148 -56.4913
-434.539 -6211.61 294.721 10148 -56.0839
-435.461 -6210.99 294.707 10148 -55.9389
-436.402 -6210.35 294.692 10148 -57.8002
-437.317 -6209.77 294.678 10148 -58.508
-438.209 -6209.23 294.665 10148 -60.8366
-439.097 -6208.73 294.652 10148 -61.6298
-439.982 -6208.25 294.639 10148 -61.2344
-440.863 -6207.77 294.626 10148 -61.2214
-441.746 -6207.28 294.613 10148 -61.2177
-442.631 -6206.8 294.601 10148 -61.2214
-443.515 -6206.31 294.588 10148 -61.3692
-444.396 -6205.83 294.575 10148 -61.3824
-445.279 -6205.35 294.562 10148 -60.1002
-446.162 -6204.84 294.549 10148 -58.5634
-447.06 -6204.29 294.536 10148 -57.595
-447.98 -6203.71 294.522 10148 -56.1599
-448.913 -6203.08 294.508 10148 -56.3665
-449.859 -6202.45 294.493 10148 -56.5022
-450.809 -6201.83 294.479 10148 -56.4793
-451.754 -6201.2 294.465 10148 -56.4955
-452.699 -6200.57 294.45 10148 -56.479
-453.644 -6199.95 294.436 10148 -56.4958
-454.589 -6199.32 294.421 10148 -56.479
-455.533 -6198.7 294.407 10148 -56.479
-456.478 -6198.07 294.393 10148 -56.4958
-457.423 -6197.45 294.378 10148 -56.479
-458.368 -6196.82 294.364 10148 -56.4958
-459.313 -6196.19 294.35 10148 -56.4814
-460.258 -6195.57 294.335 10148 -56.4822
-461.203 -6194.94 294.321 10148 -56.4822
-462.148 -6194.32 294.307 10148 -56.4991
-463.093 -6193.69 294.293 10148 -56.5001
-464.039 -6193.06 294.279 10148 -56.599
-464.996 -6192.43 294.264 10148 -56.2545
-465.924 -6191.81 294.25 10148 -55.7347
-466.815 -6191.21 294.237 10148 -55.3279
-467.666 -6190.62 294.224 10148 -56.0572
-468.512 -6190.05 294.211 10148 -57.1798
-469.387 -6189.48 294.198 10148 -57.5515
-470.277 -6188.92 294.185 10148 -57.2926
-471.158 -6188.35 294.172 10148 -57.3123
-472.04 -6187.79 294.158 10148 -57.2946
-472.923 -6187.22 294.145 10148 -57.3287
-473.914 -6186.58 294.13 20148 -57.3416
-474.949 -6185.92 294.114 20148 -57.4482
-475.982 -6185.26 294.098 20148 -57.434
-477.017 -6184.6 294.082 20148 -57.1215
-478.068 -6183.92 294.066 20148 -56.2537
-479.139 -6183.21 294.049 20148 -55.6665
-480.227 -6182.46 294.032 20148 -55.6267
-481.33 -6181.71 294.015 20148 -56.2486
-482.456 -6180.96 293.997 20148 -56.1356
-483.598 -6180.19 293.98 20148 -56.6671
-484.764 -6179.42 293.961 20148 -58.1706
-485.957 -6178.68 293.943 20148 -59.0657
-487.164 -6177.96 293.925 20148 -58.4131
-488.378 -6177.21 293.91 20148 -57.2801
-489.596 -6176.43 293.895 20148 -57.2418
-490.816 -6175.64 293.881 20148 -58.2086
-492.028 -6174.89 293.867 20148 -58.7609
-493.225 -6174.17 293.853 20148 -59.3988
-494.432 -6173.45 293.839 20148 -58.8013
-495.665 -6172.71 293.824 20148 -58.2209
-496.928 -6171.92 293.81 20148 -58.7628
-498.214 -6171.14 293.795 20148 -58.234
-499.476 -6170.36 293.78 20148 -58.7887
-500.708 -6169.62 293.766 20148 -59.2789
-501.923 -6168.89 293.752 20148 -59.2689
-503.13 -6168.18 293.741 20148 -58.4781
-504.327 -6167.44 293.732 20148 -58.2042
-505.528 -6166.7 293.722 20148 -57.5945
-506.715 -6165.94 293.712 20148 -58.5424
-507.895 -6165.22 293.703 20148 -58.7942
-509.057 -6164.52 293.693 20148 -58.461
-510.207 -6163.81 293.684 20148 -57.9916
-511.37 -6163.09 293.675 20148 -58.2239
-512.55 -6162.36 293.665 20148 -58.0049
-513.718 -6161.63 293.656 20148 -58.46
-514.869 -6160.92 293.646 20148 -58.2245
-516.003 -6160.22 293.637 20148 -58.2241
-517.132 -6159.52 293.63 20148 -58.2352
-518.264 -6158.82 293.624 20148 -58.2061
-519.398 -6158.11 293.619 20148 -58.2348
-520.532 -6157.41 293.614 20148 -58.2205
-521.665 -6156.71 293.609 20148 -58.2205
-522.799 -6156.01 293.604 20148 -58.2205
-523.932 -6155.3 293.599 20148 -58.2348
-525.066 -6154.6 293.593 20148 -58.2205
-526.199 -6153.9 293.588 20148 -58.2205
-527.333 -6153.2 293.583 20148 -58.2205
-528.466 -6152.5 293.578 20148 -58.2349
-529.599 -6151.79 293.573 20148 -58.2205
-530.733 -6151.09 293.567 20148 -58.2204
-531.866 -6150.39 293.565 20148 -58.2203
-533 -6149.69 293.563 20148 -58.2346
-534.134 -6148.99 293.562 20148 -58.2203
-535.267 -6148.28 293.561 20148 -58.2203
-536.4 -6147.58 293.56 20148 -58.2203
-537.534 -6146.88 293.559 20148 -58.2346
-538.668 -6146.18 293.558 20148 -58.2059
-539.801 -6145.47 293.556 20148 -58.2347
-540.934 -6144.77 293.555 20148 -58.2202
-542.068 -6144.07 293.554 20148 -58.2204
-543.201 -6143.37 293.553 20148 -58.2204
-544.334 -6142.67 293.552 20148 -58.2346
-545.468 -6141.96 293.55 20148 -58.2086
-546.601 -6141.26 293.552 20148 -58.2372
-547.738 -6140.56 293.555 20148 -58.5876
-548.889 -6139.86 293.558 20148 -58.6437
-550.063 -6139.14 293.561 20148 -58.2863
-551.26 -6138.4 293.564 20148 -58.5059
-552.481 -6137.65 293.567 20148 -59.1371
-553.719 -6136.91 293.57 20148 -59.2289
-554.958 -6136.17 293.573 20148 -59.1003
-556.193 -6135.44 293.576 20148 -58.7735
-557.416 -6134.69 293.579 20148 -58.0276
-558.616 -6133.94 293.581 20148 -57.7147
-559.793 -6133.2 293.584 20148 -57.6331
-560.954 -6132.47 293.589 20148 -58.238
-562.109 -6131.75 293.596 20148 -58.9501
-563.264 -6131.06 293.603 20148 -58.4435
-564.404 -6130.36 293.61 20148 -57.4138
-565.526 -6129.64 293.617 20148 -57.7291
-566.652 -6128.93 293.623 20148 -57.7437
-567.779 -6128.22 293.63 20148 -57.7294
-568.907 -6127.5 293.637 20148 -57.7294
-570.034 -6126.79 293.643 20148 -57.7437
-571.162 -6126.08 293.65 20148 -57.7293
-572.289 -6125.37 293.657 20148 -57.7437
-573.417 -6124.66 293.663 20148 -57.7294
-574.544 -6123.94 293.67 20148 -57.7376
-575.672 -6123.23 293.68 20148 -57.7543
-576.799 -6122.52 293.691 20148 -57.74
-577.927 -6121.81 293.701 20148 -57.74
-579.054 -6121.1 293.712 20148 -57.7405
-580.186 -6120.38 293.722 20148 -57.7395
-581.309 -6119.67 293.733 20148 -57.752
-582.417 -6118.98 293.743 20148 -57.6193
-583.517 -6118.28 293.754 20148 -57.402
-584.62 -6117.57 293.764 20148 -57.4089
-585.739 -6116.86 293.775 20148 -57.4122
-586.867 -6116.14 293.785 20148 -57.4106
-587.99 -6115.42 293.796 20148 -57.3962
-589.114 -6114.7 293.807 20148 -57.4232
-590.237 -6113.98 293.821 20148 -57.4248
-591.361 -6113.26 293.835 20148 -57.4251
-592.485 -6112.55 293.85 20148 -57.4099
-593.607 -6111.83 293.864 20148 -57.4231
-594.726 -6111.11 293.879 20148 -57.4392
-595.85 -6110.4 293.893 20148 -57.6289
-596.991 -6109.67 293.908 20148 -57.0927
-598.146 -6108.92 293.923 20148 -57.4449
-599.32 -6108.18 293.938 20148 -58.8476
-600.507 -6107.46 293.953 20148 -59.7619
-601.693 -6106.77 293.968 20148 -59.7905
-602.87 -6106.08 293.983 20148 -59.0424
-604.034 -6105.38 293.999 20148 -58.1822
-605.19 -6104.67 294.017 20148 -57.694
-606.356 -6103.93 294.036 20148 -57.5117
-607.553 -6103.17 294.056 20148 -57.0424
-608.783 -6102.37 294.076 20148 -57.1471
-610.036 -6101.56 294.097 20148 -57.7616
-611.295 -6100.77 294.117 20148 -57.8113
-612.537 -6099.98 294.137 20148 -57.4477
-613.742 -6099.21 294.157 20148 -58.4546
-614.919 -6098.49 294.176 20148 -59.3735
-616.08 -6097.8 294.195 20148 -60.331
-617.255 -6097.14 294.213 20148 -58.7772
-618.433 -6096.42 294.237 30148 -57.9847
-619.655 -6095.66 294.266 30148 -57.4241
-620.901 -6094.86 294.296 30148 -57.7087
-622.158 -6094.07 294.326 30148 -57.6956
-623.411 -6093.27 294.356 30148 -57.6825
-624.661 -6092.48 294.386 30148 -57.7085
-625.915 -6091.69 294.415 30148 -57.6827
-627.168 -6090.9 294.445 30148 -57.4606
-628.406 -6090.11 294.475 30148 -57.4806
-629.619 -6089.34 294.504 30148 -57.9083
-630.808 -6088.59 294.533 30148 -57.9803
-631.974 -6087.86 294.56 30148 -57.6875
-633.123 -6087.13 294.588 30148 -57.7155
-634.272 -6086.41 294.615 30148 -57.6876
-635.424 -6085.68 294.643 30148 -57.6877
-636.576 -6084.95 294.67 30148 -57.7015
-637.725 -6084.22 294.698 30148 -57.7015
-638.875 -6083.5 294.725 30148 -57.7718
-640.034 -6082.77 294.753 30148 -58.0039
-641.213 -6082.03 294.781 30148 -57.7923
-642.414 -6081.27 294.81 30148 -57.8888
-643.633 -6080.51 294.84 30148 -57.9424
-644.861 -6079.74 294.869 30148 -57.9292
-646.089 -6078.97 294.899 30148 -57.9555
-647.316 -6078.2 294.929 30148 -57.9557
-648.546 -6077.43 294.958 30148 -57.9424
-649.774 -6076.66 294.988 30148 -57.4327
-650.977 -6075.89 295.017 30148 -57.7043
-652.15 -6075.15 295.046 30148 -58.2901
-653.295 -6074.45 295.073 30148 -58.4109
-654.419 -6073.75 295.1 30148 -58.0493
-655.529 -6073.06 295.127 30148 -58.1079
-656.636 -6072.37 295.154 30148 -58.1082
-657.738 -6071.69 295.18 30148 -58.1232
-658.838 -6071 295.207 30148 -58.1083
-659.939 -6070.32 295.233 30148 -58.1084
-661.039 -6069.63 295.26 30148 -58.4326
-662.143 -6068.96 295.287 30148 -57.8101
-663.239 -6068.27 295.313 30148 -56.4133
-664.322 -6067.55 295.34 30148 -56.3122
-665.416 -6066.82 295.367 30148 -56.8817
-666.536 -6066.09 295.395 30148 -57.4487
-667.686 -6065.35 295.423 30148 -58.0756
-668.87 -6064.62 295.452 30148 -57.9921
-670.083 -6063.86 295.481 30148 -57.7944
-671.315 -6063.08 295.512 30148 -58.0172
-672.553 -6062.31 295.542 30148 -57.978
-673.788 -6061.54 295.572 30148 -58.919
-675.056 -6060.77 295.603 30148 -57.665
-676.353 -6059.95 295.634 30148 -57.2014
-677.681 -6059.09 295.667 30148 -56.8753
-679.05 -6058.2 295.701 30148 -55.2575
-680.426 -6057.25 295.735 30148 -54.5066
-681.777 -6056.28 295.77 30148 -55.8637
-683.103 -6055.38 295.803 30148 -56.3755
-684.405 -6054.52 295.835 30148 -57.2927
-685.68 -6053.7 295.867 30148 -57.8642
-686.94 -6052.91 295.898 30148 -57.5106
-688.196 -6052.11 295.929 30148 -57.7124
-689.474 -6051.3 295.96 30148 -57.2993
-690.77 -6050.47 295.992 30148 -57.5101
-692.081 -6049.63 296.025 30148 -57.2987
-693.373 -6048.8 296.057 30148 -57.7149
-694.637 -6048.01 296.088 30148 -57.446
-695.88 -6047.21 296.119 30148 -57.5233
-697.141 -6046.41 296.15 30148 -57.0996
-698.43 -6045.58 296.182 30148 -57.3133
-699.737 -6044.74 296.214 30148 -57.0992
-701.024 -6043.9 296.246 30148 -57.523
-702.301 -6043.09 296.278 30148 -57.5104
-703.577 -6042.28 296.309 30148 -57.0977
-704.859 -6041.45 296.341 30148 -57.3123
-706.159 -6040.62 296.373 30148 -57.2889
-707.466 -6039.78 296.406 30148 -57.4363
-708.795 -6038.93 296.438 30148 -56.2611
-710.133 -6038.03 296.472 30148 -56.1482
-711.483 -6037.13 296.506 30148 -55.9485
-712.809 -6036.23 296.54 30148 -57.1051
-714.115 -6035.39 296.572 30148 -56.9244
-715.397 -6034.55 296.604 30148 -57.1059
-716.7 -6033.71 296.637 30148 -56.2594
-718.033 -6032.82 296.67 30148 -56.038
-719.396 -6031.9 296.705 30148 -56.3299
-720.768 -6030.99 296.739 30148 -56.5241
-722.124 -6030.09 296.773 30148 -56.7241
-723.457 -6029.22 296.807 30148 -56.5177
-724.768 -6028.35 296.84 30148 -56.5179
-726.08 -6027.48 296.873 30148 -56.5209
-727.413 -6026.6 296.906 30148 -56.9946
-728.774 -6025.72 296.94 30148 -56.8168
-730.149 -6024.82 296.974 30148 -55.8053
-731.515 -6023.89 297.009 30148 -55.6977
-732.885 -6022.95 297.044 30148 -55.6971
-734.261 -6022.01 297.079 30148 -55.6859
-735.635 -6021.08 297.114 30148 0
