6.94953e-310 6.94953e-310 0 0 0
0 0 0 0 0
0 0 0 0 0
0 0 0 0 0
0 0 0 0 0
0 0 0 0 0
0 0 0 0 0
0 0 0 0 0
0 0 0 0 0
0 0 0 0 0
0 0 0 0 0
0 0 0 0 0
0 0 0 0 0
0 0 0 0 0
0 0 0 0 0
0 0 0 0 0
0 0 0 0 0
0 0 0 0 0
0 0 0 0 0
0 0 0 0 0
0 0 0 0 0
0 0 0 0 0
0 0 0 0 0
0 0 0 0 0
0 0 0 0 0
0 0 0 0 0
0 0 0 0 0
0 0 0 0 0
0 0 0 0 0
0 0 0 0 0
0 0 0 0 0
0 0 0 0 0
0 0 0 0 0
0 0 0 0 0
0 0 0 0 0
0 0 0 0 0
0 0 0 0 0
0 0 0 0 0
0 0 0 0 0
0 0 0 0 0
0 0 0 0 0
0 0 0 0 0
0 0 0 0 0
0 0 0 0 0
17.259 2038.06 0 0 0
17.158 2045.14 0 0 0
17.108 2052.25 0 0 0
17.022 2059.26 0 0 0
16.82 2066.19 0 0 0
16.518 2073.09 0 0 0
16.03 2080.06 0 0 0
15.441 2087.08 0 0 0
15.058 2094.13 0 0 0
14.801 2101.28 0 0 0
14.696 2108.45 0 0 0
14.492 2115.62 0 0 0
13.986 2122.62 0 0 0
13.482 2129.62 0 0 0
0 0 0 0 0
-359.613 -6263.23 0 0 0
-360.697 -6262.56 0 0 0
-361.781 -6261.89 0 0 0
-362.864 -6261.22 0 0 0
-363.948 -6260.55 0 0 0
-365.032 -6259.87 0 0 0
-366.116 -6259.2 0 0 0
-367.2 -6258.53 0 0 0
-368.284 -6257.86 0 0 0
-369.367 -6257.19 0 0 0
-370.452 -6256.52 0 0 0
-371.535 -6255.85 0 0 0
-372.614 -6255.18 0 0 0
-373.69 -6254.51 0 0 0
-374.755 -6253.82 0 0 0
-375.824 -6253.13 0 0 0
-376.895 -6252.43 0 0 0
-377.965 -6251.74 0 0 0
-379.035 -6251.05 0 0 0
-380.105 -6250.36 0 0 0
-381.175 -6249.66 0 0 0
-382.245 -6248.97 0 0 0
-383.315 -6248.28 0 0 0
-384.385 -6247.58 0 0 0
-385.456 -6246.89 0 0 0
-386.526 -6246.2 0 0 0
-387.596 -6245.5 0 0 0
-388.667 -6244.81 0 0 0
-389.736 -6244.12 0 0 0
-390.801 -6243.43 0 0 0
-391.861 -6242.73 0 0 0
-392.914 -6242.03 0 0 0
-359.792 -6262.72 295.912 10149 -58.1959
-360.635 -6262.2 295.898 10149 -58.2344
-361.478 -6261.68 295.885 10149 -58.1959
-362.321 -6261.16 295.871 10149 -58.2435
-363.164 -6260.63 295.858 10149 -58.2085
-364.007 -6260.11 295.845 10149 -58.247
-364.85 -6259.59 295.832 10149 -58.247
-365.693 -6259.07 295.818 10149 -58.2085
-366.536 -6258.55 295.805 10149 -58.2277
-367.379 -6258.02 295.792 10149 -58.2277
-368.222 -6257.5 295.778 10149 -58.2277
-369.065 -6256.98 295.765 10149 -58.2277
-369.908 -6256.46 295.752 10149 -58.2248
-370.758 -6255.93 295.739 10149 -58.2306
-371.594 -6255.41 295.725 10149 -58.2437
-372.4 -6254.91 295.713 10149 -57.5136
-373.189 -6254.41 295.7 10149 -57.0339
-373.984 -6253.9 295.687 10149 -57.1776
-374.805 -6253.37 295.674 10149 -56.7318
-375.639 -6252.82 295.661 10149 -57.9748
-376.502 -6252.28 295.647 10149 -58.3755
-377.406 -6251.72 295.633 10149 -58.3786
-378.342 -6251.15 295.619 10149 -58.8285
-379.32 -6250.56 295.603 10149 -60.3123
-380.342 -6249.97 295.588 10149 -60.2996
-381.369 -6249.39 295.572 10149 -60.3239
-382.393 -6248.8 295.557 10149 -60.3209
-383.418 -6248.22 295.541 10149 -60.2794
-384.446 -6247.63 295.525 10149 -60.0127
-385.461 -6247.05 295.51 10149 -59.4786
-386.425 -6246.48 295.495 10149 -59.6261
-387.357 -6245.93 295.48 10149 -59.7657
-388.255 -6245.41 295.467 10149 -59.2184
-389.109 -6244.9 295.453 10149 -56.9487
-389.924 -6244.37 295.441 10149 -56.9092
-390.721 -6243.85 295.428 10149 -56.3282
-391.511 -6243.32 295.415 10149 -56.0694
-392.307 -6242.79 295.403 10149 -56.1179
-393.124 -6242.24 295.39 10149 -56.1417
-393.953 -6241.68 295.377 10149 -56.1302
-394.777 -6241.13 295.364 10149 -56.1489
-395.6 -6240.58 295.351 10149 -56.1109
-396.424 -6240.03 295.338 10149 -56.1312
-397.248 -6239.47 295.324 10149 -56.1281
-398.07 -6238.92 295.311 10149 -56.1225
-398.89 -6238.37 295.298 10149 -56.1281
-399.712 -6237.82 295.285 10149 -56.3842
-400.551 -6237.26 295.272 10149 -55.8978
-401.403 -6236.68 295.259 10149 -56.0942
-402.262 -6236.11 295.245 10149 -56.1306
-403.113 -6235.54 295.232 10149 -56.3564
-403.967 -6234.97 295.218 10149 -56.5184
-404.842 -6234.39 295.204 10149 -55.1916
-405.69 -6233.8 295.191 10149 -56.1817
-406.507 -6233.25 295.178 10149 -55.6693
-407.302 -6232.71 295.165 10149 -57.9107
-408.152 -6232.18 295.152 10149 -58.3861
-409.042 -6231.63 295.139 10149 -57.9816
-409.955 -6231.06 295.125 10149 -58.0004
-410.857 -6230.49 295.111 10149 -57.9824
-411.761 -6229.93 295.097 10149 -58.0182
-412.665 -6229.36 295.083 10149 -58.1266
-413.567 -6228.8 295.069 10149 -57.8383
-414.46 -6228.24 295.055 10149 -57.3157
-415.352 -6227.67 295.041 10149 -57.893
-416.265 -6227.1 295.027 10149 -57.4299
-417.203 -6226.5 295.013 10149 -57.2264
-418.165 -6225.88 294.998 10149 -57.6145
-419.142 -6225.26 294.983 10149 -58.8173
-420.123 -6224.66 294.968 10149 -61.1738
-421.11 -6224.12 294.954 10149 -62.3245
-422.101 -6223.6 294.939 10149 -61.1109
-423.086 -6223.06 294.925 10149 -57.9009
-424.039 -6222.46 294.91 10149 -57.4111
-424.959 -6221.87 294.896 10149 -58.2612
-425.858 -6221.32 294.882 10149 -59.052
-426.725 -6220.8 294.869 10149 -58.3573
-427.576 -6220.27 294.856 10149 -58.0866
-428.441 -6219.73 294.843 10149 -58.1175
-429.335 -6219.18 294.83 10149 -57.7764
-430.249 -6218.6 294.816 10149 -58.0586
-431.17 -6218.03 294.802 10149 -57.8645
-432.078 -6217.46 294.788 10149 -58.2946
-432.984 -6216.9 294.774 10149 -58.3075
-433.869 -6216.35 294.761 10149 -57.867
-434.723 -6215.81 294.748 10149 -56.6911
-435.565 -6215.26 294.735 10149 -56.3874
-436.424 -6214.69 294.722 10149 -56.474
-437.325 -6214.09 294.708 10149 -56.4968
-438.24 -6213.49 294.694 10149 -56.1414
-439.13 -6212.89 294.68 10149 -56.8176
-440.011 -6212.31 294.666 10149 -56.4898
-440.878 -6211.74 294.653 10149 -56.4638
-441.739 -6211.17 294.64 10149 -56.4819
-442.601 -6210.6 294.627 10149 -56.4878
-443.466 -6210.02 294.613 10149 -57.1631
-444.352 -6209.45 294.6 10149 -56.535
-445.258 -6208.85 294.586 10149 -55.7871
-446.182 -6208.23 294.572 10149 -56.4765
-447.129 -6207.6 294.557 10149 -56.5007
-448.077 -6206.97 294.543 10149 -56.4818
-449.024 -6206.34 294.528 10149 -56.4676
-449.972 -6205.72 294.514 10149 -56.582
-450.92 -6205.09 294.5 10149 -55.5898
-451.843 -6204.46 294.485 10149 -56.6133
-452.752 -6203.86 294.472 10149 -57.64
-453.648 -6203.29 294.458 10149 -60.8267
-454.563 -6202.78 294.445 10149 -62.0514
-455.493 -6202.29 294.432 10149 -63.1631
-456.441 -6201.81 294.418 10149 -62.7576
-457.392 -6201.32 294.405 10149 -62.7386
-458.342 -6200.83 294.391 10149 -62.7589
-459.292 -6200.34 294.378 10149 -62.7564
-460.243 -6199.85 294.364 10149 -63.0078
-461.193 -6199.37 294.351 10149 -62.73
-462.134 -6198.88 294.338 10149 -61.7285
-463.065 -6198.38 294.324 10149 -58.8075
-463.979 -6197.83 294.311 10149 -57.4089
-464.903 -6197.24 294.297 10149 -56.2472
-465.836 -6196.61 294.283 10149 -56.379
-466.789 -6195.98 294.269 10149 -56.4789
-467.732 -6195.35 294.255 10149 -56.4517
-468.646 -6194.75 294.241 10149 -55.8182
-469.543 -6194.14 294.227 10149 -55.4061
-470.446 -6193.51 294.214 10149 -55.4552
-471.374 -6192.88 294.199 10149 -55.5033
-472.314 -6192.23 294.185 10149 -55.4875
-473.248 -6191.59 294.171 10149 -55.4707
-474.182 -6190.95 294.157 10149 -55.4882
-475.116 -6190.3 294.143 10149 -55.7841
-476.205 -6189.56 294.125 20149 -55.8071
-477.308 -6188.81 294.108 20149 -55.7933
-478.411 -6188.06 294.091 20149 -55.8071
-479.513 -6187.31 294.074 20149 -55.8076
-480.616 -6186.57 294.056 20149 -55.7785
-481.719 -6185.82 294.039 20149 -55.804
-482.82 -6185.07 294.022 20149 -55.8162
-483.92 -6184.32 294.005 20149 -55.799
-485.025 -6183.57 293.987 20149 -55.7584
-486.147 -6182.81 293.97 20149 -55.2582
-487.276 -6182.02 293.952 20149 -55.9275
-488.416 -6181.25 293.934 20149 -57.5603
-489.566 -6180.52 293.917 20149 -58.0151
-490.712 -6179.8 293.904 20149 -57.5635
-491.855 -6179.08 293.89 20149 -56.8763
-492.994 -6178.34 293.877 20149 -57.3657
-494.133 -6177.61 293.863 20149 -58.7572
-495.279 -6176.91 293.85 20149 -58.9639
-496.42 -6176.22 293.837 20149 -58.7636
-497.558 -6175.53 293.823 20149 -58.762
-498.698 -6174.84 293.81 20149 -58.7475
-499.838 -6174.15 293.797 20149 -58.7618
-500.978 -6173.46 293.784 20149 -58.7618
-502.118 -6172.77 293.771 20149 -58.762
-503.258 -6172.08 293.757 20149 -58.7549
-504.403 -6171.38 293.746 20149 -58.7581
-505.538 -6170.69 293.737 20149 -58.7741
-506.653 -6170.02 293.728 20149 -58.3969
-507.757 -6169.34 293.719 20149 -58.247
-508.866 -6168.65 293.71 20149 -58.2258
-509.995 -6167.95 293.701 20149 -58.2229
-511.133 -6167.25 293.691 20149 -58.2244
-512.267 -6166.54 293.682 20149 -58.2387
-513.4 -6165.84 293.673 20149 -58.2244
-514.534 -6165.14 293.664 20149 -58.2244
-515.667 -6164.44 293.655 20149 -58.2243
-516.801 -6163.74 293.645 20149 -58.2391
-517.934 -6163.04 293.636 20149 -58.2093
-519.063 -6162.34 293.629 20149 -58.2205
-520.196 -6161.63 293.624 20149 -58.4709
-521.347 -6160.93 293.619 20149 -57.9876
-522.511 -6160.2 293.613 20149 -58.2202
-523.691 -6159.47 293.608 20149 -58.2337
-524.872 -6158.74 293.603 20149 -58.2198
-526.053 -6158.01 293.597 20149 -58.4753
-527.248 -6157.27 293.592 20149 -58.1969
-528.462 -6156.52 293.586 20149 -58.2155
-529.703 -6155.75 293.58 20149 -58.0166
-530.964 -6154.96 293.575 20149 -58.2315
-532.24 -6154.17 293.569 20149 -58.2177
-533.519 -6153.38 293.565 20149 -58.2184
-534.795 -6152.59 293.564 20149 -58.2316
-536.07 -6151.8 293.562 20149 -58.2187
-537.345 -6151.01 293.561 20149 -58.2187
-538.62 -6150.22 293.559 20149 -58.2314
-539.895 -6149.43 293.558 20149 -58.2187
-541.17 -6148.64 293.557 20149 -58.2187
-542.445 -6147.85 293.555 20149 -58.2314
-543.721 -6147.06 293.554 20149 -58.2187
-544.996 -6146.27 293.553 20149 -58.2316
-546.271 -6145.48 293.551 20149 -58.2185
-547.546 -6144.69 293.55 20149 -58.2218
-548.823 -6143.9 293.553 20149 -58.2471
-550.1 -6143.11 293.556 20149 -58.2843
-551.38 -6142.32 293.559 20149 -58.3949
-552.671 -6141.52 293.563 20149 -58.453
-553.973 -6140.73 293.566 20149 -58.7485
-555.286 -6139.93 293.569 20149 -59.1475
-556.603 -6139.14 293.572 20149 -59.3338
-557.924 -6138.36 293.575 20149 -58.8337
-559.241 -6137.56 293.579 20149 -58.7015
-560.549 -6136.77 293.582 20149 -58.7389
-561.82 -6136 293.585 20149 -59.1808
-563.059 -6135.26 293.591 20149 -59.5766
-564.268 -6134.55 293.598 20149 -58.9427
-565.43 -6133.85 293.605 20149 -57.442
-566.551 -6133.13 293.612 20149 -57.9018
-567.661 -6132.43 293.618 20149 -58.2383
-568.771 -6131.75 293.625 20149 0
