6.93498e-310 6.93498e-310 0 0 0
35 0 0 0 0
35 0 0 0 0
35 0 0 0 0
35 0 0 0 0
35 0 0 0 0
35 0 0 0 0
35 0 0 0 0
35 0 0 0 0
35 0 0 0 0
35 0 0 0 0
35 0 0 0 0
35 0 0 0 0
35 0 0 0 0
35 0 0 0 0
35 0 0 0 0
35 0 0 0 0
34.99 0 0 0 0
35 0 0 0 0
35 0 0 0 0
35 0 0 0 0
35 0 0 0 0
35 0 0 0 0
35 0 0 0 0
35 0 0 0 0
34.98 0 0 0 0
35.03 0 0 0 0
35.05 0 0 0 0
34.95 0 0 0 0
35.03 0 0 0 0
35.65 0 0 0 0
37.13 0 0 0 0
38.27 0 0 0 0
39.66 0 0 0 0
40.18 0 0 0 0
40.31 0 0 0 0
40.39 0 0 0 0
40.3 0 0 0 0
39.66 0 0 0 0
38.21 0 0 0 0
36.86 0 0 0 0
35.83 0 0 0 0
35.96 0 0 0 0
36.95 0 0 0 0
38.12 0 0 0 0
38.98 0 0 0 0
39.52 0 0 0 0
39.82 0 0 0 0
39.99 0 0 0 0
40.02 0 0 0 0
40.02 0 0 0 0
40.01 0 0 0 0
39.99 0 0 0 0
40 0 0 0 0
40 0 0 0 0
40 0 0 0 0
40.01 0 0 0 0
40.01 0 0 0 0
40.06 0 0 0 0
39.76 0 0 0 0
39.44 0 0 0 0
39.77 0 0 0 0
40.6 0 0 0 0
41.61 0 0 0 0
42.06 0 0 0 0
41.69 0 0 0 0
41.05 0 0 0 0
40.56 0 0 0 0
40.88 0 0 0 0
42.47 0 0 0 0
43.67 0 0 0 0
44.92 0 0 0 0
45.24 0 0 0 0
45.1 0 0 0 0
44.99 0 0 0 0
45.02 0 0 0 0
45.01 0 0 0 0
45.01 0 0 0 0
45 0 0 0 0
45.03 0 0 0 0
45.11 0 0 0 0
45.15 0 0 0 0
45.11 0 0 0 0
45.04 0 0 0 0
44.99 0 0 0 0
45.02 0 0 0 0
45.01 0 0 0 0
45.01 0 0 0 0
45.03 0 0 0 0
45.11 0 0 0 0
45.07 0 0 0 0
44.77 0 0 0 0
44.16 0 0 0 0
43.36 0 0 0 0
42.74 0 0 0 0
42.44 0 0 0 0
42.4 0 0 0 0
42.49 0 0 0 0
42.5 0 0 0 0
42.42 0 0 0 0
42.4 0 0 0 0
42.64 0 0 0 0
43.21 0 0 0 0
43.98 0 0 0 0
44.62 0 0 0 0
44.98 0 0 0 0
45.08 0 0 0 0
45.05 0 0 0 0
44.99 0 0 0 0
45 0 0 0 0
45 0 0 0 0
45 0 0 0 0
45 0 0 0 0
45 0 0 0 0
45 0 0 0 0
45 0 0 0 0
44.94 0 0 0 0
45.05 0 0 0 0
45.28 0 0 0 0
45.39 0 0 0 0
45.24 0 0 0 0
44.91 0 0 0 0
44.94 0 0 0 0
45.49 0 0 0 0
46.18 0 0 0 0
46.64 0 0 0 0
46.67 0 0 0 0
46.69 0 0 0 0
47.07 0 0 0 0
47.86 0 0 0 0
48.77 0 0 0 0
49.4 0 0 0 0
49.93 0 0 0 0
50.73 0 0 0 0
52.15 0 0 0 0
53.28 0 0 0 0
54.92 0 0 0 0
55.53 0 0 0 0
54.92 0 0 0 0
53.27 0 0 0 0
52.12 0 0 0 0
50.61 0 0 0 0
49.91 0 0 0 0
49.8 0 0 0 0
49.96 0 0 0 0
50.09 0 0 0 0
49.94 0 0 0 0
49.66 0 0 0 0
49.55 0 0 0 0
49.67 0 0 0 0
49.93 0 0 0 0
50.07 0 0 0 0
50 0 0 0 0
50 0 0 0 0
50 0 0 0 0
50 0 0 0 0
49.99 0 0 0 0
50 0 0 0 0
50 0 0 0 0
50 0 0 0 0
50 0 0 0 0
50 0 0 0 0
50 0 0 0 0
50 0 0 0 0
50 0 0 0 0
50 0 0 0 0
50 0 0 0 0
50 0 0 0 0
49.9 0 0 0 0
50.1 0 0 0 0
50.53 0 0 0 0
50.7 0 0 0 0
50.48 0 0 0 0
49.96 0 0 0 0
49.86 0 0 0 0
50.46 0 0 0 0
51.4 0 0 0 0
52.09 0 0 0 0
51.97 0 0 0 0
51.27 0 0 0 0
50.79 0 0 0 0
51.28 0 0 0 0
52.3 0 0 0 0
53.03 0 0 0 0
53.22 0 0 0 0
53.09 0 0 0 0
52.93 0 0 0 0
52.8 0 0 0 0
52.94 0 0 0 0
53.75 0 0 0 0
55.26 0 0 0 0
56.51 0 0 0 0
58.12 0 0 0 0
58.89 0 0 0 0
58.27 0 0 0 0
57.54 0 0 0 0
57.47 0 0 0 0
58.19 0 0 0 0
58.73 0 0 0 0
58.63 0 0 0 0
58.46 0 0 0 0
58.33 0 0 0 0
58.27 0 0 0 0
58.3 0 0 0 0
58.31 0 0 0 0
58.31 0 0 0 0
58.3 0 0 0 0
58.31 0 0 0 0
58.18 0 0 0 0
57.72 0 0 0 0
59.95 0 0 0 0
61.44 0 0 0 0
62.84 0 0 0 0
65.07 0 0 0 0
64.77 0 0 0 0
64.62 0 0 0 0
65.16 0 0 0 0
65.15 0 0 0 0
65.1 0 0 0 0
65.09 0 0 0 0
65.37 0 0 0 0
64.64 0 0 0 0
62.92 0 0 0 0
62.21 0 0 0 0
64.43 0 0 0 0
65.65 0 0 0 0
67.62 0 0 0 0
68.44 0 0 0 0
68.34 0 0 0 0
68.36 0 0 0 0
68.82 0 0 0 0
69.34 0 0 0 0
70.17 0 0 0 0
70.95 0 0 0 0
71.01 0 0 0 0
70.81 0 0 0 0
70.56 0 0 0 0
71.03 0 0 0 0
72.19 0 0 0 0
72.83 0 0 0 0
73.08 0 0 0 0
73.51 0 0 0 0
75.28 0 0 0 0
76.84 0 0 0 0
78.33 0 0 0 0
80.54 0 0 0 0
79.62 0 0 0 0
78.24 0 0 0 0
77.41 0 0 0 0
78.09 0 0 0 0
78.71 0 0 0 0
78.52 0 0 0 0
78.36 0 0 0 0
77.78 0 0 0 0
77.27 0 0 0 0
77.92 0 0 0 0
77.85 0 0 0 0
76.9 0 0 0 0
76.73 0 0 0 0
77.73 0 0 0 0
0 0 0 0 0
4.6356e-310 4.6356e-310 0 0 0
0 0 0 0 0
0 0 0 0 0
0 0 0 0 0
0 0 0 0 0
0 0 0 0 0
0 0 0 0 0
0 0 0 0 0
0 0 0 0 0
0 0 0 0 0
0 0 0 0 0
0 0 0 0 0
0 0 0 0 0
0 0 0 0 0
-360.853 -6261.92 295.894 10149 -58.2117
-362.177 -6261.1 295.873 10149 -58.2283
-363.382 -6260.36 295.854 10149 -58.2316
-364.586 -6259.61 295.835 10149 -58.2181
-365.79 -6258.86 295.816 10149 -56.1969
-366.968 -6258.07 295.797 10149 -55.5517
-368.138 -6257.27 295.778 10149 -56.4258
-369.319 -6256.49 295.759 10149 -57.6117
-370.517 -6255.73 295.74 10149 -58.6239
-371.724 -6254.99 295.721 10149 -58.2204
-372.92 -6254.25 295.702 10149 -57.446
-374.104 -6253.5 295.683 10149 -57.0669
-375.285 -6252.73 295.664 10149 -57.0577
-376.473 -6251.96 295.645 10149 -57.07
-377.663 -6251.19 295.627 10149 -57.0699
-378.852 -6250.42 295.608 10149 -57.0833
-380.042 -6249.65 295.589 10149 -57.0694
-381.23 -6248.88 295.57 10149 -57.0705
-382.42 -6248.11 295.551 10149 -57.072
-383.612 -6247.34 295.532 10149 -57.0572
-384.802 -6246.57 295.514 10149 -56.9006
-385.98 -6245.8 295.495 10149 -57.0781
-387.142 -6245.05 295.477 10149 -57.0354
-388.283 -6244.31 295.459 10149 -57.1034
-389.401 -6243.58 295.441 10149 0
