-805.949 -5968.66 298.94 30148 -48.902
-805.949 -5968.66 298.94 30148 -48.902
-805.949 -5968.66 298.94 30148 -48.902
-805.949 -5968.66 298.94 30148 -48.902
-805.949 -5968.66 298.94 30148 -48.902
-805.949 -5968.66 298.94 30148 -48.902
-805.949 -5968.66 298.94 30148 -48.902
-805.949 -5968.66 298.94 30148 -48.902
-805.949 -5968.66 298.94 30148 -48.902
-805.949 -5968.66 298.94 30148 -48.902
-805.949 -5968.66 298.94 30148 -48.902
-805.949 -5968.66 298.94 30148 -48.902
-805.949 -5968.66 298.94 30148 -48.902
-805.949 -5968.66 298.94 30148 -48.902
-805.949 -5968.66 298.94 30148 -48.902
-805.949 -5968.66 298.94 30148 -48.902
-805.949 -5968.66 298.94 30148 -48.902
-805.949 -5968.66 298.94 30148 -48.902
-805.949 -5968.66 298.94 30148 -48.902
-805.949 -5968.66 298.94 30148 -48.902
-805.949 -5968.66 298.94 30148 -48.902
-805.949 -5968.66 298.94 30148 -48.902
-805.949 -5968.66 298.94 30148 -48.902
-805.949 -5968.66 298.94 30148 -48.902
-805.949 -5968.66 298.94 30148 -48.902
-805.949 -5968.66 298.94 30148 -48.902
-805.949 -5968.66 298.94 30148 -48.902
-805.949 -5968.66 298.94 30148 -48.902
-805.949 -5968.66 298.94 30148 -48.902
-805.949 -5968.66 298.94 30148 -48.902
-805.949 -5968.66 298.94 30148 -48.902
-805.949 -5968.66 298.94 30148 -48.902
-805.949 -5968.66 298.94 30148 -48.902
-805.949 -5968.66 298.94 30148 -48.902
-805.949 -5968.66 298.94 30148 -48.902
-805.949 -5968.66 298.94 30148 -48.902
-805.949 -5968.66 298.94 30148 -48.902
-805.949 -5968.66 298.94 30148 -48.902
-805.949 -5968.66 298.94 30148 -48.902
-805.949 -5968.66 298.94 30148 -48.902
-805.949 -5968.66 298.94 30148 -48.902
-805.949 -5968.66 298.94 30148 -48.902
-805.949 -5968.66 298.94 30148 -48.902
-805.949 -5968.66 298.94 30148 -48.902
-805.949 -5968.66 298.94 30148 -48.902
-805.949 -5968.66 298.94 30148 -48.902
-805.949 -5968.66 298.94 30148 -48.902
-805.949 -5968.66 298.94 30148 -48.902
-805.949 -5968.66 298.94 30148 -48.902
-805.947 -5968.66 298.94 30148 -48.902
-805.948 -5968.66 298.94 30148 -48.902
-805.955 -5968.67 298.94 30148 -48.902
-805.974 -5968.69 298.94 30148 -48.902
-805.982 -5968.7 298.94 30148 -48.902
-806.003 -5968.66 298.94 30148 -48.902
-806.062 -5968.61 298.942 30148 -48.902
-806.139 -5968.55 298.944 30148 -48.902
-806.217 -5968.49 298.946 30148 -48.902
-806.289 -5968.43 298.948 30148 -48.902
-806.363 -5968.37 298.95 30148 -48.902
-806.436 -5968.31 298.952 30148 -48.902
-806.509 -5968.25 298.954 30148 -48.902
-806.582 -5968.19 298.956 30148 -48.902
-806.655 -5968.13 298.958 30148 -48.902
-806.729 -5968.08 298.96 30148 -48.902
-806.802 -5968.02 298.962 30148 -48.902
-806.875 -5967.96 298.963 30148 -48.902
-806.949 -5967.9 298.965 30148 -48.902
-807.022 -5967.84 298.967 30148 -48.902
-807.095 -5967.78 298.969 30148 -48.902
-807.169 -5967.72 298.971 30148 -48.902
-807.242 -5967.66 298.973 30148 -48.902
-807.315 -5967.6 298.975 30148 -48.902
-807.388 -5967.54 298.977 30148 -48.902
-807.462 -5967.48 298.979 30148 -48.902
-807.535 -5967.42 298.981 30148 -48.902
-807.608 -5967.36 298.983 30148 -48.902
-807.682 -5967.3 298.985 30148 -48.902
-807.754 -5967.25 298.987 30148 -48.902
-807.824 -5967.19 298.989 30148 -48.902
-807.895 -5967.13 298.99 30148 -48.902
-807.986 -5967.07 298.993 30148 -48.902
-808.101 -5966.99 298.996 30148 -48.902
-808.241 -5966.87 298.999 30148 -48.902
-808.404 -5966.72 299.004 30148 -48.902
-808.587 -5966.57 299.009 30148 -48.902
-808.772 -5966.42 299.014 30148 -48.902
-808.954 -5966.28 299.018 30148 -48.902
-809.134 -5966.13 299.023 30148 -48.902
-809.316 -5965.98 299.028 30148 -48.902
-809.496 -5965.84 299.033 30148 -48.902
-809.678 -5965.69 299.037 30148 -48.902
-809.859 -5965.55 299.042 30148 -48.902
-810.04 -5965.4 299.047 30148 -48.902
-810.221 -5965.25 299.052 30148 -48.902
-810.402 -5965.11 299.056 30148 -48.902
-810.583 -5964.96 299.061 30148 -48.902
-810.764 -5964.81 299.066 30148 -48.902
-810.945 -5964.67 299.071 30148 -48.902
-811.124 -5964.52 299.076 30148 -48.902
-811.303 -5964.38 299.08 30148 -48.902
-811.487 -5964.23 299.085 30148 -48.902
-811.688 -5964.06 299.09 30148 -48.902
-811.906 -5963.87 299.096 30148 -48.902
-812.142 -5963.65 299.103 30148 -48.902
-812.4 -5963.44 299.11 30148 -48.902
-812.663 -5963.23 299.117 30148 -48.902
-812.923 -5963.02 299.124 30148 -48.902
-813.181 -5962.81 299.13 30148 -48.902
-813.44 -5962.6 299.137 30148 -48.902
-813.698 -5962.4 299.144 30148 -48.902
-813.957 -5962.19 299.151 30148 -48.902
-814.217 -5961.98 299.158 30148 -48.902
-814.486 -5961.76 299.165 30148 -48.902
-814.721 -5961.57 299.171 30148 -48.902
-814.915 -5961.42 299.176 30148 -48.902
-815.093 -5961.27 299.181 30148 -48.902
-815.342 -5961.07 299.187 30148 -48.902
-815.624 -5960.85 299.195 30148 -48.902
-815.943 -5960.57 299.203 30148 -48.902
-816.29 -5960.24 299.213 30148 -47.4131
-816.659 -5959.9 299.223 30148 -46.3586
-817.025 -5959.55 299.233 30148 -48.9351
-817.404 -5959.22 299.244 30148 -52.1029
-817.799 -5958.91 299.254 30148 -55.0063
-818.212 -5958.62 299.264 30148 -58.8508
-818.647 -5958.36 299.274 30148 -61.7567
-819.094 -5958.12 299.284 30148 -65.7052
-819.57 -5957.9 299.294 30148 -64.4969
-820.057 -5957.67 299.304 30148 -57.6701
-820.541 -5957.37 299.316 30148 -55.882
-821.044 -5957.02 299.328 30148 -50.9157
-821.55 -5956.61 299.341 30148 -52.144
-822.082 -5956.2 299.354 30148 -55.9519
-822.645 -5955.82 299.368 30148 -58.1165
-823.22 -5955.46 299.381 30148 -60.4766
-823.813 -5955.13 299.395 30148 -62.269
-824.424 -5954.8 299.408 30148 -61.5013
-825.027 -5954.48 299.422 30148 -61.5713
-825.628 -5954.15 299.435 30148 -62.2737
-826.238 -5953.83 299.448 30148 -60.428
-826.844 -5953.49 299.462 30149 -57.5545
-827.448 -5953.1 299.476 30149 -55.1465
-828.057 -5952.68 299.491 30149 -52.4471
-828.666 -5952.21 299.506 30149 -50.4275
-829.28 -5951.7 299.522 30149 -48.1597
-829.892 -5951.16 299.539 30149 -46.7572
-830.5 -5950.58 299.556 30149 -47.4443
-831.116 -5950.02 299.572 30149 -47.4661
-831.731 -5949.45 299.589 30149 -47.4425
-832.343 -5948.89 299.606 30149 -47.4427
-832.956 -5948.33 299.623 30149 -47.4414
-833.567 -5947.77 299.639 30149 -47.4437
-834.182 -5947.2 299.656 30149 -47.4482
-834.808 -5946.63 299.673 30149 -47.7402
-835.444 -5946.05 299.69 30149 -48.7235
-836.101 -5945.47 299.708 30149 -49.7714
-836.792 -5944.89 299.726 40149 -45.6302
-837.461 -5944.24 299.744 40149 -45.2553
-838.157 -5943.55 299.764 40149 -46.0713
-838.878 -5942.85 299.784 40149 -46.0709
-839.601 -5942.15 299.804 40149 -46.0523
-840.32 -5941.46 299.824 40149 -46.0907
-841.039 -5940.77 299.844 40149 -46.0524
-841.758 -5940.08 299.864 40149 -46.0715
-842.477 -5939.38 299.883 40149 -46.0715
-843.195 -5938.69 299.903 40149 -46.0524
-843.914 -5938 299.923 40149 -46.0907
-844.633 -5937.31 299.943 40149 -46.0524
-845.351 -5936.61 299.963 40149 -46.0715
-846.07 -5935.92 299.983 40149 -46.0715
-846.79 -5935.23 300.003 40149 -46.0717
-847.508 -5934.54 300.023 40149 -46.0529
-848.223 -5933.85 300.042 40149 -46.0908
-848.941 -5933.16 300.062 40149 -46.3722
-849.673 -5932.46 300.082 40149 -46.1227
-850.42 -5931.74 300.103 40149 -46.082
-851.189 -5931 300.124 40149 -45.6272
-851.976 -5930.23 300.146 40149 -45.1509
-852.782 -5929.43 300.169 40149 -44.8607
-853.606 -5928.6 300.192 40149 -44.4876
-854.435 -5927.76 300.216 40149 -43.3335
-855.254 -5926.89 300.239 40149 -40.7392
-856.025 -5925.99 300.261 40149 -41.1117
-856.779 -5925.13 300.281 40149 -41.5154
-857.519 -5924.29 300.301 40149 -41.8512
-858.236 -5923.49 300.321 40149 -43.076
-858.933 -5922.75 300.339 40149 -43.882
-859.611 -5922.04 300.357 40149 -45.7003
-860.266 -5921.4 300.373 40149 -47.2415
-860.923 -5920.8 300.389 40149 -45.2186
-861.583 -5920.14 300.406 40149 -44.8206
-862.271 -5919.45 300.424 40149 -45.6573
-862.986 -5918.75 300.442 40149 -45.6321
-863.704 -5918.05 300.46 40149 -45.6391
-864.418 -5917.35 300.478 40149 -45.6234
-865.131 -5916.65 300.496 40149 -45.6412
-865.845 -5915.95 300.514 40149 -45.6416
-866.559 -5915.26 300.532 40149 -45.6409
-867.272 -5914.56 300.55 40149 -45.6413
-867.986 -5913.86 300.568 40149 -45.6023
-868.7 -5913.16 300.586 40149 -45.6404
-869.414 -5912.46 300.604 40149 -45.6408
-870.128 -5911.76 300.622 40149 -45.6401
-870.842 -5911.07 300.64 40149 -45.6405
-871.556 -5910.37 300.658 40149 -45.6212
-872.27 -5909.67 300.676 40149 -45.6396
-872.984 -5908.97 300.694 40149 -45.3082
-873.695 -5908.27 300.712 40149 -43.496
-874.381 -5907.54 300.728 40149 -43.5031
-875.064 -5906.82 300.744 40149 -43.4364
-875.758 -5906.09 300.761 40149 -44.2962
-876.46 -5905.37 300.777 40149 -44.0192
-877.151 -5904.66 300.794 40149 -42.1349
-877.849 -5903.89 300.811 40149 -41.6946
-878.572 -5903.07 300.829 40149 -42.3844
-879.337 -5902.24 300.847 40149 -42.3725
-880.134 -5901.36 300.867 40149 -42.382
-880.921 -5900.5 300.886 40149 -42.3503
-881.706 -5899.64 300.905 40149 -42.3827
-882.491 -5898.78 300.924 40149 -42.3663
-883.277 -5897.92 300.943 40149 -42.3828
-884.062 -5897.06 300.962 40149 -42.3826
-884.848 -5896.19 300.981 40149 -42.3498
-885.633 -5895.33 301 40149 -42.3826
-886.419 -5894.47 301.019 40149 -42.3823
-887.205 -5893.61 301.038 40149 -42.3671
-887.99 -5892.75 301.058 40149 -42.3686
-888.772 -5891.89 301.077 40149 -42.3665
-889.558 -5891.03 301.096 40149 -42.6493
-890.357 -5890.16 301.115 40149 -42.3918
-891.17 -5889.27 301.135 40149 -40.4998
-891.971 -5888.33 301.154 40149 -40.1835
-892.787 -5887.37 301.172 40149 -40.1792
-893.625 -5886.38 301.192 40149 -39.9552
-894.468 -5885.37 301.212 40149 -40.2259
-895.304 -5884.38 301.231 40149 -39.6518
-896.126 -5883.39 301.25 40149 -39.5183
-896.951 -5882.39 301.27 40149 -39.5328
-897.794 -5881.37 301.29 40149 -39.5183
-898.647 -5880.33 301.31 40149 -39.0896
-899.49 -5879.3 301.33 40149 -39.8892
-900.348 -5878.27 301.35 40149 -42.1328
-901.245 -5877.28 301.37 40149 -44.0751
-902.173 -5876.32 301.39 40149 -46.2903
-903.139 -5875.4 301.41 40149 -47.0921
-904.123 -5874.48 301.43 40149 -46.6094
-905.102 -5873.56 301.45 40149 -46.6254
-906.083 -5872.63 301.47 40149 -46.6571
-907.064 -5871.7 301.49 40149 -46.6766
-908.044 -5870.78 301.51 40149 -46.6487
-909.024 -5869.85 301.53 40149 -44.6461
-909.968 -5868.9 301.548 40149 -44.4769
-910.909 -5867.94 301.567 40149 -44.4769
5.00004 0 0 0 -44.4769
5.00001 0 0 0 -44.4769
5.02004 0 0 0 -44.4769
4.95004 0 0 0 -44.4769
4.87004 0 0 0 -44.4769
4.88001 0 0 0 -44.4769
5.50178 0 0 0 -44.4769
6.65001 0 0 0 -44.4769
7.69003 0 0 0 -44.4769
8.41001 0 0 0 -44.4769
8.92 0 0 0 -44.4769
9.50103 0 0 0 -44.4769
10.02 0 0 0 -44.4769
10.14 0 0 0 -44.4769
10.04 0 0 0 -44.4769
9.98002 0 0 0 -44.4769
10 0 0 0 -44.4769
10.02 0 0 0 -44.4769
9.96002 0 0 0 -44.4769
9.84002 0 0 0 -44.4769
9.92001 0 0 0 -44.4769
10.5592 0 0 0 -44.4769
11.9224 0 0 0 -44.4769
13.0815 0 0 0 -44.4769
14.455 0 0 0 -44.4769
15.0701 0 0 0 -44.4769
15.17 0 0 0 -44.4769
15.04 0 0 0 -44.4769
14.98 0 0 0 -44.4769
15 0 0 0 -44.4769
15.02 0 0 0 -44.4769
14.95 0 0 0 -44.4769
14.8401 0 0 0 -44.4769
14.93 0 0 0 -44.4769
15.5562 0 0 0 -44.4769
16.9118 0 0 0 -44.4769
18.0909 0 0 0 -44.4769
19.4537 0 0 0 -44.4769
20.07 0 0 0 -44.4769
20.17 0 0 0 -44.4769
20.04 0 0 0 -44.4769
19.98 0 0 0 -44.4769
20 0 0 0 -44.4769
20 0 0 0 -44.4769
20.02 0 0 0 -44.4769
19.96 0 0 0 0
