-591.744 -6112.8 293.842 20148 -58.9206
-592.191 -6112.53 293.847 20148 -58.9206
-592.611 -6112.26 293.853 20148 -58.9206
-593.027 -6111.99 293.858 20148 -58.9206
-593.447 -6111.72 293.863 20148 -57.4398
-593.869 -6111.45 293.869 20148 -57.4398
-594.291 -6111.19 293.874 20148 -57.4398
-594.712 -6110.92 293.88 20148 -57.4398
-595.133 -6110.65 293.885 20148 -57.4398
-595.554 -6110.38 293.891 20148 -57.4398
-595.976 -6110.11 293.896 20148 -57.4398
-596.397 -6109.84 293.902 20148 -57.4398
-596.818 -6109.57 293.907 20148 -57.4398
-597.24 -6109.3 293.912 20148 -57.4398
-597.661 -6109.03 293.918 20148 -57.4398
-598.082 -6108.76 293.923 20148 -57.4398
-598.503 -6108.49 293.929 20148 -57.4395
-598.925 -6108.22 293.934 20148 -57.4395
-599.346 -6107.95 293.94 20148 -57.4395
-599.768 -6107.69 293.945 20148 -57.4395
-600.189 -6107.42 293.95 20148 -57.4395
-600.61 -6107.15 293.956 20148 -57.4395
-601.031 -6106.88 293.961 20148 -57.4395
-601.453 -6106.61 293.967 20148 -57.4395
-601.874 -6106.34 293.972 20148 -57.4395
-602.295 -6106.07 293.978 20148 -57.4395
-602.717 -6105.8 293.983 20148 -57.4395
-603.138 -6105.53 293.989 20148 -57.4395
-603.559 -6105.26 293.994 20148 -57.4395
-603.981 -6104.99 294.001 20148 -57.4395
-604.402 -6104.72 294.008 20148 -57.4395
-604.823 -6104.46 294.015 20148 -57.458
-605.245 -6104.19 294.022 20148 -57.4238
-605.671 -6103.91 294.028 20148 -57.2315
-606.093 -6103.64 294.035 20148 -57.2315
-606.502 -6103.38 294.042 20148 -57.2315
-606.892 -6103.14 294.048 20148 -57.2315
-607.26 -6102.93 294.054 20148 -57.2315
-607.61 -6102.72 294.06 20148 -57.2315
-607.956 -6102.5 294.065 20148 -57.2315
-608.305 -6102.28 294.071 20148 -57.2315
-608.66 -6102.05 294.077 20148 -57.2315
-609.013 -6101.83 294.083 20148 -57.2315
-609.366 -6101.6 294.088 20148 -57.2315
-609.719 -6101.38 294.094 20148 -57.2315
-610.072 -6101.16 294.1 20148 -57.2315
-610.425 -6100.93 294.106 20148 -57.2315
-610.778 -6100.71 294.112 20148 -57.2315
-611.131 -6100.48 294.117 20148 -57.2315
-611.484 -6100.26 294.123 20148 -57.2315
-611.836 -6100.03 294.129 20148 -57.2315
-612.187 -6099.81 294.135 20148 -57.2315
-612.537 -6099.58 294.14 20148 -57.2315
-612.887 -6099.35 294.146 20148 -57.2315
-613.24 -6099.12 294.152 20148 -57.2315
-613.593 -6098.9 294.158 20148 -57.2315
-613.946 -6098.68 294.163 20148 -57.2315
-614.3 -6098.45 294.169 20148 -57.2315
-614.654 -6098.22 294.175 20148 -57.2315
-615.009 -6097.98 294.181 20148 -57.2315
-615.367 -6097.75 294.187 20148 -57.2315
-615.728 -6097.51 294.193 20148 -57.2315
-616.087 -6097.28 294.199 20148 -57.2315
-616.443 -6097.04 294.204 20148 -57.2315
-616.797 -6096.81 294.21 20148 -57.2315
-617.153 -6096.58 294.216 20148 -57.2315
-617.508 -6096.34 294.222 20148 -57.2315
-617.841 -6096.12 294.23 30148 -57.2315
-618.194 -6095.89 294.238 30148 -57.2315
-618.548 -6095.66 294.247 30148 -57.2315
-618.902 -6095.42 294.255 30148 -57.2315
-619.255 -6095.19 294.264 30148 -57.2315
-619.609 -6094.96 294.273 30148 -57.2315
-619.963 -6094.72 294.281 30148 -57.2315
-620.315 -6094.49 294.29 30148 -57.2315
-620.667 -6094.26 294.298 30148 -57.2315
-621.022 -6094.02 294.307 30148 -57.2315
-621.389 -6093.77 294.316 30148 -57.2315
-621.775 -6093.51 294.325 30148 -57.2315
-622.179 -6093.24 294.335 30148 -57.2315
-622.6 -6092.97 294.345 30148 -57.9002
-623.024 -6092.7 294.355 30148 -57.9002
-623.446 -6092.44 294.365 30148 -57.9002
-623.868 -6092.17 294.375 30148 -57.9002
-624.288 -6091.9 294.385 30148 -57.9002
-624.705 -6091.64 294.395 30148 -57.9002
-625.125 -6091.38 294.405 30148 -59.2274
-625.568 -6091.11 294.416 30148 -58.4649
-626.048 -6090.82 294.427 30148 -56.9592
-626.551 -6090.49 294.439 30148 -56.4855
-627.09 -6090.13 294.452 30148 -57.6999
-627.654 -6089.78 294.466 30148 -57.7002
-628.22 -6089.42 294.479 30148 -57.6998
-628.784 -6089.06 294.493 30148 -57.6995
-629.345 -6088.71 294.506 30148 -57.6996
-629.907 -6088.35 294.52 30148 -57.6996
-630.468 -6088 294.533 30148 -57.6996
-631.03 -6087.64 294.547 30148 -57.6996
-631.592 -6087.29 294.56 30148 -57.6996
-632.154 -6086.93 294.573 30148 -57.6996
-632.715 -6086.58 294.587 30148 -57.6996
-633.277 -6086.22 294.6 30148 -57.6708
-633.839 -6085.87 294.614 30148 -57.6996
-634.401 -6085.51 294.627 30148 -57.6996
-634.962 -6085.16 294.641 30148 -57.6996
-635.524 -6084.8 294.654 30148 -57.6996
-636.086 -6084.44 294.667 30148 -57.6996
-636.648 -6084.09 294.681 30148 -57.6996
-637.209 -6083.73 294.694 30148 -57.6996
-637.771 -6083.38 294.708 30148 -57.6996
-638.333 -6083.02 294.721 30148 -57.6996
-638.895 -6082.67 294.734 30148 -57.6996
-639.456 -6082.31 294.748 30148 -57.6996
-640.018 -6081.96 294.761 30148 -57.896
-640.581 -6081.61 294.775 30148 -57.9485
-641.145 -6081.25 294.789 30148 -57.9485
-641.708 -6080.9 294.802 30148 -57.9484
-642.271 -6080.55 294.816 30148 -57.9485
-642.834 -6080.2 294.829 30148 -57.9485
-643.398 -6079.84 294.843 30148 -57.9485
-643.961 -6079.49 294.857 30148 -57.9485
-644.524 -6079.14 294.87 30148 -57.9485
-645.087 -6078.78 294.884 30148 -57.9485
-645.651 -6078.43 294.897 30148 -57.9485
-646.214 -6078.08 294.911 30148 -57.9485
-646.777 -6077.73 294.925 30148 -57.9197
-647.34 -6077.37 294.938 30148 -57.9485
-647.904 -6077.02 294.952 30148 -57.9485
-648.467 -6076.67 294.965 30148 -57.9485
-649.03 -6076.32 294.979 30148 -57.9198
-649.594 -6075.96 294.993 30148 -57.9485
-650.157 -6075.61 295.006 30148 -57.9484
-650.72 -6075.26 295.02 30148 -57.9487
-651.284 -6074.9 295.033 30148 -57.949
-651.851 -6074.55 295.047 30148 -57.9485
-652.415 -6074.2 295.061 30148 -57.4771
-652.964 -6073.85 295.074 30148 -57.9126
-653.494 -6073.51 295.087 30148 -57.9064
-653.999 -6073.2 295.099 30148 -58.0008
-654.476 -6072.9 295.111 30148 -58.5686
-654.934 -6072.62 295.122 30148 -57.926
-655.381 -6072.34 295.132 30148 -57.9634
-655.835 -6072.05 295.143 30148 -57.9303
-656.3 -6071.76 295.155 30148 -57.9658
-656.77 -6071.47 295.166 30148 -57.932
-657.243 -6071.17 295.177 30148 -57.9334
-657.723 -6070.87 295.189 30148 -57.9351
-658.21 -6070.57 295.201 30148 -57.9697
-658.708 -6070.26 295.213 30148 -57.9707
-659.214 -6069.94 295.225 30148 -57.9085
-659.727 -6069.62 295.237 30148 -57.9719
-660.243 -6069.29 295.25 30148 -57.9404
-660.758 -6068.97 295.262 30148 -58.4603
-661.294 -6068.64 295.275 30148 -57.4562
-661.85 -6068.29 295.289 30148 -58.0347
-662.427 -6067.93 295.303 30148 -58.0935
-663.007 -6067.57 295.317 30148 -58.0237
-663.578 -6067.21 295.331 30148 -58.025
-664.142 -6066.86 295.344 30148 -56.7853
-664.682 -6066.5 295.358 30148 -57.3029
-665.188 -6066.18 295.37 30148 -58.7877
-665.669 -6065.89 295.382 30148 -59.5255
-666.115 -6065.63 295.392 30148 -59.5255
-666.536 -6065.36 295.403 30148 -59.5255
-666.954 -6065.1 295.413 30148 -59.5255
-667.375 -6064.84 295.423 30148 -59.5255
-667.799 -6064.57 295.434 30148 -59.5255
-668.222 -6064.31 295.444 30148 -59.5255
-668.644 -6064.05 295.454 30148 -59.5255
-669.067 -6063.78 295.465 30148 -59.5255
-669.49 -6063.52 295.475 30148 -59.5255
-669.913 -6063.25 295.485 30148 -59.5255
-670.335 -6062.99 295.495 30148 -59.5255
-670.759 -6062.73 295.506 30148 -59.5255
-671.181 -6062.46 295.516 30148 -59.5255
-671.604 -6062.2 295.526 30148 -59.5255
-672.027 -6061.93 295.537 30148 -59.5255
-672.45 -6061.67 295.547 30148 -59.5255
-672.873 -6061.41 295.557 30148 -59.5255
-673.295 -6061.14 295.568 30148 -59.5255
-673.718 -6060.88 295.578 30148 -59.5255
-674.141 -6060.61 295.588 30148 -59.5255
-674.564 -6060.35 295.599 30148 -59.5255
-674.986 -6060.09 295.609 30148 -59.5255
-675.409 -6059.82 295.619 30148 -59.5255
-675.832 -6059.56 295.63 30148 -59.5255
-676.255 -6059.29 295.64 30148 -59.5255
-676.678 -6059.03 295.65 30148 -59.5255
-677.101 -6058.77 295.66 30148 -59.5255
-677.523 -6058.5 295.671 30148 -59.5255
-677.946 -6058.24 295.681 30148 -59.5255
-678.368 -6057.97 295.691 30148 -59.5255
-678.792 -6057.71 295.702 30148 -58.0145
-679.219 -6057.44 295.712 30148 -57.7864
-679.644 -6057.18 295.723 30148 -57.7864
-680.054 -6056.91 295.733 30148 -57.7864
-680.443 -6056.68 295.742 30148 -57.7864
-680.81 -6056.48 295.751 30148 -57.7864
-681.156 -6056.3 295.759 30148 -57.7864
-681.493 -6056.11 295.767 30148 -57.7864
-681.833 -6055.91 295.775 30148 -57.7864
-682.177 -6055.72 295.783 30148 -57.7864
-682.521 -6055.52 295.791 30148 -57.7864
-682.864 -6055.33 295.799 30148 -57.7864
-683.207 -6055.13 295.807 30148 -57.7864
-683.55 -6054.94 295.816 30148 -57.7864
-683.894 -6054.74 295.824 30148 -57.7864
-684.237 -6054.55 295.832 30148 -57.7864
-684.58 -6054.35 295.84 30148 -57.7864
-684.923 -6054.16 295.848 30148 -57.7864
-685.267 -6053.96 295.856 30148 -57.7864
-685.61 -6053.77 295.865 30148 -57.7864
-685.952 -6053.57 295.873 30148 -57.7864
-686.295 -6053.38 295.881 30148 -57.7864
-686.643 -6053.17 295.889 30148 -57.7864
-686.985 -6052.98 295.898 30148 -57.7864
-687.284 -6052.78 295.905 30148 -57.7864
-687.546 -6052.62 295.911 30148 -57.7864
-687.773 -6052.49 295.917 30148 -57.7864
-687.964 -6052.4 295.921 30148 -57.7864
-688.111 -6052.3 295.925 30148 -57.7864
-688.253 -6052.21 295.928 30148 -57.7864
-688.398 -6052.12 295.932 30148 -57.7864
-688.546 -6052.03 295.936 30148 -57.7864
-688.693 -6051.93 295.939 30148 -57.7864
-688.84 -6051.84 295.943 30148 -57.7864
-688.987 -6051.74 295.947 30148 -57.7864
-689.135 -6051.65 295.95 30148 -57.7864
-689.282 -6051.56 295.954 30148 -57.7864
-689.429 -6051.46 295.958 30148 -57.7864
-689.576 -6051.37 295.961 30148 -57.7864
-689.724 -6051.28 295.965 30148 -57.7864
-689.87 -6051.18 295.968 30148 -57.7864
-690.019 -6051.09 295.972 30148 -57.7864
-690.17 -6050.99 295.976 30148 -57.7864
-690.32 -6050.9 295.98 30148 -57.7864
-690.444 -6050.8 295.983 30148 -57.7864
-690.535 -6050.74 295.985 30148 -57.7864
-690.602 -6050.7 295.987 30148 -57.7864
-690.635 -6050.7 295.987 30148 -57.7864
-690.643 -6050.69 295.988 30148 -57.7864
-690.649 -6050.69 295.988 30148 -57.7864
-690.659 -6050.68 295.988 30148 -57.7864
-690.67 -6050.67 295.988 30148 -57.7864
-690.68 -6050.67 295.988 30148 -57.7864
-690.691 -6050.66 295.989 30148 -57.7864
-690.701 -6050.65 295.989 30148 -57.7864
-690.712 -6050.65 295.989 30148 -57.7864
-690.722 -6050.64 295.989 30148 -57.7864
-690.733 -6050.63 295.99 30148 -57.7864
-690.744 -6050.63 295.99 30148 -57.7864
-690.754 -6050.62 295.99 30148 -57.7864
-690.764 -6050.61 295.991 30148 -57.7864
-690.775 -6050.61 295.991 30148 -57.7864
-690.786 -6050.6 295.991 30148 -57.7864
-690.796 -6050.59 295.991 30148 -57.7864
-690.806 -6050.59 295.992 30148 -57.7864
-690.817 -6050.58 295.992 30148 -57.7864
-690.828 -6050.57 295.992 30148 -57.7864
-690.838 -6050.57 295.992 30148 -57.7864
-690.849 -6050.56 295.993 30148 -57.7864
-690.859 -6050.55 295.993 30148 -57.7864
-690.87 -6050.55 295.993 30148 -57.7864
-690.88 -6050.54 295.993 30148 -57.7864
-690.891 -6050.53 295.994 30148 -57.7864
-690.901 -6050.53 295.994 30148 -57.7864
-690.912 -6050.52 295.994 30148 -57.7864
-690.922 -6050.51 295.994 30148 -57.7864
-690.933 -6050.51 295.995 30148 -57.7864
-690.943 -6050.5 295.995 30148 -57.7864
-690.954 -6050.49 295.995 30148 -57.7864
-690.964 -6050.49 295.995 30148 -57.7864
-690.974 -6050.48 295.996 30148 -57.7864
-690.985 -6050.47 295.996 30148 -57.7864
-690.996 -6050.47 295.996 30148 -57.7864
-691.007 -6050.46 295.997 30148 -57.7864
-691.017 -6050.45 295.997 30148 -57.7864
-691.024 -6050.45 295.997 30148 -57.7864
-691.027 -6050.45 295.997 30148 -57.7864
-691.028 -6050.45 295.997 30148 -57.7864
-691.028 -6050.45 295.997 30148 -57.7864
-691.028 -6050.45 295.997 30148 -57.7864
-691.028 -6050.45 295.997 30148 -57.7864
-691.028 -6050.45 295.997 30148 -57.7864
-691.028 -6050.45 295.997 30148 -57.7864
-691.028 -6050.45 295.997 30148 -57.7864
-691.028 -6050.45 295.997 30148 -57.7864
-691.028 -6050.45 295.997 30148 -57.7864
-691.028 -6050.45 295.997 30148 -57.7864
-691.028 -6050.45 295.997 30148 -57.7864
-691.028 -6050.45 295.997 30148 -57.7864
-691.028 -6050.45 295.997 30148 -57.7864
-691.028 -6050.45 295.997 30148 -57.7864
-691.028 -6050.45 295.997 30148 -57.7864
-691.028 -6050.45 295.997 30148 -57.7864
-691.028 -6050.45 295.997 30148 -57.7864
-691.028 -6050.45 295.997 30148 -57.7864
-691.028 -6050.45 295.997 30148 -57.7864
-691.028 -6050.45 295.997 30148 -57.7864
-691.028 -6050.45 295.997 30148 0
