-527.757 -6157.66 293.591 20149 -57.1175
-528.252 -6157.34 293.589 20149 -57.1491
-528.747 -6157.02 293.586 20149 -57.1491
-529.242 -6156.7 293.584 20149 -57.1491
-529.737 -6156.38 293.582 20149 -57.1491
-530.232 -6156.06 293.579 20149 -57.1491
-530.727 -6155.74 293.577 20149 -57.1491
-531.222 -6155.42 293.575 20149 -57.1491
-531.716 -6155.1 293.573 20149 -57.1162
-532.211 -6154.78 293.57 20149 -57.1491
-532.706 -6154.47 293.568 20149 -57.1491
-533.2 -6154.15 293.566 20149 -57.1165
-533.695 -6153.83 293.565 20149 -57.1485
-534.19 -6153.51 293.564 20149 -57.1489
-534.685 -6153.19 293.564 20149 -57.1164
-535.179 -6152.87 293.563 20149 -57.1813
-535.674 -6152.55 293.563 20149 -57.1489
-536.169 -6152.23 293.562 20149 -57.1164
-536.664 -6151.91 293.562 20149 -57.1489
-537.159 -6151.59 293.561 20149 -57.1485
-537.653 -6151.27 293.561 20149 -57.1489
-538.148 -6150.95 293.56 20149 -57.1521
-538.645 -6150.63 293.56 20149 -57.0244
-539.142 -6150.31 293.559 20149 -57.1436
-539.634 -6149.99 293.559 20149 -57.5574
-540.11 -6149.69 293.558 20149 -58.6086
-540.568 -6149.41 293.558 20149 -59.1549
-541.012 -6149.14 293.557 20149 -59.2887
-541.45 -6148.88 293.557 20149 -59.1735
-541.888 -6148.62 293.556 20149 -59.1303
-542.327 -6148.36 293.556 20149 -59.1659
-542.767 -6148.1 293.555 20149 -59.1659
-543.208 -6147.83 293.555 20149 -59.1294
-543.648 -6147.57 293.554 20149 -59.1659
-544.088 -6147.31 293.554 20149 -59.1667
-544.528 -6147.04 293.554 20149 -59.1667
-544.968 -6146.78 293.553 20149 -59.1294
-545.408 -6146.52 293.553 20149 -59.1286
-545.848 -6146.26 293.552 20149 -59.204
-546.288 -6145.99 293.552 20149 -59.1294
-546.728 -6145.73 293.551 20149 -59.1659
-547.168 -6145.47 293.551 20149 -59.1667
-547.608 -6145.2 293.55 20149 -59.1314
-548.048 -6144.94 293.551 20149 -59.1701
-548.488 -6144.68 293.552 20149 -59.132
-548.928 -6144.42 293.553 20149 -59.2074
-549.369 -6144.15 293.554 20149 -59.1328
-549.808 -6143.89 293.555 20149 -59.132
-550.249 -6143.63 293.556 20149 -59.1701
-550.689 -6143.36 293.557 20149 -59.1701
-551.129 -6143.1 293.558 20149 -59.1701
-551.569 -6142.84 293.559 20149 -59.132
-552.009 -6142.58 293.56 20149 -59.2074
-552.449 -6142.31 293.561 20149 -59.132
-552.889 -6142.05 293.562 20149 -59.1328
-553.329 -6141.79 293.564 20149 -59.1701
-553.769 -6141.53 293.565 20149 -59.1701
-554.209 -6141.26 293.566 20149 -59.1701
-554.649 -6141 293.567 20149 -59.132
-555.089 -6140.74 293.568 20149 -59.1693
-555.53 -6140.47 293.569 20149 -59.1718
-555.969 -6140.21 293.57 20149 -59.1361
-556.408 -6139.95 293.571 20149 -59.1701
-556.848 -6139.69 293.572 20149 -59.1893
-557.294 -6139.42 293.573 20149 -59.187
-557.753 -6139.15 293.574 20149 -58.8314
-558.227 -6138.86 293.575 20149 -58.8395
-558.714 -6138.57 293.577 20149 -58.8282
-559.206 -6138.27 293.578 20149 -58.8293
-559.698 -6137.97 293.579 20149 -58.8327
-560.188 -6137.67 293.58 20149 -58.8332
-560.678 -6137.38 293.581 20149 -58.8332
-561.168 -6137.08 293.583 20149 -58.8327
-561.658 -6136.79 293.584 20149 -58.831
-562.149 -6136.49 293.585 20149 -58.635
-562.638 -6136.19 293.587 20149 -59.0459
-563.126 -6135.9 293.59 20149 -59.8336
-563.615 -6135.61 293.592 20149 -60.1118
-564.103 -6135.33 293.595 20149 -59.8674
-564.591 -6135.05 293.598 20149 -59.0124
-565.08 -6134.76 293.601 20149 -58.6725
-565.569 -6134.46 293.604 20149 -58.8053
-566.06 -6134.16 293.607 20149 -58.8725
-566.55 -6133.86 293.61 20149 -58.8403
-567.04 -6133.57 293.612 20149 -58.8403
-567.53 -6133.27 293.615 20149 -58.8397
-568.02 -6132.98 293.618 20149 -58.8069
-568.51 -6132.68 293.621 20149 -58.8397
-569 -6132.38 293.624 20149 -58.873
-569.49 -6132.09 293.627 20149 -58.8069
-569.98 -6131.79 293.63 20149 -58.8397
-570.47 -6131.49 293.633 20149 -58.8736
-570.96 -6131.2 293.636 20149 -58.8397
-571.45 -6130.9 293.638 20149 -58.8069
-571.94 -6130.61 293.641 20149 -58.8397
-572.43 -6130.31 293.644 20149 -58.873
-572.92 -6130.01 293.647 20149 -58.8064
-573.41 -6129.72 293.65 20149 -58.8403
-573.9 -6129.42 293.653 20149 -58.8391
-574.39 -6129.12 293.656 20149 -58.8414
-574.879 -6128.83 293.659 20149 -58.8448
-575.367 -6128.53 293.661 20149 -60.7973
-575.863 -6128.26 293.664 20149 -54.4674
-576.334 -6127.92 293.667 20149 -50.0756
-576.801 -6127.53 293.67 20149 -50.0417
-577.288 -6127.12 293.674 20149 -52.2576
-577.802 -6126.72 293.679 20149 -57.2123
-578.352 -6126.37 293.685 20149 -60.3176
-578.925 -6126.04 293.69 20149 -57.1098
-579.485 -6125.68 293.695 20149 -57.769
-580.05 -6125.32 293.701 20149 -57.7114
-580.614 -6124.97 293.706 20149 -57.74
-581.178 -6124.61 293.711 20149 -57.7687
-581.741 -6124.26 293.717 20149 -57.74
-582.305 -6123.9 293.722 20149 -57.74
-582.869 -6123.54 293.727 20149 -57.74
-583.433 -6123.19 293.732 20149 -57.74
-583.996 -6122.83 293.738 20149 -57.7687
-584.56 -6122.48 293.743 20149 -57.7114
-585.124 -6122.12 293.748 20149 -57.7687
-585.688 -6121.77 293.754 20149 -57.74
-586.252 -6121.41 293.759 20149 -57.74
-586.815 -6121.05 293.764 20149 -57.74
-587.379 -6120.7 293.77 20149 -57.74
-587.943 -6120.34 293.775 20149 -57.7687
-588.507 -6119.99 293.78 20149 -57.74
-589.07 -6119.63 293.786 20149 -57.74
-589.634 -6119.28 293.791 20149 -57.74
-590.198 -6118.92 293.796 20149 -57.7399
-590.761 -6118.56 293.801 20149 -57.7687
-591.326 -6118.21 293.807 20149 -57.7518
-591.892 -6117.85 293.814 20149 -57.7249
-592.453 -6117.5 293.821 20149 -57.7801
-593.003 -6117.15 293.828 20149 -57.424
-593.547 -6116.8 293.835 20149 -57.4274
-594.095 -6116.45 293.842 20149 -57.4083
-594.654 -6116.09 293.849 20149 -57.4127
-595.218 -6115.73 293.857 20149 -57.4394
-595.78 -6115.38 293.864 20149 -57.4103
-596.342 -6115.02 293.871 20149 -57.4392
-596.903 -6114.66 293.878 20149 -57.4105
-597.465 -6114.3 293.886 20149 -57.4105
-598.027 -6113.94 293.893 20149 -57.4105
-598.589 -6113.58 293.9 20149 -57.4392
-599.15 -6113.22 293.907 20149 -57.4105
-599.712 -6112.86 293.915 20149 -57.4392
-600.274 -6112.5 293.922 20149 -57.3819
-600.835 -6112.14 293.929 20149 -57.4678
-601.398 -6111.79 293.936 20149 -57.3816
-601.959 -6111.43 293.944 20149 -57.4678
-602.521 -6111.07 293.951 20149 -57.3819
-603.082 -6110.71 293.958 20149 -57.4396
-603.645 -6110.35 293.965 20149 -57.4095
-604.205 -6109.99 293.973 20149 -57.4359
-604.763 -6109.63 293.98 20149 -57.41
-605.324 -6109.28 293.987 20149 -57.8986
-605.904 -6108.91 293.995 20149 -57.0004
-606.499 -6108.53 294.004 20149 -57.4098
-607.104 -6108.14 294.014 20149 -57.4558
-607.699 -6107.76 294.024 20149 -57.8882
-608.293 -6107.39 294.034 20149 -58.6798
-608.913 -6107.01 294.044 20149 -56.779
-609.559 -6106.59 294.054 20149 -56.4381
-610.238 -6106.14 294.066 20149 -58.2149
-610.943 -6105.7 294.077 20149 -59.3708
-611.654 -6105.28 294.088 20149 -60.2026
-612.365 -6104.87 294.1 20149 -60.4246
-613.073 -6104.47 294.111 20149 -60.1408
-613.781 -6104.06 294.122 20149 -59.9067
-614.486 -6103.65 294.133 20149 -59.8365
-615.191 -6103.24 294.144 20149 -60.0732
-615.897 -6102.84 294.156 20149 -60.1596
-616.606 -6102.43 294.167 20149 -59.4907
-617.316 -6102.01 294.178 20149 -58.4896
-618.025 -6101.58 294.19 20149 -57.824
-618.732 -6101.13 294.201 20149 -57.6866
-619.437 -6100.69 294.213 20149 -57.8012
-620.148 -6100.24 294.224 30149 -57.6942
-620.853 -6099.79 294.241 30149 -57.7171
-621.557 -6099.35 294.258 30149 -57.6942
-622.262 -6098.9 294.275 30149 -57.6942
-622.967 -6098.46 294.292 30149 -57.6942
-623.671 -6098.01 294.309 30149 -57.6941
-624.375 -6097.57 294.326 30149 -57.6944
-625.082 -6097.12 294.343 30149 -57.7175
-625.79 -6096.67 294.36 30149 -57.6941
-626.495 -6096.23 294.376 30149 -57.3181
-627.182 -6095.79 294.393 30149 -58.0736
-627.858 -6095.37 294.409 30149 -57.6882
-628.519 -6094.95 294.425 30149 -57.7118
-629.174 -6094.53 294.44 30149 -57.3586
-629.813 -6094.12 294.456 30149 -58.0693
-630.442 -6093.73 294.471 30149 -57.6806
-631.056 -6093.34 294.486 30149 -57.7056
-631.66 -6092.96 294.5 30149 -57.7043
-632.254 -6092.59 294.514 30149 -57.6768
-632.846 -6092.21 294.528 30149 -57.732
-633.446 -6091.83 294.543 30149 -57.6796
-634.054 -6091.45 294.557 30149 -57.2477
-634.651 -6091.06 294.572 30149 -58.1761
-635.233 -6090.7 294.585 30149 -57.6999
-635.797 -6090.35 294.599 30149 -57.6993
-636.357 -6089.99 294.612 30149 -57.671
-636.919 -6089.64 294.626 30149 -57.7
-637.483 -6089.28 294.639 30149 -57.6999
-638.047 -6088.92 294.653 30149 -57.6999
-638.611 -6088.57 294.666 30149 -57.6999
-639.174 -6088.21 294.68 30149 -57.6999
-639.738 -6087.85 294.693 30149 -57.6999
-640.302 -6087.5 294.707 30149 -57.6999
-640.865 -6087.14 294.72 30149 -57.6999
-641.429 -6086.79 294.734 30149 -57.6999
-641.993 -6086.43 294.747 30149 -57.6998
-642.556 -6086.07 294.761 30149 -57.8852
-643.121 -6085.72 294.774 30149 -57.9488
-643.687 -6085.36 294.788 30149 -57.9488
-644.252 -6085.01 294.802 30149 -57.9201
-644.817 -6084.66 294.815 30149 -57.9488
-645.382 -6084.3 294.829 30149 -57.9488
-645.947 -6083.95 294.843 30149 -57.9488
-646.513 -6083.59 294.856 30149 -57.9488
-647.078 -6083.24 294.87 30149 -57.9202
-647.643 -6082.89 294.884 30149 -57.9488
-648.209 -6082.53 294.897 30149 -57.9488
-648.774 -6082.18 294.911 30149 -57.9488
-649.339 -6081.82 294.925 30149 -57.9488
-649.904 -6081.47 294.938 30149 -57.9488
-650.47 -6081.12 294.952 30149 -57.9488
-651.035 -6080.76 294.966 30149 -57.9488
-651.6 -6080.41 294.979 30149 -57.9488
-652.165 -6080.06 294.993 30149 -57.9488
-652.731 -6079.7 295.007 30149 -57.9488
-653.296 -6079.35 295.02 30149 -57.9487
-653.861 -6078.99 295.034 30149 -57.9489
-654.427 -6078.64 295.048 30149 -57.9211
-654.997 -6078.28 295.061 30149 -57.9776
-655.564 -6077.93 295.075 30149 -56.7381
-656.106 -6077.57 295.088 30149 -57.2428
-656.613 -6077.25 295.101 30149 -58.7117
-657.096 -6076.95 295.112 30149 -59.4326
-657.543 -6076.69 295.123 30149 -59.4326
-657.965 -6076.42 295.133 30149 -59.4326
-658.384 -6076.16 295.143 30149 -59.4326
-658.806 -6075.9 295.153 30149 -57.9583
-659.23 -6075.63 295.164 30149 -57.9205
-659.656 -6075.37 295.174 30149 -57.9969
-660.084 -6075.1 295.184 30149 -57.9207
-660.51 -6074.83 295.195 30149 -57.9207
-660.911 -6074.56 295.204 30149 -57.9207
-661.276 -6074.33 295.213 30149 -57.9207
-661.617 -6074.12 295.221 30149 -57.9207
-661.923 -6073.95 295.229 30149 -57.9207
-662.204 -6073.77 295.235 30149 -57.9207
-662.482 -6073.6 295.242 30149 -57.9207
-662.763 -6073.42 295.249 30149 -57.9207
-663.046 -6073.24 295.256 30149 -57.9207
-663.329 -6073.07 295.263 30149 -57.9207
-663.611 -6072.89 295.269 30149 -57.9207
-663.895 -6072.71 295.276 30149 -57.9207
-664.181 -6072.53 295.283 30149 -57.9207
-664.467 -6072.35 295.29 30149 -57.9207
-664.733 -6072.17 295.297 30149 -57.9207
-664.964 -6072.02 295.302 30149 -57.9207
-665.17 -6071.9 295.307 30149 -57.9207
-665.339 -6071.81 295.311 30149 -57.9207
-665.477 -6071.72 295.315 30149 -57.9207
-665.614 -6071.64 295.318 30149 -57.9207
-665.754 -6071.55 295.321 30149 -57.9207
-665.896 -6071.46 295.325 30149 -57.9207
-666.038 -6071.37 295.328 30149 -57.9207
-666.179 -6071.28 295.332 30149 -57.9207
-666.321 -6071.2 295.335 30149 -57.9207
-666.462 -6071.11 295.339 30149 -57.9207
-666.603 -6071.02 295.342 30149 -57.9207
-666.745 -6070.93 295.345 30149 -57.9207
-666.886 -6070.84 295.349 30149 -57.9207
-667.028 -6070.75 295.352 30149 -57.9207
-667.169 -6070.67 295.356 30149 -57.9207
-667.31 -6070.58 295.359 30149 -57.9207
-667.453 -6070.49 295.363 30149 -57.9207
-667.599 -6070.4 295.366 30149 -57.9207
-667.742 -6070.31 295.37 30149 -57.9207
-667.858 -6070.22 295.373 30149 -57.9207
-667.953 -6070.16 295.375 30149 -57.9207
-668.026 -6070.13 295.377 30149 -57.9207
-668.075 -6070.1 295.378 30149 -57.9207
-668.117 -6070.07 295.379 30149 -57.9207
-668.146 -6070.05 295.38 30149 -57.9207
-668.166 -6070.04 295.38 30149 -57.9207
-668.17 -6070.04 295.38 30149 -57.9207
-668.17 -6070.04 295.38 30149 -57.9207
-668.17 -6070.04 295.38 30149 -57.9207
-668.17 -6070.04 295.38 30149 -57.9207
-668.17 -6070.04 295.38 30149 -57.9207
-668.17 -6070.04 295.38 30149 -57.9207
-668.17 -6070.04 295.38 30149 -57.9207
-668.17 -6070.04 295.38 30149 -57.9207
-668.17 -6070.04 295.38 30149 -57.9207
-668.17 -6070.04 295.38 30149 -57.9207
-668.17 -6070.04 295.38 30149 0
