-466.333 -6195.93 294.273 10149 -57.6934
-467.01 -6195.5 294.263 10149 -59.1344
-467.733 -6195.07 294.253 10149 -57.7806
-468.482 -6194.6 294.242 10149 -57.9316
-469.266 -6194.11 294.23 10149 -55.8283
-470.078 -6193.56 294.218 10149 -58.2142
-470.882 -6193.06 294.206 10149 -58.6307
-471.652 -6192.59 294.195 10149 -60.2182
-472.399 -6192.16 294.184 10149 -58.9242
-473.107 -6191.74 294.173 10149 -58.8468
-473.822 -6191.3 294.163 10149 -58.9021
-474.53 -6190.88 294.153 10149 -58.8925
-475.21 -6190.47 294.143 10149 -58.2694
-475.98 -6189.99 294.131 20149 -57.8441
-476.772 -6189.49 294.119 20149 -57.8259
-477.594 -6188.98 294.106 20149 -57.8462
-478.431 -6188.45 294.093 20149 -57.8069
-479.26 -6187.93 294.081 20149 -57.8654
-480.089 -6187.41 294.068 20149 -57.8264
-480.919 -6186.88 294.055 20149 -57.8264
-481.748 -6186.36 294.042 20149 -57.8264
-482.577 -6185.84 294.03 20149 -57.8264
-483.407 -6185.32 294.017 20149 -57.8459
-484.235 -6184.8 294.004 20149 -57.8266
-485.067 -6184.28 293.992 20149 -57.8462
-485.903 -6183.75 293.979 20149 -57.5724
-486.728 -6183.23 293.966 20149 -56.8254
-487.513 -6182.71 293.954 20149 -57.778
-488.269 -6182.24 293.942 20149 -58.7431
-488.992 -6181.8 293.931 20149 -57.3213
-489.676 -6181.36 293.921 20149 -55.7862
-490.349 -6180.9 293.912 20149 -55.608
-491.031 -6180.43 293.904 20149 -55.8056
-491.726 -6179.96 293.896 20149 -55.9088
-492.435 -6179.48 293.887 20149 -55.6945
-493.159 -6178.99 293.879 20149 -55.807
-493.9 -6178.48 293.87 20149 -55.4163
-494.643 -6177.97 293.861 20149 -56.1789
-495.383 -6177.48 293.852 20149 -57.8957
-496.121 -6177.01 293.843 20149 -58.559
-496.859 -6176.56 293.835 20149 -57.8956
-497.599 -6176.1 293.826 20149 -56.0302
-498.338 -6175.6 293.817 20149 -55.3758
-499.075 -6175.09 293.808 20149 -56.6595
-499.811 -6174.61 293.8 20149 -57.8293
-500.539 -6174.15 293.791 20149 -58.785
-501.256 -6173.72 293.783 20149 -57.9679
-501.944 -6173.28 293.775 20149 -58.2219
-502.597 -6172.88 293.767 20149 -59.3131
-503.224 -6172.51 293.76 20149 -59.9362
-503.818 -6172.16 293.753 20149 -58.7326
-504.386 -6171.82 293.747 20149 -58.7615
-504.951 -6171.48 293.743 20149 -58.7583
-505.519 -6171.13 293.738 20149 -58.7322
-506.084 -6170.79 293.734 20149 -58.7574
-506.652 -6170.44 293.729 20149 -59.9018
-507.245 -6170.1 293.724 20149 -59.3304
-507.873 -6169.73 293.719 20149 -58.2138
-508.527 -6169.32 293.714 20149 -57.7726
-509.217 -6168.89 293.709 20149 -58.7579
-509.931 -6168.45 293.703 20149 -58.754
-510.649 -6168.02 293.697 20149 -58.7361
-511.362 -6167.59 293.691 20149 -58.7608
-512.074 -6167.15 293.685 20149 -58.76
-512.786 -6166.72 293.68 20149 -58.7544
-513.503 -6166.29 293.674 20149 -58.7654
-514.212 -6165.86 293.668 20149 -58.7904
-514.901 -6165.44 293.663 20149 -58.2973
-515.58 -6165.02 293.657 20149 -58.2456
-516.265 -6164.6 293.652 20149 -58.2121
-516.969 -6164.16 293.646 20149 -58.2306
-517.682 -6163.72 293.64 20149 -58.2331
-518.39 -6163.28 293.634 20149 -58.2309
-519.099 -6162.84 293.63 20149 -58.2062
-519.807 -6162.4 293.627 20149 -58.2293
-520.515 -6161.96 293.624 20149 -58.2041
-521.228 -6161.52 293.62 20149 -58.3843
-521.944 -6161.08 293.617 20149 -56.926
-522.611 -6160.65 293.614 20149 -56.5004
-523.219 -6160.24 293.611 20149 -57.3376
-523.77 -6159.89 293.609 20149 -57.1275
-524.251 -6159.58 293.606 20149 -57.1275
-524.674 -6159.32 293.604 20149 -57.1275
-525.043 -6159.1 293.603 20149 -57.1275
-525.372 -6158.89 293.601 20149 -57.1275
-525.705 -6158.67 293.6 20149 -57.1275
-526.043 -6158.46 293.598 20149 -57.1275
-526.38 -6158.24 293.597 20149 -57.1275
-526.717 -6158.03 293.595 20149 -57.1275
-527.054 -6157.81 293.593 20149 -57.1275
-527.391 -6157.6 293.592 20149 -57.1275
-527.729 -6157.38 293.59 20149 -57.1275
-528.066 -6157.16 293.589 20149 -57.1275
-528.403 -6156.95 293.587 20149 -57.1275
-528.74 -6156.73 293.586 20149 -57.1275
-529.077 -6156.52 293.584 20149 -57.1275
-529.414 -6156.3 293.583 20149 -57.1275
-529.751 -6156.09 293.581 20149 -57.1275
-530.088 -6155.87 293.579 20149 -57.1275
-530.425 -6155.66 293.578 20149 -57.1275
-530.763 -6155.44 293.576 20149 -57.1275
-531.1 -6155.23 293.575 20149 -57.1275
-531.437 -6155.01 293.573 20149 -57.1275
-531.774 -6154.8 293.572 20149 -57.1275
-532.111 -6154.58 293.57 20149 -57.1275
-532.448 -6154.37 293.569 20149 -57.1275
-532.786 -6154.15 293.567 20149 -57.1275
-533.126 -6153.93 293.565 20149 -57.1275
-533.465 -6153.72 293.565 20149 -57.1275
-533.793 -6153.5 293.565 20149 -57.1275
-534.099 -6153.3 293.564 20149 -57.1275
-534.382 -6153.12 293.564 20149 -57.1275
-534.644 -6152.96 293.564 20149 -57.1275
-534.893 -6152.8 293.564 20149 -57.1275
-535.142 -6152.64 293.563 20149 -57.1275
-535.394 -6152.47 293.563 20149 -57.1275
-535.646 -6152.31 293.563 20149 -57.1275
-535.899 -6152.15 293.562 20149 -57.1275
-536.151 -6151.99 293.562 20149 -57.1275
-536.403 -6151.82 293.562 20149 -57.1275
-536.655 -6151.66 293.562 20149 -57.1275
-536.907 -6151.5 293.561 20149 -57.1275
-537.159 -6151.34 293.561 20149 -57.1275
-537.411 -6151.17 293.561 20149 -57.1275
-537.663 -6151.01 293.561 20149 -57.1275
-537.915 -6150.85 293.56 20149 -57.1275
-538.167 -6150.68 293.56 20149 -57.1275
-538.42 -6150.52 293.56 20149 -57.1275
-538.672 -6150.36 293.56 20149 -57.1275
-538.924 -6150.2 293.559 20149 -57.1275
-539.176 -6150.03 293.559 20149 -57.1275
-539.428 -6149.87 293.559 20149 -57.1275
-539.68 -6149.71 293.558 20149 -57.1275
-539.932 -6149.55 293.558 20149 -57.1275
-540.184 -6149.38 293.558 20149 -57.1275
-540.437 -6149.22 293.558 20149 -57.1275
-540.689 -6149.06 293.557 20149 -57.1275
-540.938 -6148.9 293.557 20149 -57.1275
-541.188 -6148.74 293.557 20149 -57.1275
-541.445 -6148.57 293.557 20149 -57.1275
-541.72 -6148.4 293.556 20149 -57.1275
-542.014 -6148.21 293.556 20149 -57.1275
-542.325 -6148.02 293.556 20149 -57.1275
-542.644 -6147.82 293.555 20149 -57.1275
-542.963 -6147.62 293.555 20149 -57.1275
-543.279 -6147.43 293.555 20149 -57.1275
-543.596 -6147.23 293.554 20149 -57.1275
-543.912 -6147.03 293.554 20149 -57.1275
-544.228 -6146.84 293.554 20149 -57.1275
-544.545 -6146.64 293.553 20149 -57.1275
-544.861 -6146.45 293.553 20149 -57.1275
-545.177 -6146.25 293.553 20149 -57.1275
-545.494 -6146.05 293.552 20149 -57.1275
-545.811 -6145.86 293.552 20149 -57.1275
-546.127 -6145.66 293.552 20149 -57.1275
-546.443 -6145.47 293.551 20149 -57.1275
-546.76 -6145.27 293.551 20149 -57.1275
-547.076 -6145.07 293.551 20149 -57.1275
-547.393 -6144.88 293.55 20149 -57.1275
-547.709 -6144.68 293.55 20149 -57.1275
-548.026 -6144.49 293.551 20149 -57.1275
-548.342 -6144.29 293.552 20149 -57.1275
-548.659 -6144.09 293.553 20149 -57.1275
-548.975 -6143.9 293.554 20149 -57.1275
-549.291 -6143.7 293.554 20149 -57.1275
-549.608 -6143.51 293.555 20149 -57.1275
-549.924 -6143.31 293.556 20149 -57.1275
-550.241 -6143.11 293.557 20149 -57.1275
-550.553 -6142.92 293.557 20149 -57.1275
-550.867 -6142.73 293.558 20149 -57.1275
-551.2 -6142.54 293.559 20149 -57.1275
-551.558 -6142.34 293.56 20149 -57.1275
-551.944 -6142.11 293.561 20149 -57.1275
-552.355 -6141.85 293.562 20149 -57.9798
-552.78 -6141.59 293.563 20149 -58.2089
-553.206 -6141.32 293.564 20149 -58.2094
-553.631 -6141.06 293.565 20149 -58.8694
-554.07 -6140.79 293.566 20149 -58.2179
-554.531 -6140.51 293.567 20149 -57.6641
-555.012 -6140.2 293.568 20149 -58.2571
-555.509 -6139.89 293.569 20149 -58.1882
-556.012 -6139.58 293.571 20149 -58.2567
-556.511 -6139.27 293.572 20149 -58.2672
-556.996 -6138.97 293.573 20149 -58.2788
-557.468 -6138.68 293.574 20149 -58.28
-557.938 -6138.39 293.575 20149 -59.8189
-558.437 -6138.1 293.577 20149 -59.0064
-558.968 -6137.78 293.578 20149 -59.0808
-559.534 -6137.44 293.579 20149 -58.5736
-560.133 -6137.08 293.581 20149 -59.6333
-560.758 -6136.71 293.582 20149 -59.5149
-561.386 -6136.34 293.584 20149 -59.846
-562.012 -6135.98 293.585 20149 -60.3763
-562.635 -6135.62 293.588 20149 -60.6244
-563.258 -6135.27 293.592 20149 -60.4039
-563.881 -6134.92 293.595 20149 -59.8321
-564.505 -6134.56 293.599 20149 -59.5558
-565.131 -6134.19 293.603 20149 -59.7372
-565.76 -6133.82 293.606 20149 -59.675
-566.382 -6133.46 293.61 20149 -59.363
-566.988 -6133.1 293.613 20149 -59.4321
-567.579 -6132.75 293.617 20149 -59.1006
-568.153 -6132.41 293.62 20149 -59.0329
-568.717 -6132.07 293.624 20149 -59.0547
-569.285 -6131.73 293.627 20149 -60.2424
-569.88 -6131.39 293.63 20149 -59.6756
-570.511 -6131.02 293.634 20149 -58.5178
-571.168 -6130.62 293.638 20149 -58.1071
-571.859 -6130.19 293.642 20149 -59.1086
-572.575 -6129.76 293.646 20149 -59.9449
-573.301 -6129.34 293.65 20149 -57.7359
-574.01 -6128.89 293.655 20149 -55.101
-574.7 -6128.41 293.659 20149 -55.465
-575.393 -6127.93 293.663 20149 -57.1185
-576.094 -6127.48 293.667 20149 -59.5952
-576.812 -6127.06 293.672 20149 -59.0322
-577.524 -6126.63 293.678 20149 -57.2408
-578.224 -6126.18 293.685 20149 -57.7229
-578.929 -6125.73 293.691 20149 -57.7458
-579.634 -6125.29 293.698 20149 -57.7687
-580.339 -6124.84 293.705 20149 -57.7228
-581.043 -6124.4 293.711 20149 -57.7457
-581.748 -6123.96 293.718 20149 -57.7457
-582.453 -6123.51 293.724 20149 -57.7687
-583.158 -6123.07 293.731 20149 -57.7457
-583.862 -6122.62 293.738 20149 -57.7228
-584.567 -6122.18 293.744 20149 -57.7457
-585.272 -6121.73 293.751 20149 -57.7457
-585.976 -6121.29 293.758 20149 -57.7457
-586.681 -6120.84 293.764 20149 -57.7457
-587.386 -6120.4 293.771 20149 -57.7457
-588.091 -6119.95 293.778 20149 -57.7457
-588.795 -6119.51 293.784 20149 -57.7457
-589.5 -6119.06 293.791 20149 -57.7457
-590.205 -6118.62 293.798 20149 -57.7463
-590.912 -6118.17 293.804 20149 -57.7513
-591.614 -6117.73 293.812 20149 -57.7572
-592.305 -6117.29 293.821 20149 -57.7092
-592.991 -6116.86 293.83 20149 -57.4062
-593.678 -6116.42 293.838 20149 -57.4145
-594.378 -6115.97 293.847 20149 -57.418
-595.083 -6115.52 293.857 20149 -57.4162
-595.785 -6115.07 293.866 20149 -57.4162
-596.487 -6114.63 293.875 20149 -57.4392
-597.189 -6114.18 293.884 20149 -57.439
-597.891 -6113.73 293.893 20149 -57.4166
-598.594 -6113.28 293.902 20149 -56.7297
-599.292 -6112.82 293.911 20149 -58.3098
-600.001 -6112.38 293.92 20149 -60.6709
-600.728 -6111.98 293.929 20149 -61.9525
-601.464 -6111.58 293.938 20149 -60.6566
-602.195 -6111.17 293.947 20149 -57.9432
-602.903 -6110.73 293.956 20149 -56.1469
-603.583 -6110.27 293.965 20149 -56.8713
-604.222 -6109.86 293.974 20149 -57.3635
-604.824 -6109.47 293.981 20149 -57.4965
-605.386 -6109.11 293.989 20149 -58.2489
-605.899 -6108.79 293.995 20149 -61.386
-606.412 -6108.51 294.003 20149 -58.6041
-606.98 -6108.17 294.013 20149 -57.757
-607.591 -6107.78 294.023 20149 -57.2616
-608.255 -6107.36 294.033 20149 -55.849
-608.959 -6106.88 294.045 20149 -57.0897
-609.716 -6106.39 294.058 20149 -57.065
-610.47 -6105.9 294.07 20149 -57.0795
-611.218 -6105.42 294.082 20149 -57.0801
-611.966 -6104.93 294.094 20149 -57.1232
-612.715 -6104.45 294.107 20149 -57.0162
-613.464 -6103.96 294.119 20149 -56.8231
-614.21 -6103.47 294.131 20149 -56.7593
-614.956 -6102.98 294.144 20149 -56.8656
-615.703 -6102.5 294.156 20149 -57.0169
-616.451 -6102.01 294.168 20149 -57.1259
-617.203 -6101.53 294.181 20149 -57.1045
-617.955 -6101.04 294.193 20149 -57.1063
-618.708 -6100.55 294.205 20149 -57.1512
-619.464 -6100.06 294.218 20149 -57.0452
-620.215 -6099.58 294.233 30149 -55.6744
-620.925 -6099.09 294.25 30149 -56.4881
-621.6 -6098.65 294.267 30149 -56.9132
-622.241 -6098.23 294.282 30149 -57.9458
-622.849 -6097.85 294.297 30149 -56.3017
-623.416 -6097.47 294.31 30149 -56.2893
-623.979 -6097.09 294.324 30149 -56.3002
-624.546 -6096.72 294.338 30149 -56.278
-625.115 -6096.34 294.352 30149 -56.3324
-625.683 -6095.96 294.365 30149 -56.3044
-626.252 -6095.58 294.379 30149 -56.3044
-626.821 -6095.2 294.393 30149 -56.3044
-627.389 -6094.82 294.407 30149 -56.2764
-627.957 -6094.44 294.421 30149 -56.3043
-628.526 -6094.06 294.435 30149 -56.3042
-629.094 -6093.68 294.448 30149 -56.3042
-629.663 -6093.3 294.462 30149 -56.274
-630.23 -6092.92 294.476 30149 -56.3363
-630.801 -6092.54 294.49 30149 -56.2907
-631.375 -6092.16 294.504 30149 -56.3362
-631.945 -6091.78 294.518 30149 -54.4123
-632.47 -6091.41 294.531 30149 -55.4532
-632.956 -6091.07 294.543 30149 0
