-838.997 -5938.97 299.839 40148 -45.4409
-839.069 -5938.9 299.841 40148 -45.4409
-839.141 -5938.83 299.843 40148 -45.4409
-839.21 -5938.76 299.845 40148 -45.4409
-839.28 -5938.69 299.847 40148 -45.4409
-839.354 -5938.62 299.849 40148 -45.4409
-839.441 -5938.54 299.851 40148 -45.4409
-839.541 -5938.44 299.854 40148 -45.4409
-839.654 -5938.33 299.857 40148 -45.4409
-839.771 -5938.22 299.86 40148 -45.4409
-839.888 -5938.11 299.864 40148 -45.4409
-840.004 -5938 299.867 40148 -45.4409
-840.119 -5937.89 299.87 40148 -45.4409
-840.234 -5937.78 299.873 40148 -45.4409
-840.35 -5937.66 299.876 40148 -45.4409
-840.465 -5937.55 299.88 40148 -45.4409
-840.58 -5937.44 299.883 40148 -45.4409
-840.695 -5937.33 299.886 40148 -45.4409
-840.811 -5937.22 299.889 40148 -45.4409
-840.926 -5937.11 299.892 40148 -45.4409
-841.042 -5937 299.896 40148 -45.4409
-841.157 -5936.89 299.899 40148 -45.4409
-841.272 -5936.77 299.902 40148 -45.4409
-841.388 -5936.66 299.905 40148 -45.4409
-841.503 -5936.55 299.908 40148 -45.4409
-841.618 -5936.44 299.912 40148 -45.4409
-841.734 -5936.33 299.915 40148 -45.4409
-841.849 -5936.22 299.918 40148 -45.4409
-841.964 -5936.11 299.921 40148 -45.4409
-842.08 -5936 299.924 40148 -45.4409
-842.195 -5935.89 299.928 40148 -45.4409
-842.311 -5935.77 299.931 40148 -45.4409
-842.426 -5935.66 299.934 40148 -45.4409
-842.537 -5935.56 299.937 40148 -45.4409
-842.651 -5935.45 299.94 40148 -45.4409
-842.783 -5935.33 299.944 40148 -45.4409
-842.942 -5935.18 299.948 40148 -45.4409
-843.118 -5934.98 299.953 40148 -45.4409
-843.323 -5934.75 299.96 40148 -45.4409
-843.557 -5934.52 299.966 40148 -45.4409
-843.801 -5934.29 299.973 40148 -45.4409
-844.04 -5934.06 299.98 40148 -45.4409
-844.275 -5933.83 299.986 40148 -45.4409
-844.512 -5933.6 299.993 40148 -45.4409
-844.773 -5933.37 300 40148 -45.4409
-845.062 -5933.1 300.007 40148 -45.4409
-845.369 -5932.8 300.016 40148 -45.4409
-845.705 -5932.45 300.026 40148 -45.4409
-846.064 -5932.11 300.036 40148 -46.0707
-846.426 -5931.76 300.046 40148 -46.0707
-846.785 -5931.41 300.056 40148 -46.0707
-847.143 -5931.07 300.066 40148 -46.0707
-847.501 -5930.72 300.076 40148 -46.0707
-847.859 -5930.38 300.086 40148 -46.0707
-848.218 -5930.03 300.095 40148 -46.0707
-848.574 -5929.69 300.105 40148 -46.0707
-848.926 -5929.35 300.115 40148 -46.0707
-849.285 -5929.01 300.125 40148 -47.8347
-849.685 -5928.65 300.136 40148 -45.3078
-850.103 -5928.23 300.148 40148 -45.0254
-850.553 -5927.78 300.16 40148 -43.0873
-851.021 -5927.28 300.174 40148 -44.4084
-851.53 -5926.76 300.189 40148 -45.1253
-852.051 -5926.24 300.203 40148 -44.0443
-852.558 -5925.72 300.218 40148 -41.7766
-853.042 -5925.18 300.232 40148 -39.8546
-853.51 -5924.62 300.246 40148 -39.7344
-853.983 -5924.05 300.26 40148 -41.8922
-854.46 -5923.52 300.272 40148 -43.0148
-854.916 -5923.03 300.285 40148 -41.4185
-855.349 -5922.54 300.296 40148 -41.5124
-855.794 -5922.03 300.309 40148 -41.6606
-856.271 -5921.5 300.322 40148 -41.701
-856.764 -5920.94 300.335 40148 -41.4628
-857.247 -5920.4 300.348 40148 -41.6527
-857.728 -5919.86 300.361 40148 -42.7875
-858.208 -5919.34 300.374 40148 -44.3463
-858.685 -5918.85 300.386 40148 -45.6507
-859.161 -5918.38 300.398 40148 -45.9283
-859.635 -5917.93 300.41 40148 -45.664
-860.107 -5917.46 300.422 40148 -45.6341
-860.58 -5917 300.434 40148 -45.6476
-861.049 -5916.54 300.446 40148 -46.4826
-861.527 -5916.09 300.458 40148 -44.2067
-862.002 -5915.6 300.471 40148 -42.9541
-862.5 -5915.07 300.484 40148 -41.5382
-863.011 -5914.49 300.498 40148 -41.4459
-863.549 -5913.88 300.512 40148 -44.2354
-864.126 -5913.29 300.527 40148 -46.3512
-864.727 -5912.71 300.542 40148 -45.6182
-865.319 -5912.14 300.557 40148 -45.6404
-865.912 -5911.56 300.572 40148 -45.6417
-866.504 -5910.98 300.587 40148 -45.6639
-867.096 -5910.4 300.602 40148 -45.6407
-867.689 -5909.82 300.617 40148 -45.6406
-868.281 -5909.24 300.632 40148 -45.6174
-868.874 -5908.66 300.647 40148 -45.664
-869.466 -5908.08 300.662 40148 -45.6402
-870.059 -5907.5 300.677 40148 -45.6415
-870.651 -5906.92 300.692 40148 -45.66
-871.245 -5906.34 300.707 40148 -43.7314
-871.82 -5905.74 300.721 40148 -43.3563
-872.388 -5905.14 300.735 40148 -43.7895
-872.95 -5904.55 300.748 40148 -44.4378
-873.515 -5903.98 300.762 40148 -42.7557
-874.041 -5903.41 300.774 40148 -39.7401
-874.509 -5902.84 300.786 40148 -37.2989
-874.96 -5902.25 300.799 40148 -35.967
-875.431 -5901.6 300.812 40148 -36.7285
-875.935 -5900.93 300.826 40148 -36.9527
-876.466 -5900.22 300.84 40148 -36.8538
-876.984 -5899.53 300.854 40148 -36.8307
-877.503 -5898.84 300.868 40148 -36.6557
-878.019 -5898.14 300.883 40148 -36.8673
-878.54 -5897.45 300.897 40148 -38.0342
-879.077 -5896.76 300.911 40148 -39.0644
-879.63 -5896.08 300.926 40148 -40.2261
-880.202 -5895.41 300.94 40148 -40.4031
-880.777 -5894.73 300.955 40148 -40.2309
-881.35 -5894.05 300.97 40148 -40.2507
-881.922 -5893.38 300.984 40148 -40.207
-882.494 -5892.7 300.999 40148 -40.229
-883.066 -5892.02 301.013 40148 -40.2073
-883.638 -5891.35 301.028 40148 -40.2288
-884.21 -5890.67 301.043 40148 -40.2287
-884.783 -5889.99 301.057 40148 -40.2076
-885.355 -5889.32 301.072 40148 -40.2285
-885.927 -5888.64 301.086 40148 -40.2063
-886.498 -5887.97 301.101 40148 -40.2283
-887.07 -5887.29 301.116 40148 -40.2287
-887.642 -5886.61 301.13 40148 -39.1065
-888.201 -5885.93 301.144 40148 -38.0477
-888.745 -5885.23 301.157 40148 -38.0487
-889.29 -5884.53 301.171 40148 -38.2391
-889.844 -5883.83 301.184 40148 -38.5741
-890.424 -5883.1 301.198 40148 -38.6246
-891.011 -5882.37 301.213 40148 -38.918
-891.591 -5881.65 301.226 40148 -39.8501
-892.181 -5880.94 301.24 40148 -39.6602
-892.782 -5880.22 301.255 40148 -39.5183
-893.408 -5879.46 301.269 40148 -39.5183
-894.047 -5878.69 301.285 40148 -39.5183
-894.678 -5877.92 301.3 40148 -39.5376
-895.31 -5877.15 301.315 40148 -39.5183
-895.942 -5876.39 301.33 40148 -39.5183
-896.574 -5875.62 301.345 40148 -39.5183
-897.205 -5874.86 301.359 40148 -39.5183
-897.837 -5874.09 301.374 40148 -39.5376
-898.469 -5873.33 301.389 40148 -39.499
-899.097 -5872.56 301.404 40148 -39.5183
-899.729 -5871.8 301.419 40148 -39.8408
-900.374 -5871.02 301.435 40148 -39.5552
-901.033 -5870.23 301.45 40148 -39.1949
-901.704 -5869.4 301.466 40148 -39.5538
-902.39 -5868.57 301.482 40148 -39.5713
-903.079 -5867.74 301.499 40148 -39.8681
-903.778 -5866.9 301.515 40148 -39.1056
-904.478 -5866.04 301.532 40148 -37.3542
-905.181 -5865.12 301.548 40148 -37.3707
-905.883 -5864.2 301.564 40148 -37.3707
0 -0.087655 0 0 -37.3707
0 -0.0930479 0 0 -37.3707
0 -0.0944992 0 0 -37.3707
0 -0.0941376 0 0 -37.3707
0 -0.0949345 0 0 -37.3707
0 -0.0975814 0 0 -37.3707
0 -0.100446 0 0 -37.3707
0 -0.101063 0 0 -37.3707
0 -0.0991403 0 0 -37.3707
0 -0.0930117 0 0 -37.3707
0 -0.0886243 0 0 -37.3707
0 -0.08304 0 0 -37.3707
0 -0.0791227 0 0 -37.3707
0 -0.079267 0 0 -37.3707
0 -0.0811163 0 0 -37.3707
0 -0.0835098 0 0 -37.3707
0 -0.0862292 0 0 -37.3707
9.31009 -0.0891301 0 0 -37.3707
9.32009 -0.0906169 0 0 -37.3707
9.32009 -0.0905444 0 0 -37.3707
9.32009 -0.0904719 0 0 -37.3707
9.31009 -0.0924666 0 0 -37.3707
9.32009 -0.097398 0 0 -37.3707
9.31009 -0.102099 0 0 -37.3707
9.32005 -0.104028 0 0 -37.3707
9.32009 -0.103454 0 0 -37.3707
9.31013 -0.102126 0 0 -37.3707
9.32009 -0.102988 0 0 -37.3707
9.31009 -0.105716 0 0 -37.3707
9.32005 -0.107726 0 0 -37.3707
9.31009 -0.108193 0 0 -37.3707
9.32005 -0.107834 0 0 -37.3707
9.32013 -0.107618 0 0 -37.3707
9.31009 -0.107654 0 0 -37.3707
9.34009 -0.10769 0 0 -37.3707
9.26009 -0.107654 0 0 -37.3707
9.13005 -0.107654 0 0 -37.3707
9.26009 -0.10769 0 0 -37.3707
10.091 -0.107654 0 0 -37.3707
11.561 -0.107654 0 0 -37.3707
12.7516 -0.107654 0 0 -37.3707
14.2495 -0.107547 0 0 -37.3707
15.05 -0.108265 0 0 -37.3707
15.2 -0.107952 0 0 -37.3707
15.07 -0.105217 0 0 -37.3707
14.93 -0.099818 0 0 -37.3707
14.84 -0.0943122 0 0 -37.3707
14.93 -0.0914352 0 0 -37.3707
15.5551 -0.0990011 0 0 -37.3707
16.9213 -0.104472 0 0 -37.3707
18.0815 -0.110226 0 0 -37.3707
19.4648 -0.117188 0 0 -37.3707
20.06 -0.119284 0 0 -37.3707
20.18 -0.117082 0 0 -37.3707
20.02 -0.115981 0 0 -37.3707
19.962 -0.116584 0 0 -37.3707
19.9838 -0.119568 0 0 -37.3707
20.081 -0.121131 0 0 -37.3707
20.1495 -0.117224 0 0 -37.3707
20.081 -0.110688 0 0 -37.3707
19.984 0 0 0 -37.3707
19.972 0 0 0 -37.3707
19.98 0 0 0 -37.3707
20.01 0 0 0 -37.3707
20 0 0 0 -37.3707
19.61 0 0 0 -37.3707
20.38 0 0 0 -37.3707
22.02 0 0 0 -37.3707
22.642 0 0 0 -37.3707
22.032 0 0 0 -37.3707
20.3725 0 0 0 -37.3707
19.6123 0 0 0 -37.3707
20.0024 0 0 0 -37.3707
20.0024 0 0 0 -37.3707
20.0024 0 0 0 -37.3707
19.9924 0 0 0 -37.3707
20.0024 0 0 0 -37.3707
20.0024 0 0 0 -37.3707
19.9924 0 0 0 -37.3707
20.0026 0 0 0 -37.3707
20.0022 0 0 0 -37.3707
20.0226 0 0 0 -37.3707
19.9123 0 0 0 -37.3707
19.8024 0 0 0 -37.3707
20.0762 0 0 0 -37.3707
21.2536 0 0 0 -37.3707
22.7129 0 0 0 -37.3707
24.1023 0 0 0 -37.3707
25.4888 0 0 0 -37.3707
26.9164 0 0 0 -37.3707
28.0054 0 0 0 -37.3707
28.6173 0 0 0 -37.3707
28.9422 0 0 0 -37.3707
28.9698 0 0 0 -37.3707
28.5849 0 0 0 -37.3707
27.6879 0 0 0 -37.3707
26.9044 0 0 0 -37.3707
25.4913 0 0 0 -37.3707
23.8731 0 0 0 -37.3707
23.5787 0 0 0 -37.3707
24.529 0 0 0 -37.3707
26.0707 0 0 0 -37.3707
26.2231 0 0 0 -37.3707
25.129 0 0 0 -37.3707
24.489 0 0 0 -37.3707
24.831 0 0 0 -37.3707
25.7055 0 0 0 -37.3707
26.4205 0 0 0 -37.3707
26.7703 0 0 0 -37.3707
26.7402 0 0 0 -37.3707
26.6602 0 0 0 -37.3707
26.6602 0 0 0 -37.3707
26.6702 0 0 0 -37.3707
26.6702 0 0 0 -37.3707
26.6702 0 0 0 -37.3707
26.6703 0 0 0 -37.3707
26.6602 0 0 0 -37.3707
26.6702 0 0 0 -37.3707
26.6603 0 0 0 -37.3707
26.6702 0 0 0 -37.3707
26.6702 0 0 0 -37.3707
26.6702 0 0 0 -37.3707
26.6202 0 0 0 -37.3707
26.6005 0 0 0 -37.3707
26.5802 0 0 0 -37.3707
27.2502 0 0 0 -37.3707
28.393 0 0 0 -37.3707
28.9962 0 0 0 -37.3707
28.8742 0 0 0 -37.3707
28.2036 0 0 0 -37.3707
27.8535 0 0 0 -37.3707
27.9936 0 0 0 -37.3707
27.9736 0 0 0 -37.3707
27.9635 0 0 0 -37.3707
28.0636 0 0 0 -37.3707
30.0004 0 0 0 -37.3707
29.9904 0 0 0 -37.3707
30.0104 0 0 0 -37.3707
29.9904 0 0 0 -37.3707
29.9904 0 0 0 0
