0 0 -1 0
0 0 -1 0
0 0 -1 0
0 0 -1 0
0 0 -1 0
0 0 -1 0
0 0 -1 0
0 0 -1 0
0 0 -1 0
0 0 -1 0
0 0 -1 0
0 0 -1 0
0 0 -1 0
0 0 -1 0
0 0 -1 0
0 0 -1 0
0 0 -1 0
0 0 -1 0
0 0 -1 0
0 0 -1 0
0 0 -1 0
0 0 -1 0
0 0 -1 0
0 0 -1 0
0 0 -1 0
0 0 -1 0
0 0 -1 0
0 0 -1 0
0 0 -1 0
0 0 -1 0
0 0 -1 0
0 0 -1 0
0 0 -1 0
0 0 -1 0
0 0 -1 0
0 0 -1 0
0 0 -1 0
0 0 -1 0
0 0 -1 0
0 0 -1 0
0 0 -1 0
0 0 -1 0
0 0 -1 0
0 0 -1 0
0 0 -1 0
0 0 -1 0
0 0 -1 0
0 0 -1 0
0 0 -1 0
0 0 -1 0
0 0 -1 0
0 0 -1 0
0 0 -1 0
0 0 -1 0
0 0 -1 0
0 0 -1 0
0 0 -1 0
0 0 -1 0
0 0 -1 0
0 0 -1 0
0 0 -1 0
0 0 -1 0
0 0 -1 0
0 0 -1 0
0 0 -1 0
0 0 -1 0
0 0 -1 0
0 0 -1 0
0 0 -1 0
0 0 -1 0
0 0 -1 0
0 0 -1 0
0 0 -1 0
0 0 -1 0
0 0 -1 0
0 0 -1 0
0 0 -1 0
0 0 -1 0
0 0 -1 0
0 0 -1 0
0 0 -1 0
0 0 -1 0
0 0 -1 0
0 0 -1 0
0 0 -1 0
0 0 -1 0
0 0 -1 0
0 0 -1 0
0 0 -1 0
0 0 -1 0
0 0 -1 0
0 0 -1 0
0 0 -1 0
0 0 -1 0
0 0 -1 0
0 0 -1 0
0 0 -1 0
0 0 -1 0
0 0 -1 0
0 0 -1 0
0 0 -1 0
0 0 -1 0
0 0 -1 0
0 0 -1 0
0 0 -1 0
0 0 -1 0
0 0 -1 0
0 0 -1 0
0 0 -1 0
0 0 -1 0
0 0 -1 0
0 0 -1 0
0 0 -1 0
0 0 -1 0
0 0 -1 0
0 0 -1 0
0 0 -1 0
0 0 -1 0
0 0 -1 0
0 0 -1 0
0 0 -1 0
0 0 -1 0
0 0 -1 0
0 0 -1 0
0 0 -1 0
0 0 -1 0
0 0 -1 0
0 0 -1 0
0 0 -1 0
0 0 -1 0
0 0 -1 0
0 0 -1 0
0 0 -1 0
0 0 -1 0
0 0 -1 0
0 0 -1 0
0 0 -1 0
39.507 36.118 4 13.5
39.4911 39.2726 4 13.5
39.4739 42.6189 4 13.5
39.4553 45.9412 4 13.5
39.4366 49.2897 4 13.5
39.4185 52.6668 4 13.5
39.4015 56.1035 4 13.5
39.3849 59.6058 4 13.5
39.3685 63.1114 4 13.5
39.3506 66.6171 4 13.5
39.3328 70.1182 4 13.5
39.3148 73.6182 4 13.5
39.2966 77.1226 4 13.5
39.2784 80.6274 4 13.5
39.2602 84.1076 4 13.5
39.2463 87.5298 4 13.5
39.2452 90.8771 4 13.5
39.26 94.1692 4 13.5
39.2892 97.4521 4 13.5
39.325 100.763 4 13.5
39.3631 104.118 4 13.5
39.4021 107.521 4 13.5
39.4464 110.96 4 13.5
39.4916 114.416 4 13.5
39.5359 117.856 4 13.5
39.5763 121.253 4 13.5
39.6156 124.608 4 13.5
39.6545 127.939 4 13.5
39.6951 131.273 4 13.5
39.7376 134.627 4 13.5
39.7842 137.996 4 13.5
39.8297 141.351 4 13.5
39.8712 144.661 4 13.5
39.9073 147.912 4 13.5
39.9409 151.122 4 13.5
39.9758 154.331 4 13.5
40.0151 157.564 4 13.5
40.0549 160.811 4 13.5
40.1003 164.04 4 13.5
40.1583 167.23 4 13.5
40.2293 170.385 4 13.5
40.3096 173.53 4 13.5
40.3922 176.684 4 13.5
40.473 179.851 4 13.5
40.5531 183.04 4 13.5
40.6304 186.274 4 13.5
40.6952 189.586 4 13.5
40.7353 192.994 4 13.5
40.7347 196.494 4 13.5
40.6897 200.064 4 13.5
40.6088 203.674 4 13.5
40.5075 207.303 4 13.5
40.4008 210.935 4 13.5
40.2962 214.565 4 13.5
40.1916 218.202 4 13.5
40.087 221.819 4 13.5
39.9824 225.377 4 13.5
39.8864 228.81 4 13.5
39.8159 232.124 4 13.5
39.7827 235.377 4 13.5
39.7867 238.692 4 13.5
39.8155 242.126 4 13.5
39.8525 245.685 4 13.5
39.8889 249.303 4 13.5
39.9238 252.938 4 13.5
39.9608 256.563 4 13.5
40.0146 260.192 4 13.5
40.0965 263.851 4 13.5
40.2075 267.575 4 13.5
40.3361 271.399 4 13.5
40.4585 275.345 4 13.5
40.5367 279.406 4 13.5
40.5431 283.551 4 13.5
40.4731 287.748 4 13.5
40.3611 291.979 4 13.5
40.2612 296.243 4 13.5
40.2072 300.535 4 13.5
40.191 304.832 4 13.5
40.1838 309.105 4 13.5
40.1678 313.359 4 13.5
40.1488 317.629 4 13.5
40.1367 321.961 4 13.5
40.1328 326.373 4 13.5
40.1314 330.854 4 13.5
40.1276 335.344 4 13.5
40.1189 339.78 4 13.5
40.1132 344.097 4 13.5
40.12 348.301 4 13.5
40.1525 352.449 4 13.5
40.2148 356.651 4 13.5
40.3022 360.964 4 13.5
40.3998 365.395 4 13.5
40.498 369.883 4 13.5
40.5944 374.391 4 13.5
40.6908 378.892 4 13.5
40.7872 383.391 4 13.5
40.8836 387.89 4 13.5
40.98 392.389 4 13.5
41.0762 396.888 4 13.5
41.1724 401.387 4 13.5
41.2686 405.886 4 13.5
41.3649 410.386 4 13.5
41.4604 414.884 4 13.5
41.557 419.379 4 13.5
41.6554 423.875 4 13.5
41.7516 428.386 4 13.5
41.8374 432.936 4 13.5
41.9035 437.548 4 13.5
41.9373 442.235 4 13.5
41.9373 446.99 4 13.5
41.9102 451.792 4 13.5
41.8669 456.617 4 13.5
41.8184 461.447 4 13.5
41.7717 466.277 4 13.5
41.7251 471.109 4 13.5
41.6785 475.94 4 13.5
41.6319 480.747 4 13.5
41.5881 485.498 4 13.5
41.556 490.186 4 13.5
41.5423 494.845 4 13.5
41.5482 499.533 4 13.5
41.568 504.285 4 13.5
41.5935 509.096 4 13.5
41.6198 513.933 4 13.5
41.6529 518.76 4 13.5
41.6928 523.543 4 13.5
41.7358 528.25 4 13.5
41.7848 532.858 4 13.5
41.8531 537.376 4 13.5
41.951 541.849 4 13.5
42.0802 546.329 4 13.5
42.2209 550.856 4 13.5
42.3364 555.437 4 13.5
42.3988 560.057 4 13.5
42.4069 564.704 4 13.5
42.3862 569.372 4 13.5
42.3705 574.055 4 13.5
42.3731 578.738 4 13.5
42.3774 583.391 4 13.5
42.359 587.99 4 13.5
42.3105 592.535 4 13.5
42.2432 597.044 4 13.5
42.1715 601.539 4 13.5
42.1009 606.034 4 13.5
42.0312 610.533 4 13.5
41.9616 615.035 4 13.5
41.892 619.535 4 13.5
41.8222 624.018 4 13.5
41.7572 628.466 4 13.5
41.7018 632.877 4 13.5
41.6584 637.273 4 13.5
41.6248 641.688 4 13.5
41.5944 646.147 4 13.5
41.5641 650.66 4 13.5
41.5345 655.228 4 13.5
41.5084 659.836 4 13.5
41.4829 664.456 4 13.5
41.4568 669.056 4 13.5
41.4222 673.621 4 13.5
41.3824 678.172 4 13.5
41.3449 682.761 4 13.5
41.3095 687.386 4 13.5
41.307 692.138 4 13.5
