0 0 -1 0
0 0 -1 0
0 0 -1 0
0 0 -1 0
0 0 -1 0
0 0 -1 0
0 0 -1 0
0 0 -1 0
0 0 -1 0
0 0 -1 0
0 0 -1 0
0 0 -1 0
0 0 -1 0
0 0 -1 0
0 0 -1 0
0 0 -1 0
0 0 -1 0
0 0 -1 0
0 0 -1 0
0 0 -1 0
0 0 -1 0
0 0 -1 0
0 0 -1 0
0 0 -1 0
0 0 -1 0
0 0 -1 0
0 0 -1 0
0 0 -1 0
0 0 -1 0
0 0 -1 0
0 0 -1 0
0 0 -1 0
0 0 -1 0
0 0 -1 0
0 0 -1 0
0 0 -1 0
0 0 -1 0
0 0 -1 0
0 0 -1 0
0 0 -1 0
0 0 -1 0
0 0 -1 0
0 0 -1 0
0 0 -1 0
0 0 -1 0
0 0 -1 0
0 0 -1 0
0 0 -1 0
0 0 -1 0
0 0 -1 0
0 0 -1 0
0 0 -1 0
0 0 -1 0
0 0 -1 0
0 0 -1 0
0 0 -1 0
0 0 -1 0
0 0 -1 0
0 0 -1 0
0 0 -1 0
0 0 -1 0
0 0 -1 0
0 0 -1 0
0 0 -1 0
0 0 -1 0
0 0 -1 0
0 0 -1 0
0 0 -1 0
0 0 -1 0
0 0 -1 0
0 0 -1 0
0 0 -1 0
0 0 -1 0
0 0 -1 0
0 0 -1 0
0 0 -1 0
0 0 -1 0
0 0 -1 0
0 0 -1 0
0 0 -1 0
0 0 -1 0
0 0 -1 0
0 0 -1 0
0 0 -1 0
0 0 -1 0
0 0 -1 0
0 0 -1 0
0 0 -1 0
0 0 -1 0
0 0 -1 0
0 0 -1 0
0 0 -1 0
0 0 -1 0
0 0 -1 0
0 0 -1 0
0 0 -1 0
0 0 -1 0
0 0 -1 0
0 0 -1 0
0 0 -1 0
0 0 -1 0
0 0 -1 0
0 0 -1 0
0 0 -1 0
0 0 -1 0
0 0 -1 0
0 0 -1 0
0 0 -1 0
0 0 -1 0
0 0 -1 0
0 0 -1 0
0 0 -1 0
0 0 -1 0
0 0 -1 0
0 0 -1 0
0 0 -1 0
0 0 -1 0
0 0 -1 0
0 0 -1 0
0 0 -1 0
0 0 -1 0
0 0 -1 0
0 0 -1 0
0 0 -1 0
0 0 -1 0
0 0 -1 0
0 0 -1 0
0 0 -1 0
0 0 -1 0
0 0 -1 0
0 0 -1 0
0 0 -1 0
0 0 -1 0
0 0 -1 0
0 0 -1 0
0 0 -1 0
0 0 -1 0
0 0 -1 0
0 0 -1 0
0 0 -1 0
0 0 -1 0
0 0 -1 0
15.837 35.034 2 16.5
15.8173 38.8801 2 16.5
15.7975 42.711 2 16.5
15.7794 46.5569 2 16.5
15.7613 50.3848 2 16.5
15.7426 54.1749 2 16.5
15.7226 57.8851 2 16.5
15.7022 61.5523 2 16.5
15.6831 65.212 2 16.5
15.6657 68.8531 2 16.5
15.6477 72.4588 2 16.5
15.6286 76.0205 2 16.5
15.6092 79.5435 2 16.5
15.5899 83.0351 2 16.5
15.5743 86.4978 2 16.5
15.568 89.935 2 16.5
15.5772 93.3616 2 16.5
15.6029 96.8014 2 16.5
15.6406 100.268 2 16.5
15.6832 103.759 2 16.5
15.7258 107.261 2 16.5
15.7684 110.763 2 16.5
15.811 114.263 2 16.5
15.8536 117.762 2 16.5
15.8962 121.262 2 16.5
15.9386 124.762 2 16.5
15.9811 128.261 2 16.5
16.0237 131.761 2 16.5
16.0664 135.261 2 16.5
16.1091 138.761 2 16.5
16.1509 142.261 2 16.5
16.1938 145.763 2 16.5
16.2422 149.262 2 16.5
16.2954 152.752 2 16.5
16.3412 156.22 2 16.5
16.3582 159.65 2 16.5
16.3327 163.031 2 16.5
16.2715 166.367 2 16.5
16.1952 169.683 2 16.5
16.1218 173.007 2 16.5
16.0569 176.356 2 16.5
15.9956 179.726 2 16.5
15.9344 183.105 2 16.5
15.8731 186.484 2 16.5
15.812 189.862 2 16.5
15.751 193.24 2 16.5
15.69 196.618 2 16.5
15.6289 199.997 2 16.5
15.5676 203.374 2 16.5
15.5064 206.752 2 16.5
15.4451 210.133 2 16.5
15.3848 213.518 2 16.5
15.3321 216.89 2 16.5
15.2877 220.218 2 16.5
15.2474 223.457 2 16.5
15.2127 226.569 2 16.5
15.2028 229.54 2 16.5
15.244 232.397 2 16.5
15.3522 235.213 2 16.5
15.5157 238.062 2 16.5
15.7068 240.979 2 16.5
15.9036 243.956 2 16.5
16.0994 246.955 2 16.5
16.2952 249.953 2 16.5
16.4911 252.946 2 16.5
16.687 255.94 2 16.5
16.8829 258.93 2 16.5
17.0795 261.919 2 16.5
17.2688 264.915 2 16.5
17.4413 267.947 2 16.5
17.591 271.051 2 16.5
17.7186 274.263 2 16.5
17.8262 277.596 2 16.5
17.9111 281.029 2 16.5
17.9512 284.513 2 16.5
17.9254 287.992 2 16.5
17.8365 291.439 2 16.5
17.7226 294.866 2 16.5
17.6334 298.306 2 16.5
17.5951 301.782 2 16.5
17.5963 305.288 2 16.5
17.6077 308.805 2 16.5
17.6096 312.317 2 16.5
17.6024 315.82 2 16.5
17.5935 319.319 2 16.5
17.5849 322.818 2 16.5
17.5766 326.318 2 16.5
17.5683 329.818 2 16.5
17.56 333.318 2 16.5
17.5518 336.821 2 16.5
17.5436 340.324 2 16.5
17.5355 343.811 2 16.5
17.5356 347.26 2 16.5
17.5535 350.664 2 16.5
17.5948 354.045 2 16.5
17.6518 357.45 2 16.5
17.7137 360.927 2 16.5
17.7767 364.506 2 16.5
17.8501 368.201 2 16.5
17.9376 372.01 2 16.5
18.0353 375.915 2 16.5
18.1321 379.886 2 16.5
18.2224 383.889 2 16.5
18.3075 387.898 2 16.5
18.3956 391.896 2 16.5
18.4893 395.868 2 16.5
18.5761 399.81 2 16.5
18.6359 403.733 2 16.5
18.6527 407.672 2 16.5
18.6177 411.666 2 16.5
18.5382 415.734 2 16.5
18.4299 419.865 2 16.5
18.3032 424.034 2 16.5
18.168 428.215 2 16.5
18.0325 432.397 2 16.5
17.8969 436.576 2 16.5
17.7612 440.755 2 16.5
17.6257 444.934 2 16.5
17.4903 449.113 2 16.5
17.3548 453.291 2 16.5
17.2191 457.47 2 16.5
17.0834 461.649 2 16.5
16.9478 465.828 2 16.5
16.8122 470.005 2 16.5
16.6759 474.181 2 16.5
16.5378 478.357 2 16.5
16.4036 482.541 2 16.5
16.2905 486.75 2 16.5
16.2282 491.008 2 16.5
16.2399 495.337 2 16.5
16.3268 499.744 2 16.5
16.4662 504.21 2 16.5
16.6293 508.707 2 16.5
16.7955 513.21 2 16.5
16.96 517.71 2 16.5
17.1235 522.206 2 16.5
17.287 526.703 2 16.5
17.4505 531.2 2 16.5
17.6139 535.697 2 16.5
17.7774 540.193 2 16.5
17.9409 544.691 2 16.5
18.1073 549.194 2 16.5
18.2727 553.703 2 16.5
18.4192 558.207 2 16.5
18.525 562.695 2 16.5
18.5863 567.163 2 16.5
18.6276 571.625 2 16.5
18.6815 576.102 2 16.5
18.7522 580.606 2 16.5
18.811 585.129 2 16.5
18.826 589.653 2 16.5
18.7909 594.167 2 16.5
18.7255 598.671 2 16.5
18.6518 603.171 2 16.5
18.5796 607.672 2 16.5
18.5179 612.167 2 16.5
18.4613 616.658 2 16.5
18.443 621.123 2 16.5
