29.626 1803.57 3 17
29.6143 1809.62 3 17
29.6026 1815.63 3 17
29.5909 1821.64 3 17
29.5791 1827.64 3 17
29.5694 1833.64 3 17
29.5597 1839.61 3 17
29.5458 1845.54 3 17
29.5283 1851.46 3 17
29.5219 1857.41 3 17
29.5524 1863.46 3 17
29.6475 1869.65 3 17
29.8298 1875.99 3 17
30.1065 1882.4 3 17
30.4682 1888.79 3 17
30.8856 1895.08 3 17
31.3237 1901.23 3 17
31.745 1907.26 3 17
32.1201 1913.21 3 17
32.4241 1919.15 3 17
32.6578 1925.1 3 17
32.8551 1931.08 3 17
33.0611 1937.08 3 17
33.2889 1943.1 3 17
33.5135 1949.14 3 17
33.6927 1955.22 3 17
33.8167 1961.33 3 17
33.9204 1967.45 3 17
34.0518 1973.57 3 17
34.234 1979.71 3 17
34.4443 1985.88 3 17
34.6347 1992.11 3 17
34.7644 1998.39 3 17
34.815 2004.69 3 17
34.796 2010.99 3 17
34.7404 2017.29 3 17
34.6819 2023.61 3 17
34.6627 2029.97 3 17
34.6937 2036.39 3 17
34.7491 2042.85 3 17
34.7863 2049.27 3 17
34.7884 2055.62 3 17
34.7646 2061.92 3 17
34.7426 2068.23 3 17
34.7341 2074.61 3 17
34.7357 2081.07 3 17
34.7374 2087.57 3 17
34.7371 2094.08 3 17
34.7362 2100.59 3 17
34.734 2107.09 3 17
34.7305 2113.6 3 17
34.726 2120.1 3 17
34.721 2126.6 3 17
0 0 -1 0
0 0 -1 0
0 0 -1 0
0 0 -1 0
0 0 -1 0
0 0 -1 0
0 0 -1 0
0 0 -1 0
0 0 -1 0
0 0 -1 0
0 0 -1 0
0 0 -1 0
0 0 -1 0
0 0 -1 0
0 0 -1 0
0 0 -1 0
0 0 -1 0
0 0 -1 0
0 0 -1 0
0 0 -1 0
0 0 -1 0
0 0 -1 0
0 0 -1 0
0 0 -1 0
0 0 -1 0
0 0 -1 0
0 0 -1 0
0 0 -1 0
0 0 -1 0
0 0 -1 0
0 0 -1 0
0 0 -1 0
0 0 -1 0
0 0 -1 0
0 0 -1 0
0 0 -1 0
0 0 -1 0
0 0 -1 0
0 0 -1 0
0 0 -1 0
0 0 -1 0
0 0 -1 0
0 0 -1 0
0 0 -1 0
0 0 -1 0
0 0 -1 0
0 0 -1 0
0 0 -1 0
0 0 -1 0
0 0 -1 0
0 0 -1 0
0 0 -1 0
0 0 -1 0
0 0 -1 0
0 0 -1 0
0 0 -1 0
0 0 -1 0
0 0 -1 0
0 0 -1 0
0 0 -1 0
0 0 -1 0
0 0 -1 0
0 0 -1 0
0 0 -1 0
0 0 -1 0
0 0 -1 0
0 0 -1 0
0 0 -1 0
0 0 -1 0
0 0 -1 0
0 0 -1 0
0 0 -1 0
0 0 -1 0
0 0 -1 0
0 0 -1 0
0 0 -1 0
0 0 -1 0
0 0 -1 0
0 0 -1 0
0 0 -1 0
0 0 -1 0
0 0 -1 0
0 0 -1 0
0 0 -1 0
0 0 -1 0
0 0 -1 0
0 0 -1 0
0 0 -1 0
0 0 -1 0
0 0 -1 0
0 0 -1 0
0 0 -1 0
0 0 -1 0
0 0 -1 0
0 0 -1 0
0 0 -1 0
0 0 -1 0
0 0 -1 0
0 0 -1 0
0 0 -1 0
0 0 -1 0
0 0 -1 0
0 0 -1 0
0 0 -1 0
0 0 -1 0
0 0 -1 0
0 0 -1 0
0 0 -1 0
0 0 -1 0
0 0 -1 0
0 0 -1 0
0 0 -1 0
0 0 -1 0
0 0 -1 0
0 0 -1 0
0 0 -1 0
0 0 -1 0
0 0 -1 0
0 0 -1 0
0 0 -1 0
0 0 -1 0
0 0 -1 0
0 0 -1 0
0 0 -1 0
0 0 -1 0
0 0 -1 0
0 0 -1 0
0 0 -1 0
0 0 -1 0
0 0 -1 0
0 0 -1 0
0 0 -1 0
0 0 -1 0
0 0 -1 0
0 0 -1 0
0 0 -1 0
0 0 -1 0
0 0 -1 0
0 0 -1 0
0 0 -1 0
0 0 -1 0
0 0 -1 0
0 0 -1 0
0 0 -1 0
0 0 -1 0
0 0 -1 0
0 0 -1 0
0 0 -1 0
0 0 -1 0
0 0 -1 0
0 0 -1 0
0 0 -1 0
0 0 -1 0
0 0 -1 0
0 0 -1 0
0 0 -1 0
0 0 -1 0
0 0 -1 0
0 0 -1 0
0 0 -1 0
0 0 -1 0
0 0 -1 0
0 0 -1 0
0 0 -1 0
0 0 -1 0
0 0 -1 0
0 0 -1 0
0 0 -1 0
0 0 -1 0
0 0 -1 0
0 0 -1 0
0 0 -1 0
0 0 -1 0
0 0 -1 0
0 0 -1 0
0 0 -1 0
0 0 -1 0
0 0 -1 0
0 0 -1 0
0 0 -1 0
0 0 -1 0
0 0 -1 0
0 0 -1 0
0 0 -1 0
0 0 -1 0
0 0 -1 0
0 0 -1 0
0 0 -1 0
0 0 -1 0
0 0 -1 0
0 0 -1 0
0 0 -1 0
0 0 -1 0
0 0 -1 0
0 0 -1 0
0 0 -1 0
0 0 -1 0
0 0 -1 0
0 0 -1 0
0 0 -1 0
0 0 -1 0
0 0 -1 0
0 0 -1 0
0 0 -1 0
0 0 -1 0
0 0 -1 0
0 0 -1 0
0 0 -1 0
0 0 -1 0
0 0 -1 0
0 0 -1 0
0 0 -1 0
0 0 -1 0
0 0 -1 0
0 0 -1 0
0 0 -1 0
0 0 -1 0
0 0 -1 0
0 0 -1 0
0 0 -1 0
0 0 -1 0
0 0 -1 0
0 0 -1 0
0 0 -1 0
0 0 -1 0
0 0 -1 0
0 0 -1 0
0 0 -1 0
0 0 -1 0
0 0 -1 0
0 0 -1 0
0 0 -1 0
0 0 -1 0
0 0 -1 0
0 0 -1 0
0 0 -1 0
0 0 -1 0
0 0 -1 0
0 0 -1 0
0 0 -1 0
0 0 -1 0
0 0 -1 0
0 0 -1 0
0 0 -1 0
0 0 -1 0
0 0 -1 0
0 0 -1 0
