0 0 -1 0
0 0 -1 0
0 0 -1 0
0 0 -1 0
0 0 -1 0
0 0 -1 0
0 0 -1 0
0 0 -1 0
0 0 -1 0
0 0 -1 0
0 0 -1 0
0 0 -1 0
0 0 -1 0
0 0 -1 0
0 0 -1 0
0 0 -1 0
0 0 -1 0
0 0 -1 0
0 0 -1 0
0 0 -1 0
0 0 -1 0
0 0 -1 0
0 0 -1 0
0 0 -1 0
0 0 -1 0
0 0 -1 0
0 0 -1 0
0 0 -1 0
0 0 -1 0
0 0 -1 0
0 0 -1 0
0 0 -1 0
0 0 -1 0
0 0 -1 0
0 0 -1 0
0 0 -1 0
0 0 -1 0
0 0 -1 0
0 0 -1 0
0 0 -1 0
0 0 -1 0
0 0 -1 0
0 0 -1 0
0 0 -1 0
0 0 -1 0
0 0 -1 0
0 0 -1 0
0 0 -1 0
0 0 -1 0
0 0 -1 0
0 0 -1 0
0 0 -1 0
0 0 -1 0
0 0 -1 0
0 0 -1 0
0 0 -1 0
0 0 -1 0
0 0 -1 0
0 0 -1 0
0 0 -1 0
0 0 -1 0
0 0 -1 0
0 0 -1 0
0 0 -1 0
0 0 -1 0
0 0 -1 0
0 0 -1 0
0 0 -1 0
0 0 -1 0
0 0 -1 0
0 0 -1 0
0 0 -1 0
0 0 -1 0
0 0 -1 0
0 0 -1 0
0 0 -1 0
0 0 -1 0
0 0 -1 0
0 0 -1 0
0 0 -1 0
0 0 -1 0
0 0 -1 0
0 0 -1 0
0 0 -1 0
0 0 -1 0
0 0 -1 0
0 0 -1 0
0 0 -1 0
0 0 -1 0
0 0 -1 0
0 0 -1 0
0 0 -1 0
0 0 -1 0
0 0 -1 0
0 0 -1 0
0 0 -1 0
0 0 -1 0
0 0 -1 0
0 0 -1 0
0 0 -1 0
0 0 -1 0
0 0 -1 0
0 0 -1 0
0 0 -1 0
0 0 -1 0
0 0 -1 0
0 0 -1 0
0 0 -1 0
0 0 -1 0
0 0 -1 0
0 0 -1 0
0 0 -1 0
0 0 -1 0
0 0 -1 0
0 0 -1 0
0 0 -1 0
0 0 -1 0
0 0 -1 0
0 0 -1 0
0 0 -1 0
0 0 -1 0
0 0 -1 0
0 0 -1 0
0 0 -1 0
0 0 -1 0
0 0 -1 0
0 0 -1 0
0 0 -1 0
0 0 -1 0
0 0 -1 0
0 0 -1 0
0 0 -1 0
0 0 -1 0
0 0 -1 0
0 0 -1 0
0 0 -1 0
0 0 -1 0
0 0 -1 0
0 0 -1 0
0 0 -1 0
0 0 -1 0
0 0 -1 0
0 0 -1 0
0 0 -1 0
0 0 -1 0
0 0 -1 0
0 0 -1 0
0 0 -1 0
0 0 -1 0
0 0 -1 0
0 0 -1 0
0 0 -1 0
0 0 -1 0
0 0 -1 0
0 0 -1 0
0 0 -1 0
0 0 -1 0
0 0 -1 0
0 0 -1 0
0 0 -1 0
0 0 -1 0
0 0 -1 0
0 0 -1 0
0 0 -1 0
0 0 -1 0
0 0 -1 0
0 0 -1 0
0 0 -1 0
0 0 -1 0
0 0 -1 0
0 0 -1 0
0 0 -1 0
0 0 -1 0
0 0 -1 0
0 0 -1 0
0 0 -1 0
0 0 -1 0
0 0 -1 0
0 0 -1 0
0 0 -1 0
0 0 -1 0
0 0 -1 0
0 0 -1 0
0 0 -1 0
0 0 -1 0
0 0 -1 0
0 0 -1 0
0 0 -1 0
0 0 -1 0
0 0 -1 0
0 0 -1 0
0 0 -1 0
0 0 -1 0
0 0 -1 0
0 0 -1 0
0 0 -1 0
0 0 -1 0
0 0 -1 0
0 0 -1 0
0 0 -1 0
0 0 -1 0
0 0 -1 0
0 0 -1 0
0 0 -1 0
0 0 -1 0
0 0 -1 0
0 0 -1 0
0 0 -1 0
0 0 -1 0
0 0 -1 0
0 0 -1 0
0 0 -1 0
0 0 -1 0
0 0 -1 0
0 0 -1 0
0 0 -1 0
0 0 -1 0
0 0 -1 0
0 0 -1 0
0 0 -1 0
0 0 -1 0
0 0 -1 0
0 0 -1 0
0 0 -1 0
0 0 -1 0
0 0 -1 0
0 0 -1 0
0 0 -1 0
0 0 -1 0
0 0 -1 0
0 0 -1 0
0 0 -1 0
0 0 -1 0
0 0 -1 0
0 0 -1 0
0 0 -1 0
0 0 -1 0
0 0 -1 0
0 0 -1 0
0 0 -1 0
0 0 -1 0
0 0 -1 0
0 0 -1 0
0 0 -1 0
0 0 -1 0
0 0 -1 0
0 0 -1 0
0 0 -1 0
0 0 -1 0
0 0 -1 0
0 0 -1 0
0 0 -1 0
0 0 -1 0
0 0 -1 0
0 0 -1 0
0 0 -1 0
0 0 -1 0
0 0 -1 0
0 0 -1 0
0 0 -1 0
0 0 -1 0
0 0 -1 0
0 0 -1 0
0 0 -1 0
0 0 -1 0
0 0 -1 0
0 0 -1 0
0 0 -1 0
0 0 -1 0
0 0 -1 0
0 0 -1 0
0 0 -1 0
0 0 -1 0
0 0 -1 0
0 0 -1 0
0 0 -1 0
0 0 -1 0
0 0 -1 0
0 0 -1 0
0 0 -1 0
0 0 -1 0
0 0 -1 0
0 0 -1 0
5.436 33.434 1 15
5.418 36.9337 1 15
5.39894 40.6106 1 15
5.38006 44.2615 1 15
5.36136 47.8842 1 15
5.343 51.448 1 15
5.325 54.9461 1 15
5.307 58.4408 1 15
5.289 61.9346 1 15
5.271 65.4334 1 15
5.253 68.9335 1 15
5.235 72.4336 1 15
5.217 75.9341 1 15
5.199 79.4345 1 15
5.18112 82.9311 1 15
5.16331 86.4256 1 15
5.146 89.904 1 15
