27.862 1718.89 3 16
27.8125 1724.19 3 16
27.8182 1729.55 3 16
27.8263 1734.96 3 16
27.8403 1740.46 3 16
27.8522 1746.05 3 16
27.873 1751.75 3 16
27.9063 1757.56 3 16
27.9486 1763.46 3 16
27.989 1769.43 3 16
28.0224 1775.43 3 16
28.051 1781.45 3 16
28.0842 1787.47 3 16
28.1198 1793.48 3 16
28.1508 1799.41 3 16
28.1616 1805.23 3 16
28.1418 1810.89 3 16
28.1015 1816.46 3 16
28.0663 1822 3 16
28.0486 1827.6 3 16
28.0475 1833.27 3 16
28.0512 1839 3 16
28.0453 1844.72 3 16
28.0323 1850.43 3 16
28.0304 1856.15 3 16
28.0653 1861.96 3 16
28.1646 1867.91 3 16
28.3523 1874.03 3 16
28.6194 1880.28 3 16
28.9318 1886.59 3 16
29.2413 1892.88 3 16
29.4982 1899.07 3 16
29.6745 1905.15 3 16
29.7898 1911.12 3 16
29.8871 1917.05 3 16
30.0029 1922.97 3 16
30.15 1928.9 3 16
30.316 1934.86 3 16
30.4832 1940.82 3 16
30.6491 1946.77 3 16
30.8133 1952.74 3 16
30.9638 1958.72 3 16
31.0818 1964.69 3 16
31.1606 1970.66 3 16
31.2043 1976.59 3 16
31.2304 1982.54 3 16
31.2526 1988.54 3 16
31.2774 1994.61 3 16
31.3027 2000.75 3 16
31.3306 2006.9 3 16
31.359 2013.05 3 16
31.3824 2019.21 3 16
31.3932 2025.39 3 16
31.3822 2031.6 3 16
31.3456 2037.84 3 16
31.2874 2044.11 3 16
31.2214 2050.35 3 16
31.1638 2056.57 3 16
31.126 2062.77 3 16
31.1078 2068.99 3 16
31.1019 2075.24 3 16
31.1034 2081.54 3 16
31.1171 2087.86 3 16
31.1532 2094.22 3 16
31.2158 2100.62 3 16
31.2997 2107.06 3 16
31.3944 2113.51 3 16
31.4913 2119.97 3 16
31.587 2126.42 3 16
31.6821 2132.88 3 16
31.7789 2139.25 3 16
31.8924 2145.55 3 16
32.0158 2151.78 3 16
32.202 2158.04 3 16
0 0 -1 0
0 0 -1 0
0 0 -1 0
0 0 -1 0
0 0 -1 0
0 0 -1 0
0 0 -1 0
0 0 -1 0
0 0 -1 0
0 0 -1 0
0 0 -1 0
0 0 -1 0
0 0 -1 0
0 0 -1 0
0 0 -1 0
0 0 -1 0
0 0 -1 0
0 0 -1 0
0 0 -1 0
0 0 -1 0
0 0 -1 0
0 0 -1 0
0 0 -1 0
0 0 -1 0
0 0 -1 0
0 0 -1 0
0 0 -1 0
0 0 -1 0
0 0 -1 0
0 0 -1 0
0 0 -1 0
0 0 -1 0
0 0 -1 0
0 0 -1 0
0 0 -1 0
0 0 -1 0
0 0 -1 0
0 0 -1 0
0 0 -1 0
0 0 -1 0
0 0 -1 0
0 0 -1 0
0 0 -1 0
0 0 -1 0
0 0 -1 0
0 0 -1 0
0 0 -1 0
0 0 -1 0
0 0 -1 0
0 0 -1 0
0 0 -1 0
0 0 -1 0
0 0 -1 0
0 0 -1 0
0 0 -1 0
0 0 -1 0
0 0 -1 0
0 0 -1 0
0 0 -1 0
0 0 -1 0
0 0 -1 0
0 0 -1 0
0 0 -1 0
0 0 -1 0
0 0 -1 0
0 0 -1 0
0 0 -1 0
0 0 -1 0
0 0 -1 0
0 0 -1 0
0 0 -1 0
0 0 -1 0
0 0 -1 0
0 0 -1 0
0 0 -1 0
0 0 -1 0
0 0 -1 0
0 0 -1 0
0 0 -1 0
0 0 -1 0
0 0 -1 0
0 0 -1 0
0 0 -1 0
0 0 -1 0
0 0 -1 0
0 0 -1 0
0 0 -1 0
0 0 -1 0
0 0 -1 0
0 0 -1 0
0 0 -1 0
0 0 -1 0
0 0 -1 0
0 0 -1 0
0 0 -1 0
0 0 -1 0
0 0 -1 0
0 0 -1 0
0 0 -1 0
0 0 -1 0
0 0 -1 0
0 0 -1 0
0 0 -1 0
0 0 -1 0
0 0 -1 0
0 0 -1 0
0 0 -1 0
0 0 -1 0
0 0 -1 0
0 0 -1 0
0 0 -1 0
0 0 -1 0
0 0 -1 0
0 0 -1 0
0 0 -1 0
0 0 -1 0
0 0 -1 0
0 0 -1 0
0 0 -1 0
0 0 -1 0
0 0 -1 0
0 0 -1 0
0 0 -1 0
0 0 -1 0
0 0 -1 0
0 0 -1 0
0 0 -1 0
0 0 -1 0
0 0 -1 0
0 0 -1 0
0 0 -1 0
0 0 -1 0
0 0 -1 0
0 0 -1 0
0 0 -1 0
0 0 -1 0
0 0 -1 0
0 0 -1 0
0 0 -1 0
0 0 -1 0
0 0 -1 0
0 0 -1 0
0 0 -1 0
0 0 -1 0
0 0 -1 0
0 0 -1 0
0 0 -1 0
0 0 -1 0
0 0 -1 0
0 0 -1 0
0 0 -1 0
0 0 -1 0
0 0 -1 0
0 0 -1 0
0 0 -1 0
0 0 -1 0
0 0 -1 0
0 0 -1 0
0 0 -1 0
0 0 -1 0
0 0 -1 0
0 0 -1 0
0 0 -1 0
0 0 -1 0
0 0 -1 0
0 0 -1 0
0 0 -1 0
0 0 -1 0
0 0 -1 0
0 0 -1 0
0 0 -1 0
0 0 -1 0
0 0 -1 0
0 0 -1 0
0 0 -1 0
0 0 -1 0
0 0 -1 0
0 0 -1 0
0 0 -1 0
0 0 -1 0
0 0 -1 0
0 0 -1 0
0 0 -1 0
0 0 -1 0
0 0 -1 0
0 0 -1 0
0 0 -1 0
0 0 -1 0
0 0 -1 0
0 0 -1 0
0 0 -1 0
0 0 -1 0
0 0 -1 0
0 0 -1 0
0 0 -1 0
0 0 -1 0
0 0 -1 0
0 0 -1 0
0 0 -1 0
0 0 -1 0
0 0 -1 0
0 0 -1 0
0 0 -1 0
0 0 -1 0
0 0 -1 0
0 0 -1 0
0 0 -1 0
0 0 -1 0
0 0 -1 0
0 0 -1 0
0 0 -1 0
0 0 -1 0
0 0 -1 0
0 0 -1 0
0 0 -1 0
0 0 -1 0
0 0 -1 0
0 0 -1 0
0 0 -1 0
0 0 -1 0
0 0 -1 0
0 0 -1 0
0 0 -1 0
0 0 -1 0
0 0 -1 0
0 0 -1 0
