42.083 1389.3 4 10.5
42.1106 1394.8 4 10.5
42.0515 1400.2 4 10.5
41.93 1405.56 4 10.5
41.7085 1410.85 4 10.5
41.3967 1416.1 4 10.5
41.0252 1421.34 4 10.5
40.6239 1426.59 4 10.5
40.2162 1431.84 4 10.5
39.807 1437.06 4 10.5
39.3965 1442.27 4 10.5
38.9856 1447.46 4 10.5
38.5761 1452.66 4 10.5
38.1726 1457.89 4 10.5
37.7803 1463.17 4 10.5
37.4016 1468.49 4 10.5
37.0341 1473.86 4 10.5
36.6727 1479.26 4 10.5
36.3129 1484.66 4 10.5
35.9526 1490.06 4 10.5
35.5912 1495.46 4 10.5
35.2289 1500.86 4 10.5
34.8697 1506.26 3 10.5
34.5229 1511.65 3 10.5
34.1986 1517.02 3 10.5
33.9017 1522.38 3 10.5
33.6267 1527.72 3 10.5
33.3603 1533.04 3 10.5
33.097 1538.37 3 10.5
32.8456 1543.74 3 10.5
32.6227 1549.2 3 10.5
32.4383 1554.78 3 10.5
32.2924 1560.51 3 10.5
32.1881 1566.37 3 10.5
32.1267 1572.31 3 10.5
32.0963 1578.26 3 10.5
32.0713 1584.12 3 10.5
32.0171 1589.87 3 10.5
31.9124 1595.5 3 10.5
31.7669 1601.07 3 10.5
31.6023 1606.64 3 10.5
31.441 1612.23 3 10.5
31.3033 1617.84 3 10.5
31.2047 1623.44 3 10.5
31.1475 1629 3 10.5
31.1211 1634.54 3 10.5
31.11 1640.1 3 10.5
31.0979 1645.75 3 10.5
31.0701 1651.53 3 10.5
31.0221 1657.39 3 10.5
30.9521 1663.3 3 10.5
30.8651 1669.22 3 10.5
30.773 1675.13 3 10.5
30.6821 1681.07 3 10.5
30.5914 1687.04 3 10.5
30.5004 1693.04 3 10.5
30.4074 1699.05 3 10.5
30.3144 1705.05 3 10.5
30.2214 1711.03 3 10.5
30.1399 1716.96 3 10.5
30.0834 1722.82 3 10.5
30.0607 1728.66 3 10.5
30.0681 1734.52 3 10.5
30.0931 1740.45 3 10.5
30.1216 1746.43 3 10.5
30.1502 1752.43 3 10.5
30.1786 1758.44 3 10.5
30.207 1764.44 3 10.5
30.2355 1770.43 3 10.5
30.264 1776.43 3 10.5
30.2925 1782.43 3 10.5
30.3175 1788.46 3 10.5
30.3343 1794.52 3 10.5
30.3419 1800.64 3 10.5
30.3412 1806.82 3 10.5
30.3373 1813.03 3 10.5
30.3327 1819.24 3 10.5
30.3254 1825.43 3 10.5
30.3135 1831.56 3 10.5
30.299 1837.62 3 10.5
30.2832 1843.63 3 10.5
30.2621 1849.64 3 10.5
30.2425 1855.69 3 10.5
30.2405 1861.83 3 10.5
30.2775 1868.09 3 10.5
30.3875 1874.49 3 10.5
30.5835 1880.97 3 10.5
30.8372 1887.45 3 10.5
31.093 1893.87 3 10.5
31.2817 1900.19 3 10.5
31.347 1906.4 3 10.5
31.3106 1912.53 3 10.5
31.2263 1918.64 3 10.5
31.1479 1924.75 3 10.5
31.102 1930.89 3 10.5
31.0816 1937.06 3 10.5
31.0616 1943.23 3 10.5
31.0159 1949.38 3 10.5
30.9303 1955.52 3 10.5
30.8107 1961.65 3 10.5
30.6987 1967.79 3 10.5
30.6355 1973.97 3 10.5
30.6279 1980.21 3 10.5
30.6329 1986.56 3 10.5
30.6131 1992.98 3 10.5
30.5549 1999.47 3 10.5
30.4755 2005.97 3 10.5
30.393 2012.47 3 10.5
30.3117 2018.99 3 10.5
30.2287 2025.55 3 10.5
30.146 2032.18 3 10.5
30.0686 2038.9 3 10.5
29.9947 2045.68 3 10.5
29.9115 2052.48 3 10.5
29.8058 2059.28 3 10.5
29.6696 2066.06 3 10.5
29.5036 2072.86 3 10.5
29.308 2079.72 3 10.5
29.0785 2086.65 3 10.5
28.8272 2093.63 3 10.5
28.5984 2100.63 3 10.5
28.3734 2107.63 3 10.5
28.1116 2114.64 3 10.5
27.8217 2121.64 3 10.5
27.316 2128.64 3 10.5
0 0 -1 0
0 0 -1 0
0 0 -1 0
0 0 -1 0
0 0 -1 0
0 0 -1 0
0 0 -1 0
0 0 -1 0
0 0 -1 0
0 0 -1 0
0 0 -1 0
0 0 -1 0
0 0 -1 0
0 0 -1 0
0 0 -1 0
0 0 -1 0
0 0 -1 0
0 0 -1 0
0 0 -1 0
0 0 -1 0
0 0 -1 0
0 0 -1 0
0 0 -1 0
0 0 -1 0
0 0 -1 0
0 0 -1 0
0 0 -1 0
0 0 -1 0
0 0 -1 0
0 0 -1 0
0 0 -1 0
0 0 -1 0
0 0 -1 0
0 0 -1 0
0 0 -1 0
0 0 -1 0
0 0 -1 0
0 0 -1 0
0 0 -1 0
0 0 -1 0
0 0 -1 0
0 0 -1 0
0 0 -1 0
0 0 -1 0
0 0 -1 0
0 0 -1 0
0 0 -1 0
0 0 -1 0
0 0 -1 0
0 0 -1 0
0 0 -1 0
0 0 -1 0
0 0 -1 0
0 0 -1 0
0 0 -1 0
0 0 -1 0
0 0 -1 0
0 0 -1 0
0 0 -1 0
0 0 -1 0
0 0 -1 0
0 0 -1 0
0 0 -1 0
0 0 -1 0
0 0 -1 0
0 0 -1 0
0 0 -1 0
0 0 -1 0
0 0 -1 0
0 0 -1 0
0 0 -1 0
0 0 -1 0
0 0 -1 0
0 0 -1 0
0 0 -1 0
0 0 -1 0
0 0 -1 0
0 0 -1 0
0 0 -1 0
0 0 -1 0
0 0 -1 0
0 0 -1 0
0 0 -1 0
0 0 -1 0
0 0 -1 0
0 0 -1 0
0 0 -1 0
0 0 -1 0
0 0 -1 0
0 0 -1 0
0 0 -1 0
0 0 -1 0
0 0 -1 0
0 0 -1 0
0 0 -1 0
0 0 -1 0
0 0 -1 0
0 0 -1 0
0 0 -1 0
0 0 -1 0
0 0 -1 0
0 0 -1 0
0 0 -1 0
0 0 -1 0
0 0 -1 0
0 0 -1 0
0 0 -1 0
0 0 -1 0
0 0 -1 0
0 0 -1 0
0 0 -1 0
0 0 -1 0
0 0 -1 0
0 0 -1 0
0 0 -1 0
0 0 -1 0
0 0 -1 0
0 0 -1 0
0 0 -1 0
0 0 -1 0
0 0 -1 0
0 0 -1 0
0 0 -1 0
0 0 -1 0
0 0 -1 0
0 0 -1 0
0 0 -1 0
0 0 -1 0
0 0 -1 0
0 0 -1 0
0 0 -1 0
0 0 -1 0
0 0 -1 0
0 0 -1 0
0 0 -1 0
0 0 -1 0
0 0 -1 0
0 0 -1 0
0 0 -1 0
0 0 -1 0
0 0 -1 0
0 0 -1 0
0 0 -1 0
0 0 -1 0
0 0 -1 0
0 0 -1 0
0 0 -1 0
0 0 -1 0
0 0 -1 0
0 0 -1 0
0 0 -1 0
0 0 -1 0
0 0 -1 0
0 0 -1 0
0 0 -1 0
0 0 -1 0
0 0 -1 0
0 0 -1 0
0 0 -1 0
0 0 -1 0
0 0 -1 0
0 0 -1 0
0 0 -1 0
0 0 -1 0
0 0 -1 0
0 0 -1 0
0 0 -1 0
0 0 -1 0
0 0 -1 0
0 0 -1 0
0 0 -1 0
0 0 -1 0
0 0 -1 0
0 0 -1 0
0 0 -1 0
