17.165 929.213 2 17.5
17.2023 933.713 2 17.5
17.2398 938.213 2 17.5
17.2772 942.713 2 17.5
17.3148 947.213 2 17.5
17.353 951.714 2 17.5
17.3918 956.215 2 17.5
17.4273 960.712 2 17.5
17.4507 965.198 2 17.5
17.4527 969.664 2 17.5
17.4305 974.107 2 17.5
17.3907 978.529 2 17.5
17.3472 982.939 2 17.5
17.3029 987.352 2 17.5
17.2454 991.778 2 17.5
17.155 996.225 2 17.5
17.0298 1000.69 2 17.5
16.8945 1005.18 2 17.5
16.7904 1009.68 2 17.5
16.737 1014.18 2 17.5
16.7271 1018.68 2 17.5
16.7364 1023.18 2 17.5
16.7469 1027.68 2 17.5
16.7538 1032.18 2 17.5
16.7606 1036.68 2 17.5
16.7674 1041.18 2 17.5
16.7742 1045.68 2 17.5
16.7811 1050.18 2 17.5
16.788 1054.68 2 17.5
16.7949 1059.18 2 17.5
16.8018 1063.68 2 17.5
16.8086 1068.18 2 17.5
16.8154 1072.68 2 17.5
16.8222 1077.18 2 17.5
16.8291 1081.68 2 17.5
16.8361 1086.18 2 17.5
16.8432 1090.68 2 17.5
16.8503 1095.18 2 17.5
16.8572 1099.68 2 17.5
16.8641 1104.18 2 17.5
16.871 1108.68 2 17.5
16.878 1113.18 2 17.5
16.885 1117.68 2 17.5
16.892 1122.18 2 17.5
16.8989 1126.68 2 17.5
16.9056 1131.18 2 17.5
16.9124 1135.68 2 17.5
16.9191 1140.18 2 17.5
16.926 1144.69 2 17.5
16.9329 1149.19 2 17.5
16.9416 1153.7 2 17.5
16.9506 1158.19 2 17.5
16.9556 1162.64 2 17.5
16.9541 1167.02 2 17.5
16.947 1171.35 2 17.5
16.9394 1175.62 2 17.5
16.9357 1179.85 2 17.5
16.9329 1184.03 2 17.5
16.9273 1188.15 2 17.5
16.9188 1192.22 2 17.5
16.9094 1196.24 2 17.5
16.902 1200.24 2 17.5
16.8966 1204.23 2 17.5
16.8914 1208.23 2 17.5
16.8861 1212.23 2 17.5
16.8809 1216.23 2 17.5
16.8761 1220.23 2 17.5
16.8679 1224.23 2 17.5
16.851 1228.25 2 17.5
16.8225 1232.32 2 17.5
16.7825 1236.46 2 17.5
16.7296 1240.68 2 17.5
16.6637 1244.98 2 17.5
16.5885 1249.33 2 17.5
16.5132 1253.67 2 17.5
16.4472 1257.98 2 17.5
16.3952 1262.2 2 17.5
16.3578 1266.34 2 17.5
16.3313 1270.4 2 17.5
16.3153 1274.45 2 17.5
16.3069 1278.51 2 17.5
16.3027 1282.63 2 17.5
16.2998 1286.84 2 17.5
16.3012 1291.13 2 17.5
16.3047 1295.5 2 17.5
16.3096 1299.93 2 17.5
16.3155 1304.4 2 17.5
16.3232 1308.89 2 17.5
16.3333 1313.38 2 17.5
16.3466 1317.87 2 17.5
16.3616 1322.37 2 17.5
16.3767 1326.87 2 17.5
16.3916 1331.37 2 17.5
16.4065 1335.87 2 17.5
16.4214 1340.37 2 17.5
16.4361 1344.87 2 17.5
16.451 1349.37 2 17.5
16.466 1353.87 2 17.5
16.481 1358.37 2 17.5
16.496 1362.87 2 17.5
16.511 1367.37 2 17.5
16.5259 1371.86 2 17.5
16.5387 1376.36 2 17.5
16.5517 1380.89 2 17.5
16.5658 1385.45 2 17.5
16.582 1390.05 2 17.5
16.5993 1394.7 2 17.5
16.6168 1399.37 2 17.5
16.6343 1404.04 2 17.5
16.6517 1408.68 2 17.5
16.6663 1413.29 2 17.5
16.6744 1417.88 2 17.5
16.675 1422.48 2 17.5
16.6694 1427.13 2 17.5
16.6618 1431.86 2 17.5
16.6549 1436.66 2 17.5
16.6494 1441.53 2 17.5
16.6444 1446.47 2 17.5
16.6383 1451.45 2 17.5
16.6302 1456.45 2 17.5
16.6204 1461.46 2 17.5
16.6106 1466.46 2 17.5
16.6008 1471.46 2 17.5
16.5909 1476.46 2 17.5
16.581 1481.45 2 17.5
16.5662 1486.45 2 17.5
16.5471 1491.48 2 17.5
16.5304 1496.57 2 17.5
16.5221 1501.73 2 17.5
16.5202 1506.95 2 17.5
16.5153 1512.2 2 17.5
16.4995 1517.45 2 17.5
16.4805 1522.74 2 17.5
16.468 1528.08 2 17.5
16.467 1533.48 2 17.5
16.4733 1538.91 2 17.5
16.4819 1544.31 2 17.5
16.4988 1549.64 2 17.5
16.5378 1554.92 2 17.5
16.6045 1560.17 2 17.5
16.6976 1565.43 2 17.5
16.8053 1570.7 2 17.5
16.9114 1575.98 2 17.5
17.0015 1581.22 2 17.5
17.0669 1586.41 2 17.5
17.1024 1591.51 2 17.5
17.1099 1596.53 2 17.5
17.1107 1601.5 2 17.5
17.1388 1606.44 2 17.5
17.2272 1611.43 2 17.5
17.3962 1616.49 2 17.5
17.6372 1621.64 2 17.5
17.9219 1626.85 2 17.5
18.2252 1632.1 2 17.5
18.5314 1637.37 2 17.5
18.8343 1642.66 2 17.5
19.1267 1647.99 2 17.5
19.388 1653.32 2 17.5
19.5896 1658.61 2 17.5
19.7076 1663.82 2 17.5
19.7378 1668.96 2 17.5
19.7016 1674.04 2 17.5
19.6291 1679.09 2 17.5
19.5465 1684.14 2 17.5
19.4662 1689.18 2 17.5
19.3882 1694.24 2 17.5
19.3109 1699.29 2 17.5
19.2356 1704.33 2 17.5
19.1607 1709.34 2 17.5
19.0851 1714.28 2 17.5
19.019 1719.13 2 17.5
18.9743 1723.88 2 17.5
18.9583 1728.59 2 17.5
18.9674 1733.3 2 17.5
18.9894 1738.05 2 17.5
19.0121 1742.83 2 17.5
19.0283 1747.64 2 17.5
19.0367 1752.48 2 17.5
19.0423 1757.4 2 17.5
19.0589 1762.44 2 17.5
19.0904 1767.6 2 17.5
19.1331 1772.88 2 17.5
19.173 1778.24 2 17.5
19.2052 1783.64 2 17.5
19.2298 1789.06 2 17.5
19.2491 1794.49 2 17.5
19.2595 1799.93 2 17.5
19.26 1805.36 2 17.5
19.253 1810.78 2 17.5
19.2425 1816.2 2 17.5
19.2319 1821.63 2 17.5
19.2211 1827.07 2 17.5
19.2104 1832.52 2 17.5
19.1998 1837.97 2 17.5
19.1892 1843.42 2 17.5
19.1789 1848.87 2 17.5
19.1644 1854.32 2 17.5
19.1435 1859.79 2 17.5
19.1242 1865.32 2 17.5
19.1243 1870.94 2 17.5
19.1616 1876.66 2 17.5
19.243 1882.45 2 17.5
19.3516 1888.27 2 17.5
19.4596 1894.1 2 17.5
19.5504 1899.95 2 17.5
19.622 1905.83 2 17.5
19.6835 1911.72 2 17.5
19.7452 1917.62 2 17.5
19.8097 1923.53 2 17.5
19.8726 1929.43 2 17.5
19.9301 1935.31 2 17.5
19.9776 1941.18 2 17.5
20.013 1947.02 2 17.5
20.0383 1952.84 2 17.5
20.0579 1958.65 2 17.5
20.076 1964.44 2 17.5
20.1036 1970.19 2 17.5
20.156 1975.91 2 17.5
20.2454 1981.61 2 17.5
20.3659 1987.31 2 17.5
20.4908 1993 2 17.5
20.5805 1998.66 2 17.5
20.612 2004.26 2 17.5
20.5882 2009.81 2 17.5
20.5308 2015.31 2 17.5
20.4622 2020.81 2 17.5
20.395 2026.3 2 17.5
20.33 2031.8 2 17.5
20.265 2037.3 2 17.5
20.1999 2042.8 2 17.5
20.1348 2048.3 2 17.5
20.0769 2053.77 2 17.5
20.0338 2059.21 2 17.5
20.0093 2064.65 2 17.5
20.0002 2070.1 2 17.5
19.9994 2075.57 2 17.5
19.9991 2081.06 2 17.5
19.999 2086.56 2 17.5
19.9989 2092.06 2 17.5
19.9984 2097.57 2 17.5
19.9972 2103.07 2 17.5
19.9949 2108.57 2 17.5
19.9916 2114.08 2 17.5
19.9877 2119.58 2 17.5
19.983 2125.08 2 17.5
0 0 -1 0
0 0 -1 0
0 0 -1 0
0 0 -1 0
0 0 -1 0
0 0 -1 0
0 0 -1 0
0 0 -1 0
0 0 -1 0
0 0 -1 0
0 0 -1 0
0 0 -1 0
0 0 -1 0
0 0 -1 0
0 0 -1 0
0 0 -1 0
0 0 -1 0
0 0 -1 0
0 0 -1 0
0 0 -1 0
0 0 -1 0
0 0 -1 0
0 0 -1 0
0 0 -1 0
0 0 -1 0
0 0 -1 0
0 0 -1 0
0 0 -1 0
0 0 -1 0
0 0 -1 0
0 0 -1 0
0 0 -1 0
0 0 -1 0
0 0 -1 0
0 0 -1 0
0 0 -1 0
0 0 -1 0
0 0 -1 0
0 0 -1 0
0 0 -1 0
0 0 -1 0
0 0 -1 0
0 0 -1 0
0 0 -1 0
0 0 -1 0
0 0 -1 0
0 0 -1 0
0 0 -1 0
0 0 -1 0
0 0 -1 0
0 0 -1 0
0 0 -1 0
0 0 -1 0
0 0 -1 0
0 0 -1 0
