7.446 1840.42 1 17.5
7.46615 1846.1 1 17.5
7.4797 1851.84 1 17.5
7.5006 1857.65 1 17.5
7.5491 1863.56 1 17.5
7.65268 1869.62 1 17.5
7.83889 1875.81 1 17.5
8.09519 1882.07 1 17.5
8.37891 1888.33 1 17.5
8.63669 1894.48 1 17.5
8.81419 1900.46 1 17.5
8.90161 1906.28 1 17.5
8.94335 1911.99 1 17.5
8.9573 1917.62 1 17.5
8.94097 1923.19 1 17.5
8.85743 1928.67 1 17.5
8.68404 1934.06 1 17.5
8.44934 1939.4 1 17.5
8.22676 1944.78 1 17.5
8.05247 1950.27 1 17.5
7.94278 1955.89 1 17.5
7.88125 1961.63 1 17.5
7.83972 1967.45 1 17.5
7.79198 1973.32 1 17.5
7.72886 1979.19 1 17.5
7.65119 1985.04 1 17.5
7.56972 1990.9 1 17.5
7.49665 1996.77 1 17.5
7.427 2002.65 1 17.5
7.35747 2008.52 1 17.5
7.28824 2014.37 1 17.5
7.21935 2020.2 1 17.5
7.14848 2026.04 1 17.5
7.07743 2031.89 1 17.5
7.00667 2037.78 1 17.5
6.93719 2043.72 1 17.5
6.87119 2049.69 1 17.5
6.81637 2055.67 1 17.5
6.77757 2061.65 1 17.5
6.75811 2067.63 1 17.5
6.75241 2073.63 1 17.5
6.75223 2079.62 1 17.5
6.752 2085.62 1 17.5
6.75165 2091.62 1 17.5
6.75099 2097.62 1 17.5
6.74958 2103.63 1 17.5
6.74705 2109.63 1 17.5
6.74341 2115.63 1 17.5
6.739 2121.63 1 17.5
6.734 2127.63 1 17.5
0 0 -1 0
0 0 -1 0
0 0 -1 0
0 0 -1 0
0 0 -1 0
0 0 -1 0
0 0 -1 0
0 0 -1 0
0 0 -1 0
0 0 -1 0
0 0 -1 0
0 0 -1 0
0 0 -1 0
0 0 -1 0
0 0 -1 0
0 0 -1 0
0 0 -1 0
0 0 -1 0
0 0 -1 0
0 0 -1 0
0 0 -1 0
0 0 -1 0
0 0 -1 0
0 0 -1 0
0 0 -1 0
0 0 -1 0
0 0 -1 0
0 0 -1 0
0 0 -1 0
0 0 -1 0
0 0 -1 0
0 0 -1 0
0 0 -1 0
0 0 -1 0
0 0 -1 0
0 0 -1 0
0 0 -1 0
0 0 -1 0
0 0 -1 0
0 0 -1 0
0 0 -1 0
0 0 -1 0
0 0 -1 0
0 0 -1 0
0 0 -1 0
0 0 -1 0
0 0 -1 0
0 0 -1 0
0 0 -1 0
0 0 -1 0
0 0 -1 0
0 0 -1 0
0 0 -1 0
0 0 -1 0
0 0 -1 0
0 0 -1 0
0 0 -1 0
0 0 -1 0
0 0 -1 0
0 0 -1 0
0 0 -1 0
0 0 -1 0
0 0 -1 0
0 0 -1 0
0 0 -1 0
0 0 -1 0
0 0 -1 0
0 0 -1 0
0 0 -1 0
0 0 -1 0
0 0 -1 0
0 0 -1 0
0 0 -1 0
0 0 -1 0
0 0 -1 0
0 0 -1 0
0 0 -1 0
0 0 -1 0
0 0 -1 0
0 0 -1 0
0 0 -1 0
0 0 -1 0
0 0 -1 0
0 0 -1 0
0 0 -1 0
0 0 -1 0
0 0 -1 0
0 0 -1 0
0 0 -1 0
0 0 -1 0
0 0 -1 0
0 0 -1 0
0 0 -1 0
0 0 -1 0
0 0 -1 0
0 0 -1 0
0 0 -1 0
0 0 -1 0
0 0 -1 0
0 0 -1 0
0 0 -1 0
0 0 -1 0
0 0 -1 0
0 0 -1 0
0 0 -1 0
0 0 -1 0
0 0 -1 0
0 0 -1 0
0 0 -1 0
0 0 -1 0
0 0 -1 0
0 0 -1 0
0 0 -1 0
0 0 -1 0
0 0 -1 0
0 0 -1 0
0 0 -1 0
0 0 -1 0
0 0 -1 0
0 0 -1 0
0 0 -1 0
0 0 -1 0
0 0 -1 0
0 0 -1 0
0 0 -1 0
0 0 -1 0
0 0 -1 0
0 0 -1 0
0 0 -1 0
0 0 -1 0
0 0 -1 0
0 0 -1 0
0 0 -1 0
0 0 -1 0
0 0 -1 0
0 0 -1 0
0 0 -1 0
0 0 -1 0
0 0 -1 0
0 0 -1 0
0 0 -1 0
0 0 -1 0
0 0 -1 0
0 0 -1 0
0 0 -1 0
0 0 -1 0
0 0 -1 0
0 0 -1 0
0 0 -1 0
0 0 -1 0
0 0 -1 0
0 0 -1 0
0 0 -1 0
0 0 -1 0
0 0 -1 0
0 0 -1 0
0 0 -1 0
0 0 -1 0
0 0 -1 0
0 0 -1 0
0 0 -1 0
0 0 -1 0
0 0 -1 0
0 0 -1 0
0 0 -1 0
0 0 -1 0
0 0 -1 0
0 0 -1 0
0 0 -1 0
0 0 -1 0
0 0 -1 0
0 0 -1 0
0 0 -1 0
0 0 -1 0
0 0 -1 0
0 0 -1 0
0 0 -1 0
0 0 -1 0
0 0 -1 0
0 0 -1 0
0 0 -1 0
0 0 -1 0
0 0 -1 0
0 0 -1 0
0 0 -1 0
0 0 -1 0
0 0 -1 0
0 0 -1 0
0 0 -1 0
0 0 -1 0
0 0 -1 0
0 0 -1 0
0 0 -1 0
0 0 -1 0
0 0 -1 0
0 0 -1 0
0 0 -1 0
0 0 -1 0
0 0 -1 0
0 0 -1 0
0 0 -1 0
0 0 -1 0
0 0 -1 0
0 0 -1 0
0 0 -1 0
0 0 -1 0
0 0 -1 0
0 0 -1 0
0 0 -1 0
0 0 -1 0
0 0 -1 0
0 0 -1 0
0 0 -1 0
0 0 -1 0
0 0 -1 0
0 0 -1 0
0 0 -1 0
0 0 -1 0
0 0 -1 0
0 0 -1 0
0 0 -1 0
0 0 -1 0
0 0 -1 0
0 0 -1 0
0 0 -1 0
0 0 -1 0
0 0 -1 0
0 0 -1 0
0 0 -1 0
0 0 -1 0
0 0 -1 0
0 0 -1 0
0 0 -1 0
0 0 -1 0
0 0 -1 0
0 0 -1 0
0 0 -1 0
0 0 -1 0
0 0 -1 0
0 0 -1 0
0 0 -1 0
0 0 -1 0
0 0 -1 0
0 0 -1 0
0 0 -1 0
0 0 -1 0
0 0 -1 0
0 0 -1 0
0 0 -1 0
0 0 -1 0
