40.207 346.369 4 18
40.2275 349.758 4 18
40.2923 353.269 4 18
40.3614 356.867 4 18
40.4418 360.598 4 18
40.5242 364.45 4 18
40.6093 368.386 4 18
40.6962 372.371 4 18
40.7832 376.374 4 18
40.8718 380.374 4 18
40.9657 384.349 4 18
41.0566 388.285 4 18
41.1276 392.192 4 18
41.1652 396.1 4 18
41.1604 400.047 4 18
41.1194 404.053 4 18
41.0534 408.115 4 18
40.973 412.21 4 18
40.8857 416.315 4 18
40.7985 420.421 4 18
40.7112 424.524 4 18
40.6238 428.627 4 18
40.5365 432.73 4 18
40.4493 436.832 4 18
40.3622 440.935 4 18
40.2751 445.038 4 18
40.188 449.141 4 18
40.1009 453.244 4 18
40.0138 457.347 4 18
39.9262 461.448 4 18
39.8374 465.547 4 18
39.7493 469.65 4 18
39.6717 473.769 4 18
39.6214 477.908 4 18
39.6135 482.045 4 18
39.6486 486.151 4 18
39.7232 490.236 4 18
39.834 494.342 4 18
39.9753 498.544 4 18
40.1379 502.875 4 18
40.3096 507.312 4 18
40.4779 511.802 4 18
40.645 516.31 4 18
40.8105 520.811 4 18
40.9564 525.31 4 18
41.0586 529.81 4 18
41.1123 534.308 4 18
41.143 538.804 4 18
41.1974 543.299 4 18
41.296 547.8 4 18
41.431 552.328 4 18
41.5715 556.906 4 18
41.6837 561.55 4 18
41.7403 566.26 4 18
41.7396 571.024 4 18
41.6993 575.829 4 18
41.6524 580.662 4 18
41.6147 585.508 4 18
41.579 590.355 4 18
41.5284 595.191 4 18
41.4599 600.02 4 18
41.3811 604.852 4 18
41.3031 609.708 4 18
41.2262 614.604 4 18
41.1505 619.531 4 18
41.0767 624.463 4 18
41.0098 629.379 4 18
40.9522 634.285 4 18
40.9094 639.202 4 18
40.8759 644.132 4 18
40.8458 649.055 4 18
40.8122 653.952 4 18
40.7778 658.832 4 18
40.7441 663.726 4 18
40.7139 668.662 4 18
40.6843 673.64 4 18
40.6546 678.644 4 18
40.6279 683.648 4 18
40.6057 688.622 4 18
40.5815 693.536 4 18
40.5509 698.372 4 18
40.5142 703.128 4 18
40.4772 707.822 4 18
40.4452 712.467 4 18
40.4173 717.068 4 18
40.3877 721.626 4 18
40.3576 726.147 4 18
40.3272 730.646 4 18
40.2988 735.137 4 18
40.2683 739.636 4 18
40.238 744.16 4 18
40.2084 748.725 4 18
40.1823 753.331 4 18
40.1568 757.953 4 18
40.1306 762.556 4 18
40.101 767.115 4 18
40.0662 771.639 4 18
40.0253 776.17 4 18
39.9861 780.76 4 18
39.9575 785.445 4 18
39.9445 790.229 4 18
39.9412 795.087 4 18
39.9326 799.982 4 18
39.9115 804.886 4 18
39.8869 809.782 4 18
39.8729 814.652 4 18
39.8699 819.467 4 18
39.8615 824.194 4 18
39.8293 828.814 4 18
39.7665 833.34 4 18
39.6905 837.815 4 18
39.6303 842.28 4 18
39.6005 846.76 4 18
39.5981 851.255 4 18
39.6104 855.757 4 18
39.624 860.258 4 18
39.635 864.759 4 18
39.646 869.259 4 18
39.6569 873.758 4 18
39.6676 878.258 4 18
39.6783 882.758 4 18
39.689 887.26 4 18
39.6998 891.761 4 18
39.7107 896.253 4 18
39.7226 900.725 4 18
39.7386 905.172 4 18
39.7612 909.609 4 18
39.791 914.056 4 18
39.8262 918.528 4 18
39.8636 923.02 4 18
39.901 927.52 4 18
39.9384 932.017 4 18
39.9738 936.516 4 18
40.0076 941.035 4 18
40.0403 945.597 4 18
40.0751 950.225 4 18
40.1131 954.934 4 18
40.1525 959.724 4 18
40.1808 964.585 4 18
40.1857 969.491 4 18
40.1606 974.418 4 18
40.1123 979.347 4 18
40.0559 984.274 4 18
40.008 989.21 4 18
39.9766 994.166 4 18
39.9623 999.146 4 18
39.9611 1004.14 4 18
39.9672 1009.15 4 18
39.9756 1014.15 4 18
39.9838 1019.15 4 18
39.9914 1024.15 4 18
39.999 1029.15 4 18
40.0066 1034.15 4 18
40.0144 1039.16 4 18
40.024 1044.16 4 18
40.0357 1049.14 4 18
40.0483 1054.07 4 18
40.0598 1058.95 4 18
40.069 1063.74 4 18
40.0741 1068.45 4 18
40.0772 1073.07 4 18
40.0794 1077.64 4 18
40.0828 1082.16 4 18
40.088 1086.66 4 18
40.095 1091.15 4 18
40.1019 1095.65 4 18
40.1086 1100.15 4 18
40.1154 1104.65 4 18
40.1221 1109.15 4 18
40.129 1113.65 4 18
40.136 1118.15 4 18
40.143 1122.65 4 18
40.1499 1127.15 4 18
40.1568 1131.65 4 18
40.1636 1136.15 4 18
40.1704 1140.65 4 18
40.1772 1145.15 4 18
40.1841 1149.65 4 18
40.1908 1154.17 4 18
40.1956 1158.69 4 18
40.1973 1163.22 4 18
40.1953 1167.75 4 18
40.1904 1172.26 4 18
40.1842 1176.77 4 18
40.1781 1181.26 4 18
40.172 1185.76 4 18
40.1659 1190.26 4 18
40.1598 1194.76 4 18
40.1537 1199.26 4 18
40.1478 1203.77 4 18
40.1419 1208.26 4 18
40.136 1212.76 4 18
40.1288 1217.25 4 18
40.1159 1221.76 4 18
40.1019 1226.33 4 18
40.0961 1231.01 4 18
40.1158 1235.82 4 18
40.1669 1240.79 4 18
40.2437 1245.89 4 18
40.3293 1251.11 4 18
40.4128 1256.36 4 18
40.4818 1261.6 4 18
40.5322 1266.78 4 18
40.5603 1271.89 4 18
40.5701 1276.93 4 18
40.5699 1281.94 4 18
40.568 1286.94 4 18
40.5667 1291.93 4 18
40.5661 1296.93 4 18
40.5671 1301.91 4 18
40.5715 1306.88 4 18
40.5806 1311.84 4 18
40.5939 1316.81 4 18
40.6099 1321.79 4 18
40.6263 1326.79 4 18
40.6427 1331.8 4 18
40.6612 1336.8 4 18
40.6817 1341.78 4 18
40.7012 1346.71 4 18
40.7175 1351.59 4 18
40.7307 1356.41 4 18
40.7426 1361.17 4 18
40.7564 1365.91 4 18
40.7721 1370.61 4 18
40.7876 1375.29 4 18
40.803 1379.98 4 18
40.8185 1384.68 4 18
40.8341 1389.41 4 18
40.8499 1394.16 4 18
40.8658 1398.91 4 18
40.8816 1403.66 4 18
40.8974 1408.41 4 18
40.9131 1413.16 4 18
40.9241 1417.94 4 18
40.9275 1422.76 4 18
40.9249 1427.64 4 18
40.9208 1432.56 4 18
40.9161 1437.5 4 18
40.9111 1442.42 4 18
40.9005 1447.31 4 18
40.8872 1452.19 4 18
40.8747 1457.09 4 18
40.8659 1462.03 4 18
40.858 1467 4 18
40.85 1472 4 18
40.8401 1477 4 18
40.8304 1482.01 4 18
40.8206 1487.01 4 18
40.8109 1492.01 4 18
40.801 1497.01 4 18
40.7911 1502.01 4 18
40.7812 1507.01 4 18
40.7714 1512.01 4 18
40.7649 1517.01 4 18
40.7572 1522.01 4 18
40.7298 1527.01 4 18
40.6593 1532.01 4 18
40.5391 1537 4 18
40.396 1541.97 4 18
40.2714 1546.94 4 18
40.1866 1551.94 4 18
40.1325 1557.02 4 18
40.0868 1562.17 4 18
40.0355 1567.37 4 18
39.9837 1572.59 4 18
39.9386 1577.78 4 18
39.9037 1582.92 4 18
39.8818 1588.01 4 18
39.8741 1593.04 4 18
39.8768 1598.03 4 18
39.884 1602.95 4 18
39.8935 1607.78 4 18
39.9192 1612.52 4 18
39.9802 1617.18 4 18
40.0846 1621.8 4 18
40.2231 1626.41 4 18
40.3771 1631 4 18
40.5316 1635.59 4 18
40.6838 1640.22 4 18
40.8213 1644.91 4 18
40.9303 1649.71 4 18
41.0026 1654.63 4 18
41.0467 1659.67 4 18
41.0702 1664.8 4 18
41.0808 1670.02 4 18
41.074 1675.32 4 18
41.0517 1680.66 4 18
41.0194 1686.01 4 18
40.9867 1691.37 4 18
40.9545 1696.72 4 18
40.9207 1702.07 4 18
40.8809 1707.44 4 18
40.8296 1712.78 4 18
40.7752 1718.06 4 18
40.7328 1723.27 4 18
40.715 1728.45 4 18
40.7223 1733.67 4 18
40.7452 1738.96 4 18
40.7707 1744.33 4 18
40.796 1749.74 4 18
