15.126 211.813 2 16
15.2374 215.62 2 16
15.3408 219.455 2 16
15.442 223.268 2 16
15.5463 227.051 2 16
15.6754 230.806 2 16
15.8458 234.576 2 16
16.0615 238.411 2 16
16.31 242.328 2 16
16.5713 246.304 2 16
16.8324 250.301 2 16
17.0934 254.295 2 16
17.356 258.284 2 16
17.6151 262.277 2 16
17.8592 266.29 2 16
18.0734 270.344 2 16
18.2493 274.458 2 16
18.3761 278.635 2 16
18.4395 282.854 2 16
18.4241 287.085 2 16
18.337 291.308 2 16
18.2218 295.52 2 16
18.1328 299.728 2 16
18.0947 303.93 2 16
18.0942 308.118 2 16
18.1026 312.291 2 16
18.1011 316.468 2 16
18.0921 320.666 2 16
18.0819 324.892 2 16
18.072 329.136 2 16
18.0601 333.392 2 16
18.0465 337.667 2 16
18.0337 341.97 2 16
18.0346 346.298 2 16
18.0663 350.637 2 16
18.1354 354.97 2 16
18.2306 359.282 2 16
18.318 363.564 2 16
18.3628 367.822 2 16
18.3466 372.081 2 16
18.2659 376.377 2 16
18.1295 380.732 2 16
17.9552 385.145 2 16
17.7578 389.592 2 16
17.5519 394.054 2 16
17.3484 398.517 2 16
17.1553 402.96 2 16
16.9796 407.352 2 16
16.8267 411.653 2 16
16.7065 415.838 2 16
16.635 419.914 2 16
16.6208 423.925 2 16
16.6634 427.927 2 16
16.7429 431.968 2 16
16.8355 436.064 2 16
16.9266 440.21 2 16
17.0167 444.399 2 16
17.1064 448.632 2 16
17.1985 452.902 2 16
17.2917 457.191 2 16
17.3831 461.48 2 16
17.4713 465.772 2 16
17.5609 470.089 2 16
17.6545 474.462 2 16
17.7523 478.897 2 16
17.852 483.367 2 16
17.9565 487.833 2 16
18.0732 492.276 2 16
18.2087 496.702 2 16
18.3609 501.14 2 16
18.5229 505.604 2 16
18.6865 510.092 2 16
18.85 514.591 2 16
19.0134 519.09 2 16
19.1768 523.587 2 16
19.3404 528.083 2 16
19.5041 532.58 2 16
19.6679 537.078 2 16
19.8314 541.575 2 16
19.9946 546.073 2 16
20.1616 550.573 2 16
20.331 555.069 2 16
20.4884 559.55 2 16
20.6154 564.003 2 16
20.7051 568.429 2 16
20.7677 572.843 2 16
20.82 577.27 2 16
20.8595 581.725 2 16
20.8693 586.206 2 16
20.8398 590.703 2 16
20.7796 595.204 2 16
20.7067 599.704 2 16
20.6351 604.204 2 16
20.5654 608.703 2 16
20.4958 613.204 2 16
20.4262 617.704 2 16
20.3568 622.198 2 16
20.29 626.675 2 16
20.2309 631.133 2 16
20.1829 635.583 2 16
20.1456 640.041 2 16
20.1151 644.518 2 16
20.0868 649.012 2 16
20.0582 653.513 2 16
20.0298 658.014 2 16
20.0014 662.514 2 16
19.9731 667.014 2 16
19.9449 671.514 2 16
19.9166 676.011 2 16
19.8884 680.506 2 16
19.8551 685.006 2 16
19.8173 689.536 2 16
19.7817 694.128 2 16
19.7571 698.794 2 16
19.7435 703.514 2 16
19.7299 708.233 2 16
19.7052 712.899 2 16
19.6695 717.49 2 16
19.6318 722.02 2 16
19.5986 726.521 2 16
19.5702 731.015 2 16
19.5418 735.513 2 16
19.5132 740.012 2 16
19.4849 744.512 2 16
19.4565 749.012 2 16
19.4282 753.512 2 16
19.3999 758.012 2 16
19.3718 762.512 2 16
19.3435 767.01 2 16
19.3156 771.507 2 16
19.2852 776.008 2 16
19.2489 780.527 2 16
19.2071 785.085 2 16
19.1604 789.704 2 16
19.105 794.387 2 16
19.0359 799.124 2 16
18.9502 803.893 2 16
18.8557 808.675 2 16
18.7662 813.446 2 16
18.6856 818.185 2 16
18.6064 822.866 2 16
18.5208 827.477 2 16
18.419 832.024 2 16
18.3208 836.537 2 16
18.2649 841.049 2 16
18.29 845.586 2 16
18.3965 850.151 2 16
18.5343 854.726 2 16
18.6359 859.282 2 16
18.6787 863.792 2 16
18.6811 868.237 2 16
18.6773 872.608 2 16
18.6841 876.899 2 16
18.6932 881.107 2 16
18.6989 885.235 2 16
18.7037 889.298 2 16
18.7096 893.318 2 16
18.7172 897.314 2 16
18.7275 901.296 2 16
18.7414 905.268 2 16
18.7613 909.238 2 16
18.7877 913.213 2 16
18.8189 917.2 2 16
18.852 921.196 2 16
18.8851 925.197 2 16
18.9184 929.198 2 16
18.9516 933.197 2 16
18.9849 937.197 2 16
19.018 941.197 2 16
19.0511 945.197 2 16
19.0844 949.197 2 16
19.12 953.198 2 16
19.1562 957.199 2 16
19.1795 961.197 2 16
19.1704 965.185 2 16
19.1169 969.156 2 16
19.029 973.109 2 16
18.9345 977.044 2 16
18.8594 980.969 2 16
18.8182 984.891 2 16
18.8137 988.817 2 16
18.8401 992.757 2 16
18.8841 996.714 2 16
18.9272 1000.69 2 16
18.9554 1004.68 2 16
18.9683 1008.68 2 16
18.9737 1012.68 2 16
18.9786 1016.68 2 16
18.985 1020.68 2 16
18.9912 1024.69 2 16
19.0023 1028.69 2 16
19.0207 1032.66 2 16
19.0413 1036.57 2 16
19.053 1040.37 2 16
19.0526 1044.07 2 16
19.0435 1047.66 2 16
19.0366 1051.19 2 16
19.037 1054.69 2 16
19.0424 1058.18 2 16
19.0476 1061.68 2 16
19.053 1065.18 2 16
19.0584 1068.68 2 16
19.0636 1072.18 2 16
19.069 1075.68 2 16
19.0744 1079.18 2 16
19.0798 1082.68 2 16
19.0852 1086.18 2 16
19.0906 1089.68 2 16
19.0959 1093.18 2 16
19.1011 1096.68 2 16
19.1064 1100.18 2 16
19.1118 1103.68 2 16
19.1172 1107.18 2 16
19.1226 1110.68 2 16
19.128 1114.18 2 16
19.1334 1117.68 2 16
19.1385 1121.19 2 16
19.1457 1124.69 2 16
19.1528 1128.16 2 16
19.159 1131.6 2 16
19.1615 1134.99 2 16
19.1631 1138.37 2 16
19.1655 1141.76 2 16
19.1718 1145.2 2 16
19.1792 1148.67 2 16
19.1866 1152.18 2 16
19.1921 1155.69 2 16
19.1961 1159.2 2 16
19.1976 1162.72 2 16
19.1962 1166.23 2 16
19.1924 1169.74 2 16
19.1876 1173.24 2 16
19.1829 1176.74 2 16
19.1781 1180.24 2 16
19.1734 1183.74 2 16
19.1686 1187.24 2 16
19.1639 1190.74 2 16
19.1591 1194.24 2 16
19.1544 1197.74 2 16
19.1496 1201.24 2 16
19.1448 1204.74 2 16
19.14 1208.24 2 16
19.1352 1211.74 2 16
19.1304 1215.24 2 16
19.1256 1218.74 2 16
19.1235 1222.24 2 16
19.1223 1225.74 2 16
19.1069 1229.24 2 16
19.052 1232.73 2 16
18.9401 1236.21 2 16
18.778 1239.69 2 16
18.5939 1243.15 2 16
18.4163 1246.61 2 16
18.2642 1250.06 2 16
18.1492 1253.52 2 16
18.0789 1256.98 2 16
18.0524 1260.45 2 16
18.0546 1263.94 2 16
18.0669 1267.44 2 16
18.0753 1270.94 2 16
18.0723 1274.4 2 16
18.0531 1277.79 2 16
18.0176 1281.07 2 16
17.9825 1284.21 2 16
17.9839 1287.23 2 16
18.0429 1290.17 2 16
18.1567 1293.04 2 16
18.3023 1295.89 2 16
18.4552 1298.74 2 16
18.6027 1301.58 2 16
18.739 1304.45 2 16
18.8598 1307.39 2 16
18.9621 1310.46 2 16
19.0527 1313.71 2 16
19.1319 1317.14 2 16
19.1974 1320.75 2 16
19.2419 1324.49 2 16
19.269 1328.32 2 16
19.2839 1332.17 2 16
19.2959 1336.02 2 16
19.3046 1339.86 2 16
19.3132 1343.74 2 16
19.3331 1347.66 2 16
19.3801 1351.69 2 16
19.4603 1355.81 2 16
19.5675 1360.03 2 16
19.6857 1364.31 2 16
19.8039 1368.61 2 16
19.9189 1372.92 2 16
20.0341 1377.23 2 16
20.1503 1381.53 2 16
20.2618 1385.82 2 16
20.355 1390.09 2 16
20.4145 1394.32 2 16
20.433 1398.49 2 16
20.4178 1402.62 2 16
20.3843 1406.73 2 16
20.346 1410.82 2 16
20.3087 1414.92 2 16
20.272 1419.02 2 16
