27.514 46.95 3 17
27.493 50.95 3 17
27.4724 54.9524 3 17
27.4518 58.9568 3 17
27.4327 62.958 3 17
27.4153 66.9385 3 17
27.3973 70.8731 3 17
27.3774 74.7486 3 17
27.3555 78.5698 3 17
27.3329 82.3456 3 17
27.3156 86.0761 3 17
27.31 89.7545 3 17
27.316 93.3951 3 17
27.3342 97.0469 3 17
27.3673 100.768 3 17
27.414 104.585 3 17
27.4691 108.475 3 17
27.526 112.385 3 17
27.5757 116.281 3 17
27.62 120.167 3 17
27.6666 124.064 3 17
27.718 127.98 3 17
27.7693 131.891 3 17
27.8179 135.763 3 17
27.8613 139.586 3 17
27.9057 143.381 3 17
27.9584 147.166 3 17
28.0135 150.927 3 17
28.0566 154.62 3 17
28.0639 158.198 3 17
28.0204 161.637 3 17
27.9342 164.959 3 17
27.8298 168.22 3 17
27.7257 171.484 3 17
27.6325 174.785 3 17
27.5456 178.125 3 17
27.4587 181.481 3 17
27.3718 184.837 3 17
27.285 188.191 3 17
27.1982 191.545 3 17
27.1114 194.898 3 17
27.0246 198.251 3 17
26.9378 201.605 3 17
26.8509 204.959 3 17
26.7641 208.311 3 17
26.6769 211.659 3 17
26.5881 215.006 3 17
26.5015 218.377 3 17
26.4284 221.801 3 17
26.384 225.284 3 17
26.3964 228.813 3 17
26.4865 232.385 3 17
26.6552 236.019 3 17
26.8825 239.76 3 17
27.1402 243.621 3 17
27.4022 247.572 3 17
27.6634 251.563 3 17
27.9246 255.56 3 17
28.1878 259.55 3 17
28.4482 263.544 3 17
28.6918 267.553 3 17
28.8971 271.59 3 17
29.0473 275.667 3 17
29.1279 279.783 3 17
29.1274 283.922 3 17
29.0382 288.062 3 17
28.8736 292.191 3 17
28.6807 296.313 3 17
28.5182 300.436 3 17
28.417 304.561 3 17
28.371 308.671 3 17
28.3534 312.747 3 17
28.3416 316.783 3 17
28.3305 320.792 3 17
28.3214 324.789 3 17
28.312 328.786 3 17
28.3025 332.79 3 17
28.293 336.795 3 17
28.2836 340.773 3 17
28.2778 344.691 3 17
28.2869 348.54 3 17
28.32 352.358 3 17
28.3792 356.207 3 17
28.4571 360.125 3 17
28.5428 364.102 3 17
28.6284 368.105 3 17
28.714 372.109 3 17
28.7995 376.109 3 17
28.8843 380.108 3 17
28.9703 384.107 3 17
29.062 388.104 3 17
29.1566 392.096 3 17
29.2392 396.083 3 17
29.2866 400.068 3 17
29.2808 404.056 3 17
29.2246 408.048 3 17
29.1373 412.046 3 17
29.0392 416.048 3 17
28.9412 420.052 3 17
28.8453 424.055 3 17
28.7486 428.055 3 17
28.6505 432.053 3 17
28.5536 436.056 3 17
28.4698 440.09 3 17
28.4172 444.186 3 17
28.411 448.367 3 17
28.4524 452.629 3 17
28.5283 456.951 3 17
28.6202 461.31 3 17
28.7159 465.686 3 17
28.8104 470.064 3 17
28.9024 474.44 3 17
28.9943 478.817 3 17
29.0876 483.199 3 17
29.1892 487.582 3 17
29.306 491.958 3 17
29.4417 496.336 3 17
29.5924 500.74 3 17
29.7535 505.186 3 17
29.917 509.669 3 17
30.0806 514.169 3 17
30.2444 518.669 3 17
30.408 523.166 3 17
30.5715 527.664 3 17
30.735 532.16 3 17
30.8988 536.653 3 17
31.0616 541.148 3 17
31.2193 545.659 3 17
31.371 550.204 3 17
31.5119 554.798 3 17
31.6234 559.441 3 17
31.6867 564.115 3 17
31.698 568.798 3 17
31.6774 573.473 3 17
31.6552 578.127 3 17
31.6405 582.75 3 17
31.6188 587.331 3 17
31.5761 591.87 3 17
31.5127 596.379 3 17
31.4406 600.876 3 17
31.3698 605.372 3 17
31.3002 609.871 3 17
31.2308 614.372 3 17
31.1611 618.874 3 17
31.0914 623.364 3 17
31.0258 627.829 3 17
30.9692 632.265 3 17
30.9243 636.688 3 17
30.8895 641.124 3 17
30.8602 645.589 3 17
30.8318 650.08 3 17
30.8032 654.582 3 17
30.7748 659.083 3 17
30.7462 663.583 3 17
30.7178 668.083 3 17
30.6894 672.583 3 17
30.661 677.083 3 17
30.6328 681.583 3 17
30.6046 686.083 3 17
30.5764 690.583 3 17
30.5481 695.083 3 17
30.5198 699.583 3 17
30.4914 704.083 3 17
30.463 708.583 3 17
30.4346 713.083 3 17
30.4064 717.582 3 17
30.378 722.082 3 17
30.3496 726.582 3 17
30.3212 731.082 3 17
30.2928 735.582 3 17
30.2642 740.082 3 17
30.2359 744.582 3 17
30.2076 749.082 3 17
30.1794 753.582 3 17
30.1511 758.082 3 17
30.1228 762.581 3 17
30.0943 767.079 3 17
30.0664 771.576 3 17
30.0346 776.078 3 17
29.9951 780.606 3 17
29.9489 785.186 3 17
29.9003 789.843 3 17
29.8459 794.583 3 17
29.7799 799.395 3 17
29.6961 804.252 3 17
29.6002 809.124 3 17
29.5035 813.987 3 17
29.4191 818.819 3 17
29.3643 823.604 3 17
29.3705 828.334 3 17
29.4661 833.009 3 17
29.6796 837.642 3 17
30.0226 842.254 3 17
30.4874 846.867 3 17
31.0388 851.493 3 17
31.618 856.115 3 17
32.1677 860.708 3 17
32.6752 865.261 3 17
33.1601 869.794 3 17
33.6491 874.351 3 17
34.1536 878.972 3 17
34.6657 883.675 4 17
35.1795 888.469 4 17
35.6954 893.342 4 17
36.2123 898.272 4 17
36.735 903.226 4 17
37.2623 908.18 4 17
37.7727 913.131 4 17
38.2269 918.089 4 17
38.5775 923.059 4 17
38.8252 928.036 4 17
39.0292 933.02 4 17
39.2502 938.019 4 17
39.5044 943.059 4 17
39.7597 948.168 4 17
39.9646 953.368 4 17
40.1013 958.661 4 17
40.1868 964.024 4 17
40.2427 969.414 4 17
40.2862 974.79 4 17
40.3192 980.148 4 17
40.3435 985.523 4 17
40.3654 990.971 4 17
40.3911 996.532 4 17
40.4214 1002.21 4 17
40.4518 1007.98 4 17
40.4726 1013.8 4 17
40.4841 1019.65 4 17
40.493 1025.49 4 17
40.5037 1031.32 4 17
40.5141 1037.13 4 17
40.5222 1042.9 4 17
40.5286 1048.66 4 17
40.5367 1054.4 4 17
40.5462 1060.16 4 17
40.5575 1065.9 4 17
40.5672 1071.63 4 17
40.5762 1077.32 4 17
40.585 1082.97 4 17
40.5944 1088.57 4 17
40.602 1094.13 4 17
40.6087 1099.65 4 17
40.6152 1105.15 4 17
40.6236 1110.65 4 17
40.632 1116.15 4 17
40.6404 1121.65 4 17
40.6486 1127.15 4 17
40.657 1132.65 4 17
40.6655 1138.15 4 17
40.674 1143.65 4 17
40.6826 1149.15 4 17
40.6902 1154.67 4 17
40.6947 1160.19 4 17
40.6948 1165.72 4 17
40.6908 1171.25 4 17
40.684 1176.76 4 17
40.6764 1182.27 4 17
40.6688 1187.77 4 17
40.6612 1193.27 4 17
40.6538 1198.77 4 17
40.6462 1204.27 4 17
40.6388 1209.76 4 17
40.6305 1215.26 4 17
40.6172 1220.76 4 17
40.6041 1226.31 4 17
40.6011 1231.94 4 17
40.6269 1237.69 4 17
40.6881 1243.58 4 17
40.7833 1249.58 4 17
40.889 1255.62 4 17
40.9858 1261.62 4 17
41.0499 1267.51 4 17
41.0798 1273.26 4 17
41.0818 1278.89 4 17
41.0746 1284.44 4 17
41.0676 1289.94 4 17
41.0661 1295.43 4 17
41.0669 1300.91 4 17
41.0715 1306.38 4 17
41.0813 1311.83 4 17
41.0908 1317.3 4 17
41.0958 1322.81 4 17
41.1026 1328.4 4 17
41.1182 1334.09 4 17
41.1449 1339.88 4 17
41.1776 1345.72 4 17
41.2047 1351.59 4 17
41.2244 1357.47 4 17
41.243 1363.37 4 17
41.2637 1369.31 4 17
41.2853 1375.28 4 17
41.3071 1381.28 4 17
41.327 1387.29 4 17
41.347 1393.29 4 17
41.367 1399.29 4 17
41.387 1405.29 4 17
41.4068 1411.32 4 17
41.4224 1417.37 4 17
41.4358 1423.44 4 17
41.433 1429.53 4 17
