-823.183 -5959.36 299.329 30149 -49.606
-823.442 -5959.12 299.336 30149 -49.606
-823.704 -5958.88 299.343 30149 -49.606
-823.964 -5958.65 299.35 30149 -49.606
-824.221 -5958.41 299.357 30149 -49.606
-824.48 -5958.17 299.364 30149 -49.606
-824.74 -5957.94 299.371 30149 -49.606
-824.993 -5957.7 299.378 30149 -49.606
-825.232 -5957.47 299.385 30149 -49.606
-825.467 -5957.23 299.391 30149 -49.606
-825.721 -5957 299.398 30149 -49.606
-825.984 -5956.74 299.406 30149 -49.606
-826.266 -5956.48 299.413 30149 -49.606
-826.555 -5956.22 299.421 30149 -49.606
-826.866 -5955.95 299.429 30149 -49.606
-827.195 -5955.65 299.438 30149 -49.606
-827.538 -5955.32 299.448 30149 -49.606
-827.903 -5954.98 299.458 30149 -47.4143
-828.274 -5954.64 299.468 30149 -48.9666
-828.666 -5954.3 299.478 30149 -48.2227
-829.089 -5953.92 299.49 30149 -46.491
-829.529 -5953.5 299.502 30149 -47.4527
-830.007 -5953.06 299.515 30149 -50.8382
-830.519 -5952.65 299.528 30149 -53.131
-831.053 -5952.25 299.541 30149 -50.9446
-831.587 -5951.81 299.555 30149 -49.3294
-832.144 -5951.33 299.57 30149 -47.2973
-832.711 -5950.81 299.585 30149 -46.5541
-833.307 -5950.25 299.602 30149 -47.809
-833.928 -5949.68 299.618 30149 -47.8317
-834.55 -5949.12 299.635 30149 -47.8095
-835.168 -5948.56 299.652 30149 -47.8555
-835.786 -5948 299.669 30149 -47.8096
-836.403 -5947.44 299.685 30149 -47.8325
-837.021 -5946.88 299.702 30149 -47.8325
-837.639 -5946.32 299.719 30149 -48.4788
-838.259 -5945.77 299.735 40149 -46.0484
-838.859 -5945.19 299.752 40149 -46.0942
-839.46 -5944.62 299.768 40149 -46.0484
-840.06 -5944.04 299.785 40149 -46.0713
-840.661 -5943.46 299.801 40149 -46.0942
-841.261 -5942.88 299.818 40149 -46.0484
-841.861 -5942.3 299.835 40149 -46.0713
-842.462 -5941.72 299.851 40149 -46.0713
-843.062 -5941.15 299.868 40149 -46.0713
-843.663 -5940.57 299.884 40149 -46.0484
-844.263 -5939.99 299.901 40149 -46.0942
-844.864 -5939.41 299.917 40149 -46.0484
-845.463 -5938.83 299.934 40149 -46.071
-846.065 -5938.25 299.951 40149 -46.0705
-846.669 -5937.67 299.967 40149 -46.071
-847.271 -5937.09 299.984 40149 -45.0875
-847.847 -5936.52 300 40149 -46.1299
-848.404 -5935.98 300.015 40149 -47.0924
-848.946 -5935.48 300.03 40149 -47.3993
-849.491 -5934.98 300.045 40149 -45.7146
-850.056 -5934.43 300.06 40149 -44.83
-850.641 -5933.84 300.077 40149 -43.7416
-851.249 -5933.2 300.094 40149 -43.6642
-851.876 -5932.54 300.112 40149 -42.8266
-852.499 -5931.87 300.131 40149 -41.5192
-853.104 -5931.19 300.149 40149 -40.9722
-853.703 -5930.5 300.167 40149 -41.4994
-854.305 -5929.82 300.185 40149 -42.9364
-854.921 -5929.16 300.203 40149 -42.9727
-855.537 -5928.5 300.221 40149 -42.5067
-856.143 -5927.83 300.238 40149 -42.0218
-856.734 -5927.18 300.254 40149 -43.9987
-857.33 -5926.56 300.27 40149 -45.623
-857.928 -5925.98 300.285 40149 -45.9633
-858.524 -5925.4 300.3 40149 -45.6341
-859.119 -5924.82 300.315 40149 -45.6454
-859.717 -5924.23 300.33 40149 -45.4948
-860.311 -5923.65 300.345 40149 -45.9036
-860.897 -5923.08 300.36 40149 -46.436
-861.473 -5922.53 300.374 40149 -44.7376
-862.029 -5921.97 300.388 40149 -41.2492
-862.563 -5921.36 300.403 40149 -39.1989
-863.094 -5920.71 300.418 40149 -38.4068
-863.627 -5920.04 300.433 40149 -38.9805
-864.169 -5919.37 300.449 40149 -38.9105
-864.707 -5918.7 300.464 40149 -38.924
-865.244 -5918.04 300.479 40149 -38.9345
-865.783 -5917.37 300.495 40149 -38.5601
-866.317 -5916.7 300.51 40149 -38.8871
-866.853 -5916.04 300.525 40149 -40.7626
-867.399 -5915.4 300.541 40149 -43.3068
-867.961 -5914.81 300.555 40149 -45.2864
-868.535 -5914.24 300.57 40149 -45.7004
-869.109 -5913.68 300.584 40149 -45.294
-869.679 -5913.11 300.599 40149 -45.2915
-870.251 -5912.55 300.613 40149 -45.2908
-870.823 -5911.98 300.628 40149 -45.2913
-871.394 -5911.42 300.642 40149 -45.3143
-871.966 -5910.85 300.657 40149 -45.2668
-872.538 -5910.29 300.671 40149 -45.3148
-873.11 -5909.72 300.686 40149 -45.2625
-873.683 -5909.15 300.7 40149 -44.5171
-874.246 -5908.58 300.714 40149 -43.1676
-874.787 -5908 300.727 40149 -42.3498
-875.317 -5907.42 300.74 40149 -42.0083
-875.846 -5906.83 300.753 40149 -42.0519
-876.383 -5906.24 300.766 40149 -42.0259
-876.924 -5905.64 300.779 40149 -42.0506
-877.462 -5905.04 300.792 40149 -42.027
-878.001 -5904.44 300.806 40149 -42.027
-878.539 -5903.85 300.819 40149 -42.027
-879.078 -5903.25 300.832 40149 -42.0506
-879.617 -5902.65 300.845 40149 -42.027
-880.155 -5902.05 300.858 40149 -42.0507
-880.694 -5901.46 300.872 40149 -42.0031
-881.232 -5900.86 300.885 40149 -42.0269
-881.771 -5900.26 300.898 40149 -42.0505
-882.31 -5899.66 300.911 40149 -42.0269
-882.848 -5899.07 300.924 40149 -42.0507
-883.387 -5898.47 300.937 40149 -42.0269
-883.926 -5897.87 300.951 40149 -42.0269
-884.464 -5897.27 300.964 40149 -42.0505
-885.003 -5896.68 300.977 40149 -42.0269
-885.542 -5896.08 300.99 40149 -42.0269
-886.08 -5895.48 301.003 40149 -42.0506
-886.619 -5894.88 301.016 40149 -42.003
-887.158 -5894.29 301.03 40149 -42.0744
-887.697 -5893.69 301.043 40149 -42.0032
-888.235 -5893.09 301.056 40149 -42.0505
-888.774 -5892.49 301.069 40149 -42.0269
-889.313 -5891.9 301.082 40149 -42.0269
-889.851 -5891.3 301.096 40149 -42.0505
-890.391 -5890.7 301.109 40149 -42.0269
-890.929 -5890.1 301.122 40149 -42.0269
-891.468 -5889.5 301.135 40149 -40.2368
-891.988 -5888.89 301.147 40149 -39.875
-892.503 -5888.27 301.159 40149 -39.8537
-893.014 -5887.66 301.171 40149 -39.4222
-893.519 -5887.05 301.183 40149 -39.1591
-894.022 -5886.43 301.195 40149 -39.1855
-894.53 -5885.81 301.207 40149 -39.1867
-895.039 -5885.18 301.219 40149 -39.186
-895.548 -5884.56 301.231 40149 -39.186
-896.056 -5883.93 301.243 40149 -39.186
-896.564 -5883.31 301.255 40149 -39.1624
-897.072 -5882.69 301.268 40149 -39.2098
-897.581 -5882.06 301.28 40149 -39.1623
-898.089 -5881.44 301.292 40149 -39.1862
-898.598 -5880.82 301.304 40149 -39.186
-899.106 -5880.19 301.316 40149 -39.186
-899.614 -5879.57 301.328 40149 -39.1861
-900.123 -5878.94 301.34 40149 -39.1623
-900.631 -5878.32 301.352 40149 -39.186
-901.139 -5877.7 301.364 40149 -39.186
-901.647 -5877.07 301.376 40149 -39.186
-902.155 -5876.45 301.388 40149 -39.1875
-902.666 -5875.82 301.4 40149 -39.1894
-903.18 -5875.19 301.412 40149 -38.8218
-903.678 -5874.58 301.424 40149 -37.2795
-904.122 -5873.99 301.435 40149 -38.7032
-904.547 -5873.46 301.445 40149 -38.6223
-904.933 -5872.98 301.455 40149 -40.3624
-905.299 -5872.55 301.463 40149 -39.4042
-905.618 -5872.16 301.471 40149 -39.4042
-905.932 -5871.78 301.478 40149 -39.4042
-906.248 -5871.4 301.486 40149 -39.5946
-906.567 -5871.01 301.493 40149 -39.5946
-906.886 -5870.63 301.501 40149 -39.5946
-907.204 -5870.24 301.508 40149 -39.5946
-874.795 -5907.72 0 0 -39.5946
-875.356 -5907.1 0 0 -39.5946
-875.917 -5906.49 0 0 -39.5946
-876.478 -5905.87 0 0 -39.5946
-877.039 -5905.26 0 0 -39.5946
-877.601 -5904.64 0 0 -39.5946
-878.162 -5904.02 0 0 -39.5946
-878.723 -5903.41 0 0 -39.5946
-879.284 -5902.79 0 0 -39.5946
-879.845 -5902.18 0 0 -39.5946
-880.406 -5901.56 0 0 -39.5946
-880.968 -5900.95 0 0 -39.5946
-881.529 -5900.33 0 0 -39.5946
-882.091 -5899.72 0 0 -39.5946
-882.652 -5899.1 0 0 -39.5946
-883.213 -5898.49 0 0 -39.5946
-883.774 -5897.87 0 0 -39.5946
-884.336 -5897.26 0 0 -39.5946
-884.897 -5896.64 0 0 -39.5946
-885.459 -5896.03 0 0 -39.5946
-886.02 -5895.41 0 0 -39.5946
-886.582 -5894.79 0 0 -39.5946
-887.143 -5894.18 0 0 -39.5946
-887.704 -5893.56 0 0 -39.5946
-888.266 -5892.95 0 0 -39.5946
-888.828 -5892.33 0 0 -39.5946
-889.389 -5891.72 0 0 -39.5946
-889.945 -5891.11 0 0 -39.5946
-890.5 -5890.5 0 0 -39.5946
-891.048 -5889.88 0 0 -39.5946
-891.598 -5889.26 0 0 -39.5946
-892.129 -5888.62 0 0 -39.5946
-892.66 -5887.97 0 0 -39.5946
-893.193 -5887.33 0 0 -39.5946
-893.722 -5886.68 0 0 -39.5946
-894.241 -5886.05 0 0 -39.5946
-894.749 -5885.45 0 0 -39.5946
-895.237 -5884.85 0 0 -39.5946
-895.697 -5884.24 0 0 -39.5946
-896.135 -5883.59 0 0 -39.5946
-896.573 -5882.93 0 0 -39.5946
-897.018 -5882.27 0 0 -39.5946
-897.461 -5881.62 0 0 -39.5946
-897.903 -5880.96 0 0 -39.5946
-898.346 -5880.3 0 0 -39.5946
-898.787 -5879.65 0 0 -39.5946
-899.225 -5879 0 0 -39.5946
-899.677 -5878.34 0 0 -39.5946
-900.173 -5877.67 0 0 -39.5946
-900.708 -5876.98 0 0 -39.5946
-901.273 -5876.26 0 0 -39.5946
-901.872 -5875.5 0 0 -39.5946
-902.513 -5874.72 0 0 -39.5946
-903.149 -5873.95 0 0 -39.5946
-903.785 -5873.18 0 0 -39.5946
-742.653 -6016.08 0 0 -39.5946
-744.011 -6015.14 0 0 -39.5946
-745.385 -6014.21 0 0 -39.5946
-746.761 -6013.27 0 0 -39.5946
-748.135 -6012.33 0 0 -39.5946
-749.508 -6011.39 0 0 -39.5946
-750.88 -6010.46 0 0 -39.5946
-752.253 -6009.52 0 0 -39.5946
-753.605 -6008.55 0 0 -39.5946
-754.952 -6007.58 0 0 -39.5946
-756.296 -6006.62 0 0 -39.5946
-757.644 -6005.64 0 0 -39.5946
-759.01 -6004.67 0 0 -39.5946
-760.39 -6003.66 0 0 -39.5946
-761.781 -6002.66 0 0 -39.5946
-763.167 -6001.66 0 0 -39.5946
-764.536 -6000.68 0 0 -39.5946
-765.9 -5999.7 0 0 -39.5946
-767.27 -5998.71 0 0 -39.5946
-768.661 -5997.69 0 0 -39.5946
-770.082 -5996.65 0 0 -39.5946
-771.522 -5995.6 0 0 -39.5946
-772.968 -5994.54 0 0 -39.5946
-774.407 -5993.47 0 0 -39.5946
-775.805 -5992.38 0 0 -39.5946
-777.178 -5991.3 0 0 -39.5946
-778.529 -5990.26 0 0 -39.5946
-779.859 -5989.25 0 0 -39.5946
-781.169 -5988.23 0 0 -39.5946
-782.476 -5987.22 0 0 -39.5946
-783.789 -5986.2 0 0 -39.5946
-785.121 -5985.18 0 0 -39.5946
-786.466 -5984.13 0 0 -39.5946
-787.824 -5983.08 0 0 -39.5946
-789.169 -5982.03 0 0 -39.5946
-790.5 -5981.01 0 0 -39.5946
-791.806 -5980 0 0 -39.5946
-793.124 -5978.98 0 0 -39.5946
-794.475 -5977.94 0 0 -39.5946
-795.838 -5976.87 0 0 -39.5946
-797.168 -5975.8 0 0 -39.5946
-798.468 -5974.75 0 0 -39.5946
-799.754 -5973.71 0 0 -39.5946
-801.047 -5972.66 0 0 -39.5946
-802.34 -5971.62 0 0 -39.5946
-803.633 -5970.57 0 0 -39.5946
-804.926 -5969.53 0 0 -39.5946
-806.22 -5968.48 0 0 -39.5946
-807.513 -5967.44 0 0 -39.5946
-808.806 -5966.39 0 0 -39.5946
-810.108 -5965.34 0 0 -39.5946
-811.394 -5964.3 0 0 -39.5946
-812.646 -5963.29 0 0 -39.5946
-813.87 -5962.28 0 0 -39.5946
-815.073 -5961.25 0 0 -39.5946
-816.272 -5960.21 0 0 -39.5946
-817.434 -5959.16 0 0 -39.5946
-818.569 -5958.14 0 0 -39.5946
-819.715 -5957.09 0 0 -39.5946
-820.876 -5956.01 0 0 -39.5946
-822.057 -5954.93 0 0 -39.5946
-823.232 -5953.85 0 0 -39.5946
-824.397 -5952.78 0 0 -39.5946
-825.571 -5951.71 0 0 -39.5946
-826.763 -5950.61 0 0 -39.5946
-827.97 -5949.5 0 0 -39.5946
-829.198 -5948.37 0 0 -39.5946
-830.44 -5947.23 0 0 -39.5946
-831.684 -5946.09 0 0 -39.5946
-832.93 -5944.96 0 0 -39.5946
-834.164 -5943.84 0 0 -39.5946
-835.423 -5942.71 0 0 -39.5946
-836.616 -5941.56 0 0 -39.5946
-837.81 -5940.41 0 0 -39.5946
-839.005 -5939.26 0 0 -39.5946
-840.202 -5938.11 0 0 -39.5946
-841.398 -5936.96 0 0 -39.5946
-842.569 -5935.81 0 0 -39.5946
-843.711 -5934.7 0 0 -39.5946
-844.829 -5933.63 0 0 0
