-832.364 -5944.36 299.669 30148 -48.0687
-832.364 -5944.36 299.669 30148 -48.0687
-832.364 -5944.36 299.669 30148 -48.0687
-832.364 -5944.36 299.669 30148 -48.0687
-832.364 -5944.36 299.669 30148 -48.0687
-832.364 -5944.36 299.669 30148 -48.0687
-832.364 -5944.36 299.669 30148 -48.0687
-832.364 -5944.36 299.669 30148 -48.0687
-832.364 -5944.36 299.669 30148 -48.0687
-832.364 -5944.36 299.669 30148 -48.0687
-832.364 -5944.36 299.669 30148 -48.0687
-832.364 -5944.36 299.669 30148 -48.0687
-832.364 -5944.36 299.669 30148 -48.0687
-832.364 -5944.36 299.669 30148 -48.0687
-832.364 -5944.36 299.669 30148 -48.0687
-832.364 -5944.36 299.669 30148 -48.0687
-832.364 -5944.36 299.669 30148 -48.0687
-832.364 -5944.36 299.669 30148 -48.0687
-832.364 -5944.36 299.669 30148 -48.0687
-832.364 -5944.36 299.669 30148 -48.0687
-832.364 -5944.36 299.669 30148 -48.0687
-832.364 -5944.36 299.669 30148 -48.0687
-832.364 -5944.36 299.669 30148 -48.0687
-832.364 -5944.36 299.669 30148 -48.0687
-832.364 -5944.36 299.669 30148 -48.0687
-832.364 -5944.36 299.669 30148 -48.0687
-832.364 -5944.36 299.669 30148 -48.0687
-832.364 -5944.36 299.669 30148 -48.0687
-832.364 -5944.36 299.669 30148 -48.0687
-832.364 -5944.36 299.669 30148 -48.0687
-832.372 -5944.35 299.669 30148 -48.0687
-832.396 -5944.33 299.67 30148 -48.0687
-832.432 -5944.29 299.67 30148 -48.0687
-832.462 -5944.27 299.671 30148 -48.0687
-832.491 -5944.25 299.672 30148 -48.0687
-832.545 -5944.22 299.673 30148 -48.0687
-832.617 -5944.14 299.675 30148 -48.0687
-832.717 -5944.04 299.678 30148 -48.0687
-832.842 -5943.92 299.682 30148 -48.0687
-832.969 -5943.81 299.685 30148 -48.0687
-833.092 -5943.7 299.688 30148 -48.0687
-833.211 -5943.59 299.692 30148 -48.0687
-833.332 -5943.48 299.695 30148 -48.0687
-833.479 -5943.36 299.699 30148 -48.0687
-833.654 -5943.22 299.703 30148 -48.0687
-833.848 -5943.03 299.709 30148 -48.0687
-834.071 -5942.81 299.715 30148 -48.0687
-834.365 -5942.58 299.722 40148 -48.0687
-834.606 -5942.35 299.729 40148 -48.0687
-834.868 -5942.12 299.736 40148 -48.0687
-835.157 -5941.85 299.743 40148 -48.0687
-835.464 -5941.54 299.752 40148 -48.0687
-835.799 -5941.2 299.762 40148 -48.0687
-836.157 -5940.85 299.772 40148 -48.0687
-836.516 -5940.51 299.782 40148 -48.0687
-836.874 -5940.16 299.792 40148 -46.701
-837.248 -5939.81 299.802 40148 -45.4917
-837.629 -5939.44 299.812 40148 -46.0266
-838.022 -5939.06 299.823 40148 -46.0944
-838.422 -5938.67 299.835 40148 -47.3577
-838.843 -5938.29 299.846 40148 -46.114
-839.281 -5937.86 299.858 40148 -44.8263
-839.733 -5937.41 299.871 40148 -46.102
-840.207 -5936.95 299.884 40148 -46.0715
-840.686 -5936.49 299.897 40148 -47.2451
-841.187 -5936.03 299.911 40148 -46.6411
-841.715 -5935.53 299.926 40148 -45.507
-842.26 -5934.99 299.941 40148 -45.1078
-842.833 -5934.42 299.957 40148 -46.0718
-843.431 -5933.85 299.974 40148 -46.0483
-844.032 -5933.27 299.99 40148 -46.0723
-844.627 -5932.7 300.007 40148 -46.0734
-845.217 -5932.13 300.023 40148 -46.3708
-845.818 -5931.55 300.04 40148 -46.7087
-846.465 -5930.95 300.058 40148 -45.2039
-847.13 -5930.28 300.076 40148 -44.8045
-847.831 -5929.58 300.096 40148 -43.7425
-848.553 -5928.82 300.117 40148 -43.7939
-849.317 -5928.03 300.139 40148 -42.6314
-850.076 -5927.2 300.162 40148 -42.0799
-850.816 -5926.38 300.184 40148 -42.5172
-851.544 -5925.59 300.205 40148 -43.2871
-852.28 -5924.81 300.227 40148 -42.5611
-853.012 -5924.01 300.248 40148 -41.2945
-853.734 -5923.19 300.267 40148 -42.8275
-854.463 -5922.4 300.287 40148 -43.9175
-855.173 -5921.66 300.305 40148 -45.6211
-855.887 -5920.97 300.324 40148 -46.2642
-856.611 -5920.27 300.342 40148 -45.665
-857.346 -5919.56 300.36 40148 -45.6795
-858.105 -5918.81 300.38 40148 -45.6122
-858.884 -5918.05 300.399 40148 -45.6342
-859.684 -5917.27 300.42 40148 -45.3449
-860.498 -5916.46 300.44 40148 -45.6718
-861.327 -5915.65 300.461 40148 -45.6325
-862.159 -5914.84 300.482 40148 -45.6534
-862.989 -5914.03 300.503 40148 -45.6403
-863.817 -5913.22 300.524 40148 -45.6391
-864.646 -5912.41 300.545 40148 -45.6554
-865.475 -5911.6 300.566 40148 -45.6382
-866.304 -5910.79 300.587 40148 -45.6385
-867.132 -5909.98 300.608 40148 -45.6378
-867.962 -5909.17 300.629 40148 -45.6546
-868.791 -5908.36 300.65 40148 -45.6273
-869.625 -5907.54 300.672 40148 -45.6641
-870.45 -5906.73 300.692 40148 -45.3141
-871.249 -5905.94 300.712 40148 -43.5156
-872.015 -5905.14 300.731 40148 -42.4092
-872.772 -5904.31 300.749 40148 -42.3579
-873.548 -5903.46 300.768 40148 -42.3826
-874.333 -5902.6 300.787 40148 -42.3861
-875.115 -5901.74 300.807 40148 -42.3698
-875.897 -5900.88 300.826 40148 -42.3862
-876.678 -5900.03 300.845 40148 -42.3695
-877.46 -5899.17 300.864 40148 -42.3707
-878.241 -5898.31 300.883 40148 -42.3889
-879.019 -5897.46 300.902 40148 -42.3863
-879.801 -5896.61 300.921 40148 -42.635
-880.599 -5895.74 300.941 40148 -42.1073
-881.405 -5894.85 300.96 40148 -42.3862
-882.224 -5893.95 300.98 40148 -42.1071
-883.031 -5893.06 301 40148 -42.6361
-883.828 -5892.19 301.02 40148 -42.3887
-884.607 -5891.34 301.039 40148 -42.356
-885.385 -5890.48 301.058 40148 -42.6557
-886.179 -5889.62 301.077 40148 -42.4105
-886.989 -5888.74 301.097 40148 -42.3914
-887.82 -5887.82 301.117 40148 -42.047
-888.663 -5886.89 301.138 40148 -40.2141
-889.478 -5885.93 301.157 40148 -40.2052
-890.286 -5884.97 301.176 40148 -39.2242
-891.066 -5884.02 301.194 40148 -39.5497
-891.842 -5883.08 301.212 40148 -39.5343
-892.605 -5882.15 301.231 40148 -39.7943
-893.358 -5881.25 301.248 40148 -39.5183
-894.095 -5880.35 301.266 40148 -39.5349
-894.828 -5879.47 301.283 40148 -39.5183
-895.565 -5878.57 301.301 40148 -39.7941
-896.319 -5877.67 301.318 40148 -39.2475
-897.077 -5876.74 301.336 40148 -39.5341
-897.85 -5875.8 301.355 40148 -39.5027
-898.627 -5874.86 301.373 40148 -39.534
-899.405 -5873.92 301.391 40148 -39.5183
-900.179 -5872.98 301.41 40148 -39.2955
-900.939 -5872.05 301.428 40148 -39.8429
-901.693 -5871.15 301.446 40148 -39.5677
-902.432 -5870.25 301.463 40148 -39.5349
-903.167 -5869.36 301.48 40148 -39.5842
-903.906 -5868.47 301.498 40148 -39.5677
-904.645 -5867.57 301.515 40148 -39.5677
-790.46 -5985.78 0 0 -39.5677
-791.027 -5985.34 0 0 -39.5677
-791.61 -5984.9 0 0 -39.5677
-792.185 -5984.47 0 0 -39.5677
-792.728 -5984.06 0 0 -39.5677
-793.246 -5983.67 0 0 -39.5677
-793.769 -5983.28 0 0 -39.5677
-794.334 -5982.89 0 0 -39.5677
-794.926 -5982.44 0 0 -39.5677
-795.559 -5981.96 0 0 -39.5677
-796.225 -5981.42 0 0 -39.5677
-796.929 -5980.84 0 0 -39.5677
-797.659 -5980.24 0 0 -39.5677
-798.367 -5979.63 0 0 -39.5677
-799.071 -5979.02 0 0 -39.5677
-799.778 -5978.4 0 0 -39.5677
-800.485 -5977.79 0 0 -39.5677
-801.177 -5977.18 0 0 -39.5677
-801.85 -5976.59 0 0 -39.5677
-802.507 -5976.03 0 0 -39.5677
-803.149 -5975.5 0 0 -39.5677
-803.787 -5974.98 0 0 -39.5677
-804.432 -5974.46 0 0 -39.5677
-805.104 -5973.94 0 0 -39.5677
-805.807 -5973.38 0 0 -39.5677
-806.53 -5972.79 0 0 -39.5677
-807.285 -5972.16 0 0 -39.5677
-808.078 -5971.52 0 0 -39.5677
-808.842 -5970.9 0 0 -39.5677
-809.566 -5970.31 0 0 -39.5677
-810.244 -5969.76 0 0 -39.5677
-810.921 -5969.19 0 0 -39.5677
-811.643 -5968.59 0 0 -39.5677
-812.399 -5967.94 0 0 -39.5677
-813.164 -5967.3 0 0 -39.5677
-813.933 -5966.65 0 0 -39.5677
-814.698 -5966.01 0 0 -39.5677
-815.462 -5965.36 0 0 -39.5677
-816.227 -5964.72 0 0 -39.5677
-816.991 -5964.07 0 0 -39.5677
-817.755 -5963.43 0 0 -39.5677
-818.505 -5962.78 0 0 -39.5677
-819.241 -5962.1 0 0 -39.5677
-819.991 -5961.42 0 0 -39.5677
-820.756 -5960.72 0 0 -39.5677
-821.544 -5960 0 0 -39.5677
-822.351 -5959.25 0 0 -39.5677
-823.181 -5958.49 0 0 -39.5677
-824.027 -5957.71 0 0 -39.5677
-824.886 -5956.92 0 0 -39.5677
-825.749 -5956.13 0 0 -39.5677
-826.606 -5955.34 0 0 -39.5677
-827.467 -5954.55 0 0 -39.5677
-828.342 -5953.75 0 0 -39.5677
-829.225 -5952.95 0 0 -39.5677
-830.101 -5952.15 0 0 -39.5677
-830.968 -5951.37 0 0 -39.5677
-831.843 -5950.58 0 0 -39.5677
-832.736 -5949.77 0 0 -39.5677
-833.652 -5948.94 0 0 -39.5677
-834.588 -5948.09 0 0 -39.5677
-835.547 -5947.23 0 0 -39.5677
-836.521 -5946.34 0 0 -39.5677
-837.523 -5945.45 0 0 -39.5677
-838.487 -5944.53 0 0 -39.5677
-839.447 -5943.6 0 0 -39.5677
-840.407 -5942.68 0 0 -39.5677
-841.36 -5941.74 0 0 -39.5677
-842.326 -5940.83 0 0 -39.5677
-843.318 -5939.95 0 0 -39.5677
-844.327 -5939.06 0 0 -39.5677
-845.327 -5938.14 0 0 -39.5677
-846.325 -5937.17 0 0 -39.5677
-847.303 -5936.15 0 0 -39.5677
-848.281 -5935.1 0 0 -39.5677
-849.246 -5934.05 0 0 -39.5677
-850.182 -5933.06 0 0 -39.5677
-851.084 -5932.07 0 0 -39.5677
-851.946 -5931.11 0 0 -39.5677
-852.779 -5930.18 0 0 -39.5677
-853.578 -5929.26 0 0 -39.5677
-854.331 -5928.36 0 0 -39.5677
-855.071 -5927.45 0 0 -39.5677
-855.811 -5926.53 0 0 -39.5677
-856.57 -5925.64 0 0 -39.5677
-857.364 -5924.79 0 0 -39.5677
-858.186 -5923.96 0 0 -39.5677
-859.024 -5923.1 0 0 -39.5677
-859.858 -5922.18 0 0 -39.5677
-860.681 -5921.23 0 0 -39.5677
-861.519 -5920.32 0 0 -39.5677
-862.355 -5919.43 0 0 -39.5677
-863.186 -5918.53 0 0 -39.5677
-864.033 -5917.63 0 0 -39.5677
-864.883 -5916.73 0 0 -39.5677
-865.757 -5915.86 0 0 -39.5677
-866.636 -5915.01 0 0 -39.5677
-867.528 -5914.16 0 0 -39.5677
-868.45 -5913.26 0 0 -39.5677
-869.367 -5912.34 0 0 -39.5677
-870.243 -5911.43 0 0 -39.5677
-871.076 -5910.49 0 0 -39.5677
-871.888 -5909.51 0 0 -39.5677
-872.724 -5908.48 0 0 -39.5677
-873.578 -5907.44 0 0 -39.5677
-874.431 -5906.41 0 0 -39.5677
-875.319 -5905.43 0 0 -39.5677
-876.22 -5904.46 0 0 -39.5677
-877.116 -5903.47 0 0 -39.5677
-878.013 -5902.49 0 0 -39.5677
-878.909 -5901.51 0 0 -39.5677
-879.806 -5900.52 0 0 -39.5677
-880.702 -5899.54 0 0 -39.5677
-881.599 -5898.56 0 0 -39.5677
-882.495 -5897.58 0 0 -39.5677
-883.392 -5896.59 0 0 -39.5677
-884.289 -5895.61 0 0 -39.5677
-885.186 -5894.63 0 0 -39.5677
-886.088 -5893.64 0 0 -39.5677
-886.98 -5892.66 0 0 -39.5677
-887.85 -5891.71 0 0 -39.5677
-888.709 -5890.76 0 0 -39.5677
-889.564 -5889.8 0 0 -39.5677
-890.444 -5888.82 0 0 -39.5677
-891.319 -5887.78 0 0 -39.5677
-892.19 -5886.72 0 0 -39.5677
-893.071 -5885.65 0 0 -39.5677
-893.938 -5884.59 0 0 -39.5677
-894.801 -5883.55 0 0 -39.5677
-895.663 -5882.51 0 0 -39.5677
-896.53 -5881.45 0 0 -39.5677
-897.411 -5880.39 0 0 -39.5677
-898.281 -5879.32 0 0 -39.5677
-899.141 -5878.29 0 0 -39.5677
-900.001 -5877.27 0 0 -39.5677
-900.841 -5876.23 0 0 -39.5677
-901.795 -5875.08 0 0 -39.5677
-902.748 -5873.92 0 0 -39.5677
-859.098 -5919.2 0 0 -39.5677
-859.69 -5918.62 0 0 -39.5677
-860.283 -5918.04 0 0 -39.5677
-860.879 -5917.45 0 0 -39.5677
-861.471 -5916.87 0 0 -39.5677
-862.048 -5916.3 0 0 -39.5677
-862.605 -5915.76 0 0 -39.5677
-863.133 -5915.24 0 0 -39.5677
-863.633 -5914.72 0 0 -39.5677
-864.099 -5914.18 0 0 -39.5677
-864.556 -5913.63 0 0 -39.5677
-865.019 -5913.08 0 0 0
