-727.44 -6025.5 296.919 30148 -55.7143
-727.856 -6025.23 296.93 30148 -55.7143
-728.271 -6024.95 296.94 30148 -55.7143
-728.686 -6024.68 296.95 30148 -55.7143
-729.103 -6024.4 296.961 30148 -56.5222
-729.522 -6024.13 296.971 30148 -56.5222
-729.937 -6023.85 296.982 30148 -56.5222
-730.332 -6023.57 296.992 30148 -56.5222
-730.712 -6023.31 297.002 30148 -56.5222
-731.074 -6023.06 297.011 30148 -56.5222
-731.416 -6022.83 297.02 30148 -56.5222
-731.732 -6022.61 297.028 30148 -56.5222
-732.022 -6022.42 297.035 30148 -56.5222
-732.294 -6022.23 297.042 30148 -56.5222
-732.565 -6022.05 297.049 30148 -56.5222
-732.838 -6021.86 297.056 30148 -56.5222
-733.113 -6021.68 297.063 30148 -56.5222
-733.387 -6021.49 297.07 30148 -56.5222
-733.662 -6021.3 297.077 30148 -56.5222
-733.936 -6021.11 297.084 30148 -56.5222
-734.212 -6020.93 297.091 30148 -56.5222
-734.49 -6020.74 297.098 30148 -56.5222
-734.766 -6020.55 297.105 30148 -56.5222
-735.018 -6020.36 297.111 30148 -56.5222
-735.235 -6020.2 297.117 30148 -56.5222
-735.429 -6020.08 297.122 30148 -56.5222
-735.59 -6019.99 297.126 30148 -56.5222
-735.725 -6019.89 297.129 30148 -56.5222
-735.858 -6019.8 297.132 30148 -56.5222
-735.994 -6019.71 297.136 30148 -56.5222
-736.131 -6019.62 297.139 30148 -56.5222
-736.269 -6019.52 297.143 30148 -56.5222
-736.411 -6019.43 297.146 30148 -56.5222
-736.55 -6019.33 297.15 30148 -56.5222
-736.664 -6019.24 297.153 30148 -56.5222
-736.744 -6019.17 297.155 30148 -56.5222
-736.801 -6019.14 297.157 30148 -56.5222
-736.827 -6019.14 297.157 30148 -56.5222
-736.828 -6019.14 297.157 30148 -56.5222
-736.828 -6019.14 297.157 30148 -56.5222
-736.828 -6019.14 297.157 30148 -56.5222
-736.828 -6019.14 297.157 30148 -56.5222
-736.828 -6019.14 297.157 30148 -56.5222
-736.828 -6019.14 297.157 30148 -56.5222
-736.828 -6019.14 297.157 30148 -56.5222
-736.828 -6019.14 297.157 30148 -56.5222
-736.828 -6019.14 297.157 30148 -56.5222
-736.828 -6019.14 297.157 30148 -56.5222
-736.828 -6019.14 297.157 30148 -56.5222
-736.828 -6019.14 297.157 30148 -56.5222
-736.828 -6019.14 297.157 30148 -56.5222
-736.828 -6019.14 297.157 30148 -56.5222
-736.828 -6019.14 297.157 30148 -56.5222
-736.828 -6019.14 297.157 30148 -56.5222
-736.828 -6019.14 297.157 30148 -56.5222
-736.828 -6019.14 297.157 30148 -56.5222
-736.828 -6019.14 297.157 30148 -56.5222
-736.828 -6019.14 297.157 30148 -56.5222
-736.828 -6019.14 297.157 30148 -56.5222
-736.828 -6019.14 297.157 30148 -56.5222
-736.828 -6019.14 297.157 30148 -56.5222
-736.828 -6019.14 297.157 30148 -56.5222
-736.828 -6019.14 297.157 30148 -56.5222
-736.828 -6019.14 297.157 30148 -56.5222
-736.828 -6019.14 297.157 30148 -56.5222
-736.828 -6019.14 297.157 30148 -56.5222
-736.828 -6019.14 297.157 30148 -56.5222
-736.828 -6019.14 297.157 30148 -56.5222
-736.828 -6019.14 297.157 30148 -56.5222
-736.828 -6019.14 297.157 30148 -56.5222
-736.828 -6019.14 297.157 30148 -56.5222
-736.828 -6019.14 297.157 30148 -56.5222
-736.828 -6019.14 297.157 30148 -56.5222
-736.828 -6019.14 297.157 30148 -56.5222
-736.828 -6019.14 297.157 30148 -56.5222
-736.828 -6019.14 297.157 30148 -56.5222
-736.828 -6019.14 297.157 30148 -56.5222
-736.828 -6019.14 297.157 30148 -56.5222
-736.828 -6019.14 297.157 30148 -56.5222
-736.828 -6019.14 297.157 30148 -56.5222
-736.828 -6019.14 297.157 30148 -56.5222
-736.828 -6019.14 297.157 30148 -56.5222
-736.828 -6019.14 297.157 30148 -56.5222
-736.828 -6019.14 297.157 30148 -56.5222
-736.828 -6019.14 297.157 30148 -56.5222
-736.828 -6019.14 297.157 30148 -56.5222
-736.828 -6019.14 297.157 30148 -56.5222
-736.828 -6019.14 297.157 30148 -56.5222
-736.835 -6019.15 297.157 30148 -56.5222
-736.826 -6019.13 297.157 30148 -56.5222
-736.857 -6019.07 297.158 30148 -56.5222
-736.907 -6018.97 297.16 30148 -56.5222
-736.994 -6018.84 297.163 30148 -56.5222
-737.118 -6018.73 297.167 30148 -56.5222
-737.263 -6018.64 297.17 30148 -56.5222
-737.399 -6018.55 297.174 30148 -56.5222
-737.531 -6018.46 297.177 30148 -56.5222
-737.671 -6018.38 297.181 30148 -56.5222
-737.812 -6018.26 297.184 30148 -56.5222
-737.984 -6018.1 297.189 30148 -56.5222
-738.176 -6017.9 297.195 30148 -56.5222
-738.4 -6017.68 297.202 30148 -56.5222
-738.66 -6017.48 297.208 30148 -56.5222
-738.942 -6017.3 297.215 30148 -56.5222
-739.217 -6017.11 297.222 30148 -56.5222
-739.491 -6016.92 297.229 30148 -56.5222
-739.765 -6016.73 297.236 30148 -56.5222
-740.035 -6016.54 297.243 30148 -56.5222
-740.317 -6016.36 297.25 30148 -56.5222
-740.62 -6016.21 297.257 30148 -56.5222
-740.934 -6016.08 297.264 30148 -56.5222
-741.238 -6015.93 297.271 30148 -56.5222
-741.52 -6015.75 297.278 30148 -56.5222
-741.789 -6015.55 297.285 30148 -56.5222
-742.064 -6015.37 297.292 30148 -56.5222
-742.338 -6015.18 297.299 30148 -56.5222
-742.613 -6014.99 297.306 30148 -56.5222
-742.887 -6014.81 297.313 30148 -56.5222
-743.161 -6014.62 297.32 30148 -56.5222
-743.435 -6014.43 297.327 30148 -56.5222
-743.711 -6014.24 297.334 30148 -56.5222
-743.988 -6014.05 297.341 30148 -56.5222
-744.257 -6013.87 297.348 30148 -56.5222
-744.517 -6013.69 297.355 30148 -56.5222
-744.797 -6013.53 297.361 30148 -56.5222
-745.127 -6013.36 297.369 30148 -56.5222
-745.487 -6013.14 297.378 30148 -56.5222
-745.877 -6012.9 297.388 30148 -58.7068
-746.316 -6012.63 297.398 30148 -59.3256
-746.768 -6012.36 297.409 30148 -59.3952
-747.217 -6012.1 297.42 30148 -59.3366
-747.663 -6011.83 297.431 30148 -59.3464
-748.113 -6011.57 297.442 30148 -59.5916
-748.561 -6011.3 297.453 30148 -58.0226
-748.986 -6011.04 297.463 30148 -58.0226
-749.383 -6010.79 297.473 30148 -58.0226
-749.748 -6010.56 297.482 30148 -58.0226
-750.085 -6010.34 297.491 30148 -58.0226
-750.399 -6010.13 297.499 30148 -58.0226
-750.711 -6009.92 297.507 30148 -58.0226
-751.025 -6009.7 297.515 30148 -58.0226
-751.341 -6009.49 297.523 30148 -58.0226
-751.657 -6009.27 297.531 30148 -58.0226
-751.974 -6009.05 297.539 30148 -58.0226
-752.286 -6008.83 297.547 30148 -58.0226
-752.591 -6008.62 297.554 30148 -58.0226
-752.893 -6008.4 297.562 30148 -58.0226
-753.19 -6008.18 297.57 30148 -58.0226
-753.485 -6007.97 297.578 30148 -58.0226
-753.781 -6007.76 297.585 30148 -58.0226
-754.078 -6007.54 297.593 30148 -58.0226
-754.374 -6007.33 297.6 30148 -58.0226
-754.671 -6007.12 297.608 30148 -58.0226
-754.967 -6006.9 297.616 30148 -58.0226
-755.264 -6006.69 297.623 30148 -58.0226
-755.56 -6006.48 297.631 30148 -58.0226
-755.857 -6006.26 297.639 30148 -58.0226
-756.153 -6006.05 297.646 30148 -58.0226
-756.45 -6005.84 297.654 30148 -58.0226
-756.746 -6005.62 297.662 30148 -58.0226
-757.043 -6005.41 297.669 30148 -58.0226
-757.339 -6005.19 297.677 30148 -58.0226
-757.638 -6004.98 297.685 30148 -58.0226
-757.94 -6004.76 297.692 30148 -58.0226
-758.225 -6004.55 297.7 30148 -58.0226
-758.47 -6004.34 297.707 30148 -58.0226
-758.687 -6004.17 297.712 30148 -58.0226
-758.877 -6004.03 297.717 30148 -58.0226
-759.031 -6003.93 297.721 30148 -58.0226
-759.168 -6003.83 297.725 30148 -58.0226
-759.299 -6003.74 297.728 30148 -58.0226
-759.419 -6003.64 297.731 30148 -58.0226
-759.522 -6003.57 297.734 30148 -58.0226
-759.601 -6003.51 297.736 30148 -58.0226
-759.656 -6003.47 297.737 30148 -58.0226
-759.688 -6003.45 297.738 30148 -58.0226
-759.705 -6003.44 297.738 30148 -58.0226
-759.708 -6003.44 297.738 30148 -58.0226
-759.708 -6003.44 297.738 30148 -58.0226
-759.708 -6003.44 297.738 30148 -58.0226
-759.708 -6003.44 297.738 30148 -58.0226
-759.708 -6003.44 297.738 30148 -58.0226
-759.708 -6003.44 297.738 30148 -58.0226
-759.708 -6003.44 297.738 30148 -58.0226
-759.708 -6003.44 297.738 30148 -58.0226
-759.708 -6003.44 297.738 30148 -58.0226
-759.708 -6003.44 297.738 30148 -58.0226
-759.708 -6003.44 297.738 30148 -58.0226
-759.708 -6003.44 297.738 30148 -58.0226
-759.708 -6003.44 297.738 30148 -58.0226
-759.708 -6003.44 297.738 30148 -58.0226
-759.708 -6003.44 297.738 30148 -58.0226
-759.713 -6003.44 297.739 30148 -58.0226
-759.744 -6003.42 297.739 30148 -58.0226
-759.797 -6003.38 297.741 30148 -58.0226
-759.863 -6003.33 297.743 30148 -58.0226
-759.919 -6003.29 297.744 30148 -58.0226
-759.969 -6003.27 297.745 30148 -58.0226
-760.013 -6003.21 297.746 30148 -58.0226
-760.075 -6003.12 297.749 30148 -58.0226
-760.154 -6002.98 297.752 30148 -58.0226
-760.234 -6002.81 297.755 30148 -58.0226
-760.32 -6002.64 297.759 30148 -58.0226
-760.403 -6002.48 297.762 30148 -58.0226
-760.483 -6002.32 297.765 30148 -58.0226
-760.56 -6002.15 297.769 30148 -58.0226
-760.653 -6002 297.772 30148 -58.0226
-760.755 -6001.87 297.776 30148 -58.0226
-760.852 -6001.72 297.779 30148 -58.0226
-760.951 -6001.58 297.782 30148 -58.0226
-761.055 -6001.45 297.786 30148 -58.0226
-761.186 -6001.34 297.789 30148 -58.0226
-761.358 -6001.26 297.793 30148 -58.0226
-761.573 -6001.17 297.798 30148 -58.0226
-761.816 -6001.04 297.804 30148 -58.0226
-762.097 -6000.89 297.81 30148 -58.0226
-762.407 -6000.75 297.817 30148 -58.0226
-762.753 -6000.65 297.824 30148 -58.0226
-763.129 -6000.56 297.832 30148 -58.0226
-763.513 -6000.4 297.84 30148 -58.0226
-763.907 -6000.2 297.849 30148 -58.0226
-764.31 -5999.93 297.86 30148 -58.0226
-764.707 -5999.63 297.87 30148 -58.0226
-765.103 -5999.35 297.88 30148 -58.0226
-765.486 -5999.07 297.89 30148 -58.0226
-765.874 -5998.79 297.9 30148 -55.6316
-766.31 -5998.49 297.911 30148 -53.8118
-766.773 -5998.15 297.923 30148 -52.9715
-767.268 -5997.78 297.936 30148 -51.4989
-767.789 -5997.36 297.95 30148 -51.6203
-768.348 -5996.92 297.965 30148 -51.8227
-768.919 -5996.47 297.98 30148 -51.9739
-769.489 -5996.02 297.995 30148 -51.8546
-770.055 -5995.58 298.01 30148 -51.6417
-770.619 -5995.13 298.025 30148 -51.4819
-771.181 -5994.68 298.04 30148 -51.6437
-771.746 -5994.24 298.055 30148 -51.8521
-772.311 -5993.79 298.071 30148 -51.9496
-772.875 -5993.35 298.086 30148 -51.6519
-773.438 -5992.91 298.101 30148 -50.956
-774.007 -5992.45 298.116 30148 -51.2714
-774.599 -5991.97 298.132 30148 -51.2655
-775.216 -5991.48 298.148 30148 -51.649
-775.857 -5990.97 298.165 30148 -52.372
-776.516 -5990.46 298.182 30148 -52.2802
-777.175 -5989.95 298.2 30148 -52.2571
-777.833 -5989.44 298.217 30148 -52.257
-778.489 -5988.93 298.234 30148 -52.2801
-779.145 -5988.43 298.251 30148 -52.2571
-779.802 -5987.92 298.269 30148 -52.2571
-780.458 -5987.41 298.286 30148 -52.2801
-781.115 -5986.9 298.303 30148 -52.2571
-781.771 -5986.39 298.32 30148 -52.2801
-782.428 -5985.89 298.338 30148 -52.257
-783.084 -5985.38 298.355 30148 -52.2801
-783.74 -5984.87 298.372 30148 -52.2571
-784.397 -5984.36 298.389 30148 -52.2801
-785.054 -5983.85 298.407 30148 -52.257
-785.709 -5983.35 298.424 30148 -52.2799
-786.362 -5982.84 298.441 30148 -52.2569
-787.016 -5982.34 298.458 30148 -53.2025
-787.696 -5981.83 298.476 30148 -52.7301
-788.408 -5981.29 298.495 30148 -51.8113
-789.141 -5980.71 298.514 30148 -51.4627
-789.905 -5980.1 298.534 30148 -52.2646
-790.689 -5979.49 298.555 30148 -52.2652
-791.486 -5978.88 298.576 30148 -52.2661
-792.302 -5978.25 298.597 30148 -52.9451
-793.133 -5977.62 298.619 30148 -53.1545
-793.959 -5977 298.64 30148 -52.5905
-794.755 -5976.39 298.661 30148 -51.0736
-795.526 -5975.77 298.682 30148 -51.0293
-796.301 -5975.14 298.702 30148 -51.0675
-797.076 -5974.51 298.723 30148 -51.0678
-797.851 -5973.89 298.743 30148 -51.0675
-798.626 -5973.26 298.764 30148 -51.0486
-799.401 -5972.64 298.784 30148 -51.0483
-800.177 -5972.01 298.804 30148 -51.0674
-800.952 -5971.38 298.825 30148 -51.0486
-801.727 -5970.76 298.845 30148 -51.0674
-802.503 -5970.13 298.866 30148 -51.0674
-803.278 -5969.5 298.886 30148 -51.0294
-804.053 -5968.88 298.907 30148 -51.0673
-804.828 -5968.25 298.927 30148 -51.0673
-805.604 -5967.62 298.948 30148 -51.0484
-806.379 -5967 298.968 30148 -51.0673
-807.155 -5966.37 298.989 30148 -51.0481
-807.93 -5965.74 299.009 30148 -51.0484
-808.705 -5965.12 299.03 30148 -51.0601
-809.487 -5964.49 299.05 30148 -51.0741
-810.257 -5963.86 299.071 30148 -51.086
-811.001 -5963.26 299.09 30148 -50.2481
-811.726 -5962.66 299.11 30148 -49.9073
-812.456 -5962.04 299.129 30148 -49.8774
-813.212 -5961.41 299.15 30148 -49.9011
-813.981 -5960.76 299.17 30148 -49.8983
-814.742 -5960.12 299.191 30148 -49.1899
-815.492 -5959.47 299.211 30148 -47.4498
-816.226 -5958.8 299.231 30148 -47.7558
-816.976 -5958.12 299.252 30148 0
