-655.521 -6076.87 295.086 30149 -57.9392
-656.368 -6076.33 295.106 30149 -57.9582
-657.215 -6075.8 295.127 30149 -57.9393
-658.064 -6075.27 295.147 30149 -57.9396
-658.915 -6074.74 295.168 30149 -57.9585
-659.765 -6074.21 295.188 30149 -57.1602
-660.591 -6073.68 295.208 30149 -57.5659
-661.382 -6073.17 295.228 30149 -58.5865
-662.15 -6072.7 295.246 30149 -59.0432
-662.881 -6072.26 295.264 30149 -58.1036
-663.586 -6071.83 295.281 30149 -58.1039
-664.289 -6071.39 295.297 30149 -58.1168
-664.995 -6070.95 295.315 30149 -58.0084
-665.702 -6070.51 295.332 30149 -58.0304
-666.408 -6070.07 295.349 30149 -58.0073
-667.116 -6069.62 295.366 30149 -58.007
-667.827 -6069.18 295.384 30149 -58.0301
-668.536 -6068.74 295.401 30149 -57.0473
-669.219 -6068.3 295.418 30149 -57.442
-669.868 -6067.88 295.434 30149 -58.618
-670.492 -6067.5 295.449 30149 -59.1648
-671.08 -6067.15 295.463 30149 -57.9961
-671.644 -6066.8 295.477 30149 -58.0543
-672.204 -6066.45 295.49 30149 -57.9961
-672.769 -6066.09 295.504 30149 -58.0246
-673.334 -6065.74 295.518 30149 -58.0244
-673.9 -6065.39 295.532 30149 -58.024
-674.47 -6065.03 295.546 30149 -57.996
-675.035 -6064.68 295.559 30149 -57.5271
-675.583 -6064.33 295.573 30149 -58.4847
-676.12 -6064 295.586 30149 -58.0317
-676.642 -6063.68 295.598 30149 -58.0329
-677.158 -6063.35 295.611 30149 -56.7732
-677.652 -6063.03 295.623 30149 -57.9045
-678.126 -6062.73 295.635 30149 -58.8904
-678.572 -6062.46 295.646 30149 -58.8904
-678.985 -6062.21 295.656 30149 -58.8904
-679.376 -6061.98 295.665 30149 -58.8904
-679.749 -6061.77 295.674 30149 -58.8904
-680.11 -6061.55 295.683 30149 -58.8904
-680.469 -6061.33 295.691 30149 -58.8904
-680.834 -6061.1 295.7 30149 -58.8904
-681.203 -6060.87 295.709 30149 -58.8904
-681.571 -6060.64 295.718 30149 -58.8904
-681.939 -6060.41 295.727 30149 -58.8904
-682.309 -6060.18 295.736 30149 -58.8904
-682.679 -6059.95 295.745 30149 -58.8904
-683.04 -6059.72 295.754 30149 -58.8904
-683.38 -6059.5 295.762 30149 -58.8904
-683.702 -6059.3 295.77 30149 -58.8904
-684.003 -6059.1 295.778 30149 -58.8904
-684.296 -6058.91 295.785 30149 -58.8904
-684.588 -6058.72 295.792 30149 -58.8904
-684.882 -6058.52 295.799 30149 -58.8904
-685.177 -6058.33 295.807 30149 -58.8904
-685.473 -6058.14 295.814 30149 -58.8904
-685.768 -6057.94 295.821 30149 -58.8904
-686.064 -6057.75 295.829 30149 -58.8904
-686.358 -6057.55 295.836 30149 -58.8904
-686.653 -6057.36 295.843 30149 -58.8904
-686.947 -6057.17 295.851 30149 -58.8904
-687.242 -6056.97 295.858 30149 -58.8904
-687.537 -6056.78 295.865 30149 -58.8904
-687.83 -6056.58 295.872 30149 -58.8904
-688.124 -6056.39 295.88 30149 -58.8904
-688.418 -6056.19 295.887 30149 -58.8904
-688.711 -6055.99 295.895 30149 -58.8904
-689.003 -6055.79 295.902 30149 -58.8904
-689.294 -6055.61 295.909 30149 -58.8904
-689.583 -6055.45 295.916 30149 -58.8904
-689.871 -6055.31 295.922 30149 -58.8904
-690.158 -6055.17 295.929 30149 -58.8904
-690.443 -6055.03 295.936 30149 -58.8904
-690.73 -6054.88 295.942 30149 -58.8904
-691.016 -6054.74 295.949 30149 -58.8904
-691.3 -6054.6 295.956 30149 -58.8904
-691.585 -6054.46 295.962 30149 -58.8904
-691.875 -6054.32 295.969 30149 -58.8904
-692.179 -6054.15 295.976 30149 -58.8904
-692.5 -6053.96 295.984 30149 -58.8904
-692.833 -6053.74 295.992 30149 -58.8904
-693.173 -6053.53 296 30149 -58.8904
-693.513 -6053.31 296.009 30149 -58.8904
-693.85 -6053.09 296.017 30149 -58.8904
-694.187 -6052.88 296.025 30149 -58.8904
-694.525 -6052.67 296.034 30149 -58.8904
-694.862 -6052.45 296.042 30149 -58.8904
-695.199 -6052.24 296.05 30149 -58.8904
-695.537 -6052.02 296.059 30149 -58.8904
-695.874 -6051.81 296.067 30149 -58.8904
-696.211 -6051.59 296.075 30149 -58.8904
-696.549 -6051.38 296.084 30149 -58.8904
-696.886 -6051.16 296.092 30149 -58.8904
-697.224 -6050.95 296.1 30149 -58.8904
-697.56 -6050.73 296.109 30149 -58.8904
-697.894 -6050.52 296.117 30149 -58.8904
-698.229 -6050.31 296.125 30149 -58.8904
-698.582 -6050.09 296.134 30149 -58.8904
-698.96 -6049.86 296.143 30149 -58.8904
-699.364 -6049.59 296.153 30149 -56.6068
-699.794 -6049.31 296.164 30149 -57.5338
-700.241 -6049.02 296.175 30149 -57.4977
-700.69 -6048.74 296.186 30149 -57.4977
-701.136 -6048.45 296.197 30149 -57.4977
-701.581 -6048.17 296.208 30149 -57.534
-702.024 -6047.89 296.219 30149 -57.3522
-702.466 -6047.61 296.23 30149 -57.3161
-702.909 -6047.32 296.241 30149 -57.3166
-703.353 -6047.04 296.252 30149 -57.2808
-703.797 -6046.75 296.263 30149 -57.3167
-704.241 -6046.47 296.274 30149 -57.3167
-704.685 -6046.18 296.285 30149 -57.3167
-705.129 -6045.9 296.296 30149 -57.2806
-705.573 -6045.61 296.307 30149 -57.3167
-706.017 -6045.33 296.318 30149 -57.3167
-706.461 -6045.04 296.329 30149 -57.2806
-706.905 -6044.76 296.34 30149 -57.3167
-707.349 -6044.47 296.351 30149 -57.3167
-707.793 -6044.19 296.362 30149 -57.3167
-708.237 -6043.9 296.372 30149 -57.3168
-708.681 -6043.62 296.383 30149 -57.3167
-709.125 -6043.33 296.394 30149 -57.3168
-709.569 -6043.05 296.405 30149 -57.2805
-710.013 -6042.76 296.416 30149 -57.0863
-710.456 -6042.48 296.427 30149 -56.5312
-710.896 -6042.18 296.438 30149 -56.4948
-711.336 -6041.89 296.449 30149 -56.5312
-711.777 -6041.6 296.46 30149 -56.531
-712.217 -6041.31 296.471 30149 -56.531
-712.657 -6041.02 296.482 30149 -56.495
-713.097 -6040.73 296.494 30149 -56.531
-713.537 -6040.44 296.505 30149 -56.531
-713.977 -6040.15 296.516 30149 -56.495
-714.417 -6039.86 296.527 30149 -56.531
-714.857 -6039.56 296.538 30149 -56.531
-715.297 -6039.27 296.549 30149 -56.495
-715.737 -6038.98 296.56 30149 -56.531
-716.177 -6038.69 296.571 30149 -56.531
-716.617 -6038.4 296.582 30149 -56.531
-717.057 -6038.11 296.593 30149 -56.495
-717.497 -6037.82 296.604 30149 -56.531
-717.937 -6037.53 296.615 30149 -56.531
-718.377 -6037.24 296.626 30149 -56.5312
-718.818 -6036.95 296.637 30149 -56.4948
-719.257 -6036.65 296.648 30149 -56.531
-719.697 -6036.36 296.659 30149 -56.531
-720.137 -6036.07 296.67 30149 -56.5312
-720.578 -6035.78 296.681 30149 -56.531
-721.018 -6035.49 296.692 30149 -56.531
-721.458 -6035.2 296.703 30149 -56.495
-721.898 -6034.91 296.714 30149 -56.531
-722.338 -6034.62 296.725 30149 -56.531
-722.778 -6034.33 296.736 30149 -56.4947
-723.217 -6034.04 296.747 30149 -56.5317
-723.659 -6033.74 296.758 30149 -56.5332
-724.104 -6033.45 296.769 30149 -56.4948
-724.544 -6033.16 296.78 30149 -56.4948
-724.944 -6032.87 296.791 30149 -56.4948
-725.308 -6032.61 296.8 30149 -56.4948
-725.645 -6032.38 296.808 30149 -56.4948
-725.944 -6032.19 296.816 30149 -56.4948
-726.222 -6032 296.823 30149 -56.4948
-726.497 -6031.82 296.83 30149 -56.4948
-726.751 -6031.64 296.836 30149 -56.4948
-726.971 -6031.48 296.842 30149 -56.4948
-727.168 -6031.36 296.847 30149 -56.4948
-727.331 -6031.27 296.85 30149 -56.4948
-727.468 -6031.18 296.854 30149 -56.4948
-727.602 -6031.09 296.857 30149 -56.4948
-727.74 -6031 296.861 30149 -56.4948
-727.879 -6030.91 296.864 30149 -56.4948
-728.018 -6030.82 296.868 30149 -56.4948
-728.157 -6030.72 296.871 30149 -56.4948
-728.296 -6030.63 296.875 30149 -56.4948
-728.435 -6030.54 296.878 30149 -56.4948
-728.574 -6030.45 296.882 30149 -56.4948
-728.713 -6030.36 296.885 30149 -56.4948
-728.852 -6030.27 296.889 30149 -56.4948
-728.991 -6030.17 296.892 30149 -56.4948
-729.13 -6030.08 296.896 30149 -56.4948
-729.269 -6029.99 296.899 30149 -56.4948
-729.408 -6029.9 296.902 30149 -56.4948
-729.547 -6029.81 296.906 30149 -56.4948
-729.685 -6029.71 296.909 30149 -56.4948
-729.825 -6029.62 296.913 30149 -56.4948
-729.963 -6029.53 296.916 30149 -56.4948
-730.103 -6029.44 296.92 30149 -56.4948
-730.241 -6029.35 296.923 30149 -56.4948
-730.38 -6029.25 296.927 30149 -56.4948
-730.519 -6029.16 296.93 30149 -56.4948
-730.658 -6029.07 296.934 30149 -56.4948
-730.797 -6028.98 296.937 30149 -56.4948
-730.936 -6028.89 296.941 30149 -56.4948
-731.075 -6028.79 296.944 30149 -56.4948
-731.214 -6028.7 296.948 30149 -56.4948
-731.353 -6028.61 296.951 30149 -56.4948
-731.492 -6028.52 296.955 30149 -56.4948
-731.631 -6028.43 296.958 30149 -56.4948
-731.77 -6028.34 296.962 30149 -56.4948
-731.909 -6028.24 296.965 30149 -56.4948
-732.048 -6028.15 296.969 30149 -56.4948
-732.187 -6028.06 296.972 30149 -56.4948
-732.325 -6027.97 296.976 30149 -56.4948
-732.465 -6027.88 296.979 30149 -56.4948
-732.602 -6027.78 296.982 30149 -56.4948
-732.736 -6027.69 296.986 30149 -56.4948
-732.871 -6027.6 296.989 30149 -56.4948
-733.032 -6027.51 296.993 30149 -56.4948
-733.226 -6027.38 296.998 30149 -56.4948
-733.443 -6027.22 297.004 30149 -56.4948
-733.694 -6027.03 297.01 30149 -56.4948
-733.972 -6026.84 297.017 30149 -56.4948
-734.255 -6026.65 297.024 30149 -56.4948
-734.534 -6026.46 297.031 30149 -56.4948
-734.809 -6026.27 297.038 30149 -56.4948
-735.084 -6026.08 297.045 30149 -56.4948
-735.36 -6025.89 297.052 30149 -56.4948
-735.634 -6025.7 297.059 30149 -56.4948
-735.905 -6025.52 297.066 30149 -56.4948
-736.178 -6025.33 297.073 30149 -56.4948
-736.477 -6025.15 297.08 30149 -56.4948
-736.81 -6024.93 297.089 30149 -56.4948
-737.165 -6024.68 297.098 30149 -56.4948
-737.555 -6024.39 297.108 30149 -55.7345
-737.97 -6024.11 297.118 30149 -55.658
-738.387 -6023.83 297.129 30149 -55.7348
-738.802 -6023.54 297.139 30149 -55.7348
-739.214 -6023.26 297.15 30149 -55.7348
-739.628 -6022.98 297.16 30149 -55.7348
-740.041 -6022.7 297.171 30149 -55.7348
-740.454 -6022.42 297.181 30149 -55.7348
-740.867 -6022.14 297.192 30149 -55.7348
-741.279 -6021.85 297.202 30149 -55.7351
-741.693 -6021.57 297.213 30149 -55.7351
-742.105 -6021.29 297.223 30149 -55.7351
-742.514 -6021.01 297.233 30149 -55.7351
-742.926 -6020.73 297.244 30149 -56.2883
-743.354 -6020.44 297.254 30149 -55.7242
-743.799 -6020.14 297.266 30149 -55.7502
-744.269 -6019.82 297.278 30149 -55.6463
-744.763 -6019.48 297.29 30149 -55.6737
-745.281 -6019.13 297.303 30149 -55.2314
-745.818 -6018.76 297.317 30149 -55.6969
-746.369 -6018.38 297.331 30149 -55.6678
-746.923 -6018 297.345 30149 -55.7254
-747.475 -6017.63 297.359 30149 -55.6971
-748.025 -6017.25 297.373 30149 -55.697
-748.576 -6016.88 297.387 30149 -55.6683
-749.127 -6016.5 297.401 30149 -55.7257
-749.677 -6016.12 297.414 30149 -55.6684
-750.228 -6015.75 297.428 30149 -55.7257
-750.779 -6015.37 297.442 30149 -55.697
-751.329 -6015 297.456 30149 -55.6684
-751.88 -6014.62 297.47 30149 -55.7257
-752.431 -6014.25 297.484 30149 -55.6683
-752.981 -6013.87 297.498 30149 -55.697
-753.532 -6013.49 297.512 30149 -55.6972
-754.082 -6013.12 297.526 30149 -55.6978
-754.629 -6012.75 297.54 30149 -54.5387
-755.172 -6012.36 297.554 30149 -54.6977
-755.73 -6011.96 297.568 30149 -53.7584
-756.298 -6011.55 297.582 30149 -54.2442
-756.879 -6011.13 297.597 30149 -54.2164
-757.468 -6010.7 297.612 30149 -55.1899
-758.078 -6010.28 297.628 30149 -54.3075
-758.71 -6009.83 297.644 30149 -53.2657
-759.362 -6009.34 297.661 30149 -54.2255
-760.039 -6008.85 297.678 30149 -54.2249
-760.719 -6008.36 297.696 30149 -54.2255
-761.397 -6007.87 297.713 30149 -54.2028
-762.072 -6007.39 297.731 30149 -54.2486
-762.748 -6006.9 297.748 30149 -54.2256
-763.425 -6006.41 297.765 30149 -54.2028
-764.1 -6005.92 297.783 30149 -54.2257
-764.776 -6005.44 297.8 30149 -54.2486
-765.453 -6004.95 297.817 30149 -54.2027
-766.129 -6004.46 297.835 30149 -54.2255
-766.806 -6003.98 297.852 30149 -54.2258
-767.481 -6003.49 297.869 30149 -54.2267
-768.151 -6003.01 297.887 30149 -54.0183
-768.817 -6002.52 297.904 30149 -53.8363
-769.49 -6002.03 297.921 30149 -53.0036
-770.179 -6001.51 297.939 30149 -51.8334
-770.884 -6000.96 297.958 30149 -51.1052
-771.602 -6000.38 297.977 30149 -51.0551
-772.326 -5999.79 297.996 30149 -51.1122
-773.05 -5999.21 298.016 30149 -50.9371
-773.77 -5998.62 298.035 30149 -50.8921
-774.488 -5998.04 298.054 30149 -50.9378
-775.208 -5997.46 298.073 30149 -51.1092
-775.932 -5996.87 298.093 30149 -49.9559
-776.64 -5996.28 298.112 30149 -49.2808
-777.335 -5995.68 298.131 30149 -50.4174
-778.038 -5995.1 298.15 30149 -51.9921
-778.764 -5994.53 298.169 30149 -52.1219
-779.513 -5993.95 298.188 30149 -51.7963
-780.283 -5993.34 298.209 30149 -52.2647
-781.074 -5992.73 298.229 30149 -52.2649
-781.868 -5992.12 298.25 30149 -52.2648
-782.66 -5991.5 298.271 30149 0
