-553.796 -6135.93 293.571 20148 -57.537
-554.679 -6135.37 293.573 20148 -58.403
-555.617 -6134.79 293.575 20148 -58.7449
-556.564 -6134.21 293.578 20148 -59.1541
-557.506 -6133.65 293.58 20148 -59.3348
-558.445 -6133.09 293.582 20148 -59.1695
-559.389 -6132.53 293.584 20148 -58.7347
-560.331 -6131.96 293.588 20148 -58.3787
-561.263 -6131.38 293.594 20148 -58.5513
-562.176 -6130.83 293.599 20148 -59.183
-563.064 -6130.3 293.604 20148 -59.292
-563.932 -6129.78 293.609 20148 -59.1192
-564.787 -6129.27 293.614 20148 -59.0661
-565.638 -6128.76 293.619 20148 -59.7468
-566.501 -6128.26 293.624 20148 -58.0989
-567.36 -6127.72 293.629 20148 -56.1308
-568.216 -6127.15 293.635 20148 -56.5289
-569.082 -6126.57 293.64 20148 -57.6863
-569.948 -6126.03 293.645 20148 -59.3531
-570.814 -6125.51 293.65 20148 -58.734
-571.667 -6125 293.655 20148 -57.2814
-572.51 -6124.45 293.66 20148 -57.7389
-573.355 -6123.92 293.665 20148 -57.4261
-574.184 -6123.39 293.67 20148 -58.0583
-575.001 -6122.88 293.677 20148 -57.7424
-575.804 -6122.38 293.684 20148 -57.7412
-576.6 -6121.87 293.692 20148 -56.9735
-577.374 -6121.37 293.699 20148 -57.6684
-578.126 -6120.89 293.706 20148 -58.6672
-578.854 -6120.45 293.713 20148 -57.7455
-579.558 -6120.01 293.72 20148 -57.7679
-580.258 -6119.56 293.726 20148 -57.7226
-580.961 -6119.12 293.733 20148 -57.7459
-581.667 -6118.68 293.74 20148 -57.7457
-582.371 -6118.23 293.746 20148 -57.7457
-583.076 -6117.79 293.753 20148 -57.7457
-583.781 -6117.34 293.76 20148 -57.7457
-584.485 -6116.9 293.766 20148 -57.7461
-585.192 -6116.45 293.773 20148 -57.7454
-585.895 -6116.01 293.779 20148 -57.744
-586.591 -6115.57 293.786 20148 -57.6735
-587.283 -6115.13 293.793 20148 -57.3957
-587.976 -6114.69 293.799 20148 -57.4238
-588.677 -6114.24 293.806 20148 -57.4126
-589.38 -6113.79 293.814 20148 -57.4162
-590.083 -6113.34 293.823 20148 -57.4162
-590.785 -6112.89 293.832 20148 -57.4392
-591.487 -6112.44 293.841 20148 -57.4162
-592.189 -6111.99 293.85 20148 -57.4162
-592.891 -6111.55 293.859 20148 -57.4162
-593.594 -6111.1 293.868 20148 -57.4392
-594.296 -6110.65 293.877 20148 -57.4162
-594.998 -6110.2 293.887 20148 -57.4162
-595.7 -6109.75 293.896 20148 -57.4162
-596.402 -6109.3 293.905 20148 -57.439
-597.105 -6108.85 293.914 20148 -57.4162
-597.807 -6108.4 293.923 20148 -57.4162
-598.509 -6107.96 293.932 20148 -57.4162
-599.211 -6107.51 293.941 20148 -57.4162
-599.913 -6107.06 293.95 20148 -57.4159
-600.615 -6106.61 293.959 20148 -57.417
-601.318 -6106.16 293.968 20148 -57.4419
-602.025 -6105.71 293.977 20148 -57.2807
-602.728 -6105.26 293.986 20148 -57.1771
-603.416 -6104.81 293.996 20148 -57.8425
-604.081 -6104.4 294.006 20148 -58.5532
-604.72 -6104 294.017 20148 -58.1526
-605.336 -6103.62 294.027 20148 -56.5337
-605.936 -6103.23 294.037 20148 -56.1147
-606.534 -6102.82 294.047 20148 -56.4391
-607.138 -6102.42 294.056 20148 -56.2825
-607.741 -6102.02 294.066 20148 -56.0439
-608.342 -6101.62 294.076 20148 -55.9122
-608.943 -6101.21 294.086 20148 -56.0439
-609.544 -6100.8 294.096 20148 -56.2795
-610.146 -6100.4 294.106 20148 -56.4398
-610.75 -6100 294.116 20148 -56.3373
-611.354 -6099.6 294.126 20148 -56.3658
-611.96 -6099.2 294.136 20148 -56.4425
-612.565 -6098.8 294.146 20148 -56.4134
-613.169 -6098.39 294.156 20148 -56.3864
-613.772 -6097.99 294.166 20148 -56.4121
-614.375 -6097.59 294.176 20148 -56.433
-614.977 -6097.19 294.186 20148 -56.3293
-615.578 -6096.79 294.196 20148 -56.6615
-616.189 -6096.39 294.206 20148 -57.177
-616.819 -6095.99 294.217 20148 -57.038
-617.443 -6095.58 294.229 30148 -57.4959
-618.11 -6095.16 294.245 30148 -57.7619
-618.786 -6094.73 294.261 30148 -57.7141
-619.462 -6094.3 294.277 30148 -57.69
-620.136 -6093.88 294.293 30148 -57.6899
-620.81 -6093.45 294.309 30148 -57.6902
-621.485 -6093.02 294.326 30148 -57.5708
-622.16 -6092.59 294.342 30148 -57.6896
-622.832 -6092.17 294.358 30148 -58.4459
-623.497 -6091.76 294.373 30148 -59.4353
-624.155 -6091.37 294.389 30148 -60.2275
-624.807 -6091 294.404 30148 -60.4225
-625.456 -6090.63 294.419 30148 -60.2669
-626.105 -6090.26 294.434 30148 -60.2624
-626.755 -6089.89 294.449 30148 -60.2324
-627.405 -6089.52 294.464 30148 -60.229
-628.057 -6089.14 294.48 30148 -60.4877
-628.709 -6088.77 294.495 30148 -59.9488
-629.351 -6088.4 294.51 30148 -58.7574
-629.973 -6088.03 294.524 30148 -57.9471
-630.575 -6087.65 294.539 30148 -56.6606
-631.156 -6087.27 294.553 30148 -56.0663
-631.728 -6086.88 294.567 30148 -56.313
-632.3 -6086.5 294.581 30148 -56.3158
-632.873 -6086.12 294.594 30148 -56.3179
-633.447 -6085.74 294.608 30148 -56.2894
-634.02 -6085.35 294.622 30148 -56.3164
-634.593 -6084.97 294.636 30148 -56.317
-635.167 -6084.59 294.65 30148 -56.317
-635.74 -6084.21 294.664 30148 -56.317
-636.314 -6083.82 294.678 30148 -56.2892
-636.887 -6083.44 294.692 30148 -56.3169
-637.461 -6083.06 294.706 30148 -56.3168
-638.034 -6082.68 294.72 30148 -56.3154
-638.607 -6082.3 294.734 30148 -56.321
-639.182 -6081.91 294.748 30148 -56.3301
-639.761 -6081.53 294.762 30148 -56.4918
-640.336 -6081.15 294.776 30148 -54.6747
-640.874 -6080.77 294.789 30148 -55.8725
-641.379 -6080.42 294.802 30148 -56.6259
-641.854 -6080.11 294.813 30148 -58.1452
-642.295 -6079.84 294.824 30148 -58.1452
-642.712 -6079.57 294.834 30148 -58.1452
-643.13 -6079.31 294.844 30148 -58.1452
-643.551 -6079.05 294.854 30148 -58.1452
-643.974 -6078.79 294.864 30148 -58.1452
-644.397 -6078.52 294.875 30148 -58.1452
-644.819 -6078.26 294.885 30148 -58.1452
-645.241 -6077.99 294.895 30148 -58.1452
-645.663 -6077.73 294.905 30148 -58.1452
-646.086 -6077.46 294.915 30148 -58.1452
-646.508 -6077.2 294.926 30148 -58.1452
-646.93 -6076.93 294.936 30148 -58.1452
-647.352 -6076.67 294.946 30148 -58.1452
-647.775 -6076.41 294.956 30148 -58.1452
-648.197 -6076.14 294.966 30148 -58.1452
-648.619 -6075.88 294.977 30148 -58.1452
-649.041 -6075.61 294.987 30148 -58.1452
-649.464 -6075.35 294.997 30148 -58.1452
-649.886 -6075.08 295.007 30148 -58.1452
-650.309 -6074.82 295.017 30148 -57.9207
-650.735 -6074.55 295.028 30148 -57.9207
-651.158 -6074.29 295.038 30148 -57.9207
-651.566 -6074.03 295.048 30148 -57.9207
-651.955 -6073.78 295.057 30148 -57.9207
-652.319 -6073.55 295.066 30148 -57.9207
-652.659 -6073.34 295.074 30148 -57.9207
-652.973 -6073.14 295.082 30148 -57.9207
-653.269 -6072.97 295.089 30148 -57.9207
-653.55 -6072.79 295.096 30148 -57.9207
-653.828 -6072.62 295.102 30148 -57.9207
-654.108 -6072.44 295.109 30148 -57.9207
-654.39 -6072.26 295.116 30148 -57.9207
-654.672 -6072.09 295.123 30148 -57.9207
-654.953 -6071.91 295.13 30148 -57.9207
-655.235 -6071.73 295.136 30148 -57.9207
-655.516 -6071.56 295.143 30148 -57.9207
-655.798 -6071.38 295.15 30148 -57.9207
-656.08 -6071.21 295.157 30148 -57.9207
-656.361 -6071.03 295.164 30148 -57.9207
-656.642 -6070.85 295.17 30148 -57.9207
-656.924 -6070.68 295.177 30148 -57.9207
-657.205 -6070.5 295.184 30148 -57.9207
-657.487 -6070.32 295.191 30148 -57.9207
-657.767 -6070.15 295.198 30148 -57.9207
-658.05 -6069.97 295.204 30148 -57.9207
-658.336 -6069.79 295.211 30148 -57.9207
-658.624 -6069.61 295.218 30148 -57.9207
-658.911 -6069.44 295.225 30148 -57.9207
-659.195 -6069.26 295.232 30148 -57.9207
-659.481 -6069.08 295.239 30148 -57.9207
-659.765 -6068.9 295.246 30148 -57.9207
-660.024 -6068.73 295.252 30148 -57.9207
-660.247 -6068.58 295.258 30148 -57.9207
-660.447 -6068.46 295.262 30148 -57.9207
-660.611 -6068.38 295.266 30148 -57.9207
-660.75 -6068.29 295.27 30148 -57.9207
-660.887 -6068.21 295.273 30148 -57.9207
-661.026 -6068.12 295.276 30148 -57.9207
-661.168 -6068.03 295.28 30148 -57.9207
-661.309 -6067.94 295.283 30148 -57.9207
-661.45 -6067.86 295.286 30148 -57.9207
-661.591 -6067.77 295.29 30148 -57.9207
-661.732 -6067.68 295.293 30148 -57.9207
-661.873 -6067.59 295.297 30148 -57.9207
-662.014 -6067.5 295.3 30148 -57.9207
-662.155 -6067.42 295.303 30148 -57.9207
-662.296 -6067.33 295.307 30148 -57.9207
-662.437 -6067.24 295.31 30148 -57.9207
-662.578 -6067.15 295.314 30148 -57.9207
-662.719 -6067.07 295.317 30148 -57.9207
-662.86 -6066.98 295.321 30148 -57.9207
-663 -6066.89 295.324 30148 -57.9207
-663.141 -6066.8 295.327 30148 -57.9207
-663.282 -6066.71 295.331 30148 -57.9207
-663.423 -6066.63 295.334 30148 -57.9207
-663.564 -6066.54 295.338 30148 -57.9207
-663.705 -6066.45 295.341 30148 -57.9207
-663.846 -6066.36 295.345 30148 -57.9207
-663.987 -6066.27 295.348 30148 -57.9207
-664.128 -6066.19 295.351 30148 -57.9207
-664.269 -6066.1 295.355 30148 -57.9207
-664.409 -6066.01 295.358 30148 -57.9207
-664.55 -6065.92 295.362 30148 -57.9207
-664.691 -6065.83 295.365 30148 -57.9207
-664.832 -6065.75 295.369 30148 -57.9207
-664.973 -6065.66 295.372 30148 -57.9207
-665.114 -6065.57 295.376 30148 -57.9207
-665.255 -6065.48 295.379 30148 -57.9207
-665.395 -6065.39 295.382 30148 -57.9207
-665.536 -6065.31 295.386 30148 -57.9207
-665.677 -6065.22 295.389 30148 -57.9207
-665.818 -6065.13 295.393 30148 -57.9207
-665.959 -6065.04 295.396 30148 -57.9207
-666.1 -6064.95 295.4 30148 -57.9207
-666.241 -6064.87 295.403 30148 -57.9207
-666.382 -6064.78 295.406 30148 -57.9207
-666.523 -6064.69 295.41 30148 -57.9207
-666.663 -6064.6 295.413 30148 -57.9207
-666.804 -6064.51 295.417 30148 -57.9207
-666.945 -6064.43 295.42 30148 -57.9207
-667.086 -6064.34 295.424 30148 -57.9207
-667.227 -6064.25 295.427 30148 -57.9207
-667.368 -6064.16 295.431 30148 -57.9207
-667.509 -6064.07 295.434 30148 -57.9207
-667.65 -6063.99 295.437 30148 -57.9207
-667.791 -6063.9 295.441 30148 -57.9207
-667.931 -6063.81 295.444 30148 -57.9207
-668.072 -6063.72 295.448 30148 -57.9207
-668.213 -6063.63 295.451 30148 -57.9207
-668.354 -6063.55 295.455 30148 -57.9207
-668.494 -6063.46 295.458 30148 -57.9207
-668.63 -6063.37 295.461 30148 -57.9207
-668.769 -6063.29 295.465 30148 -57.9207
-668.936 -6063.2 295.469 30148 -57.9207
-669.137 -6063.08 295.473 30148 -57.9207
-669.374 -6062.93 295.479 30148 -57.9207
-669.638 -6062.79 295.485 30148 -57.9207
-669.905 -6062.71 295.491 30148 -57.9207
-670.143 -6062.66 295.496 30148 -57.9207
-670.346 -6062.63 295.5 30148 -57.9207
-670.516 -6062.59 295.503 30148 -57.9207
-670.664 -6062.51 295.506 30148 -57.9207
-670.8 -6062.41 295.51 30148 -57.9207
-670.941 -6062.32 295.513 30148 -57.9207
-671.081 -6062.24 295.517 30148 -57.9207
-671.222 -6062.15 295.52 30148 -57.9207
-671.364 -6062.06 295.524 30148 -57.9207
-671.509 -6061.97 295.527 30148 -57.9207
-671.652 -6061.88 295.531 30148 -57.9207
-671.777 -6061.79 295.534 30148 -57.9207
-671.874 -6061.73 295.536 30148 -57.9207
-671.944 -6061.71 295.538 30148 -57.9207
-671.986 -6061.71 295.538 30148 -57.9207
-672 -6061.71 295.539 30148 -57.9207
-672.009 -6061.7 295.539 30148 -57.9207
-672.022 -6061.69 295.539 30148 -57.9207
-672.036 -6061.68 295.54 30148 -57.9207
-672.05 -6061.67 295.54 30148 -57.9207
-672.064 -6061.67 295.54 30148 -57.9207
-672.078 -6061.66 295.541 30148 -57.9207
-672.093 -6061.65 295.541 30148 -57.9207
-672.107 -6061.64 295.541 30148 -57.9207
-672.121 -6061.63 295.542 30148 -57.9207
-672.135 -6061.62 295.542 30148 -57.9207
-672.149 -6061.61 295.542 30148 -57.9207
-672.163 -6061.6 295.543 30148 -57.9207
-672.178 -6061.6 295.543 30148 -57.9207
-672.191 -6061.59 295.543 30148 -57.9207
-672.201 -6061.58 295.544 30148 -57.9207
-672.213 -6061.58 295.544 30148 -57.9207
-672.24 -6061.56 295.545 30148 -57.9207
-672.294 -6061.53 295.546 30148 -57.9207
-672.377 -6061.46 295.548 30148 -57.9207
-672.487 -6061.36 295.551 30148 -57.9207
-672.625 -6061.27 295.554 30148 -57.9207
-672.771 -6061.18 295.558 30148 -57.9207
-672.913 -6061.09 295.562 30148 -57.9207
-673.054 -6061 295.565 30148 -57.9207
-673.195 -6060.92 295.568 30148 -57.9207
-673.337 -6060.83 295.572 30148 -57.9207
-673.476 -6060.74 295.575 30148 -57.9207
-673.612 -6060.66 295.579 30148 -57.9207
-673.751 -6060.57 295.582 30148 -57.9207
-673.916 -6060.48 295.586 30148 -57.9207
-674.115 -6060.37 295.591 30148 -57.9207
-674.338 -6060.22 295.596 30148 -57.9207
-674.597 -6060.04 295.603 30148 -57.9207
-674.881 -6059.86 295.609 30148 -57.9207
-675.167 -6059.69 295.616 30148 -57.9207
-675.45 -6059.51 295.623 30148 -57.9207
-675.731 -6059.33 295.63 30148 -57.9207
-676.013 -6059.16 295.637 30148 0
