-897.552 -5884.9 301.247 40149 -40.6681
-899.013 -5883.2 301.28 40149 -41.111
-900.487 -5881.51 301.314 40149 -40.8364
-901.956 -5879.81 301.347 40149 -39.5525
-903.381 -5878.08 301.381 40149 -39.5591
-904.871 -5876.28 301.416 40149 -39.5673
-906.361 -5874.47 301.451 40149 -39.5673
6.442 277.742 0 0 -39.5673
6.474 281.582 0 0 -39.5673
6.441 285.406 0 0 -39.5673
6.288 289.154 0 0 -39.5673
6.088 292.869 0 0 -39.5673
5.936 296.616 0 0 -39.5673
5.924 300.377 0 0 -39.5673
5.932 304.094 0 0 -39.5673
5.918 307.765 0 0 -39.5673
5.864 311.47 0 0 -39.5673
5.861 315.303 0 0 -39.5673
5.891 319.25 0 0 -39.5673
5.899 323.206 0 0 -39.5673
5.885 327.091 0 0 -39.5673
5.903 330.908 0 0 -39.5673
5.885 334.726 0 0 -39.5673
5.854 338.589 0 0 -39.5673
5.759 342.494 0 0 -39.5673
5.638 346.394 0 0 -39.5673
5.528 350.256 0 0 -39.5673
5.489 354.102 0 0 -39.5673
5.473 357.971 0 0 -39.5673
5.456 361.887 0 0 -39.5673
5.45 365.793 0 0 -39.5673
5.486 369.581 0 0 -39.5673
5.468 373.24 0 0 -39.5673
5.417 376.752 0 0 -39.5673
5.431 380.203 0 0 -39.5673
5.505 383.658 0 0 -39.5673
5.626 387.094 0 0 -39.5673
5.719 390.413 0 0 -39.5673
5.765 393.61 0 0 -39.5673
5.79 396.674 0 0 -39.5673
5.855 399.669 0 0 -39.5673
5.934 402.611 0 0 -39.5673
5.995 405.491 0 0 -39.5673
6.057 408.285 0 0 -39.5673
6.113 410.99 0 0 -39.5673
6.169 413.609 0 0 -39.5673
6.207 416.165 0 0 -39.5673
6.261 418.669 0 0 -39.5673
6.354 421.103 0 0 -39.5673
6.425 423.409 0 0 -39.5673
6.45 425.6 0 0 -39.5673
6.454 427.651 0 0 -39.5673
6.497 429.641 0 0 -39.5673
6.539 431.628 0 0 -39.5673
6.582 433.64 0 0 -39.5673
6.625 435.65 0 0 -39.5673
6.708 437.597 0 0 -39.5673
6.768 439.406 0 0 -39.5673
6.783 441.099 0 0 -39.5673
6.776 442.665 0 0 -39.5673
6.807 444.157 0 0 -39.5673
6.854 445.589 0 0 -39.5673
6.868 446.971 0 0 -39.5673
6.896 448.321 0 0 -39.5673
6.925 449.647 0 0 -39.5673
6.99 450.92 0 0 -39.5673
7.018 452.087 0 0 -39.5673
6.999 453.144 0 0 -39.5673
7.021 454.138 0 0 -39.5673
7.042 455.12 0 0 -39.5673
7.064 456.116 0 0 -39.5673
7.085 457.117 0 0 -39.5673
7.106 458.117 0 0 -39.5673
7.128 459.117 0 0 -39.5673
7.149 460.117 0 0 -39.5673
7.17 461.117 0 0 -39.5673
7.192 462.116 0 0 -39.5673
7.214 463.114 0 0 -39.5673
7.235 464.118 0 0 -39.5673
7.256 465.132 0 0 -39.5673
7.279 466.135 0 0 -39.5673
7.313 467.093 0 0 -39.5673
7.333 467.966 0 0 -39.5673
7.334 468.762 0 0 -39.5673
7.349 469.523 0 0 -39.5673
7.366 470.262 0 0 -39.5673
7.397 470.967 0 0 -39.5673
7.41 471.589 0 0 -39.5673
7.406 472.116 0 0 -39.5673
7.416 472.611 0 0 -39.5673
7.413 473.15 0 0 -39.5673
7.441 473.777 0 0 -39.5673
7.457 474.448 0 0 -39.5673
7.484 475.079 0 0 -39.5673
7.482 475.632 0 0 -39.5673
7.492 476.13 0 0 -39.5673
7.503 476.616 0 0 -39.5673
7.513 477.111 0 0 -39.5673
7.524 477.613 0 0 -39.5673
7.535 478.113 0 0 -39.5673
7.545 478.613 0 0 -39.5673
7.556 479.112 0 0 -39.5673
7.566 479.612 0 0 -39.5673
7.577 480.112 0 0 -39.5673
7.588 480.612 0 0 -39.5673
7.599 481.112 0 0 -39.5673
7.609 481.61 0 0 -39.5673
7.62 482.114 0 0 -39.5673
7.631 482.629 0 0 -39.5673
7.642 483.13 0 0 -39.5673
7.667 483.576 0 0 -39.5673
7.66 483.947 0 0 -39.5673
7.666 484.289 0 0 -39.5673
7.674 484.663 0 0 -39.5673
7.683 485.059 0 0 -39.5673
7.692 485.432 0 0 -39.5673
7.698 485.775 0 0 -39.5673
7.691 486.145 0 0 -39.5673
7.716 486.591 0 0 -39.5673
7.727 487.093 0 0 -39.5673
7.738 487.608 0 0 -39.5673
7.748 488.112 0 0 -39.5673
7.759 488.61 0 0 -39.5673
7.77 489.11 0 0 -39.5673
7.78 489.61 0 0 -39.5673
7.792 490.11 0 0 -39.5673
7.801 490.609 0 0 -39.5673
7.813 491.109 0 0 -39.5673
7.824 491.609 0 0 -39.5673
7.834 492.116 0 0 -39.5673
7.845 492.609 0 0 -39.5673
7.856 493.073 0 0 -39.5673
7.871 493.527 0 0 -39.5673
7.89 493.991 0 0 -39.5673
7.908 494.484 0 0 -39.5673
7.925 494.99 0 0 -39.5673
7.944 495.49 0 0 -39.5673
7.962 495.989 0 0 -39.5673
7.98 496.489 0 0 -39.5673
7.999 496.989 0 0 -39.5673
8.017 497.488 0 0 -39.5673
8.035 497.988 0 0 -39.5673
8.053 498.488 0 0 -39.5673
8.071 498.988 0 0 -39.5673
8.089 499.486 0 0 -39.5673
8.108 499.99 0 0 -39.5673
8.126 500.503 0 0 -39.5673
8.145 501.005 0 0 -39.5673
8.176 501.466 0 0 -39.5673
8.19 501.849 0 0 -39.5673
8.204 502.144 0 0 -39.5673
8.209 502.347 0 0 -39.5673
8.213 502.449 0 0 -39.5673
8.198 502.486 0 0 -39.5673
8.184 502.536 0 0 -39.5673
8.203 502.653 0 0 -39.5673
8.211 502.816 0 0 -39.5673
8.231 502.951 0 0 -39.5673
8.217 503.013 0 0 -39.5673
8.216 503.022 0 0 -39.5673
8.216 503.022 0 0 -39.5673
8.216 503.022 0 0 -39.5673
8.216 503.022 0 0 -39.5673
8.216 503.022 0 0 -39.5673
8.216 503.022 0 0 -39.5673
8.216 503.022 0 0 -39.5673
8.216 503.022 0 0 -39.5673
8.216 503.022 0 0 -39.5673
8.216 503.022 0 0 -39.5673
8.216 503.022 0 0 -39.5673
8.216 503.022 0 0 -39.5673
8.216 503.022 0 0 -39.5673
8.216 503.022 0 0 -39.5673
8.216 503.022 0 0 -39.5673
8.216 503.022 0 0 -39.5673
8.216 503.022 0 0 -39.5673
8.216 503.022 0 0 -39.5673
8.216 503.022 0 0 -39.5673
8.216 503.022 0 0 -39.5673
8.216 503.022 0 0 -39.5673
8.216 503.022 0 0 -39.5673
8.216 503.022 0 0 -39.5673
8.216 503.022 0 0 -39.5673
8.216 503.022 0 0 -39.5673
8.216 503.022 0 0 -39.5673
8.216 503.022 0 0 -39.5673
8.216 503.022 0 0 -39.5673
8.216 503.022 0 0 -39.5673
8.216 503.022 0 0 -39.5673
8.216 503.022 0 0 -39.5673
8.216 503.022 0 0 -39.5673
8.216 503.022 0 0 -39.5673
8.216 503.022 0 0 -39.5673
8.216 503.022 0 0 -39.5673
8.216 503.022 0 0 -39.5673
8.216 503.022 0 0 -39.5673
8.216 503.022 0 0 -39.5673
8.216 503.022 0 0 -39.5673
8.216 503.022 0 0 -39.5673
8.216 503.022 0 0 -39.5673
8.216 503.022 0 0 -39.5673
8.216 503.022 0 0 -39.5673
8.216 503.022 0 0 -39.5673
8.216 503.022 0 0 -39.5673
8.216 503.022 0 0 -39.5673
8.216 503.022 0 0 -39.5673
8.216 503.022 0 0 -39.5673
8.216 503.022 0 0 -39.5673
8.216 503.022 0 0 -39.5673
8.216 503.022 0 0 -39.5673
8.216 503.022 0 0 -39.5673
8.216 503.022 0 0 -39.5673
8.216 503.022 0 0 -39.5673
8.216 503.022 0 0 -39.5673
8.216 503.022 0 0 -39.5673
8.216 503.022 0 0 -39.5673
8.216 503.022 0 0 -39.5673
8.216 503.022 0 0 -39.5673
8.216 503.022 0 0 -39.5673
8.216 503.022 0 0 -39.5673
8.216 503.022 0 0 -39.5673
8.215 503.022 0 0 -39.5673
8.202 503.042 0 0 -39.5673
8.222 503.137 0 0 -39.5673
8.228 503.28 0 0 -39.5673
8.233 503.456 0 0 -39.5673
8.204 503.684 0 0 -39.5673
8.213 504.017 0 0 -39.5673
8.27 504.461 0 0 -39.5673
8.289 504.962 0 0 -39.5673
8.308 505.462 0 0 -39.5673
8.325 505.958 0 0 -39.5673
8.305 506.508 0 0 -39.5673
8.308 507.2 0 0 -39.5673
8.358 508.007 0 0 -39.5673
8.434 508.955 0 0 -39.5673
8.471 509.959 0 0 -39.5673
8.507 510.961 0 0 -39.5673
8.543 511.962 0 0 -39.5673
8.565 512.999 0 0 -39.5673
8.605 514.114 0 0 -39.5673
8.647 515.32 0 0 -39.5673
8.697 516.612 0 0 -39.5673
8.748 517.996 0 0 -39.5673
8.815 519.455 0 0 -39.5673
8.871 520.957 0 0 -39.5673
8.925 522.469 0 0 -39.5673
8.98 523.973 0 0 -39.5673
9.035 525.47 0 0 -39.5673
9.089 526.969 0 0 -39.5673
9.144 528.468 0 0 -39.5673
9.198 529.967 0 0 -39.5673
9.253 531.466 0 0 -39.5673
9.307 532.965 0 0 -39.5673
9.361 534.464 0 0 -39.5673
9.415 535.963 0 0 -39.5673
9.47 537.462 0 0 -39.5673
9.524 538.962 0 0 -39.5673
9.579 540.461 0 0 -39.5673
9.634 541.96 0 0 -39.5673
9.688 543.459 0 0 -39.5673
9.743 544.958 0 0 -39.5673
9.797 546.455 0 0 -39.5673
9.852 547.958 0 0 -39.5673
9.906 549.474 0 0 -39.5673
9.961 550.979 0 0 -39.5673
10.055 552.42 0 0 -39.5673
10.1 553.744 0 0 -39.5673
10.107 554.957 0 0 -39.5673
10.147 556.145 0 0 -39.5673
10.193 557.38 0 0 -39.5673
10.242 558.663 0 0 -39.5673
10.291 559.957 0 0 -39.5673
10.341 561.232 0 0 -39.5673
10.393 562.499 0 0 -39.5673
10.446 563.776 0 0 -39.5673
10.498 565.065 0 0 -39.5673
10.572 566.345 0 0 -39.5673
10.603 567.589 0 0 -39.5673
10.542 568.778 0 0 -39.5673
10.446 569.939 0 0 -39.5673
10.385 571.128 0 0 -39.5673
10.416 572.372 0 0 -39.5673
10.49 573.653 0 0 -39.5673
10.542 574.939 0 0 -39.5673
10.594 576.209 0 0 -39.5673
10.652 577.479 0 0 -39.5673
10.693 578.776 0 0 -39.5673
10.71 580.129 0 0 -39.5673
10.722 581.553 0 0 -39.5673
10.711 583.032 0 0 -39.5673
10.683 584.537 0 0 -39.5673
10.659 586.045 0 0 -39.5673
10.636 587.548 0 0 -39.5673
10.613 589.042 0 0 -39.5673
10.59 590.525 0 0 -39.5673
10.567 592.018 0 0 -39.5673
10.502 593.573 0 0 -39.5673
10.454 595.264 0 0 -39.5673
10.448 597.072 0 0 0
