-622.574 -6093.36 294.34 30148 -57.6964
-623.838 -6092.57 294.371 30148 -57.6836
-625.102 -6091.77 294.401 30148 -57.7092
-626.367 -6090.97 294.431 30148 -57.6964
-627.631 -6090.17 294.461 30148 -57.6962
-628.893 -6089.37 294.491 30148 -57.696
-630.152 -6088.57 294.521 30148 -57.9513
-631.423 -6087.78 294.552 30148 -58.2346
-632.726 -6086.97 294.583 30148 -57.1067
-634.048 -6086.12 294.615 30148 -57.5357
-635.401 -6085.25 294.647 30148 -57.4987
-636.748 -6084.4 294.679 30148 -57.8953
-638.077 -6083.56 294.711 30148 -57.6992
-639.383 -6082.74 294.742 30148 -57.7599
-640.69 -6081.91 294.773 30148 -58.4234
-642.029 -6081.09 294.806 30148 -57.6903
-643.388 -6080.23 294.839 30148 -57.7527
-644.763 -6079.36 294.872 30148 -57.9405
-646.138 -6078.5 294.905 30148 -57.9517
-647.503 -6077.65 294.938 30148 -58.1408
-648.879 -6076.79 294.971 30148 -57.7446
-650.271 -6075.91 295.005 30148 -57.9659
-651.682 -6075.03 295.039 30148 -57.7472
-653.087 -6074.14 295.073 30148 -58.1514
-654.476 -6073.28 295.107 30148 -58.1292
-655.85 -6072.43 295.14 30148 -58.2939
-657.229 -6071.58 295.173 30148 -57.9184
-658.62 -6070.7 295.206 30148 -58.1151
-660.031 -6069.83 295.24 30148 -58.1034
-661.446 -6068.94 295.275 30148 -58.115
-662.859 -6068.07 295.309 30148 -58.0313
-664.268 -6067.19 295.343 30148 -58.0191
-665.678 -6066.31 295.377 30148 -58.0191
-667.088 -6065.43 295.412 30148 -58.0191
-668.499 -6064.54 295.446 30148 -58.0192
-669.906 -6063.67 295.481 30148 -58.008
-671.309 -6062.79 295.515 30148 -58.111
-672.72 -6061.91 295.549 30148 -58.4189
-674.177 -6061.02 295.584 30148 -57.5803
-675.661 -6060.07 295.621 30148 -57.3578
-677.184 -6059.1 295.658 30148 -56.6025
-678.736 -6058.07 295.697 30148 -56.8772
-680.333 -6057.03 295.736 30148 -57.0176
-681.933 -6055.99 295.776 30148 -57.2689
-683.516 -6054.98 295.815 30148 -57.6396
-685.08 -6053.99 295.853 30148 -57.6704
-686.628 -6053.01 295.891 30148 -57.5606
-688.168 -6052.03 295.929 30148 -57.5082
-689.707 -6051.05 295.967 30148 -57.5082
-691.251 -6050.06 296.005 30148 -57.5082
-692.792 -6049.08 296.043 30148 -57.5083
-694.326 -6048.11 296.081 30148 -57.4133
-695.85 -6047.13 296.119 30148 -57.136
-697.358 -6046.16 296.156 30148 -57.4871
-698.86 -6045.2 296.193 30148 -57.2933
-700.353 -6044.24 296.23 30148 -57.4978
-701.858 -6043.28 296.268 30148 -57.1284
-703.378 -6042.3 296.305 30148 -57.3097
-704.916 -6041.31 296.344 30148 -57.2997
-706.458 -6040.32 296.382 30148 -57.3098
-707.997 -6039.34 296.42 30148 -56.6032
-709.522 -6038.33 296.458 30148 -56.524
-711.047 -6037.32 296.496 30148 -56.524
-712.571 -6036.31 296.535 30148 -56.524
-714.095 -6035.31 296.573 30148 -56.524
-715.619 -6034.3 296.611 30148 -56.524
-717.144 -6033.29 296.649 30148 -56.5136
-718.668 -6032.28 296.688 30148 -56.524
-720.192 -6031.27 296.726 30148 -56.524
-721.716 -6030.27 296.764 30148 -56.5131
-723.237 -6029.26 296.802 30148 -56.5245
-724.764 -6028.25 296.841 30148 -56.5263
-726.307 -6027.23 296.879 30148 -56.6401
-727.858 -6026.21 296.918 30148 -56.8257
-729.406 -6025.2 296.957 30148 -56.4706
-730.935 -6024.18 296.995 30148 -55.687
-732.445 -6023.15 297.034 30148 -55.7079
-733.955 -6022.12 297.072 30148 -55.5192
-735.447 -6021.1 297.11 30148 -55.8713
-736.925 -6020.1 297.147 30148 -55.6901
-738.392 -6019.1 297.185 30148 -55.7002
-739.867 -6018.09 297.222 30148 -55.6996
-741.349 -6017.08 297.26 30148 -55.6894
-742.825 -6016.07 297.297 30148 -55.7008
-744.292 -6015.07 297.334 30148 -55.8713
-745.77 -6014.07 297.372 30148 -55.5192
-747.262 -6013.04 297.41 30148 -55.6974
-748.772 -6012.01 297.448 30148 -55.6971
-750.286 -6010.98 297.486 30148 -55.6974
-751.797 -6009.95 297.525 30148 -54.9115
-753.293 -6008.9 297.563 30148 -54.2261
-754.776 -6007.83 297.601 30148 -54.2261
-756.259 -6006.76 297.639 30148 -54.2258
-757.746 -6005.69 297.678 30148 -54.2056
-759.222 -6004.63 297.716 30148 -54.2279
-760.683 -6003.57 297.753 30148 -54.0265
-762.142 -6002.51 297.791 30148 -53.9127
-763.62 -6001.44 297.829 30148 -53.9166
-765.127 -6000.34 297.868 30148 -53.8274
-766.648 -5999.23 297.908 30148 -53.7658
-768.164 -5998.12 297.947 30148 -53.7226
-769.67 -5997.01 297.986 30148 -53.6545
-771.152 -5995.92 298.025 30148 -54.3544
-772.619 -5994.87 298.062 30148 -54.1515
-774.06 -5993.83 298.099 30148 -52.3571
-775.459 -5992.75 298.136 30148 -52.2598
-776.854 -5991.67 298.173 30148 -52.2707
-778.256 -5990.58 298.21 30148 -52.4524
-779.674 -5989.49 298.247 30148 -52.0922
-781.103 -5988.38 298.284 30148 -52.2717
-782.549 -5987.26 298.322 30148 -52.2613
-783.998 -5986.14 298.36 30148 -52.2715
-785.435 -5985.03 298.398 30148 -52.2615
-786.89 -5983.9 298.436 30148 -52.2728
-788.389 -5982.74 298.476 30148 -52.811
-789.916 -5981.58 298.515 30148 -53.1585
-791.435 -5980.45 298.555 30148 -53.1842
-792.909 -5979.34 298.593 30148 -53.2071
-794.364 -5978.25 298.631 30148 -52.4404
-795.814 -5977.14 298.669 30148 -51.0547
-797.236 -5975.99 298.706 30148 -51.0548
-798.658 -5974.84 298.744 30148 -51.0642
-800.082 -5973.69 298.781 30148 -51.0523
-801.508 -5972.54 298.819 30148 -51.0646
-802.931 -5971.39 298.856 30148 -50.8798
-804.345 -5970.24 298.894 30148 -51.2534
-805.716 -5969.14 298.93 30148 -51.0611
-807.045 -5968.06 298.965 30148 -50.8035
-808.347 -5967 298.999 30148 -49.7087
-809.681 -5965.87 299.035 30148 -49.8894
-811.049 -5964.72 299.072 30148 -49.8882
-812.462 -5963.53 299.11 30148 -49.9061
-813.862 -5962.35 299.147 30148 -49.8955
-815.26 -5961.17 299.185 30148 -48.8048
-816.634 -5959.97 299.222 30148 -47.4353
-817.976 -5958.74 299.259 30148 -47.4567
-819.322 -5957.5 299.295 30148 -47.873
-820.693 -5956.26 299.333 30148 -47.4249
-822.084 -5954.98 299.371 30148 -47.0505
-823.487 -5953.68 299.409 30148 -47.0633
-824.896 -5952.37 299.448 30148 -47.4181
-826.301 -5951.08 299.487 30148 -48.2351
-827.706 -5949.82 299.525 30148 -48.3077
-829.109 -5948.57 299.563 30148 -47.1055
-830.502 -5947.28 299.601 30148 -46.6028
-831.92 -5945.94 299.64 30148 -45.926
-833.352 -5944.55 299.68 30148 -46.421
-834.792 -5943.18 299.721 30148 -46.6602
-836.242 -5941.81 299.76 40148 -46.3625
-837.638 -5940.48 299.798 40148 -45.8765
-839.004 -5939.16 299.836 40148 -46.411
-840.374 -5937.85 299.874 40148 -46.0361
-841.761 -5936.51 299.913 40148 -44.9862
-843.165 -5935.11 299.952 40148 -44.1664
-844.585 -5933.65 299.993 40148 -43.4718
-846.034 -5932.12 300.035 40148 -42.115
-847.452 -5930.55 300.077 40148 -43.422
-848.887 -5929.03 300.119 40148 -43.6578
-850.303 -5927.55 300.16 40148 -44.3054
-851.725 -5926.09 300.201 40148 -44.642
-853.143 -5924.66 300.241 40148 -41.1674
-854.459 -5923.15 300.277 40148 -41.4027
-855.789 -5921.64 300.314 40148 -41.9645
-857.149 -5920.13 300.35 40148 -42.46
-858.529 -5918.62 300.387 40148 -42.3705
-859.901 -5917.12 300.424 40148 -42.892
-861.268 -5915.65 300.461 40148 -43.6097
-862.623 -5914.23 300.496 40148 -44.323
-863.985 -5912.83 300.532 40148 -43.7833
-865.314 -5911.44 300.567 40148 -43.5901
-866.616 -5910.08 300.601 40148 -42.6794
-867.907 -5908.68 300.635 40148 -41.9845
-869.213 -5907.23 300.671 40148 -41.9391
-870.547 -5905.74 300.707 40148 -40.0769
-871.85 -5904.19 300.74 40148 -40.9642
-873.17 -5902.67 300.774 40148 -41.2077
-874.514 -5901.14 300.807 40148 -41.5565
-875.89 -5899.59 300.841 40148 -42.5071
-877.303 -5898.04 300.876 40148 -42.2076
-878.703 -5896.5 300.91 40148 -42.3901
-880.092 -5894.98 300.944 40148 -42.3928
-881.456 -5893.48 300.978 40148 -42.5326
-882.812 -5892.01 301.011 40148 -42.381
-884.143 -5890.55 301.043 40148 -42.5593
-885.458 -5889.12 301.075 40148 -42.0068
-886.767 -5887.66 301.108 40148 -41.3108
-888.093 -5886.15 301.141 40148 -39.5183
-889.399 -5884.57 301.171 40148 -39.5183
-890.725 -5882.96 301.203 40148 -39.5276
-892.043 -5881.37 301.234 40148 -39.5183
-893.361 -5879.77 301.265 40148 -39.5276
-894.675 -5878.17 301.297 40148 -39.5183
-895.992 -5876.58 301.328 40148 -39.5652
-897.29 -5875.01 301.359 40148 -39.5627
-898.66 -5873.35 301.391 40148 -39.5664
-899.925 -5871.82 301.421 40148 -39.5664
0 0 0 0 -39.5664
0 0 0 0 -39.5664
0 0 0 0 -39.5664
0 0 0 0 -39.5664
0 0 0 0 -39.5664
0 0 0 0 -39.5664
0 0 0 0 -39.5664
0 0 0 0 -39.5664
0 0 0 0 -39.5664
0 0 0 0 -39.5664
0 0 0 0 -39.5664
0 0 0 0 -39.5664
0 0 0 0 -39.5664
0 0 0 0 -39.5664
0 0 0 0 -39.5664
0 0 0 0 -39.5664
0 0 0 0 -39.5664
0 0 0 0 -39.5664
0 0 0 0 -39.5664
0 0 0 0 -39.5664
0 0 0 0 -39.5664
0 0 0 0 -39.5664
0 0 0 0 -39.5664
0 0 0 0 -39.5664
0 0 0 0 -39.5664
0 0 0 0 -39.5664
0 0 0 0 -39.5664
0 0 0 0 -39.5664
4.711 31.969 0 0 -39.5664
4.693 35.47 0 0 -39.5664
4.675 38.969 0 0 -39.5664
4.654 42.97 0 0 -39.5664
4.636 46.469 0 0 -39.5664
4.615 50.453 0 0 -39.5664
4.631 54.257 0 0 -39.5664
4.614 57.954 0 0 -39.5664
4.559 61.498 0 0 -39.5664
4.541 64.989 0 0 -39.5664
4.523 68.471 0 0 -39.5664
4.505 71.967 0 0 -39.5664
4.486 75.469 0 0 -39.5664
4.469 78.969 0 0 -39.5664
4.45 82.498 0 0 -39.5664
4.433 85.97 0 0 -39.5664
4.414 89.321 0 0 -39.5664
4.405 92.625 0 0 -39.5664
4.447 95.976 0 0 -39.5664
4.49 99.448 0 0 -39.5664
4.532 102.976 0 0 -39.5664
4.575 106.476 0 0 -39.5664
4.617 109.976 0 0 -39.5664
4.661 113.476 0 0 -39.5664
4.702 116.974 0 0 -39.5664
4.745 120.478 0 0 -39.5664
4.788 123.991 0 0 -39.5664
4.831 127.496 0 0 -39.5664
4.885 130.957 0 0 -39.5664
4.927 134.327 0 0 -39.5664
4.954 137.606 0 0 -39.5664
4.993 140.859 0 0 -39.5664
5.025 144.134 0 0 -39.5664
5.087 147.447 0 0 -39.5664
5.168 150.783 0 0 -39.5664
5.144 154.132 0 0 -39.5664
5.046 157.557 0 0 -39.5664
4.927 161.008 0 0 -39.5664
4.737 164.417 0 0 -39.5664
4.561 167.816 0 0 -39.5664
4.427 171.25 0 0 -39.5664
4.292 174.774 0 0 -39.5664
4.159 178.353 0 0 -39.5664
4.025 181.917 0 0 -39.5664
3.886 185.466 0 0 -39.5664
3.778 188.966 0 0 -39.5664
3.691 192.384 0 0 -39.5664
3.662 195.711 0 0 -39.5664
3.687 198.948 0 0 -39.5664
3.75 202.084 0 0 -39.5664
3.816 205.131 0 0 -39.5664
3.894 208.127 0 0 -39.5664
3.972 211.11 0 0 -39.5664
4.051 214.105 0 0 -39.5664
4.13 217.106 0 0 -39.5664
4.21 220.105 0 0 -39.5664
4.289 223.103 0 0 -39.5664
4.367 226.168 0 0 -39.5664
4.447 229.024 0 0 -39.5664
4.525 231.766 0 0 -39.5664
4.637 234.338 0 0 -39.5664
4.834 237.01 0 0 -39.5664
5.066 239.883 0 0 -39.5664
5.265 242.75 0 0 -39.5664
5.425 245.435 0 0 -39.5664
5.553 247.987 0 0 -39.5664
5.707 250.493 0 0 -39.5664
5.897 252.971 0 0 -39.5664
6.066 255.365 0 0 -39.5664
6.119 257.615 0 0 -39.5664
6.11 259.745 0 0 -39.5664
5.986 261.722 0 0 -39.5664
5.784 263.628 0 0 -39.5664
5.608 265.525 0 0 -39.5664
5.432 267.439 0 0 -39.5664
5.258 269.352 0 0 0
