6.94953e-310 6.94953e-310 0 0 0
-805.256 -5973.25 0 0 0
-806.552 -5972.2 0 0 0
-807.852 -5971.15 0 0 0
-809.149 -5970.1 0 0 0
-810.447 -5969.05 0 0 0
-811.749 -5968 0 0 0
-813.026 -5966.95 0 0 0
-814.267 -5965.94 0 0 0
-815.486 -5964.97 0 0 0
-816.684 -5964.03 0 0 0
-817.886 -5963.07 0 0 0
-819.071 -5962.01 0 0 0
-820.264 -5960.89 0 0 0
-821.494 -5959.76 0 0 0
-822.727 -5958.63 0 0 0
-823.954 -5957.51 0 0 0
-825.181 -5956.38 0 0 0
-826.407 -5955.25 0 0 0
-827.635 -5954.13 0 0 0
-828.862 -5953 0 0 0
-830.088 -5951.88 0 0 0
-831.31 -5950.75 0 0 0
-832.536 -5949.63 0 0 0
-833.785 -5948.5 0 0 0
-835.067 -5947.33 0 0 0
-836.366 -5946.13 0 0 0
-837.708 -5944.9 0 0 0
-839.033 -5943.62 0 0 0
-840.356 -5942.34 0 0 0
-841.676 -5941.07 0 0 0
-842.995 -5939.8 0 0 0
-844.313 -5938.53 0 0 0
-845.628 -5937.26 0 0 0
-846.948 -5935.99 0 0 0
-848.281 -5934.72 0 0 0
-849.621 -5933.42 0 0 0
-850.984 -5932.1 0 0 0
-852.366 -5930.78 0 0 0
-853.755 -5929.46 0 0 0
-855.088 -5928.12 0 0 0
-856.351 -5926.8 0 0 0
-857.565 -5925.49 0 0 0
-858.727 -5924.21 0 0 0
-859.869 -5922.96 0 0 0
-861.028 -5921.7 0 0 0
-862.19 -5920.43 0 0 0
-863.35 -5919.16 0 0 0
-864.51 -5917.9 0 0 0
-865.671 -5916.63 0 0 0
-866.831 -5915.36 0 0 0
-867.99 -5914.1 0 0 0
-869.15 -5912.83 0 0 0
-870.306 -5911.56 0 0 0
-871.465 -5910.29 0 0 0
-872.643 -5909.05 0 0 0
-873.823 -5907.8 0 0 0
-874.992 -5906.55 0 0 0
-876.16 -5905.3 0 0 0
-877.316 -5904.06 0 0 0
-878.462 -5902.81 0 0 0
-879.593 -5901.55 0 0 0
-880.729 -5900.28 0 0 0
-881.874 -5899 0 0 0
-883.037 -5897.72 0 0 0
-884.224 -5896.39 0 0 0
-885.423 -5895.03 0 0 0
-886.645 -5893.62 0 0 0
-887.889 -5892.21 0 0 0
-889.135 -5890.79 0 0 0
-890.378 -5889.38 0 0 0
-891.589 -5887.94 0 0 0
-892.78 -5886.48 0 0 0
-893.968 -5885.02 0 0 0
-895.142 -5883.58 0 0 0
-896.303 -5882.14 0 0 0
-897.461 -5880.71 0 0 0
-898.636 -5879.26 0 0 0
-899.834 -5877.81 0 0 0
-901.038 -5876.35 0 0 0
-902.238 -5874.9 0 0 0
-903.435 -5873.45 0 0 0
-904.633 -5871.99 0 0 0
-905.854 -5870.52 0 0 0
-907.082 -5869.03 0 0 0
-908.308 -5867.46 0 0 0
-909.418 -5866.01 0 0 0
-910.63 -5864.42 0 0 0
-737.888 -6017.83 297.191 30148 -59.0548
-739.351 -6016.95 297.227 30148 -59.0274
-740.826 -6016.07 297.263 30148 -58.9914
-742.315 -6015.17 297.299 30148 -58.965
-743.816 -6014.27 297.336 30148 -58.9651
-745.321 -6013.36 297.372 30148 -58.9659
-746.826 -6012.46 297.409 30148 -58.9571
-748.33 -6011.55 297.446 30148 -58.9585
-749.833 -6010.65 297.483 30148 -58.9727
-751.335 -6009.74 297.519 30148 -58.6888
-752.833 -6008.83 297.556 30148 -57.4289
-754.313 -6007.89 297.593 30148 -55.9453
-755.78 -6006.9 297.63 30148 -54.8961
-757.253 -6005.86 297.667 30148 -53.8579
-758.714 -6004.79 297.705 30148 -53.9093
-760.166 -6003.74 297.743 30148 -54.1538
-761.619 -6002.69 297.78 30148 -54.1853
-763.083 -6001.63 297.818 30148 -54.6198
-764.583 -6000.56 297.856 30148 -54.8698
-766.106 -5999.49 297.895 30148 -54.9457
-767.624 -5998.43 297.934 30148 -54.2682
-769.105 -5997.36 297.972 30148 -54.3908
-770.549 -5996.33 298.009 30148 -54.6826
-771.967 -5995.32 298.046 30148 -54.7446
-773.345 -5994.35 298.081 30148 -53.2526
-774.676 -5993.36 298.116 30148 -52.2684
-775.985 -5992.34 298.15 30148 -52.2684
-777.293 -5991.33 298.184 30148 -52.2685
-778.607 -5990.31 298.219 30148 -52.7346
-779.945 -5989.3 298.254 30148 -52.2363
-781.302 -5988.24 298.289 30148 -51.8345
-782.68 -5987.16 298.326 30148 -52.2707
-784.083 -5986.08 298.363 30148 -52.2814
-785.479 -5985 298.399 30148 -52.2603
-786.892 -5983.9 298.436 30148 -52.2719
-788.346 -5982.78 298.474 30148 -52.7746
-789.829 -5981.65 298.513 30148 -53.1638
-791.303 -5980.55 298.551 30148 -53.1871
-792.739 -5979.47 298.589 30148 -52.9918
-794.133 -5978.42 298.625 30148 -52.8809
-795.517 -5977.37 298.661 30148 -51.0757
-796.841 -5976.3 298.696 30148 -51.2381
-798.148 -5975.26 298.73 30148 -51.0519
-799.44 -5974.21 298.764 30148 -51.0538
-800.73 -5973.17 298.798 30148 -51.0636
-802.022 -5972.12 298.832 30148 -51.0511
-803.316 -5971.08 298.866 30148 -51.0428
-804.622 -5970.02 298.901 30148 -51.0757
-805.897 -5968.99 298.934 30148 -51.0928
-807.133 -5968 298.967 30148 -50.5847
-808.334 -5967.01 298.999 30148 -49.8783
-809.547 -5965.99 299.031 30148 -49.899
-810.8 -5964.93 299.065 30148 -49.8939
-812.084 -5963.85 299.099 30148 -49.8913
-813.355 -5962.78 299.134 30148 -49.9028
-814.626 -5961.71 299.168 30148 -49.8798
-815.896 -5960.64 299.202 30148 -47.7218
-817.126 -5959.52 299.235 30148 -47.4539
-818.35 -5958.4 299.269 30148 -47.4424
-819.575 -5957.27 299.302 30148 -47.4424
-820.799 -5956.15 299.336 30148 -47.4538
-822.023 -5955.02 299.369 30148 -47.4299
-823.243 -5953.9 299.403 30148 -47.4546
-824.471 -5952.78 299.436 30148 -47.4581
-825.716 -5951.64 299.47 30148 -47.6169
-826.97 -5950.49 299.505 30148 -47.8311
-828.222 -5949.36 299.539 30148 -47.8326
-829.458 -5948.24 299.572 30148 -47.8218
-830.686 -5947.12 299.606 30148 -47.833
-831.918 -5946.01 299.639 30148 -47.8329
-833.15 -5944.89 299.673 30148 -47.8216
-834.38 -5943.78 299.706 30148 -47.9014
-835.633 -5942.65 299.739 40148 -46.0722
-836.824 -5941.5 299.773 40148 -46.5262
-838.041 -5940.35 299.806 40148 -46.3219
-839.289 -5939.15 299.841 40148 -45.7508
-840.551 -5937.92 299.876 40148 -46.401
-841.858 -5936.68 299.912 40148 -47.6303
-843.216 -5935.44 299.948 40148 -47.0636
-844.58 -5934.17 299.986 40148 -45.4145
-845.934 -5932.84 300.024 40148 -43.8156
-847.249 -5931.47 300.062 40148 -42.4707
-848.508 -5930.09 300.099 40148 -43.0925
-849.77 -5928.74 300.136 40148 -43.3897
-851.048 -5927.39 300.173 40148 -43.2585
-852.353 -5926 300.211 40148 -42.7359
-853.66 -5924.59 300.248 40148 -41.1729
-854.922 -5923.15 300.283 40148 -41.1523
-856.184 -5921.7 300.318 40148 -41.0228
-857.442 -5920.26 300.352 40148 -41.1608
-858.703 -5918.81 300.387 40148 -41.9449
-859.981 -5917.39 300.422 40148 -42.842
-861.278 -5915.99 300.456 40148 -43.6425
-862.593 -5914.61 300.491 40148 -43.6724
-863.908 -5913.24 300.525 40148 -43.6938
-865.234 -5911.85 300.56 40148 -44.2482
-866.549 -5910.5 300.594 40148 -44.7817
-867.839 -5909.2 300.628 40148 -44.0863
-869.095 -5907.9 300.66 40148 -43.6258
-870.369 -5906.57 300.694 40148 -42.3018
-871.643 -5905.16 300.726 40148 -41.3794
-872.925 -5903.71 300.758 40148 -41.3865
-874.195 -5902.27 300.79 40148 -41.3765
-875.465 -5900.83 300.822 40148 -41.3863
-876.735 -5899.39 300.853 40148 -41.3565
-878.003 -5897.95 300.885 40148 -41.3865
-879.274 -5896.5 300.917 40148 -41.5261
-880.551 -5895.06 300.948 40148 -41.7341
-881.837 -5893.62 300.98 40148 -41.8908
-883.136 -5892.17 301.012 40148 -41.9125
-884.424 -5890.74 301.044 40148 -41.8971
-885.684 -5889.33 301.075 40148 -41.5108
-886.923 -5887.93 301.106 40148 -41.1881
-888.165 -5886.51 301.137 40148 -39.0483
-889.379 -5885.02 301.166 40148 -39.0667
-890.604 -5883.51 301.195 40148 -38.9666
-891.823 -5882 301.225 40148 -38.8418
-893.044 -5880.48 301.254 40148 -39.0031
-894.281 -5878.96 301.284 40148 -39.1521
-895.532 -5877.42 301.314 40148 -39.5087
-896.798 -5875.88 301.344 40148 -39.6333
-898.069 -5874.35 301.374 40148 -39.5664
-899.334 -5872.82 301.404 40148 -39.5568
-900.599 -5871.29 301.434 40148 -39.5568
0 0 0 0 -39.5568
0 0 0 0 -39.5568
0 0 0 0 -39.5568
0 0 0 0 -39.5568
0 0 0 0 -39.5568
0 0 0 0 -39.5568
0 0 0 0 -39.5568
0 0 0 0 -39.5568
0 0 0 0 -39.5568
0 0 0 0 -39.5568
0 0 0 0 -39.5568
0 0 0 0 -39.5568
0 0 0 0 -39.5568
0 0 0 0 -39.5568
0 0 0 0 -39.5568
0 0 0 0 -39.5568
0 0 0 0 -39.5568
0 0 0 0 -39.5568
0 0 0 0 -39.5568
0 0 0 0 -39.5568
0 0 0 0 -39.5568
0 0 0 0 -39.5568
0 0 0 0 -39.5568
0 0 0 0 -39.5568
0 0 0 0 -39.5568
0 0 0 0 -39.5568
0 0 0 0 -39.5568
0 0 0 0 -39.5568
0 0 0 0 -39.5568
0 0 0 0 -39.5568
0 0 0 0 -39.5568
0 0 0 0 -39.5568
0 0 0 0 -39.5568
0 0 0 0 -39.5568
0 0 0 0 -39.5568
0 0 0 0 -39.5568
0 0 0 0 -39.5568
0 0 0 0 -39.5568
0 0 0 0 -39.5568
0 0 0 0 -39.5568
0 0 0 0 -39.5568
0 0 0 0 -39.5568
0 0 0 0 -39.5568
0 0 0 0 -39.5568
0 0 0 0 -39.5568
0 0 0 0 -39.5568
0 0 0 0 -39.5568
0 0 0 0 -39.5568
0 0 0 0 -39.5568
0 0 0 0 -39.5568
0 0 0 0 -39.5568
0 0 0 0 -39.5568
0 0 0 0 -39.5568
0 0 0 0 -39.5568
0 0 0 0 -39.5568
0 0 0 0 -39.5568
0 0 0 0 -39.5568
0 0 0 0 -39.5568
0 0 0 0 -39.5568
0 0 0 0 -39.5568
0 0 0 0 -39.5568
0 0 0 0 -39.5568
0 0 0 0 -39.5568
0 0 0 0 -39.5568
0 0 0 0 -39.5568
0 0 0 0 -39.5568
0 0 0 0 -39.5568
0 0 0 0 -39.5568
0 0 0 0 -39.5568
0 0 0 0 -39.5568
0 0 0 0 -39.5568
0 0 0 0 -39.5568
0 0 0 0 -39.5568
0 0 0 0 -39.5568
15.85 40.548 0 0 -39.5568
15.821 46.048 0 0 -39.5568
15.906 50.986 0 0 -39.5568
15.881 55.935 0 0 -39.5568
15.855 60.885 0 0 -39.5568
15.83 65.835 0 0 -39.5568
15.805 70.785 0 0 -39.5568
15.778 75.735 0 0 -39.5568
15.753 80.726 0 0 -39.5568
15.728 85.636 0 0 -39.5568
15.705 90.378 0 0 -39.5568
15.731 95.055 0 0 -39.5568
15.778 99.799 0 0 -39.5568
15.805 104.712 0 0 0
