-403.138 -6236.71 295.239 10149 -56.1136
-403.608 -6236.39 295.232 10149 -56.1153
-404.078 -6236.08 295.225 10149 -56.1499
-404.549 -6235.76 295.217 10149 -56.1162
-405.02 -6235.45 295.21 10149 -56.1268
-405.493 -6235.13 295.202 10149 -56.1903
-405.973 -6234.81 295.195 10149 -55.9696
-406.405 -6234.52 295.188 10149 -55.9696
-406.808 -6234.25 295.181 10149 -55.9696
-407.168 -6233.97 295.176 10149 -53.0074
-407.573 -6233.66 295.169 10149 -53.3576
-408.008 -6233.34 295.162 10149 -54.8183
-408.488 -6233 295.154 10149 -54.0002
-408.99 -6232.64 295.146 10149 -52.9758
-409.513 -6232.24 295.138 10149 -52.1783
-410.061 -6231.82 295.129 10149 -52.5719
-410.624 -6231.39 295.119 10149 -54.4067
-411.201 -6230.97 295.11 10149 -56.3666
-411.788 -6230.58 295.101 10149 -58.3704
-412.389 -6230.21 295.092 10149 -59.3642
-413 -6229.85 295.083 10149 -58.9047
-413.609 -6229.48 295.073 10149 -58.8771
-414.218 -6229.12 295.064 10149 -58.8798
-414.825 -6228.75 295.055 10149 -58.9115
-415.43 -6228.39 295.046 10149 -58.5845
-416.035 -6228.02 295.036 10149 -60.9174
-416.673 -6227.66 295.027 10149 -60.4696
-417.349 -6227.28 295.017 10149 -59.2938
-418.049 -6226.86 295.006 10149 -58.8928
-418.782 -6226.42 294.995 10149 -56.7223
-419.534 -6225.93 294.983 10149 -58.0892
-420.291 -6225.46 294.972 10149 -60.6858
-421.043 -6225.03 294.961 10149 -62.5676
-421.795 -6224.64 294.95 10149 -60.6746
-422.544 -6224.22 294.939 10149 -58.4366
-423.297 -6223.76 294.927 10149 -56.455
-424.048 -6223.26 294.915 10149 -57.4758
-424.813 -6222.77 294.904 10149 -57.7915
-425.58 -6222.29 294.892 10149 -58.088
-426.342 -6221.82 294.88 10149 -58.1341
-427.093 -6221.35 294.869 10149 -58.071
-427.834 -6220.89 294.858 10149 -58.4147
-428.587 -6220.42 294.846 10149 -57.749
-429.352 -6219.94 294.835 10149 -58.0636
-430.131 -6219.46 294.823 10149 -58.0833
-430.915 -6218.97 294.811 10149 -58.4088
-431.711 -6218.48 294.799 10149 -58.0374
-432.524 -6217.97 294.786 10149 -57.8014
-433.356 -6217.45 294.774 10149 -58.0797
-434.178 -6216.94 294.761 10149 -58.1487
-434.971 -6216.44 294.749 10149 -56.3766
-435.742 -6215.93 294.737 10149 -56.4359
-436.534 -6215.4 294.725 10149 -56.4548
-437.358 -6214.86 294.713 10149 -56.5089
-438.191 -6214.31 294.7 10149 -56.4599
-439.017 -6213.76 294.687 10149 -56.4791
-439.844 -6213.21 294.674 10149 -56.4988
-440.671 -6212.66 294.662 10149 -56.4791
-441.498 -6212.12 294.649 10149 -56.4791
-442.324 -6211.57 294.636 10149 -56.4791
-443.151 -6211.02 294.624 10149 -56.4791
-443.978 -6210.47 294.611 10149 -56.4791
-444.804 -6209.93 294.598 10149 -56.4795
-445.631 -6209.38 294.586 10149 -56.4791
-446.458 -6208.83 294.573 10149 -56.4984
-447.285 -6208.28 294.56 10149 -56.4628
-448.111 -6207.74 294.548 10149 -56.5033
-448.939 -6207.19 294.535 10149 -56.4644
-449.765 -6206.64 294.522 10149 -56.5029
-450.592 -6206.09 294.51 10149 -56.4837
-451.419 -6205.55 294.497 10149 -56.4837
-452.245 -6205 294.485 10149 -56.4837
-453.072 -6204.45 294.472 10149 -56.4841
-453.899 -6203.9 294.46 10149 -56.4837
-454.726 -6203.36 294.447 10149 -56.4837
-455.553 -6202.81 294.435 10149 -56.5029
-456.38 -6202.26 294.422 10149 -56.4649
-457.206 -6201.71 294.409 10149 -56.5029
-458.033 -6201.17 294.397 10149 -56.4644
-458.86 -6200.62 294.384 10149 -56.4837
-459.687 -6200.07 294.372 10149 -56.5029
-460.513 -6199.52 294.359 10149 -56.4837
-461.34 -6198.97 294.347 10149 -56.4867
-462.167 -6198.43 294.334 10149 -56.4869
-462.994 -6197.88 294.322 10149 -56.4878
-463.821 -6197.33 294.309 10149 -56.4853
-464.647 -6196.79 294.297 10149 -56.4799
-465.47 -6196.24 294.285 10149 -56.5139
-466.301 -6195.69 294.272 10149 -57.2434
-467.141 -6195.15 294.26 10149 -56.8257
-467.98 -6194.6 294.247 10149 -55.6985
-468.842 -6194.01 294.234 10149 -54.6701
-469.721 -6193.39 294.22 10149 -55.4434
-470.645 -6192.75 294.206 10149 -55.5141
-471.589 -6192.11 294.192 10149 -55.4732
-472.524 -6191.46 294.178 10149 -55.4869
-473.458 -6190.82 294.164 10149 -55.4876
-474.392 -6190.18 294.149 10149 -55.6224
-475.398 -6189.49 294.134 20149 -55.8076
-476.501 -6188.74 294.117 20149 -55.8071
-477.604 -6187.99 294.099 20149 -55.7928
-478.706 -6187.24 294.082 20149 -55.8087
-479.81 -6186.49 294.065 20149 -55.7896
-480.911 -6185.74 294.047 20149 -55.7972
-482.008 -6185 294.03 20149 -55.7769
-483.11 -6184.25 294.013 20149 -56.7382
-484.252 -6183.5 293.995 20149 -56.5057
-485.43 -6182.72 293.977 20149 -55.8024
-486.636 -6181.9 293.958 20149 -56.4032
-487.882 -6181.07 293.939 20149 -58.7033
-489.158 -6180.3 293.919 20149 -59.0705
-490.431 -6179.53 293.905 20149 -58.6298
-491.703 -6178.76 293.89 20149 -57.7597
-492.978 -6177.95 293.875 20149 -57.8233
-494.26 -6177.15 293.86 20149 -58.7605
-495.549 -6176.37 293.845 20149 -58.8802
-496.832 -6175.59 293.83 20149 -58.7535
-498.113 -6174.81 293.815 20149 -58.7652
-499.395 -6174.04 293.8 20149 -58.765
-500.678 -6173.26 293.785 20149 -58.7652
-501.96 -6172.48 293.77 20149 -58.749
-503.248 -6171.7 293.755 20149 -58.751
-504.525 -6170.92 293.743 20149 -58.7757
-505.783 -6170.16 293.733 20149 -58.5589
-507.029 -6169.4 293.723 20149 -58.256
-508.279 -6168.63 293.713 20149 -58.2114
-509.55 -6167.84 293.703 20149 -58.234
-510.83 -6167.05 293.692 20149 -58.2228
-512.105 -6166.26 293.682 20149 -58.2355
-513.38 -6165.47 293.672 20149 -58.2228
-514.656 -6164.68 293.661 20149 -58.2228
-515.931 -6163.89 293.651 20149 -58.2356
-517.206 -6163.1 293.641 20149 -58.2222
-518.481 -6162.31 293.631 20149 -58.2189
-519.756 -6161.52 293.625 20149 -58.2317
-521.031 -6160.73 293.619 20149 -58.2189
-522.306 -6159.94 293.613 20149 -58.2317
-523.582 -6159.15 293.608 20149 -58.219
-524.857 -6158.36 293.602 20149 -58.2317
-526.132 -6157.57 293.596 20149 -58.2062
-527.407 -6156.78 293.59 20149 -58.2189
-528.682 -6155.99 293.584 20149 -58.2317
-529.957 -6155.2 293.579 20149 -58.2189
-531.232 -6154.41 293.573 20149 -58.2317
-532.508 -6153.62 293.567 20149 -58.2187
-533.783 -6152.83 293.564 20149 -58.2314
-535.058 -6152.04 293.563 20149 -58.2187
-536.333 -6151.25 293.562 20149 -58.2314
-537.608 -6150.46 293.56 20149 -58.2187
-538.884 -6149.67 293.559 20149 -58.2187
-540.159 -6148.88 293.558 20149 -58.2315
-541.434 -6148.09 293.556 20149 -58.2187
-542.709 -6147.3 293.555 20149 -58.2187
-543.984 -6146.51 293.554 20149 -58.2188
-545.259 -6145.72 293.552 20149 -58.2313
-546.534 -6144.93 293.551 20149 -58.2195
-547.811 -6144.14 293.551 20149 -58.2343
-549.088 -6143.35 293.554 20149 -58.2843
-550.368 -6142.56 293.557 20149 -58.3953
-551.658 -6141.76 293.561 20149 -58.4666
-552.958 -6140.96 293.564 20149 -58.7518
-554.267 -6140.17 293.567 20149 -59.1798
-555.577 -6139.39 293.57 20149 -59.2689
-556.887 -6138.61 293.573 20149 -59.1389
-558.201 -6137.83 293.576 20149 -58.6901
-559.507 -6137.03 293.58 20149 -58.3462
-560.792 -6136.24 293.583 20149 -58.9944
-562.055 -6135.48 293.586 20149 -59.469
-563.291 -6134.75 293.593 20149 -59.0875
-564.505 -6134.02 293.6 20149 -59.0895
-565.717 -6133.3 293.608 20149 -59.0838
-566.935 -6132.57 293.615 20149 -59.0844
-568.152 -6131.84 293.622 20149 -58.8543
-569.351 -6131.12 293.629 20149 -59.0992
-570.527 -6130.41 293.636 20149 -59.3051
-571.685 -6129.72 293.643 20149 -59.3186
-572.843 -6129.04 293.649 20149 -59.5156
-574.026 -6128.34 293.656 20149 -56.6491
-575.199 -6127.57 293.663 20149 -54.9196
-576.369 -6126.75 293.67 20149 -52.8663
-577.516 -6125.88 293.681 20149 -55.1531
-578.681 -6125.07 293.692 20149 -57.3827
-579.87 -6124.31 293.704 20149 -58.8708
-581.096 -6123.57 293.715 20149 -57.4101
-582.32 -6122.78 293.727 20149 -57.7386
-583.548 -6122.01 293.738 20149 -57.6971
-584.762 -6121.24 293.75 20149 -57.4021
-585.966 -6120.47 293.761 20149 -57.6204
-587.193 -6119.69 293.773 20149 -57.2018
-588.442 -6118.89 293.784 20149 -57.3995
-589.706 -6118.08 293.796 20149 -57.4141
-590.973 -6117.27 293.809 20149 -57.4142
-592.239 -6116.46 293.825 20149 -57.4262
-593.502 -6115.65 293.841 20149 -57.4265
-594.767 -6114.85 293.858 20149 -57.4132
-596.029 -6114.04 293.874 20149 -57.4249
-597.289 -6113.23 293.89 20149 -57.4138
-598.553 -6112.43 293.906 20149 -57.6836
-599.836 -6111.61 293.923 20149 -57.3417
-601.138 -6110.78 293.94 20149 -57.6295
-602.462 -6109.94 293.957 20149 -58.3493
-603.793 -6109.12 293.974 20149 -58.6269
-605.112 -6108.32 293.991 20149 -58.748
-606.421 -6107.52 294.011 20149 -58.9061
-607.741 -6106.72 294.032 20149 -58.6039
-609.091 -6105.9 294.054 20149 -57.9742
-610.47 -6105.04 294.076 20149 -57.6505
-611.871 -6104.15 294.099 20149 -57.7669
-613.285 -6103.26 294.122 20149 -57.824
-614.699 -6102.37 294.145 20149 -57.8238
-616.11 -6101.48 294.168 20149 -57.8352
-617.52 -6100.6 294.191 20149 -57.8238
-618.931 -6099.71 294.214 20149 -57.7409
-620.339 -6098.82 294.243 30149 -57.7055
-621.747 -6097.93 294.277 30149 -57.6941
-623.155 -6097.04 294.311 30149 -57.6941
-624.563 -6096.15 294.344 30149 -57.7056
-625.972 -6095.26 294.378 30149 -57.7056
-627.38 -6094.37 294.412 30149 -57.6826
-628.788 -6093.48 294.445 30149 -57.7055
-630.197 -6092.59 294.479 30149 -57.6941
-631.605 -6091.7 294.513 30149 -57.6941
-633.013 -6090.81 294.546 30149 -57.7055
-634.421 -6089.92 294.58 30149 -57.6941
-635.83 -6089.03 294.614 30149 -57.6941
-637.238 -6088.14 294.647 30149 -57.7055
-638.646 -6087.25 294.681 30149 -57.6941
-640.054 -6086.35 294.715 30149 -57.6941
-641.462 -6085.46 294.748 30149 -57.8386
-642.873 -6084.58 294.782 30149 -57.943
-644.285 -6083.69 294.817 30149 -57.943
-645.697 -6082.81 294.851 30149 -57.9544
-647.109 -6081.93 294.885 30149 -57.943
-648.52 -6081.04 294.919 30149 -57.943
-649.932 -6080.16 294.953 30149 -57.9544
-651.344 -6079.27 294.987 30149 -57.9429
-652.755 -6078.39 295.021 30149 -57.9545
-654.169 -6077.5 295.055 30149 -57.9435
-655.588 -6076.62 295.09 30149 -58.0347
-657.012 -6075.73 295.124 30149 -58.1145
-658.434 -6074.84 295.158 30149 -58.1149
-659.85 -6073.96 295.192 30149 -58.115
-661.263 -6073.08 295.227 30149 -58.1035
-662.678 -6072.2 295.261 30149 -58.1149
-664.093 -6071.32 295.295 30149 -58.0586
-665.507 -6070.44 295.329 30149 -58.0189
-666.92 -6069.56 295.364 30149 -58.0189
-668.333 -6068.68 295.398 30149 -58.0189
-669.747 -6067.79 295.432 30149 -58.0076
-671.157 -6066.91 295.467 30149 -58.0193
-672.564 -6066.03 295.501 30149 -58.1562
-673.981 -6065.15 295.536 30149 -58.6238
-675.457 -6064.25 295.571 30149 -58.0031
-676.965 -6063.31 295.608 30149 -58.0116
-678.52 -6062.34 295.646 30149 -57.4426
-680.11 -6061.32 295.685 30149 -57.919
-681.758 -6060.29 295.725 30149 -57.8305
-683.402 -6059.26 295.765 30149 -57.8386
-685.018 -6058.24 295.805 30149 -58.1122
-686.606 -6057.25 295.844 30149 -57.9534
-688.169 -6056.28 295.882 30149 -57.5082
-689.712 -6055.29 295.92 30149 -57.4977
-691.255 -6054.31 295.958 30149 -57.5082
-692.802 -6053.32 295.996 30149 -57.5082
-694.346 -6052.34 296.034 30149 -57.5082
-695.883 -6051.36 296.072 30149 -57.4977
-697.417 -6050.38 296.11 30149 -57.2985
-698.95 -6049.4 296.148 30149 -57.3099
-700.49 -6048.41 296.186 30149 -57.3207
-702.034 -6047.42 296.224 30149 -57.2997
-703.576 -6046.43 296.262 30149 -57.3101
-705.118 -6045.44 296.301 30149 -57.3101
-706.66 -6044.45 296.339 30149 -57.2997
-708.202 -6043.46 296.377 30149 -57.3101
-709.744 -6042.47 296.415 30149 -56.7039
-711.275 -6041.47 296.453 30149 -56.5245
-712.803 -6040.46 296.491 30149 -56.5245
-714.332 -6039.45 296.53 30149 -56.5245
-715.86 -6038.44 296.568 30149 -56.514
-717.388 -6037.42 296.606 30149 -56.5244
-718.916 -6036.41 296.645 30149 -56.5244
-720.444 -6035.4 296.683 30149 -56.5244
-721.973 -6034.39 296.721 30149 -56.5244
-723.501 -6033.38 296.759 30149 -56.5137
-725.026 -6032.37 296.798 30149 -56.5247
-726.557 -6031.36 296.836 30149 -56.5261
-728.099 -6030.34 296.875 30149 -56.5575
-729.646 -6029.32 296.913 30149 -56.8153
-731.193 -6028.31 296.952 30149 -56.6308
-732.727 -6027.3 296.99 30149 -55.6973
-734.238 -6026.27 297.029 30149 -55.6866
-735.752 -6025.23 297.067 30149 -55.6971
-737.266 -6024.2 297.105 30149 -55.6971
-738.78 -6023.17 297.143 30149 -55.6971
-740.294 -6022.13 297.182 30149 -55.697
-741.808 -6021.1 297.22 30149 -55.697
-743.322 -6020.07 297.258 30149 -55.6971
-744.835 -6019.04 297.297 30149 -55.6973
-746.345 -6018.01 297.335 30149 -55.6867
-747.858 -6016.97 297.373 30149 0
