6.94953e-310 6.94953e-310 0 0 0
-491.339 -6174.09 0 0 0
-492.207 -6173.5 0 0 0
-493.072 -6172.91 0 0 0
-493.941 -6172.32 0 0 0
-494.825 -6171.73 0 0 0
-495.735 -6171.14 0 0 0
-496.68 -6170.57 0 0 0
-497.655 -6169.98 0 0 0
-498.657 -6169.36 0 0 0
-499.658 -6168.69 0 0 0
-500.658 -6168.02 0 0 0
-501.663 -6167.38 0 0 0
-502.663 -6166.78 0 0 0
-503.66 -6166.18 0 0 0
-504.656 -6165.57 0 0 0
-505.653 -6164.97 0 0 0
-506.651 -6164.36 0 0 0
-507.648 -6163.76 0 0 0
-508.646 -6163.15 0 0 0
-509.643 -6162.55 0 0 0
-510.641 -6161.94 0 0 0
-511.641 -6161.33 0 0 0
-512.636 -6160.73 0 0 0
-513.617 -6160.14 0 0 0
-514.587 -6159.54 0 0 0
-515.563 -6158.93 0 0 0
-516.552 -6158.32 0 0 0
-517.546 -6157.7 0 0 0
-518.538 -6157.09 0 0 0
-360.504 -6263.35 295.908 10149 -58.219
-361.107 -6262.98 295.898 10149 -58.1922
-361.708 -6262.6 295.889 10149 -58.2459
-362.311 -6262.23 295.879 10149 -58.1922
-362.912 -6261.86 295.87 10149 -58.229
-363.515 -6261.48 295.86 10149 -58.2316
-364.117 -6261.11 295.851 10149 -58.2316
-364.719 -6260.74 295.841 10149 -58.2316
-365.321 -6260.36 295.832 10149 -58.2316
-365.923 -6259.99 295.822 10149 -58.2046
-366.525 -6259.62 295.813 10149 -58.2585
-367.128 -6259.25 295.803 10149 -58.2046
-367.73 -6258.87 295.794 10149 -58.2316
-368.332 -6258.5 295.784 10149 -58.2316
-368.934 -6258.13 295.775 10149 -58.2046
-369.536 -6257.75 295.765 10149 -58.2316
-370.138 -6257.38 295.756 10149 -58.2316
-370.74 -6257.01 295.746 10149 -58.2278
-371.349 -6256.63 295.737 10149 -58.2353
-371.945 -6256.26 295.727 10149 -58.2522
-372.514 -6255.91 295.718 10149 -57.9974
-373.07 -6255.56 295.71 10149 -57.0245
-373.632 -6255.2 295.701 10149 -57.0633
-374.22 -6254.82 295.691 10149 -57.0541
-374.821 -6254.43 295.682 10149 -57.0721
-375.415 -6254.04 295.672 10149 -57.0721
-376.01 -6253.66 295.663 10149 -57.0721
-376.604 -6253.27 295.653 10149 -57.046
-377.199 -6252.89 295.644 10149 -57.055
-377.792 -6252.5 295.634 10149 -57.0775
-378.383 -6252.12 295.625 10149 -57.0801
-378.975 -6251.74 295.616 10149 -58.1038
-379.588 -6251.35 295.606 10149 -57.4417
-380.231 -6250.94 295.596 10149 -56.6916
-380.896 -6250.51 295.585 10149 -56.2017
-381.59 -6250.04 295.574 10149 -57.0636
-382.306 -6249.58 295.563 10149 -57.0882
-383.024 -6249.11 295.552 10149 -57.0617
-383.738 -6248.65 295.54 10149 -57.0603
-384.451 -6248.19 295.529 10149 -57.1058
-385.165 -6247.73 295.518 10149 -57.0609
-385.878 -6247.27 295.507 10149 -57.0606
-386.591 -6246.8 295.495 10149 -57.0833
-387.305 -6246.34 295.484 10149 -57.0833
-388.018 -6245.88 295.473 10149 -57.062
-388.733 -6245.42 295.461 10149 -57.065
-389.45 -6244.95 295.45 10149 -57.0738
-390.155 -6244.5 295.439 10149 -57.0713
-390.838 -6244.05 295.428 10149 -56.1849
-391.506 -6243.61 295.417 10149 -55.7556
-392.182 -6243.15 295.407 10149 -56.4639
-392.902 -6242.67 295.395 10149 -56.9883
-393.656 -6242.18 295.383 10149 -56.7968
-394.436 -6241.67 295.371 10149 -57.1566
-395.254 -6241.14 295.358 10149 -58.6338
-396.101 -6240.62 295.345 10149 -58.5536
-396.952 -6240.1 295.332 10149 -58.517
-397.799 -6239.58 295.319 10149 -58.5377
-398.645 -6239.07 295.306 10149 -58.5372
-399.492 -6238.55 295.293 10149 -58.5566
-400.338 -6238.03 295.28 10149 -58.5181
-401.184 -6237.51 295.267 10149 -58.5373
-402.031 -6237 295.254 10149 -58.5373
-402.877 -6236.48 295.241 10149 -58.5373
-403.723 -6235.96 295.228 10149 -58.5261
-404.585 -6235.43 295.214 10149 -58.5429
-405.399 -6234.93 295.202 10149 -58.6165
-406.185 -6234.46 295.19 10149 -57.8889
-406.926 -6233.99 295.178 10149 -55.7377
-407.681 -6233.48 295.166 10149 -55.5587
-408.478 -6232.93 295.154 10149 -55.049
-409.272 -6232.37 295.141 10149 -55.5859
-410.024 -6231.86 295.129 10149 -56.3555
-410.75 -6231.38 295.118 10149 -55.3469
-411.437 -6230.9 295.107 10149 -53.4515
-412.105 -6230.41 295.096 10149 -53.3491
-412.784 -6229.9 295.085 10149 -53.8285
-413.484 -6229.39 295.074 10149 -53.1898
-414.191 -6228.86 295.063 10149 -53.2371
-414.908 -6228.32 295.051 10149 -54.5481
-415.649 -6227.8 295.039 10149 -56.0794
-416.428 -6227.27 295.027 10149 -56.0306
-417.237 -6226.73 295.014 10149 -55.785
-418.077 -6226.16 295.001 10149 -56.6099
-418.947 -6225.58 294.987 10149 -57.9168
-419.826 -6225.03 294.974 10149 -60.7658
-420.716 -6224.53 294.961 10149 -61.8282
-421.608 -6224.06 294.948 10149 -60.6715
-422.497 -6223.56 294.934 10149 -57.9364
-423.37 -6223.01 294.921 10149 -56.8583
-424.23 -6222.45 294.908 10149 -57.8234
-425.086 -6221.91 294.895 10149 -58.0715
-425.93 -6221.38 294.882 10149 -58.1304
-426.77 -6220.86 294.869 10149 -58.0723
-427.61 -6220.34 294.856 10149 -58.072
-428.451 -6219.81 294.844 10149 -58.072
-429.293 -6219.29 294.831 10149 -58.0912
-430.135 -6218.76 294.818 10149 -58.072
-430.977 -6218.24 294.805 10149 -58.072
-431.818 -6217.72 294.792 10149 -58.0893
-432.669 -6217.19 294.779 10149 -58.0748
-433.502 -6216.67 294.767 10149 -58.087
-434.297 -6216.17 294.755 10149 -57.214
-435.066 -6215.68 294.743 10149 -56.0789
-435.831 -6215.16 294.731 10149 -56.4323
-436.62 -6214.64 294.719 10149 -56.4683
-437.408 -6214.12 294.707 10149 -56.5363
-438.166 -6213.62 294.695 10149 -56.4741
-438.902 -6213.13 294.684 10149 -56.8144
-439.622 -6212.66 294.673 10149 -56.507
-440.331 -6212.19 294.662 10149 -56.4787
-441.036 -6211.72 294.651 10149 -56.4616
-441.744 -6211.25 294.64 10149 -56.4864
-442.453 -6210.78 294.63 10149 -56.4855
-443.161 -6210.31 294.619 10149 -56.463
-443.87 -6209.84 294.608 10149 -56.5079
-444.579 -6209.37 294.597 10149 -56.4635
-445.287 -6208.9 294.586 10149 -56.4855
-445.996 -6208.44 294.575 10149 -56.463
-446.704 -6207.97 294.564 10149 -56.4869
-447.413 -6207.5 294.553 10149 -56.4891
-448.121 -6207.03 294.543 10149 -56.4934
-448.832 -6206.56 294.532 10149 -56.4943
-449.542 -6206.09 294.521 10149 -56.5663
-450.245 -6205.62 294.51 10149 -56.1181
-450.937 -6205.16 294.5 10149 -57.8181
-451.67 -6204.7 294.489 10149 -57.8453
-452.449 -6204.21 294.477 10149 -58.3989
-453.279 -6203.7 294.465 10149 -58.4675
-454.154 -6203.16 294.452 10149 -59.2894
-455.083 -6202.61 294.438 10149 -59.936
-456.047 -6202.05 294.424 10149 -59.9421
-457.007 -6201.49 294.41 10149 -59.9275
-457.967 -6200.94 294.396 10149 -59.9355
-458.93 -6200.38 294.382 10149 -59.7618
-459.884 -6199.82 294.368 10149 -58.7285
-460.782 -6199.28 294.355 10149 -59.2576
-461.647 -6198.76 294.342 10149 -58.5911
-462.463 -6198.27 294.33 10149 -59.1899
-463.245 -6197.8 294.319 10149 -57.3083
-463.967 -6197.34 294.308 10149 -56.3049
-464.67 -6196.87 294.297 10149 -56.465
-465.376 -6196.4 294.287 10149 -56.4851
-466.08 -6195.93 294.276 10149 -56.5247
-466.794 -6195.46 294.265 10149 -57.3747
-467.516 -6195 294.255 10149 -56.8881
-468.237 -6194.53 294.244 10149 -55.4333
-468.98 -6194.02 294.232 10149 -54.5455
-469.743 -6193.47 294.221 10149 -55.435
-470.549 -6192.92 294.208 10149 -55.4962
-471.377 -6192.35 294.196 10149 -55.5069
-472.195 -6191.79 294.183 10149 -55.4649
-473.012 -6191.23 294.171 10149 -55.5048
-473.829 -6190.66 294.159 10149 -55.4671
-474.647 -6190.1 294.146 10149 -55.6898
-475.553 -6189.48 294.132 20149 -55.7953
-476.513 -6188.83 294.117 20149 -55.8007
-477.476 -6188.18 294.102 20149 -56.4486
-478.462 -6187.52 294.087 20149 -56.1613
-479.484 -6186.84 294.071 20149 -55.4624
-480.53 -6186.12 294.054 20149 -55.2102
-481.609 -6185.37 294.037 20149 -55.7361
-482.711 -6184.62 294.02 20149 -55.8226
-483.823 -6183.86 294.002 20149 -56.2353
-484.949 -6183.11 293.985 20149 -56.0835
-486.084 -6182.35 293.967 20149 -57.0901
-487.234 -6181.6 293.949 20149 -58.8267
-488.396 -6180.9 293.932 20149 -59.4069
-489.561 -6180.21 293.915 20149 -58.6463
-490.722 -6179.5 293.902 20149 -57.149
-491.873 -6178.76 293.888 20149 -56.9949
-493.021 -6178.01 293.875 20149 -58.1565
-494.169 -6177.3 293.861 20149 -58.7627
-495.308 -6176.61 293.848 20149 -58.8648
-496.446 -6175.92 293.835 20149 -58.9955
-497.599 -6175.23 293.822 20149 -58.7646
-498.772 -6174.52 293.808 20149 -58.7998
-499.972 -6173.79 293.794 20149 -58.7281
-501.195 -6173.05 293.78 20149 -58.7496
-502.444 -6172.29 293.765 20149 -58.5522
-503.717 -6171.51 293.75 20149 -58.7609
-504.995 -6170.74 293.74 20149 -58.7726
-506.256 -6169.97 293.73 20149 -58.3755
-507.502 -6169.2 293.72 20149 -58.2431
-508.752 -6168.43 293.71 20149 -58.2241
-510.022 -6167.64 293.699 20149 -58.2341
-511.303 -6166.85 293.689 20149 -58.2101
-512.578 -6166.06 293.679 20149 -58.2483
-513.853 -6165.27 293.668 20149 -58.2101
-515.128 -6164.48 293.658 20149 -58.2355
-516.403 -6163.69 293.648 20149 -58.2229
-517.678 -6162.9 293.637 20149 -58.2337
-518.954 -6162.11 293.629 20149 -58.2189
-520.229 -6161.32 293.623 20149 -58.2189
-521.504 -6160.53 293.617 20149 -58.2317
-522.779 -6159.74 293.612 20149 -58.2189
-524.054 -6158.95 293.606 20149 -58.2189
-525.329 -6158.16 293.6 20149 -58.2189
-526.604 -6157.37 293.594 20149 -58.2317
-527.88 -6156.58 293.588 20149 -58.2188
-529.155 -6155.79 293.582 20149 -58.2321
-530.429 -6155 293.577 20149 -58.2203
-531.699 -6154.22 293.571 20149 -58.2195
-532.973 -6153.43 293.565 20149 -58.743
-534.27 -6152.64 293.564 20149 -58.4965
-535.605 -6151.82 293.563 20149 -57.9572
-536.968 -6150.97 293.561 20149 -57.7465
-538.364 -6150.09 293.56 20149 -57.7465
-539.76 -6149.21 293.558 20149 -57.9572
-541.123 -6148.35 293.557 20149 -58.4965
-542.458 -6147.54 293.555 20149 -58.743
-543.756 -6146.75 293.554 20149 -58.2193
-545.028 -6145.96 293.553 20149 -58.2328
-546.299 -6145.17 293.551 20149 -58.2197
-547.572 -6144.38 293.55 20149 -58.2088
-548.849 -6143.59 293.554 20149 -58.5215
-550.14 -6142.8 293.557 20149 -58.598
-551.453 -6142 293.56 20149 -58.3035
-552.789 -6141.18 293.563 20149 -58.5008
-554.148 -6140.34 293.567 20149 -59.1291
-555.523 -6139.52 293.57 20149 -59.2579
-556.903 -6138.7 293.573 20149 -59.0926
-558.278 -6137.88 293.577 20149 -58.5973
-559.637 -6137.05 293.58 20149 -58.6564
-560.978 -6136.23 293.583 20149 -58.5864
-562.292 -6135.43 293.587 20149 -58.1626
-563.579 -6134.63 293.595 20149 -58.178
-564.855 -6133.84 293.602 20149 -58.5497
-566.13 -6133.06 293.61 20149 -58.9579
-567.412 -6132.29 293.617 20149 -58.2295
-568.686 -6131.5 293.625 20149 -57.4395
-569.949 -6130.69 293.633 20149 -57.7326
-571.218 -6129.89 293.64 20149 -57.7453
-572.487 -6129.09 293.648 20149 -57.7325
-573.755 -6128.29 293.655 20149 -57.7325
-575.023 -6127.49 293.663 20149 -57.7453
-576.292 -6126.69 293.67 20149 -57.7284
-577.56 -6125.89 293.681 20149 -57.7559
-578.829 -6125.09 293.693 20149 -57.7432
-580.097 -6124.28 293.705 20149 -57.7435
-581.368 -6123.48 293.717 20149 -57.7429
-582.634 -6122.68 293.729 20149 -57.7415
-583.888 -6121.89 293.741 20149 -57.5986
-585.134 -6121.1 293.753 20149 -57.4068
-586.383 -6120.3 293.765 20149 -57.3999
-587.648 -6119.49 293.777 20149 -57.3237
-588.912 -6118.68 293.789 20149 -57.4581
-590.162 -6117.89 293.8 20149 -57.8492
-591.406 -6117.1 293.814 20149 -58.5827
-592.667 -6116.33 293.83 20149 -58.2385
-593.953 -6115.54 293.846 20149 -57.516
-595.262 -6114.7 293.863 20149 -57.8248
-596.596 -6113.86 293.88 20149 -57.8855
-597.935 -6113.02 293.897 20149 -57.8975
-599.271 -6112.19 293.914 20149 -57.8854
-600.605 -6111.35 293.932 20149 -57.8975
-601.94 -6110.51 293.949 20149 -57.9339
-603.275 -6109.68 293.966 20149 -57.8369
-604.608 -6108.84 293.983 20149 -57.7098
-605.94 -6108 294.002 20149 -57.6731
-607.271 -6107.15 294.023 20149 -57.7219
-608.606 -6106.31 294.045 20149 -57.8792
-609.944 -6105.47 294.067 20149 -58.0122
-611.283 -6104.63 294.089 20149 -57.9639
-612.619 -6103.8 294.11 20149 -57.9761
-613.954 -6102.96 294.132 20149 -57.964
-615.287 -6102.13 294.154 20149 -58.0248
-616.621 -6101.3 294.175 20149 -57.9639
-617.959 -6100.46 294.197 20149 -57.7358
-619.307 -6099.61 294.219 20149 0
