6.94953e-310 6.94953e-310 0 0 0
-420.407 -6220.28 0 0 0
-421.11 -6219.77 0 0 0
-421.841 -6219.27 0 0 0
-422.599 -6218.77 0 0 0
-423.385 -6218.26 0 0 0
-424.184 -6217.76 0 0 0
-424.985 -6217.28 0 0 0
-425.792 -6216.84 0 0 0
-426.6 -6216.42 0 0 0
-427.408 -6215.99 0 0 0
-428.206 -6215.51 0 0 0
-428.994 -6215.01 0 0 0
-429.783 -6214.52 0 0 0
-430.572 -6214.03 0 0 0
-431.366 -6213.53 0 0 0
-432.165 -6213.03 0 0 0
-432.968 -6212.53 0 0 0
-433.785 -6212.03 0 0 0
-434.612 -6211.51 0 0 0
-435.454 -6210.98 0 0 0
-436.299 -6210.46 0 0 0
-437.141 -6209.93 0 0 0
-437.983 -6209.41 0 0 0
-438.83 -6208.88 0 0 0
-439.666 -6208.36 0 0 0
-440.48 -6207.85 0 0 0
-441.274 -6207.34 0 0 0
-442.073 -6206.81 0 0 0
-442.894 -6206.26 0 0 0
-443.726 -6205.71 0 0 0
-444.553 -6205.16 0 0 0
-445.38 -6204.62 0 0 0
-446.207 -6204.07 0 0 0
-447.034 -6203.52 0 0 0
-447.861 -6202.97 0 0 0
-448.692 -6202.42 0 0 0
-449.519 -6201.88 0 0 0
-450.331 -6201.33 0 0 0
-451.134 -6200.81 0 0 0
-451.924 -6200.28 0 0 0
-452.709 -6199.76 0 0 0
-453.481 -6199.25 0 0 0
-454.239 -6198.75 0 0 0
-454.987 -6198.25 0 0 0
-455.744 -6197.76 0 0 0
-456.518 -6197.25 0 0 0
-457.317 -6196.72 0 0 0
-458.132 -6196.17 0 0 0
-458.96 -6195.62 0 0 0
-459.79 -6195.07 0 0 0
-460.618 -6194.53 0 0 0
-461.444 -6193.98 0 0 0
-462.271 -6193.43 0 0 0
-463.098 -6192.88 0 0 0
-463.925 -6192.34 0 0 0
-464.752 -6191.79 0 0 0
-465.579 -6191.24 0 0 0
-466.405 -6190.69 0 0 0
-467.232 -6190.15 0 0 0
-468.059 -6189.6 0 0 0
-468.886 -6189.05 0 0 0
-469.713 -6188.5 0 0 0
-470.54 -6187.96 0 0 0
-471.367 -6187.41 0 0 0
-472.198 -6186.86 0 0 0
-473.055 -6186.29 0 0 0
-474.005 -6185.67 0 0 0
-474.943 -6185.04 0 0 0
-475.884 -6184.4 0 0 0
-476.843 -6183.75 0 0 0
-477.808 -6183.09 0 0 0
-478.77 -6182.44 0 0 0
-479.757 -6181.78 0 0 0
-480.779 -6181.1 0 0 0
-481.825 -6180.38 0 0 0
-482.906 -6179.63 0 0 0
-484.01 -6178.87 0 0 0
-485.118 -6178.12 0 0 0
-486.222 -6177.37 0 0 0
-487.324 -6176.62 0 0 0
-488.427 -6175.87 0 0 0
-489.528 -6175.12 0 0 0
-490.631 -6174.37 0 0 0
-491.741 -6173.63 0 0 0
-492.85 -6172.88 0 0 0
-493.962 -6172.17 0 0 0
-495.076 -6171.49 0 0 0
-496.189 -6170.82 0 0 0
-497.301 -6170.14 0 0 0
-498.413 -6169.42 0 0 0
-499.533 -6168.7 0 0 0
-500.668 -6167.99 0 0 0
-501.809 -6167.3 0 0 0
-502.95 -6166.61 0 0 0
-504.09 -6165.92 0 0 0
-505.229 -6165.23 0 0 0
-506.371 -6164.54 0 0 0
-507.515 -6163.84 0 0 0
-508.655 -6163.15 0 0 0
-509.776 -6162.46 0 0 0
-510.887 -6161.8 0 0 0
-511.981 -6161.13 0 0 0
-513.08 -6160.48 0 0 0
-514.182 -6159.85 0 0 0
-358.225 -6259.44 295.906 10148 -58.183
-358.947 -6258.99 295.894 10148 -58.228
-359.67 -6258.55 295.883 10148 -58.2281
-360.392 -6258.1 295.872 10148 -58.2364
-361.115 -6257.65 295.86 10148 -58.1956
-361.837 -6257.2 295.849 10148 -58.2406
-362.56 -6256.76 295.837 10148 -58.2181
-363.282 -6256.31 295.826 10148 -58.2406
-364.005 -6255.86 295.815 10148 -58.2181
-364.727 -6255.41 295.803 10148 -58.2181
-365.45 -6254.97 295.792 10148 -58.2406
-366.173 -6254.52 295.78 10148 -58.2406
-366.895 -6254.07 295.769 10148 -58.2181
-367.618 -6253.62 295.758 10148 -58.2181
-368.34 -6253.18 295.746 10148 -58.2357
-369.073 -6252.72 295.735 10148 -58.2454
-369.786 -6252.28 295.724 10148 -58.2193
-370.458 -6251.86 295.713 10148 -57.2626
-371.107 -6251.45 295.703 10148 -57.0113
-371.771 -6251.02 295.692 10148 -57.0609
-372.474 -6250.56 295.681 10148 -57.0387
-373.197 -6250.09 295.669 10148 -57.0722
-373.911 -6249.63 295.658 10148 -57.0719
-374.624 -6249.17 295.647 10148 -57.0581
-375.337 -6248.71 295.635 10148 -57.0844
-376.051 -6248.24 295.624 10148 -57.0648
-376.768 -6247.78 295.613 10148 -57.0844
-377.483 -6247.32 295.601 10148 -56.7772
-378.185 -6246.86 295.59 10148 -57.0514
-378.871 -6246.41 295.579 10148 -57.0234
-379.535 -6245.98 295.569 10148 -57.12
-380.179 -6245.57 295.559 10148 -57.0935
-380.801 -6245.16 295.549 10148 -57.4134
-381.406 -6244.78 295.539 10148 -57.0772
-381.996 -6244.39 295.53 10148 -57.0768
-382.586 -6244.01 295.521 10148 -57.414
-383.192 -6243.62 295.511 10148 -57.0715
-383.817 -6243.22 295.501 10148 -56.7465
-384.458 -6242.8 295.491 10148 -57.0561
-385.11 -6242.38 295.481 10148 -57.0616
-385.766 -6241.95 295.47 10148 -57.4131
-386.437 -6241.52 295.46 10148 -57.0694
-387.119 -6241.08 295.449 10148 -56.7293
-387.792 -6240.64 295.438 10148 -56.9765
-388.457 -6240.21 295.428 10148 -56.0069
-389.118 -6239.76 295.417 10148 -56.0739
-389.803 -6239.3 295.406 10148 -56.1529
-390.511 -6238.83 295.395 10148 -56.1128
-391.22 -6238.35 295.384 10148 -56.1494
-391.926 -6237.88 295.373 10148 -56.1269
-392.631 -6237.4 295.361 10148 -56.1269
-393.337 -6236.93 295.35 10148 -56.1281
-394.044 -6236.45 295.339 10148 -56.124
-394.748 -6235.98 295.328 10148 -56.2728
-395.45 -6235.51 295.317 10148 -55.5401
-396.15 -6235.03 295.306 10148 -57.6848
-396.893 -6234.56 295.294 10148 -58.7519
-397.681 -6234.08 295.282 10148 -59.555
-398.508 -6233.6 295.269 10148 -60.707
-399.381 -6233.11 295.256 10148 -62.589
-400.301 -6232.63 295.243 10148 -62.5352
-401.227 -6232.15 295.229 10148 -62.4839
-402.167 -6231.66 295.215 10148 -62.8804
-403.036 -6231.22 295.202 10148 -63.071
-403.875 -6230.79 295.19 10148 -62.1975
-404.652 -6230.38 295.179 10148 -58.5086
-405.388 -6229.93 295.167 10148 -58.3286
-406.165 -6229.45 295.155 10148 -58.354
-406.936 -6228.97 295.144 10148 -56.5564
-407.642 -6228.51 295.132 10148 -53.2185
-408.314 -6228.01 295.122 10148 -53.2997
-408.992 -6227.5 295.111 10148 -53.5151
-409.678 -6226.99 295.099 10148 -53.5374
-410.363 -6226.49 295.088 10148 -53.4975
-411.046 -6225.98 295.077 10148 -53.4857
-411.726 -6225.48 295.066 10148 -53.281
-412.408 -6224.97 295.055 10148 -54.6588
-413.113 -6224.47 295.044 10148 -55.3115
-413.844 -6223.96 295.032 10148 -55.7338
-414.606 -6223.44 295.02 10148 -56.342
-415.396 -6222.92 295.008 10148 -56.8191
-416.202 -6222.39 294.995 10148 -57.9917
-417.013 -6221.88 294.983 10148 -60.8383
-417.836 -6221.43 294.971 10148 -61.9606
-418.662 -6220.99 294.959 10148 -60.8479
-419.488 -6220.52 294.947 10148 -57.9179
-420.297 -6220.02 294.934 10148 -56.2502
-421.088 -6219.49 294.922 10148 -57.7324
-421.871 -6218.99 294.91 10148 -58.0451
-422.636 -6218.52 294.898 10148 -58.0681
-423.392 -6218.05 294.887 10148 -58.1317
-424.15 -6217.57 294.875 10148 -58.0667
-424.913 -6217.1 294.864 10148 -58.0662
-425.678 -6216.62 294.852 10148 -58.0881
-426.44 -6216.15 294.84 10148 -57.7449
-427.187 -6215.68 294.829 10148 -58.4264
-427.923 -6215.22 294.818 10148 -58.0752
-428.644 -6214.78 294.807 10148 -58.076
-429.362 -6214.33 294.796 10148 -58.0754
-430.082 -6213.88 294.785 10148 -58.0721
-430.818 -6213.42 294.774 10148 -58.0848
-431.513 -6212.99 294.763 10148 -58.095
-432.176 -6212.58 294.753 10148 -57.1229
-432.796 -6212.17 294.744 10148 -56.3338
-433.446 -6211.74 294.734 10148 -56.4303
-434.128 -6211.29 294.723 10148 -56.5128
-434.851 -6210.81 294.712 10148 -56.4636
-435.559 -6210.34 294.701 10148 -56.508
-436.268 -6209.87 294.69 10148 -56.4626
-436.976 -6209.4 294.68 10148 -56.4884
-437.687 -6208.93 294.669 10148 -56.6272
-438.4 -6208.46 294.658 10148 -56.1037
-439.106 -6207.99 294.647 10148 -54.9178
-439.787 -6207.51 294.636 10148 -55.9937
-440.443 -6207.07 294.626 10148 -56.9166
-441.079 -6206.65 294.616 10148 -58.1094
-441.691 -6206.27 294.607 10148 -58.1135
-442.289 -6205.9 294.598 10148 -57.8152
-442.884 -6205.53 294.589 10148 -57.8159
-443.484 -6205.15 294.58 10148 -57.8425
-444.081 -6204.77 294.571 10148 -57.8419
-444.673 -6204.4 294.562 10148 -58.3946
-445.297 -6204.02 294.553 10148 -58.9401
-445.976 -6203.61 294.543 10148 -57.6837
-446.702 -6203.15 294.532 10148 -57.3783
-447.491 -6202.64 294.52 10148 -57.0611
-448.342 -6202.09 294.507 10148 -55.8433
-449.229 -6201.49 294.494 10148 -56.3537
-450.178 -6200.86 294.479 10148 -56.5754
-451.132 -6200.23 294.465 10148 -55.1058
-452.026 -6199.6 294.451 10148 -57.0489
-452.901 -6199.04 294.438 10148 -58.2568
-453.742 -6198.52 294.425 10148 -59.7028
-454.55 -6198.05 294.413 10148 -61.8143
-455.335 -6197.62 294.402 10148 -63.792
-456.099 -6197.25 294.391 10148 -63.2237
-456.857 -6196.87 294.381 10148 -63.2057
-457.62 -6196.48 294.37 10148 -63.2249
-458.381 -6196.1 294.359 10148 -63.2343
-459.137 -6195.72 294.348 10148 -63.6776
-459.916 -6195.33 294.337 10148 -62.6039
-460.733 -6194.91 294.326 10148 -60.5748
-461.577 -6194.43 294.314 10148 -59.1811
-462.457 -6193.91 294.301 10148 -57.7356
-463.363 -6193.33 294.288 10148 -56.3026
-464.31 -6192.7 294.273 10148 -56.3623
-465.252 -6192.08 294.259 10148 -56.4171
-466.156 -6191.48 294.246 10148 -55.9108
-467.04 -6190.88 294.232 10148 -55.3562
-467.931 -6190.26 294.219 10148 -54.7626
-468.837 -6189.62 294.205 10148 -55.109
-469.731 -6189 294.191 10148 -55.8864
-470.598 -6188.41 294.178 10148 -56.2611
-471.434 -6187.85 294.165 10148 -55.4993
-472.25 -6187.29 294.153 10148 -55.4701
-473.07 -6186.73 294.14 20148 -55.8031
-474.033 -6186.07 294.125 20148 -55.806
-474.999 -6185.42 294.11 20148 -55.8055
-475.964 -6184.76 294.095 20148 -55.7891
-476.929 -6184.11 294.08 20148 -55.8218
-477.894 -6183.45 294.065 20148 -55.7897
-478.859 -6182.79 294.05 20148 -55.8019
-479.822 -6182.14 294.034 20148 -55.7953
-480.782 -6181.49 294.019 20148 -55.7363
-481.745 -6180.83 294.004 20148 -56.6618
-482.737 -6180.18 293.989 20148 -56.5698
-483.767 -6179.5 293.973 20148 -55.8959
-484.825 -6178.78 293.956 20148 -56.5295
-485.918 -6178.06 293.939 20148 -58.6531
-487.043 -6177.37 293.922 20148 -59.2707
-488.173 -6176.7 293.909 20148 -58.7721
-489.3 -6176.02 293.895 20148 -57.7875
-490.424 -6175.31 293.882 20148 -57.8023
-491.555 -6174.6 293.869 20148 -58.7741
-492.697 -6173.91 293.856 20148 -58.8621
-493.839 -6173.22 293.843 20148 -58.7623
-494.978 -6172.53 293.829 20148 -58.7618
-496.118 -6171.83 293.816 20148 -58.7477
-497.258 -6171.14 293.803 20148 -58.7761
-498.398 -6170.45 293.79 20148 -58.7477
-499.538 -6169.76 293.776 20148 -58.7761
-500.678 -6169.07 293.763 20148 -58.7427
-501.824 -6168.37 293.75 20148 -58.7593
-502.958 -6167.68 293.741 20148 -58.7818
-504.064 -6167.01 293.732 20148 -58.5368
-505.158 -6166.34 293.723 20148 -58.2354
-506.258 -6165.66 293.714 20148 -58.2264
-507.385 -6164.97 293.705 20148 -58.2223
-508.525 -6164.26 293.696 20148 -58.2387
-509.658 -6163.56 293.686 20148 -58.2244
-510.792 -6162.86 293.677 20148 -58.2244
-511.925 -6162.15 293.668 20148 -58.2244
-513.059 -6161.45 293.659 20148 -58.2387
-514.192 -6160.75 293.65 20148 -58.2244
-515.326 -6160.05 293.64 20148 0
