6.94953e-310 6.94953e-310 0 0 0
-444.598 -6209.66 0 0 0
-445.425 -6209.11 0 0 0
-446.252 -6208.56 0 0 0
-447.078 -6208.02 0 0 0
-447.905 -6207.47 0 0 0
-448.732 -6206.92 0 0 0
-449.559 -6206.37 0 0 0
-450.386 -6205.83 0 0 0
-451.212 -6205.28 0 0 0
-452.039 -6204.73 0 0 0
-452.866 -6204.18 0 0 0
-453.693 -6203.64 0 0 0
-454.52 -6203.09 0 0 0
-455.346 -6202.54 0 0 0
-456.173 -6201.99 0 0 0
-457 -6201.45 0 0 0
-457.827 -6200.9 0 0 0
-458.654 -6200.35 0 0 0
-459.48 -6199.8 0 0 0
-460.307 -6199.26 0 0 0
-461.134 -6198.71 0 0 0
-461.961 -6198.16 0 0 0
-462.788 -6197.61 0 0 0
-463.615 -6197.07 0 0 0
-464.444 -6196.52 0 0 0
-465.268 -6195.97 0 0 0
-466.083 -6195.41 0 0 0
-466.903 -6194.88 0 0 0
-467.715 -6194.37 0 0 0
-468.508 -6193.92 0 0 0
-469.289 -6193.47 0 0 0
-470.073 -6193 0 0 0
-470.886 -6192.52 0 0 0
-471.712 -6192.02 0 0 0
-472.531 -6191.53 0 0 0
-473.347 -6191.04 0 0 0
-364.668 -6255.61 0 0 0
-365.27 -6255.24 0 0 0
-365.872 -6254.87 0 0 0
-366.474 -6254.49 0 0 0
-367.077 -6254.12 0 0 0
-367.678 -6253.75 0 0 0
-368.283 -6253.37 0 0 0
-368.892 -6253 0 0 0
-369.476 -6252.62 0 0 0
-370.01 -6252.27 0 0 0
-370.509 -6251.95 0 0 0
-370.96 -6251.66 0 0 0
-371.377 -6251.41 0 0 0
-371.748 -6251.18 0 0 0
-372.102 -6250.96 0 0 0
-372.461 -6250.74 0 0 0
-372.821 -6250.52 0 0 0
-373.176 -6250.3 0 0 0
-373.539 -6250.07 0 0 0
-373.973 -6249.84 0 0 0
-374.454 -6249.58 0 0 0
-374.998 -6249.29 0 0 0
-375.595 -6248.98 0 0 0
-376.24 -6248.62 0 0 0
-376.895 -6248.22 0 0 0
-377.53 -6247.84 0 0 0
-378.125 -6247.47 0 0 0
-378.704 -6247.12 0 0 0
-379.288 -6246.75 0 0 0
-379.889 -6246.35 0 0 0
-380.521 -6245.94 0 0 0
-381.163 -6245.53 0 0 0
-381.796 -6245.12 0 0 0
-382.426 -6244.71 0 0 0
-383.058 -6244.3 0 0 0
-383.712 -6243.89 0 0 0
-384.386 -6243.45 0 0 0
-385.08 -6242.99 0 0 0
-385.795 -6242.53 0 0 0
-386.513 -6242.06 0 0 0
-387.227 -6241.6 0 0 0
-387.94 -6241.14 0 0 0
-388.654 -6240.68 0 0 0
-389.367 -6240.21 0 0 0
-390.08 -6239.75 0 0 0
-390.794 -6239.29 0 0 0
-391.508 -6238.83 0 0 0
-392.221 -6238.37 0 0 0
-392.934 -6237.9 0 0 0
-393.648 -6237.44 0 0 0
-394.362 -6236.98 0 0 0
-395.078 -6236.52 0 0 0
-395.784 -6236.06 0 0 0
-396.479 -6235.61 0 0 0
-397.186 -6235.15 0 0 0
-397.918 -6234.66 0 0 0
-398.683 -6234.13 0 0 0
-399.449 -6233.6 0 0 0
-400.199 -6233.11 0 0 0
-400.934 -6232.63 0 0 0
-401.685 -6232.14 0 0 0
-402.461 -6231.61 0 0 0
-403.266 -6231.06 0 0 0
-404.092 -6230.5 0 0 0
-404.92 -6229.95 0 0 0
-405.745 -6229.39 0 0 0
-406.572 -6228.84 0 0 0
-407.398 -6228.28 0 0 0
-408.203 -6227.73 0 0 0
-408.978 -6227.2 0 0 0
-409.732 -6226.7 0 0 0
-410.464 -6226.23 0 0 0
-411.155 -6225.76 0 0 0
-411.812 -6225.32 0 0 0
-412.445 -6224.88 0 0 0
-413.079 -6224.4 0 0 0
-413.754 -6223.9 0 0 0
-414.448 -6223.39 0 0 0
-415.132 -6222.89 0 0 0
-415.815 -6222.38 0 0 0
-416.499 -6221.88 0 0 0
-417.18 -6221.37 0 0 0
-417.862 -6220.86 0 0 0
-418.563 -6220.36 0 0 0
-419.289 -6219.86 0 0 0
-420.042 -6219.35 0 0 0
-420.819 -6218.84 0 0 0
-421.617 -6218.33 0 0 0
-422.417 -6217.82 0 0 0
-423.209 -6217.3 0 0 0
-424.001 -6216.81 0 0 0
-424.8 -6216.36 0 0 0
-425.603 -6215.92 0 0 0
-426.408 -6215.46 0 0 0
-427.196 -6214.96 0 0 0
-427.946 -6214.46 0 0 0
-428.672 -6214 0 0 0
-429.369 -6213.56 0 0 0
-430.037 -6213.16 0 0 0
-430.671 -6212.77 0 0 0
-431.294 -6212.38 0 0 0
-431.915 -6211.99 0 0 0
-432.556 -6211.6 0 0 0
-433.218 -6211.17 0 0 0
-433.907 -6210.73 0 0 0
-434.62 -6210.3 0 0 0
-435.339 -6209.88 0 0 0
-436.054 -6209.45 0 0 0
-436.768 -6209.02 0 0 0
-437.482 -6208.6 0 0 0
-438.201 -6208.17 0 0 0
-438.912 -6207.75 0 0 0
-439.6 -6207.34 0 0 0
-440.273 -6206.94 0 0 0
-440.94 -6206.52 0 0 0
-441.63 -6206.08 0 0 0
-442.335 -6205.63 0 0 0
-443.039 -6205.18 0 0 0
-443.741 -6204.74 0 0 0
-444.443 -6204.3 0 0 0
-445.145 -6203.85 0 0 0
-445.847 -6203.4 0 0 0
-446.549 -6202.96 0 0 0
-447.251 -6202.51 0 0 0
-447.953 -6202.07 0 0 0
-448.655 -6201.62 0 0 0
-449.357 -6201.18 0 0 0
-450.059 -6200.74 0 0 0
-450.761 -6200.29 0 0 0
-451.464 -6199.84 0 0 0
-452.169 -6199.4 0 0 0
-452.871 -6198.95 0 0 0
-453.564 -6198.51 0 0 0
-454.246 -6198.09 0 0 0
-454.925 -6197.66 0 0 0
-455.62 -6197.23 0 0 0
-456.344 -6196.77 0 0 0
-457.094 -6196.31 0 0 0
-457.869 -6195.86 0 0 0
-458.624 -6195.4 0 0 0
-459.36 -6194.94 0 0 0
-460.07 -6194.47 0 0 0
-460.777 -6194 0 0 0
-461.485 -6193.53 0 0 0
-462.194 -6193.06 0 0 0
-462.903 -6192.59 0 0 0
-463.608 -6192.13 0 0 0
-464.312 -6191.66 0 0 0
-465.033 -6191.19 0 0 0
-465.787 -6190.69 0 0 0
-466.565 -6190.18 0 0 0
-467.378 -6189.64 0 0 0
-468.22 -6189.12 0 0 0
-469.064 -6188.59 0 0 0
-469.905 -6188.06 0 0 0
-470.746 -6187.54 0 0 0
-471.586 -6187.01 0 0 0
-472.431 -6186.48 0 0 0
-473.361 -6185.9 0 0 0
-474.324 -6185.29 0 0 0
-475.272 -6184.68 0 0 0
-476.225 -6184.06 0 0 0
-477.199 -6183.43 0 0 0
-478.183 -6182.79 0 0 0
-479.161 -6182.16 0 0 0
-480.143 -6181.52 0 0 0
-481.128 -6180.88 0 0 0
-482.101 -6180.24 0 0 0
-483.046 -6179.62 0 0 0
-483.972 -6179.03 0 0 0
-484.89 -6178.46 0 0 0
-485.844 -6177.92 0 0 0
-486.815 -6177.36 0 0 0
-487.795 -6176.83 0 0 0
-488.745 -6176.33 0 0 0
-489.657 -6175.83 0 0 0
-490.541 -6175.24 0 0 0
-491.473 -6174.62 0 0 0
-492.424 -6173.95 0 0 0
-493.425 -6173.26 0 0 0
-494.441 -6172.58 0 0 0
-495.458 -6171.93 0 0 0
-496.47 -6171.3 0 0 0
-497.48 -6170.66 0 0 0
-498.486 -6169.98 0 0 0
-499.506 -6169.31 0 0 0
-500.548 -6168.66 0 0 0
-501.604 -6168.01 0 0 0
-502.669 -6167.37 0 0 0
-503.739 -6166.72 0 0 0
-504.824 -6166.07 0 0 0
-505.928 -6165.4 0 0 0
-507.052 -6164.71 0 0 0
-508.193 -6164.02 0 0 0
-509.337 -6163.32 0 0 0
-510.479 -6162.63 0 0 0
-511.626 -6161.93 0 0 0
-512.765 -6161.24 0 0 0
-513.865 -6160.56 0 0 0
-514.927 -6159.91 0 0 0
-515.973 -6159.27 0 0 0
-517.031 -6158.63 0 0 0
-518.116 -6157.96 0 0 0
-519.225 -6157.26 0 0 0
-520.36 -6156.56 0 0 0
-521.498 -6155.85 0 0 0
-522.633 -6155.15 0 0 0
-523.766 -6154.45 0 0 0
-524.899 -6153.74 0 0 0
-526.033 -6153.04 0 0 0
-527.166 -6152.34 0 0 0
-528.3 -6151.64 0 0 0
-529.433 -6150.94 0 0 0
-530.567 -6150.23 0 0 0
-531.7 -6149.53 0 0 0
-532.834 -6148.83 0 0 0
-533.967 -6148.13 0 0 0
-535.101 -6147.42 0 0 0
-536.234 -6146.72 0 0 0
-537.368 -6146.02 0 0 0
-538.501 -6145.32 0 0 0
-539.635 -6144.62 0 0 0
-540.768 -6143.91 0 0 0
-541.902 -6143.21 0 0 0
-543.035 -6142.51 0 0 0
-544.169 -6141.81 0 0 0
-545.303 -6141.1 0 0 0
-360.659 -6262.99 295.904 10149 -58.1831
-361.381 -6262.54 295.892 10149 -58.2281
-362.103 -6262.09 295.881 10149 -58.2279
-362.826 -6261.64 295.869 10149 -58.2169
-363.789 -6261.05 295.854 10149 -58.4996
-364.737 -6260.47 295.839 10149 -57.964
-365.713 -6259.86 295.824 10149 -58.2172
-366.679 -6259.26 295.808 10149 -58.2513
-367.644 -6258.66 295.793 10149 -58.2183
-368.606 -6258.06 295.778 10149 -58.2181
-369.569 -6257.47 295.763 10149 -58.2492
-370.54 -6256.87 295.748 10149 -58.2204
-371.497 -6256.27 295.733 10149 -58.2306
-372.426 -6255.7 295.718 10149 -57.5982
-373.338 -6255.12 295.703 10149 -57.0424
-374.255 -6254.52 295.689 10149 -57.0497
-375.2 -6253.91 295.674 10149 -57.0775
-376.157 -6253.29 295.659 10149 -57.0555
-377.108 -6252.68 295.643 10149 -57.0673
-378.06 -6252.06 295.628 10149 -57.0694
-379.015 -6251.44 295.613 10149 -57.0673
-379.967 -6250.82 295.598 10149 -56.8714
-380.907 -6250.21 295.583 10149 -57.042
-381.831 -6249.61 295.569 10149 -57.0392
-382.732 -6249.03 295.554 10149 -57.1101
-383.614 -6248.46 295.54 10149 -57.0902
-384.474 -6247.9 295.527 10149 -57.3206
-385.317 -6247.36 295.513 10149 -57.0629
-386.148 -6246.82 295.5 10149 -57.0801
-386.978 -6246.28 295.487 10149 -57.0631
-387.809 -6245.75 295.474 10149 -57.0888
-388.647 -6245.2 295.461 10149 -57.0588
-389.474 -6244.67 295.448 10149 -57.0544
-390.278 -6244.15 295.435 10149 -56.6016
-391.068 -6243.63 295.422 10149 -56.0667
-391.863 -6243.09 295.41 10149 0
