-490.472 -6174.68 293.879 20148 -55.7776
-491.339 -6174.09 293.868 20148 -55.7984
-492.207 -6173.5 293.858 20148 -55.7743
-493.072 -6172.91 293.847 20148 -55.6962
-493.941 -6172.32 293.837 20148 -56.062
-494.825 -6171.73 293.826 20148 -57.2911
-495.735 -6171.14 293.816 20148 -58.7725
-496.68 -6170.57 293.805 20148 -58.9475
-497.655 -6169.98 293.793 20148 -58.1654
-498.657 -6169.36 293.782 20148 -56.0843
-499.658 -6168.69 293.77 20148 -56.115
-500.658 -6168.02 293.758 20148 -57.807
-501.663 -6167.38 293.747 20148 -58.7643
-502.663 -6166.78 293.739 20148 -58.9494
-503.66 -6166.18 293.731 20148 -58.7515
-504.656 -6165.57 293.723 20148 -58.7505
-505.653 -6164.97 293.715 20148 -58.7666
-506.651 -6164.36 293.707 20148 -58.7505
-507.648 -6163.76 293.699 20148 -58.7502
-508.646 -6163.15 293.691 20148 -58.7505
-509.643 -6162.55 293.683 20148 -58.7502
-510.641 -6161.94 293.675 20148 -58.7474
-511.641 -6161.33 293.667 20148 -58.7697
-512.636 -6160.73 293.659 20148 -58.7651
-513.617 -6160.14 293.651 20148 -58.2847
-514.587 -6159.54 293.643 20148 -58.2325
-515.563 -6158.93 293.635 20148 -58.2416
-516.552 -6158.32 293.629 20148 -58.2051
-517.546 -6157.7 293.625 20148 -58.2226
-518.538 -6157.09 293.62 20148 -58.2226
-519.53 -6156.47 293.615 20148 -58.2226
-520.522 -6155.86 293.611 20148 -58.2226
-521.514 -6155.25 293.606 20148 -58.2226
-522.505 -6154.63 293.602 20148 -58.2389
-523.497 -6154.02 293.597 20148 -58.2064
-524.488 -6153.4 293.593 20148 -58.2384
-525.482 -6152.79 293.588 20148 -58.2212
-526.477 -6152.17 293.584 20148 -58.2222
-527.47 -6151.56 293.579 20148 -57.9619
-528.447 -6150.94 293.575 20148 -58.2019
-529.403 -6150.35 293.57 20148 -58.506
-530.339 -6149.78 293.566 20148 -58.2157
-531.258 -6149.21 293.565 20148 -58.253
-532.172 -6148.64 293.564 20148 -58.2144
-533.094 -6148.07 293.563 20148 -58.2274
-534.027 -6147.49 293.562 20148 -58.207
-534.969 -6146.91 293.561 20148 -58.2406
-535.913 -6146.33 293.56 20148 -58.223
-536.858 -6145.74 293.559 20148 -58.4882
-537.82 -6145.15 293.558 20148 -57.9614
-538.799 -6144.54 293.557 20148 -58.2222
-539.792 -6143.92 293.556 20148 -57.9615
-540.769 -6143.31 293.555 20148 -58.4905
-541.728 -6142.72 293.554 20148 -58.2063
-542.672 -6142.14 293.553 20148 -58.5084
-543.629 -6141.55 293.552 20148 -57.9619
-544.603 -6140.94 293.551 20148 -58.2241
-545.595 -6140.33 293.552 20148 -58.2242
-546.591 -6139.71 293.554 20148 -58.2253
-547.584 -6139.1 293.556 20148 -58.2259
-548.576 -6138.48 293.559 20148 -58.2257
-549.568 -6137.87 293.561 20148 -58.2257
-550.559 -6137.25 293.564 20148 -58.2257
-551.551 -6136.64 293.566 20148 -58.2257
-552.543 -6136.02 293.568 20148 -58.2258
-553.535 -6135.41 293.571 20148 -58.2255
-554.527 -6134.8 293.573 20148 -58.2255
-555.519 -6134.18 293.576 20148 -58.2922
-556.51 -6133.57 293.578 20148 -58.2585
-557.502 -6132.96 293.581 20148 -58.882
-558.515 -6132.34 293.583 20148 -58.7419
-559.559 -6131.71 293.586 20148 -58.2348
-560.634 -6131.04 293.592 20148 -58.0047
-561.738 -6130.35 293.598 20148 -58.8023
-562.863 -6129.67 293.605 20148 -59.2978
-563.992 -6129 293.612 20148 -59.4913
-565.12 -6128.34 293.618 20148 -59.2876
-566.246 -6127.67 293.625 20148 -58.3287
-567.351 -6126.99 293.631 20148 -58.3558
-568.428 -6126.32 293.638 20148 -59.2511
-569.476 -6125.7 293.644 20148 -59.5965
-570.489 -6125.11 293.65 20148 -59.6769
-571.494 -6124.52 293.656 20148 -58.0312
-572.515 -6123.88 293.662 20148 -57.7811
-573.575 -6123.21 293.668 20148 -56.6865
-574.66 -6122.5 293.676 20148 -57.0973
-575.782 -6121.77 293.687 20148 -58.9653
-576.932 -6121.08 293.698 20148 -58.4838
-578.071 -6120.38 293.708 20148 -57.4242
-579.193 -6119.67 293.719 20148 -57.7399
-580.32 -6118.96 293.729 20148 -57.7401
-581.447 -6118.24 293.74 20148 -57.74
-582.575 -6117.53 293.751 20148 -57.7543
-583.702 -6116.82 293.761 20148 -57.74
-584.83 -6116.11 293.772 20148 -57.7543
-585.958 -6115.4 293.782 20148 -57.74
-587.085 -6114.69 293.793 20148 -57.74
-588.212 -6113.97 293.804 20148 -57.7488
-589.342 -6113.26 293.817 20148 -57.7684
-590.468 -6112.55 293.831 20148 -57.7531
-591.586 -6111.85 293.846 20148 -57.4629
-592.697 -6111.14 293.86 20148 -57.4208
-593.811 -6110.43 293.874 20148 -57.424
-594.933 -6109.71 293.889 20148 -57.4256
-596.058 -6108.99 293.903 20148 -57.4248
-597.182 -6108.27 293.918 20148 -57.4108
-598.306 -6107.55 293.932 20148 -57.4244
-599.428 -6106.84 293.947 20148 -57.4228
-600.547 -6106.12 293.961 20148 -57.4239
-601.668 -6105.41 293.976 20148 -57.9965
-602.814 -6104.69 293.99 20148 -57.7472
-603.996 -6103.94 294.009 20148 -57.1313
-605.203 -6103.16 294.029 20148 -56.834
-606.445 -6102.35 294.049 20148 -57.4445
-607.71 -6101.54 294.07 20148 -57.8005
-608.975 -6100.75 294.09 20148 -58.3537
-610.237 -6099.97 294.111 20148 -58.6304
-611.491 -6099.21 294.131 20148 -58.5289
-612.739 -6098.44 294.151 20148 -58.4361
-613.989 -6097.67 294.171 20148 -58.7758
-615.261 -6096.9 294.192 20148 -58.3417
-616.558 -6096.1 294.213 20148 -57.7459
-617.851 -6095.29 294.239 30148 -57.6889
-619.185 -6094.44 294.271 30148 -57.6531
-620.523 -6093.6 294.303 30148 -57.6891
-621.859 -6092.75 294.335 30148 -57.713
-623.191 -6091.91 294.367 30148 -57.6887
-624.521 -6091.07 294.398 30148 -57.7011
-625.856 -6090.22 294.43 30148 -57.7018
-627.202 -6089.37 294.462 30148 -57.6905
-628.557 -6088.52 294.495 30148 -57.7027
-629.917 -6087.66 294.527 30148 -57.6907
-631.276 -6086.8 294.56 30148 -57.7024
-632.632 -6085.94 294.592 30148 -57.7023
-633.985 -6085.08 294.625 30148 -57.6905
-635.341 -6084.23 294.657 30148 -57.9035
-636.716 -6083.37 294.69 30148 -57.4954
-638.102 -6082.48 294.723 30148 -57.7052
-639.506 -6081.59 294.756 30148 -57.886
-640.917 -6080.71 294.79 30148 -57.9428
-642.326 -6079.83 294.824 30148 -57.9541
-643.733 -6078.95 294.858 30148 -57.9427
-645.14 -6078.06 294.892 30148 -57.9427
-646.548 -6077.18 294.926 30148 -57.9427
-647.956 -6076.3 294.961 30148 -57.9427
-649.363 -6075.42 294.995 30148 -57.9542
-650.771 -6074.54 295.029 30148 -57.9427
-652.178 -6073.66 295.063 30148 -57.9427
-653.585 -6072.78 295.097 30148 -57.9542
-654.993 -6071.89 295.131 30148 -57.9427
-656.401 -6071.01 295.165 30148 -57.9427
-657.808 -6070.13 295.199 30148 -57.9541
-659.215 -6069.25 295.233 30148 -57.9427
-660.623 -6068.37 295.267 30148 -57.9545
-662.036 -6067.48 295.301 30148 -57.9046
-663.449 -6066.6 295.335 30148 -58.0189
-664.863 -6065.72 295.37 30148 -58.0191
-666.273 -6064.84 295.404 30148 -58.0192
-667.68 -6063.96 295.438 30148 -58.0077
-669.089 -6063.08 295.473 30148 -58.0192
-670.498 -6062.2 295.507 30148 -58.0192
-671.907 -6061.32 295.541 30148 -58.0192
-673.315 -6060.44 295.576 30148 -58.0077
-674.724 -6059.56 295.61 30148 -58.0192
-676.133 -6058.68 295.644 30148 -58.0192
-677.542 -6057.8 295.679 30148 -58.0192
-678.95 -6056.92 295.713 30148 -58.0194
-680.356 -6056.04 295.748 30148 -57.9502
-681.763 -6055.16 295.782 30148 -58.3378
-683.188 -6054.28 295.817 30148 -58.5672
-684.64 -6053.39 295.852 30148 -58.3105
-686.117 -6052.48 295.888 30148 -58.3199
-687.62 -6051.55 295.925 30148 -58.7976
-689.14 -6050.63 295.962 30148 -58.3199
-690.643 -6049.71 295.999 30148 -58.1029
-692.117 -6048.79 296.035 30148 -58.0702
-693.561 -6047.89 296.07 30148 -57.8626
-694.98 -6047 296.105 30148 -57.4288
-696.378 -6046.1 296.14 30148 -57.5093
-697.776 -6045.21 296.174 30148 -57.5093
-699.176 -6044.32 296.209 30148 -57.4978
-700.579 -6043.43 296.244 30148 -57.5093
-701.979 -6042.54 296.278 30148 -57.5093
-703.374 -6041.65 296.313 30148 -57.4284
-704.767 -6040.76 296.347 30148 -57.313
-706.159 -6039.87 296.382 30148 -57.3021
-707.555 -6038.97 296.416 30148 -56.7088
-708.944 -6038.06 296.451 30148 -56.5166
-710.329 -6037.14 296.486 30148 -56.5166
-711.714 -6036.22 296.521 30148 -56.5281
-713.1 -6035.31 296.555 30148 -56.5166
-714.485 -6034.39 296.59 30148 -56.5166
-715.87 -6033.48 296.625 30148 -56.5281
-717.255 -6032.56 296.66 30148 -56.5166
-718.64 -6031.64 296.694 30148 -56.5281
-720.025 -6030.73 296.729 30148 -56.5166
-721.41 -6029.81 296.764 30148 -56.5166
-722.795 -6028.9 296.799 30148 -56.5281
-724.18 -6027.98 296.834 30148 -56.5166
-725.565 -6027.06 296.868 30148 -56.5165
-726.949 -6026.15 296.903 30148 -56.5283
-728.336 -6025.23 296.938 30148 -56.5172
-729.725 -6024.31 296.973 30148 -55.7272
-731.097 -6023.38 297.008 30148 -55.21
-732.444 -6022.44 297.042 30148 -55.5943
-733.78 -6021.53 297.076 30148 -55.3823
-735.114 -6020.61 297.11 30148 -55.3958
-736.461 -6019.68 297.144 30148 -55.6176
-737.811 -6018.75 297.179 30148 -55.425
-739.109 -6017.86 297.212 30148 -55.7571
-740.375 -6017 297.244 30148 -56.2509
-741.61 -6016.17 297.275 30148 -55.7963
-742.792 -6015.37 297.305 30148 -54.877
-743.944 -6014.56 297.334 30148 -55.0258
-745.096 -6013.75 297.364 30148 -55.0138
-746.252 -6012.94 297.393 30148 -55.0265
-747.405 -6012.14 297.423 30148 -55.0107
-748.555 -6011.33 297.452 30148 -55.205
-749.718 -6010.52 297.482 30148 -55.8794
-750.942 -6009.69 297.513 30148 -55.1984
-752.2 -6008.82 297.545 30148 -53.9911
-753.486 -6007.89 297.579 30148 -53.4718
-754.806 -6006.91 297.613 30148 -54.0776
-756.187 -6005.91 297.649 30148 -54.2223
-757.581 -6004.9 297.685 30148 -54.2226
-758.972 -6003.9 297.72 30148 -54.2229
-760.359 -6002.9 297.756 30148 -54.2341
-761.746 -6001.9 297.792 30148 -54.2118
-763.132 -6000.9 297.828 30148 -54.2227
-764.522 -5999.9 297.864 30148 -54.2769
-765.925 -5998.89 297.9 30148 -54.3418
-767.338 -5997.88 297.936 30148 -54.4076
-768.753 -5996.87 297.972 30148 -54.3197
-770.167 -5995.85 298.009 30148 -54.0126
-771.577 -5994.83 298.045 30148 -53.9587
-772.995 -5993.79 298.082 30148 -52.9413
-774.398 -5992.73 298.119 30148 -51.9767
-775.78 -5991.65 298.155 30148 -52.0202
-777.164 -5990.57 298.192 30148 -52.1508
-778.55 -5989.5 298.228 30148 -52.2052
-779.938 -5988.42 298.265 30148 -52.1834
-781.325 -5987.34 298.301 30148 -52.1725
-782.712 -5986.27 298.338 30148 -52.1834
-784.098 -5985.19 298.374 30148 -52.1834
-785.486 -5984.11 298.411 30148 -52.1726
-786.872 -5983.04 298.447 30148 -52.1836
-788.261 -5981.96 298.484 30148 -52.1833
-789.647 -5980.88 298.52 30148 -52.2262
-791.022 -5979.82 298.556 30148 -50.7353
-792.351 -5978.73 298.592 30148 -49.6257
-793.645 -5977.63 298.627 30148 -48.1378
-794.929 -5976.48 298.663 30148 -47.3363
-796.234 -5975.28 298.699 30148 -48.8143
-797.604 -5974.08 298.737 30148 -50.9846
-799.038 -5972.92 298.775 30148 -51.063
-800.464 -5971.77 298.812 30148 -51.0572
-801.882 -5970.62 298.85 30148 -51.0552
-803.304 -5969.47 298.887 30148 -51.0552
-804.725 -5968.32 298.925 30148 -51.0657
-806.147 -5967.17 298.962 30148 -51.0552
-807.568 -5966.02 299 30148 -51.0552
-808.99 -5964.88 299.037 30148 -51.055
-810.412 -5963.73 299.075 30148 -51.0617
-811.84 -5962.57 299.113 30148 -51.0588
-813.255 -5961.43 299.15 30148 -51.075
-814.646 -5960.31 299.187 30148 -49.551
-815.996 -5959.15 299.223 30148 -47.4295
-817.312 -5957.95 299.259 30148 -47.4558
-818.652 -5956.72 299.296 30148 -47.4371
-820.003 -5955.47 299.333 30148 -47.4464
-821.349 -5954.24 299.37 30148 -47.4464
-822.695 -5953 299.407 30148 -47.4464
-824.04 -5951.77 299.444 30148 -47.4464
-825.386 -5950.53 299.48 30148 -47.4464
-826.732 -5949.3 299.517 30148 -47.4463
-828.077 -5948.06 299.554 30148 -47.4464
-829.423 -5946.83 299.591 30148 -47.4461
-830.767 -5945.59 299.628 30148 -47.4465
-832.113 -5944.36 299.665 30148 -47.4475
-833.464 -5943.12 299.702 30148 -47.786
-834.86 -5941.85 299.739 40148 -46.4925
-836.204 -5940.58 299.776 40148 -46.0483
-837.556 -5939.27 299.814 40148 -45.6765
-838.921 -5937.94 299.852 40148 -46.0756
-840.31 -5936.6 299.89 40148 -46.0652
-841.704 -5935.26 299.929 40148 -46.231
-843.112 -5933.91 299.968 40148 -45.8985
-844.526 -5932.54 300.008 40148 -46.0726
-845.951 -5931.17 300.047 40148 -46.2161
-847.386 -5929.79 300.087 40148 -46.0327
-848.834 -5928.39 300.127 40148 -45.0027
-850.292 -5926.94 300.169 40148 -44.286
-851.761 -5925.43 300.211 40148 -42.626
-853.221 -5923.84 300.252 40148 -40.1272
-854.609 -5922.2 300.291 40148 -40.5541
-855.992 -5920.58 300.33 40148 -41.0841
-857.361 -5919.01 300.368 40148 -41.8754
-858.728 -5917.49 300.405 40148 -42.4872
-860.089 -5916 300.441 40148 -43.8333
-861.462 -5914.57 300.477 40148 0
