-539.807 -6149.01 293.558 20149 -57.8638
-540.09 -6148.84 293.558 20149 -57.8638
-540.375 -6148.66 293.557 20149 -57.8638
-540.663 -6148.48 293.557 20149 -57.8638
-540.948 -6148.31 293.557 20149 -57.8638
-541.209 -6148.13 293.557 20149 -57.8638
-541.434 -6147.98 293.556 20149 -57.8638
-541.634 -6147.87 293.556 20149 -57.8638
-541.798 -6147.78 293.556 20149 -57.8638
-541.938 -6147.69 293.556 20149 -57.8638
-542.075 -6147.61 293.556 20149 -57.8638
-542.215 -6147.52 293.555 20149 -57.8638
-542.358 -6147.43 293.555 20149 -57.8638
-542.499 -6147.35 293.555 20149 -57.8638
-542.641 -6147.26 293.555 20149 -57.8638
-542.782 -6147.17 293.555 20149 -57.8638
-542.924 -6147.08 293.555 20149 -57.8638
-543.066 -6147 293.555 20149 -57.8638
-543.208 -6146.91 293.554 20149 -57.8638
-543.349 -6146.82 293.554 20149 -57.8638
-543.491 -6146.73 293.554 20149 -57.8638
-543.632 -6146.64 293.554 20149 -57.8638
-543.775 -6146.56 293.554 20149 -57.8638
-543.922 -6146.47 293.554 20149 -57.8638
-544.064 -6146.38 293.554 20149 -57.8638
-544.182 -6146.29 293.553 20149 -57.8638
-544.277 -6146.23 293.553 20149 -57.8638
-544.348 -6146.2 293.553 20149 -57.8638
-544.398 -6146.17 293.553 20149 -57.8638
-544.441 -6146.14 293.553 20149 -57.8638
-544.47 -6146.12 293.553 20149 -57.8638
-544.49 -6146.11 293.553 20149 -57.8638
-544.493 -6146.11 293.553 20149 -57.8638
-544.493 -6146.11 293.553 20149 -57.8638
-544.493 -6146.11 293.553 20149 -57.8638
-544.493 -6146.11 293.553 20149 -57.8638
-544.493 -6146.11 293.553 20149 -57.8638
-544.493 -6146.11 293.553 20149 -57.8638
-544.493 -6146.11 293.553 20149 -57.8638
-544.498 -6146.11 293.553 20149 -57.8638
-544.527 -6146.1 293.553 20149 -57.8638
-544.586 -6146.06 293.553 20149 -57.8638
-544.667 -6146 293.553 20149 -57.8638
-544.761 -6145.95 293.553 20149 -57.8638
-544.855 -6145.89 293.553 20149 -57.8638
-544.951 -6145.83 293.553 20149 -57.8638
-545.066 -6145.76 293.552 20149 -57.8638
-545.191 -6145.68 293.552 20149 -57.8638
-545.316 -6145.6 293.552 20149 -57.8638
-545.431 -6145.53 293.552 20149 -57.8638
-545.527 -6145.47 293.552 20149 -57.8638
-545.616 -6145.42 293.552 20149 -57.8638
-545.711 -6145.36 293.552 20149 -57.8638
-545.81 -6145.3 293.552 20149 -57.8638
-545.906 -6145.24 293.552 20149 -57.8638
-545.977 -6145.18 293.552 20149 -57.8638
-546.024 -6145.15 293.551 20149 -57.8638
-546.05 -6145.15 293.551 20149 -57.8638
-546.052 -6145.15 293.551 20149 -57.8638
-546.052 -6145.15 293.551 20149 -57.8638
-546.052 -6145.15 293.551 20149 -57.8638
-546.052 -6145.15 293.551 20149 -57.8638
-546.052 -6145.15 293.551 20149 -57.8638
-546.054 -6145.15 293.551 20149 -57.8638
-546.052 -6145.15 293.551 20149 -57.8638
-546.055 -6145.15 293.551 20149 -57.8638
-546.109 -6145.11 293.551 20149 -57.8638
-546.187 -6145.04 293.551 20149 -57.8638
-546.306 -6144.94 293.551 20149 -57.8638
-546.462 -6144.85 293.551 20149 -57.8638
-546.621 -6144.75 293.551 20149 -57.8638
-546.778 -6144.65 293.551 20149 -57.8638
-546.931 -6144.56 293.551 20149 -57.8638
-547.088 -6144.46 293.55 20149 -57.8638
-547.249 -6144.36 293.55 20149 -57.8638
-547.397 -6144.26 293.55 20149 -57.8638
-547.501 -6144.19 293.551 20149 -57.8638
-547.58 -6144.15 293.551 20149 -57.8638
-547.625 -6144.15 293.551 20149 -57.8638
-547.64 -6144.16 293.551 20149 -57.8638
-547.641 -6144.16 293.551 20149 -57.8638
-547.64 -6144.16 293.551 20149 -57.8638
-547.64 -6144.16 293.551 20149 -57.8638
-547.64 -6144.16 293.551 20149 -57.8638
-547.64 -6144.16 293.551 20149 -57.8638
-547.643 -6144.17 293.551 20149 -57.8638
-547.652 -6144.15 293.551 20149 -57.8638
-547.689 -6144.13 293.551 20149 -57.8638
-547.74 -6144.1 293.551 20149 -57.8638
-547.794 -6144.07 293.551 20149 -57.8638
-547.84 -6144.04 293.551 20149 -57.8638
-547.871 -6144.01 293.551 20149 -57.8638
-547.89 -6144.01 293.551 20149 -57.8638
-547.894 -6144 293.551 20149 -57.8638
-547.894 -6144 293.551 20149 -57.8638
-547.894 -6144 293.551 20149 -57.8638
-547.894 -6144 293.551 20149 -57.8638
-547.894 -6144 293.551 20149 -57.8638
-547.894 -6144 293.551 20149 -57.8638
-547.894 -6144 293.551 20149 -57.8638
-547.894 -6144 293.551 20149 -57.8638
-547.894 -6144 293.551 20149 -57.8638
-547.894 -6144 293.551 20149 -57.8638
-547.894 -6144 293.551 20149 -57.8638
-547.894 -6144 293.551 20149 -57.8638
-547.894 -6144 293.551 20149 -57.8638
-547.894 -6144 293.551 20149 -57.8638
-547.894 -6144 293.551 20149 -57.8638
-547.893 -6144 293.551 20149 -57.8638
-547.905 -6144.01 293.551 20149 -57.8638
-547.96 -6143.99 293.552 20149 -57.8638
-548.04 -6143.93 293.552 20149 -57.8638
-548.16 -6143.84 293.552 20149 -57.8638
-548.302 -6143.75 293.552 20149 -57.8638
-548.444 -6143.66 293.553 20149 -57.8638
-548.585 -6143.58 293.553 20149 -57.8638
-548.748 -6143.49 293.554 20149 -57.8638
-548.949 -6143.38 293.554 20149 -57.8638
-549.174 -6143.23 293.555 20149 -57.8638
-549.435 -6143.05 293.555 20149 -57.8638
-549.719 -6142.87 293.556 20149 -57.8638
-550.002 -6142.7 293.557 20149 -57.8638
-550.285 -6142.52 293.557 20149 -57.8638
-550.591 -6142.35 293.558 20149 -57.8638
-550.932 -6142.15 293.559 20149 -57.8638
-551.3 -6141.91 293.56 20149 -57.8638
-551.701 -6141.65 293.561 20149 -57.8638
-552.123 -6141.39 293.562 20149 -58.2071
-552.551 -6141.12 293.563 20149 -59.7026
-553 -6140.86 293.564 20149 -59.0181
-553.483 -6140.57 293.565 20149 -57.5174
-553.992 -6140.24 293.566 20149 -57.0096
-554.534 -6139.89 293.568 20149 -58.2401
-555.098 -6139.54 293.569 20149 -58.2076
-555.668 -6139.19 293.57 20149 -59.3957
-556.259 -6138.84 293.572 20149 -58.7808
-556.883 -6138.46 293.573 20149 -57.6669
-557.533 -6138.05 293.575 20149 -57.3237
-558.215 -6137.61 293.577 20149 -58.2318
-558.925 -6137.17 293.578 20149 -59.2248
-559.661 -6136.73 293.58 20149 -58.8886
-560.429 -6136.27 293.582 20149 -58.09
-561.223 -6135.78 293.584 20149 -57.7891
-562.052 -6135.25 293.587 20149 -58.5413
-562.905 -6134.73 293.592 20149 -58.7699
-563.76 -6134.21 293.597 20149 -59.3548
-564.614 -6133.71 293.602 20149 -59.5556
-565.465 -6133.21 293.607 20149 -59.3553
-566.319 -6132.7 293.612 20149 -58.7696
-567.175 -6132.18 293.617 20149 -58.5035
-568.026 -6131.66 293.622 20149 -57.8921
-568.855 -6131.14 293.627 20149 -59.0265
-569.664 -6130.66 293.631 20149 -59.0247
-570.446 -6130.19 293.636 20149 -58.0649
-571.205 -6129.71 293.641 20149 -59.3381
-571.967 -6129.26 293.645 20149 -60.0265
-572.735 -6128.82 293.649 20149 -60.1717
-573.521 -6128.37 293.654 20149 -58.7235
-574.327 -6127.88 293.659 20149 -56.784
-575.149 -6127.34 293.664 20149 -57.7204
-575.998 -6126.8 293.669 20149 -57.744
-576.848 -6126.27 293.675 20149 -57.7497
-577.695 -6125.73 293.683 20149 -57.7496
-578.54 -6125.2 293.691 20149 -57.7302
-579.385 -6124.67 293.699 20149 -57.7488
-580.226 -6124.14 293.707 20149 -57.7684
-581.07 -6123.6 293.715 20149 -58.5022
-581.938 -6123.07 293.723 20149 -58.1346
-582.841 -6122.51 293.731 20149 -57.3638
-583.77 -6121.92 293.74 20149 -57.0683
-584.734 -6121.29 293.749 20149 -57.7362
-585.723 -6120.67 293.759 20149 -57.7529
-586.714 -6120.04 293.768 20149 -57.7361
-587.702 -6119.42 293.777 20149 -57.7522
-588.688 -6118.8 293.787 20149 -57.7523
-589.674 -6118.17 293.796 20149 -57.7359
-590.661 -6117.55 293.805 20149 -57.746
-591.649 -6116.93 293.817 20149 -57.7663
-592.634 -6116.31 293.829 20149 -57.7655
-593.612 -6115.69 293.842 20149 -57.5681
-594.591 -6115.07 293.855 20149 -58.0754
-595.594 -6114.44 293.867 20149 -57.7734
-596.635 -6113.79 293.881 20149 -57.0848
-597.7 -6113.1 293.895 20149 -56.8229
-598.801 -6112.38 293.909 20149 -57.4259
-599.927 -6111.66 293.924 20149 -57.4262
-601.054 -6110.94 293.938 20149 -57.4234
-602.174 -6110.22 293.953 20149 -57.4094
-603.295 -6109.51 293.967 20149 -57.9965
-604.441 -6108.79 293.982 20149 -57.7369
-605.622 -6108.04 293.998 20149 -57.1439
-606.828 -6107.26 294.017 20149 -56.9096
-608.069 -6106.46 294.038 20149 -57.2796
-609.333 -6105.64 294.059 20149 -57.5231
-610.606 -6104.83 294.079 20149 -58.421
-611.893 -6104.04 294.1 20149 -59.1127
-613.194 -6103.26 294.121 20149 -59.8776
-614.507 -6102.5 294.142 20149 -60.1602
-615.829 -6101.74 294.163 20149 -60.0368
-617.163 -6100.98 294.184 20149 -59.2007
-618.516 -6100.17 294.206 20149 -58.5421
-619.897 -6099.32 294.23 30149 -57.6127
-621.295 -6098.44 294.264 30149 -57.5688
-622.706 -6097.54 294.297 30149 -57.7058
-624.118 -6096.65 294.331 30149 -57.6938
-625.523 -6095.76 294.365 30149 -57.694
-626.929 -6094.87 294.398 30149 -58.1599
-628.36 -6093.98 294.433 30149 -57.9514
-629.826 -6093.06 294.468 30149 -57.4619
-631.318 -6092.11 294.503 30149 -57.2491
-632.844 -6091.13 294.54 30149 -57.7025
-634.395 -6090.15 294.577 30149 -57.7027
-635.949 -6089.17 294.614 30149 -57.7025
-637.5 -6088.19 294.651 30149 -57.692
-639.048 -6087.21 294.688 30149 -57.7024
-640.598 -6086.23 294.725 30149 -57.692
-642.147 -6085.25 294.763 30149 -57.9403
-643.7 -6084.28 294.8 30149 -57.9513
-645.254 -6083.3 294.838 30149 -57.9409
-646.807 -6082.33 294.875 30149 -57.9513
-648.36 -6081.36 294.913 30149 -57.9513
-649.914 -6080.39 294.95 30149 -57.9409
-651.467 -6079.41 294.988 30149 -57.9513
-653.021 -6078.44 295.025 30149 -57.9513
-654.574 -6077.47 295.063 30149 -57.9409
-656.127 -6076.5 295.1 30149 -57.9409
-657.681 -6075.52 295.138 30149 -57.9409
-659.234 -6074.55 295.175 30149 -57.9513
-660.787 -6073.58 295.213 30149 -57.9513
-662.34 -6072.6 295.25 30149 -57.9409
-663.895 -6071.63 295.288 30149 -57.9192
-665.448 -6070.66 295.326 30149 -57.97
-667 -6069.69 295.364 30149 -58.022
-668.556 -6068.72 295.401 30149 -58.1868
-670.125 -6067.74 295.44 30149 -58.0203
-671.713 -6066.75 295.478 30149 -58.0391
-673.326 -6065.74 295.518 30149 -57.998
-674.964 -6064.72 295.558 30149 -58.0166
-676.627 -6063.68 295.598 30149 -57.8521
-678.308 -6062.63 295.639 30149 -58.0151
-680.003 -6061.57 295.681 30149 -58.0246
-681.699 -6060.51 295.722 30149 -57.9482
-683.397 -6059.45 295.763 30149 -58.6829
-685.129 -6058.39 295.805 30149 -59.0156
-686.908 -6057.32 295.848 30149 -59.0151
-688.72 -6056.23 295.892 30149 -59.2036
-690.577 -6055.13 295.937 30149 -59.8321
-692.466 -6054.03 295.982 30149 -58.9651
-694.34 -6052.9 296.028 30149 -58.3044
-696.193 -6051.76 296.073 30149 -57.5681
-698.024 -6050.59 296.118 30149 -57.3744
-699.85 -6049.43 296.163 30149 -57.5066
-701.677 -6048.26 296.209 30149 -57.5066
-703.504 -6047.1 296.254 30149 -57.5066
-705.33 -6045.94 296.299 30149 -57.4977
-707.155 -6044.77 296.344 30149 -57.3124
-708.977 -6043.6 296.389 30149 -57.1349
-710.796 -6042.43 296.434 30149 -56.527
-712.603 -6041.23 296.479 30149 -56.5181
-714.41 -6040.04 296.524 30149 -56.5269
-716.217 -6038.84 296.57 30149 -56.5181
-718.023 -6037.65 296.615 30149 -56.5181
-719.83 -6036.45 296.66 30149 -56.5269
-721.637 -6035.26 296.705 30149 -56.5181
-723.444 -6034.06 296.751 30149 -56.5181
-725.25 -6032.87 296.796 30149 -56.5269
-727.057 -6031.67 296.841 30149 -56.5181
-728.864 -6030.48 296.886 30149 -56.5181
-730.67 -6029.28 296.932 30149 -56.5269
-732.477 -6028.09 296.977 30149 -55.552
-734.262 -6026.87 297.022 30149 -55.3973
-736.046 -6025.63 297.067 30149 -55.3887
-737.831 -6024.4 297.113 30149 -55.4944
-739.619 -6023.17 297.158 30149 -55.6969
-741.411 -6021.95 297.203 30149 -55.697
-743.202 -6020.73 297.248 30149 -55.697
-744.991 -6019.51 297.294 30149 -55.697
-746.781 -6018.29 297.339 30149 -55.697
-748.571 -6017.07 297.384 30149 -55.6882
-750.361 -6015.84 297.429 30149 -55.697
-752.151 -6014.62 297.475 30149 -55.697
-753.941 -6013.4 297.52 30149 -54.9608
-755.715 -6012.16 297.565 30149 -54.2256
-757.473 -6010.89 297.61 30149 -54.2256
-759.231 -6009.63 297.655 30149 -54.2256
-760.989 -6008.36 297.7 30149 -54.2168
-762.747 -6007.09 297.746 30149 -54.2256
-764.505 -6005.82 297.791 30149 -54.2256
-766.263 -6004.56 297.836 30149 -54.2256
-768.021 -6003.29 297.881 30149 -54.217
-769.777 -6002.03 297.926 30149 -54.4202
-771.535 -6000.77 297.971 30149 -54.1464
-773.29 -5999.5 298.016 30149 -52.7707
-775.025 -5998.18 298.061 30149 -51.4724
-776.75 -5996.81 298.107 30149 -48.587
-778.413 -5995.34 298.153 30149 -48.8786
-780.069 -5993.9 298.198 30149 -49.8122
-781.721 -5992.5 298.243 30149 -50.8054
-783.372 -5991.15 298.287 30149 -52.2939
-785.046 -5989.86 298.33 30149 0
