-797.016 -5975.58 298.708 30148 -51.049
-798.178 -5974.64 298.739 30148 -51.0642
-799.337 -5973.7 298.769 30148 -51.0488
-800.499 -5972.76 298.8 30148 -51.0731
-801.663 -5971.82 298.831 30148 -51.0477
-802.827 -5970.88 298.861 30148 -51.0604
-803.99 -5969.94 298.892 30148 -51.0479
-805.154 -5969 298.923 30148 -51.0606
-806.317 -5968.06 298.953 30148 -51.0535
-807.49 -5967.11 298.984 30148 -51.0673
-808.645 -5966.18 299.015 30148 -51.0848
-809.762 -5965.28 299.044 30148 -50.1266
-810.849 -5964.37 299.073 30148 -49.8875
-811.946 -5963.44 299.103 30148 -49.884
-813.081 -5962.49 299.133 30148 -49.901
-814.233 -5961.52 299.164 30148 -49.8861
-815.377 -5960.55 299.195 30148 -48.3113
-816.493 -5959.56 299.225 30148 -47.4372
-817.594 -5958.55 299.255 30148 -47.45
-818.696 -5957.54 299.286 30148 -47.4372
-819.797 -5956.53 299.316 30148 -47.45
-820.899 -5955.51 299.346 30148 -47.45
-822.001 -5954.5 299.376 30148 -47.4372
-823.102 -5953.49 299.406 30148 -47.4499
-824.203 -5952.48 299.436 30148 -47.4492
-825.302 -5951.47 299.466 30148 -47.4379
-826.406 -5950.46 299.497 30148 -47.4661
-827.523 -5949.43 299.527 30148 -47.5048
-828.645 -5948.41 299.558 30148 -47.8441
-829.768 -5947.39 299.589 30148 -47.82
-830.879 -5946.38 299.619 30148 -47.8205
-831.985 -5945.38 299.649 30148 -47.833
-833.093 -5944.38 299.679 30148 -47.833
-834.201 -5943.37 299.709 30148 -47.9185
-835.337 -5942.35 299.739 40148 -46.072
-836.411 -5941.31 299.769 40148 -46.0592
-837.485 -5940.28 299.799 40148 -46.072
-838.558 -5939.24 299.829 40148 -46.0592
-839.633 -5938.21 299.859 40148 -46.0849
-840.706 -5937.17 299.888 40148 -46.0597
-841.774 -5936.14 299.918 40148 -46.2391
-842.849 -5935.12 299.948 40148 -46.1081
-843.94 -5934.07 299.978 40148 -44.9921
-845.046 -5932.96 300.009 40148 -44.3013
-846.166 -5931.81 300.041 40148 -43.5781
-847.312 -5930.61 300.075 40148 -42.3698
-848.443 -5929.37 300.108 40148 -41.8502
-849.539 -5928.14 300.141 40148 -43.1393
-850.633 -5926.98 300.173 40148 -44.0802
-851.723 -5925.85 300.204 40148 -44.6615
-852.811 -5924.75 300.235 40148 -44.4867
-853.877 -5923.67 300.263 40148 -43.4197
-854.9 -5922.58 300.29 40148 -43.7915
-855.927 -5921.51 300.317 40148 -45.1901
-856.983 -5920.46 300.344 40148 -46.0106
-858.054 -5919.43 300.371 40148 -45.6493
-859.12 -5918.39 300.398 40148 -45.6447
-860.189 -5917.34 300.425 40148 -45.5592
-861.254 -5916.3 300.452 40148 -45.7077
-862.309 -5915.27 300.479 40148 -46.1193
-863.356 -5914.26 300.505 40148 -45.7167
-864.385 -5913.26 300.531 40148 -44.649
-865.4 -5912.23 300.557 40148 -43.7387
-866.413 -5911.17 300.584 40148 -43.4561
-867.432 -5910.1 300.611 40148 -43.6639
-868.463 -5909.02 300.638 40148 -43.6474
-869.474 -5907.96 300.664 40148 -43.7217
-870.453 -5906.93 300.69 40148 -41.955
-871.391 -5905.89 300.715 40148 -40.3403
-872.313 -5904.8 300.738 40148 -40.3696
-873.265 -5903.68 300.762 40148 -40.4128
-874.231 -5902.55 300.787 40148 -40.3905
-875.189 -5901.42 300.811 40148 -40.3904
-876.147 -5900.3 300.836 40148 -40.3903
-877.106 -5899.17 300.86 40148 -40.3902
-878.064 -5898.04 300.884 40148 -40.39
-879.022 -5896.92 300.909 40148 -40.3899
-879.98 -5895.79 300.933 40148 -40.3898
-880.938 -5894.67 300.957 40148 -40.3767
-881.895 -5893.54 300.982 40148 -40.3898
-882.853 -5892.41 301.006 40148 -40.3894
-883.811 -5891.29 301.031 40148 -40.4022
-884.768 -5890.16 301.055 40148 -40.3827
-885.73 -5889.03 301.079 40148 -40.3823
-886.683 -5887.91 301.104 40148 -40.2339
-887.612 -5886.82 301.127 40148 -38.8065
-888.507 -5885.7 301.15 40148 -38.1164
-889.398 -5884.57 301.172 40148 -38.8984
-890.326 -5883.42 301.194 40148 -39.5311
-891.278 -5882.26 301.216 40148 -39.6337
-892.229 -5881.11 301.239 40148 -39.5312
-893.177 -5879.97 301.261 40148 -39.5183
-894.125 -5878.82 301.284 40148 -39.5312
-895.073 -5877.67 301.306 40148 -39.5183
-896.021 -5876.52 301.329 40148 -39.5951
-896.973 -5875.37 301.351 40148 -39.4414
-897.919 -5874.22 301.374 40148 -39.1324
-898.856 -5873.07 301.396 40148 -38.5617
-899.777 -5871.91 301.418 40148 -39.5696
-900.726 -5870.76 301.441 40148 -39.5568
-901.674 -5869.61 301.463 40148 -39.5568
0 0 0 0 -39.5568
0 0 0 0 -39.5568
0 0 0 0 -39.5568
0 0 0 0 -39.5568
0 0 0 0 -39.5568
0 0 0 0 -39.5568
0 0 0 0 -39.5568
0 0 0 0 -39.5568
0 0 0 0 -39.5568
0 0 0 0 -39.5568
0 0 0 0 -39.5568
0 0 0 0 -39.5568
0 0 0 0 -39.5568
0 0 0 0 -39.5568
0 0 0 0 -39.5568
0 0 0 0 -39.5568
0 0 0 0 -39.5568
0 0 0 0 -39.5568
0 0 0 0 -39.5568
0 0 0 0 -39.5568
0 0 0 0 -39.5568
0 0 0 0 -39.5568
0 0 0 0 -39.5568
0 0 0 0 -39.5568
0 0 0 0 -39.5568
0 0 0 0 -39.5568
0 0 0 0 -39.5568
0 0 0 0 -39.5568
0 0 0 0 -39.5568
0 0 0 0 -39.5568
0 0 0 0 -39.5568
0 0 0 0 -39.5568
0 0 0 0 -39.5568
0 0 0 0 -39.5568
0 0 0 0 -39.5568
0 0 0 0 -39.5568
0 0 0 0 -39.5568
0 0 0 0 -39.5568
0 0 0 0 -39.5568
0 0 0 0 -39.5568
0 0 0 0 -39.5568
0 0 0 0 -39.5568
0 0 0 0 -39.5568
0 0 0 0 -39.5568
0 0 0 0 -39.5568
0 0 0 0 -39.5568
0 0 0 0 -39.5568
0 0 0 0 -39.5568
0 0 0 0 -39.5568
0 0 0 0 -39.5568
0 0 0 0 -39.5568
0 0 0 0 -39.5568
0 0 0 0 -39.5568
0 0 0 0 -39.5568
0 0 0 0 -39.5568
0 0 0 0 -39.5568
0 0 0 0 -39.5568
0 0 0 0 -39.5568
0 0 0 0 -39.5568
0 0 0 0 -39.5568
0 0 0 0 -39.5568
0 0 0 0 -39.5568
0 0 0 0 -39.5568
0 0 0 0 -39.5568
0 0 0 0 -39.5568
0 0 0 0 -39.5568
0 0 0 0 -39.5568
0 0 0 0 -39.5568
0 0 0 0 -39.5568
0 0 0 0 -39.5568
0 0 0 0 -39.5568
0 0 0 0 -39.5568
0 0 0 0 -39.5568
0 0 0 0 -39.5568
0 0 0 0 -39.5568
0 0 0 0 -39.5568
0 0 0 0 -39.5568
0 0 0 0 -39.5568
0 0 0 0 -39.5568
0 0 0 0 -39.5568
0 0 0 0 -39.5568
0 0 0 0 -39.5568
0 0 0 0 -39.5568
0 0 0 0 -39.5568
0 0 0 0 -39.5568
0 0 0 0 -39.5568
0 0 0 0 -39.5568
0 0 0 0 -39.5568
0 0 0 0 -39.5568
0 0 0 0 -39.5568
0 0 0 0 -39.5568
0 0 0 0 -39.5568
0 0 0 0 -39.5568
0 0 0 0 -39.5568
0 0 0 0 -39.5568
0 0 0 0 -39.5568
0 0 0 0 -39.5568
0 0 0 0 -39.5568
0 0 0 0 -39.5568
0 0 0 0 -39.5568
0 0 0 0 -39.5568
0 0 0 0 -39.5568
0 0 0 0 -39.5568
0 0 0 0 -39.5568
0 0 0 0 -39.5568
0 0 0 0 -39.5568
0 0 0 0 -39.5568
0 0 0 0 -39.5568
0 0 0 0 -39.5568
0 0 0 0 -39.5568
0 0 0 0 -39.5568
0 0 0 0 -39.5568
0 0 0 0 -39.5568
0 0 0 0 -39.5568
0 0 0 0 -39.5568
0 0 0 0 -39.5568
0 0 0 0 -39.5568
0 0 0 0 -39.5568
0 0 0 0 -39.5568
0 0 0 0 -39.5568
0 0 0 0 -39.5568
0 0 0 0 -39.5568
0 0 0 0 -39.5568
0 0 0 0 -39.5568
0 0 0 0 -39.5568
0 0 0 0 -39.5568
0 0 0 0 -39.5568
0 0 0 0 -39.5568
0 0 0 0 -39.5568
0 0 0 0 -39.5568
0 0 0 0 -39.5568
0 0 0 0 -39.5568
0 0 0 0 -39.5568
0 0 0 0 -39.5568
0 0 0 0 -39.5568
0 0 0 0 -39.5568
0 0 0 0 -39.5568
0 0 0 0 -39.5568
0 0 0 0 -39.5568
0 0 0 0 -39.5568
0 0 0 0 -39.5568
0 0 0 0 -39.5568
0 0 0 0 -39.5568
0 0 0 0 -39.5568
0 0 0 0 -39.5568
0 0 0 0 -39.5568
0 0 0 0 -39.5568
0 0 0 0 -39.5568
0 0 0 0 -39.5568
0 0 0 0 -39.5568
0 0 0 0 -39.5568
0 0 0 0 -39.5568
0 0 0 0 -39.5568
0 0 0 0 -39.5568
0 0 0 0 -39.5568
0 0 0 0 -39.5568
0 0 0 0 -39.5568
0 0 0 0 -39.5568
0 0 0 0 -39.5568
0 0 0 0 -39.5568
0 0 0 0 -39.5568
0 0 0 0 -39.5568
0 0 0 0 -39.5568
0 0 0 0 -39.5568
0 0 0 0 -39.5568
0 0 0 0 -39.5568
0 0 0 0 -39.5568
0 0 0 0 -39.5568
0 0 0 0 -39.5568
0 0 0 0 -39.5568
0 0 0 0 -39.5568
0 0 0 0 -39.5568
0 0 0 0 -39.5568
0 0 0 0 -39.5568
0 0 0 0 -39.5568
0 0 0 0 -39.5568
0 0 0 0 -39.5568
0 0 0 0 -39.5568
0 0 0 0 -39.5568
0 0 0 0 -39.5568
0 0 0 0 -39.5568
0 0 0 0 -39.5568
0 0 0 0 -39.5568
0 0 0 0 -39.5568
0 0 0 0 -39.5568
16.215 33.965 0 0 -39.5568
16.187 39.464 0 0 -39.5568
16.158 44.964 0 0 -39.5568
16.13 50.464 0 0 -39.5568
16.101 55.964 0 0 -39.5568
16.111 61.435 0 0 -39.5568
16.099 66.747 0 0 -39.5568
16.057 71.947 0 0 -39.5568
15.993 76.994 0 0 -39.5568
15.968 82 0 0 -39.5568
15.942 86.966 0 0 -39.5568
15.916 91.878 0 0 -39.5568
15.969 96.771 0 0 -39.5568
16.031 101.686 0 0 0
