-620.225 -6095.25 294.28 30148 -57.6996
-621.349 -6094.54 294.307 30148 -57.6852
-622.473 -6093.83 294.334 30148 -57.6996
-623.597 -6093.12 294.36 30148 -57.6996
-624.721 -6092.41 294.387 30148 -57.6996
-625.845 -6091.7 294.414 30148 -57.6996
-626.969 -6090.99 294.441 30148 -57.6996
-628.093 -6090.28 294.468 30148 -57.6996
-629.217 -6089.57 294.495 30148 -57.6852
-630.341 -6088.86 294.522 30148 -57.6996
-631.465 -6088.14 294.549 30148 -57.6996
-632.589 -6087.43 294.575 30148 -57.6996
-633.713 -6086.72 294.602 30148 -57.6996
-634.837 -6086.01 294.629 30148 -57.6996
-635.961 -6085.3 294.656 30148 -57.6996
-637.085 -6084.59 294.683 30148 -57.6852
-638.209 -6083.88 294.71 30148 -57.6996
-639.333 -6083.17 294.737 30148 -57.6997
-640.457 -6082.46 294.763 30148 -57.9565
-641.585 -6081.75 294.791 30148 -57.9485
-642.712 -6081.05 294.818 30148 -57.9341
-643.838 -6080.34 294.845 30148 -57.9486
-644.967 -6079.64 294.872 30148 -57.9488
-646.098 -6078.93 294.9 30148 -57.9343
-647.227 -6078.22 294.927 30148 -57.3504
-648.332 -6077.51 294.954 30148 -57.6116
-649.399 -6076.84 294.98 30148 -58.3003
-650.439 -6076.19 295.005 30148 -58.6011
-651.447 -6075.58 295.029 30148 -58.6175
-652.454 -6074.96 295.053 30148 -58.3006
-653.493 -6074.32 295.078 30148 -57.2379
-654.561 -6073.63 295.104 30148 -57.4602
-655.654 -6072.94 295.131 30148 -57.6185
-656.739 -6072.25 295.157 30148 -58.6463
-657.806 -6071.6 295.183 30148 -58.1126
-658.846 -6070.95 295.208 30148 -58.3911
-659.896 -6070.31 295.233 30148 -57.8215
-660.958 -6069.64 295.259 30148 -58.1246
-662.039 -6068.97 295.285 30148 -58.1096
-663.122 -6068.29 295.311 30148 -58.0217
-664.204 -6067.62 295.337 30148 -58.2641
-665.302 -6066.94 295.364 30148 -57.7641
-666.412 -6066.24 295.391 30148 -58.0391
-667.542 -6065.53 295.419 30148 -58.01
-668.678 -6064.82 295.446 30148 -58.0247
-669.807 -6064.12 295.474 30148 -57.7639
-670.916 -6063.42 295.501 30148 -58.2651
-672.011 -6062.74 295.528 30148 -58.0136
-673.092 -6062.07 295.554 30148 -58.2654
-674.186 -6061.39 295.581 30148 -57.7634
-675.292 -6060.69 295.608 30148 -58.025
-676.418 -6059.99 295.635 30148 -58.3215
-677.564 -6059.28 295.663 30148 -58.2168
-678.731 -6058.56 295.691 30148 -57.7895
-679.923 -6057.81 295.72 30148 -57.7129
-681.139 -6057.04 295.75 30148 -58.0176
-682.371 -6056.27 295.78 30148 -58.0172
-683.609 -6055.5 295.81 30148 -57.978
-684.845 -6054.72 295.841 30148 -57.7118
-686.07 -6053.95 295.871 30148 -57.4576
-687.271 -6053.18 295.9 30148 -57.7716
-688.451 -6052.44 295.929 30148 -57.5115
-689.621 -6051.69 295.958 30148 -57.5114
-690.801 -6050.94 295.987 30148 -57.4978
-691.987 -6050.19 296.017 30148 -57.5114
-693.167 -6049.44 296.046 30148 -57.4978
-694.338 -6048.69 296.075 30148 -57.6889
-695.521 -6047.94 296.104 30148 -57.3231
-696.717 -6047.18 296.134 30148 -57.5111
-697.925 -6046.41 296.164 30148 -57.351
-699.13 -6045.63 296.193 30148 -57.3111
-700.335 -6044.86 296.223 30148 -57.2988
-701.547 -6044.08 296.253 30148 -57.2998
-702.764 -6043.3 296.283 30148 -57.312
-703.976 -6042.52 296.313 30148 -57.1342
-705.167 -6041.75 296.343 30148 -57.4841
-706.348 -6041 296.372 30148 -57.8233
-707.539 -6040.25 296.401 30148 -56.8298
-708.741 -6039.47 296.431 30148 -56.3066
-709.956 -6038.66 296.462 30148 -56.5291
-711.175 -6037.85 296.493 30148 -56.514
-712.38 -6037.05 296.523 30148 -56.5257
-713.577 -6036.26 296.553 30148 -56.5258
-714.773 -6035.47 296.583 30148 -56.5137
-715.977 -6034.67 296.613 30148 -56.5158
-717.194 -6033.87 296.644 30148 -56.5293
-718.414 -6033.06 296.674 30148 -56.515
-719.626 -6032.26 296.705 30148 -56.5269
-720.83 -6031.46 296.735 30148 -56.7384
-722.045 -6030.67 296.765 30148 -56.3114
-723.274 -6029.85 296.796 30148 -56.5206
-724.522 -6029.02 296.827 30148 -56.5212
-725.774 -6028.19 296.859 30148 -56.5204
-727.02 -6027.37 296.89 30148 -56.5209
-728.269 -6026.54 296.922 30148 -56.5225
-729.529 -6025.71 296.953 30148 -56.5875
-730.794 -6024.88 296.985 30148 -55.7267
-732.043 -6024.03 297.017 30148 -55.6972
-733.282 -6023.18 297.048 30148 -55.6848
-734.515 -6022.34 297.079 30148 -55.6974
-735.751 -6021.5 297.111 30148 -55.6973
-736.987 -6020.65 297.142 30148 -55.6975
-738.222 -6019.81 297.173 30148 -55.6977
-739.454 -6018.97 297.205 30148 -55.6974
-740.69 -6018.13 297.236 30148 -55.8977
-741.944 -6017.28 297.268 30148 -55.4832
-743.212 -6016.41 297.3 30148 -55.7055
-744.494 -6015.53 297.332 30148 -55.4957
-745.763 -6014.66 297.365 30148 -55.8977
-747.017 -6013.81 297.396 30148 -55.6974
-748.253 -6012.97 297.428 30148 -55.6977
-749.485 -6012.13 297.459 30148 -55.6976
-750.719 -6011.28 297.49 30148 -55.6977
-751.951 -6010.44 297.521 30148 -55.2186
-753.18 -6009.59 297.553 30148 -54.4264
-754.412 -6008.71 297.584 30148 -54.0243
-755.657 -6007.8 297.617 30148 -54.2219
-756.917 -6006.9 297.649 30148 -54.0243
-758.162 -6005.99 297.681 30148 -54.4263
-759.394 -6005.11 297.713 30148 -54.2258
-760.611 -6004.24 297.744 30148 -54.2269
-761.815 -6003.37 297.775 30148 -54.215
-763.009 -6002.51 297.806 30148 -54.3051
-764.209 -6001.64 297.837 30148 -53.9842
-765.425 -6000.76 297.868 30148 -53.778
-766.674 -5999.85 297.901 30148 -53.8567
-767.946 -5998.92 297.933 30148 -53.8461
-769.226 -5997.98 297.967 30148 -53.823
-770.51 -5997.04 298 30148 -53.7846
-771.784 -5996.11 298.033 30148 -53.2158
-773.014 -5995.19 298.065 30148 -53.9834
-774.222 -5994.31 298.096 30148 -53.2681
-775.379 -5993.45 298.126 30148 -52.6808
-776.504 -5992.59 298.155 30148 -52.4762
-777.641 -5991.72 298.185 30148 -51.7321
-778.797 -5990.81 298.216 30148 -52.2775
-779.982 -5989.89 298.247 30148 -52.2521
-781.169 -5988.97 298.278 30148 -52.2648
-782.353 -5988.05 298.309 30148 -52.2775
-783.536 -5987.14 298.34 30148 -52.2648
-784.72 -5986.22 298.371 30148 -52.2648
-785.907 -5985.3 298.402 30148 -52.2775
-787.09 -5984.39 298.433 30148 -52.0446
-788.256 -5983.48 298.464 30148 -52.4882
-789.401 -5982.6 298.494 30148 -52.2635
-790.547 -5981.71 298.524 30148 -52.4808
-791.74 -5980.8 298.555 30148 -52.9357
-792.968 -5979.87 298.587 30148 -52.954
-794.186 -5978.95 298.619 30148 -53.3959
-795.364 -5978.08 298.649 30148 -51.4937
-796.489 -5977.18 298.679 30148 -51.047
-797.62 -5976.27 298.709 30148 -51.068
-798.757 -5975.35 298.739 30148 -51.0596
-799.889 -5974.43 298.768 30148 -51.0525
-801.013 -5973.52 298.798 30148 -51.2701
-802.147 -5972.61 298.828 30148 -50.8386
-803.293 -5971.68 298.858 30148 -51.0596
-804.458 -5970.74 298.889 30148 -51.0697
-805.627 -5969.8 298.92 30148 -51.0462
-806.792 -5968.85 298.95 30148 -51.0538
-807.964 -5967.91 298.981 30148 -51.053
-809.121 -5966.97 299.012 30148 -51.094
-810.243 -5966.07 299.041 30148 -50.2475
-811.338 -5965.16 299.07 30148 -49.902
-812.44 -5964.23 299.1 30148 -49.8843
-813.577 -5963.27 299.13 30148 -49.9009
-814.729 -5962.3 299.161 30148 -49.8863
-815.873 -5961.34 299.192 30148 -48.5246
-816.994 -5960.34 299.222 30148 -47.4502
-818.097 -5959.33 299.253 30148 -47.45
-819.199 -5958.32 299.283 30148 -47.4373
-820.301 -5957.31 299.313 30148 -47.4501
-821.403 -5956.3 299.343 30148 -47.4373
-822.505 -5955.28 299.373 30148 -47.4629
-823.608 -5954.27 299.403 30148 -47.4373
-824.71 -5953.26 299.433 30148 -47.4494
-825.809 -5952.25 299.463 30148 -47.438
-826.914 -5951.24 299.494 30148 -47.4533
-828.03 -5950.21 299.524 30148 -47.4794
-829.15 -5949.19 299.555 30148 -47.8315
-830.273 -5948.17 299.585 30148 -47.8326
-831.385 -5947.16 299.616 30148 -47.8204
-832.491 -5946.16 299.646 30148 -47.8329
-833.6 -5945.15 299.676 30148 -47.8329
-834.709 -5944.15 299.706 30148 -48.1178
-835.843 -5943.13 299.736 40148 -46.0719
-836.919 -5942.1 299.766 40148 -46.0591
-837.994 -5941.06 299.796 40148 -46.0591
-839.069 -5940.03 299.825 40148 -46.0846
-840.145 -5938.99 299.855 40148 -46.0592
-841.219 -5937.95 299.885 40148 -46.0853
-842.289 -5936.92 299.915 40148 -46.1873
-843.365 -5935.89 299.944 40148 -46.3205
-844.466 -5934.84 299.975 40148 -45.2889
-845.584 -5933.73 300.006 40148 -44.7736
-846.72 -5932.59 300.038 40148 -44.0938
-847.883 -5931.39 300.072 40148 -43.2576
-849.042 -5930.16 300.106 40148 -43.053
-850.183 -5928.94 300.139 40148 -42.904
-851.304 -5927.73 300.172 40148 -43.9446
-852.43 -5926.56 300.204 40148 -44.8993
-853.552 -5925.44 300.236 40148 -43.7706
-854.622 -5924.32 300.264 40148 -45.3481
-855.687 -5923.27 300.291 40148 -43.0182
-856.714 -5922.17 300.319 40148 -42.2576
-857.751 -5921.02 300.346 40148 -41.5002
-858.794 -5919.85 300.375 40148 -41.7735
-859.845 -5918.67 300.403 40148 -41.7783
-860.893 -5917.5 300.432 40148 -41.7745
-861.939 -5916.33 300.46 40148 -41.7759
-862.985 -5915.15 300.489 40148 -41.7682
-864.034 -5913.98 300.517 40148 -41.6723
-865.081 -5912.8 300.546 40148 -41.7413
-866.121 -5911.64 300.574 40148 -42.2363
-867.152 -5910.5 300.602 40148 -43.1808
-868.178 -5909.41 300.629 40148 -43.672
-869.181 -5908.36 300.655 40148 -43.8021
-870.152 -5907.35 300.681 40148 -42.9693
-871.091 -5906.34 300.706 40148 -40.6606
-872.003 -5905.28 300.729 40148 -40.4025
-872.942 -5904.17 300.753 40148 -40.4201
-873.894 -5903.05 300.777 40148 -40.345
-874.837 -5901.94 300.801 40148 -40.4414
-875.786 -5900.83 300.825 40148 -40.9567
-876.753 -5899.72 300.849 40148 -41.2336
-877.736 -5898.6 300.874 40148 -41.6946
-878.735 -5897.47 300.899 40148 -41.8212
-879.741 -5896.35 300.924 40148 -41.7452
-880.746 -5895.22 300.948 40148 -41.7326
-881.75 -5894.1 300.973 40148 -41.7453
-882.753 -5892.97 300.998 40148 -41.7452
-883.757 -5891.85 301.023 40148 -41.7832
-884.763 -5890.72 301.048 40148 -41.6693
-885.768 -5889.59 301.073 40148 -41.5023
-886.755 -5888.48 301.097 40148 -41.6288
-887.719 -5887.39 301.121 40148 -41.1351
-888.665 -5886.31 301.144 40148 -39.4789
-889.588 -5885.19 301.166 40148 -39.6085
-890.533 -5884.05 301.189 40148 -39.5183
-891.487 -5882.89 301.211 40148 -39.5183
-892.435 -5881.74 301.234 40148 -39.5311
-893.384 -5880.59 301.256 40148 -39.5183
-894.333 -5879.44 301.279 40148 -39.5183
-895.281 -5878.29 301.301 40148 -39.5312
-896.23 -5877.14 301.324 40148 -39.5055
-897.178 -5875.99 301.346 40148 -39.5311
-898.129 -5874.84 301.369 40148 -39.5439
-899.08 -5873.69 301.391 40148 -39.5695
-900.03 -5872.54 301.414 40148 -39.5568
-900.98 -5871.39 301.436 40148 -39.5696
-901.929 -5870.24 301.458 40148 -39.5568
-902.879 -5869.09 301.481 40148 -39.5568
-710.69 -6041.9 0 0 -39.5568
-712.233 -6040.88 0 0 -39.5568
-713.776 -6039.86 0 0 -39.5568
-715.32 -6038.84 0 0 -39.5568
-716.857 -6037.82 0 0 -39.5568
-718.374 -6036.79 0 0 -39.5568
-719.873 -6035.75 0 0 -39.5568
-721.351 -6034.69 0 0 -39.5568
-722.822 -6033.64 0 0 -39.5568
-724.294 -6032.58 0 0 -39.5568
-725.764 -6031.53 0 0 -39.5568
-727.239 -6030.47 0 0 -39.5568
-728.724 -6029.41 0 0 -39.5568
-730.217 -6028.35 0 0 -39.5568
-731.733 -6027.29 0 0 -39.5568
-733.253 -6026.24 0 0 -39.5568
-734.796 -6025.2 0 0 -39.5568
-736.373 -6024.16 0 0 -39.5568
-737.974 -6023.14 0 0 -39.5568
-739.576 -6022.1 0 0 -39.5568
-741.177 -6021.07 0 0 -39.5568
-742.776 -6020.04 0 0 -39.5568
-744.373 -6019.01 0 0 -39.5568
-745.974 -6017.99 0 0 -39.5568
-747.581 -6016.95 0 0 -39.5568
-749.181 -6015.87 0 0 -39.5568
-750.779 -6014.77 0 0 -39.5568
-752.383 -6013.67 0 0 -39.5568
-753.997 -6012.59 0 0 -39.5568
-755.598 -6011.48 0 0 -39.5568
-757.186 -6010.33 0 0 -39.5568
-758.777 -6009.16 0 0 -39.5568
-760.367 -6008 0 0 -39.5568
-761.941 -6006.85 0 0 -39.5568
-763.507 -6005.71 0 0 -39.5568
-765.071 -6004.55 0 0 -39.5568
-766.65 -6003.38 0 0 -39.5568
-768.233 -6002.2 0 0 -39.5568
-769.812 -6001.02 0 0 -39.5568
-771.391 -5999.85 0 0 -39.5568
-772.973 -5998.68 0 0 -39.5568
-774.555 -5997.51 0 0 -39.5568
-776.134 -5996.33 0 0 -39.5568
-777.679 -5995.11 0 0 -39.5568
-779.223 -5993.89 0 0 -39.5568
-780.767 -5992.67 0 0 -39.5568
-782.311 -5991.45 0 0 -39.5568
-783.856 -5990.22 0 0 0
