-533.448 -6153.31 293.565 20149 -58.2068
-534.296 -6152.78 293.564 20149 -59.0061
-535.169 -6152.26 293.563 20149 -58.6163
-536.077 -6151.71 293.562 20149 -57.8276
-537.011 -6151.12 293.561 20149 -57.5462
-537.98 -6150.5 293.56 20149 -58.2216
-538.974 -6149.89 293.559 20149 -58.237
-539.97 -6149.27 293.558 20149 -58.2055
-540.963 -6148.65 293.557 20149 -58.2225
-541.955 -6148.04 293.556 20149 -58.2223
-542.946 -6147.43 293.555 20149 -58.2387
-543.938 -6146.81 293.554 20149 -58.206
-544.93 -6146.2 293.553 20149 -58.2223
-545.922 -6145.58 293.552 20149 -58.2387
-546.914 -6144.97 293.551 20149 -58.2074
-547.905 -6144.35 293.551 20149 -58.2422
-548.897 -6143.74 293.554 20149 -58.2257
-549.889 -6143.13 293.556 20149 -58.2261
-550.88 -6142.51 293.558 20149 -58.2258
-551.871 -6141.9 293.561 20149 -58.45
-552.874 -6141.28 293.563 20149 -58.5995
-553.895 -6140.66 293.566 20149 -58.287
-554.936 -6140.02 293.568 20149 -58.6031
-555.998 -6139.37 293.571 20149 -59.1655
-557.07 -6138.73 293.573 20149 -59.3034
-558.144 -6138.09 293.576 20149 -59.1498
-559.216 -6137.45 293.579 20149 -58.7364
-560.285 -6136.8 293.581 20149 -58.8763
-561.352 -6136.16 293.584 20149 -58.0991
-562.403 -6135.5 293.588 20149 -57.3578
-563.434 -6134.84 293.594 20149 -57.841
-564.457 -6134.2 293.6 20149 -58.5323
-565.469 -6133.58 293.606 20149 -59.2786
-566.474 -6132.98 293.612 20149 -58.4337
-567.46 -6132.38 293.617 20149 -57.3464
-568.438 -6131.75 293.623 20149 -58.3885
-569.446 -6131.13 293.629 20149 -58.1053
-570.492 -6130.48 293.635 20149 -57.3911
-571.561 -6129.79 293.642 20149 -57.1492
-572.67 -6129.08 293.648 20149 -57.4295
-573.796 -6128.36 293.655 20149 -58.0315
-574.918 -6127.66 293.662 20149 -59.3294
-576.034 -6127 293.668 20149 -59.8553
-577.154 -6126.35 293.677 20149 -59.3288
-578.29 -6125.67 293.687 20149 -58.0241
-579.44 -6124.95 293.698 20149 -57.4532
-580.601 -6124.21 293.709 20149 -57.7448
-581.767 -6123.48 293.72 20149 -57.7582
-582.93 -6122.74 293.731 20149 -57.7443
-584.092 -6122.01 293.742 20149 -57.7439
-585.251 -6121.28 293.753 20149 -57.7431
-586.403 -6120.55 293.764 20149 -57.6866
-587.552 -6119.83 293.774 20149 -57.4067
-588.7 -6119.09 293.785 20149 -57.4237
-589.856 -6118.35 293.796 20149 -57.3971
-591.014 -6117.61 293.807 20149 -57.4236
-592.171 -6116.87 293.822 20149 -57.4107
-593.328 -6116.13 293.837 20149 -57.4246
-594.485 -6115.39 293.852 20149 -57.4107
-595.642 -6114.65 293.867 20149 -57.4244
-596.798 -6113.92 293.882 20149 -57.4234
-597.952 -6113.18 293.897 20149 -57.3268
-599.107 -6112.44 293.911 20149 -57.7457
-600.277 -6111.7 293.927 20149 -58.1014
-601.47 -6110.96 293.942 20149 -58.2308
-602.688 -6110.2 293.957 20149 -58.5801
-603.93 -6109.44 293.973 20149 -58.9525
-605.186 -6108.69 293.989 20149 -58.8983
-606.444 -6107.93 294.008 20149 -58.853
-607.699 -6107.17 294.028 20149 -58.7241
-608.951 -6106.41 294.048 20149 -59.0499
-610.207 -6105.66 294.069 20149 -58.2541
-611.454 -6104.89 294.089 20149 -56.9651
-612.684 -6104.09 294.109 20149 -55.9848
-613.898 -6103.27 294.129 20149 -55.7268
-615.102 -6102.45 294.149 20149 -56.7833
-616.316 -6101.65 294.169 20149 -57.4541
-617.537 -6100.87 294.189 20149 -57.1777
-618.755 -6100.09 294.209 20149 -57.1199
-619.973 -6099.3 294.232 30149 -57.0351
-621.19 -6098.51 294.261 30149 -57.0489
-622.408 -6097.72 294.29 30149 -57.036
-623.626 -6096.93 294.32 30149 -57.0334
-624.84 -6096.14 294.349 30149 -57.0396
-626.042 -6095.36 294.378 30149 -57.0169
-627.23 -6094.59 294.407 30149 -57.0094
-628.406 -6093.83 294.435 30149 -57.0201
-629.578 -6093.07 294.463 30149 -57.0206
-630.751 -6092.31 294.491 30149 -57.0077
-631.924 -6091.55 294.52 30149 -57.0084
-633.099 -6090.78 294.548 30149 -57.0227
-634.275 -6090.02 294.576 30149 -57.2672
-635.452 -6089.26 294.605 30149 -56.358
-636.61 -6088.49 294.633 30149 -55.8371
-637.745 -6087.72 294.661 30149 -55.691
-638.86 -6086.96 294.688 30149 -56.1381
-639.967 -6086.22 294.715 30149 -57.4404
-641.086 -6085.5 294.742 30149 -58.0414
-642.215 -6084.8 294.769 30149 -57.9487
-643.345 -6084.09 294.796 30149 -57.9487
-644.474 -6083.38 294.823 30149 -57.9487
-645.604 -6082.68 294.85 30149 -57.9487
-646.733 -6081.97 294.878 30149 -57.9487
-647.863 -6081.26 294.905 30149 -57.9344
-648.992 -6080.56 294.932 30149 -57.9487
-650.122 -6079.85 294.96 30149 -57.9487
-651.251 -6079.14 294.987 30149 -57.9487
-652.381 -6078.43 295.014 30149 -57.9487
-653.51 -6077.73 295.041 30149 -57.9487
-654.639 -6077.02 295.069 30149 -57.9486
-655.768 -6076.31 295.096 30149 -57.9488
-656.898 -6075.61 295.123 30149 -57.9348
-658.032 -6074.9 295.151 30149 -58.0062
-659.169 -6074.19 295.178 30149 -58.1203
-660.305 -6073.48 295.206 30149 -58.1063
-661.438 -6072.77 295.233 30149 -58.1207
-662.569 -6072.07 295.26 30149 -58.1063
-663.7 -6071.37 295.287 30149 -58.1143
-664.832 -6070.66 295.315 30149 -58.0103
-665.962 -6069.96 295.342 30149 -58.0103
-667.092 -6069.25 295.37 30149 -58.0103
-668.223 -6068.54 295.397 30149 -58.0103
-669.353 -6067.84 295.425 30149 -58.0246
-670.484 -6067.13 295.453 30149 -58.0103
-671.614 -6066.43 295.48 30149 -58.0246
-672.745 -6065.72 295.508 30149 -58.0103
-673.875 -6065.01 295.535 30149 -58.0247
-675.005 -6064.31 295.563 30149 -58.0105
-676.132 -6063.6 295.59 30149 -57.8097
-677.26 -6062.89 295.618 30149 -58.8036
-678.412 -6062.2 295.646 30149 -59.1472
-679.593 -6061.49 295.674 30149 -58.8587
-680.801 -6060.76 295.703 30149 -58.8255
-682.035 -6060.02 295.733 30149 -58.4106
-683.276 -6059.25 295.763 30149 -57.6634
-684.507 -6058.47 295.793 30149 -57.0209
-685.729 -6057.68 295.824 30149 -56.7284
-686.957 -6056.87 295.854 30149 -56.7959
-688.198 -6056.06 295.885 30149 -57.2041
-689.456 -6055.25 295.916 30149 -57.7014
-690.724 -6054.45 295.947 30149 -57.5105
-691.99 -6053.64 295.978 30149 -57.4977
-693.254 -6052.84 296.01 30149 -57.4977
-694.519 -6052.03 296.041 30149 -57.5105
-695.784 -6051.23 296.072 30149 -57.5105
-697.049 -6050.42 296.103 30149 -57.5105
-698.313 -6049.62 296.134 30149 -57.5106
-699.571 -6048.82 296.165 30149 -57.3563
-700.822 -6048.01 296.196 30149 -57.3055
-702.075 -6047.21 296.227 30149 -57.8251
-703.359 -6046.4 296.259 30149 -57.5832
-704.68 -6045.56 296.292 30149 -57.0444
-706.023 -6044.69 296.325 30149 -56.825
-707.402 -6043.79 296.359 30149 -57.3031
-708.805 -6042.89 296.394 30149 -57.2146
-710.21 -6041.99 296.429 30149 -56.5173
-711.6 -6041.07 296.463 30149 -56.5171
-712.989 -6040.15 296.498 30149 -56.5286
-714.378 -6039.23 296.533 30149 -56.5171
-715.767 -6038.31 296.568 30149 -56.5286
-717.156 -6037.39 296.603 30149 -56.5171
-718.545 -6036.47 296.637 30149 -56.5171
-719.934 -6035.55 296.672 30149 -56.5286
-721.323 -6034.64 296.707 30149 -56.5171
-722.712 -6033.72 296.742 30149 -56.5172
-724.101 -6032.8 296.777 30149 -56.5293
-725.495 -6031.88 296.812 30149 -56.2776
-726.885 -6030.95 296.846 30149 -56.7815
-728.266 -6030.04 296.881 30149 -57.4438
-729.63 -6029.17 296.915 30149 -58.2316
-730.977 -6028.34 296.948 30149 -58.3955
-732.303 -6027.52 296.98 30149 -56.527
-733.588 -6026.67 297.013 30149 -55.7446
-734.853 -6025.81 297.044 30149 -55.982
-736.121 -6024.96 297.076 30149 -56.0062
-737.391 -6024.1 297.108 30149 -55.9939
-738.661 -6023.24 297.14 30149 -55.9814
-739.93 -6022.39 297.172 30149 -56.0062
-741.201 -6021.53 297.205 30149 -55.9814
-742.47 -6020.67 297.237 30149 -55.9938
-743.74 -6019.82 297.269 30149 -55.9938
-745.01 -6018.96 297.301 30149 -55.9938
-746.28 -6018.1 297.333 30149 -55.9938
-747.55 -6017.25 297.365 30149 -55.9938
-748.82 -6016.39 297.397 30149 -55.9813
-750.09 -6015.53 297.429 30149 -56.0062
-751.36 -6014.67 297.461 30149 -55.9813
-752.63 -6013.82 297.493 30149 -55.9941
-753.899 -6012.96 297.525 30149 -55.4029
-755.159 -6012.09 297.557 30149 -54.5344
-756.408 -6011.2 297.588 30149 -54.2472
-757.66 -6010.3 297.621 30149 -53.8777
-758.916 -6009.38 297.653 30149 -53.6103
-760.175 -6008.46 297.685 30149 -53.5626
-761.435 -6007.53 297.718 30149 -53.6122
-762.698 -6006.6 297.751 30149 -53.6101
-763.957 -6005.67 297.783 30149 -53.6188
-765.206 -6004.75 297.816 30149 -53.4929
-766.447 -6003.83 297.848 30149 -53.137
-767.687 -6002.9 297.88 30149 -53.2574
-768.941 -6001.96 297.913 30149 -53.5454
-770.218 -6001.02 297.946 30149 -53.5752
-771.508 -6000.07 297.979 30149 -53.8751
-772.816 -5999.11 298.013 30149 -53.9701
-774.13 -5998.16 298.047 30149 -54.0289
-775.446 -5997.2 298.081 30149 -53.3241
-776.748 -5996.23 298.114 30149 -52.2323
-778.031 -5995.24 298.148 30149 -52.2441
-779.314 -5994.25 298.181 30149 -52.4795
-780.601 -5993.26 298.215 30149 -51.997
-781.88 -5992.26 298.248 30149 -50.9679
-783.147 -5991.23 298.282 30149 -50.6534
-784.418 -5990.19 298.316 30149 -51.0807
-785.707 -5989.15 298.35 30149 -51.9128
-787.016 -5988.12 298.385 30149 -52.5091
-788.339 -5987.11 298.419 30149 -52.2685
-789.657 -5986.09 298.454 30149 -52.2569
-790.969 -5985.07 298.488 30149 -52.2686
-792.291 -5984.05 298.522 30149 -52.2692
-793.634 -5983.01 298.558 30149 -53.1189
-795 -5981.98 298.593 30149 -53.1795
-796.36 -5980.97 298.628 30149 -52.7487
-797.692 -5979.95 298.662 30149 -51.0525
-798.983 -5978.91 298.696 30149 -51.0493
-800.279 -5977.86 298.73 30149 -51.0607
-801.576 -5976.81 298.764 30149 -51.049
-802.872 -5975.77 298.798 30149 -51.0606
-804.168 -5974.72 298.832 30149 -51.0375
-805.465 -5973.67 298.866 30149 -51.0605
-806.761 -5972.62 298.9 30149 -51.0603
-808.058 -5971.58 298.935 30149 -51.0452
-809.36 -5970.52 298.969 30149 -51.064
-810.651 -5969.48 299.003 30149 -51.0691
-811.919 -5968.46 299.036 30149 -50.4621
-813.167 -5967.43 299.069 30149 -49.8972
-814.412 -5966.38 299.102 30149 -49.8907
-815.681 -5965.31 299.136 30149 -49.8931
-816.961 -5964.23 299.17 30149 -49.9031
-818.234 -5963.16 299.204 30149 -47.5578
-819.459 -5962.04 299.237 30149 -47.4427
-820.686 -5960.91 299.271 30149 -47.9105
-821.937 -5959.78 299.304 30149 -47.4185
-823.205 -5958.62 299.339 30149 -47.0222
-824.49 -5957.42 299.374 30149 -47.4489
-825.796 -5956.22 299.41 30149 -47.439
-827.107 -5955.02 299.445 30149 -47.633
-828.435 -5953.8 299.481 30149 -47.2793
-829.779 -5952.56 299.518 30149 -47.4701
-831.141 -5951.31 299.555 30149 -47.8212
-832.512 -5950.07 299.592 30149 -47.8323
-833.873 -5948.84 299.629 30149 -47.8327
-835.229 -5947.61 299.666 30149 -47.8326
-836.588 -5946.38 299.703 30149 -47.9207
-837.949 -5945.15 299.739 40149 -46.0714
-839.268 -5943.88 299.776 40149 -46.0713
-840.589 -5942.61 299.812 40149 -46.0715
-841.907 -5941.34 299.848 40149 -46.0509
-843.221 -5940.07 299.885 40149 -46.0715
-844.54 -5938.8 299.921 40149 -46.7646
-845.9 -5937.52 299.958 40149 -45.8571
-847.276 -5936.19 299.996 40149 -45.3242
-848.671 -5934.81 300.035 40149 -45.1527
-850.103 -5933.38 300.075 40149 -43.5652
-851.517 -5931.9 300.116 40149 -42.3896
-852.875 -5930.41 300.156 40149 -43.6127
-854.23 -5928.99 300.195 40149 -44.3739
-855.571 -5927.62 300.234 40149 -43.488
-856.857 -5926.26 300.268 40149 -45.0589
-858.157 -5924.96 300.301 40149 -43.8847
-859.423 -5923.65 300.334 40149 -42.9407
-860.678 -5922.3 300.367 40149 -43.2864
-861.948 -5920.95 300.4 40149 -43.2855
-863.216 -5919.6 300.434 40149 -43.2848
-864.483 -5918.26 300.467 40149 -43.285
-865.75 -5916.91 300.5 40149 -43.2847
-867.017 -5915.57 300.534 40149 -43.233
-868.282 -5914.22 300.567 40149 -43.2875
-869.555 -5912.87 300.6 40149 -43.5326
-870.826 -5911.53 300.634 40149 -43.8639
-872.087 -5910.22 300.666 40149 -43.8008
-873.342 -5908.91 300.699 40149 -41.5261
-874.553 -5907.54 300.73 40149 -40.842
-875.769 -5906.14 300.76 40149 -40.838
-876.993 -5904.72 300.791 40149 -40.8347
-878.213 -5903.31 300.822 40149 -40.836
-879.435 -5901.9 300.852 40149 -40.8157
-880.656 -5900.48 300.883 40149 -40.8216
-881.872 -5899.08 300.913 40149 -40.8735
-883.074 -5897.69 300.944 40149 -41.2616
-884.267 -5896.33 300.973 40149 -41.3098
-885.446 -5894.99 301.003 40149 -41.3293
-886.62 -5893.65 301.032 40149 -41.2982
-887.796 -5892.31 301.061 40149 -41.3075
-888.968 -5890.98 301.09 40149 -41.2922
-890.127 -5889.66 301.119 40149 -40.3826
-891.259 -5888.33 301.147 40149 -38.592
-892.352 -5886.96 301.173 40149 -38.2281
-893.451 -5885.56 301.2 40149 -37.8554
-894.557 -5884.14 301.227 40149 -38.17
-895.686 -5882.7 301.254 40149 0
