-504.711 -6166.86 293.727 20148 -58.7316
-505.428 -6166.43 293.722 20148 -58.7654
-506.136 -6166 293.716 20148 -58.7674
-506.825 -6165.58 293.71 20148 -58.7529
-507.506 -6165.17 293.705 20148 -58.222
-508.191 -6164.74 293.699 20148 -58.2353
-508.895 -6164.31 293.694 20148 -58.2305
-509.608 -6163.86 293.688 20148 -58.2102
-510.316 -6163.43 293.682 20148 -58.233
-511.025 -6162.99 293.676 20148 -58.233
-511.733 -6162.55 293.671 20148 -58.233
-512.442 -6162.11 293.665 20148 -58.2101
-513.15 -6161.67 293.659 20148 -58.2559
-513.859 -6161.23 293.653 20148 -58.2101
-514.567 -6160.79 293.648 20148 -58.2328
-515.276 -6160.35 293.642 20148 -58.2331
-515.984 -6159.92 293.636 20148 -58.232
-516.693 -6159.48 293.631 20148 -58.2062
-517.401 -6159.04 293.628 20148 -58.2291
-518.11 -6158.6 293.625 20148 -58.2291
-518.818 -6158.16 293.621 20148 -58.2291
-519.526 -6157.72 293.618 20148 -58.2062
-520.235 -6157.28 293.615 20148 -58.2291
-520.943 -6156.84 293.612 20148 -58.2063
-521.651 -6156.4 293.608 20148 -58.252
-522.36 -6155.97 293.605 20148 -58.2062
-523.068 -6155.53 293.602 20148 -58.2288
-523.777 -6155.09 293.599 20148 -58.2069
-524.484 -6154.65 293.595 20148 -58.2316
-525.188 -6154.21 293.592 20148 -58.23
-525.895 -6153.78 293.589 20148 -59.1629
-526.626 -6153.34 293.586 20148 -58.6924
-527.393 -6152.87 293.582 20148 -57.7604
-528.185 -6152.37 293.579 20148 -57.415
-529.012 -6151.84 293.575 20148 -58.2244
-529.864 -6151.32 293.571 20148 -58.2234
-530.719 -6150.79 293.567 20148 -58.2245
-531.57 -6150.26 293.565 20148 -58.2253
-532.42 -6149.73 293.564 20148 -58.225
-533.27 -6149.21 293.563 20148 -58.225
-534.12 -6148.68 293.562 20148 -58.2252
-534.97 -6148.15 293.561 20148 -58.225
-535.82 -6147.63 293.56 20148 -58.225
-536.67 -6147.1 293.559 20148 -58.225
-537.52 -6146.57 293.559 20148 -58.225
-538.37 -6146.05 293.558 20148 -58.2248
-539.221 -6145.52 293.557 20148 -58.2257
-540.07 -6145 293.556 20148 -58.2266
-540.916 -6144.47 293.555 20148 -58.2062
-541.766 -6143.94 293.554 20148 -58.5218
-542.63 -6143.42 293.553 20148 -58.2482
-543.514 -6142.87 293.552 20148 -58.2374
-544.422 -6142.31 293.551 20148 -58.2102
-545.355 -6141.73 293.55 20148 -58.2034
-546.314 -6141.13 293.552 20148 -57.965
-547.291 -6140.52 293.554 20148 -58.2263
-548.281 -6139.91 293.557 20148 -58.2079
-549.277 -6139.29 293.559 20148 -58.4806
-550.283 -6138.67 293.562 20148 -58.6131
-551.308 -6138.05 293.564 20148 -58.3318
-552.354 -6137.4 293.567 20148 -58.4
-553.419 -6136.75 293.569 20148 -58.7454
-554.496 -6136.1 293.572 20148 -59.0667
-555.573 -6135.45 293.574 20148 -59.1907
-556.65 -6134.81 293.577 20148 -59.0369
-557.727 -6134.16 293.58 20148 -58.6605
-558.794 -6133.51 293.582 20148 -58.5184
-559.842 -6132.87 293.585 20148 -59.1132
-560.871 -6132.25 293.59 20148 -59.1908
-561.879 -6131.65 293.596 20148 -59.1208
-562.877 -6131.06 293.601 20148 -59.6074
-563.883 -6130.47 293.607 20148 -57.9378
-564.876 -6129.84 293.613 20148 -56.3021
-565.837 -6129.2 293.619 20148 -57.4957
-566.777 -6128.6 293.625 20148 -58.1208
-567.692 -6128.03 293.63 20148 -59.3328
-568.615 -6127.49 293.635 20148 -58.557
-569.544 -6126.92 293.641 20148 -56.6649
-570.455 -6126.32 293.646 20148 -57.6928
-571.353 -6125.75 293.652 20148 -58.4909
-572.222 -6125.22 293.657 20148 -57.7379
-573.061 -6124.69 293.662 20148 -57.738
-573.901 -6124.16 293.667 20148 -58.5114
-574.768 -6123.63 293.672 20148 -57.6846
-575.662 -6123.06 293.681 20148 -57.082
-576.582 -6122.47 293.689 20148 -57.7455
-577.52 -6121.88 293.698 20148 -57.7441
-578.449 -6121.29 293.707 20148 -57.7426
-579.367 -6120.71 293.716 20148 -58.0405
-580.295 -6120.13 293.724 20148 -57.7302
-581.245 -6119.53 293.733 20148 -57.4857
-582.217 -6118.91 293.742 20148 -57.7365
-583.207 -6118.29 293.752 20148 -57.7361
-584.195 -6117.66 293.761 20148 -57.7505
-585.169 -6117.05 293.77 20148 -57.516
-586.134 -6116.43 293.779 20148 -57.3849
-587.102 -6115.81 293.788 20148 -57.4236
-588.082 -6115.19 293.798 20148 -57.4099
-589.068 -6114.56 293.807 20148 -57.405
-590.051 -6113.93 293.819 20148 -57.4392
-591.034 -6113.3 293.832 20148 -57.4064
-592.017 -6112.67 293.845 20148 -57.4228
-593 -6112.05 293.857 20148 -57.439
-593.983 -6111.42 293.87 20148 -57.4064
-594.966 -6110.79 293.883 20148 -57.4228
-595.949 -6110.16 293.896 20148 -57.4228
-596.932 -6109.53 293.908 20148 -57.4229
-597.916 -6108.9 293.921 20148 -57.4224
-598.898 -6108.28 293.934 20148 -57.4214
-599.878 -6107.65 293.946 20148 -57.3403
-600.859 -6107.02 293.959 20148 -57.7677
-601.855 -6106.39 293.972 20148 -58.0567
-602.873 -6105.76 293.985 20148 -58.0895
-603.917 -6105.11 293.999 20148 -58.3729
-604.983 -6104.45 294.017 20148 -58.5801
-606.062 -6103.79 294.034 20148 -58.4597
-607.139 -6103.13 294.051 20148 -58.5819
-608.215 -6102.48 294.069 20148 -58.6377
-609.299 -6101.81 294.086 20148 -58.4338
-610.398 -6101.14 294.104 20148 -58.0899
-611.513 -6100.45 294.122 20148 -57.8293
-612.639 -6099.74 294.14 20148 -57.7725
-613.769 -6099.02 294.159 20148 -57.8297
-614.9 -6098.31 294.177 20148 -57.8295
-616.028 -6097.6 294.196 20148 -57.8295
-617.157 -6096.89 294.214 20148 -57.7595
-618.263 -6096.2 294.236 30148 -57.6996
-619.387 -6095.49 294.263 30148 -57.6996
-620.511 -6094.77 294.29 30148 -57.6852
-621.634 -6094.06 294.317 30148 -57.6996
-622.758 -6093.35 294.344 30148 -57.6996
-623.882 -6092.64 294.371 30148 -57.6996
-625.006 -6091.93 294.397 30148 -57.6996
-626.13 -6091.22 294.424 30148 -57.6996
-627.254 -6090.51 294.451 30148 -57.6996
-628.378 -6089.8 294.478 30148 -57.6852
-629.502 -6089.09 294.505 30148 -57.6996
-630.625 -6088.38 294.532 30148 -57.6996
-631.749 -6087.67 294.559 30148 -57.6996
-632.873 -6086.96 294.585 30148 -57.6996
-633.997 -6086.25 294.612 30148 -57.6996
-635.121 -6085.54 294.639 30148 -57.6996
-636.245 -6084.83 294.666 30148 -57.6852
-637.368 -6084.12 294.693 30148 -57.7139
-638.493 -6083.41 294.72 30148 -57.6995
-639.616 -6082.7 294.747 30148 -57.7855
-640.742 -6081.99 294.774 30148 -57.9488
-641.873 -6081.28 294.801 30148 -57.9341
-643 -6080.57 294.828 30148 -57.7147
-644.11 -6079.87 294.855 30148 -58.1679
-645.206 -6079.19 294.881 30148 -57.9448
-646.287 -6078.51 294.908 30148 -57.9597
-647.367 -6077.84 294.934 30148 -57.9444
-648.443 -6077.16 294.96 30148 -57.9435
-649.508 -6076.5 294.985 30148 -57.9583
-650.568 -6075.83 295.011 30148 -57.9435
-651.633 -6075.17 295.037 30148 -57.9445
-652.71 -6074.49 295.063 30148 -57.9451
-653.794 -6073.81 295.089 30148 -57.9447
-654.873 -6073.14 295.115 30148 -57.9447
-655.953 -6072.46 295.141 30148 -57.9451
-657.036 -6071.78 295.167 30148 -58.1236
-658.131 -6071.1 295.194 30148 -58.1081
-659.235 -6070.41 295.22 30148 -58.1227
-660.341 -6069.73 295.247 30148 -57.8566
-661.431 -6069.04 295.273 30148 -58.3667
-662.508 -6068.38 295.299 30148 -58.0674
-663.564 -6067.72 295.325 30148 -58.0158
-664.614 -6067.06 295.35 30148 -58.0152
-665.672 -6066.4 295.376 30148 -58.0144
-666.742 -6065.74 295.402 30148 -58.0288
-667.82 -6065.06 295.429 30148 -58.0136
-668.901 -6064.39 295.455 30148 -58.0136
-669.982 -6063.71 295.481 30148 -58.2639
-671.081 -6063.03 295.508 30148 -57.7648
-672.196 -6062.33 295.535 30148 -58.0249
-673.323 -6061.63 295.563 30148 -57.7787
-674.434 -6060.93 295.59 30148 -58.25
-675.53 -6060.25 295.617 30148 -58.5028
-676.627 -6059.58 295.643 30148 -58.5011
-677.756 -6058.88 295.671 30148 -57.5475
-678.909 -6058.15 295.699 30148 -57.519
-680.1 -6057.39 295.728 30148 -58.0188
-681.313 -6056.64 295.758 30148 -58.0455
-682.526 -6055.88 295.787 30148 -57.8712
-683.724 -6055.13 295.817 30148 -57.8151
-684.902 -6054.39 295.845 30148 -58.0304
-686.057 -6053.66 295.874 30148 -57.6548
-687.187 -6052.95 295.901 30148 -57.4978
-688.306 -6052.24 295.929 30148 -57.4978
-689.424 -6051.52 295.957 30148 -57.5121
-690.546 -6050.81 295.984 30148 -57.5121
-691.671 -6050.09 296.012 30148 -57.4113
-692.787 -6049.38 296.04 30148 -57.6435
-693.895 -6048.68 296.067 30148 -58.167
-695.01 -6047.98 296.095 30148 -58.2827
-696.148 -6047.28 296.122 30148 -57.4013
-697.316 -6046.53 296.151 30148 -56.5061
-698.504 -6045.75 296.181 30148 -56.4422
-699.726 -6044.94 296.212 30148 -56.6609
-700.965 -6044.12 296.243 30148 -56.6604
-702.203 -6043.31 296.273 30148 -56.6703
-703.438 -6042.5 296.304 30148 -56.6588
-704.674 -6041.68 296.335 30148 -56.646
-705.91 -6040.87 296.366 30148 -56.6559
-707.142 -6040.06 296.397 30148 -56.6712
-708.362 -6039.26 296.427 30148 -56.1082
-709.558 -6038.45 296.457 30148 -56.19
-710.743 -6037.66 296.487 30148 -56.2283
-711.925 -6036.87 296.517 30148 -56.2015
-713.106 -6036.08 296.547 30148 -56.2023
-714.288 -6035.29 296.576 30148 -56.2024
-715.472 -6034.5 296.606 30148 -56.2158
-716.655 -6033.7 296.636 30148 -56.1889
-717.838 -6032.91 296.666 30148 -56.2023
-719.021 -6032.12 296.696 30148 -56.2022
-720.203 -6031.33 296.725 30148 -56.2023
-721.386 -6030.54 296.755 30148 -56.2023
-722.569 -6029.74 296.785 30148 -56.2022
-723.752 -6028.95 296.815 30148 -56.2022
-724.934 -6028.16 296.845 30148 -56.2023
-726.117 -6027.37 296.874 30148 -56.2011
-727.297 -6026.58 296.904 30148 -56.1899
-728.482 -6025.79 296.934 30148 -56.208
-729.679 -6024.98 296.964 30148 -56.0837
-730.878 -6024.18 296.994 30148 -55.3702
-732.062 -6023.36 297.025 30148 -55.2738
-733.231 -6022.55 297.054 30148 -55.1363
-734.39 -6021.74 297.084 30148 -55.0146
-735.547 -6020.93 297.114 30148 -54.9869
-736.703 -6020.12 297.143 30148 -55.0276
-737.859 -6019.31 297.173 30148 -55.0143
-739.016 -6018.51 297.202 30148 -55.0139
-740.171 -6017.7 297.232 30148 -55.0273
-741.327 -6016.89 297.262 30148 -55.0689
-742.485 -6016.08 297.291 30148 -54.9346
-743.643 -6015.27 297.321 30148 -54.7732
-744.8 -6014.45 297.35 30148 -54.911
-745.963 -6013.63 297.38 30148 -55.2493
-747.141 -6012.82 297.41 30148 -55.6622
-748.329 -6012 297.441 30148 -55.2593
-749.494 -6011.2 297.47 30148 -55.9967
-750.64 -6010.42 297.499 30148 -56.1555
-751.775 -6009.66 297.528 30148 -55.2738
-752.912 -6008.87 297.557 30148 -53.7078
-754.057 -6008.03 297.587 30148 -54.2307
-755.224 -6007.19 297.617 30148 -54.2182
-756.382 -6006.36 297.646 30148 -54.2327
-757.53 -6005.53 297.676 30148 -54.4465
-758.688 -6004.7 297.706 30148 -54.216
-759.87 -6003.85 297.736 30148 -54.0083
-761.072 -6002.98 297.767 30148 -54.0203
-762.262 -6002.11 297.798 30148 -54.4304
-763.43 -6001.28 297.828 30148 -54.379
-764.589 -6000.45 297.858 30148 -54.3042
-765.794 -5999.58 297.889 30148 -53.4837
-767.017 -5998.68 297.921 30148 -53.4102
-768.286 -5997.74 297.954 30148 -53.8256
-769.581 -5996.79 297.987 30148 -53.7644
-770.869 -5995.84 298.021 30148 -53.3171
-772.123 -5994.91 298.053 30148 -54.1489
-773.355 -5994.02 298.085 30148 -53.7167
-774.544 -5993.15 298.116 30148 -52.2769
-775.701 -5992.25 298.146 30148 -52.2512
-776.867 -5991.35 298.177 30148 -52.2775
-778.047 -5990.44 298.208 30148 -52.2649
-779.234 -5989.52 298.239 30148 -52.2648
-780.418 -5988.6 298.27 30148 -52.2775
-781.6 -5987.69 298.301 30148 -52.2647
-782.782 -5986.77 298.332 30148 -52.2647
-783.965 -5985.86 298.363 30148 -52.2647
-785.147 -5984.94 298.394 30148 -52.2647
-786.33 -5984.03 298.425 30148 -52.2647
-787.511 -5983.11 298.456 30148 -52.2773
-788.683 -5982.21 298.487 30148 -52.265
-789.875 -5981.28 298.519 30148 -52.4628
-791.108 -5980.34 298.551 30148 -53.0551
-792.386 -5979.38 298.584 30148 -53.1779
-793.679 -5978.41 298.618 30148 -53.1585
-794.965 -5977.44 298.651 30148 -51.1426
-796.223 -5976.43 298.684 30148 -51.068
-797.492 -5975.41 298.718 30148 -51.0508
-798.753 -5974.39 298.751 30148 -51.0568
-800.005 -5973.37 298.784 30148 -51.24
-801.268 -5972.36 298.817 30148 -50.8754
-802.543 -5971.32 298.851 30148 -51.0631
-803.836 -5970.28 298.885 30148 -51.0482
-805.134 -5969.23 298.919 30148 -51.0529
-806.442 -5968.17 298.954 30148 -51.0662
-807.714 -5967.14 298.987 30148 -50.5997
-808.942 -5966.14 299.02 30148 -51.0261
-810.134 -5965.17 299.051 30148 -50.3569
-811.296 -5964.21 299.082 30148 -50.3749
-812.499 -5963.21 299.114 30148 -49.9297
-813.73 -5962.18 299.147 30148 -49.4101
-814.975 -5961.11 299.181 30148 -49.2007
-816.234 -5960.02 299.215 30148 -47.4318
-817.462 -5958.9 299.249 30148 -47.4655
-818.688 -5957.77 299.282 30148 -47.4423
-819.912 -5956.65 299.316 30148 0
