-482.392 -6185.06 294.026 20149 -55.7912
-482.943 -6184.68 294.018 20149 -55.7647
-483.494 -6184.31 294.009 20149 -55.8495
-484.046 -6183.93 294 20149 -55.7647
-484.597 -6183.56 293.992 20149 -55.8219
-485.148 -6183.18 293.983 20149 -55.7923
-485.7 -6182.81 293.975 20149 -55.8188
-486.25 -6182.43 293.966 20149 -55.7891
-486.801 -6182.06 293.957 20149 -55.7975
-487.353 -6181.68 293.949 20149 -55.7919
-487.912 -6181.3 293.94 20149 -55.7647
-488.478 -6180.92 293.931 20149 -55.7075
-489.05 -6180.53 293.922 20149 -55.7193
-489.628 -6180.13 293.914 20149 -55.1044
-490.2 -6179.74 293.908 20149 -56.3028
-490.766 -6179.36 293.901 20149 -59.1475
-491.333 -6179.02 293.894 20149 -60.2856
-491.897 -6178.7 293.888 20149 -59.1469
-492.464 -6178.36 293.881 20149 -56.2779
-493.031 -6177.98 293.874 20149 -54.9142
-493.602 -6177.58 293.868 20149 -55.7364
-494.178 -6177.19 293.861 20149 -56.5895
-494.749 -6176.81 293.854 20149 -57.8452
-495.315 -6176.45 293.847 20149 -58.7332
-495.885 -6176.11 293.841 20149 -60.0765
-496.479 -6175.77 293.834 20149 -58.6945
-497.095 -6175.39 293.827 20149 -57.7981
-497.736 -6174.99 293.819 20149 -58.7613
-498.398 -6174.59 293.811 20149 -58.7762
-499.068 -6174.18 293.804 20149 -59.1213
-499.751 -6173.77 293.796 20149 -58.4121
-500.446 -6173.34 293.788 20149 -58.7679
-501.159 -6172.91 293.779 20149 -58.7398
-501.875 -6172.48 293.771 20149 -58.7658
-502.589 -6172.04 293.763 20149 -58.7453
-503.301 -6171.61 293.755 20149 -58.7648
-504.013 -6171.18 293.747 20149 -58.76
-504.726 -6170.75 293.742 20149 -58.7597
-505.439 -6170.32 293.736 20149 -58.7389
-506.15 -6169.88 293.73 20149 -58.7662
-506.857 -6169.46 293.724 20149 -58.7579
-507.572 -6169.02 293.719 20149 -59.6661
-508.305 -6168.59 293.713 20149 -58.6988
-509.049 -6168.14 293.707 20149 -57.5496
-509.813 -6167.65 293.701 20149 -58.2583
-510.6 -6167.17 293.694 20149 -58.2143
-511.393 -6166.68 293.688 20149 -58.239
-512.177 -6166.19 293.681 20149 -58.2239
-512.949 -6165.71 293.675 20149 -58.2215
-513.726 -6165.23 293.669 20149 -58.584
-514.521 -6164.75 293.662 20149 -58.2051
-515.336 -6164.24 293.656 20149 -57.9244
-516.171 -6163.72 293.649 20149 -58.2098
-517.022 -6163.19 293.642 20149 -58.2273
-517.876 -6162.66 293.635 20149 -58.2265
-518.728 -6162.13 293.63 20149 -58.341
-519.577 -6161.61 293.626 20149 -58.1502
-520.422 -6161.08 293.622 20149 -57.5753
-521.264 -6160.55 293.618 20149 -57.2768
-522.115 -6160 293.614 20149 -57.1962
-522.982 -6159.44 293.61 20149 -57.426
-523.868 -6158.88 293.606 20149 -57.6999
-524.762 -6158.31 293.602 20149 -57.6278
-525.656 -6157.75 293.598 20149 -57.6092
-526.547 -6157.18 293.594 20149 -57.6272
-527.439 -6156.62 293.59 20149 -57.6272
-528.33 -6156.05 293.586 20149 -57.6091
-529.221 -6155.49 293.582 20149 -57.6272
-530.113 -6154.92 293.577 20149 -57.6272
-531.005 -6154.35 293.573 20149 -57.6091
-531.896 -6153.79 293.569 20149 -57.6272
-532.788 -6153.22 293.565 20149 -57.6089
-533.679 -6152.66 293.564 20149 -57.6269
-534.57 -6152.09 293.563 20149 -57.627
-535.462 -6151.53 293.562 20149 -57.6089
-536.354 -6150.96 293.562 20149 -57.627
-537.245 -6150.4 293.561 20149 -57.627
-538.137 -6149.83 293.56 20149 -57.6088
-539.028 -6149.27 293.559 20149 -57.627
-539.919 -6148.7 293.558 20149 -57.627
-540.811 -6148.14 293.557 20149 -57.6089
-541.703 -6147.57 293.556 20149 -57.627
-542.594 -6147.01 293.555 20149 -57.6089
-543.486 -6146.44 293.554 20149 -57.6271
-544.377 -6145.87 293.553 20149 -57.6084
-545.267 -6145.31 293.552 20149 -57.626
-546.155 -6144.75 293.551 20149 -57.4643
-547.045 -6144.18 293.55 20149 -58.5228
-547.961 -6143.62 293.552 20149 -58.9003
-548.91 -6143.05 293.554 20149 -59.0636
-549.894 -6142.46 293.557 20149 -59.4159
-550.913 -6141.85 293.559 20149 -60.3904
-551.959 -6141.26 293.562 20149 -60.2391
-553.007 -6140.66 293.564 20149 -60.2463
-554.052 -6140.06 293.567 20149 -60.1423
-555.092 -6139.47 293.569 20149 -60.3559
-556.132 -6138.87 293.572 20149 -60.7841
-557.172 -6138.29 293.574 20149 -60.9689
-558.211 -6137.72 293.577 20149 -60.7681
-559.251 -6137.13 293.579 20149 -60.3559
-560.291 -6136.54 293.582 20149 -60.1563
-561.333 -6135.94 293.584 20149 -60.2369
-562.376 -6135.35 293.588 20149 -60.2593
-563.419 -6134.75 293.594 20149 -60.26
-564.461 -6134.16 293.6 20149 -60.2586
-565.504 -6133.56 293.606 20149 -60.2461
-566.545 -6132.97 293.612 20149 -60.2666
-567.584 -6132.37 293.618 20149 -61.1963
-568.637 -6131.79 293.624 20149 -58.5809
-569.673 -6131.16 293.63 20149 -56.425
-570.695 -6130.48 293.636 20149 -55.2078
-571.702 -6129.78 293.642 20149 -56.2828
-572.701 -6129.12 293.649 20149 -58.6688
-573.705 -6128.5 293.654 20149 -58.8927
-574.699 -6127.9 293.66 20149 -57.3607
-575.673 -6127.28 293.666 20149 -57.7254
-576.658 -6126.66 293.672 20149 -58.3983
-577.669 -6126.04 293.682 20149 -57.7114
-578.702 -6125.38 293.691 20149 -57.1692
-579.758 -6124.7 293.701 20149 -57.7335
-580.836 -6124.02 293.711 20149 -57.7492
-581.921 -6123.34 293.722 20149 -57.9864
-583.02 -6122.65 293.732 20149 -57.5066
-584.132 -6121.94 293.742 20149 -57.7398
-585.258 -6121.23 293.753 20149 -57.7538
-586.381 -6120.52 293.764 20149 -57.6954
-587.497 -6119.82 293.774 20149 -57.4066
-588.612 -6119.1 293.785 20149 -57.4099
-589.733 -6118.39 293.795 20149 -57.4112
-590.858 -6117.67 293.806 20149 -57.4078
-591.981 -6116.95 293.82 20149 -57.4248
-593.105 -6116.23 293.834 20149 -57.4247
-594.228 -6115.51 293.849 20149 -57.4248
-595.352 -6114.8 293.863 20149 -57.4105
-596.475 -6114.08 293.878 20149 -57.4248
-597.599 -6113.36 293.892 20149 -57.4248
-598.722 -6112.64 293.907 20149 -57.4248
-599.846 -6111.93 293.921 20149 -57.4246
-600.969 -6111.21 293.936 20149 -57.4104
-602.092 -6110.49 293.95 20149 -57.068
-603.213 -6109.76 293.965 20149 -57.9404
-604.346 -6109.05 293.979 20149 -59.2782
-605.5 -6108.37 293.994 20149 -60.351
-606.672 -6107.7 294.012 20149 -61.0026
-607.858 -6107.04 294.031 20149 -60.3556
-609.035 -6106.37 294.05 20149 -59.4379
-610.202 -6105.69 294.068 20149 -58.7779
-611.376 -6104.97 294.087 20149 -58.2805
-612.578 -6104.23 294.107 20149 -57.1162
-613.802 -6103.44 294.127 20149 -57.5663
-615.048 -6102.65 294.147 20149 -57.6154
-616.284 -6101.86 294.167 20149 -58.1817
-617.504 -6101.11 294.187 20149 -59.3078
-618.719 -6100.39 294.207 20149 -59.353
-619.932 -6099.67 294.227 30149 -58.2583
-621.135 -6098.92 294.256 30149 -56.7121
-622.325 -6098.14 294.284 30149 -56.0607
-623.51 -6097.34 294.313 30149 -56.4235
-624.702 -6096.55 294.342 30149 -56.4362
-625.893 -6095.76 294.371 30149 -56.4218
-627.083 -6094.97 294.4 30149 -56.4217
-628.273 -6094.18 294.429 30149 -56.422
-629.463 -6093.39 294.458 30149 -56.4349
-630.653 -6092.6 294.487 30149 -56.4218
-631.843 -6091.81 294.515 30149 -56.4218
-633.033 -6091.02 294.544 30149 -56.4214
-634.222 -6090.23 294.573 30149 -56.435
-635.412 -6089.44 294.602 30149 -56.4079
-636.601 -6088.65 294.631 30149 -56.4349
-637.791 -6087.86 294.66 30149 -56.408
-638.981 -6087.07 294.689 30149 -56.4344
-640.17 -6086.28 294.718 30149 -56.4197
-641.358 -6085.5 294.746 30149 -56.4746
-642.547 -6084.71 294.775 30149 -56.6848
-643.741 -6083.92 294.805 30149 -56.867
-644.947 -6083.14 294.834 30149 -57.1146
-646.167 -6082.35 294.864 30149 -57.2778
-647.398 -6081.56 294.894 30149 -57.3319
-648.634 -6080.76 294.924 30149 -57.2925
-649.868 -6079.97 294.954 30149 -57.3048
-651.101 -6079.18 294.984 30149 -57.2917
-652.334 -6078.39 295.014 30149 -57.2929
-653.569 -6077.6 295.044 30149 -57.2674
-654.804 -6076.8 295.074 30149 -57.276
-656.033 -6076.01 295.104 30149 -57.506
-657.252 -6075.24 295.134 30149 -57.74
-658.457 -6074.47 295.163 30149 -58.0618
-659.654 -6073.73 295.192 30149 -58.1573
-660.845 -6072.99 295.22 30149 -58.1166
-662.032 -6072.25 295.249 30149 -58.103
-663.219 -6071.51 295.278 30149 -58.1165
-664.408 -6070.77 295.306 30149 -58.043
-665.597 -6070.03 295.335 30149 -58.2936
-666.787 -6069.3 295.364 30149 -57.2787
-667.956 -6068.54 295.393 30149 -56.6294
-669.101 -6067.79 295.421 30149 -56.3384
-670.224 -6067.04 295.449 30149 -56.4482
-671.335 -6066.31 295.477 30149 -57.7084
-672.456 -6065.6 295.504 30149 -58.3262
-673.589 -6064.9 295.532 30149 -58.0247
-674.719 -6064.19 295.559 30149 -58.0104
-675.847 -6063.49 295.587 30149 -57.7524
-676.975 -6062.78 295.614 30149 -58.6784
-678.122 -6062.08 295.642 30149 -59.426
-679.294 -6061.39 295.67 30149 -59.579
-680.489 -6060.68 295.699 30149 -59.9471
-681.707 -6059.98 295.728 30149 -59.2313
-682.926 -6059.25 295.757 30149 -59.0009
-684.143 -6058.52 295.787 30149 -58.7751
-685.354 -6057.79 295.816 30149 -57.6806
-686.542 -6057.04 295.845 30149 -57.2715
-687.709 -6056.29 295.874 30149 -57.0066
-688.851 -6055.55 295.902 30149 -57.2981
-689.977 -6054.82 295.93 30149 -57.6558
-691.1 -6054.11 295.957 30149 -57.4977
-692.221 -6053.4 295.985 30149 -57.5121
-693.345 -6052.68 296.013 30149 -57.5121
-694.47 -6051.97 296.041 30149 -57.4977
-695.593 -6051.25 296.068 30149 -57.5121
-696.719 -6050.53 296.096 30149 -57.4977
-697.842 -6049.82 296.124 30149 -57.5122
-698.96 -6049.11 296.151 30149 -57.4689
-700.076 -6048.39 296.179 30149 -57.3105
-701.192 -6047.68 296.207 30149 -57.3112
-702.312 -6046.96 296.234 30149 -57.2973
-703.434 -6046.24 296.262 30149 -57.2971
-704.555 -6045.52 296.29 30149 -57.3257
-705.677 -6044.8 296.318 30149 -57.2971
-706.798 -6044.08 296.345 30149 -57.3114
-707.919 -6043.36 296.373 30149 -57.3114
-709.04 -6042.64 296.401 30149 -57.1889
-710.16 -6041.92 296.429 30149 -56.5115
-711.271 -6041.18 296.456 30149 -56.5255
-712.381 -6040.45 296.484 30149 -56.5251
-713.489 -6039.72 296.512 30149 -56.5113
-714.6 -6038.98 296.54 30149 -56.7546
-715.726 -6038.24 296.568 30149 -56.545
-716.87 -6037.49 296.597 30149 -56.5349
-718.038 -6036.72 296.626 30149 -56.4984
-719.231 -6035.93 296.656 30149 -56.5158
-720.448 -6035.12 296.686 30149 -56.3133
-721.684 -6034.3 296.717 30149 -56.5083
-722.934 -6033.47 296.749 30149 -56.5215
-724.188 -6032.64 296.78 30149 -56.5339
-725.44 -6031.81 296.811 30149 -56.5209
-726.689 -6030.99 296.843 30149 -56.5209
-727.939 -6030.16 296.874 30149 -56.5207
-729.187 -6029.33 296.905 30149 -56.5212
-730.439 -6028.51 296.937 30149 -56.5222
-731.698 -6027.67 296.968 30149 -56.1903
-732.955 -6026.83 297 30149 -55.6963
-734.202 -6025.98 297.031 30149 -55.6969
-735.442 -6025.14 297.063 30149 -55.6972
-736.679 -6024.29 297.094 30149 -55.6971
-737.918 -6023.45 297.125 30149 -55.6843
-739.156 -6022.6 297.157 30149 -55.6971
-740.394 -6021.76 297.188 30149 -55.697
-741.633 -6020.91 297.219 30149 -55.6972
-742.871 -6020.07 297.251 30149 -55.6975
-744.105 -6019.23 297.282 30149 -55.6845
-745.341 -6018.38 297.313 30149 -56.2242
-746.603 -6017.54 297.345 30149 -55.9606
-747.9 -6016.66 297.378 30149 -55.4279
-749.223 -6015.75 297.411 30149 -55.223
-750.576 -6014.81 297.446 30149 -55.513
-751.935 -6013.88 297.48 30149 -55.8874
-753.284 -6012.96 297.514 30149 -55.4548
-754.611 -6012.05 297.548 30149 -54.4289
-755.93 -6011.11 297.581 30149 -54.03
-757.264 -6010.14 297.616 30149 -54.2257
-758.616 -6009.16 297.651 30149 -54.2254
-759.971 -6008.19 297.685 30149 -54.2371
-761.324 -6007.21 297.72 30149 -54.2141
-762.677 -6006.24 297.755 30149 -54.2259
-764.027 -6005.26 297.789 30149 -54.0995
-765.364 -6004.3 297.824 30149 -54.169
-766.7 -6003.33 297.858 30149 -54.4685
-768.048 -6002.37 297.893 30149 -54.351
-769.407 -6001.39 297.927 30149 -53.7586
-770.762 -6000.4 297.962 30149 -53.1433
-772.104 -5999.4 297.997 30149 -52.4934
-773.434 -5998.37 298.032 30149 -52.1147
-774.755 -5997.35 298.067 30149 -52.1398
-776.074 -5996.32 298.102 30149 -51.097
-777.372 -5995.27 298.136 30149 -52.1081
-778.687 -5994.25 298.171 30149 -52.4979
-780.008 -5993.24 298.205 30149 -52.2685
-781.325 -5992.22 298.24 30149 -52.2685
-782.642 -5991.2 298.274 30149 -52.2571
-783.959 -5990.18 298.309 30149 -52.2685
-785.276 -5989.16 298.343 30149 -52.2685
-786.593 -5988.14 298.378 30149 -52.2685
-787.91 -5987.12 298.412 30149 -52.2685
-789.227 -5986.1 298.446 30149 -52.2684
-790.539 -5985.09 298.481 30149 -52.2687
-791.861 -5984.06 298.515 30149 -52.2692
-793.204 -5983.03 298.55 30149 -52.9285
-794.568 -5982 298.586 30149 -53.1791
-795.929 -5980.98 298.621 30149 -53.138
-797.268 -5979.97 298.655 30149 0
