6.94953e-310 6.94953e-310 0 0 0
-419.706 -6220.1 0 0 0
-420.6 -6219.44 0 0 0
-421.505 -6218.8 0 0 0
-422.425 -6218.19 0 0 0
-423.361 -6217.6 0 0 0
-424.285 -6216.99 0 0 0
-425.211 -6216.41 0 0 0
-426.146 -6215.87 0 0 0
-427.082 -6215.35 0 0 0
-428.017 -6214.82 0 0 0
-428.943 -6214.23 0 0 0
-429.867 -6213.62 0 0 0
-430.799 -6213.02 0 0 0
-431.729 -6212.42 0 0 0
-432.658 -6211.83 0 0 0
-433.587 -6211.23 0 0 0
-434.517 -6210.63 0 0 0
-435.446 -6210.03 0 0 0
-436.374 -6209.43 0 0 0
-437.303 -6208.83 0 0 0
-438.251 -6208.23 0 0 0
-439.161 -6207.66 0 0 0
-440.044 -6207.12 0 0 0
-440.885 -6206.6 0 0 0
-441.751 -6206.03 0 0 0
-442.648 -6205.45 0 0 0
-443.588 -6204.83 0 0 0
-444.514 -6204.23 0 0 0
-445.44 -6203.63 0 0 0
-446.366 -6203.02 0 0 0
-447.292 -6202.42 0 0 0
-448.218 -6201.82 0 0 0
-449.143 -6201.22 0 0 0
-450.069 -6200.61 0 0 0
-450.995 -6200.01 0 0 0
-451.922 -6199.41 0 0 0
-452.846 -6198.8 0 0 0
-453.769 -6198.2 0 0 0
-454.693 -6197.6 0 0 0
-455.639 -6197 0 0 0
-456.611 -6196.39 0 0 0
-457.612 -6195.78 0 0 0
-458.639 -6195.16 0 0 0
-459.688 -6194.54 0 0 0
-460.739 -6193.92 0 0 0
-461.787 -6193.3 0 0 0
-462.834 -6192.69 0 0 0
-463.881 -6192.07 0 0 0
-464.928 -6191.45 0 0 0
-465.975 -6190.83 0 0 0
-467.022 -6190.22 0 0 0
-468.07 -6189.6 0 0 0
-469.117 -6188.98 0 0 0
-470.164 -6188.37 0 0 0
-471.211 -6187.75 0 0 0
-472.267 -6187.13 0 0 0
-473.36 -6186.48 0 0 0
-474.536 -6185.78 0 0 0
-475.694 -6185.08 0 0 0
-476.855 -6184.36 0 0 0
-478.028 -6183.62 0 0 0
-479.189 -6182.9 0 0 0
-480.314 -6182.2 0 0 0
-481.418 -6181.48 0 0 0
-482.543 -6180.71 0 0 0
-483.697 -6179.91 0 0 0
-484.872 -6179.12 0 0 0
-486.03 -6178.32 0 0 0
-487.17 -6177.55 0 0 0
-488.293 -6176.79 0 0 0
-489.429 -6176.02 0 0 0
-490.589 -6175.24 0 0 0
-491.788 -6174.43 0 0 0
-493.024 -6173.61 0 0 0
-494.289 -6172.76 0 0 0
-495.58 -6171.91 0 0 0
-496.895 -6171.11 0 0 0
-498.208 -6170.32 0 0 0
-499.515 -6169.52 0 0 0
-500.811 -6168.7 0 0 0
-502.1 -6167.89 0 0 0
-503.388 -6167.11 0 0 0
-504.67 -6166.34 0 0 0
-505.951 -6165.56 0 0 0
-507.233 -6164.78 0 0 0
-508.515 -6164 0 0 0
-509.798 -6163.23 0 0 0
-511.086 -6162.44 0 0 0
-512.363 -6161.67 0 0 0
-513.611 -6160.91 0 0 0
-514.848 -6160.16 0 0 0
-516.089 -6159.39 0 0 0
-517.357 -6158.61 0 0 0
-518.639 -6157.81 0 0 0
-519.914 -6157.02 0 0 0
-521.19 -6156.23 0 0 0
-522.465 -6155.44 0 0 0
-523.74 -6154.65 0 0 0
-525.015 -6153.86 0 0 0
-526.29 -6153.07 0 0 0
-527.565 -6152.28 0 0 0
-528.841 -6151.49 0 0 0
-530.116 -6150.7 0 0 0
-531.391 -6149.91 0 0 0
-532.666 -6149.12 0 0 0
-533.941 -6148.33 0 0 0
-535.216 -6147.54 0 0 0
-536.492 -6146.75 0 0 0
-537.767 -6145.96 0 0 0
-539.041 -6145.17 0 0 0
-540.312 -6144.39 0 0 0
-541.587 -6143.6 0 0 0
-542.88 -6142.8 0 0 0
-544.185 -6141.99 0 0 0
-545.507 -6141.17 0 0 0
-546.83 -6140.35 0 0 0
-548.155 -6139.53 0 0 0
-549.489 -6138.7 0 0 0
-550.834 -6137.87 0 0 0
-552.182 -6137.03 0 0 0
-553.525 -6136.2 0 0 0
-554.87 -6135.37 0 0 0
-556.235 -6134.53 0 0 0
-557.622 -6133.67 0 0 0
-559.031 -6132.8 0 0 0
-560.456 -6131.92 0 0 0
-561.893 -6131.04 0 0 0
-563.336 -6130.18 0 0 0
-564.781 -6129.32 0 0 0
-566.227 -6128.46 0 0 0
-567.669 -6127.59 0 0 0
-569.111 -6126.72 0 0 0
-570.531 -6125.84 0 0 0
-571.934 -6124.97 0 0 0
-573.326 -6124.09 0 0 0
-574.711 -6123.24 0 0 0
-576.088 -6122.4 0 0 0
-577.442 -6121.55 0 0 0
-578.77 -6120.71 0 0 0
-580.072 -6119.89 0 0 0
-581.352 -6119.09 0 0 0
-582.618 -6118.29 0 0 0
-583.898 -6117.49 0 0 0
-585.201 -6116.67 0 0 0
-586.524 -6115.83 0 0 0
-587.86 -6114.98 0 0 0
-589.206 -6114.13 0 0 0
-590.558 -6113.29 0 0 0
-591.911 -6112.43 0 0 0
-593.275 -6111.56 0 0 0
-594.659 -6110.68 0 0 0
-596.064 -6109.78 0 0 0
-597.473 -6108.88 0 0 0
-598.877 -6107.98 0 0 0
-600.282 -6107.08 0 0 0
-601.686 -6106.19 0 0 0
-603.09 -6105.29 0 0 0
-604.495 -6104.39 0 0 0
-605.902 -6103.49 0 0 0
-607.307 -6102.59 0 0 0
-608.709 -6101.7 0 0 0
-610.104 -6100.82 0 0 0
-611.486 -6099.97 0 0 0
-612.854 -6099.14 0 0 0
-589.785 -6111.93 293.828 20148 -61.71
-590.964 -6111.29 293.843 20148 -61.6995
-592.141 -6110.66 293.858 20148 -61.7147
-593.318 -6110.03 293.872 20148 -61.7166
-594.495 -6109.39 293.887 20148 -61.7899
-595.672 -6108.76 293.901 20148 -61.6957
-596.851 -6108.13 293.916 20148 -61.3493
-598.031 -6107.48 293.93 20148 -60.8446
-599.215 -6106.82 293.945 20148 -60.464
-600.4 -6106.15 293.96 20148 -60.417
-601.587 -6105.48 293.975 20148 -60.4876
-602.774 -6104.81 293.989 20148 -60.5151
-603.962 -6104.13 294.007 20148 -60.4655
-605.148 -6103.46 294.026 20148 -60.3389
-606.333 -6102.79 294.044 20148 -60.2713
-607.516 -6102.11 294.063 20148 -60.3437
-608.699 -6101.44 294.082 20148 -60.6213
-609.886 -6100.77 294.101 20148 -60.5745
-611.082 -6100.1 294.12 20148 -59.6961
-612.286 -6099.39 294.139 20148 -58.6137
-613.5 -6098.65 294.158 20148 -57.8229
-614.723 -6097.88 294.178 20148 -57.6791
-615.952 -6097.1 294.198 20148 -57.8234
-617.181 -6096.33 294.218 20148 -57.719
-618.382 -6095.57 294.245 30148 -57.7065
-619.604 -6094.8 294.274 30148 -57.6932
-620.825 -6094.03 294.303 30148 -57.7858
-622.046 -6093.26 294.333 30148 -57.614
-623.267 -6092.48 294.362 30148 -57.2477
-624.491 -6091.7 294.391 30148 -57.1375
-625.729 -6090.9 294.421 30148 -57.2736
-626.983 -6090.09 294.451 30148 -57.6071
-628.247 -6089.29 294.481 30148 -57.5797
-629.499 -6088.49 294.511 30148 -57.6939
-630.728 -6087.72 294.541 30148 -57.9197
-631.937 -6086.96 294.569 30148 -57.7046
-633.13 -6086.2 294.598 30148 -57.6908
-634.32 -6085.45 294.626 30148 -57.7044
-635.511 -6084.7 294.655 30148 -57.6773
-636.702 -6083.95 294.683 30148 -57.7048
-637.898 -6083.19 294.712 30148 -57.7054
-639.103 -6082.43 294.741 30148 -57.7399
-640.318 -6081.66 294.77 30148 -57.9418
-641.538 -6080.9 294.799 30148 -57.9551
-642.759 -6080.13 294.829 30148 -58.1527
-643.996 -6079.36 294.859 30148 -57.7376
-645.246 -6078.58 294.889 30148 -57.9453
-646.514 -6077.78 294.919 30148 -57.9455
-647.785 -6076.99 294.95 30148 -57.9454
-649.053 -6076.19 294.981 30148 -57.9452
-650.32 -6075.4 295.011 30148 -57.958
-651.588 -6074.6 295.042 30148 -57.9453
-652.855 -6073.81 295.073 30148 -57.9452
-654.121 -6073.02 295.103 30148 -57.9454
-655.389 -6072.22 295.134 30148 -57.9458
-656.664 -6071.43 295.165 30148 -58.1107
-657.943 -6070.63 295.195 30148 -58.0981
-659.221 -6069.83 295.226 30148 -58.1237
-660.496 -6069.04 295.257 30148 -58.1114
-661.765 -6068.25 295.288 30148 -57.877
-663.016 -6067.47 295.318 30148 -58.2399
-664.256 -6066.7 295.348 30148 -58.0048
-665.482 -6065.93 295.378 30148 -58.0317
-666.701 -6065.17 295.408 30148 -57.4944
-667.897 -6064.41 295.437 30148 -57.9801
-669.072 -6063.68 295.466 30148 -58.604
-670.223 -6062.97 295.494 30148 -58.0106
-671.35 -6062.27 295.521 30148 -58.0252
-672.473 -6061.57 295.549 30148 -57.9963
-673.598 -6060.87 295.576 30148 -58.0252
-674.721 -6060.16 295.603 30148 -58.025
-675.846 -6059.46 295.631 30148 -58.646
-676.999 -6058.76 295.659 30148 -58.3071
-678.19 -6058.02 295.688 30148 -57.6992
-679.404 -6057.26 295.717 30148 -57.4371
-680.655 -6056.46 295.748 30148 -58.0144
-681.938 -6055.66 295.779 30148 -58.027
-683.222 -6054.85 295.811 30148 -57.3856
-684.473 -6054.05 295.842 30148 -57.5944
-685.685 -6053.28 295.871 30148 -57.8397
-686.867 -6052.54 295.9 30148 -57.8501
-688.015 -6051.82 295.929 30148 -57.5707
-689.12 -6051.12 295.956 30148 -57.7509
-690.205 -6050.43 295.983 30148 -57.4978
-691.282 -6049.75 296.009 30148 -57.5126
-692.367 -6049.06 296.036 30148 -57.5125
-693.46 -6048.36 296.063 30148 -57.4978
-694.547 -6047.67 296.09 30148 -57.5127
-695.626 -6046.98 296.117 30148 -57.4978
-696.703 -6046.29 296.143 30148 -57.4978
-697.786 -6045.6 296.17 30148 -57.0495
-698.859 -6044.91 296.197 30148 -57.5583
-699.925 -6044.23 296.223 30148 -57.3138
-700.973 -6043.56 296.249 30148 -57.3124
-702.014 -6042.89 296.275 30148 -57.3135
-703.061 -6042.22 296.301 30148 -57.5431
-704.128 -6041.54 296.327 30148 -57.068
-705.209 -6040.84 296.354 30148 -57.3065
-706.302 -6040.14 296.381 30148 -57.3049
-707.385 -6039.44 296.408 30148 -56.9842
-708.455 -6038.75 296.435 30148 -56.7864
-709.531 -6038.04 296.461 30148 -56.275
-710.621 -6037.32 296.489 30148 -56.5254
-711.73 -6036.58 296.517 30148 -56.526
-712.842 -6035.85 296.545 30148 -56.5111
-713.952 -6035.11 296.573 30148 -56.5252
-715.06 -6034.38 296.6 30148 -56.5253
-716.168 -6033.65 296.628 30148 -56.5253
-717.276 -6032.92 296.656 30148 -56.5253
-718.385 -6032.18 296.684 30148 -56.5109
-719.493 -6031.45 296.712 30148 -56.511
-720.602 -6030.72 296.739 30148 -56.5251
-721.709 -6029.98 296.767 30148 -56.5245
-722.812 -6029.25 296.795 30148 -56.525
-723.919 -6028.52 296.823 30148 -57.109
-725.05 -6027.79 296.851 30148 -56.8352
-726.22 -6027.03 296.88 30148 -56.206
-727.411 -6026.23 296.91 30148 -55.996
-728.649 -6025.39 296.942 30148 -56.0487
-729.891 -6024.56 296.973 30148 -56.1124
-731.101 -6023.74 297.003 30148 -56.2196
-732.272 -6022.96 297.033 30148 -55.8835
-733.427 -6022.18 297.062 30148 -55.5151
-734.595 -6021.38 297.092 30148 -55.6891
-735.78 -6020.57 297.122 30148 -55.7015
-736.973 -6019.75 297.152 30148 -55.91
-738.181 -6018.94 297.183 30148 -55.4922
-739.4 -6018.1 297.214 30148 -55.6844
-740.639 -6017.25 297.245 30148 -55.6971
-741.879 -6016.41 297.277 30148 -55.4921
-743.097 -6015.57 297.308 30148 -55.8983
-744.299 -6014.76 297.338 30148 -55.7019
-745.488 -6013.94 297.368 30148 -55.9112
-746.692 -6013.13 297.399 30148 -55.4791
-747.909 -6012.29 297.43 30148 0
