-418.677 -6221.34 294.961 10148 -58.6905
-419.184 -6221.03 294.953 10148 -57.529
-419.681 -6220.72 294.946 10148 -59.8706
-420.18 -6220.43 294.938 10148 -64.9353
-420.694 -6220.19 294.931 10148 -66.9804
-421.212 -6219.97 294.924 10148 -64.9354
-421.727 -6219.73 294.917 10148 -59.8687
-422.226 -6219.44 294.909 10148 -57.5277
-422.722 -6219.12 294.902 10148 -58.6942
-423.226 -6218.82 294.894 10148 -58.7316
-423.728 -6218.51 294.886 10148 -58.7082
-424.223 -6218.21 294.879 10148 -58.5141
-424.715 -6217.91 294.871 10148 -59.1487
-425.221 -6217.61 294.864 10148 -58.2573
-425.748 -6217.28 294.856 10148 -57.0609
-426.29 -6216.93 294.847 10148 -57.7411
-426.838 -6216.58 294.839 10148 -58.4044
-427.373 -6216.25 294.831 10148 -58.1045
-427.895 -6215.93 294.823 10148 -58.621
-428.428 -6215.6 294.815 10148 -57.5362
-428.977 -6215.26 294.807 10148 -58.0906
-429.54 -6214.9 294.798 10148 -56.9768
-430.085 -6214.55 294.79 10148 -57.98
-430.606 -6214.22 294.782 10148 -59.3937
-431.107 -6213.93 294.774 10148 -58.0891
-431.586 -6213.63 294.767 10148 -58.0598
-432.063 -6213.33 294.76 10148 -58.1264
-432.543 -6213.03 294.752 10148 -58.0585
-433.025 -6212.73 294.745 10148 -58.0923
-433.506 -6212.43 294.738 10148 -58.056
-433.996 -6212.13 294.73 10148 -58.0955
-434.468 -6211.83 294.723 10148 -58.1112
-434.901 -6211.57 294.717 10148 -58.1112
-435.314 -6211.3 294.711 10148 -56.313
-435.738 -6211.01 294.704 10148 -56.4811
-436.202 -6210.71 294.697 10148 -56.5018
-436.683 -6210.39 294.689 10148 -56.4748
-437.156 -6210.07 294.682 10148 -56.5077
-437.628 -6209.76 294.675 10148 -56.4396
-438.1 -6209.45 294.668 10148 -56.4777
-438.574 -6209.14 294.66 10148 -56.5183
-439.05 -6208.82 294.653 10148 -56.4411
-439.522 -6208.51 294.646 10148 -55.9896
-439.98 -6208.2 294.639 10148 -57.0279
-440.428 -6207.91 294.632 10148 -56.4547
-440.861 -6207.62 294.625 10148 -56.4883
-441.294 -6207.33 294.619 10148 -56.4804
-441.724 -6207.05 294.612 10148 -56.4603
-442.148 -6206.77 294.606 10148 -56.553
-442.567 -6206.49 294.599 10148 -56.553
-442.978 -6206.22 294.593 10148 -56.553
-443.378 -6205.95 294.587 10148 -56.553
-443.762 -6205.69 294.581 10148 -56.553
-444.129 -6205.46 294.575 10148 -56.553
-444.482 -6205.22 294.57 10148 -56.553
-444.833 -6204.99 294.564 10148 -56.553
-445.187 -6204.76 294.559 10148 -56.553
-445.542 -6204.52 294.554 10148 -56.553
-445.896 -6204.29 294.548 10148 -56.553
-446.25 -6204.05 294.543 10148 -56.553
-446.605 -6203.82 294.537 10148 -56.553
-446.959 -6203.58 294.532 10148 -56.553
-447.313 -6203.35 294.527 10148 -56.553
-447.668 -6203.11 294.521 10148 -56.553
-448.023 -6202.88 294.516 10148 -56.553
-448.377 -6202.65 294.511 10148 -56.553
-448.727 -6202.41 294.505 10148 -56.553
-449.074 -6202.17 294.5 10148 -56.553
-449.431 -6201.92 294.494 10148 -56.553
-449.803 -6201.66 294.489 10148 -56.553
-450.191 -6201.39 294.483 10148 -56.553
-450.589 -6201.13 294.477 10148 -56.553
-450.987 -6200.87 294.471 10148 -56.553
-451.383 -6200.61 294.465 10148 -56.553
-451.779 -6200.35 294.459 10148 -56.553
-452.175 -6200.08 294.453 10148 -56.553
-452.57 -6199.82 294.446 10148 -56.553
-452.966 -6199.56 294.44 10148 -56.553
-453.362 -6199.3 294.434 10148 -56.553
-453.757 -6199.04 294.428 10148 -56.553
-454.153 -6198.77 294.422 10148 -56.553
-454.549 -6198.51 294.416 10148 -56.553
-454.944 -6198.25 294.41 10148 -56.553
-455.341 -6197.99 294.404 10148 -56.553
-455.734 -6197.73 294.398 10148 -56.553
-456.124 -6197.47 294.393 10148 -56.553
-456.523 -6197.21 294.386 10148 -59.1293
-456.973 -6196.94 294.38 10148 -57.5922
-457.453 -6196.63 294.373 10148 -58.0836
-457.975 -6196.31 294.365 10148 -56.7388
-458.526 -6195.95 294.356 10148 -58.4955
-459.129 -6195.58 294.348 10148 -58.7313
-459.74 -6195.21 294.339 10148 -58.7376
-460.348 -6194.84 294.33 10148 -58.7408
-460.953 -6194.47 294.321 10148 -58.7401
-461.559 -6194.1 294.312 10148 -58.7398
-462.165 -6193.73 294.303 10148 -58.7401
-462.771 -6193.37 294.294 10148 -58.7132
-463.376 -6193 294.285 10148 -58.7398
-463.982 -6192.63 294.276 10148 -58.7401
-464.588 -6192.26 294.267 10148 -58.7132
-465.194 -6191.89 294.259 10148 -58.7401
-465.799 -6191.53 294.25 10148 -58.7401
-466.405 -6191.16 294.241 10148 -58.7401
-467.011 -6190.79 294.232 10148 -58.7318
-467.623 -6190.42 294.223 10148 -58.7208
-468.223 -6190.06 294.214 10148 -58.7855
-468.797 -6189.71 294.206 10148 -57.8737
-469.355 -6189.36 294.197 10148 -57.7323
-469.923 -6189 294.189 10148 -57.7139
-470.516 -6188.62 294.18 10148 -57.7449
-471.121 -6188.24 294.171 10148 -57.716
-471.72 -6187.86 294.162 10148 -57.7431
-472.32 -6187.49 294.153 10148 -57.6882
-472.917 -6187.11 294.145 10148 -57.7276
-473.574 -6186.69 294.135 20148 -57.9535
-474.282 -6186.25 294.124 20148 -58.3787
-475.039 -6185.78 294.112 20148 -56.8277
-475.826 -6185.27 294.1 20148 -56.4244
-476.654 -6184.72 294.087 20148 -55.141
-477.511 -6184.12 294.074 20148 -55.6247
-478.418 -6183.5 294.059 20148 -55.8166
-479.334 -6182.88 294.045 20148 -55.8053
-480.246 -6182.26 294.031 20148 -55.8034
-481.157 -6181.64 294.016 20148 -55.8141
-482.073 -6181.02 294.002 20148 -55.6648
-482.982 -6180.4 293.988 20148 -55.1812
-483.864 -6179.78 293.974 20148 -56.5465
-484.721 -6179.22 293.96 20148 -57.2667
-485.553 -6178.68 293.948 20148 -57.0708
-486.38 -6178.15 293.935 20148 -56.4484
-487.222 -6177.59 293.922 20148 -55.9192
-488.08 -6177.01 293.911 20148 -57.2466
-488.95 -6176.45 293.901 20148 -59.3556
-489.826 -6175.93 293.891 20148 -60.1819
-490.702 -6175.43 293.881 20148 -59.2257
-491.576 -6174.91 293.87 20148 -57.1866
-492.441 -6174.35 293.86 20148 -56.8149
-493.301 -6173.79 293.85 20148 -58.1183
-494.163 -6173.25 293.84 20148 -58.769
-495.021 -6172.73 293.83 20148 -58.8883
-495.875 -6172.22 293.82 20148 -58.7726
-496.729 -6171.7 293.81 20148 -58.7526
-497.584 -6171.18 293.8 20148 -58.7714
-498.439 -6170.66 293.79 20148 -58.7335
-499.293 -6170.14 293.78 20148 -58.7714
-500.149 -6169.62 293.771 20148 -58.7714
-501.004 -6169.11 293.761 20148 -58.7523
-501.859 -6168.59 293.751 20148 -58.7649
-502.714 -6168.07 293.743 20148 -58.7448
-503.569 -6167.55 293.737 20148 -58.7639
-504.424 -6167.03 293.73 20148 -58.7401
-505.283 -6166.51 293.723 20148 -58.7495
-506.134 -6165.99 293.716 20148 -58.79
-506.965 -6165.49 293.709 20148 -58.5599
-507.787 -6164.99 293.703 20148 -58.2396
-508.613 -6164.47 293.696 20148 -58.231
-509.459 -6163.95 293.689 20148 -58.2272
-510.314 -6163.42 293.682 20148 -58.2291
-511.164 -6162.89 293.675 20148 -58.2291
-512.014 -6162.37 293.668 20148 -58.2101
-512.864 -6161.84 293.661 20148 -58.2291
-513.715 -6161.32 293.654 20148 -58.2291
-514.565 -6160.79 293.648 20148 -58.2291
-515.415 -6160.26 293.641 20148 -58.2291
-516.265 -6159.74 293.634 20148 -58.2264
-517.115 -6159.21 293.629 20148 -58.2253
-517.965 -6158.68 293.625 20148 -58.2253
-518.816 -6158.16 293.621 20148 -58.2063
-519.665 -6157.63 293.617 20148 -58.2253
-520.515 -6157.1 293.614 20148 -58.2252
-521.366 -6156.58 293.61 20148 -58.2253
-522.216 -6156.05 293.606 20148 -58.2253
-523.066 -6155.52 293.602 20148 -58.2253
-523.916 -6155 293.598 20148 -58.2253
-524.766 -6154.47 293.594 20148 -58.2253
-525.616 -6153.94 293.59 20148 -58.2063
-526.466 -6153.42 293.586 20148 -58.2253
-527.316 -6152.89 293.582 20148 -58.2253
-528.166 -6152.36 293.579 20148 -58.2253
-529.017 -6151.84 293.575 20148 -58.2253
-529.867 -6151.31 293.571 20148 -58.2253
-530.717 -6150.78 293.567 20148 -58.2251
-531.567 -6150.26 293.565 20148 -58.2059
-532.417 -6149.73 293.564 20148 -58.225
-533.267 -6149.2 293.563 20148 -58.225
-534.117 -6148.68 293.562 20148 -58.225
-534.967 -6148.15 293.561 20148 -58.225
-535.818 -6147.62 293.56 20148 -58.225
-536.668 -6147.1 293.559 20148 -58.2248
-537.518 -6146.57 293.559 20148 -58.2257
-538.367 -6146.04 293.558 20148 -58.2267
-539.213 -6145.52 293.557 20148 -58.2059
-540.063 -6144.99 293.556 20148 -58.5386
-540.93 -6144.46 293.555 20148 -57.9173
-541.811 -6143.91 293.554 20148 -58.2426
-542.707 -6143.36 293.553 20148 -58.2239
-543.605 -6142.8 293.552 20148 -58.2046
-544.506 -6142.24 293.551 20148 -58.2378
-545.414 -6141.68 293.55 20148 -58.2374
-546.329 -6141.11 293.552 20148 -58.2174
-547.252 -6140.54 293.554 20148 -58.508
-548.19 -6139.97 293.556 20148 -58.2045
-549.148 -6139.37 293.559 20148 -58.0309
-550.128 -6138.76 293.561 20148 -58.2414
-551.122 -6138.15 293.564 20148 -58.2888
-552.12 -6137.53 293.566 20148 -58.4006
-553.123 -6136.91 293.569 20148 -58.4287
-554.135 -6136.29 293.571 20148 -58.7945
-555.155 -6135.67 293.573 20148 -59.3085
-556.179 -6135.06 293.576 20148 -59.4719
-557.203 -6134.46 293.578 20148 -59.2757
-558.228 -6133.85 293.581 20148 -58.7613
-559.249 -6133.23 293.583 20148 -58.5728
-560.264 -6132.61 293.586 20148 -59.0638
-561.282 -6132 293.592 20148 -58.4307
-562.302 -6131.37 293.598 20148 -57.9823
-563.336 -6130.73 293.604 20148 -58.7437
-564.385 -6130.09 293.61 20148 -58.7883
-565.42 -6129.46 293.617 20148 -59.5208
-566.439 -6128.86 293.622 20148 -58.5775
-567.433 -6128.26 293.628 20148 -57.3635
-568.412 -6127.63 293.634 20148 -57.7252
-569.398 -6127.01 293.64 20148 -57.7253
-570.385 -6126.38 293.646 20148 -57.7416
-571.372 -6125.76 293.652 20148 -57.7253
-572.358 -6125.14 293.658 20148 -57.7253
-573.345 -6124.51 293.664 20148 -57.7416
-574.331 -6123.89 293.669 20148 -57.7481
-575.318 -6123.27 293.677 20148 -57.7359
-576.304 -6122.65 293.687 20148 -57.7523
-577.291 -6122.02 293.696 20148 -57.7359
-578.278 -6121.4 293.705 20148 -57.7523
-579.264 -6120.78 293.715 20148 -57.7523
-580.251 -6120.16 293.724 20148 -57.7359
-581.237 -6119.53 293.733 20148 -57.7523
-582.224 -6118.91 293.742 20148 -57.7527
-583.214 -6118.29 293.752 20148 -57.7355
-584.197 -6117.67 293.761 20148 -57.7338
-585.17 -6117.05 293.77 20148 -57.5162
-586.135 -6116.44 293.779 20148 -57.4015
-587.104 -6115.82 293.788 20148 -57.4072
-588.084 -6115.19 293.798 20148 -57.4101
-589.07 -6114.56 293.807 20148 -57.4207
-590.052 -6113.93 293.819 20148 -57.4205
-591.03 -6113.31 293.832 20148 -57.422
-592.012 -6112.68 293.845 20148 -58.0749
-593.017 -6112.05 293.858 20148 -57.7578
-594.058 -6111.4 293.871 20148 -57.0851
-595.123 -6110.71 293.885 20148 -56.8377
-596.225 -6109.99 293.899 20148 -57.4255
-597.35 -6109.27 293.914 20148 -57.4268
-598.478 -6108.55 293.928 20148 -57.4114
-599.604 -6107.83 293.943 20148 -57.3392
-600.727 -6107.11 293.957 20148 -57.4244
-601.849 -6106.39 293.972 20148 -57.8399
-602.971 -6105.69 293.986 20148 -58.4136
-604.091 -6105 294.002 20148 -58.7767
-605.21 -6104.32 294.02 20148 -58.6483
-606.323 -6103.64 294.038 20148 -58.5774
-607.431 -6102.97 294.056 20148 -58.6019
-608.547 -6102.28 294.074 20148 -59.065
-609.701 -6101.59 294.092 20148 -58.1488
-610.883 -6100.86 294.112 20148 -57.7554
-612.094 -6100.09 294.131 20148 -57.2344
-613.344 -6099.29 294.152 20148 -57.8392
-614.616 -6098.49 294.173 20148 -57.6081
-615.876 -6097.69 294.193 20148 -57.8238
-617.111 -6096.91 294.213 20148 -57.9832
-618.303 -6096.17 294.237 30148 -57.7048
-619.5 -6095.41 294.266 30148 -57.6909
-620.691 -6094.66 294.294 30148 -57.4714
-621.869 -6093.91 294.322 30148 -57.7022
-623.029 -6093.17 294.35 30148 -57.9279
-624.168 -6092.46 294.377 30148 -57.6995
-625.291 -6091.75 294.404 30148 -57.6993
-626.411 -6091.04 294.431 30148 -57.6995
-627.534 -6090.33 294.458 30148 -57.6995
-628.657 -6089.62 294.485 30148 -57.6993
-629.777 -6088.91 294.511 30148 -57.6852
-630.901 -6088.2 294.538 30148 -57.9422
-632.038 -6087.49 294.565 30148 -57.7021
-633.196 -6086.76 294.593 30148 -57.7176
-634.38 -6086.01 294.621 30148 -57.4515
-635.584 -6085.24 294.65 30148 -57.6932
-636.806 -6084.47 294.679 30148 -57.6931
-638.025 -6083.7 294.709 30148 -57.7055
-639.233 -6082.94 294.737 30148 -57.7203
-640.427 -6082.18 294.766 30148 -57.9259
-641.617 -6081.44 294.795 30148 -57.9534
-642.812 -6080.69 294.824 30148 -58.1685
-644.025 -6079.93 294.853 30148 -57.9427
-645.258 -6079.16 294.883 30148 -57.7381
-646.51 -6078.37 294.913 30148 -57.9454
-647.779 -6077.58 294.944 30148 -57.9583
-649.051 -6076.78 294.974 30148 -57.9454
-650.319 -6075.99 295.005 30148 -57.9453
-651.587 -6075.19 295.036 30148 -57.9453
-652.854 -6074.4 295.066 30148 -57.9452
-654.121 -6073.61 295.097 30148 0
