6.94953e-310 6.94953e-310 0 0 0
0 0 0 0 0
0 0 0 0 0
0 0 0 0 0
0 0 0 0 0
0 0 0 0 0
0 0 0 0 0
0 0 0 0 0
0 0 0 0 0
0 0 0 0 0
0 0 0 0 0
0 0 0 0 0
0 0 0 0 0
0 0 0 0 0
0 0 0 0 0
0 0 0 0 0
0 0 0 0 0
0 0 0 0 0
0 0 0 0 0
0 0 0 0 0
0 0 0 0 0
0 0 0 0 0
0 0 0 0 0
0 0 0 0 0
0 0 0 0 0
0 0 0 0 0
0 0 0 0 0
0 0 0 0 0
0 0 0 0 0
0 0 0 0 0
0 0 0 0 0
0 0 0 0 0
0 0 0 0 0
0 0 0 0 0
0 0 0 0 0
0 0 0 0 0
0 0 0 0 0
0 0 0 0 0
0 0 0 0 0
0 0 0 0 0
-358.902 -6263.21 0 0 0
-359.985 -6262.54 0 0 0
-361.19 -6261.79 0 0 0
-362.274 -6261.12 0 0 0
-363.478 -6260.38 0 0 0
-364.561 -6259.7 0 0 0
-365.655 -6259.03 0 0 0
-366.736 -6258.36 0 0 0
-367.819 -6257.69 0 0 0
-368.886 -6257.02 0 0 0
-369.941 -6256.37 0 0 0
-370.989 -6255.72 0 0 0
-372.043 -6255.07 0 0 0
-373.09 -6254.42 0 0 0
-374.107 -6253.76 0 0 0
-375.117 -6253.11 0 0 0
-376.17 -6252.49 0 0 0
-377.258 -6251.83 0 0 0
-378.378 -6251.16 0 0 0
-379.549 -6250.5 0 0 0
-380.728 -6249.84 0 0 0
-381.904 -6249.18 0 0 0
-383.081 -6248.51 0 0 0
-384.262 -6247.85 0 0 0
-385.422 -6247.19 0 0 0
-386.531 -6246.54 0 0 0
-387.601 -6245.92 0 0 0
-358.219 -6259.92 0 0 0
-364.424 -6260.51 0 0 0
-365.377 -6259.91 0 0 0
-366.311 -6259.3 0 0 0
-367.255 -6258.69 0 0 0
-368.2 -6258.08 0 0 0
-369.144 -6257.46 0 0 0
-370.088 -6256.85 0 0 0
-371.032 -6256.23 0 0 0
-371.976 -6255.62 0 0 0
-372.921 -6255 0 0 0
-373.865 -6254.39 0 0 0
-357.429 -6260.06 295.92 10148 -57.8781
-357.623 -6259.93 295.916 10148 -57.8781
-357.817 -6259.8 295.913 10148 -57.8781
-358.012 -6259.67 295.91 10148 -57.8781
-358.206 -6259.54 295.907 10148 -57.8781
-358.4 -6259.41 295.904 10148 -57.8781
-358.594 -6259.28 295.901 10148 -57.8781
-358.789 -6259.15 295.897 10148 -57.8781
-358.983 -6259.02 295.894 10148 -57.8781
-359.177 -6258.89 295.891 10148 -57.8781
-359.372 -6258.76 295.888 10148 -57.8781
-359.566 -6258.63 295.885 10148 -57.8781
-359.76 -6258.5 295.882 10148 -57.8781
-359.954 -6258.37 295.879 10148 -57.8781
-360.148 -6258.24 295.875 10148 -57.8781
-360.342 -6258.11 295.872 10148 -57.8781
-360.538 -6257.98 295.869 10148 -57.8781
-360.738 -6257.85 295.866 10148 -57.8781
-360.934 -6257.71 295.863 10148 -57.8781
-361.099 -6257.58 295.86 10148 -57.8781
-361.238 -6257.49 295.858 10148 -57.8781
-361.348 -6257.42 295.856 10148 -57.8781
-361.431 -6257.39 295.855 10148 -57.8781
-361.483 -6257.36 295.854 10148 -57.8781
-361.532 -6257.32 295.853 10148 -57.8781
-361.585 -6257.29 295.852 10148 -57.8781
-361.64 -6257.26 295.851 10148 -57.8781
-361.694 -6257.22 295.851 10148 -57.8781
-361.748 -6257.19 295.85 10148 -57.8781
-361.802 -6257.16 295.849 10148 -57.8781
-361.856 -6257.12 295.848 10148 -57.8781
-361.911 -6257.09 295.847 10148 -57.8781
-361.965 -6257.06 295.846 10148 -57.8781
-362.019 -6257.02 295.845 10148 -57.8781
-362.073 -6256.99 295.845 10148 -57.8781
-362.128 -6256.96 295.844 10148 -57.8781
-362.182 -6256.92 295.843 10148 -57.8781
-362.235 -6256.89 295.842 10148 -57.8781
-362.289 -6256.86 295.841 10148 -57.8781
-362.344 -6256.82 295.84 10148 -57.8781
-362.402 -6256.79 295.839 10148 -57.8781
-362.465 -6256.75 295.838 10148 -57.8781
-362.53 -6256.71 295.837 10148 -57.8781
-362.597 -6256.67 295.836 10148 -57.8781
-362.663 -6256.62 295.835 10148 -57.8781
-362.73 -6256.58 295.834 10148 -57.8781
-362.796 -6256.54 295.833 10148 -57.8781
-362.862 -6256.5 295.832 10148 -57.8781
-362.928 -6256.46 295.831 10148 -57.8781
-362.995 -6256.42 295.83 10148 -57.8781
-363.061 -6256.38 295.829 10148 -57.8781
-363.127 -6256.34 295.828 10148 -57.8781
-363.193 -6256.3 295.827 10148 -57.8781
-363.259 -6256.25 295.826 10148 -57.8781
-363.326 -6256.21 295.825 10148 -57.8781
-363.392 -6256.17 295.824 10148 -57.8781
-363.458 -6256.13 295.823 10148 -57.8781
-363.523 -6256.09 295.822 10148 -57.8781
-363.588 -6256.05 295.821 10148 -57.8781
-363.656 -6256.01 295.82 10148 -57.8781
-363.734 -6255.96 295.818 10148 -57.8781
-363.824 -6255.9 295.817 10148 -57.8781
-363.925 -6255.84 295.815 10148 -57.8781
-364.029 -6255.78 295.814 10148 -57.8781
-364.133 -6255.71 295.812 10148 -57.8781
-364.235 -6255.65 295.811 10148 -57.8781
-364.337 -6255.59 295.809 10148 -57.8781
-364.44 -6255.52 295.807 10148 -57.8781
-364.542 -6255.46 295.806 10148 -57.8781
-364.644 -6255.4 295.804 10148 -57.8781
-364.747 -6255.33 295.802 10148 -57.8781
-364.849 -6255.27 295.801 10148 -57.8781
-364.952 -6255.21 295.799 10148 -57.8781
-365.054 -6255.14 295.798 10148 -57.8781
-365.156 -6255.08 295.796 10148 -57.8781
-365.259 -6255.02 295.794 10148 -57.8781
-365.36 -6254.95 295.793 10148 -57.8781
-365.456 -6254.89 295.791 10148 -57.8781
-365.557 -6254.83 295.79 10148 -57.8781
-365.718 -6254.76 295.787 10148 -57.8781
-365.909 -6254.65 295.784 10148 -57.8781
-366.15 -6254.51 295.781 10148 -57.8781
-366.438 -6254.34 295.776 10148 -57.8781
-366.76 -6254.13 295.771 10148 -57.8781
-367.124 -6253.9 295.765 10148 -57.8781
-367.491 -6253.68 295.76 10148 -57.8781
-367.853 -6253.45 295.754 10148 -57.8781
-368.214 -6253.23 295.748 10148 -57.8781
-368.575 -6253.01 295.742 10148 -57.8781
-368.936 -6252.78 295.737 10148 -57.8781
-369.297 -6252.56 295.731 10148 -57.8781
-369.659 -6252.33 295.725 10148 -57.8781
-370.02 -6252.11 295.72 10148 -57.8781
-370.382 -6251.89 295.714 10148 -57.8781
-370.743 -6251.66 295.708 10148 -57.8781
-371.104 -6251.44 295.703 10148 -57.8781
-371.465 -6251.22 295.697 10148 -57.8781
-371.83 -6250.99 295.691 10148 -57.8781
-372.191 -6250.77 295.686 10148 -57.8781
-372.53 -6250.56 295.68 10148 -57.8781
-372.849 -6250.36 295.675 10148 -57.8781
-373.166 -6250.15 295.67 10148 -57.8781
-373.503 -6249.93 295.665 10148 -57.8781
-373.856 -6249.71 295.659 10148 -57.8781
-374.213 -6249.47 295.653 10148 -57.8781
-374.589 -6249.25 295.647 10148 -57.8781
-374.994 -6248.99 295.641 10148 -56.5114
-375.421 -6248.71 295.634 10148 -55.751
-375.878 -6248.4 295.627 10148 -57.0539
-376.356 -6248.09 295.619 10148 -57.1236
-376.836 -6247.78 295.612 10148 -57.0513
-377.312 -6247.47 295.604 10148 -57.0488
-377.788 -6247.16 295.597 10148 -57.0834
-378.263 -6246.85 295.589 10148 -57.0834
-378.739 -6246.54 295.582 10148 -57.0497
-379.214 -6246.23 295.574 10148 -57.083
-379.69 -6245.93 295.567 10148 -57.0826
-380.165 -6245.62 295.559 10148 -57.0858
-380.642 -6245.31 295.552 10148 -57.0559
-381.121 -6245 295.544 10148 -57.2813
-381.595 -6244.7 295.537 10148 -56.4225
-382.05 -6244.39 295.529 10148 -56.0518
-382.497 -6244.09 295.522 10148 -58.804
-382.981 -6243.8 295.515 10148 -57.4839
-383.494 -6243.47 295.507 10148 -56.6496
-384.033 -6243.12 295.498 10148 -58.5361
-384.615 -6242.76 295.489 10148 -58.9428
-385.207 -6242.41 295.48 10148 -58.8925
-385.795 -6242.05 295.471 10148 -58.9528
-386.382 -6241.7 295.462 10148 -58.9241
-386.968 -6241.34 295.452 10148 -58.9236
-387.555 -6240.99 295.443 10148 -58.9241
-388.142 -6240.64 295.434 10148 -58.952
-388.729 -6240.28 295.425 10148 -58.921
-389.321 -6239.93 295.416 10148 -58.9434
-389.902 -6239.58 295.407 10148 -59.0177
-390.46 -6239.24 295.399 10148 -58.7376
-391.007 -6238.91 295.39 10148 -57.9608
-391.559 -6238.56 295.382 10148 -57.9866
-392.134 -6238.2 295.373 10148 -57.9849
-392.721 -6237.84 295.364 10148 -57.9858
-393.301 -6237.47 295.354 10148 -57.9858
-393.882 -6237.11 295.345 10148 -57.9858
-394.463 -6236.75 295.336 10148 -58.0136
-395.044 -6236.39 295.327 10148 -57.9579
-395.624 -6236.02 295.318 10148 -58.0136
-396.205 -6235.66 295.309 10148 -57.9858
-396.786 -6235.3 295.3 10148 -57.9858
-397.367 -6234.93 295.291 10148 -57.9858
-397.948 -6234.57 295.282 10148 -57.986
-398.527 -6234.21 295.273 10148 -57.8742
-399.106 -6233.84 295.264 10148 -58.2075
-399.691 -6233.48 295.255 10148 -58.5595
-400.286 -6233.12 295.246 10148 -58.1722
-400.887 -6232.75 295.237 10148 -57.231
-401.485 -6232.36 295.227 10148 -56.2375
-402.076 -6231.96 295.218 10148 -55.9084
-402.663 -6231.57 295.209 10148 -56.151
-403.251 -6231.17 295.199 10148 -56.1309
-403.839 -6230.78 295.19 10148 -56.1309
-404.428 -6230.38 295.181 10148 -56.1772
-405.023 -6229.98 295.172 10148 -56.0945
-405.607 -6229.59 295.162 10148 -55.9837
-406.15 -6229.23 295.154 10148 -55.9675
-406.655 -6228.88 295.146 10148 -52.7221
-407.133 -6228.52 295.138 10148 -53.1297
-407.654 -6228.13 295.13 10148 -53.402
-408.213 -6227.71 295.121 10148 -53.5741
-408.791 -6227.29 295.111 10148 -53.4906
-409.358 -6226.87 295.102 10148 -53.562
-409.927 -6226.45 295.093 10148 -53.8441
-410.508 -6226.02 295.084 10148 -53.5028
-411.104 -6225.58 295.074 10148 -53.5747
-411.721 -6225.13 295.064 10148 -53.4466
-412.357 -6224.66 295.054 10148 -53.491
-413.015 -6224.17 295.043 10148 -53.2107
-413.686 -6223.67 295.032 10148 -53.2233
-414.369 -6223.16 295.021 10148 -54.1648
-415.068 -6222.65 295.01 10148 -55.4561
-415.786 -6222.16 294.998 10148 -56.49
-416.525 -6221.67 294.987 10148 -57.7055
-417.289 -6221.19 294.975 10148 -57.8759
-418.06 -6220.7 294.963 10148 -58.9382
-418.83 -6220.24 294.952 10148 -61.9787
-419.607 -6219.82 294.94 10148 -63.1244
-420.383 -6219.43 294.929 10148 -62.0029
-421.16 -6219.02 294.918 10148 -58.9375
-421.93 -6218.55 294.906 10148 -57.6249
-422.701 -6218.07 294.895 10148 -58.2963
-423.474 -6217.59 294.883 10148 -58.0252
-424.229 -6217.12 294.871 10148 -58.3356
-424.968 -6216.66 294.86 10148 -58.0745
-425.693 -6216.21 294.849 10148 -58.0757
-426.412 -6215.76 294.838 10148 -58.0756
-427.132 -6215.31 294.827 10148 -58.0528
-427.853 -6214.86 294.816 10148 -58.0751
-428.574 -6214.41 294.805 10148 -58.0752
-429.296 -6213.96 294.794 10148 -58.0977
-430.017 -6213.51 294.783 10148 -58.0752
-430.739 -6213.07 294.772 10148 -58.0796
-431.46 -6212.62 294.761 10148 -58.0586
-432.181 -6212.17 294.75 10148 -58.0789
-432.913 -6211.71 294.739 10148 -58.1065
-433.623 -6211.27 294.729 10148 -58.0931
-434.293 -6210.85 294.719 10148 -57.0539
-434.938 -6210.43 294.709 10148 -56.3514
-435.596 -6210 294.699 10148 -56.4621
-436.293 -6209.53 294.688 10148 -56.5059
-437.012 -6209.06 294.677 10148 -56.4855
-437.72 -6208.59 294.666 10148 -56.4636
-438.429 -6208.12 294.655 10148 -56.4855
-439.138 -6207.65 294.644 10148 -56.486
-439.846 -6207.18 294.633 10148 -56.464
-440.555 -6206.71 294.623 10148 -56.6402
-441.264 -6206.24 294.612 10148 -56.1421
-441.967 -6205.77 294.601 10148 -55.7915
-442.671 -6205.29 294.59 10148 -57.1467
-443.394 -6204.83 294.579 10148 -57.9238
-444.134 -6204.36 294.568 10148 -59.0234
-444.894 -6203.91 294.556 10148 -60.003
-445.667 -6203.46 294.545 10148 0
