6.94953e-310 6.94953e-310 0 0 0
0 0 0 0 0
0 0 0 0 0
0 0 0 0 0
0 0 0 0 0
0 0 0 0 0
0 0 0 0 0
0 0 0 0 0
0 0 0 0 0
0 0 0 0 0
0 0 0 0 0
0 0 0 0 0
0 0 0 0 0
0 0 0 0 0
0 0 0 0 0
0 0 0 0 0
0 0 0 0 0
0 0 0 0 0
0 0 0 0 0
0 0 0 0 0
0 0 0 0 0
0 0 0 0 0
0 0 0 0 0
0 0 0 0 0
0 0 0 0 0
0 0 0 0 0
0 0 0 0 0
0 0 0 0 0
0 0 0 0 0
0 0 0 0 0
0 0 0 0 0
0 0 0 0 0
0 0 0 0 0
0 0 0 0 0
0 0 0 0 0
0 0 0 0 0
0 0 0 0 0
0 0 0 0 0
0 0 0 0 0
0 0 0 0 0
0 0 0 0 0
0 0 0 0 0
0 0 0 0 0
0 0 0 0 0
5.617 1621.03 0 0 0
5.62 1626.03 0 0 0
5.607 1631.07 0 0 0
5.609 1636.2 0 0 0
5.629 1641.38 0 0 0
5.632 1646.66 0 0 0
5.635 1652.08 0 0 0
5.551 1657.52 0 0 0
5.47 1662.85 0 0 0
5.391 1668.05 0 0 0
5.271 1673.23 0 0 0
5.186 1678.56 0 0 0
5.142 1684 0 0 0
5.057 1689.5 0 0 0
4.973 1695.02 0 0 0
4.887 1700.52 0 0 0
4.802 1706.02 0 0 0
4.717 1711.56 0 0 0
4.631 1717.02 0 0 0
4.546 1722.35 0 0 0
4.534 1727.62 0 0 0
4.56 1732.94 0 0 0
4.586 1738.41 0 0 0
4.612 1743.94 0 0 0
4.638 1749.44 0 0 0
4.664 1754.92 0 0 0
4.69 1760.42 0 0 0
-358.281 -6260.07 0 0 0
-359.364 -6259.4 0 0 0
-360.448 -6258.72 0 0 0
-361.532 -6258.05 0 0 0
-362.615 -6257.38 0 0 0
-363.66 -6256.73 0 0 0
-364.703 -6256.09 0 0 0
-365.761 -6255.44 0 0 0
-366.833 -6254.77 0 0 0
-367.899 -6254.09 0 0 0
-368.935 -6253.45 0 0 0
-369.942 -6252.83 0 0 0
-370.919 -6252.24 0 0 0
-371.854 -6251.66 0 0 0
-372.781 -6251.06 0 0 0
-373.738 -6250.44 0 0 0
-374.721 -6249.8 0 0 0
-375.714 -6249.16 0 0 0
-376.694 -6248.52 0 0 0
-377.66 -6247.9 0 0 0
-378.61 -6247.28 0 0 0
-379.558 -6246.67 0 0 0
-380.508 -6246.05 0 0 0
-381.46 -6245.44 0 0 0
-382.411 -6244.82 0 0 0
-383.362 -6244.21 0 0 0
-384.314 -6243.59 0 0 0
-385.264 -6242.97 0 0 0
-386.211 -6242.36 0 0 0
-387.163 -6241.74 0 0 0
-388.132 -6241.13 0 0 0
-389.107 -6240.5 0 0 0
-390.095 -6239.84 0 0 0
-391.095 -6239.16 0 0 0
-392.105 -6238.47 0 0 0
-393.133 -6237.8 0 0 0
-394.169 -6237.14 0 0 0
-395.224 -6236.5 0 0 0
-396.288 -6235.87 0 0 0
-397.348 -6235.24 0 0 0
-398.407 -6234.61 0 0 0
-399.469 -6233.98 0 0 0
-400.534 -6233.35 0 0 0
-401.593 -6232.71 0 0 0
-402.618 -6232.08 0 0 0
-403.613 -6231.48 0 0 0
-404.573 -6230.9 0 0 0
-405.478 -6230.32 0 0 0
-406.329 -6229.69 0 0 0
-407.195 -6229.04 0 0 0
-408.101 -6228.37 0 0 0
-409.023 -6227.69 0 0 0
-358.269 -6260.34 0 0 0
-358.992 -6259.89 0 0 0
-366.881 -6258.49 0 0 0
-367.965 -6257.82 0 0 0
-369.048 -6257.15 0 0 0
-370.132 -6256.48 0 0 0
-371.216 -6255.81 0 0 0
-372.304 -6255.13 0 0 0
-373.388 -6254.46 0 0 0
-374.458 -6253.79 0 0 0
-375.513 -6253.15 0 0 0
-376.552 -6252.5 0 0 0
-377.598 -6251.85 0 0 0
-378.657 -6251.17 0 0 0
-379.732 -6250.47 0 0 0
-380.816 -6249.78 0 0 0
-381.892 -6249.06 0 0 0
-382.97 -6248.34 0 0 0
-384.051 -6247.62 0 0 0
-385.13 -6246.91 0 0 0
-386.209 -6246.19 0 0 0
-387.288 -6245.47 0 0 0
-388.366 -6244.75 0 0 0
-389.445 -6244.03 0 0 0
-390.524 -6243.31 0 0 0
-391.604 -6242.59 0 0 0
-392.683 -6241.88 0 0 0
-393.761 -6241.16 0 0 0
-394.841 -6240.44 0 0 0
-395.921 -6239.72 0 0 0
-396.996 -6239 0 0 0
-398.066 -6238.29 0 0 0
-399.144 -6237.57 0 0 0
-400.242 -6236.85 0 0 0
-401.37 -6236.13 0 0 0
-402.524 -6235.41 0 0 0
-403.693 -6234.7 0 0 0
-404.862 -6233.99 0 0 0
-406.029 -6233.28 0 0 0
-407.195 -6232.57 0 0 0
-408.364 -6231.86 0 0 0
-409.536 -6231.15 0 0 0
-410.702 -6230.44 0 0 0
-411.835 -6229.73 0 0 0
-412.937 -6229.05 0 0 0
-414.003 -6228.38 0 0 0
-415.008 -6227.68 0 0 0
-416.012 -6226.97 0 0 0
-417.047 -6226.26 0 0 0
-418.112 -6225.58 0 0 0
-419.183 -6224.91 0 0 0
-420.251 -6224.24 0 0 0
-421.319 -6223.56 0 0 0
-422.387 -6222.89 0 0 0
-423.455 -6222.22 0 0 0
-424.526 -6221.54 0 0 0
-425.59 -6220.86 0 0 0
-426.653 -6220.2 0 0 0
-427.722 -6219.59 0 0 0
-428.792 -6219 0 0 0
-429.861 -6218.39 0 0 0
-430.924 -6217.73 0 0 0
-431.988 -6217.04 0 0 0
-433.059 -6216.37 0 0 0
-434.128 -6215.69 0 0 0
-435.195 -6215.02 0 0 0
-436.263 -6214.35 0 0 0
-437.331 -6213.68 0 0 0
-438.399 -6213 0 0 0
-365.814 -6259.89 0 0 0
-366.714 -6259.31 0 0 0
-367.7 -6258.67 0 0 0
-368.687 -6258.03 0 0 0
-369.673 -6257.38 0 0 0
-370.659 -6256.74 0 0 0
-371.645 -6256.1 0 0 0
-372.632 -6255.46 0 0 0
-373.618 -6254.82 0 0 0
-374.605 -6254.18 0 0 0
-375.591 -6253.54 0 0 0
-376.577 -6252.9 0 0 0
-377.563 -6252.26 0 0 0
-378.556 -6251.62 0 0 0
-379.536 -6250.98 0 0 0
-359.608 -6258.73 295.885 10148 -58.2055
-360.089 -6258.43 295.877 10148 -58.2391
-360.571 -6258.13 295.87 10148 -58.2148
-361.053 -6257.84 295.862 10148 -58.2181
-361.535 -6257.54 295.855 10148 -58.2557
-362.011 -6257.24 295.847 10148 -58.6037
-362.508 -6256.94 295.839 10148 -57.8494
-363.02 -6256.62 295.831 10148 -58.2229
-363.542 -6256.29 295.823 10148 -57.8491
-364.049 -6255.98 295.815 10148 -58.6066
-364.543 -6255.67 295.807 10148 -59.4833
-365.047 -6255.38 295.799 10148 -57.287
-365.561 -6255.05 295.791 10148 -57.6378
-366.091 -6254.71 295.783 10148 -57.0492
-366.611 -6254.37 295.774 10148 -56.8745
-367.12 -6254.04 295.766 10148 -58.8673
-367.65 -6253.72 295.758 10148 -56.6832
-368.197 -6253.36 295.749 10148 -57.853
-368.773 -6253 295.74 10148 -58.2136
-369.358 -6252.64 295.731 10148 -58.243
-369.942 -6252.28 295.722 10148 -58.2167
-370.522 -6251.92 295.713 10148 -58.2163
-371.103 -6251.56 295.703 10148 -58.2402
-371.691 -6251.19 295.694 10148 -58.2483
-372.266 -6250.84 295.685 10148 -58.238
-372.812 -6250.5 295.677 10148 -57.2136
-373.341 -6250.16 295.668 10148 -57.0184
-373.879 -6249.81 295.66 10148 -57.0614
-374.447 -6249.44 295.65 10148 -57.0562
-375.027 -6249.07 295.641 10148 -57.0818
-375.601 -6248.69 295.632 10148 -57.0818
-376.174 -6248.32 295.623 10148 -57.0542
-376.748 -6247.95 295.614 10148 -57.0818
-377.322 -6247.58 295.605 10148 -57.0539
-377.895 -6247.21 295.596 10148 -57.0821
-378.469 -6246.84 295.587 10148 -57.0818
-379.043 -6246.46 295.578 10148 -57.0542
-379.617 -6246.09 295.569 10148 -57.0818
-380.191 -6245.72 295.56 10148 -57.0818
-380.764 -6245.35 295.551 10148 -57.0542
-381.338 -6244.98 295.541 10148 -57.0818
-381.912 -6244.61 295.532 10148 -57.0818
-382.485 -6244.24 295.523 10148 -57.0539
-383.059 -6243.86 295.514 10148 -57.0821
-383.633 -6243.49 295.505 10148 -57.0818
-384.207 -6243.12 295.496 10148 -57.0539
-384.78 -6242.75 295.487 10148 -57.0821
-385.354 -6242.38 295.478 10148 -57.0539
-385.928 -6242.01 295.469 10148 -57.0818
-386.501 -6241.63 295.46 10148 -57.0821
-387.075 -6241.26 295.451 10148 -57.0818
-387.649 -6240.89 295.442 10148 -57.0539
-388.222 -6240.52 295.433 10148 -56.8308
-388.795 -6240.15 295.423 10148 -57.0987
-389.374 -6239.77 295.414 10148 -58.2693
-389.949 -6239.42 295.405 10148 -59.9949
-390.511 -6239.09 295.397 10148 -60.8382
-391.068 -6238.78 295.389 10148 -60.4964
-391.632 -6238.46 295.38 10148 -60.1621
-392.218 -6238.12 295.371 10148 -60.0917
-392.816 -6237.78 295.362 10148 -60.1405
-393.408 -6237.44 295.353 10148 -60.1126
-394 -6237.1 295.344 10148 -60.1415
-394.592 -6236.76 295.335 10148 -60.1126
-395.184 -6236.42 295.326 10148 -60.1415
-395.775 -6236.08 295.317 10148 -60.1126
-396.367 -6235.74 295.308 10148 -60.1405
-396.96 -6235.4 295.299 10148 -60.1405
-397.552 -6235.06 295.29 10148 -60.1126
-398.144 -6234.72 295.281 10148 -60.1415
-398.735 -6234.38 295.272 10148 -60.1126
-399.327 -6234.04 295.263 10148 -60.1415
-399.919 -6233.7 295.254 10148 -60.1181
-400.51 -6233.36 295.245 10148 -60.1452
-401.101 -6233.02 295.236 10148 -60.3529
-401.697 -6232.68 295.227 10148 -60.0438
-402.3 -6232.34 295.218 10148 -58.7406
-402.903 -6231.97 295.209 10148 -57.2609
-403.502 -6231.58 295.2 10148 -56.1401
-404.093 -6231.19 295.19 10148 -55.9145
-404.679 -6230.79 295.181 10148 -56.1176
-405.272 -6230.39 295.172 10148 -56.1785
-405.858 -6230 295.163 10148 -56.3246
-406.41 -6229.63 295.154 10148 -55.3498
-406.931 -6229.27 295.146 10148 -52.9085
-407.462 -6228.87 295.137 10148 -53.1646
-408.026 -6228.45 295.128 10148 -53.5168
-408.631 -6228 295.118 10148 -53.5635
-409.254 -6227.54 295.108 10148 -53.4437
-409.876 -6227.08 295.098 10148 -53.5988
-410.508 -6226.61 295.088 10148 -53.4769
-411.145 -6226.14 295.077 10148 -53.4892
-411.788 -6225.67 295.067 10148 0
