-850.679 -5933.35 300.084 40149 -42.2445
-851.818 -5932.1 300.118 40149 -42.372
-852.928 -5930.88 300.15 40149 -43.8925
-854.031 -5929.73 300.182 40149 -44.29
-855.103 -5928.64 300.213 40149 -44.8746
-856.145 -5927.59 300.242 40149 -44.4701
-857.147 -5926.57 300.268 40149 -44.0658
-858.101 -5925.58 300.292 40149 -43.0698
-859.028 -5924.59 300.317 40149 -43.2967
-859.963 -5923.6 300.341 40149 -43.3118
-860.9 -5922.6 300.366 40149 -43.2976
-861.837 -5921.61 300.39 40149 -43.3116
-862.774 -5920.62 300.415 40149 -43.2835
-863.71 -5919.62 300.44 40149 -43.3116
-864.647 -5918.63 300.464 40149 -43.2975
-865.583 -5917.63 300.489 40149 -43.3114
-866.52 -5916.64 300.513 40149 -43.2976
-867.456 -5915.65 300.538 40149 -43.2974
-868.393 -5914.65 300.563 40149 -43.3115
-869.329 -5913.66 300.587 40149 -43.3114
-870.266 -5912.67 300.612 40149 -43.3003
-871.207 -5911.67 300.637 40149 -43.2947
-872.138 -5910.68 300.661 40149 -43.2818
-873.048 -5909.71 300.685 40149 -42.3336
-873.935 -5908.74 300.709 40149 -40.0333
-874.789 -5907.72 300.73 40149 -40.528
-875.672 -5906.69 300.753 40149 -41.1798
-876.576 -5905.66 300.775 40149 -41.6806
-877.484 -5904.64 300.798 40149 -41.7785
-878.394 -5903.62 300.82 40149 -41.6666
-879.302 -5902.6 300.842 40149 -41.6666
-880.21 -5901.58 300.865 40149 -41.6806
-881.118 -5900.56 300.887 40149 -41.6806
-882.026 -5899.54 300.909 40149 -41.6247
-882.933 -5898.52 300.932 40149 -41.6806
-883.841 -5897.5 300.954 40149 -41.8764
-884.753 -5896.48 300.977 40149 -42.17
-885.67 -5895.47 300.999 40149 -42.3798
-886.59 -5894.46 301.021 40149 -42.4076
-887.511 -5893.45 301.044 40149 -42.3796
-888.432 -5892.44 301.066 40149 -42.3635
-889.355 -5891.43 301.089 40149 -42.3817
-890.273 -5890.42 301.111 40149 -42.3758
-891.18 -5889.43 301.133 40149 -40.3355
-892.046 -5888.41 301.153 40149 -39.4185
-892.896 -5887.38 301.173 40149 -39.05
-893.744 -5886.33 301.194 40149 -38.8915
-894.585 -5885.29 301.214 40149 -39.0441
-895.422 -5884.26 301.234 40149 -39.4321
-896.266 -5883.23 301.254 40149 -39.6044
-897.115 -5882.2 301.274 40149 -39.5327
-897.964 -5881.18 301.293 40149 -39.5183
-898.812 -5880.15 301.313 40149 -39.5183
-899.659 -5879.12 301.333 40149 -39.5183
-900.504 -5878.1 301.353 40149 -39.5183
-901.352 -5877.07 301.373 40149 -40.1541
-902.224 -5876.03 301.394 40149 -39.86
-903.119 -5874.96 301.415 40149 -38.7141
-904.011 -5873.85 301.436 40149 -39.5693
-904.965 -5872.69 301.458 40149 -39.5566
-905.92 -5871.54 301.481 40149 -39.5566
0 0 0 0 -39.5566
0 0 0 0 -39.5566
0 0 0 0 -39.5566
0 0 0 0 -39.5566
0 0 0 0 -39.5566
0 0 0 0 -39.5566
0 0 0 0 -39.5566
0 0 0 0 -39.5566
0 0 0 0 -39.5566
0 0 0 0 -39.5566
0 0 0 0 -39.5566
0 0 0 0 -39.5566
0 0 0 0 -39.5566
0 0 0 0 -39.5566
0 0 0 0 -39.5566
0 0 0 0 -39.5566
0 0 0 0 -39.5566
0 0 0 0 -39.5566
0 0 0 0 -39.5566
0 0 0 0 -39.5566
0 0 0 0 -39.5566
0 0 0 0 -39.5566
0 0 0 0 -39.5566
0 0 0 0 -39.5566
0 0 0 0 -39.5566
0 0 0 0 -39.5566
0 0 0 0 -39.5566
0 0 0 0 -39.5566
0 0 0 0 -39.5566
0 0 0 0 -39.5566
0 0 0 0 -39.5566
0 0 0 0 -39.5566
0 0 0 0 -39.5566
0 0 0 0 -39.5566
0 0 0 0 -39.5566
0 0 0 0 -39.5566
0 0 0 0 -39.5566
0 0 0 0 -39.5566
0 0 0 0 -39.5566
0 0 0 0 -39.5566
0 0 0 0 -39.5566
0 0 0 0 -39.5566
0 0 0 0 -39.5566
0 0 0 0 -39.5566
0 0 0 0 -39.5566
0 0 0 0 -39.5566
0 0 0 0 -39.5566
0 0 0 0 -39.5566
0 0 0 0 -39.5566
0 0 0 0 -39.5566
0 0 0 0 -39.5566
0 0 0 0 -39.5566
0 0 0 0 -39.5566
0 0 0 0 -39.5566
0 0 0 0 -39.5566
0 0 0 0 -39.5566
0 0 0 0 -39.5566
0 0 0 0 -39.5566
0 0 0 0 -39.5566
0 0 0 0 -39.5566
0 0 0 0 -39.5566
0 0 0 0 -39.5566
0 0 0 0 -39.5566
0 0 0 0 -39.5566
0 0 0 0 -39.5566
0 0 0 0 -39.5566
0 0 0 0 -39.5566
0 0 0 0 -39.5566
0 0 0 0 -39.5566
0 0 0 0 -39.5566
0 0 0 0 -39.5566
0 0 0 0 -39.5566
0 0 0 0 -39.5566
0 0 0 0 -39.5566
0 0 0 0 -39.5566
0 0 0 0 -39.5566
0 0 0 0 -39.5566
0 0 0 0 -39.5566
0 0 0 0 -39.5566
0 0 0 0 -39.5566
0 0 0 0 -39.5566
0 0 0 0 -39.5566
0 0 0 0 -39.5566
0 0 0 0 -39.5566
0 0 0 0 -39.5566
0 0 0 0 -39.5566
0 0 0 0 -39.5566
0 0 0 0 -39.5566
0 0 0 0 -39.5566
0 0 0 0 -39.5566
0 0 0 0 -39.5566
0 0 0 0 -39.5566
0 0 0 0 -39.5566
0 0 0 0 -39.5566
0 0 0 0 -39.5566
0 0 0 0 -39.5566
0 0 0 0 -39.5566
0 0 0 0 -39.5566
0 0 0 0 -39.5566
0 0 0 0 -39.5566
0 0 0 0 -39.5566
0 0 0 0 -39.5566
0 0 0 0 -39.5566
0 0 0 0 -39.5566
0 0 0 0 -39.5566
0 0 0 0 -39.5566
0 0 0 0 -39.5566
0 0 0 0 -39.5566
0 0 0 0 -39.5566
0 0 0 0 -39.5566
0 0 0 0 -39.5566
0 0 0 0 -39.5566
0 0 0 0 -39.5566
0 0 0 0 -39.5566
0 0 0 0 -39.5566
0 0 0 0 -39.5566
0 0 0 0 -39.5566
0 0 0 0 -39.5566
0 0 0 0 -39.5566
0 0 0 0 -39.5566
0 0 0 0 -39.5566
0 0 0 0 -39.5566
0 0 0 0 -39.5566
0 0 0 0 -39.5566
0 0 0 0 -39.5566
0 0 0 0 -39.5566
0 0 0 0 -39.5566
0 0 0 0 -39.5566
0 0 0 0 -39.5566
0 0 0 0 -39.5566
0 0 0 0 -39.5566
0 0 0 0 -39.5566
0 0 0 0 -39.5566
0 0 0 0 -39.5566
0 0 0 0 -39.5566
0 0 0 0 -39.5566
0 0 0 0 -39.5566
0 0 0 0 -39.5566
0 0 0 0 -39.5566
0 0 0 0 -39.5566
0 0 0 0 -39.5566
0 0 0 0 -39.5566
0 0 0 0 -39.5566
0 0 0 0 -39.5566
0 0 0 0 -39.5566
0 0 0 0 -39.5566
0 0 0 0 -39.5566
0 0 0 0 -39.5566
0 0 0 0 -39.5566
0 0 0 0 -39.5566
0 0 0 0 -39.5566
0 0 0 0 -39.5566
0 0 0 0 -39.5566
0 0 0 0 -39.5566
0 0 0 0 -39.5566
0 0 0 0 -39.5566
0 0 0 0 -39.5566
0 0 0 0 -39.5566
0 0 0 0 -39.5566
0 0 0 0 -39.5566
0 0 0 0 -39.5566
0 0 0 0 -39.5566
0 0 0 0 -39.5566
0 0 0 0 -39.5566
0 0 0 0 -39.5566
0 0 0 0 -39.5566
0 0 0 0 -39.5566
0 0 0 0 -39.5566
0 0 0 0 -39.5566
0 0 0 0 -39.5566
0 0 0 0 -39.5566
0 0 0 0 -39.5566
0 0 0 0 -39.5566
0 0 0 0 -39.5566
0 0 0 0 -39.5566
0 0 0 0 -39.5566
0 0 0 0 -39.5566
0 0 0 0 -39.5566
0 0 0 0 -39.5566
0 0 0 0 -39.5566
0 0 0 0 -39.5566
0 0 0 0 -39.5566
0 0 0 0 -39.5566
0 0 0 0 -39.5566
0 0 0 0 -39.5566
0 0 0 0 -39.5566
0 0 0 0 -39.5566
0 0 0 0 -39.5566
0 0 0 0 -39.5566
0 0 0 0 -39.5566
0 0 0 0 -39.5566
0 0 0 0 -39.5566
0 0 0 0 -39.5566
0 0 0 0 -39.5566
0 0 0 0 -39.5566
0 0 0 0 -39.5566
0 0 0 0 -39.5566
0 0 0 0 -39.5566
0 0 0 0 -39.5566
0 0 0 0 -39.5566
0 0 0 0 -39.5566
0 0 0 0 -39.5566
0 0 0 0 -39.5566
0 0 0 0 -39.5566
0 0 0 0 -39.5566
0 0 0 0 -39.5566
0 0 0 0 -39.5566
0 0 0 0 -39.5566
0 0 0 0 -39.5566
0 0 0 0 -39.5566
0 0 0 0 -39.5566
0 0 0 0 -39.5566
0 0 0 0 -39.5566
0 0 0 0 -39.5566
0 0 0 0 -39.5566
0 0 0 0 -39.5566
0 0 0 0 -39.5566
0 0 0 0 -39.5566
0 0 0 0 -39.5566
0 0 0 0 -39.5566
0 0 0 0 -39.5566
0 0 0 0 -39.5566
0 0 0 0 -39.5566
0 0 0 0 -39.5566
0 0 0 0 -39.5566
0 0 0 0 -39.5566
0 0 0 0 -39.5566
0 0 0 0 -39.5566
0 0 0 0 -39.5566
0 0 0 0 -39.5566
0 0 0 0 -39.5566
0 0 0 0 -39.5566
0 0 0 0 -39.5566
0 0 0 0 -39.5566
0 0 0 0 -39.5566
5.311 70.748 0 0 -39.5566
5.287 75.248 0 0 -39.5566
5.265 79.748 0 0 -39.5566
5.242 84.248 0 0 0
