-595.751 -6114.82 293.867 20149 -57.4112
-597.141 -6113.93 293.885 20149 -57.4268
-598.542 -6113.04 293.903 20149 -57.4173
-599.95 -6112.14 293.921 20149 -57.4273
-601.353 -6111.24 293.939 20149 -57.4145
-602.752 -6110.35 293.957 20149 -57.4156
-604.155 -6109.45 293.975 20149 -57.8975
-605.582 -6108.56 293.994 20149 -57.6833
-607.044 -6107.63 294.017 20149 -56.9702
-608.535 -6106.66 294.042 20149 -57.1539
-610.052 -6105.68 294.067 20149 -57.5532
-611.565 -6104.72 294.091 20149 -58.4284
-613.056 -6103.8 294.115 20149 -58.8324
-614.517 -6102.92 294.139 20149 -58.7166
-615.964 -6102.04 294.162 20149 -58.7291
-617.428 -6101.15 294.186 20149 -58.1986
-618.919 -6100.23 294.21 20149 -57.9684
-620.428 -6099.28 294.24 30149 -57.3641
-621.915 -6098.33 294.275 30149 -57.4536
-623.369 -6097.4 294.31 30149 -57.4225
-624.787 -6096.5 294.344 30149 -56.4492
-626.168 -6095.58 294.378 30149 -55.7808
-627.531 -6094.65 294.411 30149 -55.9541
-628.896 -6093.73 294.444 30149 -55.9566
-630.263 -6092.81 294.478 30149 -55.9669
-631.63 -6091.89 294.511 30149 -55.9529
-632.994 -6090.96 294.544 30149 -55.8627
-634.359 -6090.04 294.578 30149 -56.2436
-635.739 -6089.12 294.611 30149 -56.6936
-637.142 -6088.19 294.645 30149 -57.0006
-638.57 -6087.27 294.68 30149 -57.442
-640.021 -6086.34 294.714 30149 -57.7968
-641.488 -6085.42 294.749 30149 -57.8423
-642.957 -6084.49 294.785 30149 -57.9465
-644.426 -6083.57 294.82 30149 -57.9465
-645.895 -6082.65 294.856 30149 -57.9466
-647.366 -6081.73 294.891 30149 -58.0127
-648.837 -6080.81 294.927 30149 -57.7357
-650.295 -6079.89 294.962 30149 -57.5531
-651.734 -6078.98 294.997 30149 -57.6144
-653.154 -6078.08 295.031 30149 -57.5644
-654.559 -6077.18 295.066 30149 -57.8852
-655.966 -6076.3 295.1 30149 -58.0117
-657.377 -6075.42 295.134 30149 -57.9544
-658.789 -6074.54 295.168 30149 -57.943
-660.201 -6073.65 295.202 30149 -57.9544
-661.613 -6072.77 295.236 30149 -57.9429
-663.024 -6071.88 295.27 30149 -57.9431
-664.437 -6071 295.304 30149 -57.8718
-665.856 -6070.11 295.339 30149 -57.9956
-667.278 -6069.22 295.374 30149 -58.007
-668.7 -6068.33 295.408 30149 -58.0186
-670.119 -6067.45 295.443 30149 -58.0189
-671.533 -6066.56 295.477 30149 -57.5445
-672.923 -6065.68 295.511 30149 -57.7481
-674.279 -6064.82 295.544 30149 -58.5884
-675.609 -6064.01 295.577 30149 -58.2249
-676.913 -6063.2 295.608 30149 -58.0131
-678.218 -6062.39 295.64 30149 -58.0126
-679.533 -6061.57 295.672 30149 -57.8273
-680.839 -6060.74 295.704 30149 -58.2157
-682.129 -6059.95 295.736 30149 -58.0155
-683.394 -6059.16 295.766 30149 -58.0923
-684.661 -6058.37 295.797 30149 -58.4286
-685.956 -6057.57 295.829 30149 -57.5979
-687.281 -6056.73 295.861 30149 -56.8604
-688.627 -6055.85 295.895 30149 -56.0261
-690.004 -6054.92 295.929 30149 -56.3053
-691.404 -6053.99 295.964 30149 -56.0259
-692.781 -6053.06 295.999 30149 -56.7491
-694.125 -6052.18 296.032 30149 -57.1204
-695.443 -6051.33 296.065 30149 -57.9249
-696.731 -6050.52 296.096 30149 -57.5743
-697.995 -6049.72 296.128 30149 -57.5105
-699.254 -6048.92 296.159 30149 -57.5105
-700.517 -6048.11 296.19 30149 -57.5105
-701.782 -6047.31 296.221 30149 -57.5105
-703.047 -6046.5 296.252 30149 -57.4977
-704.313 -6045.69 296.284 30149 -57.4977
-705.575 -6044.89 296.315 30149 -57.4977
-706.831 -6044.09 296.346 30149 -57.3434
-708.08 -6043.29 296.377 30149 -57.318
-709.333 -6042.49 296.408 30149 -56.9381
-710.587 -6041.67 296.439 30149 -56.5212
-711.839 -6040.84 296.47 30149 -56.521
-713.089 -6040.01 296.502 30149 -56.521
-714.339 -6039.19 296.533 30149 -56.5209
-715.589 -6038.36 296.564 30149 -56.521
-716.84 -6037.53 296.595 30149 -56.5217
-718.095 -6036.7 296.627 30149 -56.4452
-719.347 -6035.87 296.658 30149 -56.2231
-720.581 -6035.05 296.689 30149 -57.0564
-721.791 -6034.26 296.719 30149 -57.6366
-722.978 -6033.51 296.749 30149 -58.7506
-724.139 -6032.81 296.777 30149 -58.757
-725.281 -6032.11 296.805 30149 -58.7073
-726.418 -6031.42 296.833 30149 -58.6717
-727.559 -6030.73 296.861 30149 -58.6682
-728.702 -6030.03 296.889 30149 -58.6685
-729.844 -6029.34 296.917 30149 -58.6575
-730.985 -6028.64 296.944 30149 -58.7872
-732.126 -6027.95 296.972 30149 -57.9938
-733.263 -6027.24 297 30149 -56.8633
-734.4 -6026.5 297.029 30149 -56.0257
-735.543 -6025.73 297.057 30149 -55.3767
-736.689 -6024.94 297.087 30149 -55.2698
-737.844 -6024.14 297.116 30149 -55.3939
-739.011 -6023.33 297.145 30149 -55.6362
-740.184 -6022.53 297.175 30149 -55.6904
-741.354 -6021.73 297.205 30149 -55.6916
-742.51 -6020.94 297.234 30149 -55.7882
-743.661 -6020.16 297.263 30149 -55.6096
-744.821 -6019.37 297.292 30149 -55.5025
-746.002 -6018.55 297.322 30149 -54.8777
-747.199 -6017.71 297.353 30149 -55.1147
-748.405 -6016.87 297.384 30149 -55.0253
-749.585 -6016.05 297.414 30149 -55.9931
-750.741 -6015.27 297.443 30149 -56.2749
-751.865 -6014.52 297.471 30149 -55.6972
-752.965 -6013.77 297.499 30149 -55.6831
-754.061 -6013.02 297.527 30149 -55.0684
-755.153 -6012.25 297.554 30149 -54.2256
-756.235 -6011.47 297.582 30149 -54.2257
-757.317 -6010.7 297.61 30149 -54.2256
-758.399 -6009.92 297.638 30149 -54.2258
-759.479 -6009.14 297.665 30149 -54.2117
-760.557 -6008.36 297.693 30149 -54.2257
-761.638 -6007.58 297.721 30149 -54.4643
-762.738 -6006.8 297.749 30149 -53.9862
-763.851 -6005.99 297.778 30149 -54.2348
-764.979 -6005.17 297.807 30149 -54.0001
-766.092 -6004.37 297.835 30149 -54.4502
-767.192 -6003.58 297.863 30149 -54.2114
-768.273 -6002.8 297.891 30149 -54.2404
-769.351 -6002.02 297.919 30149 -54.2255
-770.434 -6001.24 297.947 30149 -54.2119
-771.51 -6000.47 297.974 30149 -54.2278
-772.572 -5999.7 298.001 30149 -54.2999
-773.64 -5998.94 298.029 30149 -54.0687
-774.735 -5998.14 298.057 30149 -53.7016
-775.862 -5997.31 298.086 30149 -52.6955
-777.003 -5996.44 298.116 30149 -52.1562
-778.133 -5995.57 298.145 30149 -52.3566
-779.26 -5994.7 298.175 30149 -52.1424
-780.387 -5993.82 298.204 30149 -51.712
-781.529 -5992.92 298.234 30149 -51.0043
-782.683 -5991.99 298.265 30149 -50.8656
-783.848 -5991.04 298.296 30149 -50.9946
-785.016 -5990.09 298.327 30149 -51.0029
-786.181 -5989.15 298.358 30149 -50.9898
-787.345 -5988.21 298.389 30149 -50.995
-788.513 -5987.26 298.42 30149 -50.8411
-789.678 -5986.31 298.451 30149 -50.8623
-790.83 -5985.37 298.482 30149 -51.9725
-791.968 -5984.48 298.512 30149 -52.575
-793.083 -5983.63 298.541 30149 -53.7863
-794.184 -5982.82 298.569 30149 -53.8619
-795.272 -5982.03 298.597 30149 -53.6789
-796.357 -5981.23 298.624 30149 -53.6979
-797.438 -5980.44 298.652 30149 -51.7817
-798.507 -5979.6 298.68 30149 -51.4753
-799.603 -5978.72 298.709 30149 -51.7177
-800.715 -5977.85 298.737 30149 -52.258
-801.82 -5976.99 298.766 30149 -51.5824
-802.877 -5976.15 298.794 30149 -50.9032
-803.904 -5975.32 298.821 30149 -50.5549
-804.93 -5974.47 298.848 30149 -50.8844
-805.962 -5973.63 298.875 30149 -51.1551
-807.001 -5972.8 298.902 30149 -51.0542
-808.039 -5971.96 298.929 30149 -51.0542
-809.077 -5971.12 298.956 30149 -51.0546
-810.114 -5970.28 298.984 30149 -51.0543
-811.152 -5969.44 299.011 30149 -51.0545
-812.189 -5968.6 299.038 30149 -51.04
-813.227 -5967.77 299.065 30149 -51.0688
-814.264 -5966.93 299.092 30149 -51.0401
-815.302 -5966.09 299.12 30149 -51.0489
-816.345 -5965.24 299.147 30149 -51.0573
-817.38 -5964.41 299.174 30149 -51.0851
-818.383 -5963.6 299.2 30149 -49.1071
-819.336 -5962.77 299.226 30149 -47.432
-820.271 -5961.91 299.251 30149 -47.4405
-821.234 -5961.03 299.277 30149 -47.4611
-822.22 -5960.13 299.304 30149 -47.4465
-823.205 -5959.22 299.331 30149 -47.4459
-824.187 -5958.32 299.358 30149 -47.4315
-825.169 -5957.42 299.384 30149 -47.4458
-826.151 -5956.52 299.411 30149 -47.4458
-827.133 -5955.61 299.438 30149 -47.4459
-828.115 -5954.71 299.464 30149 -47.4458
-829.097 -5953.81 299.491 30149 -47.4601
-830.079 -5952.91 299.518 30149 -47.4458
-831.062 -5952.01 299.545 30149 -47.4458
-832.044 -5951.11 299.571 30149 -47.4458
-833.026 -5950.2 299.598 30149 -47.4315
-834.008 -5949.3 299.625 30149 -47.445
-834.987 -5948.4 299.651 30149 -47.4466
-835.972 -5947.5 299.678 30149 -47.464
-836.969 -5946.59 299.705 30149 -48.1532
-837.979 -5945.68 299.732 40149 -46.0696
-838.953 -5944.74 299.759 40149 -46.071
-839.917 -5943.81 299.786 40149 -46.0573
-840.874 -5942.89 299.812 40149 -46.0713
-841.834 -5941.97 299.839 40149 -46.057
-842.794 -5941.04 299.865 40149 -46.0713
-843.755 -5940.12 299.892 40149 -46.0713
-844.715 -5939.19 299.918 40149 -46.0713
-845.676 -5938.27 299.945 40149 -46.0713
-846.636 -5937.34 299.971 40149 -46.0713
-847.596 -5936.42 299.998 40149 -46.057
-848.557 -5935.49 300.024 40149 -46.0713
-849.517 -5934.56 300.051 40149 -46.0713
-850.477 -5933.64 300.077 40149 -46.0573
-851.435 -5932.72 300.104 40149 -46.2442
-852.394 -5931.8 300.13 40149 -46.0565
-853.359 -5930.87 300.157 40149 -45.2313
-854.331 -5929.9 300.184 40149 -44.5588
-855.318 -5928.9 300.212 40149 -43.296
-856.303 -5927.86 300.24 40149 -40.3294
-857.249 -5926.74 300.267 40149 -40.1314
-858.185 -5925.63 300.293 40149 -40.0125
-859.08 -5924.57 300.318 40149 -41.3723
-859.974 -5923.55 300.342 40149 -42.2029
-860.85 -5922.58 300.365 40149 -43.4466
-861.712 -5921.67 300.388 40149 -44.7709
-862.567 -5920.81 300.41 40149 -46.5421
-863.404 -5920.02 300.431 40149 -46.1676
-864.228 -5919.23 300.451 40149 -44.6274
-865.066 -5918.38 300.473 40149 -43.6273
-865.922 -5917.48 300.495 40149 -42.3726
-866.788 -5916.53 300.518 40149 -41.7204
-867.675 -5915.54 300.542 40149 -42.0805
-868.575 -5914.54 300.566 40149 -42.0581
-869.471 -5913.55 300.59 40149 -42.0423
-870.366 -5912.55 300.615 40149 -42.0794
-871.266 -5911.56 300.639 40149 -41.8803
-872.156 -5910.57 300.663 40149 -41.5548
-873.003 -5909.61 300.686 40149 -42.6605
-873.835 -5908.71 300.708 40149 -41.0154
-874.605 -5907.82 300.727 40149 -42.1877
-875.359 -5906.99 300.746 40149 -41.9092
-876.072 -5906.2 300.763 40149 -41.6766
-876.779 -5905.4 300.781 40149 -41.7125
-877.489 -5904.6 300.798 40149 -41.6946
-878.18 -5903.83 300.815 40149 -41.733
-878.842 -5903.09 300.831 40149 -40.4981
-879.485 -5902.33 300.848 40149 -40.65
-880.164 -5901.54 300.865 40149 -40.9879
-880.873 -5900.73 300.882 40149 -41.0544
-881.617 -5899.87 300.901 40149 -41.3624
-882.377 -5899.01 300.92 40149 -42.3017
-883.16 -5898.15 300.939 40149 -42.4791
-883.949 -5897.29 300.958 40149 -42.3658
-884.735 -5896.43 300.977 40149 -42.3817
-885.522 -5895.56 300.996 40149 -42.3798
-886.311 -5894.7 301.015 40149 -42.3659
-887.097 -5893.84 301.035 40149 -42.109
-887.869 -5892.98 301.053 40149 -42.3581
-888.625 -5892.15 301.072 40149 -42.6727
-889.366 -5891.35 301.09 40149 -42.3629
-890.098 -5890.55 301.107 40149 -42.3731
-890.838 -5889.74 301.125 40149 -41.6416
-891.574 -5888.91 301.143 40149 -39.5009
-892.27 -5888.06 301.16 40149 -40.1694
-892.951 -5887.26 301.175 40149 -40.9619
-893.619 -5886.49 301.191 40149 -40.2069
-894.263 -5885.73 301.206 40149 -40.1907
-894.905 -5884.97 301.22 40149 -40.1836
-895.553 -5884.2 301.236 40149 -40.2106
-896.194 -5883.44 301.25 40149 -40.2127
-896.816 -5882.71 301.265 40149 -39.719
-897.424 -5881.97 301.279 40149 -39.5183
-898.036 -5881.23 301.294 40149 -39.5183
-898.668 -5880.47 301.308 40149 -39.5373
-899.308 -5879.69 301.324 40149 -39.4992
-899.944 -5878.92 301.338 40149 -39.5374
-900.58 -5878.15 301.353 40149 -39.5183
-901.216 -5877.38 301.368 40149 -39.5183
-901.852 -5876.6 301.383 40149 -39.5183
-902.489 -5875.83 301.398 40149 -39.5183
-903.124 -5875.06 301.413 40149 -39.5183
-903.761 -5874.29 301.428 40149 -39.5183
-904.401 -5873.52 301.443 40149 -39.5183
-905.037 -5872.74 301.458 40149 -38.7198
-905.65 -5871.98 301.473 40149 -39.5587
-906.252 -5871.25 301.487 40149 -40.3607
-906.839 -5870.56 301.501 40149 -39.5613
-907.406 -5869.87 301.514 40149 -39.9861
-907.983 -5869.19 301.528 40149 -37.4399
-908.553 -5868.44 301.541 40149 -37.3808
-909.137 -5867.68 301.554 40149 -37.3604
-909.73 -5866.9 301.568 40149 -37.3671
-910.236 -5866.24 301.579 40149 -37.3442
-910.741 -5865.58 301.591 40149 -37.3442
-725.509 -6026.65 0 0 -37.3442
-726.863 -6025.7 0 0 -37.3442
-728.189 -6024.8 0 0 -37.3442
-729.49 -6023.94 0 0 -37.3442
-730.736 -6023.11 0 0 -37.3442
-731.963 -6022.27 0 0 0
