6.94953e-310 6.94953e-310 0 0 0
0 0 0 0 0
0 0 0 0 0
0 0 0 0 0
0 0 0 0 0
0 0 0 0 0
0 0 0 0 0
0 0 0 0 0
0 0 0 0 0
0 0 0 0 0
0 0 0 0 0
0 0 0 0 0
0 0 0 0 0
0 0 0 0 0
0 0 0 0 0
0 0 0 0 0
0 0 0 0 0
0 0 0 0 0
0 0 0 0 0
0 0 0 0 0
0 0 0 0 0
0 0 0 0 0
0 0 0 0 0
0 0 0 0 0
0 0 0 0 0
0 0 0 0 0
0 0 0 0 0
0 0 0 0 0
0 0 0 0 0
0 0 0 0 0
0 0 0 0 0
0 0 0 0 0
0 0 0 0 0
0 0 0 0 0
0 0 0 0 0
0 0 0 0 0
0 0 0 0 0
0 0 0 0 0
0 0 0 0 0
0 0 0 0 0
-358.902 -6263.21 0 0 0
-359.985 -6262.54 0 0 0
-361.19 -6261.79 0 0 0
-362.274 -6261.12 0 0 0
-363.478 -6260.38 0 0 0
-364.561 -6259.7 0 0 0
-365.655 -6259.03 0 0 0
-366.736 -6258.36 0 0 0
-367.819 -6257.69 0 0 0
-368.886 -6257.02 0 0 0
-369.941 -6256.37 0 0 0
-370.989 -6255.72 0 0 0
-372.043 -6255.07 0 0 0
-373.09 -6254.42 0 0 0
-374.107 -6253.76 0 0 0
-375.117 -6253.11 0 0 0
-376.17 -6252.49 0 0 0
-377.258 -6251.83 0 0 0
-378.378 -6251.16 0 0 0
-379.549 -6250.5 0 0 0
-380.728 -6249.84 0 0 0
-381.904 -6249.18 0 0 0
-383.081 -6248.51 0 0 0
-384.262 -6247.85 0 0 0
-385.422 -6247.19 0 0 0
-386.531 -6246.54 0 0 0
-387.601 -6245.92 0 0 0
-358.219 -6259.92 0 0 0
-364.424 -6260.51 0 0 0
-365.377 -6259.91 0 0 0
-366.311 -6259.3 0 0 0
-367.255 -6258.69 0 0 0
-368.2 -6258.08 0 0 0
-369.144 -6257.46 0 0 0
-370.088 -6256.85 0 0 0
-371.032 -6256.23 0 0 0
-371.976 -6255.62 0 0 0
-372.921 -6255 0 0 0
-373.865 -6254.39 0 0 0
-374.809 -6253.78 0 0 0
-375.753 -6253.16 0 0 0
-376.697 -6252.55 0 0 0
-377.642 -6251.93 0 0 0
-378.587 -6251.32 0 0 0
-379.53 -6250.71 0 0 0
-380.466 -6250.1 0 0 0
-381.392 -6249.48 0 0 0
-382.331 -6248.85 0 0 0
-383.297 -6248.21 0 0 0
-384.29 -6247.56 0 0 0
-385.304 -6246.9 0 0 0
-386.333 -6246.25 0 0 0
-387.363 -6245.59 0 0 0
-388.391 -6244.94 0 0 0
-389.418 -6244.28 0 0 0
-390.445 -6243.62 0 0 0
-391.472 -6242.97 0 0 0
-392.499 -6242.31 0 0 0
-393.526 -6241.66 0 0 0
-394.553 -6241 0 0 0
-395.581 -6240.35 0 0 0
-396.609 -6239.69 0 0 0
-397.635 -6239.04 0 0 0
-398.657 -6238.39 0 0 0
-399.665 -6237.72 0 0 0
-400.672 -6237.06 0 0 0
-401.685 -6236.38 0 0 0
-402.729 -6235.72 0 0 0
-403.807 -6235.04 0 0 0
-404.912 -6234.34 0 0 0
-406.052 -6233.62 0 0 0
-407.222 -6232.91 0 0 0
-408.393 -6232.2 0 0 0
-409.561 -6231.49 0 0 0
-410.727 -6230.78 0 0 0
-411.9 -6230.06 0 0 0
-413.071 -6229.35 0 0 0
-414.199 -6228.65 0 0 0
-415.27 -6227.94 0 0 0
-416.291 -6227.24 0 0 0
-417.272 -6226.56 0 0 0
-418.221 -6225.92 0 0 0
-419.119 -6225.25 0 0 0
-420.019 -6224.58 0 0 0
-420.94 -6223.91 0 0 0
-421.902 -6223.24 0 0 0
-422.894 -6222.55 0 0 0
-423.93 -6221.85 0 0 0
-424.994 -6221.17 0 0 0
-426.061 -6220.53 0 0 0
-427.118 -6219.93 0 0 0
-428.174 -6219.36 0 0 0
-429.229 -6218.76 0 0 0
-430.277 -6218.12 0 0 0
-431.321 -6217.47 0 0 0
-432.372 -6216.82 0 0 0
-433.421 -6216.17 0 0 0
-356.524 -6260.71 295.934 10148 -58.2846
-357.5 -6260.11 295.919 10148 -58.2845
-358.476 -6259.5 295.904 10148 -58.2846
-359.452 -6258.9 295.888 10148 -58.2846
-360.428 -6258.3 295.873 10148 -58.2901
-361.412 -6257.69 295.857 10148 -58.3169
-362.382 -6257.09 295.842 10148 -58.3138
-363.32 -6256.51 295.827 10148 -57.6356
-364.241 -6255.93 295.812 10148 -57.3598
-365.166 -6255.33 295.798 10148 -57.6434
-366.117 -6254.73 295.783 10148 -57.9657
-367.073 -6254.13 295.768 10148 -58.226
-368.014 -6253.55 295.753 10148 -58.2794
-368.952 -6252.97 295.738 10148 -58.2272
-369.89 -6252.39 295.723 10148 -58.2267
-370.83 -6251.81 295.708 10148 -58.2267
-371.769 -6251.23 295.694 10148 -58.2267
-372.708 -6250.64 295.679 10148 -58.2267
-373.648 -6250.06 295.664 10148 -58.2441
-374.587 -6249.48 295.649 10148 -58.2342
-375.527 -6248.9 295.634 10148 -58.2172
-376.476 -6248.31 295.62 10148 -58.2589
-377.406 -6247.74 295.605 10148 -58.2573
-378.296 -6247.18 295.591 10148 -58.0966
-379.169 -6246.64 295.578 10148 -57.0344
-380.047 -6246.07 295.564 10148 -57.0538
-380.964 -6245.48 295.549 10148 -57.0859
-381.899 -6244.87 295.534 10148 -56.9748
-382.824 -6244.27 295.52 10148 -57.515
-383.763 -6243.67 295.505 10148 -57.8754
-384.725 -6243.07 295.49 10148 -57.8594
-385.71 -6242.45 295.474 10148 -58.1823
-386.718 -6241.83 295.459 10148 -58.6747
-387.739 -6241.2 295.443 10148 -58.5941
-388.761 -6240.58 295.427 10148 -58.6028
-389.781 -6239.96 295.411 10148 -58.606
-390.8 -6239.33 295.395 10148 -58.6056
-391.82 -6238.71 295.38 10148 -58.6218
-392.839 -6238.09 295.364 10148 -58.5898
-393.859 -6237.47 295.348 10148 -58.6003
-394.886 -6236.84 295.332 10148 -58.6112
-395.898 -6236.22 295.317 10148 -58.635
-396.877 -6235.63 295.302 10148 -57.9528
-397.836 -6235.03 295.287 10148 -57.6523
-398.805 -6234.41 295.272 10148 -57.6443
-399.807 -6233.78 295.256 10148 -57.6481
-400.823 -6233.13 295.24 10148 -57.6626
-401.833 -6232.5 295.225 10148 -57.6315
-402.847 -6231.85 295.209 10148 -57.6357
-403.856 -6231.21 295.193 10148 -57.1142
-404.843 -6230.58 295.178 10148 -57.8437
-405.809 -6229.97 295.163 10148 -58.0651
-406.753 -6229.38 295.148 10148 -56.7376
-407.679 -6228.77 295.134 10148 -56.1346
-408.608 -6228.15 295.119 10148 -56.021
-409.546 -6227.52 295.105 10148 -56.1581
-410.506 -6226.87 295.089 10148 -56.0363
-411.394 -6226.27 295.076 10148 -55.9676
-412.257 -6225.69 295.062 10148 -55.1758
-413.049 -6225.14 295.049 10148 -53.1316
-413.884 -6224.51 295.036 10148 -53.2325
-414.742 -6223.87 295.022 10148 -53.5976
-415.669 -6223.19 295.007 10148 -53.4951
-416.581 -6222.51 294.992 10148 -53.5168
-417.493 -6221.84 294.977 10148 -53.5304
-418.404 -6221.17 294.963 10148 -53.4924
-419.314 -6220.49 294.948 10148 -53.2385
-420.224 -6219.81 294.934 10148 -54.3114
-421.154 -6219.15 294.919 10148 -55.4654
-422.11 -6218.49 294.904 10148 -56.5754
-423.096 -6217.84 294.889 10148 -57.1824
-424.099 -6217.19 294.873 10148 -59.1032
-425.123 -6216.58 294.858 10148 -61.123
-426.156 -6216.01 294.843 10148 -61.9905
-427.192 -6215.46 294.827 10148 -61.1415
-428.225 -6214.89 294.812 10148 -58.6574
-429.24 -6214.27 294.797 10148 -57.6918
-430.24 -6213.64 294.782 10148 -58.3795
-431.229 -6213.03 294.767 10148 -58.1919
-432.197 -6212.43 294.752 10148 -58.059
-433.157 -6211.83 294.738 10148 -58.0927
-434.116 -6211.23 294.723 10148 -58.0755
-435.078 -6210.63 294.709 10148 -58.0754
-436.04 -6210.03 294.694 10148 -58.0924
-437.001 -6209.43 294.68 10148 -58.0918
-437.966 -6208.83 294.665 10148 -58.0734
-438.941 -6208.23 294.65 10148 -58.1888
-439.86 -6207.66 294.636 10148 -57.652
-440.75 -6207.09 294.623 10148 -56.0686
-441.57 -6206.54 294.61 10148 -56.3166
-442.441 -6205.96 294.597 10148 -56.8833
-443.348 -6205.37 294.583 10148 -56.4856
-444.3 -6204.74 294.568 10148 -57.2822
-445.276 -6204.11 294.554 10148 -57.3223
-446.257 -6203.48 294.539 10148 -57.3045
-447.236 -6202.85 294.524 10148 -57.3033
-448.213 -6202.23 294.509 10148 -57.3038
-449.191 -6201.6 294.495 10148 -57.3036
-450.169 -6200.97 294.48 10148 -57.3036
-451.146 -6200.34 294.465 10148 -57.32
-452.124 -6199.72 294.451 10148 -57.3036
-453.102 -6199.09 294.436 10148 -57.32
-454.08 -6198.46 294.421 10148 -57.3036
-455.057 -6197.83 294.406 10148 -57.2872
-456.035 -6197.21 294.392 10148 -57.3199
-457.012 -6196.58 294.377 10148 -57.3041
-457.991 -6195.95 294.362 10148 -57.3224
-458.972 -6195.32 294.347 10148 -57.2096
-459.952 -6194.69 294.333 10148 -57.0192
-460.917 -6194.06 294.318 10148 -57.6756
-461.863 -6193.47 294.304 10148 -58.6551
-462.787 -6192.9 294.291 10148 -59.4228
-463.692 -6192.37 294.278 10148 -59.2405
-464.582 -6191.84 294.265 10148 -59.1124
-465.47 -6191.31 294.252 10148 -59.1082
-466.362 -6190.77 294.239 10148 -59.107
-467.254 -6190.24 294.226 10148 -59.1256
-468.147 -6189.71 294.213 10148 -59.1073
-469.039 -6189.17 294.2 10148 -59.1256
-469.931 -6188.64 294.187 10148 -59.1073
-470.824 -6188.1 294.173 10148 -59.1073
-471.716 -6187.57 294.16 10148 -59.0956
-472.617 -6187.03 294.147 10148 -58.991
-473.581 -6186.45 294.133 20148 -58.9389
-474.574 -6185.85 294.118 20148 -58.6551
-475.549 -6185.26 294.103 20148 -58.0331
-476.533 -6184.65 294.088 20148 -58.0427
-477.559 -6184.01 294.072 20148 -58.0245
-478.604 -6183.35 294.056 20148 -58.0729
-479.638 -6182.71 294.04 20148 -58.3341
-480.688 -6182.06 294.024 20148 -57.8698
-481.758 -6181.39 294.008 20148 -56.962
-482.851 -6180.68 293.991 20148 -56.3064
-483.959 -6179.94 293.974 20148 -55.7758
-485.067 -6179.19 293.956 20148 -55.7134
-486.172 -6178.43 293.939 20148 -55.8077
-487.275 -6177.68 293.922 20148 -55.7812
-488.376 -6176.93 293.908 20148 -55.7909
-489.476 -6176.19 293.895 20148 -55.7213
-490.576 -6175.44 293.882 20148 -56.1268
-491.693 -6174.69 293.868 20148 -56.426
-492.836 -6173.93 293.855 20148 -56.1013
-493.999 -6173.15 293.841 20148 -56.9408
-495.183 -6172.38 293.827 20148 -58.8103
-496.386 -6171.65 293.813 20148 -59.2617
-497.593 -6170.93 293.799 20148 -58.6316
-498.798 -6170.2 293.785 20148 -57.2938
-499.989 -6169.43 293.771 20148 -57.0945
-501.162 -6168.67 293.757 20148 -58.2476
-502.324 -6167.95 293.745 20148 -59.1884
-503.491 -6167.26 293.736 20148 -59.2953
-504.686 -6166.55 293.726 20148 -58.465
-505.909 -6165.8 293.716 20148 -58.2272
-507.169 -6165.02 293.706 20148 -58.7561
-508.454 -6164.24 293.696 20148 -58.7416
-509.741 -6163.46 293.686 20148 -58.7648
-511.031 -6162.67 293.675 20148 -58.7495
-512.307 -6161.9 293.665 20148 -58.7817
-513.556 -6161.14 293.655 20148 -58.6706
-514.793 -6160.39 293.645 20148 -58.2455
-516.035 -6159.62 293.635 20148 -58.2218
-517.304 -6158.83 293.628 20148 -58.2044
-518.585 -6158.04 293.622 20148 0
