-434.628 -6215.97 294.75 10149 -56.9433
-435.608 -6215.34 294.735 10149 -55.8181
-436.583 -6214.67 294.72 10149 -56.4325
-437.565 -6214.02 294.705 10149 -57.148
-438.537 -6213.39 294.69 10149 -56.4887
-439.481 -6212.77 294.675 10149 -56.4851
-440.421 -6212.15 294.661 10149 -56.4729
-441.365 -6211.52 294.646 10149 -56.4916
-442.31 -6210.9 294.632 10149 -56.4744
-443.255 -6210.27 294.617 10149 -56.4744
-444.2 -6209.64 294.603 10149 -56.4912
-445.145 -6209.02 294.588 10149 -56.4747
-446.09 -6208.39 294.574 10149 -56.4912
-447.035 -6207.77 294.559 10149 -56.4782
-447.98 -6207.14 294.545 10149 -56.4778
-448.924 -6206.51 294.531 10149 -56.4904
-449.865 -6205.89 294.516 10149 -56.578
-450.81 -6205.27 294.502 10149 -56.5637
-451.768 -6204.64 294.488 10149 -56.35
-452.745 -6203.99 294.473 10149 -56.5896
-453.745 -6203.33 294.457 10149 -57.581
-454.766 -6202.68 294.442 10149 -59.5382
-455.81 -6202.06 294.427 10149 -59.954
-456.854 -6201.46 294.412 10149 -59.6563
-457.894 -6200.85 294.396 10149 -59.6409
-458.934 -6200.24 294.381 10149 -59.6543
-459.975 -6199.63 294.366 10149 -59.6689
-461.017 -6199.02 294.35 10149 -59.7233
-462.056 -6198.42 294.335 10149 -59.799
-463.091 -6197.81 294.32 10149 -59.2585
-464.118 -6197.2 294.305 10149 -58.1371
-465.144 -6196.56 294.29 10149 -57.0402
-466.187 -6195.89 294.275 10149 -56.3569
-467.237 -6195.19 294.259 10149 -56.3498
-468.282 -6194.49 294.243 10149 -56.3561
-469.322 -6193.8 294.227 10149 -55.4302
-470.353 -6193.09 294.212 10149 -55.4653
-471.4 -6192.37 294.196 10149 -55.4983
-472.454 -6191.65 294.18 10149 -55.4747
-473.505 -6190.92 294.164 10149 -55.4747
-474.556 -6190.2 294.148 10149 -55.6916
-475.719 -6189.41 294.13 20149 -55.8089
-476.96 -6188.56 294.11 20149 -55.7961
-478.201 -6187.72 294.091 20149 -55.7966
-479.441 -6186.88 294.071 20149 -55.8075
-480.681 -6186.03 294.052 20149 -55.7901
-481.918 -6185.19 294.033 20149 -55.8042
-483.156 -6184.35 294.013 20149 -56.1693
-484.414 -6183.51 293.993 20149 -56.0737
-485.7 -6182.64 293.973 20149 -55.3759
-487.009 -6181.74 293.953 20149 -55.7755
-488.342 -6180.83 293.932 20149 -57.5008
-489.7 -6179.97 293.913 20149 -57.8026
-491.062 -6179.11 293.897 20149 -57.4726
-492.427 -6178.24 293.881 20149 -57.0608
-493.788 -6177.36 293.865 20149 -57.5397
-495.139 -6176.5 293.849 20149 -58.7637
-496.478 -6175.69 293.833 20149 -58.9306
-497.809 -6174.89 293.818 20149 -58.7627
-499.15 -6174.07 293.802 20149 -58.7822
-500.499 -6173.25 293.787 20149 -58.7502
-501.84 -6172.44 293.771 20149 -58.7554
-503.174 -6171.63 293.756 20149 -58.9276
-504.519 -6170.82 293.743 20149 -58.5892
-505.871 -6170 293.732 20149 -58.7806
-507.229 -6169.17 293.721 20149 -58.2262
-508.582 -6168.33 293.71 20149 -58.4225
-509.957 -6167.49 293.699 20149 -58.0401
-511.355 -6166.62 293.688 20149 -58.2323
-512.775 -6165.74 293.676 20149 -58.2207
-514.195 -6164.86 293.665 20149 -58.2209
-515.614 -6163.98 293.653 20149 -58.232
-517.035 -6163.1 293.642 20149 -58.2323
-518.452 -6162.22 293.631 20149 -58.0246
-519.85 -6161.35 293.624 20149 -58.4154
-521.233 -6160.5 293.618 20149 -58.2289
-522.607 -6159.65 293.612 20149 -58.2146
-523.99 -6158.79 293.606 20149 -58.0496
-525.375 -6157.93 293.599 20149 -57.6604
-526.733 -6157.07 293.593 20149 -58.4878
-528.061 -6156.25 293.587 20149 -58.7433
-529.358 -6155.47 293.581 20149 -58.4294
-530.65 -6154.67 293.575 20149 -58.0238
-531.954 -6153.86 293.569 20149 -58.2309
-533.276 -6153.04 293.565 20149 -58.0106
-534.585 -6152.22 293.563 20149 -58.4283
-535.879 -6151.43 293.562 20149 -58.2188
-537.154 -6150.64 293.561 20149 -58.2197
-538.425 -6149.85 293.559 20149 -58.2321
-539.698 -6149.06 293.558 20149 -58.2196
-540.97 -6148.27 293.557 20149 -58.2189
-542.244 -6147.48 293.555 20149 -58.4427
-543.534 -6146.69 293.554 20149 -58.2219
-544.843 -6145.88 293.553 20149 -58.251
-546.179 -6145.05 293.551 20149 -57.9943
-547.534 -6144.21 293.551 20149 -58.2214
-548.903 -6143.36 293.554 20149 -58.2442
-550.275 -6142.51 293.557 20149 -58.5594
-551.661 -6141.66 293.561 20149 -58.7449
-553.072 -6140.8 293.564 20149 -58.3303
-554.506 -6139.92 293.568 20149 -58.8482
-555.97 -6139.04 293.571 20149 -59.2828
-557.453 -6138.15 293.575 20149 -59.1249
-558.937 -6137.27 293.578 20149 -58.6107
-560.403 -6136.37 293.582 20149 -58.2995
-561.827 -6135.49 293.585 20149 -58.9495
-563.224 -6134.65 293.593 20149 -58.9565
-564.583 -6133.83 293.601 20149 -57.959
-565.895 -6133.01 293.609 20149 -57.4237
-567.185 -6132.19 293.617 20149 -57.9985
-568.472 -6131.38 293.624 20149 -58.8374
-569.759 -6130.61 293.632 20149 -58.3445
-571.034 -6129.82 293.64 20149 -57.4387
-572.295 -6129.01 293.647 20149 -57.7453
-573.564 -6128.21 293.655 20149 -57.7198
-574.832 -6127.41 293.662 20149 -57.7453
-576.101 -6126.61 293.67 20149 -57.7403
-577.369 -6125.81 293.68 20149 -57.7432
-578.637 -6125.01 293.692 20149 -57.7432
-579.906 -6124.21 293.704 20149 -57.7432
-581.174 -6123.41 293.716 20149 -57.7434
-582.445 -6122.61 293.728 20149 -57.743
-583.712 -6121.81 293.74 20149 -57.755
-584.971 -6121.01 293.752 20149 -57.4719
-586.223 -6120.22 293.764 20149 -57.4087
-587.478 -6119.41 293.776 20149 -57.3988
-588.74 -6118.61 293.788 20149 -57.4128
-590.005 -6117.8 293.8 20149 -57.4165
-591.269 -6116.99 293.813 20149 -57.4137
-592.533 -6116.18 293.829 20149 -57.4264
-593.797 -6115.37 293.846 20149 -57.4263
-595.061 -6114.57 293.862 20149 -57.4136
-596.324 -6113.76 293.878 20149 -57.4265
-597.589 -6112.95 293.894 20149 -57.4274
-598.855 -6112.14 293.911 20149 -57.3388
-600.121 -6111.33 293.927 20149 -57.4122
-601.381 -6110.53 293.943 20149 -57.7808
-602.627 -6109.74 293.959 20149 -58.3609
-603.855 -6108.98 293.975 20149 -58.6647
-605.067 -6108.25 293.991 20149 -58.5902
-606.268 -6107.51 294.009 20149 -58.5257
-607.469 -6106.78 294.029 20149 -58.545
-608.685 -6106.03 294.048 20149 -58.3634
-609.92 -6105.27 294.068 20149 -57.9547
-611.156 -6104.5 294.088 20149 -57.2781
-612.366 -6103.72 294.108 20149 -57.9566
-613.547 -6102.98 294.127 20149 -58.3958
-614.698 -6102.27 294.146 20149 -57.8294
-615.825 -6101.57 294.164 20149 -57.8149
-616.949 -6100.86 294.182 20149 -57.8297
-618.081 -6100.15 294.201 20149 -57.8439
-619.211 -6099.44 294.219 20149 -57.474
-620.321 -6098.73 294.244 30149 -57.6972
-621.415 -6098.04 294.27 30149 -57.6649
-622.483 -6097.36 294.296 30149 -57.7239
-623.527 -6096.7 294.321 30149 -57.7066
-624.546 -6096.06 294.345 30149 -57.9639
-625.546 -6095.43 294.369 30149 -57.7039
-626.531 -6094.81 294.392 30149 -57.6872
-627.513 -6094.19 294.416 30149 -57.7038
-628.497 -6093.56 294.439 30149 -57.6876
-629.484 -6092.94 294.463 30149 -57.7039
-630.469 -6092.32 294.487 30149 -57.7039
-631.455 -6091.69 294.51 30149 -57.7039
-632.441 -6091.07 294.534 30149 -57.7039
-633.427 -6090.45 294.557 30149 -57.6875
-634.412 -6089.82 294.581 30149 -57.7039
-635.398 -6089.2 294.604 30149 -57.6875
-636.384 -6088.58 294.628 30149 -57.7039
-637.369 -6087.96 294.652 30149 -57.6876
-638.355 -6087.33 294.675 30149 -57.7043
-639.346 -6086.71 294.699 30149 -57.704
-640.333 -6086.08 294.723 30149 -57.002
-641.294 -6085.46 294.746 30149 -57.7942
-642.229 -6084.87 294.768 30149 -58.6205
-643.148 -6084.31 294.79 30149 -58.1945
-644.062 -6083.74 294.812 30149 -57.7193
-644.983 -6083.16 294.834 30149 -57.2636
-645.9 -6082.57 294.857 30149 -57.9086
-646.798 -6082.01 294.878 30149 -58.7268
-647.671 -6081.48 294.899 30149 -57.9389
-648.516 -6080.95 294.92 30149 -57.9386
-649.359 -6080.42 294.94 30149 -57.9581
-650.205 -6079.89 294.961 30149 -57.9392
-651.052 -6079.36 294.981 30149 -57.9391
-651.899 -6078.83 295.002 30149 -57.9391
-652.746 -6078.3 295.022 30149 -57.9582
-653.594 -6077.77 295.042 30149 -57.939
-654.44 -6077.24 295.063 30149 -57.9392
-655.288 -6076.71 295.083 30149 -57.9587
-656.14 -6076.17 295.104 30149 -57.9588
-656.993 -6075.64 295.125 30149 -58.1107
-657.847 -6075.11 295.145 30149 -58.111
-658.696 -6074.58 295.166 30149 -58.1112
-659.544 -6074.05 295.186 30149 -58.1111
-660.393 -6073.52 295.207 30149 -58.1111
-661.241 -6073 295.227 30149 -58.1111
-662.09 -6072.47 295.248 30149 -58.1111
-662.939 -6071.94 295.268 30149 -58.1111
-663.788 -6071.41 295.289 30149 -58.1111
-664.636 -6070.88 295.309 30149 -58.0338
-665.484 -6070.35 295.33 30149 -58.0151
-666.332 -6069.83 295.35 30149 -58.0342
-667.18 -6069.3 295.371 30149 -58.0151
-668.028 -6068.77 295.392 30149 -58.0151
-668.876 -6068.24 295.412 30149 -58.0151
-669.724 -6067.71 295.433 30149 -58.0151
-670.572 -6067.18 295.454 30149 -58.0151
-671.42 -6066.65 295.474 30149 -58.0342
-672.268 -6066.12 295.495 30149 -58.0151
-673.116 -6065.59 295.516 30149 -58.0151
-673.964 -6065.06 295.536 30149 -58.0151
-674.812 -6064.53 295.557 30149 -58.0152
-675.659 -6064 295.578 30149 -57.8621
-676.504 -6063.47 295.598 30149 -58.034
-677.354 -6062.94 295.619 30149 -58.8275
-678.218 -6062.42 295.64 30149 -59.4916
-679.098 -6061.9 295.661 30149 -60.3128
-679.992 -6061.39 295.682 30149 -60.4355
-680.891 -6060.88 295.704 30149 -60.3424
-681.789 -6060.37 295.725 30149 -60.3968
-682.687 -6059.86 295.746 30149 -60.4903
-683.587 -6059.35 295.768 30149 -60.3321
-684.481 -6058.84 295.789 30149 -59.4724
-685.361 -6058.32 295.81 30149 -58.7703
-686.225 -6057.8 295.831 30149 -57.9577
-687.075 -6057.26 295.852 30149 -57.6886
-687.918 -6056.73 295.872 30149 -57.4977
-688.761 -6056.19 295.893 30149 -57.5168
-689.604 -6055.66 295.914 30149 -57.4977
-690.448 -6055.12 295.935 30149 -57.4977
-691.29 -6054.58 295.956 30149 -57.5169
-692.128 -6054.05 295.976 30149 -57.4977
-692.97 -6053.51 295.997 30149 -58.2661
-693.836 -6052.98 296.018 30149 -57.9104
-694.738 -6052.41 296.04 30149 -57.1341
-695.665 -6051.81 296.063 30149 -56.8148
-696.624 -6051.19 296.087 30149 -57.4977
-697.605 -6050.56 296.111 30149 -57.4484
-698.585 -6049.94 296.136 30149 -57.2995
-699.557 -6049.31 296.16 30149 -57.317
-700.536 -6048.68 296.184 30149 -57.9645
-701.541 -6048.05 296.209 30149 -57.6529
-702.581 -6047.4 296.234 30149 -56.9707
-703.644 -6046.7 296.261 30149 -56.6983
-704.743 -6045.98 296.288 30149 -57.3118
-705.866 -6045.26 296.316 30149 -57.3266
-706.993 -6044.54 296.344 30149 -57.2971
-708.115 -6043.82 296.371 30149 -57.2962
-709.231 -6043.1 296.399 30149 -57.2349
-710.35 -6042.38 296.427 30149 -57.1156
-711.485 -6041.65 296.455 30149 -56.8351
-712.655 -6040.88 296.484 30149 -56.2063
-713.847 -6040.09 296.514 30149 -56.0024
-715.074 -6039.26 296.545 30149 -56.5213
-716.327 -6038.43 296.576 30149 -56.5218
-717.583 -6037.6 296.608 30149 -56.521
-718.833 -6036.77 296.639 30149 -56.5202
-720.079 -6035.95 296.67 30149 -56.5207
-721.327 -6035.12 296.701 30149 -57.0391
-722.601 -6034.3 296.733 30149 -56.8098
-723.91 -6033.44 296.766 30149 -56.235
-725.241 -6032.55 296.799 30149 -56.0618
-726.606 -6031.63 296.834 30149 -56.5177
-727.999 -6030.71 296.869 30149 -56.5189
-729.401 -6029.78 296.904 30149 -56.6325
-730.805 -6028.86 296.939 30149 -56.8147
-732.206 -6027.94 296.974 30149 -56.0076
-733.585 -6027.01 297.009 30149 -55.6972
-734.959 -6026.08 297.043 30149 -55.8779
-736.351 -6025.13 297.078 30149 -55.6944
-737.759 -6024.17 297.114 30149 -55.7255
-739.193 -6023.19 297.15 30149 -55.6799
-740.65 -6022.2 297.187 30149 -55.6889
-742.132 -6021.19 297.225 30149 -55.5195
-743.632 -6020.16 297.263 30149 -55.697
-745.147 -6019.12 297.301 30149 -55.6967
-746.665 -6018.09 297.339 30149 -55.6865
-748.18 -6017.05 297.378 30149 -55.6971
-749.694 -6016.02 297.416 30149 -55.697
-751.208 -6014.99 297.454 30149 -55.697
-752.723 -6013.96 297.493 30149 -55.697
-754.237 -6012.92 297.531 30149 -54.6784
-755.733 -6011.86 297.569 30149 -54.2256
-757.22 -6010.79 297.607 30149 -54.2257
-758.707 -6009.72 297.645 30149 -54.2259
-760.192 -6008.65 297.683 30149 -54.2155
-761.675 -6007.58 297.722 30149 -54.6517
-763.173 -6006.52 297.76 30149 -54.2229
-764.697 -6005.42 297.799 30149 -53.3039
-766.233 -6004.27 297.839 30149 -53.0615
-767.804 -6003.09 297.88 30149 -52.8747
-769.393 -6001.89 297.921 30149 -52.7373
-770.975 -6000.69 297.963 30149 -52.6912
-772.537 -5999.5 298.003 30149 -53.3484
-774.083 -5998.35 298.044 30149 -53.8388
-775.612 -5997.23 298.083 30149 -53.0803
-777.118 -5996.1 298.122 30149 -52.3331
-778.619 -5994.94 298.161 30149 -52.263
-780.134 -5993.77 298.201 30149 0
