0 0 0 0 0
0 0 0 0 0
0 0 0 0 0
0 0 0 0 0
0 0 0 0 0
0 0 0 0 0
0 0 0 0 0
0 0 0 0 0
0 0 0 0 0
0 0 0 0 0
0 0 0 0 0
0 0 0 0 0
0 0 0 0 0
0 0 0 0 0
0 0 0 0 0
0 0 0 0 0
0 0 0 0 0
0 0 0 0 0
0 0 0 0 0
0 0 0 0 0
0 0 0 0 0
0 0 0 0 0
0 0 0 0 0
0 0 0 0 0
0 0 0 0 0
0 0 0 0 0
0 0 0 0 0
0 0 0 0 0
0 0 0 0 0
0 0 0 0 0
0 0 0 0 0
0 0 0 0 0
0 0 0 0 0
0 0 0 0 0
0 0 0 0 0
0 0 0 0 0
0 0 0 0 0
0 0 0 0 0
0 0 0 0 0
0 0 0 0 0
0 0 0 0 0
0 0 0 0 0
0 0 0 0 0
0 0 0 0 0
0 0 0 0 0
0 0 0 0 0
0 0 0 0 0
0 0 0 0 0
0 0 0 0 0
0 0 0 0 0
0 0 0 0 0
0 0 0 0 0
0 0 0 0 0
0 0 0 0 0
0 0 0 0 0
0 0 0 0 0
0 0 0 0 0
0 0 0 0 0
0 0 0 0 0
0 0 0 0 0
0 0 0 0 0
0 0 0 0 0
0 0 0 0 0
0 0 0 0 0
0 0 0 0 0
0 0 0 0 0
0 0 0 0 0
0 0 0 0 0
0 0 0 0 0
0 0 0 0 0
0 0 0 0 0
0 0 0 0 0
0 0 0 0 0
0 0 0 0 0
0 0 0 0 0
0 0 0 0 0
0 0 0 0 0
0 0 0 0 0
0 0 0 0 0
0 0 0 0 0
0 0 0 0 0
0 0 0 0 0
0 0 0 0 0
0 0 0 0 0
0 0 0 0 0
0 0 0 0 0
0 0 0 0 0
0 0 0 0 0
0 0 0 0 0
0 0 0 0 0
0 0 0 0 0
0 0 0 0 0
0 0 0 0 0
0 0 0 0 0
0 0 0 0 0
0 0 0 0 0
0 0 0 0 0
0 0 0 0 0
0 0 0 0 0
0 0 0 0 0
0 0 0 0 0
0 0 0 0 0
0 0 0 0 0
0 0 0 0 0
0 0 0 0 0
0 0 0 0 0
-359.631 -6263.75 295.921 10149 -58.228
-360.353 -6263.3 295.909 10149 -58.2054
-361.076 -6262.85 295.898 10149 -58.2057
-361.798 -6262.4 295.886 10149 -58.2223
-362.762 -6261.81 295.871 10149 -58.4942
-363.713 -6261.22 295.856 10149 -57.9639
-364.69 -6260.61 295.841 10149 -58.0173
-365.641 -6260.02 295.826 10149 -58.438
-366.576 -6259.44 295.811 10149 -58.2336
-367.497 -6258.87 295.796 10149 -58.4562
-368.431 -6258.3 295.782 10149 -58.0176
-369.38 -6257.71 295.767 10149 -58.2178
-370.344 -6257.11 295.752 10149 -58.2324
-371.315 -6256.51 295.736 10149 -58.2356
-372.276 -6255.91 295.721 10149 -58.2234
-373.225 -6255.33 295.706 10149 -57.4498
-374.158 -6254.73 295.691 10149 -56.3841
-375.072 -6254.12 295.677 10149 -56.7847
-375.976 -6253.53 295.662 10149 -57.3514
-376.856 -6252.97 295.648 10149 -57.7755
-377.711 -6252.43 295.635 10149 -57.0829
-378.543 -6251.89 295.622 10149 -56.3194
-379.351 -6251.35 295.609 10149 -57.1225
-380.143 -6250.84 295.596 10149 -57.8296
-380.917 -6250.35 295.584 10149 -57.0627
-381.67 -6249.86 295.572 10149 -57.0547
-382.417 -6249.38 295.56 10149 -57.0689
-383.157 -6248.9 295.549 10149 -57.0869
-383.893 -6248.42 295.537 10149 -57.0694
-384.634 -6247.94 295.525 10149 -57.0803
-385.384 -6247.46 295.513 10149 -57.0661
-386.141 -6246.97 295.501 10149 -57.088
-386.898 -6246.48 295.489 10149 -57.0627
-387.652 -6245.99 295.478 10149 -56.7677
-388.391 -6245.51 295.466 10149 -57.3614
-389.118 -6245.04 295.454 10149 -57.0866
-389.834 -6244.58 295.443 10149 -57.0757
-390.541 -6244.12 295.432 10149 -57.042
-391.237 -6243.67 295.421 10149 -56.3514
-391.924 -6243.21 295.41 10149 -56.0863
-392.614 -6242.75 295.399 10149 -56.1417
-393.317 -6242.27 295.388 10149 -56.1122
-394.025 -6241.8 295.377 10149 -56.1269
-394.731 -6241.33 295.365 10149 -56.1269
-395.437 -6240.85 295.354 10149 -56.1269
-396.143 -6240.38 295.343 10149 -56.1269
-396.848 -6239.9 295.332 10149 -56.1269
-397.554 -6239.43 295.321 10149 -56.1493
-398.26 -6238.96 295.31 10149 -56.1269
-398.966 -6238.48 295.298 10149 -56.1044
-399.671 -6238.01 295.287 10149 -56.1488
-400.377 -6237.54 295.276 10149 -56.1275
-401.083 -6237.06 295.265 10149 -56.1269
-401.789 -6236.59 295.254 10149 -56.2798
-402.494 -6236.12 295.242 10149 -55.6509
-403.195 -6235.64 295.231 10149 -56.0265
-403.904 -6235.16 295.22 10149 -57.6823
-404.638 -6234.7 295.209 10149 -58.864
-405.406 -6234.23 295.197 10149 -60.1772
-406.182 -6233.79 295.185 10149 -62.0484
-406.941 -6233.38 295.174 10149 -59.5836
-407.669 -6232.96 295.163 10149 -58.7754
-408.406 -6232.51 295.152 10149 -58.7332
-409.18 -6232.04 295.14 10149 -58.7137
-409.973 -6231.56 295.128 10149 -58.7236
-410.756 -6231.08 295.116 10149 -58.7236
-411.539 -6230.61 295.104 10149 -58.7233
-412.322 -6230.13 295.092 10149 -58.7027
-413.105 -6229.66 295.08 10149 -58.7233
-413.889 -6229.18 295.068 10149 -58.7444
-414.672 -6228.7 295.056 10149 -58.7027
-415.455 -6228.23 295.044 10149 -58.7231
-416.239 -6227.75 295.032 10149 -58.7259
-417.02 -6227.28 295.02 10149 -58.7281
-417.798 -6226.8 295.008 10149 -59.0482
-418.59 -6226.33 294.996 10149 -60.8442
-419.444 -6225.85 294.984 10149 -61.5398
-420.344 -6225.37 294.97 10149 -61.258
-421.287 -6224.85 294.957 10149 -61.4318
-422.271 -6224.31 294.942 10149 -59.5837
-423.289 -6223.71 294.927 10149 -57.0572
-424.276 -6223.08 294.912 10149 -57.8343
-425.243 -6222.47 294.897 10149 -58.5571
-426.186 -6221.89 294.883 10149 -58.1654
-427.104 -6221.32 294.869 10149 -57.846
-428.003 -6220.76 294.855 10149 -58.2998
-428.897 -6220.2 294.841 10149 -58.7689
-429.799 -6219.66 294.828 10149 -58.1121
-430.717 -6219.09 294.814 10149 -57.388
-431.659 -6218.48 294.799 10149 -58.0856
-432.626 -6217.88 294.785 10149 -58.068
-433.598 -6217.27 294.77 10149 -57.8204
-434.537 -6216.68 294.756 10149 -58.0842
-435.447 -6216.12 294.742 10149 -57.0337
-436.311 -6215.56 294.729 10149 -56.4433
-437.171 -6214.99 294.715 10149 -56.4707
-438.059 -6214.4 294.702 10149 -56.467
-438.966 -6213.8 294.688 10149 -56.4991
-439.871 -6213.2 294.674 10149 -56.4827
-440.778 -6212.6 294.66 10149 -56.7251
-441.697 -6211.99 294.646 10149 -56.2347
-442.627 -6211.37 294.632 10149 -56.4571
-443.572 -6210.75 294.617 10149 -56.4983
-444.522 -6210.12 294.603 10149 -56.4976
-445.471 -6209.49 294.588 10149 -56.4751
-446.416 -6208.86 294.574 10149 -56.2045
-447.349 -6208.24 294.559 10149 -56.4814
-448.263 -6207.63 294.545 10149 -56.7681
-449.158 -6207.05 294.532 10149 -56.489
-450.043 -6206.46 294.518 10149 -56.7724
-450.941 -6205.87 294.505 10149 -56.3212
-451.851 -6205.27 294.491 10149 -56.3171
-452.769 -6204.65 294.477 10149 -55.8561
-453.684 -6204.03 294.463 10149 -57.1799
-454.628 -6203.42 294.449 10149 -56.6975
-455.6 -6202.79 294.434 10149 -56.0975
-456.596 -6202.12 294.419 10149 -57.0739
-457.628 -6201.45 294.403 10149 -57.2649
-458.669 -6200.78 294.387 10149 -57.2479
-459.708 -6200.11 294.372 10149 -57.2771
-460.744 -6199.44 294.356 10149 -57.246
-461.779 -6198.78 294.341 10149 -57.2019
-462.813 -6198.11 294.325 10149 -57.3756
-463.855 -6197.45 294.31 10149 -57.5957
-464.911 -6196.78 294.294 10149 -57.4345
-465.979 -6196.09 294.278 10149 -57.0382
-467.055 -6195.4 294.262 10149 -56.642
-468.119 -6194.69 294.246 10149 -56.2506
-469.159 -6194 294.23 10149 -55.0239
-470.176 -6193.29 294.215 10149 -54.7646
-471.201 -6192.56 294.199 10149 -54.9741
-472.254 -6191.83 294.183 10149 -55.398
-473.328 -6191.09 294.167 10149 -55.575
-474.404 -6190.35 294.15 10149 -55.6426
-475.567 -6189.55 294.132 20149 -55.8033
-476.834 -6188.69 294.113 20149 -55.8087
-478.105 -6187.83 294.093 20149 -55.8026
-479.38 -6186.96 294.073 20149 -55.5102
-480.64 -6186.1 294.053 20149 -55.5273
-481.856 -6185.26 294.034 20149 -56.1107
-483.045 -6184.46 294.015 20149 -57.0119
-484.201 -6183.71 293.997 20149 -56.6102
-485.327 -6182.97 293.98 20149 -55.6821
-486.451 -6182.2 293.962 20149 -55.8749
-487.592 -6181.43 293.944 20149 -57.6071
-488.753 -6180.69 293.926 20149 -58.1161
-489.912 -6179.97 293.911 20149 -57.4285
-491.069 -6179.23 293.898 20149 -56.1805
-492.221 -6178.46 293.884 20149 -56.3801
-493.372 -6177.7 293.87 20149 -57.8597
-494.519 -6176.98 293.857 20149 -58.7451
-495.662 -6176.28 293.843 20149 -59.1823
-496.815 -6175.59 293.83 20149 -58.7801
-497.987 -6174.88 293.816 20149 -58.7834
-499.19 -6174.16 293.803 20149 -58.4987
-500.414 -6173.4 293.788 20149 -58.7717
-501.651 -6172.65 293.774 20149 -58.2488
-502.864 -6171.9 293.76 20149 -59.0499
-504.059 -6171.19 293.747 20149 -58.9691
-505.232 -6170.48 293.738 20149 -58.7849
-506.388 -6169.78 293.728 20149 -58.4477
-507.535 -6169.08 293.719 20149 -58.195
-508.671 -6168.37 293.71 20149 -58.1703
-509.792 -6167.68 293.701 20149 -57.9553
-510.883 -6166.99 293.692 20149 -57.8663
-511.936 -6166.33 293.683 20149 -58.921
-512.959 -6165.72 293.675 20149 -58.5374
-513.954 -6165.11 293.667 20149 -58.9868
-514.962 -6164.5 293.659 20149 -57.1061
-515.996 -6163.83 293.65 20149 -56.6627
-517.057 -6163.13 293.642 20149 -55.2466
-518.141 -6162.38 293.633 20149 -56.0069
-519.251 -6161.63 293.627 20149 -57.6626
-520.382 -6160.92 293.622 20149 -58.6506
-521.52 -6160.22 293.617 20149 -58.2207
-522.653 -6159.52 293.611 20149 -58.2205
-523.786 -6158.82 293.606 20149 -58.2205
-524.92 -6158.12 293.601 20149 -58.2348
-526.053 -6157.42 293.596 20149 -58.2205
-527.187 -6156.71 293.591 20149 -58.2205
-528.32 -6156.01 293.586 20149 -58.2205
-529.454 -6155.31 293.58 20149 -58.2348
-530.587 -6154.61 293.575 20149 -58.2205
-531.721 -6153.91 293.57 20149 -58.2206
-532.854 -6153.2 293.565 20149 -58.2202
-533.988 -6152.5 293.564 20149 -58.2347
-535.121 -6151.8 293.563 20149 -58.2203
-536.254 -6151.1 293.562 20149 -58.2203
-537.388 -6150.39 293.561 20149 -58.2203
-538.521 -6149.69 293.559 20149 -58.2348
-539.654 -6148.99 293.558 20149 -58.2055
-540.789 -6148.29 293.557 20149 -58.2331
-541.927 -6147.58 293.556 20149 -58.2339
-543.063 -6146.88 293.555 20149 0
