0 0 0 0 0
0 0 0 0 0
0 0 0 0 0
0 0 0 0 0
0 0 0 0 0
0 0 0 0 0
0 0 0 0 0
0 0 0 0 0
0 0 0 0 0
0 0 0 0 0
0 0 0 0 0
0 0 0 0 0
0 0 0 0 0
0 0 0 0 0
0 0 0 0 0
0 0 0 0 0
0 0 0 0 0
0 0 0 0 0
0 0 0 0 0
0 0 0 0 0
0 0 0 0 0
0 0 0 0 0
0 0 0 0 0
0 0 0 0 0
0 0 0 0 0
0 0 0 0 0
0 0 0 0 0
0 0 0 0 0
0 0 0 0 0
0 0 0 0 0
0 0 0 0 0
0 0 0 0 0
0 0 0 0 0
0 0 0 0 0
0 0 0 0 0
0 0 0 0 0
0 0 0 0 0
0 0 0 0 0
0 0 0 0 0
0 0 0 0 0
0 0 0 0 0
0 0 0 0 0
0 0 0 0 0
0 0 0 0 0
0 0 0 0 0
0 0 0 0 0
0 0 0 0 0
0 0 0 0 0
0 0 0 0 0
0 0 0 0 0
0 0 0 0 0
0 0 0 0 0
0 0 0 0 0
0 0 0 0 0
0 0 0 0 0
0 0 0 0 0
0 0 0 0 0
0 0 0 0 0
0 0 0 0 0
0 0 0 0 0
0 0 0 0 0
0 0 0 0 0
0 0 0 0 0
0 0 0 0 0
0 0 0 0 0
0 0 0 0 0
0 0 0 0 0
0 0 0 0 0
0 0 0 0 0
0 0 0 0 0
0 0 0 0 0
0 0 0 0 0
0 0 0 0 0
0 0 0 0 0
0 0 0 0 0
0 0 0 0 0
0 0 0 0 0
0 0 0 0 0
0 0 0 0 0
0 0 0 0 0
0 0 0 0 0
0 0 0 0 0
0 0 0 0 0
0 0 0 0 0
0 0 0 0 0
0 0 0 0 0
0 0 0 0 0
0 0 0 0 0
0 0 0 0 0
0 0 0 0 0
0 0 0 0 0
0 0 0 0 0
0 0 0 0 0
0 0 0 0 0
0 0 0 0 0
0 0 0 0 0
0 0 0 0 0
0 0 0 0 0
0 0 0 0 0
0 0 0 0 0
0 0 0 0 0
0 0 0 0 0
0 0 0 0 0
0 0 0 0 0
0 0 0 0 0
0 0 0 0 0
0 0 0 0 0
0 0 0 0 0
0 0 0 0 0
0 0 0 0 0
0 0 0 0 0
0 0 0 0 0
0 0 0 0 0
0 0 0 0 0
0 0 0 0 0
0 0 0 0 0
0 0 0 0 0
0 0 0 0 0
0 0 0 0 0
0 0 0 0 0
0 0 0 0 0
0 0 0 0 0
0 0 0 0 0
0 0 0 0 0
0 0 0 0 0
0 0 0 0 0
0 0 0 0 0
0 0 0 0 0
0 0 0 0 0
0 0 0 0 0
0 0 0 0 0
0 0 0 0 0
0 0 0 0 0
0 0 0 0 0
0 0 0 0 0
0 0 0 0 0
0 0 0 0 0
0 0 0 0 0
0 0 0 0 0
0 0 0 0 0
0 0 0 0 0
0 0 0 0 0
0 0 0 0 0
0 0 0 0 0
0 0 0 0 0
0 0 0 0 0
0 0 0 0 0
0 0 0 0 0
0 0 0 0 0
0 0 0 0 0
0 0 0 0 0
0 0 0 0 0
0 0 0 0 0
0 0 0 0 0
0 0 0 0 0
0 0 0 0 0
0 0 0 0 0
0 0 0 0 0
0 0 0 0 0
0 0 0 0 0
0 0 0 0 0
0 0 0 0 0
0 0 0 0 0
0 0 0 0 0
0 0 0 0 0
0 0 0 0 0
0 0 0 0 0
0 0 0 0 0
0 0 0 0 0
0 0 0 0 0
0 0 0 0 0
0 0 0 0 0
0 0 0 0 0
0 0 0 0 0
0 0 0 0 0
0 0 0 0 0
0 0 0 0 0
0 0 0 0 0
0 0 0 0 0
0 0 0 0 0
0 0 0 0 0
0 0 0 0 0
0 0 0 0 0
0 0 0 0 0
0 0 0 0 0
0 0 0 0 0
0 0 0 0 0
0 0 0 0 0
0 0 0 0 0
0 0 0 0 0
0 0 0 0 0
0 0 0 0 0
0 0 0 0 0
0 0 0 0 0
0 0 0 0 0
0 0 0 0 0
0 0 0 0 0
0 0 0 0 0
0 0 0 0 0
-358.637 -6264.07 295.934 10149 -58.2344
-359.48 -6263.55 295.921 10149 -58.1959
-360.323 -6263.03 295.908 10149 -58.2344
-361.166 -6262.51 295.894 10149 -58.1959
-362.008 -6261.98 295.881 10149 -57.636
-362.841 -6261.46 295.868 10149 -57.0882
-363.67 -6260.92 295.854 10149 -56.9181
-364.501 -6260.38 295.841 10149 -57.1335
-365.338 -6259.84 295.828 10149 -57.346
-366.18 -6259.3 295.814 10149 -57.2696
-367.02 -6258.76 295.801 10149 -57.2692
-367.861 -6258.22 295.788 10149 -57.2882
-368.701 -6257.68 295.774 10149 -57.25
-369.541 -6257.14 295.761 10149 -57.2691
-370.381 -6256.6 295.748 10149 -57.291
-371.226 -6256.05 295.734 10149 -57.2663
-372.062 -6255.52 295.721 10149 -57.254
-372.882 -6254.99 295.708 10149 -56.6566
-373.69 -6254.46 295.695 10149 -56.0586
-374.498 -6253.91 295.682 10149 -56.0944
-375.324 -6253.36 295.668 10149 -56.1096
-376.156 -6252.8 295.655 10149 -56.1288
-376.988 -6252.24 295.642 10149 -56.1078
-377.823 -6251.68 295.628 10149 -55.8224
-378.648 -6251.12 295.615 10149 -55.952
-379.439 -6250.59 295.602 10149 -56.8918
-380.206 -6250.09 295.59 10149 -57.8269
-380.949 -6249.62 295.579 10149 -58.304
-381.659 -6249.18 295.567 10149 -57.2706
-382.357 -6248.73 295.556 10149 -56.9183
-383.064 -6248.27 295.545 10149 -57.3397
-383.791 -6247.8 295.534 10149 -57.0964
-384.537 -6247.32 295.522 10149 -56.8047
-385.301 -6246.82 295.51 10149 -57.0442
-386.076 -6246.32 295.498 10149 -56.799
-386.836 -6245.82 295.486 10149 -57.3511
-387.579 -6245.35 295.474 10149 -57.3676
-388.314 -6244.88 295.462 10149 -57.9344
-389.082 -6244.39 295.45 10149 -56.247
-389.863 -6243.87 295.438 10149 -56.5357
-390.65 -6243.35 295.425 10149 -55.8014
-391.411 -6242.84 295.413 10149 -56.4289
-392.145 -6242.35 295.401 10149 -56.969
-392.866 -6241.88 295.39 10149 -56.1292
-393.573 -6241.4 295.379 10149 -56.1394
-394.275 -6240.93 295.368 10149 -56.1245
-394.98 -6240.46 295.357 10149 -56.1275
-395.686 -6239.99 295.345 10149 -56.1269
-396.391 -6239.51 295.334 10149 -56.1269
-397.097 -6239.04 295.323 10149 -56.1269
-397.803 -6238.57 295.312 10149 -56.1269
-398.509 -6238.09 295.301 10149 -56.1269
-399.214 -6237.62 295.29 10149 -56.1269
-399.92 -6237.14 295.278 10149 -56.1493
-400.626 -6236.67 295.267 10149 -56.1269
-401.332 -6236.2 295.256 10149 -56.1044
-402.037 -6235.72 295.245 10149 -56.1493
-402.743 -6235.25 295.234 10149 -56.1269
-403.449 -6234.78 295.222 10149 -56.1269
-404.155 -6234.3 295.211 10149 -56.1548
-404.871 -6233.82 295.2 10149 -56.1029
-405.564 -6233.36 295.189 10149 -55.9971
-406.218 -6232.91 295.179 10149 -55.1902
-406.846 -6232.48 295.169 10149 -53.1394
-407.478 -6232 295.159 10149 -53.4271
-408.149 -6231.51 295.148 10149 -53.5904
-408.844 -6230.99 295.136 10149 -53.5062
-409.528 -6230.49 295.125 10149 -53.5062
-410.212 -6229.98 295.114 10149 -53.5047
-410.895 -6229.48 295.103 10149 -53.5286
-411.579 -6228.97 295.092 10149 -53.5091
-412.264 -6228.46 295.081 10149 -53.2424
-412.946 -6227.95 295.07 10149 -53.4779
-413.629 -6227.45 295.059 10149 -54.8494
-414.318 -6226.96 295.048 10149 -56.6062
-415.015 -6226.5 295.037 10149 -58.026
-415.717 -6226.07 295.026 10149 -58.2799
-416.421 -6225.63 295.016 10149 -58.0027
-417.125 -6225.19 295.005 10149 -57.4498
-417.824 -6224.75 294.994 10149 -58.542
-418.522 -6224.32 294.983 10149 -60.9144
-419.224 -6223.93 294.973 10149 -61.8713
-419.928 -6223.55 294.963 10149 -60.8965
-420.634 -6223.16 294.952 10149 -58.5462
-421.334 -6222.73 294.942 10149 -56.7968
-422.018 -6222.28 294.931 10149 -57.5788
-422.684 -6221.86 294.921 10149 -58.5323
-423.32 -6221.47 294.911 10149 -58.8205
-423.936 -6221.1 294.902 10149 -58.4752
-424.549 -6220.72 294.893 10149 -57.6849
-425.173 -6220.33 294.883 10149 -58.0698
-425.813 -6219.93 294.873 10149 -58.0948
-426.454 -6219.53 294.863 10149 -58.0696
-427.096 -6219.13 294.854 10149 -58.5158
-427.749 -6218.73 294.844 10149 -58.039
-428.418 -6218.31 294.834 10149 -58.0582
-429.111 -6217.88 294.823 10149 -57.7359
-429.821 -6217.43 294.812 10149 -58.0753
-430.542 -6216.98 294.801 10149 -58.0754
-431.263 -6216.53 294.79 10149 -58.0754
-431.983 -6216.08 294.779 10149 0
